[{"mapping": [11, 9, 10, 6, 7, 1, 2, 0, 8, 4, 3, 12], "R": [[-0.8376950250256561, 0.24400097913088334, -0.48860062139792215], [-0.3579149831722407, -0.9210187632189921, 0.15369223343868949], [-0.4125092845840928, 0.30362470252225565, 0.8588644422434728]], "T": [-0.021407323747473235, -0.0886186483321273, -0.10606643379929594], "aligned_model": [[-0.24172243743748695, 0.19556880753816527, 0.4576090717635952, 0.004379531441653255, 0.061983937941574106, -0.6030224471488743, 0.44183968412211705, -0.10733044681043713, 0.4948111435134467, -0.14329145614487976, -0.6006596231916946, -0.12252330312663004], [-0.3929594921150417, -0.7073180299566659, -0.2562644655106722, 0.6711066516402243, 0.2637899953289785, -0.4860749006383567, -0.2802310970351418, -0.42665134869747023, 0.29467874406642885, 0.09326155625288275, 0.31720804889662485, -0.03699062625473329], [-0.5705277478831726, -0.078037594184426, -0.6041631254765237, 0.2720886574099926, -0.7252829201214265, 0.2287906626590991, 0.4483062504636298, 0.706147905179825, -0.09385912093911254, 0.5000493438450516, 0.12054329885940822, -0.022103864458782346]], "inverted": true, "swapped": true, "error_lsq": 0.06520683537298978, "error_max": 0.40251607240062653, "target": "861.xyz", "model": "0.xyz", "model_rescale": 3.751011558992144, "target_rescale": 4.1215874436348665},
{"mapping": [10, 4, 11, 5, 9, 2, 13, 3, 12, 6, 7, 1, 14], "R": [[-0.6419524753590092, -0.5813427588657224, -0.49993761220259403], [0.4205330115135777, -0.8121594058796594, 0.4044120246339372], [-0.6411310362225198, 0.04937303065024057, 0.7658415620979634]], "T": [-0.10536928039743686, 0.02927748056218549, -0.0973629486016715], "aligned_model": [[0.018840354810022178, -0.6208338503032387, 0.553009585647745, -0.15492359813781076, 0.353197525679106, -0.42787901844597576, 0.23231519372230597, 0.09662769220362653, 0.5568792459654905, 0.04275635942094265, 0.07711450213966912, -0.5298617632207783, -0.050745859270053956], [-0.4652900547544095, -0.4943895543420549, -0.42102877511463244, 0.39099817598054387, 0.132761168686358, 0.7906661848314954, 0.6528738341447787, 0.5901171302598026, 0.1653423181071612, -0.6451743620924826, -0.15730915375977206, -0.2984319218956309, 0.03312785538371611], [-0.7395690429836537, -0.3900113445245539, -0.11955605045924661, -0.6041060344893485, -0.5590958064223719, -0.09378358230683809, -0.25420357483589995, 0.38019542468879297, 0.21067658358730168, 0.1974238422120615, 0.5121960073661648, 0.34771932357174623, -0.09965836173263334]], "inverted": true, "swapped": false, "error_lsq": 0.050712588751959546, "error_max": 0.28848676058405653, "target": "861.xyz", "model": "1.xyz", "model_rescale": 3.9405287249114394, "target_rescale": 4.1215874436348665},
{"mapping": [5, 0, 9, 1, 2, 7, 4, 3, 8, 11, 10, 6, 12], "R": [[-0.22682215522744018, -0.8248225701737404, -0.5178990612368055], [0.910579764247101, 0.009061181310009422, -0.4132340595073949], [0.3455375563403682, -0.5653190450756569, 0.7490114648208495]], "T": [-0.027354458219837154, 0.06037377457101778, -0.10986743003630282], "aligned_model": [[0.07201469312090761, -0.6166252759815035, 0.6029619585000187, -0.2780901185154281, 0.18383655711375071, -0.518158485056863, 0.26081569100177165, -0.027783146345459066, 0.6999817083685518, -0.11910232551507594, 0.3916912103849459, -0.523858456484631, 0.01881235962006466], [-0.564917135603519, -0.3098700581754853, -0.3885048589663934, 0.49330123711837237, -0.08672567614109697, 0.6186611649953871, 0.6988274874302627, 0.33141785409941393, 0.2015793619510009, -0.5914429825338579, -0.12968400315516881, -0.07091009097196499, 0.07253054538792301], [-0.4665372069892546, -0.5774242671412214, 0.11726753921565282, -0.72381512584329, -0.7406841499828918, 0.16642308751695795, -0.14196950966754718, 0.39345612568902444, 0.11758114211780778, 0.16277066899103665, 0.5970737896288998, 0.0679077643654734, -0.18382247422912665]], "inverted": false, "swapped": false, "error_lsq": 0.0620259351869047, "error_max": 0.36388813188655117, "target": "861.xyz", "model": "2.xyz", "model_rescale": 3.932901565614263, "target_rescale": 4.1215874436348665},
{"mapping": [4, 7, 2, 9, 5, 8, 12, 11, 10, 0, 1, 3, 13], "R": [[-0.7637655040854906, 0.6215738867477937, 0.17409238375723943], [-0.3637715432869029, -0.1916773034099149, -0.9115536603251444], [-0.5332283929646862, -0.7595430959930745, 0.3725074043097046]], "T": [-0.0250345820840494, 0.011755885268403026, -0.04399098293167207], "aligned_model": [[0.10454965879856065, -0.49762623697211844, 0.5088491625439798, -0.2394695713174, 0.21741549772184907, -0.6252778920607698, 0.4223584778784035, -0.12352367241707352, 0.5110328379355363, -0.11553335591547478, 0.34683559984254614, -0.4197634155042022, 0.05664927967721365], [-0.6852609182847857, -0.12359230861931685, -0.6277282178459402, 0.4992508413650358, 0.10324445453417928, 0.42627792897652933, 0.5286025487189452, 0.6657629251143802, 0.42241953923885084, -0.6270311201165399, -0.276115447124513, -0.10302276889003781, 0.07145538836808672], [-0.5544828091318069, -0.5617559310390452, -0.05909337559963075, -0.5501127494678291, -0.7145485763943675, 0.037655631450909624, -0.3843419584510767, 0.5562451283484677, 0.19503312631762088, 0.13687212228703327, 0.5283823958101782, 0.25882989927026806, -0.10045551972920018]], "inverted": true, "swapped": false, "error_lsq": 0.04968400675758629, "error_max": 0.3069969351583193, "target": "861.xyz", "model": "3.xyz", "model_rescale": 3.9243930471874484, "target_rescale": 4.1215874436348665},
{"mapping": [2, 7, 3, 1, 0, 9, 5, 11, 6, 4, 10, 8, 12], "R": [[0.0129234087946275, 0.9552343391621623, -0.2955678311158956], [0.9989283013948225, -0.025472008502349375, -0.038644863246121625], [-0.04444360671212619, -0.29475164811801113, -0.9545398010319603]], "T": [-0.024965026811055196, 0.04771239118448385, 0.014674668508134245], "aligned_model": [[0.10787374608744818, -0.5051387696284969, 0.5160507139642033, -0.29882317395202806, 0.35462534441079974, -0.5224758804927898, 0.3777425473587108, 0.0790491605569677, 0.6476724053518171, -0.13552927125684391, 0.0671305353297845, -0.5706506121761571, 0.02896962465763446], [-0.5673817249458852, -0.3612670853390895, -0.34450025308589705, 0.3142789995209712, 0.010763726518734938, 0.516641433839115, 0.5404845464289418, 0.6519773622271314, 0.2623525093114407, -0.534709092904996, -0.18711891534189146, -0.13287595706114558, 0.10561729626744322], [-0.6600308813654369, -0.48038868441083293, -0.06547881097035188, -0.5887358538951297, -0.745501823903769, 0.18867436736062543, -0.39596545678032, 0.5148536114720663, 0.16634872456418537, -0.015788951782569803, 0.673082129301214, 0.27148483053232064, -0.07432581645048024]], "inverted": true, "swapped": false, "error_lsq": 0.04239223221753045, "error_max": 0.24092217890499415, "target": "861.xyz", "model": "4.xyz", "model_rescale": 3.8936222436046832, "target_rescale": 4.1215874436348665},
{"mapping": [10, 8, 9, 11, 0, 4, 6, 3, 5, 7, 1, 12], "R": [[0.7875928854308558, -0.4351888593847134, -0.4362431701312142], [0.6037448232595449, 0.40339803624905457, 0.6875770594905767], [-0.1232462381008052, -0.8049103558892997, 0.5804564443402805]], "T": [-0.09790791951391588, -0.07999518717226377, -0.1246638967972808], "aligned_model": [[0.042859989861032635, -0.37354157554626677, -0.27326120602554593, 0.3943847741789706, -0.7434626501164157, -0.5251994225300484, -0.3872599375428698, 0.05488606879217682, 0.6335395565904665, 0.3892764532773162, -0.07551000552887883, -0.1091640031948399], [-0.586339342240862, -0.6427543791942871, 0.06991923207284885, 0.014942385829100804, 0.5236250526974935, 0.20415843415352963, -0.2898610641056763, 0.26009932990851997, 0.005793338774090356, -0.5991174742981429, 0.6992219371912887, 0.009235454321904424], [-0.6036859565855037, 0.01981999470959933, -0.7390172755886701, -0.4495041217763837, -0.14024330156063253, 0.2651965620815571, 0.6454532953804242, 0.5176523976556711, 0.3071550049856069, -0.036695439362316784, -0.15104392452286197, -0.01580251614097189]], "inverted": true, "swapped": true, "error_lsq": 0.049551778160327076, "error_max": 0.2775099290699149, "target": "861.xyz", "model": "5.xyz", "model_rescale": 3.6523030999806103, "target_rescale": 4.1215874436348665},
{"mapping": [11, 7, 10, 3, 4, 0, 2, 1, 6, 9, 8, 5, 12], "R": [[0.13706159643873625, -0.986830643553748, 0.08590343255633309], [-0.12365499559902554, -0.10308887254539542, -0.9869559901134013], [0.9828141028928461, 0.12465137504502186, -0.13615606433176367]], "T": [0.05785990603311126, -0.011741064991664076, -0.03488162731423466], "aligned_model": [[-0.058386371481642184, -0.512085745124157, 0.7421037555552691, -0.3403403711398741, 0.29604910846360927, -0.687373195501579, 0.4742794274377503, 0.03277578094379545, 0.5748549289820742, 0.11141134196351044, 0.04797331865904949, -0.49145194812823473, -0.04331366041852044], [-0.5241404639284454, -0.26609696532118277, -0.3474126433085471, 0.330383800302542, 0.06662280373921561, 0.6433109231701958, 0.5624939985901127, 0.644342179380679, 0.0903360673502298, -0.7293789622254162, -0.25297572595588447, 0.04480860384795829, 0.011969229793416386], [-0.7409288368364922, -0.3128799913231996, -0.20163889872494267, -0.4898847248363928, -0.5508822182537897, -0.0868262871059535, -0.3051787012079082, 0.19161435303819127, 0.34580310756617283, 0.03433518671496414, 0.5939356723889967, 0.3638189518409723, -0.053060229589096966]], "inverted": true, "swapped": false, "error_lsq": 0.05459544570176886, "error_max": 0.3720658273174749, "target": "861.xyz", "model": "6.xyz", "model_rescale": 4.08911054899281, "target_rescale": 4.1215874436348665},
{"mapping": [12, 13, 10, 1, 11, 0, 9, 3, 8, 5, 4, 6, 14], "R": [[0.829674184763952, -0.1089822795957297, -0.5475067213015652], [0.21765704850907597, 0.9662931539327452, 0.1374879991018339], [0.5140682409666926, -0.23323894056702094, 0.8254292460487359]], "T": [-0.06388558399591901, -0.058972173018423, -0.11012007106896937], "aligned_model": [[0.05586860211190378, -0.41420516818471453, 0.5650777002125613, -0.3254515140749552, 0.2578072869060437, -0.5352609410816455, 0.2725374397169187, -0.04184315913584455, 0.5318141918087944, 0.02935587469463742, 0.15965363716252512, -0.4113230675304428, 0.0024654876052687125], [-0.6438458341089557, -0.31579377709855266, -0.4026478838319775, 0.45007933747712, -0.05072424370001474, 0.7116661906386328, 0.6322358883578727, 0.48144881978594406, 0.1557055121796463, -0.7207277069020896, -0.1626090686809065, 0.06859292262113859, 0.07088268869701633], [-0.49945752557778833, -0.699368214861652, -0.18473301509655488, -0.5688093806669694, -0.6010138797791307, 0.15175388390969569, -0.2637699097025486, 0.46773001183178076, 0.1432654886403334, 0.25578548141545077, 0.5502882118618058, 0.22477888065101204, -0.1882226489539131]], "inverted": true, "swapped": false, "error_lsq": 0.04216055824607539, "error_max": 0.24794981358758666, "target": "861.xyz", "model": "7.xyz", "model_rescale": 3.964800864290218, "target_rescale": 4.1215874436348665},
{"mapping": [4, 2, 11, 0, 6, 1, 3, 5, 10, 12, 8, 7, 13], "R": [[-0.6925484552411744, 0.34218496731820036, 0.635048096827717], [-0.6521615931724859, -0.6732580497513435, -0.34843773451757853], [0.30832108837020566, -0.6554639933562024, 0.6894237157798911]], "T": [0.010537231488505298, 0.022622293665161816, -0.11914491239885967], "aligned_model": [[0.037991314235764795, -0.5022314542680392, 0.6182648579452581, -0.28128964221097363, 0.3424231677028969, -0.6230744617214056, 0.27315692130022623, 0.24991603585233335, 0.7014097811570901, -0.08490871302046946, -0.04509773061523156, -0.5699338502758788, 0.029870144129479255], [-0.48822963701664684, -0.15163056476820153, -0.5291081084023822, 0.4660354333826231, -0.002104563379155891, 0.36207965925310864, 0.6228111706953494, 0.6226512828777937, 0.20904299221002026, -0.6761404301284726, 0.04354414425663562, -0.23495753120026713, 0.030268997654469196], [-0.6022287283904715, -0.5003442618072766, -0.2348774487458521, -0.6001659471108927, -0.594272401671313, 0.09631926176509646, -0.4302187076868021, 0.4116410360720771, 0.2846823480426656, 0.15158680868653557, 0.6473566261298144, 0.2026611192712962, -0.043912320883356434]], "inverted": false, "swapped": false, "error_lsq": 0.05307405421497479, "error_max": 0.3522926084695689, "target": "861.xyz", "model": "8.xyz", "model_rescale": 4.121658175737393, "target_rescale": 4.1215874436348665},
{"mapping": [3, 2, 10, 8, 11, 6, 7, 9, 5, 0, 4, 1, 12], "R": [[0.3944462167122128, -0.5107059869465674, -0.763931657295569], [-0.434002063527232, 0.629236700758181, -0.6447506365045825], [0.8099718457918934, 0.5858673649520787, 0.026552583840017317]], "T": [0.037646665242226506, 0.057132762933030073, -0.13644443182954738], "aligned_model": [[0.05532652968712728, -0.49293962307302797, 0.6282295310481482, -0.36832661785711995, 0.29449384489458663, -0.4543649633176341, 0.3975428239173302, 0.09004651815124978, 0.5455411562522443, 0.03779712293372935, -0.07423506532943033, -0.4853613032584465, -0.02725358383770645], [-0.5237282785581476, -0.3069725315016544, -0.38784070195312115, 0.4369796791287007, 0.12168380970935314, 0.516054223453518, 0.6063322245262841, 0.6828162464522396, -0.0235273951985418, -0.6257152350443449, -0.037536173491204014, -0.20994772958664362, 0.02566470749843581], [-0.6702719923217128, -0.3976952233601363, -0.3087561399606054, -0.6070348603270644, -0.7134147631449568, 0.029379874379129922, -0.29157539801550747, 0.4103318029331998, 0.2059807879887968, 0.25412288905515257, 0.7391400521349185, 0.22419720624595038, -0.08617685193564374]], "inverted": true, "swapped": false, "error_lsq": 0.04660128131546631, "error_max": 0.2652315865815416, "target": "861.xyz", "model": "9.xyz", "model_rescale": 3.833441315466971, "target_rescale": 4.1215874436348665},
{"mapping": [1, 0, 6, 10, 12, 8, 11, 9, 7, 5, 3, 2, 14], "R": [[-0.16269586666928026, -0.5432369317255372, 0.8236647928484959], [-0.6231578855790936, -0.5906507258233105, -0.5126460472148304], [0.7649864734812801, -0.5966786036836085, -0.24242594600589729]], "T": [0.04503883476295433, -0.0444077465359522, -0.13331336186610182], "aligned_model": [[0.06425990667939091, -0.41130006115370776, 0.593017443302262, -0.37492393644991157, 0.34957216385961953, -0.3163089893254908, 0.29764932442213266, -0.14614680855335355, 0.4524329013228883, -0.27704291847211726, 0.26840160946255354, -0.39716119390957105, 0.044046929026355694], [-0.6042833842457627, -0.2996410966886846, -0.4294740305360097, 0.45412108267203166, -0.024061119135343867, 0.6349477817258633, 0.5607137019201944, 0.4066552680461113, 0.37799575277263214, -0.6107052371318604, -0.07689982216062594, -0.10185391486129111, -0.013252136942380845], [-0.6147474213251738, -0.5697004729808102, -0.2458876464724302, -0.6341670538397131, -0.6527991879802468, -0.008962332021568958, -0.3213374405795896, 0.5131387502029867, 0.1821534907276992, 0.048361341504539246, 0.705361298325637, 0.4304324383970924, -0.043618380286900904]], "inverted": true, "swapped": false, "error_lsq": 0.046479067912537725, "error_max": 0.2809665140956204, "target": "861.xyz", "model": "10.xyz", "model_rescale": 4.2482417240324, "target_rescale": 4.1215874436348665},
{"mapping": [10, 9, 1, 0, 7, 5, 11, 4, 2, 6, 8, 12], "R": [[0.19584173412938105, 0.17044950945437737, 0.9657085377586546], [0.1760118568877856, -0.9748955143557491, 0.13637654609188907], [0.9647102370184067, 0.143267933662078, -0.22092636279106193]], "T": [-0.06035898437826117, 0.06761829159790433, 0.005673762950800729], "aligned_model": [[-0.7305230314359203, -0.11820983878725638, 0.5845780731836404, 0.6673749677897088, -0.6332476297471398, -0.06454618580793293, -0.2772287353103091, 0.4828937368009617, 0.12310836588340715, 0.16722295330662976, -0.3875332948266276, 0.06287622131384529], [-0.16709478739625705, -0.5670134216773423, -0.09389544901820379, -0.387112656919288, 0.48726223087240467, 0.782914169023315, 0.0235200537390896, 0.12594224528732803, -0.4451547496304612, 0.6110837635809561, 0.15929054346165977, 0.1363894487274387], [0.04377969458956142, 0.16235512549880704, 0.41352962314000535, -0.20637359345599482, 0.10702747932996157, 0.47169620930172207, 0.5605694895010062, -0.3360677823973897, -0.5062302646093957, -0.6056367217686741, -0.5403121198968025, 0.0008551506215495504]], "inverted": true, "swapped": true, "error_lsq": 0.05097006709175605, "error_max": 0.2880224938943532, "target": "861.xyz", "model": "11.xyz", "model_rescale": 3.6694154284099745, "target_rescale": 4.1215874436348665},
{"mapping": [3, 4, 2, 11, 8, 6, 9, 5, 10, 1, 12, 0, 13], "R": [[0.4420136500059668, -0.7780225085961042, -0.44643578410139567], [0.11172547999163138, 0.5415700551331111, -0.833198231217373], [0.8900232302187638, 0.3184067390947377, 0.32630629502051195]], "T": [0.01857748079512498, 0.1309452666308643, -0.02557550454960389], "aligned_model": [[-0.01580084213306101, -0.5087932790619655, 0.44479925312096746, -0.18653947932768775, 0.39146003953149, -0.44854891083852133, 0.47215495451349054, -0.2548402688707053, 0.6269861289108595, -0.051207927670641494, 0.286874646669487, -0.5439027505076983, -0.06614519412496306], [-0.5295598545147189, -0.2191407985362529, -0.3555550561241251, 0.45915397748307113, -0.01879656244385644, 0.4496665775284368, 0.6286027467382974, 0.5034256982546149, 0.2531348775659942, -0.7075811810213755, -0.09017880715510063, -0.14921832734392232, 0.05030955500381143], [-0.5767560706587737, -0.4089793104434059, -0.11482801234084722, -0.6542524674628186, -0.666772692103221, -0.01754470927564348, -0.46294351288866176, 0.6309851207560413, 0.11020889509169629, 0.06649450932322942, 0.5582817340306617, 0.31480988648548697, 0.009524013157777109]], "inverted": true, "swapped": false, "error_lsq": 0.04524446792932516, "error_max": 0.22578559835440476, "target": "861.xyz", "model": "12.xyz", "model_rescale": 3.9764082729961374, "target_rescale": 4.1215874436348665},
{"mapping": [2, 0, 8, 9, 1, 5, 12, 6, 13, 3, 14, 4, 15], "R": [[-0.2557992610221918, -0.47586912627669475, 0.8414958780155468], [0.9077909020381658, -0.41752670496958105, 0.03983878529747292], [0.33238895324188245, 0.7740930340042467, 0.538792685983084]], "T": [0.06856675742166154, 0.03257012853256238, -0.09495991141431001], "aligned_model": [[-0.028052663475135214, -0.5296542878174596, 0.44498448757169173, -0.19349528993069467, 0.33214977979757154, -0.53946261570163, 0.3968145213902764, -0.11929586370506284, 0.43477705449762205, 0.18405048823012535, 0.3405971707527513, -0.5959663678301279, 0.01904995643112195], [-0.47705984347539887, -0.09947830446982536, -0.5442045591290371, 0.34015963606974486, 0.01472836411135416, 0.6094134041536213, 0.5165378749777522, 0.3703286487140823, 0.39484473828484024, -0.6938979237324339, -0.07697489789265038, -0.05210096461531596, -0.02803332756185955], [-0.7009314396587085, -0.48457860433969924, -0.2539991793644377, -0.5401691933347874, -0.6724789500775512, -0.11435121422723513, -0.35038536198382, 0.564043596412028, 0.23538486549501328, 0.3141258060954468, 0.6485502640261376, 0.16405795130457826, -0.021041156675443637]], "inverted": false, "swapped": false, "error_lsq": 0.04964396382008189, "error_max": 0.2602526168967159, "target": "861.xyz", "model": "13.xyz", "model_rescale": 4.170626492500431, "target_rescale": 4.1215874436348665},
{"mapping": [9, 11, 1, 12, 10, 5, 8, 4, 0, 3, 2, 6, 13], "R": [[-0.6814025208367434, 0.6561907042408892, 0.324198032481965], [-0.6671431816303843, -0.7390245304215652, 0.09360939396915798], [0.3010159128707641, -0.1525008298437447, 0.9413463321729945]], "T": [0.11704228285711048, 0.023813045230029684, -0.057585437999410155], "aligned_model": [[0.10689177618715943, -0.4472643402187675, 0.6117246974295661, -0.2101090905392632, 0.16245064031868317, -0.7400804890260707, 0.43163329447026316, 0.07158379378306973, 0.66054628070429, -0.08098983734704128, 0.185242305127651, -0.6225255309148979, 0.01739287023640819], [-0.49995580942418927, -0.26888279623527545, -0.547042838390383, 0.5812523407198119, 0.13412048728020592, 0.3181145203168603, 0.6551244675810635, 0.6471715119040516, -0.038288154662771426, -0.5987565930905168, -0.010965931603867916, -0.10753317698151775, 0.009904818021402131], [-0.6755414174772606, -0.366691941769165, -0.1998082868812583, -0.40100869276660633, -0.6090368449935516, -0.1347023883879878, -0.2900390381570574, 0.27770679034765144, 0.1803331443431421, 0.16301358565834714, 0.59592152215406, 0.32093389542139916, -0.0728529438201921]], "inverted": true, "swapped": false, "error_lsq": 0.05424032374760384, "error_max": 0.3823893284805749, "target": "861.xyz", "model": "14.xyz", "model_rescale": 3.9786697098870705, "target_rescale": 4.1215874436348665},
{"mapping": [9, 10, 1, 0, 11, 3, 8, 6, 4, 2, 7, 12], "R": [[-0.2802386269589353, -0.1708232903483181, -0.9446087631579253], [-0.6199489316283864, 0.7835048026176503, 0.042232054743993275], [0.7328912839794136, 0.5974442465616784, -0.3254700264499874]], "T": [-0.04409304093677211, 0.06608810544421309, -0.08772754672568762], "aligned_model": [[-0.09559939515370092, -0.7111646369259601, 0.631657959387619, 0.6573419369767057, -0.21285908487138872, 0.4588578599808195, -0.41599243672558633, 0.13628457082027837, 0.46834584947609736, 0.08863311554858513, -0.6012105647262783, 0.07905942298014557], [-0.4036185816770995, -0.08312048671727978, 0.0938441465948039, -0.4717588968386971, 0.31407981105735505, 0.5457877277026325, -0.1074451729423502, 0.22264411384417107, -0.08129600271570647, -0.6417641532319356, 0.5105034724288045, 0.11681851271974059], [-0.5431129941976366, -0.2837235244785512, -0.47627237947387707, -0.0806144650253623, -0.604355601671415, 0.17401501611417125, 0.4073729038420121, 0.7270134549041711, 0.2742072467301202, 0.11220029307326261, -0.0059347728341210965, -0.04082868310894404]], "inverted": false, "swapped": true, "error_lsq": 0.05617001489095228, "error_max": 0.2917576287005035, "target": "861.xyz", "model": "15.xyz", "model_rescale": 3.769337070930944, "target_rescale": 4.1215874436348665},
{"mapping": [11, 10, 1, 9, 5, 7, 3, 8, 4, 2, 12], "R": [[-0.03386804015861451, -0.9479184507924283, 0.31670738308902213], [0.4689780515810397, 0.264760893218635, 0.8425919870004235], [-0.8825602206031415, 0.17706575069547664, 0.4355860155463914]], "T": [-0.028451517939899404, 0.03351719440441732, 0.012432627642060545], "aligned_model": [[-0.2330096964169447, -0.35542236039140085, -0.19220508132204078, -0.6838789048727725, 0.5475008741462776, 0.27195275328079266, 0.5572923076638632, 0.14483416530004972, 0.18388036104815764, -0.37409137166123774, 0.0557730839164262], [-0.0011756742722049823, -0.5777595183970776, 0.780511467091435, 0.0646798140058004, 0.12791577447835142, -0.5057344302381658, 0.4859771874230562, -0.44917278072429173, 0.44247373485654945, 0.08331289075065455, 0.14503603265123516], [-0.547780516863137, -0.14597504268621497, -0.1410640380140091, 0.022282186939326543, -0.6106326944155337, -0.352998584406084, -0.04892396137090929, 0.40041442533664673, 0.46296809533177563, 0.6732621623935425, 0.032665574978373406]], "inverted": true, "swapped": true, "error_lsq": 0.044755153295430276, "error_max": 0.26501261162019396, "target": "861.xyz", "model": "16.xyz", "model_rescale": 3.7852294659196426, "target_rescale": 4.1215874436348665},
{"mapping": [7, 2, 6, 1, 5, 3, 4, 0, 10, 11, 9, 8, 12], "R": [[0.5410500257933881, -0.8269288676617224, 0.15314541265305906], [0.5103844354309646, 0.4675971589265377, 0.7217067444839667], [-0.6684105008591573, -0.3123164177425387, 0.6750450781612133]], "T": [-0.04935138336488335, 0.05214673428824507, -0.10174489813321991], "aligned_model": [[0.04196190322072626, -0.533871843841278, 0.6482408269210673, -0.27108921630735533, 0.3365139788004537, -0.6766094766363672, 0.352936433929743, -0.04033119856255316, 0.6878848522065146, -0.10164150964929736, 0.12086150587239572, -0.4184944265429869, 0.00013454079998784924], [-0.4534033745683575, -0.21796694936840072, -0.4425219777676654, 0.3081780380383362, 0.19482950164300133, 0.5408457120826378, 0.62004745500985, 0.5913722150910745, -0.04450119245552722, -0.6524010362639339, -0.0715281003937337, -0.1098957175538734, 0.011208271941465675], [-0.5787228602073947, -0.3593600031085472, -0.3385173825212783, -0.7013568219548485, -0.6145397506243351, -0.11644063529384327, -0.23380537121203698, 0.3164675752075576, 0.2087337428322813, 0.09525829000440278, 0.7367024127430952, 0.40980330949405047, -0.03599512168758212]], "inverted": true, "swapped": false, "error_lsq": 0.051133549637017175, "error_max": 0.2919606588100564, "target": "861.xyz", "model": "17.xyz", "model_rescale": 3.901054581598922, "target_rescale": 4.1215874436348665},
{"mapping": [10, 4, 11, 5, 9, 2, 13, 3, 12, 6, 7, 1, 14], "R": [[-0.6419524753590092, -0.5813427588657224, -0.49993761220259403], [0.4205330115135777, -0.8121594058796594, 0.4044120246339372], [-0.6411310362225198, 0.04937303065024057, 0.7658415620979634]], "T": [-0.10536928039743686, 0.02927748056218549, -0.0973629486016715], "aligned_model": [[0.018840354810022178, -0.6208338503032387, 0.553009585647745, -0.15492359813781076, 0.353197525679106, -0.42787901844597576, 0.23231519372230597, 0.09662769220362653, 0.5568792459654905, 0.04275635942094265, 0.07711450213966912, -0.5298617632207783, -0.050745859270053956], [-0.4652900547544095, -0.4943895543420549, -0.42102877511463244, 0.39099817598054387, 0.132761168686358, 0.7906661848314954, 0.6528738341447787, 0.5901171302598026, 0.1653423181071612, -0.6451743620924826, -0.15730915375977206, -0.2984319218956309, 0.03312785538371611], [-0.7395690429836537, -0.3900113445245539, -0.11955605045924661, -0.6041060344893485, -0.5590958064223719, -0.09378358230683809, -0.25420357483589995, 0.38019542468879297, 0.21067658358730168, 0.1974238422120615, 0.5121960073661648, 0.34771932357174623, -0.09965836173263334]], "inverted": true, "swapped": false, "error_lsq": 0.050712588751959546, "error_max": 0.28848676058405653, "target": "861.xyz", "model": "18.xyz", "model_rescale": 3.9405287249114394, "target_rescale": 4.1215874436348665},
{"mapping": [4, 12, 7, 1, 0, 3, 6, 10, 5, 13, 11, 14, 15], "R": [[-0.05608370768618409, -0.6155275568095087, 0.78611732237643], [-0.5861007519022172, 0.6577161570002448, 0.4731758293071244], [-0.8082948263794754, -0.4342064988331548, -0.3976483245522698]], "T": [0.04847809787345691, -0.034866896689789956, -0.11706752978925072], "aligned_model": [[0.04792535608319337, -0.4376715612537813, 0.4954460178638698, -0.1394645482621813, 0.2437179631322557, -0.6659901023683552, 0.4692804025502698, -0.19916082285693681, 0.7416479396205318, -0.08672472174023449, 0.1568130594095087, -0.5312543578537341, 0.05193174588664506], [-0.4655133387044491, -0.17722188945924736, -0.567220289770418, 0.47897471104438794, 0.09488782009854327, 0.4284698823942673, 0.5244292724413455, 0.43213054450678157, 0.3215840001613093, -0.5752879168832973, -0.08068178026396876, -0.13912624032300167, -0.001161929807378878], [-0.7080060757250412, -0.32571226893565386, -0.22862510378729287, -0.486071307417784, -0.7633796575114966, -0.10025042940891371, -0.3785951022670662, 0.46473346007056937, 0.1722782346263529, 0.2584256976776149, 0.5938317137410001, 0.38570401984127267, -0.09610579723204034]], "inverted": true, "swapped": false, "error_lsq": 0.04270571741279867, "error_max": 0.24801324787232493, "target": "861.xyz", "model": "19.xyz", "model_rescale": 4.410303926677745, "target_rescale": 4.1215874436348665},
{"mapping": [4, 2, 11, 0, 6, 1, 3, 5, 10, 12, 8, 7, 13], "R": [[-0.6925484552411744, 0.34218496731820036, 0.635048096827717], [-0.6521615931724859, -0.6732580497513435, -0.34843773451757853], [0.30832108837020566, -0.6554639933562024, 0.6894237157798911]], "T": [0.010537231488505298, 0.022622293665161816, -0.11914491239885967], "aligned_model": [[0.037991314235764795, -0.5022314542680392, 0.6182648579452581, -0.28128964221097363, 0.3424231677028969, -0.6230744617214056, 0.27315692130022623, 0.24991603585233335, 0.7014097811570901, -0.08490871302046946, -0.04509773061523156, -0.5699338502758788, 0.029870144129479255], [-0.48822963701664684, -0.15163056476820153, -0.5291081084023822, 0.4660354333826231, -0.002104563379155891, 0.36207965925310864, 0.6228111706953494, 0.6226512828777937, 0.20904299221002026, -0.6761404301284726, 0.04354414425663562, -0.23495753120026713, 0.030268997654469196], [-0.6022287283904715, -0.5003442618072766, -0.2348774487458521, -0.6001659471108927, -0.594272401671313, 0.09631926176509646, -0.4302187076868021, 0.4116410360720771, 0.2846823480426656, 0.15158680868653557, 0.6473566261298144, 0.2026611192712962, -0.043912320883356434]], "inverted": false, "swapped": false, "error_lsq": 0.05307405421497479, "error_max": 0.3522926084695689, "target": "861.xyz", "model": "20.xyz", "model_rescale": 4.121658175737393, "target_rescale": 4.1215874436348665},
{"mapping": [11, 7, 10, 3, 4, 0, 2, 1, 6, 9, 8, 5, 12], "R": [[0.13706159643873625, -0.986830643553748, 0.08590343255633309], [-0.12365499559902554, -0.10308887254539542, -0.9869559901134013], [0.9828141028928461, 0.12465137504502186, -0.13615606433176367]], "T": [0.05785990603311126, -0.011741064991664076, -0.03488162731423466], "aligned_model": [[-0.058386371481642184, -0.512085745124157, 0.7421037555552691, -0.3403403711398741, 0.29604910846360927, -0.687373195501579, 0.4742794274377503, 0.03277578094379545, 0.5748549289820742, 0.11141134196351044, 0.04797331865904949, -0.49145194812823473, -0.04331366041852044], [-0.5241404639284454, -0.26609696532118277, -0.3474126433085471, 0.330383800302542, 0.06662280373921561, 0.6433109231701958, 0.5624939985901127, 0.644342179380679, 0.0903360673502298, -0.7293789622254162, -0.25297572595588447, 0.04480860384795829, 0.011969229793416386], [-0.7409288368364922, -0.3128799913231996, -0.20163889872494267, -0.4898847248363928, -0.5508822182537897, -0.0868262871059535, -0.3051787012079082, 0.19161435303819127, 0.34580310756617283, 0.03433518671496414, 0.5939356723889967, 0.3638189518409723, -0.053060229589096966]], "inverted": true, "swapped": false, "error_lsq": 0.05459544570176886, "error_max": 0.3720658273174749, "target": "861.xyz", "model": "21.xyz", "model_rescale": 4.08911054899281, "target_rescale": 4.1215874436348665},
{"mapping": [3, 14, 4, 10, 13, 5, 7, 8, 0, 2, 1, 11, 16], "R": [[-0.08208032042383046, 0.7902345430342432, 0.607282626126075], [0.10432846524720246, -0.5991779388952083, 0.7937892471433796], [0.9911500352309355, 0.1285113401095438, -0.033263239844677994]], "T": [-0.07524068289276795, 0.047730977250023725, -0.10273445571997694], "aligned_model": [[0.11383690206413061, -0.3811655264566629, 0.480539890307912, -0.24130517851605757, 0.3175364690763979, -0.5733984473709541, 0.3367477381930133, -0.14508347908598299, 0.6658081907110599, 0.10020011460584385, 0.0835757986303941, -0.5812687426003126, -0.029527359347731014], [-0.6026551986677903, -0.3401157090604774, -0.36719296254143247, 0.7461747911755309, -0.06392109106415589, 0.5406070232604426, 0.4840038005851805, 0.4104671740907322, 0.1542661155463737, -0.6090534951786631, -0.16761530481375583, 0.04537129012322177, 0.043926411979666805], [-0.6463577741458395, -0.5123776223362818, -0.1751103115589142, -0.47115572451089593, -0.6223399700867845, -0.021241517943755145, -0.4844775008692628, 0.4840418674062421, 0.09620329690116303, 0.1403879676039018, 0.6445283395963357, 0.47156778606889904, -0.11544145245328698]], "inverted": true, "swapped": false, "error_lsq": 0.0410683885113637, "error_max": 0.30771722100438675, "target": "861.xyz", "model": "22.xyz", "model_rescale": 4.204369325754507, "target_rescale": 4.1215874436348665},
{"mapping": [4, 12, 7, 1, 0, 3, 6, 10, 5, 13, 11, 14, 15], "R": [[-0.05608370768618409, -0.6155275568095087, 0.78611732237643], [-0.5861007519022172, 0.6577161570002448, 0.4731758293071244], [-0.8082948263794754, -0.4342064988331548, -0.3976483245522698]], "T": [0.04847809787345691, -0.034866896689789956, -0.11706752978925072], "aligned_model": [[0.04792535608319337, -0.4376715612537813, 0.4954460178638698, -0.1394645482621813, 0.2437179631322557, -0.6659901023683552, 0.4692804025502698, -0.19916082285693681, 0.7416479396205318, -0.08672472174023449, 0.1568130594095087, -0.5312543578537341, 0.05193174588664506], [-0.4655133387044491, -0.17722188945924736, -0.567220289770418, 0.47897471104438794, 0.09488782009854327, 0.4284698823942673, 0.5244292724413455, 0.43213054450678157, 0.3215840001613093, -0.5752879168832973, -0.08068178026396876, -0.13912624032300167, -0.001161929807378878], [-0.7080060757250412, -0.32571226893565386, -0.22862510378729287, -0.486071307417784, -0.7633796575114966, -0.10025042940891371, -0.3785951022670662, 0.46473346007056937, 0.1722782346263529, 0.2584256976776149, 0.5938317137410001, 0.38570401984127267, -0.09610579723204034]], "inverted": true, "swapped": false, "error_lsq": 0.04270571741279867, "error_max": 0.24801324787232493, "target": "861.xyz", "model": "23.xyz", "model_rescale": 4.410303926677745, "target_rescale": 4.1215874436348665},
{"mapping": [14, 13, 9, 7, 11, 0, 1, 2, 10, 15, 4, 5, 16], "R": [[-0.720994277696593, 0.6529899379488944, -0.231886593977029], [-0.12560710591278984, 0.20594025167484697, 0.9704697149753383], [0.6814617424866796, 0.7288297151444911, -0.06646156670902809]], "T": [-0.004952654515556555, -0.02923383506740283, -0.11554491016061919], "aligned_model": [[8.224209365066855e-05, -0.49308854078737985, 0.46536372713545776, -0.21732755634214293, 0.37881398740544625, -0.43200947450081933, 0.3170967205280755, -0.25833440457180123, 0.6188837493457855, -0.014314334206785862, 0.14521331057175288, -0.3852619877357264, 0.021378931275537694], [-0.5752360292634648, -0.1975744656997188, -0.4424879998276148, 0.38781505796136, -0.03447894600822249, 0.5707123126054905, 0.7253715952926041, 0.48664335827794747, 0.08936226338147953, -0.712167336854795, 0.0729592267403704, -0.17550813892272543, 0.07885194775216288], [-0.5155527147892991, -0.5925893655744441, -0.13660387707310465, -0.5876656771047658, -0.6189504524132429, 0.052004794353286976, -0.36692150826699094, 0.5933714186842864, 0.027797522237001465, 0.09140528173230503, 0.5484514257019366, 0.36359042826183857, -0.07010989207728638]], "inverted": true, "swapped": false, "error_lsq": 0.047397448391446585, "error_max": 0.2381323357177849, "target": "861.xyz", "model": "24.xyz", "model_rescale": 4.28219845311461, "target_rescale": 4.1215874436348665},
{"mapping": [7, 4, 9, 2, 13, 6, 14, 8, 11, 3, 5, 1, 15], "R": [[0.18845601763115605, -0.23303306603122326, 0.9540335002266392], [-0.47553971295145464, 0.8283069763915656, 0.29625923490603717], [-0.859270801799208, -0.5095126524406925, 0.045282956818173174]], "T": [0.05047262754100812, 0.04374573259754057, -0.13971759254249416], "aligned_model": [[0.16447017458914936, -0.4922286790843239, 0.5243977525193431, -0.23688132267890433, 0.24968522926448494, -0.42849773912805367, 0.29996067768669704, -0.11516498971181441, 0.5155090462797971, -0.2011920935347008, 0.23882178677953997, -0.35099373097117226, -0.0213897417989916], [-0.597867176745587, -0.3290796904703539, -0.42409358894364574, 0.42655795320433076, 0.0019135727253640003, 0.7840299528365822, 0.7346960918113055, 0.33316881160510586, 0.23518521005729687, -0.6534597779781166, -0.12176779861049884, -0.17281535232075573, 0.05779463826384652], [-0.5650215304286598, -0.45771927292659975, -0.023980696899740403, -0.6292709966109671, -0.6978223019402886, 0.04673292657450959, -0.34093374207204946, 0.46917034297389637, 0.0690145970333631, 0.08525949306545633, 0.6741684843228894, 0.3095078055915061, -0.1508777250117945]], "inverted": false, "swapped": false, "error_lsq": 0.04248443430613914, "error_max": 0.2333969482222351, "target": "861.xyz", "model": "25.xyz", "model_rescale": 4.100010024507729, "target_rescale": 4.1215874436348665},
{"mapping": [10, 9, 1, 0, 7, 5, 11, 4, 2, 6, 8, 12], "R": [[0.19584173412938105, 0.17044950945437737, 0.9657085377586546], [0.1760118568877856, -0.9748955143557491, 0.13637654609188907], [0.9647102370184067, 0.143267933662078, -0.22092636279106193]], "T": [-0.06035898437826117, 0.06761829159790433, 0.005673762950800729], "aligned_model": [[-0.7305230314359203, -0.11820983878725638, 0.5845780731836404, 0.6673749677897088, -0.6332476297471398, -0.06454618580793293, -0.2772287353103091, 0.4828937368009617, 0.12310836588340715, 0.16722295330662976, -0.3875332948266276, 0.06287622131384529], [-0.16709478739625705, -0.5670134216773423, -0.09389544901820379, -0.387112656919288, 0.48726223087240467, 0.782914169023315, 0.0235200537390896, 0.12594224528732803, -0.4451547496304612, 0.6110837635809561, 0.15929054346165977, 0.1363894487274387], [0.04377969458956142, 0.16235512549880704, 0.41352962314000535, -0.20637359345599482, 0.10702747932996157, 0.47169620930172207, 0.5605694895010062, -0.3360677823973897, -0.5062302646093957, -0.6056367217686741, -0.5403121198968025, 0.0008551506215495504]], "inverted": true, "swapped": true, "error_lsq": 0.05097006709175605, "error_max": 0.2880224938943532, "target": "861.xyz", "model": "26.xyz", "model_rescale": 3.6694154284099745, "target_rescale": 4.1215874436348665},
{"mapping": [5, 8, 1, 10, 0, 11, 2, 12, 6, 7, 3, 9, 13], "R": [[0.08621153388740016, 0.7691563351715075, 0.6332188432843084], [0.19964186957302937, 0.6093559970974916, -0.7673515444141021], [-0.9760690013201769, 0.1925715473969556, -0.10102229355431844]], "T": [-0.0594876442859581, -0.006536030228868801, -0.18416270687254527], "aligned_model": [[0.25019846172478777, -0.5544261644934287, 0.7478676499231652, -0.5240129986363589, 0.3934103929161481, -0.3040529988232553, 0.2252903212362739, 0.050874639215935546, 0.5199050463418128, -0.08739193277765692, 0.04229748907444196, -0.5785447280180269, -0.03491880747278801], [-0.633520000748538, -0.3059614940007735, -0.3626289020382418, 0.30876956665845084, 0.021554877054865872, 0.7767743245716234, 0.5879181610245883, 0.4819614307679378, 0.17003230058877014, -0.5710364682104621, -0.25198085601662923, 0.00973625892170758, 0.04264364686157439], [-0.5542493402118784, -0.4557091030737623, -0.15219476582526337, -0.400239766343935, -0.6648160247219053, 0.06641291977052072, -0.35046174793261775, 0.43140468207635824, 0.13882052241928122, 0.09276531792957776, 0.5788758533944731, 0.257627392500124, -0.20000855630945163]], "inverted": true, "swapped": false, "error_lsq": 0.05516813046948542, "error_max": 0.33980248374246136, "target": "861.xyz", "model": "27.xyz", "model_rescale": 4.103607728864725, "target_rescale": 4.1215874436348665},
{"mapping": [8, 11, 4, 5, 7, 9, 1, 3, 2, 13, 12, 10, 14], "R": [[-0.6204382310890767, -0.23495202096908774, 0.7482338867263356], [0.7800005423831742, -0.2841126359327068, 0.5575653898739801], [0.08158158667868465, 0.9295577216859159, 0.3595370450580548]], "T": [-0.15837996022249146, 0.02235869579768276, -0.048098851116344515], "aligned_model": [[0.24167696671384464, -0.4960343964124916, 0.6590171602660374, -0.26488509831364176, -0.05125253977270117, -0.6542810137588715, 0.5324730037330305, 0.06639374192518377, 0.5055653552263448, 0.03447060660757201, 0.17517089430887645, -0.5711959810660319, -0.030622329246101032], [-0.4118874054615352, -0.4871120361337559, -0.3633006579074916, 0.5108628141473945, 0.02994668405586094, 0.6732855501751633, 0.44359991001735605, 0.43531674584506264, 0.09777545322864309, -0.5877854728194514, -0.23581128746982757, 0.06077352831627604, 0.1085990194411788], [-0.6170142715067958, -0.36193047553578495, -0.11693269055078351, -0.5821033382673652, -0.7612239339632114, -0.0704662694907991, -0.43298695655930874, 0.537113319203705, 0.25981288465257035, 0.053907449324022916, 0.6998220700416236, 0.2483509926738426, -0.06812139635019403]], "inverted": true, "swapped": false, "error_lsq": 0.04720110424453431, "error_max": 0.3059015320028041, "target": "861.xyz", "model": "28.xyz", "model_rescale": 4.137296879288765, "target_rescale": 4.1215874436348665},
