[{"mapping": [4, 2, 3, 6, 5, 1, 10, 11, 7, 8, 9, 12], "R": [[0.6293608846721634, 0.17790880041692775, -0.7564742795223652], [0.04257863385373706, -0.9798737655590484, -0.19502426389626684], [-0.7759458336661272, 0.09053100189073962, -0.6242693336315965]], "T": [-0.03435395492664496, -0.049161233694774154, 0.024844263037756886], "aligned_model": [[-0.29630683970591376, 0.1168301900178914, 0.39507798202833944, -0.2774939121108214, 0.041513492468724336, -0.4920306051614551, 0.37340527237771903, -0.416390576867629, 0.5629952806297297, 0.2889203583728849, -0.4559426919313064, -0.0029354876576139916], [-0.2329855193029339, -0.6675363442856888, -0.3160798339862664, 0.5476631872896189, 0.3692092670700238, -0.6737969903061318, -0.28885505994093097, -0.5372496917693477, 0.2619776360427012, 0.5013114279520201, 0.16064779022540954, -0.07075083301141735], [-0.6079097417643126, 0.06215473646069719, -0.5941960365919731, -0.06501403410151885, -0.6015701380259647, -0.05436126976701594, 0.587483833373038, 0.6408967101550572, -0.13341168638941253, 0.4687480284423292, 0.4934405371520156, -0.014309193589377336]], "inverted": true, "swapped": true, "error_lsq": 0.04350996270991294, "error_max": 0.20159824911101726, "target": "862.xyz", "model": "0.xyz", "model_rescale": 3.751011558992144, "target_rescale": 3.827543492724139},
{"mapping": [7, 12, 9, 2, 3, 0, 1, 8, 4, 6, 10, 11, 14], "R": [[-0.7727622429527347, 0.3786376385850894, -0.5093839951484206], [-0.04550905590500144, 0.7674435522477211, 0.639499272825259], [0.6330619572342776, 0.5173624771474122, -0.5758199593124564]], "T": [-0.06121234554210759, -0.06590817381535927, 0.014802998577368234], "aligned_model": [[0.2676703758202124, 0.21430623038415025, 0.038073764964260036, -0.8703127240333586, -0.3650547973923645, -0.37965872496961156, 0.043527243438165185, -0.510972860160034, 0.0680637902397182, 0.6194671730606311, 0.33973200615383276, 0.6629591586793211, -0.035741329564421234], [0.21069572521226018, -0.4344473306913571, -0.7005291776959441, -0.11856415550920671, -0.16404426257045904, 0.421173124384857, 0.6203993714972863, 0.19265753143027367, 0.35183680463252576, 0.24797720466864173, -0.32518501217075924, -0.3904268344240609, -0.10890205246534893], [-0.4901756766449398, -0.5685009601319024, 0.1617317943541322, -0.14743764708604162, -0.6790665583641727, -0.47186755823965504, -0.04600095839099523, 0.4286598671941878, 0.673855943042912, -0.0285225989238784, 0.6814910036175149, -0.06882869587565348, -0.007704026705016374]], "inverted": true, "swapped": false, "error_lsq": 0.04005551556467139, "error_max": 0.28090579020664286, "target": "862.xyz", "model": "1.xyz", "model_rescale": 3.9405287249114394, "target_rescale": 3.827543492724139},
{"mapping": [11, 5, 2, 8, 9, 10, 3, 4, 7, 6, 1, 0, 12], "R": [[-0.19627951154062045, 0.8466980172369265, 0.4945470866928978], [0.602944503020062, -0.29351885496849783, 0.7418251869921056], [0.7732608095767339, 0.44378953275740873, -0.4529001777298115]], "T": [0.030414860119317183, -0.010478716498658608, 0.009135920171029058], "aligned_model": [[0.31060922568234506, 0.23753093622165103, 0.004517632205726679, -0.7245017471542722, -0.41463116807082345, -0.4040176576239849, -0.1595629857249216, -0.46585078712700734, 0.21880253099783817, 0.5002121918429754, 0.20413848420356404, 0.7879524333455109, -0.0031397821781004587], [0.11231341560475705, -0.5198162415102956, -0.6912482745373771, 0.032073341496536296, -0.08267942827886984, 0.4844798705119852, 0.5226874257274378, 0.03242810584851003, 0.5171965408216637, 0.2618015008149741, -0.407649823347667, -0.36973725073636443, -0.08920824611658176], [-0.6343137661583779, -0.4660003729194285, 0.01633105434420694, -0.16109923639972495, -0.6595210898876934, -0.5179044046467336, 0.08939775070719251, 0.5026692360090435, 0.5703656070453416, -0.013439370622129757, 0.6719341901428468, 0.009480889478264677, 0.029733440753683362]], "inverted": false, "swapped": false, "error_lsq": 0.05030368875866525, "error_max": 0.32488561216230916, "target": "862.xyz", "model": "2.xyz", "model_rescale": 3.932901565614263, "target_rescale": 3.827543492724139},
{"mapping": [1, 0, 7, 8, 3, 11, 10, 9, 12, 6, 5, 4, 13], "R": [[0.22806362780816283, -0.732620896318467, -0.6412905768436845], [0.9596114530067792, 0.05770352657769193, 0.27534734841417197], [-0.16472049334918096, -0.678186497431218, 0.7161914784279264]], "T": [-0.00280114360727351, -0.04869901145957693, -0.13418352588523064], "aligned_model": [[0.34549246197545813, 0.30480142527869863, -0.16473002299066525, -0.7298439239694028, -0.28102711330582947, -0.6133204914651103, 0.08403702985339594, -0.3755504060005624, 0.06367294317388622, 0.5376846900961069, 0.24956978269148283, 0.6407935224447108, 0.030479408838332764], [0.27601708464480895, -0.4159051897549544, -0.6727036885953181, -0.14801575891098095, -0.23790545413147918, 0.5589337711975128, 0.6585072318792111, -0.11921603994267259, 0.4034105744952514, 0.24520812781147633, -0.13913926534506044, -0.6217823678700525, 0.01523191082096613], [-0.7016512713589811, -0.602681777087368, 0.1726384881253361, -0.11597076302817527, -0.518210490977477, -0.37031320572042603, -0.06026531896781469, 0.49500505909388237, 0.4776235746243168, 0.16277761253733458, 0.5328465796504218, 0.009300887806688696, -0.04346544685124709]], "inverted": false, "swapped": false, "error_lsq": 0.05243614819802214, "error_max": 0.368154898667438, "target": "862.xyz", "model": "3.xyz", "model_rescale": 3.9243930471874484, "target_rescale": 3.827543492724139},
{"mapping": [4, 8, 9, 1, 7, 0, 3, 5, 6, 10, 11, 10, 12], "R": [[-0.46127016923547864, -0.16465983727092348, -0.8718468724285166], [-0.42958422122372764, 0.9012213955980645, 0.057073575250553094], [0.7763293295046093, 0.40085799743324335, -0.4864418136270087]], "T": [0.009883528902692406, -0.043344616995106125, -0.06142645647235489], "aligned_model": [[0.21828636319525163, 0.26616719793030147, -0.07858974142486078, -0.6725295768520722, -0.30868532798827014, -0.6237494120235826, 0.15460146854519122, -0.5305609059156771, 0.11933416108927426, 0.711276279207725, 0.2149541679944954, 0.711276279207725, -0.08972164634499984], [0.1377078465805454, -0.49614559651398393, -0.7258915312093491, -0.21241957681268392, -0.11113061490762527, 0.5205415299225299, 0.6125782390946728, 0.19406133285873406, 0.3774675496449839, -0.057641974283703906, -0.3812074151220819, -0.057641974283703906, 0.002363121330373974], [-0.5869314835958751, -0.4158644945731196, 0.09345925013428238, -0.18746736665355615, -0.7941185478848157, -0.12358804306804716, -0.10356070820810057, 0.413106290156086, 0.5151619532779117, 0.009082513971246715, 0.6240871057653353, 0.009082513971246715, -0.014815055446103002]], "inverted": true, "swapped": false, "error_lsq": 0.048985345011703034, "error_max": 0.40947596004288656, "target": "862.xyz", "model": "4.xyz", "model_rescale": 3.8936222436046832, "target_rescale": 3.827543492724139},
{"mapping": [0, 6, 4, 1, 3, 7, 8, 10, 11, 9, 2, 12], "R": [[-0.8678770473057007, 0.48553247235613195, 0.10510779727346929], [0.45964804943839244, 0.8650902053164825, -0.20085469203622658], [-0.18844920113234737, -0.12600458306438, -0.9739659869006474]], "T": [-0.15662961109676216, -0.04463697871278917, -0.009818982297565337], "aligned_model": [[0.09860137155270449, -0.40229539570241996, -0.3297383280271721, 0.37165302784594983, -0.6493839080017412, -0.7478520020646529, -0.3351813900617914, 0.11796690527659193, 0.71119409331619, 0.264291800382115, 0.11587372024965281, -0.1875818525503294], [-0.4769244188893555, -0.6464496989834896, 0.04127608532628889, 0.187897487947026, 0.5162005855313183, 0.08960287272485244, -0.3544319276801598, 0.3010775182930097, 0.018841595064279237, -0.5327394885237685, 0.5274894832926879, -0.002917188992881771], [-0.5187610553726056, -0.039156906936432784, -0.6920510762118821, -0.5320798713572834, -0.2953406971259852, 0.32351898090885406, 0.6806325638828121, 0.5778563053018797, 0.07114662607486515, 0.15117935022840784, -0.08088050765539745, -0.02677899246171427]], "inverted": true, "swapped": true, "error_lsq": 0.041563501722305836, "error_max": 0.2520422366798147, "target": "862.xyz", "model": "5.xyz", "model_rescale": 3.6523030999806103, "target_rescale": 3.827543492724139},
{"mapping": [2, 6, 8, 5, 1, 0, 3, 7, 11, 4, 9, 10, 12], "R": [[0.30937071323669874, 0.9054043313623772, -0.29074517801962424], [0.9273304322982856, -0.21953415174715607, 0.3030891379613124], [0.2105897222679472, -0.3633837544069676, -0.9075264271128447]], "T": [0.026370999376307887, -0.09441495942804104, -0.0445295961783136], "aligned_model": [[0.4253543399847603, 0.28964499147119604, -0.23186730348222395, -0.6456483905642866, -0.20092889970313316, -0.7045497102577054, -0.16791739860845986, -0.30650889580171425, 0.3264504577360392, 0.45841747703888214, 0.1531799069721665, 0.7540803287172129, -0.05764759688223189], [0.2040222005042083, -0.5664861265839592, -0.715066162899145, -0.20517846867359013, -0.019379106692337444, 0.4811736169993346, 0.5701206860510728, 0.2511289235722396, 0.3431626846967115, 0.2830261394905249, -0.45327114713771977, -0.3382044310541443, -0.032407871974487294], [-0.6172068086615855, -0.40572217680335815, -0.0020070699938757527, -0.03953814846982146, -0.6965106102240788, -0.3932650796225914, -0.10184536402756833, 0.4418945602988715, 0.6576435499713664, -0.04215053892271645, 0.5701285304884234, 0.0957517895486204, -0.029538705735194497]], "inverted": false, "swapped": false, "error_lsq": 0.047416686949400315, "error_max": 0.2362807869498628, "target": "862.xyz", "model": "6.xyz", "model_rescale": 4.08911054899281, "target_rescale": 3.827543492724139},
{"mapping": [9, 3, 6, 5, 8, 10, 11, 12, 13, 1, 2, 0, 14], "R": [[-0.2757636027612183, 0.9573606096046403, 0.0861109666046366], [-0.057424970693241484, 0.07301628888204265, -0.9956761493069797], [-0.9595086284828468, -0.2795161618499474, 0.03484117006704429]], "T": [-0.09481054268957707, -0.04353371837570454, -0.014160442466510187], "aligned_model": [[0.4285515482322522, 0.20083254607264778, 0.05072190984149717, -0.8181346004989152, -0.20757740964988863, -0.6134275814732828, -0.06559853944539162, -0.5387746372265036, -0.013576401342067737, 0.585892027406862, 0.3831251345075797, 0.683236408634757, 0.01678890156095547], [0.20009627952029785, -0.577159722863756, -0.5145042909986898, -0.2634737883873988, 0.011116516357366962, 0.35625680140909455, 0.5395943744954553, 0.3993052250195791, 0.31692815967984894, 0.18661834084894616, -0.33621325652557815, -0.5624590593502652, 0.04653535709380779], [-0.5445318725218209, -0.5184320832188161, 0.06426143864420698, 0.08033771931885277, -0.6845677506341341, -0.31495739370671794, -0.07448746069269475, 0.3246484579268428, 0.6177911150913613, 0.13287730627220862, 0.565542688197562, -0.11423848767740613, -0.09660974915295299]], "inverted": true, "swapped": false, "error_lsq": 0.04450637340188351, "error_max": 0.21022437246319423, "target": "862.xyz", "model": "7.xyz", "model_rescale": 3.964800864290218, "target_rescale": 3.827543492724139},
{"mapping": [5, 3, 6, 11, 10, 9, 8, 12, 7, 1, 2, 0, 13], "R": [[0.10105055863052453, 0.6580614308249854, 0.7461527577252746], [-0.5680474749423569, 0.653884781081397, -0.4997567000868986], [-0.8167685417620293, -0.3733494962239898, 0.43988555654536066]], "T": [0.02486409987914298, -0.10311897197528794, 0.01105991392412442], "aligned_model": [[0.2750334871041782, 0.35670756691667893, -0.1486419004128652, -0.7684439904123144, -0.3125081183351486, -0.501466153243778, -0.011613756609269416, -0.4833265010748484, 0.1551794411832499, 0.6598373516121461, 0.2569733543236016, 0.6043400325340464, 0.009988493034824051], [0.2658364676752176, -0.5394687196819249, -0.6505867380421662, -0.3374726193560814, 0.05325873184425939, 0.30815612674241455, 0.6382363320023812, 0.25514678901392496, 0.40293903250075613, 0.2557207736869217, -0.2927008904182724, -0.5180535346354393, -0.03837081503328274], [-0.6962998843512181, -0.4637468960136325, -0.07067463298812204, -0.042549472671136346, -0.7216474035857571, -0.15533114536368817, -0.1892380158142268, 0.4400854316889898, 0.49456417749191484, 0.18759007477232562, 0.6016466712721089, 0.0831454513536399, -0.029910427944706816]], "inverted": true, "swapped": false, "error_lsq": 0.036369632274594894, "error_max": 0.18138550221720762, "target": "862.xyz", "model": "8.xyz", "model_rescale": 4.121658175737393, "target_rescale": 3.827543492724139},
{"mapping": [7, 8, 2, 3, 11, 10, 5, 0, 4, 9, 1, 6, 12], "R": [[0.16734012648876317, -0.9268139475680883, 0.3361743426556846], [-0.7476090461057225, 0.10299827601794465, 0.6561037031736852], [-0.6427114408874457, -0.36111945631686493, -0.6756587467218902]], "T": [0.013843835450092724, -0.014394658526485003, -0.10504026849512006], "aligned_model": [[0.32955148654680533, 0.27243828469917597, -0.2580720530700181, -0.7107297220108697, -0.23233238027468273, -0.6099449390892707, -0.06356398655593466, -0.42637443143980136, 0.3117890699603508, 0.7628889497246583, 0.0722852700882786, 0.6193691613827943, 0.024754596659015603], [0.22771378442868714, -0.5944966056102386, -0.6148800687890627, -0.3007353790145396, -0.09873896484786557, 0.38088024144708665, 0.5946635682352873, 0.16882024334396187, 0.34956897196860715, 0.3397702833433273, -0.2769528008446611, -0.3289641613062752, -0.04400817605560654], [-0.6499467661642373, -0.46164085673706456, 0.11365008906777814, -0.23028460205464407, -0.6841044992641238, -0.2814663119380512, -0.035946044555161163, 0.5206309074042805, 0.6478787381903163, -0.023257459991727195, 0.529451288843029, 0.015654212194528963, -0.022984767148432186]], "inverted": false, "swapped": false, "error_lsq": 0.0417991896912786, "error_max": 0.23957644207834328, "target": "862.xyz", "model": "9.xyz", "model_rescale": 3.833441315466971, "target_rescale": 3.827543492724139},
{"mapping": [13, 8, 11, 12, 0, 1, 5, 6, 4, 2, 7, 9, 14], "R": [[0.5764647946608504, -0.41792974984003756, -0.7021560116635528], [0.7711988942667207, 0.5622885837784587, 0.29846911738771675], [0.27007518582500484, -0.713558878265178, 0.6464465339457937]], "T": [-0.05309581061946924, -0.06309094787895188, -0.027554803574459663], "aligned_model": [[0.3102703516852735, 0.382946467843204, -0.17752523980712495, -0.6306628428866399, -0.28871758940372344, -0.6145764271458402, 0.10640279176869374, -0.48921169577906887, 0.00460060458531867, 0.6146500389852982, 0.1416375892563298, 0.6999965291638004, 0.032248728354981056], [0.2936157953013764, -0.6296223036385816, -0.7284524523646492, -0.23370082883592336, 0.18838817588942763, 0.386359020116702, 0.5764802425234588, 0.18684546000544122, 0.49705258489501014, 0.17688609469341038, -0.4889667263082394, -0.3455826388223212, -0.07666148715640309], [-0.6410789456228891, -0.33814893859792783, 0.056993801051129056, -0.009426122742315607, -0.614975938174585, -0.1959091217480584, -0.17902786953166766, 0.42913359650837646, 0.5370892670171483, -0.14234484800978814, 0.44638897062441796, 0.07713759748899374, 0.011802479583657516]], "inverted": true, "swapped": false, "error_lsq": 0.045622138158975416, "error_max": 0.2666428754484844, "target": "862.xyz", "model": "10.xyz", "model_rescale": 4.2482417240324, "target_rescale": 3.827543492724139},
{"mapping": [3, 2, 10, 11, 5, 6, 7, 9, 1, 0, 4, 12], "R": [[0.9441998109876852, -6.591165562493118e-05, 0.32937321170136696], [0.0627730124718299, 0.9817070307602873, -0.17975220349423346], [-0.32333614990599385, 0.1903977452898917, 0.9269317303623252]], "T": [0.024433584687807992, 0.09007829641166615, 0.0652464537463224], "aligned_model": [[-0.7109752574470705, -0.007549414125680921, 0.40589235490233144, 0.7225880422480284, -0.5794649411451198, 0.03832696247540648, -0.3227222515868137, 0.614609821839867, 0.09307546657725654, 0.1299225749348416, -0.4832757821767383, -0.023661974133301303], [-0.21264465094578117, -0.5400572939735813, -0.3599591793823438, -0.3211311454092359, 0.5456337600744148, 0.7405008831063558, 0.19259885174325303, 0.36019791079657626, -0.314902789204293, 0.40248155310301337, 0.1083233569382148, 0.06509013320404654], [0.14525190529309423, -0.027180382317196383, 0.5036976835391286, -0.2621525220539145, 0.0962389910469865, 0.053065542504146926, 0.6548656631394397, -0.07641074101227638, -0.5959568987697413, -0.569035500379634, -0.4294116392643679, 0.0722201881286913]], "inverted": false, "swapped": true, "error_lsq": 0.048809690082440176, "error_max": 0.24134556978887628, "target": "862.xyz", "model": "11.xyz", "model_rescale": 3.6694154284099745, "target_rescale": 3.827543492724139},
{"mapping": [10, 7, 6, 11, 9, 8, 2, 3, 1, 12, 0, 5, 13], "R": [[-0.9487602196882599, -0.18618568305943053, -0.25532124267435796], [-0.11737592186781401, 0.9578210631039081, -0.262300789248108], [0.29338871570455116, -0.21889198820010025, -0.9305962384401958]], "T": [0.018662065437711255, -0.07561415276613659, -0.026003762553624278], "aligned_model": [[0.24962635913359973, 0.2817985451450188, -0.0502767490788129, -0.636713668621639, -0.3431526042911, -0.5534687714944493, 0.0018576047788434122, -0.5269826641941752, 0.10328151631428242, 0.639310222607711, 0.2659888213429561, 0.6206091611925036, 0.04018153378576299], [0.23400694891652585, -0.42157820117955813, -0.624983042894685, -0.3805204697057756, -0.07730976127124409, 0.360064435625118, 0.576773182693575, 0.44266275299698865, 0.47358092633054805, 0.1998579489722062, -0.29432671131955446, -0.6067222551274885, -0.07886481773794746], [-0.5303043234682601, -0.6286922299413666, 0.08930493558165661, -0.17614847276196507, -0.7427837403507985, -0.2614784413617697, -0.005462389034323674, 0.3922184015898692, 0.6125084203613895, 6.319798711337116e-05, 0.6078196805043489, -0.013567123330088467, 0.09415601207068644]], "inverted": false, "swapped": false, "error_lsq": 0.037058809959285274, "error_max": 0.23122703393312938, "target": "862.xyz", "model": "12.xyz", "model_rescale": 3.9764082729961374, "target_rescale": 3.827543492724139},
{"mapping": [1, 2, 7, 3, 8, 11, 13, 14, 6, 9, 4, 0, 15], "R": [[-0.4504912355741202, 0.519440291066128, 0.7261125468465885], [-0.5873403743223324, 0.44009459938944506, -0.6792260509426497], [-0.6723755880174456, -0.7324605979883018, 0.1068294951444323]], "T": [0.12120682458209177, 0.10800183863161916, -0.03800715895059646], "aligned_model": [[0.3559623981893356, 0.2532855803430112, 0.02275302010770043, -0.6310299035802028, -0.30104860625893654, -0.57306887832536, -0.05059392366643688, -0.5530118060336774, -0.011306223656461847, 0.7168828002609804, 0.22232548149543496, 0.5797276898117855, 0.06118167793332899], [0.13363260173508906, -0.4657270082699939, -0.6383848428553403, -0.2694348772407112, -0.11875850775960389, 0.38095589551978903, 0.6813649698086558, 0.36203875682644754, 0.38611612847999544, 0.07337552284475873, -0.31703165520537274, -0.45348657941045645, 0.04798053182545159], [-0.6275455062224795, -0.5761985063501182, 0.02716545037566087, -0.026832293009228618, -0.5575578620377343, -0.3100770579288997, 0.089349697539382, 0.30797336347767645, 0.661100514822115, -0.1119684783794364, 0.5320676327390461, 0.0019591525614987837, 0.028197820259009326]], "inverted": true, "swapped": false, "error_lsq": 0.04006765688439252, "error_max": 0.24324372325609925, "target": "862.xyz", "model": "13.xyz", "model_rescale": 4.170626492500431, "target_rescale": 3.827543492724139},
{"mapping": [4, 12, 10, 7, 8, 0, 2, 1, 3, 6, 11, 5, 13], "R": [[-0.6120231594851987, 0.7908101130905281, -0.006856915305106848], [-0.2909660796330198, -0.23322957331884886, -0.9278699836897943], [-0.7353682021659262, -0.565882789244605, 0.3728408186880826]], "T": [-0.04262185533749615, 0.026422253086630022, -0.01694034376291019], "aligned_model": [[0.21438153240235422, 0.2544831692037885, -0.23718014449720212, -0.8054603869784291, -0.29713233479136303, -0.487026936529475, 0.0909752486020633, -0.6497009597036261, 0.10090879653261803, 0.7425466548680126, 0.3363328250670257, 0.7857186835255223, 0.04321315891921269], [0.1508004120803196, -0.5308927930937384, -0.5031648562771945, -0.17224044276489744, -0.284826480372128, 0.40288741193467703, 0.6583761834831919, 0.1808600638173351, 0.35404709021621206, 0.22442833281456193, -0.32203306703892787, -0.3463131059803698, -0.009287812520333012], [-0.6662033589182487, -0.38685204252285665, -0.013352769408839935, -0.20678320196336153, -0.6413640257076337, -0.14592295697937407, -0.1423126330123472, 0.4285014521589257, 0.5725802432393068, 0.21064100433601674, 0.46744781794921014, -0.06320190592358065, 0.024456304599274788]], "inverted": false, "swapped": false, "error_lsq": 0.04481038891488175, "error_max": 0.23990869840238704, "target": "862.xyz", "model": "14.xyz", "model_rescale": 3.9786697098870705, "target_rescale": 3.827543492724139},
{"mapping": [0, 6, 11, 1, 9, 10, 5, 7, 2, 4, 8, 12], "R": [[0.18762667102609695, -0.9822016506521241, 0.008726383896398127], [0.2706193364854438, 0.06023174353166563, 0.9608003495999122], [-0.9442252946409786, -0.1779102428961811, 0.27710384052332965]], "T": [0.03452796858599648, 0.017978551814312564, 0.04869058370541453], "aligned_model": [[-0.09254886444889675, -0.5805708878802621, 0.6310073368166509, 0.5916676957321524, -0.08294530091077716, 0.4275270845651156, -0.5162684497435407, -0.2670655150691975, 0.6520772803012994, 0.044198779102353876, -0.37175922786892757, 0.048034666171366286], [-0.4685215634160544, -0.04682020163481152, 0.19033749828116212, -0.44223538145775454, 0.21406638981899254, 0.6367787731692152, -0.34619332434036887, 0.28979338708491226, -0.014738657732257236, -0.6771119458555642, 0.6807563848707178, -0.001436868563750221], [-0.4594495894468385, -0.1534120143802853, -0.5662953493507035, -0.24063573914172592, -0.5750793647064018, 0.10274597002536288, 0.4190780801437131, 0.6089017197549709, 0.20425062454952592, 0.18849039733042688, 0.0334182621399174, 0.09795349695586816]], "inverted": false, "swapped": true, "error_lsq": 0.04565383040915518, "error_max": 0.2668121538658539, "target": "862.xyz", "model": "15.xyz", "model_rescale": 3.769337070930944, "target_rescale": 3.827543492724139},
{"mapping": [9, 11, 6, 0, 8, 10, 7, 2, 5, 4, 12], "R": [[-0.5893886935236549, -0.09540762736992503, 0.8021959564757986], [-0.3842343157013558, 0.9065984816422474, -0.17447975160884144], [-0.7106229369954158, -0.4110676072419398, -0.5709977790608264]], "T": [0.024200781355968454, 0.025361229238653252, 0.04038604463806837], "aligned_model": [[-0.35229170063676496, -0.36671992840799794, -0.16979031494616456, -0.67349032191095, 0.4173739079116736, 0.43802185407664873, 0.6375694924332294, 0.12208371503058656, 0.10388008080156819, -0.28552445052913145, 0.05151379686847342], [0.000522902275459744, -0.6812880108086847, 0.601472298417421, 0.17562364594280339, 0.2708815057208311, -0.47953044758935937, 0.342935599993542, -0.5390783324066835, 0.6921318353728612, 0.1882951452776123, 0.024098355429538972], [-0.5064007751719123, -0.2935762155457198, -0.1916795330610887, 0.08144270954108922, -0.5838828655205852, -0.2974312408011882, 0.08043344557058711, 0.3204992486339726, 0.39003288843874917, 0.6570797548009979, 0.08770019033887512]], "inverted": false, "swapped": true, "error_lsq": 0.04695684863924179, "error_max": 0.2425274941160425, "target": "862.xyz", "model": "16.xyz", "model_rescale": 3.7852294659196426, "target_rescale": 3.827543492724139},
{"mapping": [1, 4, 10, 6, 5, 7, 2, 11, 8, 3, 9, 0, 12], "R": [[-0.03955661047879447, 0.7043438507310122, 0.7087559625885617], [-0.39794778452625057, 0.6395270110819596, -0.6577558535560319], [-0.9165548730752991, -0.30806645717115116, 0.25499455407505767]], "T": [0.06015773800546078, 0.02749792209484382, -0.0518071391601877], "aligned_model": [[0.2092711882923656, 0.2893407389114063, -0.2958563810544821, -0.7587800710234488, -0.1599633347734876, -0.5358547362722131, 0.005070616808951177, -0.4360199364958518, 0.25575305349563815, 0.7677154023957746, 0.11323138642225641, 0.6173688529039525, 0.020782527009640124], [0.34437111935143927, -0.47760734379977354, -0.6760601179432375, -0.2850782339988425, -0.158846385334732, 0.3220188241394631, 0.6364896339158416, 0.2641208096953771, 0.20751762694006914, 0.37790490692372136, -0.3861973329911119, -0.3423494647119376, -0.02364310588756851], [-0.6447748533327109, -0.49240957622887604, 0.11406964223759103, -0.18975730221413015, -0.6425960379790632, -0.27418873448824177, -0.06528026210481017, 0.43373317721253996, 0.5427862426379999, -0.14705664156421458, 0.7053594272404542, 0.08411872167761053, 0.013630124752342487]], "inverted": true, "swapped": false, "error_lsq": 0.04851787075069707, "error_max": 0.2852619205824876, "target": "862.xyz", "model": "17.xyz", "model_rescale": 3.901054581598922, "target_rescale": 3.827543492724139},
{"mapping": [7, 12, 9, 2, 3, 0, 1, 8, 4, 6, 10, 11, 14], "R": [[-0.7727622429527347, 0.3786376385850894, -0.5093839951484206], [-0.04550905590500144, 0.7674435522477211, 0.639499272825259], [0.6330619572342776, 0.5173624771474122, -0.5758199593124564]], "T": [-0.06121234554210759, -0.06590817381535927, 0.014802998577368234], "aligned_model": [[0.2676703758202124, 0.21430623038415025, 0.038073764964260036, -0.8703127240333586, -0.3650547973923645, -0.37965872496961156, 0.043527243438165185, -0.510972860160034, 0.0680637902397182, 0.6194671730606311, 0.33973200615383276, 0.6629591586793211, -0.035741329564421234], [0.21069572521226018, -0.4344473306913571, -0.7005291776959441, -0.11856415550920671, -0.16404426257045904, 0.421173124384857, 0.6203993714972863, 0.19265753143027367, 0.35183680463252576, 0.24797720466864173, -0.32518501217075924, -0.3904268344240609, -0.10890205246534893], [-0.4901756766449398, -0.5685009601319024, 0.1617317943541322, -0.14743764708604162, -0.6790665583641727, -0.47186755823965504, -0.04600095839099523, 0.4286598671941878, 0.673855943042912, -0.0285225989238784, 0.6814910036175149, -0.06882869587565348, -0.007704026705016374]], "inverted": true, "swapped": false, "error_lsq": 0.04005551556467139, "error_max": 0.28090579020664286, "target": "862.xyz", "model": "18.xyz", "model_rescale": 3.9405287249114394, "target_rescale": 3.827543492724139},
{"mapping": [3, 10, 11, 5, 2, 6, 1, 8, 4, 12, 13, 14, 15], "R": [[0.2132993839334957, 0.36548636092310655, -0.9060480631803015], [0.6632754154478864, 0.626746968888251, 0.4089669427372139], [0.7173347169041974, -0.6881918024566803, -0.10873337553575996]], "T": [0.03714843633651662, 0.02725406832597705, 0.12490698764923941], "aligned_model": [[0.5706190430736939, 0.14285048198189146, -0.030579670316053582, -0.7240505847813883, -0.4060016759064485, -0.5451596652159659, 0.04376135872416655, -0.6563315009921895, 0.15537014102836438, 0.5371144876936044, 0.3457798438618505, 0.634766455712433, 0.023920591756543045], [0.18397178960165983, -0.4111433348805585, -0.6838826045856113, -0.24666644776809504, -0.08427625850389917, 0.35982384642768855, 0.5160849765451174, 0.264514975742873, 0.5075979684506624, 0.24827055160856665, -0.4408510147584106, -0.42466926333127714, 0.013865751749992754], [-0.5202885350100475, -0.5189399129060677, 0.030510282678616496, -0.06694254680619754, -0.614352268112442, -0.20463522990708816, -0.3183988169671494, 0.3121634798470845, 0.66338483748973, 0.16130374323529828, 0.49498013021899784, -0.07094236082350833, 0.08979112490926493]], "inverted": true, "swapped": false, "error_lsq": 0.04343069849141274, "error_max": 0.2619319479737068, "target": "862.xyz", "model": "19.xyz", "model_rescale": 4.410303926677745, "target_rescale": 3.827543492724139},
{"mapping": [5, 3, 6, 11, 10, 9, 8, 12, 7, 1, 2, 0, 13], "R": [[0.10105055863052453, 0.6580614308249854, 0.7461527577252746], [-0.5680474749423569, 0.653884781081397, -0.4997567000868986], [-0.8167685417620293, -0.3733494962239898, 0.43988555654536066]], "T": [0.02486409987914298, -0.10311897197528794, 0.01105991392412442], "aligned_model": [[0.2750334871041782, 0.35670756691667893, -0.1486419004128652, -0.7684439904123144, -0.3125081183351486, -0.501466153243778, -0.011613756609269416, -0.4833265010748484, 0.1551794411832499, 0.6598373516121461, 0.2569733543236016, 0.6043400325340464, 0.009988493034824051], [0.2658364676752176, -0.5394687196819249, -0.6505867380421662, -0.3374726193560814, 0.05325873184425939, 0.30815612674241455, 0.6382363320023812, 0.25514678901392496, 0.40293903250075613, 0.2557207736869217, -0.2927008904182724, -0.5180535346354393, -0.03837081503328274], [-0.6962998843512181, -0.4637468960136325, -0.07067463298812204, -0.042549472671136346, -0.7216474035857571, -0.15533114536368817, -0.1892380158142268, 0.4400854316889898, 0.49456417749191484, 0.18759007477232562, 0.6016466712721089, 0.0831454513536399, -0.029910427944706816]], "inverted": true, "swapped": false, "error_lsq": 0.036369632274594894, "error_max": 0.18138550221720762, "target": "862.xyz", "model": "20.xyz", "model_rescale": 4.121658175737393, "target_rescale": 3.827543492724139},
{"mapping": [2, 6, 8, 5, 1, 0, 3, 7, 11, 4, 9, 10, 12], "R": [[0.30937071323669874, 0.9054043313623772, -0.29074517801962424], [0.9273304322982856, -0.21953415174715607, 0.3030891379613124], [0.2105897222679472, -0.3633837544069676, -0.9075264271128447]], "T": [0.026370999376307887, -0.09441495942804104, -0.0445295961783136], "aligned_model": [[0.4253543399847603, 0.28964499147119604, -0.23186730348222395, -0.6456483905642866, -0.20092889970313316, -0.7045497102577054, -0.16791739860845986, -0.30650889580171425, 0.3264504577360392, 0.45841747703888214, 0.1531799069721665, 0.7540803287172129, -0.05764759688223189], [0.2040222005042083, -0.5664861265839592, -0.715066162899145, -0.20517846867359013, -0.019379106692337444, 0.4811736169993346, 0.5701206860510728, 0.2511289235722396, 0.3431626846967115, 0.2830261394905249, -0.45327114713771977, -0.3382044310541443, -0.032407871974487294], [-0.6172068086615855, -0.40572217680335815, -0.0020070699938757527, -0.03953814846982146, -0.6965106102240788, -0.3932650796225914, -0.10184536402756833, 0.4418945602988715, 0.6576435499713664, -0.04215053892271645, 0.5701285304884234, 0.0957517895486204, -0.029538705735194497]], "inverted": false, "swapped": false, "error_lsq": 0.047416686949400315, "error_max": 0.2362807869498628, "target": "862.xyz", "model": "21.xyz", "model_rescale": 4.08911054899281, "target_rescale": 3.827543492724139},
{"mapping": [11, 9, 12, 3, 15, 2, 1, 4, 0, 8, 7, 10, 16], "R": [[0.4314924395513038, -0.7084971420410576, 0.5584317991749022], [0.8540462099520837, 0.5201971406508367, 7.826350029310758e-05], [-0.29055007464557014, 0.47689279149337893, 0.8295504321890905]], "T": [0.05643154640232811, -0.0465382537130082, -0.0524102061584556], "aligned_model": [[0.3665628321123738, 0.2605839678743769, -0.08172247734620075, -0.7585820650809016, -0.25664639653541804, -0.5107057928063112, 0.056843163657236254, -0.48770851850113434, 0.027115243703591134, 0.5920557655321614, 0.22771380786039314, 0.6193429002299206, 0.037206875920414245], [0.3059499104280727, -0.6022812493914467, -0.7618638991340239, -0.3338405304431628, 0.14546914101782032, 0.38149642950853485, 0.7380449543112417, 0.16922510131352062, 0.3641680147768773, 0.3848492138566397, -0.3517823945251404, -0.5950857374589918, -0.04170801796123355], [-0.6569461521721994, -0.44866659175239487, 0.06672078376097523, 0.03412902296458736, -0.6821898342099851, -0.18045464300766378, -0.17252432491079675, 0.32660160139153466, 0.6037455021901532, -0.1405780390992484, 0.5666896156951031, 0.1302421275875818, -0.009135140591155819]], "inverted": true, "swapped": false, "error_lsq": 0.04109820552312509, "error_max": 0.23617996784846762, "target": "862.xyz", "model": "22.xyz", "model_rescale": 4.204369325754507, "target_rescale": 3.827543492724139},
{"mapping": [3, 10, 11, 5, 2, 6, 1, 8, 4, 12, 13, 14, 15], "R": [[0.2132993839334957, 0.36548636092310655, -0.9060480631803015], [0.6632754154478864, 0.626746968888251, 0.4089669427372139], [0.7173347169041974, -0.6881918024566803, -0.10873337553575996]], "T": [0.03714843633651662, 0.02725406832597705, 0.12490698764923941], "aligned_model": [[0.5706190430736939, 0.14285048198189146, -0.030579670316053582, -0.7240505847813883, -0.4060016759064485, -0.5451596652159659, 0.04376135872416655, -0.6563315009921895, 0.15537014102836438, 0.5371144876936044, 0.3457798438618505, 0.634766455712433, 0.023920591756543045], [0.18397178960165983, -0.4111433348805585, -0.6838826045856113, -0.24666644776809504, -0.08427625850389917, 0.35982384642768855, 0.5160849765451174, 0.264514975742873, 0.5075979684506624, 0.24827055160856665, -0.4408510147584106, -0.42466926333127714, 0.013865751749992754], [-0.5202885350100475, -0.5189399129060677, 0.030510282678616496, -0.06694254680619754, -0.614352268112442, -0.20463522990708816, -0.3183988169671494, 0.3121634798470845, 0.66338483748973, 0.16130374323529828, 0.49498013021899784, -0.07094236082350833, 0.08979112490926493]], "inverted": true, "swapped": false, "error_lsq": 0.04343069849141274, "error_max": 0.2619319479737068, "target": "862.xyz", "model": "23.xyz", "model_rescale": 4.410303926677745, "target_rescale": 3.827543492724139},
{"mapping": [0, 2, 4, 6, 12, 13, 7, 14, 11, 1, 10, 3, 16], "R": [[0.35302098624646755, -0.5763910679246984, -0.736986784200502], [0.5823033843427026, 0.7519045992553399, -0.30913143192128056], [0.7323243488049582, -0.32002001567916416, 0.6010725727498315]], "T": [-0.11221667267363537, -0.05557756255713815, 0.10203832235729496], "aligned_model": [[0.24011947384779064, 0.3168457251928783, 0.1332911044490524, -0.8146285477894208, -0.33527948724411843, -0.5468834292832708, 0.09473964927484842, -0.6416532838795028, -0.006002430514306642, 0.6658589045714909, 0.2976229346216931, 0.6872733909113155, 0.0007553024620522569], [-0.025361843851100255, -0.5911410656679253, -0.6957219857000397, -0.030342356313457927, 0.03343668685296344, 0.4379216940895494, 0.521569567546391, 0.2106696435589504, 0.3744374728189037, 0.3058235575453813, -0.25717127818509256, -0.4018736163550125, -0.07960554004080217], [-0.5652937248903083, -0.4996020553195354, 0.040188327349462864, -0.1875801021635953, -0.66509613713566, -0.14637648842653034, -0.15486860184116472, 0.4290846340088096, 0.55428503679956, 0.12000985689514312, 0.5659083649198011, -0.1218939575556566, 0.06886877520616588]], "inverted": false, "swapped": false, "error_lsq": 0.04410567999909301, "error_max": 0.2728218478535274, "target": "862.xyz", "model": "24.xyz", "model_rescale": 4.28219845311461, "target_rescale": 3.827543492724139},
{"mapping": [14, 10, 8, 5, 11, 9, 13, 3, 4, 2, 0, 6, 15], "R": [[0.05761713285063769, 0.9842275964595621, -0.16726118608184432], [0.9919751496850082, -0.03755415648489896, 0.12072691389294041], [0.11254140753286185, -0.17287487873644655, -0.9784930801453741]], "T": [-0.057542276872591995, 0.11322807453539876, -0.041669316492456906], "aligned_model": [[0.47064660760392224, 0.1299461955205889, -0.12134092814505049, -0.7055524952495326, -0.20861085690236125, -0.6467674419619952, 0.1479912399032077, -0.6027982326307734, 0.050007154882006875, 0.6071694801601977, 0.4191916185079328, 0.5659443173095074, -0.013767352377148954], [0.03463089821668326, -0.4649723788382577, -0.5774647268910797, -0.4246278211092406, -0.004402348616243862, 0.38326505455683657, 0.6566807011898472, 0.17440144906231264, 0.38188382007270527, 0.2503396296503644, -0.1648884044604275, -0.5357693095541605, 0.09356437301936905], [-0.5847932536235773, -0.5518037372739287, -0.07029173921106151, -0.16845446275775894, -0.5513932014787788, -0.2334176362377331, -0.16549044958837542, 0.505138790450963, 0.6298258682592797, 0.04854557088350046, 0.5591053410473574, 0.005912163950431357, 0.0147506734261737]], "inverted": false, "swapped": false, "error_lsq": 0.043878918209151845, "error_max": 0.3046049274686772, "target": "862.xyz", "model": "25.xyz", "model_rescale": 4.100010024507729, "target_rescale": 3.827543492724139},
{"mapping": [3, 2, 10, 11, 5, 6, 7, 9, 1, 0, 4, 12], "R": [[0.9441998109876852, -6.591165562493118e-05, 0.32937321170136696], [0.0627730124718299, 0.9817070307602873, -0.17975220349423346], [-0.32333614990599385, 0.1903977452898917, 0.9269317303623252]], "T": [0.024433584687807992, 0.09007829641166615, 0.0652464537463224], "aligned_model": [[-0.7109752574470705, -0.007549414125680921, 0.40589235490233144, 0.7225880422480284, -0.5794649411451198, 0.03832696247540648, -0.3227222515868137, 0.614609821839867, 0.09307546657725654, 0.1299225749348416, -0.4832757821767383, -0.023661974133301303], [-0.21264465094578117, -0.5400572939735813, -0.3599591793823438, -0.3211311454092359, 0.5456337600744148, 0.7405008831063558, 0.19259885174325303, 0.36019791079657626, -0.314902789204293, 0.40248155310301337, 0.1083233569382148, 0.06509013320404654], [0.14525190529309423, -0.027180382317196383, 0.5036976835391286, -0.2621525220539145, 0.0962389910469865, 0.053065542504146926, 0.6548656631394397, -0.07641074101227638, -0.5959568987697413, -0.569035500379634, -0.4294116392643679, 0.0722201881286913]], "inverted": false, "swapped": true, "error_lsq": 0.048809690082440176, "error_max": 0.24134556978887628, "target": "862.xyz", "model": "26.xyz", "model_rescale": 3.6694154284099745, "target_rescale": 3.827543492724139},
{"mapping": [4, 2, 6, 1, 0, 5, 8, 7, 9, 10, 12, 11, 13], "R": [[0.17585014097671797, -0.028540483574259024, -0.9840031345050767], [0.14982779593976728, -0.9871583629183924, 0.05540756341973068], [-0.9729482820182686, -0.1571744486792541, -0.16931577953655902]], "T": [-0.010390927711871676, 0.0474012369556597, 0.008046829130070494], "aligned_model": [[0.2973294201168639, 0.28254899860620736, -0.2639948709823199, -0.7965994434108504, -0.23659241497952113, -0.6612171264489747, 0.09107563932470239, -0.4505820874295739, 0.2947873233853203, 0.5426665180058505, 0.24975181286917175, 0.7295145225945023, 0.01337101496912292], [0.3304162298155971, -0.4633665506044742, -0.5835848288193536, -0.3190936987827221, -0.12763264074992905, 0.33872884175428153, 0.676179756059451, 0.3192366935326578, 0.2555363141649531, 0.2580519744080629, -0.5415868827776879, -0.3453855474171785, 0.005141275715049902], [-0.6995839159888637, -0.3317061884620731, 0.10149230285588356, -0.15689038806567718, -0.5878804918969068, -0.33478255327590295, -0.04390797928556159, 0.36646802294037384, 0.5811171216446045, -0.09986261642306082, 0.4718911593674999, 0.19361066147398215, -0.022331207037806392]], "inverted": true, "swapped": false, "error_lsq": 0.04905021476751727, "error_max": 0.26146111429000407, "target": "862.xyz", "model": "27.xyz", "model_rescale": 4.103607728864725, "target_rescale": 3.827543492724139},
{"mapping": [1, 4, 13, 12, 2, 3, 0, 10, 9, 7, 11, 8, 14], "R": [[0.16189656003197944, 0.9474198722339973, 0.2760164660775295], [-0.8713484739981128, 0.2685363858678503, -0.4106580649715692], [-0.46318607568770054, -0.17402239844672093, 0.8690079770220056]], "T": [-0.01810504720355372, 0.00864608754545982, 0.15566594548701498], "aligned_model": [[0.4400013832713478, 0.1497422481753175, -0.09022610053626268, -0.7191798344535335, -0.24736739739535457, -0.5776482539014939, -0.017745518559924962, -0.3610415571115732, -0.060835756824343154, 0.7025180140238839, 0.25983172579843666, 0.5982929986996076, 0.01571735543439396], [0.31779909735663936, -0.508236869709729, -0.6282791674916698, -0.3255199929612173, -0.039626311015631736, 0.3590301134611298, 0.588177846045, 0.10760951576812272, 0.7348753188323208, 0.019906983375759087, -0.42595831936613493, -0.4695896848394721, 0.07245240684359117], [-0.5496167970759247, -0.5697777677448567, 0.0608118147610994, -0.21055910887974524, -0.5417788598945811, -0.20164804358719154, -0.26126876476296157, 0.5195011641675008, 0.5310179351351187, 0.13003702791956726, 0.609462588451183, -0.09657198152788013, 0.018024720885162826]], "inverted": false, "swapped": false, "error_lsq": 0.04926075985048066, "error_max": 0.3569058178926187, "target": "862.xyz", "model": "28.xyz", "model_rescale": 4.137296879288765, "target_rescale": 3.827543492724139},
