[{"mapping": [9, 7, 6, 14, 15, 8, 2, 1, 4, 3, 5, 16], "R": [[0.8662021583960158, 0.49903107138657105, 0.02572567940511175], [-0.17914170891441333, 0.35818503099357846, -0.9163032967851599], [-0.46647836918479635, 0.7890953512490744, 0.3996579258813624]], "T": [-0.10866070143324283, -0.08460813017708159, 0.067975264768565], "aligned_model": [[-0.2260610144716271, 0.25739935911449774, 0.40535490855422696, -0.023941352535994415, -0.17979260984898393, -0.7165471543106796, 0.32925835030108286, -0.2134479832178738, 0.6583276559749376, 0.3279731376024946, -0.7248690968762388, -0.056011737825293756], [-0.3987770654462868, -0.6129961706611797, -0.2682219179526786, 0.6007596314503153, 0.36066628808048606, -0.466701178137394, -0.17296260055576002, -0.6724413329300588, 0.11787439038252844, 0.449401845946777, 0.09730005973062174, 0.01965308606968677], [-0.4446033447147232, -0.02035457869815166, -0.4903183899326007, -0.1220526898781478, -0.6736137694332416, -0.005410177865305413, 0.4957329202256372, 0.49404085913757756, 0.09154468980460467, 0.3836359300072504, 0.4371624711440286, 0.03618782555663442]], "inverted": true, "swapped": true, "error_lsq": 0.04190522286270731, "error_max": 0.22748991059708917, "target": "863.xyz", "model": "0.xyz", "model_rescale": 3.751011558992144, "target_rescale": 4.27274403809054},
{"mapping": [8, 9, 1, 5, 6, 2, 15, 11, 7, 3, 10, 14, 13, 0, 16], "R": [[-0.47634223870941594, -0.3677641819431842, -0.7986536033230944], [-0.7070138213138104, 0.7001995708047566, 0.09925732978515095], [0.5227136195782021, 0.6119395946696826, -0.593548990718508]], "T": [-0.04388707258188462, 0.08355581693301617, -0.04744550256918326], "aligned_model": [[0.09750640754776443, 0.011638793395946645, -0.5471425528479366, 0.31785487974710536, -0.2705584343947546, -0.5401242693480094, 0.5923087430666375, 0.6305931075956787, -0.5975936398178531, -0.06935198337131382, 0.09322733492544688, 0.44720502043470456, 0.6875315706200376, -0.32142386584807214, 0.007415099383651924], [0.06474139391256419, -0.4484771576993729, 0.3352610143927187, 0.6365509165362744, -0.6176687638552415, 0.3385815992342618, -0.45408925376187437, -0.21461102302732143, -0.24460852831836177, 0.41387459103925067, -0.40892658088517636, 0.08264814380802302, 0.33407806575734333, 0.6609955838457426, 0.07040734884827544], [-0.7549484081076108, -0.3459075209245205, -0.5180180841563516, -0.3827688528763774, 0.2104731983501343, 0.21951276199150685, 0.19643154371981666, -0.37660977391997574, -0.12937993005354245, 0.6349755297570933, 0.5769948159299642, 0.473941774422708, 0.08177474867085602, -0.09820823396674669, 0.061402836015022055]], "inverted": true, "swapped": true, "error_lsq": 0.03969719673865725, "error_max": 0.3014359960600595, "target": "863.xyz", "model": "1.xyz", "model_rescale": 3.9405287249114394, "target_rescale": 4.27274403809054},
{"mapping": [1, 7, 2, 11, 10, 0, 8, 9, 14, 12, 13, 5, 16], "R": [[0.5270395543481878, -0.8004802594366021, -0.28541314336374585], [0.1864790614034353, -0.21872781004425246, 0.9578014954944158], [-0.8291289814079337, -0.5580228484260801, 0.03399459992243803]], "T": [0.0007471947673196588, 0.028450469733200055, -0.0723915330636107], "aligned_model": [[-0.3566279492390322, 0.1697322697110594, -0.3910672147229453, 0.4851898891099725, 0.48337354859321746, -0.6274413222923507, 0.08899489269244654, 0.5407485810880981, 0.11140943120192494, -0.565515357438113, -0.04750406693156162, -0.41772308374592476, 0.022413661257139866], [0.6544695822173799, 0.5685410306886544, 0.20229729942417773, -0.23741810330927757, -0.36175793750247187, 0.16411393771153363, 0.35062966704357096, 0.26709013712312624, -0.6665321313510776, -0.5916085057452735, -0.6629274544139162, -0.15349901563125454, -0.07456591268315421], [0.06341427181458141, -0.38979077836009324, -0.5182782545883836, 0.5165102186782037, -0.5882153264169989, -0.07624139255549775, 0.5673891861781023, 0.09092226368724866, -0.20569574875223257, -0.02000891741486798, 0.293806342211995, 0.511457403132993, -0.13214891802640574]], "inverted": true, "swapped": true, "error_lsq": 0.041155273082514224, "error_max": 0.2631677344513823, "target": "863.xyz", "model": "2.xyz", "model_rescale": 3.932901565614263, "target_rescale": 4.27274403809054},
{"mapping": [9, 8, 11, 7, 15, 14, 13, 10, 2, 3, 5, 1, 12, 16], "R": [[-0.9597020304900439, -0.0190093773060733, 0.28037591952184926], [0.2787444380243487, 0.06230692323919346, 0.9583419982380796], [-0.03568684552853004, 0.9978759897356488, -0.05449732255186701]], "T": [0.024756691309317756, 0.05989281340758318, 0.02380574564012175], "aligned_model": [[-0.12776192424448696, 0.526571100635524, 0.20386702495193482, -0.279992384917866, -0.36079327762565266, -0.2122912832365036, 0.28624543826348964, -0.7080485619751047, -0.0991543235672917, -0.21627641869509454, 0.7228197737711518, 0.39815727982214905, 0.3324837758741221, -0.04601630700366783], [0.15468618153685385, 0.20313864051502664, -0.4172378189378858, 0.6205829496899271, -0.588623072149006, -0.5931166249759794, -0.6781595724833354, -0.27807925780257264, 0.39931327465711025, -0.19864458501676702, -0.1764564017569359, 0.6899143075463225, -0.4453222682802081, -0.028499114192062955], [-0.5618341382115312, -0.474761593533814, -0.6026461228208424, -0.09345730103725225, -0.4052184019702958, 0.19817286251897345, 0.06034083845425315, 0.017778796591828478, 0.5257978083137522, 0.6950127726201658, 0.10093907771028868, 0.06509807917936508, 0.6220800240311223, 0.0665936612110839]], "inverted": true, "swapped": true, "error_lsq": 0.043953964190456905, "error_max": 0.3387959474756715, "target": "863.xyz", "model": "3.xyz", "model_rescale": 3.9243930471874484, "target_rescale": 4.27274403809054},
{"mapping": [13, 14, 11, 8, 9, 12, 0, 15, 6, 4, 7, 2, 16], "R": [[-0.0009321464646630979, -0.9734145605953555, 0.22904851958464897], [0.9777950154471742, -0.04888701979644428, -0.203781665176439], [0.20956153957639426, 0.22377254638666685, 0.9518454751765111]], "T": [0.027693508493030823, -0.13757548378043505, 0.030415921899987222], "aligned_model": [[-0.10343688086396954, -0.2672347800582348, 0.5833001686985049, 0.582861349702769, 0.6061244042455635, -0.6152802480240498, -0.36391594840504776, 0.3146744845640585, 0.2606272496325708, -0.46997889128258724, 0.20649736927810097, -0.4226947391521283, -0.03433765202419759], [-0.4550786874207151, 0.03707377818451191, -0.30566628737981155, -0.5898658610193797, 0.06365553712994237, -0.5245534644356697, -0.5196727227516491, 0.22889640299664415, 0.6052920788262799, 0.4745230146984858, 0.21564976408601377, -0.02557386277618995, -0.07685013645687523], [-0.6741612837880181, -0.5984973473273807, -0.531031151579628, 0.12057435370564205, 0.018351123857414497, -0.34998273798479557, 0.36758641907643075, -0.702130067900801, 0.08964034183951276, 0.1169228001804397, 0.5444754069206744, 0.4392707658060651, -0.05394830743459267]], "inverted": true, "swapped": true, "error_lsq": 0.03870252917836373, "error_max": 0.21200779864654262, "target": "863.xyz", "model": "4.xyz", "model_rescale": 3.8936222436046832, "target_rescale": 4.27274403809054},
{"mapping": [6, 10, 9, 7, 11, 13, 12, 5, 1, 2, 8, 16], "R": [[-0.06754342666499653, -0.3251779526700226, -0.9432376077169966], [0.7181203318103538, 0.6404672571512084, -0.27222211805398056], [0.6926334344766629, -0.695744918497103, 0.190257546054084]], "T": [-0.029840258358998194, -0.08348831067755065, -0.006413954847412921], "aligned_model": [[-0.10047860668631417, -0.4919573306161903, -0.12846987101698115, 0.4082125942542853, -0.6147031247140058, -0.6653713940625932, -0.2848054948392937, -0.0968013521779274, 0.647704519161068, 0.40214830933753837, 0.06737658440891486, -0.11530679083340348], [-0.4652158952572129, -0.6566214465159109, 0.16783919796502267, -0.23514298782126614, 0.43948501331969275, 0.08155630594435577, -0.2305900617626015, 0.40600095603041275, 0.19406078242620728, -0.4881991979931644, 0.6230005756107208, -0.1672503368364486], [-0.6838445049174867, -0.33691539872729737, -0.5562579938220767, -0.46040361080831205, -0.1977524647832557, 0.4217133068228808, 0.7817637868695725, 0.5458713330369566, 0.03785471082278774, 0.1728935887128697, -0.1174490804405318, 0.011811046509411404]], "inverted": false, "swapped": true, "error_lsq": 0.04411627288291467, "error_max": 0.23019660387524235, "target": "863.xyz", "model": "5.xyz", "model_rescale": 3.6523030999806103, "target_rescale": 4.27274403809054},
{"mapping": [6, 15, 11, 9, 8, 4, 13, 7, 3, 0, 5, 1, 16], "R": [[-0.030136863328571517, -0.7201136725474632, 0.6932013185784631], [-0.9059674630091509, -0.27330734628703224, -0.3233048877364881], [0.4222732828838191, -0.6377612351623021, -0.6441629308542809]], "T": [0.05459429533545687, -0.06545353920394717, -0.036054201673774475], "aligned_model": [[0.18334733216830612, -0.10901189400017638, 0.27863501487311104, 0.5187019831858882, 0.637600592245404, -0.4136534205998518, -0.3620265063156832, 0.4135583284051917, -0.6674570275200657, -0.06430712853267367, 0.017332894615251393, 0.4968688850144215, -0.04850614887482828], [-0.6528290418862317, 0.10359839500690471, 0.49097800918203427, -0.10948564572530343, 0.3560452103170897, -0.7034792920717089, 0.5590431933160593, -0.6031188906956676, -0.25415808396956263, -0.02116141793101463, 0.6015900248196189, -0.14693752121494427, -0.0792580349840905], [0.4619724538445114, 0.7993725215931388, 0.5046543921066639, 0.36129578506705406, -0.09392407291638084, 0.02304778244937937, 0.18947504435270973, -0.0913429280950822, -0.17203177893271576, -0.6660866376030038, -0.35662719060508635, -0.615548539340321, 0.025852907560921755]], "inverted": true, "swapped": true, "error_lsq": 0.04385701716696014, "error_max": 0.2469252516909293, "target": "863.xyz", "model": "6.xyz", "model_rescale": 4.08911054899281, "target_rescale": 4.27274403809054},
{"mapping": [12, 5, 13, 3, 4, 6, 14, 15, 2, 0, 7, 1, 9, 11, 16], "R": [[-0.5153409623860423, -0.7026396038274413, -0.49063354922003066], [0.8214415582880384, -0.5681730916541927, -0.04912335735101728], [-0.24424876418182176, -0.42834206547259956, 0.8699802389378279]], "T": [-0.002486477710014862, -0.026797509506587207, 0.09461152655314989], "aligned_model": [[0.0512480431215156, 0.3608819177069306, 0.5557529185131189, -0.36206153441826966, -0.5767394538661683, -0.18713870823684356, 0.224764078956725, 0.5626441104786818, -0.6009056301795694, -0.3321888098916904, -0.40715174586953806, -0.30559540740241103, 0.26287750845657865, 0.7885859600077754, 0.0013602924227196275], [-0.6994544785720465, -0.6595932948456567, -0.3635243125749155, -0.2723705318373495, 0.2185521585716628, 0.723870236286806, -0.03838578543969957, 0.4379592122487565, -0.1770065988777629, -0.5606096663247745, 0.36609957908401614, -0.25449050845600707, 0.4554169955120409, 0.1334378057113968, -0.009141994317353738], [-0.4078977298416989, 0.22359010148120817, -0.34060834742975066, -0.526562433675714, -0.39514646376257123, -0.015021335484697487, -0.5845348911348847, -0.3721988840790176, 0.05116077813817679, 0.2338277767350971, 0.4153512169940182, 0.7225773013831195, 0.36344774116147527, 0.12116595139000355, -0.025080749792683626]], "inverted": true, "swapped": true, "error_lsq": 0.04294463827007419, "error_max": 0.36312184251074653, "target": "863.xyz", "model": "7.xyz", "model_rescale": 3.964800864290218, "target_rescale": 4.27274403809054},
{"mapping": [15, 9, 11, 10, 13, 7, 14, 8, 1, 0, 2, 12, 5, 16], "R": [[0.8142684464640442, 0.47178649905363945, -0.33820762321943987], [0.5354370359854973, -0.385383372092707, 0.7515230116300631], [0.22421881631142748, -0.7930303624863078, -0.5664174843582584]], "T": [-0.026973767312445555, -0.11883448428601216, 0.12906556408837158], "aligned_model": [[-0.2147999359060276, 0.11391797732439013, 0.3875240401504583, -0.6958130144654808, 0.13769372785367429, -0.20480619647843507, -0.3612979832638233, 0.6563810609193859, 0.3272617483757275, 0.09970279798795806, -0.34466527007934916, -0.06408737485732816, 0.5394795222498711, -0.11530321035014815], [0.12464403554436217, -0.504489166867142, 0.05900432858613523, -0.05255659304586423, 0.5987544439620496, -0.7351632421435766, 0.44065892693918285, -0.31317036068467574, -0.5226676935545531, -0.005929979344873784, -0.21925474224657132, 0.6653451083723162, 0.32178825766716246, -0.04601485700274942], [-0.6825518903632404, -0.32551310499538, -0.5408157833776261, -0.31761809005030406, -0.13997578626765048, 0.22658756097302554, -0.1679384791955992, 0.0019191683129090586, 0.6285613877993007, 0.7489412221806477, 0.6501644999640462, 0.4316466211905159, 0.3136863634012995, 0.08972134915307672]], "inverted": false, "swapped": true, "error_lsq": 0.03651891744976842, "error_max": 0.2158850895620253, "target": "863.xyz", "model": "8.xyz", "model_rescale": 4.121658175737393, "target_rescale": 4.27274403809054},
{"mapping": [10, 14, 3, 2, 15, 9, 13, 8, 5, 11, 7, 1, 16], "R": [[0.7985130916822795, -0.5174240831736103, -0.3076510369947682], [-0.5343002886969199, -0.3737615479136519, -0.758172478265717], [0.27730857164969785, 0.7697886875325849, -0.5749133261948838]], "T": [0.017524415350201446, 0.11103618249802236, -0.025469465464316478], "aligned_model": [[-0.6385503526073915, -0.15840873037794528, 0.14181126911630423, 0.21364420115560606, -0.6017142019689883, -0.41035668723892776, 0.1800670951121273, 0.19212889293336416, 0.6218555778416546, -0.21218717879396004, -0.24263812225259485, 0.41984767920722155, -0.028761945691273445], [0.03057129103514697, -0.3485460231845887, 0.162537024931157, 0.611102118759651, -0.48748153665553684, 0.060046087746144956, -0.6212679363706792, -0.07026410167639477, -0.2918016085708529, -0.568671653672113, 0.6719852332119677, 0.575466563729515, 0.06671198012829263], [-0.488455733473874, -0.5459007142926705, -0.7720335020877134, -0.3321081928233082, -0.13318866652748865, 0.4098919436819509, -0.25294046769014805, 0.6509549157108961, 0.12152757413079185, 0.3452136018625446, 0.1711206335561898, 0.37515573561052773, -0.12816169369860989]], "inverted": false, "swapped": true, "error_lsq": 0.04046086798655188, "error_max": 0.22836962208128872, "target": "863.xyz", "model": "9.xyz", "model_rescale": 3.833441315466971, "target_rescale": 4.27274403809054},
{"mapping": [8, 1, 6, 4, 2, 7, 0, 14, 15, 10, 11, 13, 5, 9, 16], "R": [[-0.8461688924027642, -0.27008982371011697, -0.4594014504310117], [0.25118696735191, 0.5581501029472831, -0.790805646168822], [0.4700035244149025, -0.784550794855359, -0.40444621067503517]], "T": [-0.06834597473302113, -0.03090408463426421, -0.02871403622604822], "aligned_model": [[0.2846738847017545, -0.25672340317992626, -0.6066906284092732, -0.6466619879699183, -0.49641832592396656, -0.6415416890334585, -0.08268650382688232, 0.18361400067973843, 0.20756794800161132, -0.3373168814953155, 0.5198223812895505, 0.6152724063006214, 0.5594515493229648, -0.11353477626417414, -0.0649829558987939], [-0.6567129900347967, -0.5947105397034522, 0.04812823009595918, 0.5122666764572712, 0.10281637529654826, -0.3221196435890777, -0.08604549118773887, 0.6108417983293716, 0.32154473472193745, 0.53316061549082, -0.17438942559223608, 0.34890246360485827, -0.1614198904533649, -0.366778877147475, 0.08561750300635382], [0.03945232533243455, -0.4584771861839076, 0.5312473931048086, -0.04720572239644308, -0.4546590101976484, 0.05867144215532909, -0.668865569408822, 0.16543887462558005, 0.7148817468264487, 0.4819234571706155, 0.5057446032794516, 0.024628227856967513, -0.4001147130453191, 0.48154852389364516, 0.00390751480895217]], "inverted": true, "swapped": true, "error_lsq": 0.03965081496359422, "error_max": 0.2822391394467194, "target": "863.xyz", "model": "10.xyz", "model_rescale": 4.2482417240324, "target_rescale": 4.27274403809054},
{"mapping": [15, 11, 8, 5, 6, 7, 9, 0, 13, 3, 14, 16], "R": [[0.6997283983590108, -0.3460168494212136, -0.6250220063698164], [-0.6915197480092257, -0.5477322155655695, -0.4709457061539996], [-0.17938953883432132, 0.7617491450262677, -0.6225412704460322]], "T": [0.09405556811942108, 0.20279055846016492, -0.011469188077776395], "aligned_model": [[-0.6500580303715254, -0.16908287067597294, 0.40901425326187296, 0.6059294550239294, -0.5352135395104023, 0.037157262325017384, -0.1906420990169082, 0.6634524905741004, 0.011999377202885256, 0.007187343120392861, -0.3243447988446321, 0.011366759274249447], [-0.2409562721176971, -0.5287483498244971, -0.21945520817564024, -0.2975950897746463, 0.5570792516860403, 0.6900493924545035, 0.05913978025593064, 0.3994657265146326, -0.4213686151340744, 0.491162918986755, -0.025077302586547195, 0.20243515776588017], [-0.06311272098176643, 0.20712880626845956, 0.4819028817575174, -0.20304657835947526, 0.2853772154489371, 0.41319239718029616, 0.511535091577723, -0.2354027360278998, -0.47850731249622525, -0.7077110373942768, -0.5462909631854072, -0.09987275393352621]], "inverted": false, "swapped": true, "error_lsq": 0.040338735590802074, "error_max": 0.2029587008740593, "target": "863.xyz", "model": "11.xyz", "model_rescale": 3.6694154284099745, "target_rescale": 4.27274403809054},
{"mapping": [14, 15, 9, 11, 13, 4, 3, 2, 8, 1, 7, 5, 6, 16], "R": [[-0.9666289994637943, -0.10100581143340377, -0.23542770323881473], [0.002198188254051464, -0.9222284096360177, 0.3866392742966254], [-0.2561709299745455, 0.37321922045481676, 0.891674754671834]], "T": [0.053472588727733965, 0.04981050362063023, 0.08190676114575765], "aligned_model": [[0.1668285778928892, 0.06859163248122907, -0.09445450217367996, 0.48085574089499683, 0.647364723662614, -0.5540804554194158, -0.06094751172968659, -0.25054502201461476, 0.44167211074976226, 0.05786390747343536, -0.4845408569597617, 0.7706823884608124, -0.625407954438457, 0.03438207137568655], [-0.34853334763102034, 0.2025317452632271, 0.6119923742082932, 0.5120742331744127, -0.18372063969827931, -0.44631902816026037, -0.6930216255629599, -0.3316468255889611, 0.626242670453842, 0.25480149239748556, 0.2983479913707872, -0.010505109648124754, 0.26570487017459893, -0.0269615126167869], [-0.5024643163326945, -0.772336171786656, -0.11120176908923496, -0.4238915988958615, -0.3732721479356391, -0.038760614605962584, -0.020883744416320793, 0.462195885971486, 0.2766721282517193, 0.7861933152042709, 0.34604062861451657, 0.25818693440440665, -0.23766906061226437, -0.009714009119350137]], "inverted": true, "swapped": true, "error_lsq": 0.04313308412559642, "error_max": 0.2828208893669358, "target": "863.xyz", "model": "12.xyz", "model_rescale": 3.9764082729961374, "target_rescale": 4.27274403809054},
{"mapping": [4, 14, 3, 0, 7, 6, 9, 2, 12, 10, 13, 5, 15, 11, 8, 16], "R": [[0.47366118371245447, -0.8796197135799269, 0.04375205738801802], [-0.04113420682266555, 0.027528662740610277, 0.9987743237372417], [-0.87974602020878, -0.4748803346205038, -0.023143200243952042]], "T": [-0.05545463463204112, 0.18798686690345287, 0.04554880408513542], "aligned_model": [[-0.186831253264426, -0.1887929182366934, -0.5857790883163946, -0.6033632456205469, 0.24623989122457632, 0.5122862290687994, 0.5460919960926017, -0.4125833518495139, -0.7832924609932722, 0.22155256389376995, -0.2874553723864449, -0.4498936491140888, 0.4162084463440401, 0.37341873613078536, 0.19528310260566653, -0.07424931176946506], [0.019455422956258073, -0.5107450764995238, -0.1509525223819063, 0.5222409854896022, 0.6249728156277466, 0.10912363053487767, 0.24407380769866982, 0.45723667422542824, -0.20775327178552686, -0.36581415376896176, -0.42877650660830313, 0.1847714017247333, -0.538475917439995, -0.1909512907492865, 0.4964815673514943, 0.08057655096793592], [-0.718756871548767, -0.03818609722011621, -0.3779290392373694, 0.0788737067929656, -0.3273047116383657, -0.484610395481726, 0.14663139618477591, -0.38167460433907624, 0.19221915102688789, -0.47198035039916375, 0.4700615846768254, 0.6728526333093509, 0.10094837633948661, 0.6153291125931329, 0.6479341184832129, -0.007011066689355291]], "inverted": true, "swapped": true, "error_lsq": 0.036915658733528464, "error_max": 0.22542133938008158, "target": "863.xyz", "model": "13.xyz", "model_rescale": 4.170626492500431, "target_rescale": 4.27274403809054},
{"mapping": [11, 8, 15, 9, 14, 4, 6, 5, 12, 1, 0, 7, 3, 16], "R": [[0.7994330916953041, -0.46612089119814437, 0.3789961037941364], [-0.6007232966014603, -0.6267354716139908, 0.496320631790643], [0.006184886641002418, -0.624446926014883, -0.7810427541228468]], "T": [-0.035762454710257706, -0.010656503099110069, 0.13237344334543655], "aligned_model": [[0.024604519230691797, -0.044740208557893436, -0.14660594248248196, -0.4892223402153393, 0.2630672577013765, -0.24893957351561197, -0.7268481101563669, 0.5907593164017481, 0.7540122927798278, -0.12195613589244242, 0.31054977561351754, -0.6071040343683675, 0.29627841945211836, -0.010672213899133018], [-0.4078566928555011, -0.7289267872484614, 0.17368952207773916, -0.2947467397418078, 0.4475996784606304, 0.7346609565788196, 0.2971311711104465, -0.4062722748590783, 0.2789424142967593, -0.42584950928919657, -0.04793788980016345, -0.01382803824257001, 0.6578415597883273, 0.09162709764972185], [-0.5681720106779907, 0.06227594748470994, -0.7084675736237848, -0.16576855968589188, -0.3299241181289905, 0.3023241116156355, -0.06072041904529521, 0.140196548783066, 0.14845650256750692, 0.7309096213019218, 0.6724828288049587, 0.439871071336784, 0.2677123415641273, 0.07269680882410937]], "inverted": false, "swapped": true, "error_lsq": 0.04033876821043013, "error_max": 0.29341034670571337, "target": "863.xyz", "model": "14.xyz", "model_rescale": 3.9786697098870705, "target_rescale": 4.27274403809054},
{"mapping": [13, 15, 5, 12, 8, 1, 10, 7, 0, 3, 9, 16], "R": [[-0.5699558828897636, 0.6819664447897897, 0.45833618637428686], [-0.036991534499351664, -0.5785377823062638, 0.8148163356361564], [0.8208422003861239, 0.4474548051199416, 0.354967997769294]], "T": [0.019785584434111502, 0.0723527826318769, 0.05476981866969785], "aligned_model": [[-0.020565898321393928, -0.7350029151121873, 0.4580983358292646, 0.4649108850406543, 0.06152998720181495, 0.4984935218038248, -0.5789120763588069, -0.08035014451715934, 0.6580779703795672, 0.23027714782182887, -0.4464796229617192, -0.026722594038351453], [-0.4205264315115076, -0.24383580660288728, 0.04283255872526606, -0.5852903501800245, 0.6248527670357545, 0.6121630107670081, -0.37364083759488337, 0.47314540875590533, 0.060411748456654604, -0.6002325027913156, 0.4633719533188863, -0.03857702815441731], [-0.5534031338813913, -0.23437106150504586, -0.5419822721235914, -0.22314982106292505, -0.40773167554774337, 0.18707162397705845, 0.36122664426226925, 0.5551038642169678, 0.12879989819503088, 0.33544713365011647, -0.01539105943829469, 0.06834635313137932]], "inverted": true, "swapped": true, "error_lsq": 0.047135936639816474, "error_max": 0.2143751035578509, "target": "863.xyz", "model": "15.xyz", "model_rescale": 3.769337070930944, "target_rescale": 4.27274403809054},
{"mapping": [10, 3, 9, 7, 15, 14, 11, 12, 8, 1, 16], "R": [[-0.6527804241437688, -0.3760327606681487, -0.6576298964911589], [0.11543626707602683, -0.907342242343084, 0.4042332538317165], [-0.748700331306347, 0.18796121452075032, 0.6357030719901006]], "T": [-0.11400790238780595, 0.044136827590134986, 0.10837297491423198], "aligned_model": [[-0.15889054107443878, -0.21841780308054332, -0.07661637385968606, -0.6823717914437757, 0.3903167554557038, 0.2700530276411924, 0.5631776914119442, 0.25729028621243566, 0.1493241630816815, -0.4857744425482307, -0.08546484110511207], [-0.08745529808034391, -0.6797669869988716, 0.6210915124486627, 0.3508919798399324, 0.20073075036621196, -0.3600578244366603, 0.45804733794243263, -0.690512703010238, 0.5705242483397233, 0.24178527083879334, -0.029213789624300296], [-0.686569818927067, -0.09292098781351091, -0.0939805511327485, 0.046245551926695105, -0.580407348874475, -0.34122778754189875, -0.04087130942580616, 0.28243638822863104, 0.5260797699921345, 0.7090266787121722, 0.016407022079650307]], "inverted": true, "swapped": true, "error_lsq": 0.03977340381346683, "error_max": 0.17786839538600527, "target": "863.xyz", "model": "16.xyz", "model_rescale": 3.7852294659196426, "target_rescale": 4.27274403809054},
{"mapping": [9, 1, 5, 8, 7, 2, 3, 12, 11, 15, 10, 13, 16], "R": [[0.5060590835066526, 0.5444918878363488, 0.6689041695794817], [-0.5708361285389479, -0.3699414835317579, 0.7330002817987099], [0.6465681080559671, -0.7527761173434843, 0.12360339316619157]], "T": [-0.12519382400743495, 0.033328857285065454, -0.018105013736836897], "aligned_model": [[0.036678464530905786, -0.5443086464973639, 0.2453014755976472, 0.15642027474013687, -0.6194170988819565, -0.6857775876870431, -0.3166734873780688, 0.08955002142872581, 0.625631134665324, 0.4947970919115451, -0.07250353823375033, 0.5398786392078123, -0.09581089318763189], [-0.12767605612011637, -0.5623447887795093, -0.34450870004444656, -0.6165800874806073, -0.0722553947535304, 0.1460885646087109, 0.6120410875204944, 0.2947690958228214, -0.09813443921372988, 0.49713989348485826, 0.7640429491360257, 0.23270713086194017, 0.14976636865996318], [-0.5865208512644943, 0.06893412884295742, 0.5006189810456063, -0.15673517994262928, -0.4250342100295686, 0.21766460350213296, 0.4334313775554094, 0.7522224698988178, -0.2848546689304462, -0.4102452163112067, -0.3565509237869859, 0.34570733460800174, -0.00288314804442053]], "inverted": false, "swapped": true, "error_lsq": 0.040758567594539434, "error_max": 0.2521469530211225, "target": "863.xyz", "model": "17.xyz", "model_rescale": 3.901054581598922, "target_rescale": 4.27274403809054},
{"mapping": [8, 9, 1, 5, 6, 2, 15, 11, 7, 3, 10, 14, 13, 0, 16], "R": [[-0.47634223870941594, -0.3677641819431842, -0.7986536033230944], [-0.7070138213138104, 0.7001995708047566, 0.09925732978515095], [0.5227136195782021, 0.6119395946696826, -0.593548990718508]], "T": [-0.04388707258188462, 0.08355581693301617, -0.04744550256918326], "aligned_model": [[0.09750640754776443, 0.011638793395946645, -0.5471425528479366, 0.31785487974710536, -0.2705584343947546, -0.5401242693480094, 0.5923087430666375, 0.6305931075956787, -0.5975936398178531, -0.06935198337131382, 0.09322733492544688, 0.44720502043470456, 0.6875315706200376, -0.32142386584807214, 0.007415099383651924], [0.06474139391256419, -0.4484771576993729, 0.3352610143927187, 0.6365509165362744, -0.6176687638552415, 0.3385815992342618, -0.45408925376187437, -0.21461102302732143, -0.24460852831836177, 0.41387459103925067, -0.40892658088517636, 0.08264814380802302, 0.33407806575734333, 0.6609955838457426, 0.07040734884827544], [-0.7549484081076108, -0.3459075209245205, -0.5180180841563516, -0.3827688528763774, 0.2104731983501343, 0.21951276199150685, 0.19643154371981666, -0.37660977391997574, -0.12937993005354245, 0.6349755297570933, 0.5769948159299642, 0.473941774422708, 0.08177474867085602, -0.09820823396674669, 0.061402836015022055]], "inverted": true, "swapped": true, "error_lsq": 0.03969719673865725, "error_max": 0.3014359960600595, "target": "863.xyz", "model": "18.xyz", "model_rescale": 3.9405287249114394, "target_rescale": 4.27274403809054},
{"mapping": [8, 9, 15, 6, 1, 13, 11, 0, 5, 12, 10, 3, 7, 2, 4, 16], "R": [[0.3254004310012849, 0.05984998280204769, -0.9436803161361228], [-0.5410268784074438, 0.8302775756171666, -0.13389945581658386], [0.7755027249113154, 0.5541273562872301, 0.302553130324659]], "T": [0.003956124703112587, -0.011449186602352474, -0.07363763041683359], "aligned_model": [[-0.4517443479798706, -0.04295673133336773, 0.7093599072449139, 0.26864612323425846, -0.7180401219618031, 0.45422464108420824, 0.22451767925156468, -0.3577509610271139, -0.20042616697436383, 0.2948297385690465, 0.7006609678406462, 0.4194853484839589, -0.2856909578326069, -0.14936333508935296, 0.38069882894481055, 0.12071448551645778], [-0.2365622312871781, -0.6048549535393254, -0.4104722674002147, -0.6128628859112845, 0.054562338314071576, 0.3094514827385606, -0.35519415336170046, 0.5055252659748714, 0.43348136933595527, 0.7584009520758443, -0.28116237622019624, 0.5090061663015764, -0.3812050419888414, 0.28290016312723554, 0.06907171415437288, 0.01226658666388912], [-0.586051190338228, -0.21817331457116845, -0.38423292362674477, 0.3480952734604959, 0.03782553734560222, -0.6292575775771192, -0.7703212701852544, 0.048614610636939296, -0.6298455490608776, -0.24854804822423837, 0.23152157584939287, 0.2895690729733351, 0.37400198522017325, 0.4482893986520148, 0.620197471513286, -0.05224129539273089]], "inverted": true, "swapped": true, "error_lsq": 0.036598176793901586, "error_max": 0.22090773250602336, "target": "863.xyz", "model": "19.xyz", "model_rescale": 4.410303926677745, "target_rescale": 4.27274403809054},
{"mapping": [15, 9, 11, 10, 13, 7, 14, 8, 1, 0, 2, 12, 5, 16], "R": [[0.8142684464640442, 0.47178649905363945, -0.33820762321943987], [0.5354370359854973, -0.385383372092707, 0.7515230116300631], [0.22421881631142748, -0.7930303624863078, -0.5664174843582584]], "T": [-0.026973767312445555, -0.11883448428601216, 0.12906556408837158], "aligned_model": [[-0.2147999359060276, 0.11391797732439013, 0.3875240401504583, -0.6958130144654808, 0.13769372785367429, -0.20480619647843507, -0.3612979832638233, 0.6563810609193859, 0.3272617483757275, 0.09970279798795806, -0.34466527007934916, -0.06408737485732816, 0.5394795222498711, -0.11530321035014815], [0.12464403554436217, -0.504489166867142, 0.05900432858613523, -0.05255659304586423, 0.5987544439620496, -0.7351632421435766, 0.44065892693918285, -0.31317036068467574, -0.5226676935545531, -0.005929979344873784, -0.21925474224657132, 0.6653451083723162, 0.32178825766716246, -0.04601485700274942], [-0.6825518903632404, -0.32551310499538, -0.5408157833776261, -0.31761809005030406, -0.13997578626765048, 0.22658756097302554, -0.1679384791955992, 0.0019191683129090586, 0.6285613877993007, 0.7489412221806477, 0.6501644999640462, 0.4316466211905159, 0.3136863634012995, 0.08972134915307672]], "inverted": false, "swapped": true, "error_lsq": 0.03651891744976842, "error_max": 0.2158850895620253, "target": "863.xyz", "model": "20.xyz", "model_rescale": 4.121658175737393, "target_rescale": 4.27274403809054},
{"mapping": [6, 15, 11, 9, 8, 4, 13, 7, 3, 0, 5, 1, 16], "R": [[-0.030136863328571517, -0.7201136725474632, 0.6932013185784631], [-0.9059674630091509, -0.27330734628703224, -0.3233048877364881], [0.4222732828838191, -0.6377612351623021, -0.6441629308542809]], "T": [0.05459429533545687, -0.06545353920394717, -0.036054201673774475], "aligned_model": [[0.18334733216830612, -0.10901189400017638, 0.27863501487311104, 0.5187019831858882, 0.637600592245404, -0.4136534205998518, -0.3620265063156832, 0.4135583284051917, -0.6674570275200657, -0.06430712853267367, 0.017332894615251393, 0.4968688850144215, -0.04850614887482828], [-0.6528290418862317, 0.10359839500690471, 0.49097800918203427, -0.10948564572530343, 0.3560452103170897, -0.7034792920717089, 0.5590431933160593, -0.6031188906956676, -0.25415808396956263, -0.02116141793101463, 0.6015900248196189, -0.14693752121494427, -0.0792580349840905], [0.4619724538445114, 0.7993725215931388, 0.5046543921066639, 0.36129578506705406, -0.09392407291638084, 0.02304778244937937, 0.18947504435270973, -0.0913429280950822, -0.17203177893271576, -0.6660866376030038, -0.35662719060508635, -0.615548539340321, 0.025852907560921755]], "inverted": true, "swapped": true, "error_lsq": 0.04385701716696014, "error_max": 0.2469252516909293, "target": "863.xyz", "model": "21.xyz", "model_rescale": 4.08911054899281, "target_rescale": 4.27274403809054},
{"mapping": [0, 1, 4, 13, 3, 6, 15, 2, 8, 11, 14, 5, 7, 10, 12, 9, 16], "R": [[-0.2828033806960624, 0.250990194880699, -0.9257570793359493], [-0.5747555042176865, 0.7283486946897967, 0.37304730171272227], [0.7679051752907722, 0.637583015000728, -0.061721477171487155]], "T": [-0.022012154770623665, 0.0055190618772494315, 0.09868376201642645], "aligned_model": [[0.3710929871335458, -0.0025559505821098165, -0.22796441597982778, -0.10323434760968832, -0.6706470636918129, 0.7131627662643363, -0.6129397633918606, -0.5102232231639591, 0.41348694278629516, -0.07177712153108239, -0.5700009481143615, 0.27685613767134315, 0.4344740315174749, 0.48027928829463384, -0.14684639392402293, -0.14128232819976444, -0.012681092546277776], [-0.5053341137884613, 0.19253489853273947, -0.5849420979584719, -0.6042354886623829, -0.550851180071753, -0.05665772162632032, 0.37184626660601694, -0.15624399232793706, 0.42410117523835694, 0.7153430888474905, -0.012431310203830703, 0.5671055033960155, -0.4434852412372941, 0.1064557849971067, -0.24947863888364485, 0.38318841615101684, -0.04027364127053599], [-0.33094023463650224, -0.6724484667385787, -0.209912204736267, 0.3402045882713545, 0.2536151406873948, -0.007221911229908368, -0.12066973884227294, -0.40800795526904554, -0.24174474510560004, -0.18339127955501153, 0.4321633752747014, 0.4036878053064794, 0.40821838935592825, 0.722102155524497, 0.7801249490426692, 0.6908730021543548, 0.08964993400200334]], "inverted": false, "swapped": false, "error_lsq": 0.037673209069592074, "error_max": 0.3266854401368858, "target": "863.xyz", "model": "22.xyz", "model_rescale": 4.204369325754507, "target_rescale": 4.27274403809054},
{"mapping": [8, 9, 15, 6, 1, 13, 11, 0, 5, 12, 10, 3, 7, 2, 4, 16], "R": [[0.3254004310012849, 0.05984998280204769, -0.9436803161361228], [-0.5410268784074438, 0.8302775756171666, -0.13389945581658386], [0.7755027249113154, 0.5541273562872301, 0.302553130324659]], "T": [0.003956124703112587, -0.011449186602352474, -0.07363763041683359], "aligned_model": [[-0.4517443479798706, -0.04295673133336773, 0.7093599072449139, 0.26864612323425846, -0.7180401219618031, 0.45422464108420824, 0.22451767925156468, -0.3577509610271139, -0.20042616697436383, 0.2948297385690465, 0.7006609678406462, 0.4194853484839589, -0.2856909578326069, -0.14936333508935296, 0.38069882894481055, 0.12071448551645778], [-0.2365622312871781, -0.6048549535393254, -0.4104722674002147, -0.6128628859112845, 0.054562338314071576, 0.3094514827385606, -0.35519415336170046, 0.5055252659748714, 0.43348136933595527, 0.7584009520758443, -0.28116237622019624, 0.5090061663015764, -0.3812050419888414, 0.28290016312723554, 0.06907171415437288, 0.01226658666388912], [-0.586051190338228, -0.21817331457116845, -0.38423292362674477, 0.3480952734604959, 0.03782553734560222, -0.6292575775771192, -0.7703212701852544, 0.048614610636939296, -0.6298455490608776, -0.24854804822423837, 0.23152157584939287, 0.2895690729733351, 0.37400198522017325, 0.4482893986520148, 0.620197471513286, -0.05224129539273089]], "inverted": true, "swapped": true, "error_lsq": 0.036598176793901586, "error_max": 0.22090773250602336, "target": "863.xyz", "model": "23.xyz", "model_rescale": 4.410303926677745, "target_rescale": 4.27274403809054},
{"mapping": [13, 11, 7, 12, 0, 14, 3, 1, 9, 10, 2, 8, 6, 15, 5, 4, 16], "R": [[-0.1427221334251345, -0.40323272342779765, -0.9038991997936382], [-0.34231747048033884, 0.8769989489685874, -0.3371818395345981], [0.9286813996384985, 0.26129717615197146, -0.26320076690709915]], "T": [0.047403674488092275, -0.03400305551398168, 0.05133605957472302], "aligned_model": [[0.3399564603404141, 0.23789047559357787, -0.19973228763336962, -0.1518595871499729, -0.5944197508440089, 0.6945929374453742, -0.7839055646950909, -0.5646095159117944, 0.4669322854197606, -0.08111792835580262, -0.6858873799537658, 0.14538507878632448, 0.49563498715403825, 0.6219705454799045, 0.00790221209969396, -0.2613386784980382, -0.06819478434438342], [-0.6590700058782845, 0.09541882661284061, -0.47007601234991925, -0.7316064041428871, -0.40775933659485436, -0.1442376520964163, 0.2991293079431718, 0.06923118798702953, 0.4219857058372211, 0.575102375581467, -0.011269540679007109, 0.711538088548562, -0.5262282211880969, 0.1169975110828982, -0.15501662464597885, 0.3746075869264717, -0.0021050852061071795], [-0.08242043141338827, -0.5383131934919734, -0.3853504289098186, 0.3974856736533688, 0.18828402098244917, -0.1134194612546366, 0.13618157743034992, -0.5412159595051744, -0.04080501573658836, -0.13907590876781256, 0.594163258559055, 0.38341242756274124, 0.418352634653629, 0.44679266968618464, 0.6672884798013553, 0.5113359240835487, 0.04360653617290591]], "inverted": true, "swapped": false, "error_lsq": 0.04176032843816008, "error_max": 0.29417971547915217, "target": "863.xyz", "model": "24.xyz", "model_rescale": 4.28219845311461, "target_rescale": 4.27274403809054},
{"mapping": [10, 14, 6, 13, 15, 12, 4, 11, 3, 5, 2, 0, 1, 9, 7, 16], "R": [[-0.17888245758176918, -0.9703414687655694, 0.16259920160746277], [0.9036518676842693, -0.0966761748714085, 0.4172133977270688], [-0.389119992290603, 0.2215652301380129, 0.8941445522921061]], "T": [0.02699398960453108, 0.04052010592659619, 0.1230975554384196], "aligned_model": [[-0.1552627516565454, -0.22786310412612726, 0.1305000567817256, 0.01957788314329944, 0.32308506312109936, -0.5042410539660207, -0.5686435186185773, 0.6556334756325066, -0.6931635938044003, 0.10590061748946578, -0.47408059960213306, -0.3298483531773492, 0.10359136485018117, 0.5638721297534864, 0.09450985574489515, -0.03524670544449596], [0.3716529294730271, -0.23012346866066455, 0.7146971139651006, -0.63727589508112, -0.02469237808244701, -0.6066181936374713, 0.48710486105671325, -0.3067319767148562, -0.047680861371788716, -0.6462182128703148, 0.2763909117557627, -0.14990744137543088, 0.16160811241599177, 0.30457512714267354, 0.6483975032033479, 0.029933244495708743], [-0.5899231439169506, -0.48912534319632406, -0.256888932665352, -0.2705648436966534, -0.6901433435029861, 0.04020184237827479, -0.15186397752854164, -0.24623222016306995, -0.09837719254892402, 0.39005596997721814, 0.3984980621895722, 0.6225383452765312, 0.8424936050366613, -0.008274407667463929, 0.33971410190025864, 0.019817498705495887]], "inverted": true, "swapped": true, "error_lsq": 0.03999426680134293, "error_max": 0.23597102270789166, "target": "863.xyz", "model": "25.xyz", "model_rescale": 4.100010024507729, "target_rescale": 4.27274403809054},
{"mapping": [15, 11, 8, 5, 6, 7, 9, 0, 13, 3, 14, 16], "R": [[0.6997283983590108, -0.3460168494212136, -0.6250220063698164], [-0.6915197480092257, -0.5477322155655695, -0.4709457061539996], [-0.17938953883432132, 0.7617491450262677, -0.6225412704460322]], "T": [0.09405556811942108, 0.20279055846016492, -0.011469188077776395], "aligned_model": [[-0.6500580303715254, -0.16908287067597294, 0.40901425326187296, 0.6059294550239294, -0.5352135395104023, 0.037157262325017384, -0.1906420990169082, 0.6634524905741004, 0.011999377202885256, 0.007187343120392861, -0.3243447988446321, 0.011366759274249447], [-0.2409562721176971, -0.5287483498244971, -0.21945520817564024, -0.2975950897746463, 0.5570792516860403, 0.6900493924545035, 0.05913978025593064, 0.3994657265146326, -0.4213686151340744, 0.491162918986755, -0.025077302586547195, 0.20243515776588017], [-0.06311272098176643, 0.20712880626845956, 0.4819028817575174, -0.20304657835947526, 0.2853772154489371, 0.41319239718029616, 0.511535091577723, -0.2354027360278998, -0.47850731249622525, -0.7077110373942768, -0.5462909631854072, -0.09987275393352621]], "inverted": false, "swapped": true, "error_lsq": 0.040338735590802074, "error_max": 0.2029587008740593, "target": "863.xyz", "model": "26.xyz", "model_rescale": 3.6694154284099745, "target_rescale": 4.27274403809054},
