[{"mapping": [6, 1, 2, 5, 3, 7, 12, 9, 4, 11, 10, 13], "R": [[0.6131887913399373, -0.6781117850602504, -0.40517146140549926], [0.7721054494944707, 0.6228677205274297, 0.12605148783693654], [0.16689122516180527, -0.3901284528041564, 0.9055093093263188]], "T": [0.04119271978009368, -0.05733103350252684, -0.03267959369493632], "aligned_model": [[-0.31238465472334925, 0.14592435545750745, 0.46327434738993806, -0.22330671966838042, 0.0039859527635700345, -0.5343127448969035, 0.33892201967486224, -0.2975211518900904, 0.6081104809398505, 0.25471428584760236, -0.5816958821347029, -0.028067826299355135], [-0.417541526211272, -0.6318496648515612, -0.33619028493814906, 0.5434896581473493, 0.38944803867635464, -0.38737566312587557, -0.20312170481623137, -0.656759776483265, 0.20882041250018007, 0.46421990825668885, 0.11763906540847806, -0.03722342658563928], [-0.5533132678057563, 2.6388686778490433e-05, -0.5609001889574596, -0.031636557951151174, -0.5233800604108579, -0.015066984577546384, 0.6145805403310974, 0.6101001656913437, -0.14815820148367234, 0.39371797200864167, 0.4201515248492349, -0.02416958502709036]], "inverted": false, "swapped": true, "error_lsq": 0.03811767013526584, "error_max": 0.20197989360910387, "target": "864.xyz", "model": "0.xyz", "model_rescale": 3.751011558992144, "target_rescale": 3.827650567854324},
{"mapping": [6, 7, 1, 8, 4, 5, 0, 3, 2, 12, 13, 10, 11, 14], "R": [[0.39615581866724453, 0.5295697751442623, -0.7500776097109825], [0.8980262510610664, -0.3937031690090892, 0.19633305151554922], [-0.1913358820015003, -0.7513678646081798, -0.6315353610787379]], "T": [0.010585474288056347, 0.027160097987802636, 0.04408408043831476], "aligned_model": [[0.12866231911883463, -0.4068459220262163, -0.08127988973789071, 0.2585702709502983, 0.6386929080097346, 0.22137465736090708, -0.5875044501028587, -0.728267049070897, -0.36350264569714574, -0.43763741996644273, -0.2802714925653585, 0.7829060277165345, 0.16040452337513272, 1.9938261680420982e-05], [-0.6939132377991656, -0.4702762150663731, -0.23616534975132988, 0.4992705012212713, -0.01966724390326269, 0.5556489867965785, 0.09902064877189427, 0.16034324305099837, 0.7607782746939852, -0.2993795433285595, 0.4308076577432408, -0.12671502093272585, -0.6062493212767758, 0.006822763953162364], [-0.12864938013607208, -0.0900247098158254, -0.594591120975676, -0.35092675475863383, -0.4343113853269797, 0.3016757373310911, -0.41703306528775963, 0.1846724445014835, -0.03075275060323633, 0.5384960582385222, 0.5732088961830407, 0.27276980071394374, 0.5056875347627269, 0.09386936678083069]], "inverted": true, "swapped": false, "error_lsq": 0.03882253688841381, "error_max": 0.244983895197749, "target": "864.xyz", "model": "1.xyz", "model_rescale": 3.9405287249114394, "target_rescale": 3.827650567854324},
{"mapping": [9, 12, 10, 4, 11, 7, 1, 0, 5, 8, 3, 6, 13], "R": [[0.8260399630129674, -0.5203191199420776, -0.2166240820597694], [-0.40795477684261294, -0.8171758327281596, 0.4071812353932006], [-0.38888414670288324, -0.24797514356834469, -0.8872865651047747]], "T": [0.03358007480101763, -0.07700081662269712, 0.07091183883431898], "aligned_model": [[-0.3658894735970376, 0.36746800297474824, -0.44073915148786547, 0.6300359018435544, 0.4468779822969112, -0.6034687187560663, -0.027032601164406034, 0.6767316775081932, -0.044710918997535945, -0.6937586109671022, 0.055293723079586354, -0.47979641842152865, -0.025028115027519657], [0.7372197266600709, 0.4779600033237327, -0.01828094709998404, -0.2753689374716922, -0.18617528597589397, 0.10891995519991007, 0.40171859491609896, 0.3316014780033034, -0.5773460515070845, -0.5428663114791297, -0.7313294956300939, -0.17032691495751132, -0.09689322040970942], [-0.18340432394132153, -0.2598156573034668, -0.5577645614911686, 0.17317710176552994, -0.49183810826896346, 0.07787622312667608, 0.40146271705225156, 0.36743227895415176, -0.3467862711988453, 0.13974355053922707, 0.18565210286982292, 0.5744620319754575, 0.03292326550929232]], "inverted": false, "swapped": true, "error_lsq": 0.056513130046014055, "error_max": 0.291544664654435, "target": "864.xyz", "model": "2.xyz", "model_rescale": 3.932901565614263, "target_rescale": 3.827650567854324},
{"mapping": [4, 7, 0, 1, 2, 10, 3, 8, 11, 9, 12, 6, 5, 13], "R": [[0.5388995405893624, -0.6826943253257043, -0.49347314346442006], [0.821704405229299, 0.5549976313393032, 0.12953570795161978], [0.18544313300669468, -0.4752957893521095, 0.86006090310211]], "T": [-0.12341319594551475, 0.030672533803994612, -0.0337827509413542], "aligned_model": [[0.288325096345385, -0.4824896462192767, 0.030303715231335654, 0.3030178270636571, 0.6154377826330437, 0.20147900301406046, -0.45748434985932346, -0.8400577216083223, -0.49419288080152096, -0.48463522084353355, 0.10632903184412168, 0.49103810289279953, 0.09665345651168084, -0.06840242057779461], [-0.7146634027434601, -0.5832092417283967, -0.18042534282462502, 0.4411707409649184, -0.17742511322993545, 0.5789709632664801, 0.1136682779137833, 0.15777063867871507, 0.8344079654585324, -0.1806449799357621, 0.14135035837642437, -0.005473220203219952, -0.4025142713218884, 0.03734277150137288], [-0.22916014188021822, 0.029112526108165726, -0.6508395772095217, -0.4792223376926578, -0.35781122797809295, 0.2932636243717139, -0.4108684821266881, 0.06136671624944566, 0.08555072956015232, 0.5700851953053963, 0.6860080089866297, 0.2625875351956287, 0.49604698208217224, 0.06797112063533026]], "inverted": false, "swapped": false, "error_lsq": 0.05025551325601524, "error_max": 0.3501295674254072, "target": "864.xyz", "model": "3.xyz", "model_rescale": 3.9243930471874484, "target_rescale": 3.827650567854324},
{"mapping": [8, 3, 6, 7, 1, 5, 10, 2, 0, 4, 12, 11, 13], "R": [[-0.8201620203837945, -0.5517508984925258, -0.15134466073391248], [0.5403402703115451, -0.6600459085494639, -0.5218925089391105], [0.1880602366254471, -0.5098140294458396, 0.8394778155380747]], "T": [0.029776066942440886, -0.04735417808000779, -0.05938368529456034], "aligned_model": [[-0.006715043023037888, -0.38391649642250886, 0.4429360621806735, 0.3962809708741753, 0.5930122696166477, -0.5508613770420444, -0.1290496900934035, 0.31004141950327513, 0.2705019738722872, -0.2667706324129055, 0.1169292433446951, -0.5291037725392002, 0.01392095845269875], [-0.7249264315097634, -0.04959111193651798, -0.31099405413369957, -0.5998121812319709, 0.08658689520032632, -0.34531031744709667, -0.7312498057519776, 0.4532868371096675, 0.7003271532778725, 0.5126369223845016, 0.17537178082188165, 0.07971515805276215, -0.11821129115439862], [-0.5982289951234225, -0.5796108376304663, -0.5938187286117946, -0.08955836944464829, 0.023891902052748507, -0.13029801786124867, 0.302171175250026, -0.5129719190488189, 0.16765784200608885, -0.12292635982550304, 0.6273774143838944, 0.3540512393302661, -0.060666030106157474]], "inverted": false, "swapped": true, "error_lsq": 0.04744676662772475, "error_max": 0.2478905230986654, "target": "864.xyz", "model": "4.xyz", "model_rescale": 3.8936222436046832, "target_rescale": 3.827650567854324},
{"mapping": [8, 3, 6, 7, 2, 4, 11, 12, 9, 10, 1, 13], "R": [[-0.606408626583401, -0.07172197744687184, 0.7919119493708529], [-0.28317192176132433, -0.9111513140492231, -0.2993608952959164], [0.7430223686614235, -0.4057822579382749, 0.5322203667760974]], "T": [-0.1739364502602032, -0.026183779529694334, 0.032716470069836016], "aligned_model": [[-0.03565070019274949, -0.6504631704668429, -0.13263436423556124, 0.3443972515929814, -0.6706992843106256, -0.7233591950430038, -0.25235178066371744, 0.1112715031467646, 0.7056802961068107, 0.44653213361117383, 0.016979784479569826, -0.13215443180970243], [-0.5505277793034927, -0.433547427197571, 0.051306950449169, -0.07906410291094662, 0.42264833925082124, 0.07084759373837919, -0.3193061681547237, 0.28633894513176694, 0.30000559016872586, -0.5057808210684034, 0.5076042456931904, -0.08160246068710758], [-0.6431018848735975, -0.18810013793756117, -0.687087187807583, -0.3783553561825722, -0.2617471025392235, 0.33977869357118606, 0.6709578266961898, 0.6241801687368923, 0.11687464529015534, 0.1258088006144496, -0.11126752210925375, 0.011343775816436159]], "inverted": false, "swapped": true, "error_lsq": 0.036788990716659586, "error_max": 0.17916610164161667, "target": "864.xyz", "model": "5.xyz", "model_rescale": 3.6523030999806103, "target_rescale": 3.827650567854324},
{"mapping": [8, 3, 2, 6, 1, 5, 4, 7, 11, 12, 0, 9, 13], "R": [[0.9562145736418179, 0.22575204207342375, 0.18625172389719175], [-0.29264090495550316, 0.7459426061159942, 0.598273289665938], [-0.003871679457397345, -0.6265825116299992, 0.7793454729563912]], "T": [0.020434369885057285, -0.05241374961633717, 0.027204785187542956], "aligned_model": [[0.2886385600027609, -0.2515734194720831, 0.2479166603810537, 0.5970289083271985, 0.49354707318109037, -0.42735484985449534, -0.3948421640266594, 0.5199439510779401, -0.6290092328580703, -0.10997925695363164, -0.0064284597292200985, 0.5281686525734178, 0.025026482014993096], [-0.6782335368225362, -0.1281900705651689, 0.5333711270305318, -0.16217244365364997, 0.21858962009110328, -0.4867052015766079, 0.4132235904878515, -0.4861915922875377, -0.10423170204858385, 0.13889974496858531, 0.7152956807613639, -0.30812932712632446, -0.12469898509584322], [0.563120948401013, 0.6289128062380924, 0.4014243270864301, 0.45302135221878725, -0.18452995015250315, 0.23170978352752925, 0.1548563299001494, -0.02545604390061241, -0.24658278707522366, -0.6621679512053411, -0.25283951406091726, -0.7238099719588313, 0.03245041046321673]], "inverted": true, "swapped": true, "error_lsq": 0.05062392089192262, "error_max": 0.3010330708340042, "target": "864.xyz", "model": "6.xyz", "model_rescale": 4.08911054899281, "target_rescale": 3.827650567854324},
{"mapping": [10, 11, 12, 7, 5, 6, 13, 1, 2, 9, 0, 4, 8, 14], "R": [[-0.47985155617527914, 0.6767122983860754, -0.5583931851743884], [0.6731355740704426, -0.12423133143451703, -0.7290096537158225], [-0.562699727169846, -0.7256907340617235, -0.3959065237400595]], "T": [-0.018215656918342656, -0.020873151600394314, 0.032960093054199474], "aligned_model": [[0.18416317962118917, -0.3934986871938203, -0.05879959985712236, 0.24053192595328937, 0.62674354188616, 0.15359092040306419, -0.46497440552792696, -0.6992575870343345, -0.32883972776050435, -0.42201796611845827, -0.23417100471929292, 0.6394469348560027, 0.1985686611744887, -0.13616441005642185], [-0.6739642236222841, -0.4439816636363566, -0.26859016103772376, 0.5603197019475387, -0.07727469283955204, 0.4018861034482595, 0.16679788465606066, 0.1666976160432543, 0.7221777394237895, -0.331446766095529, 0.5531263391681138, -0.09587372646716984, -0.526107205916204, -0.09344080089925892], [-0.19461353605995696, -0.12411599420011724, -0.634116472882699, -0.40812212136886006, -0.36872103372004894, 0.2351977718217483, -0.5157481400194899, 0.23030536258162532, -0.006124472350382021, 0.6288166470769545, 0.7460828422759257, 0.2752498345880888, 0.4365590066721867, 0.12344097719248018]], "inverted": false, "swapped": false, "error_lsq": 0.038615283616787954, "error_max": 0.21798819923951424, "target": "864.xyz", "model": "7.xyz", "model_rescale": 3.964800864290218, "target_rescale": 3.827650567854324},
{"mapping": [12, 4, 11, 10, 9, 5, 6, 0, 3, 2, 1, 8, 7, 13], "R": [[0.2781962594755666, -0.4945628468440151, 0.8234163173846791], [-0.8389973222030618, -0.5424836077060766, -0.042367779105016934], [0.467643383947528, -0.6790575276747495, -0.5658538146538928]], "T": [-0.11541128899410869, 0.015410581639639289, 0.049453878783597], "aligned_model": [[0.2284860949274612, -0.5141115508360408, -0.056014819597831556, 0.3653836477045572, 0.4718846865099552, 0.3608153294958825, -0.5231225451940279, -0.692681868507283, -0.45848707569409636, -0.5470548134662997, -0.05273995042373064, 0.6221493915953519, 0.14059959250891252, -0.03978434339649839], [-0.6492987846562329, -0.48081087173778125, -0.28000893197142784, 0.47018022459199904, -0.1479527062005292, 0.6958728024905911, 0.08262785390848223, 0.28642262766549337, 0.6476012974710745, -0.36091269643306517, 0.1112320414986435, 0.06618968211918567, -0.41553343824942185, 0.03471704367592683], [-0.05336141666902458, -0.2503723466020711, -0.7227719268553612, -0.437531556010033, -0.2703157259811375, 0.1456313023535769, -0.35768147101442616, 0.3757520881874299, -0.043263967929584146, 0.3821299763859509, 0.7910807676736111, 0.260364539515056, 0.5550217231285626, 0.04940868542490609]], "inverted": false, "swapped": false, "error_lsq": 0.046587682091911865, "error_max": 0.29102833602762235, "target": "864.xyz", "model": "8.xyz", "model_rescale": 4.121658175737393, "target_rescale": 3.827650567854324},
{"mapping": [8, 7, 9, 10, 6, 3, 1, 4, 12, 2, 5, 11, 13], "R": [[-0.3153904347389196, 0.768570674387576, -0.5566219472376401], [-0.4574573792040733, -0.6370423379122798, -0.620410997580634], [-0.8314214454095685, 0.058959122947035814, 0.5525053863396993]], "T": [0.0018233093333952718, -0.053732072476897465, 0.047532934756320915], "aligned_model": [[-0.7583849315839997, -0.21006794789159847, 0.485650489509573, 0.05617812132076596, -0.5575667512076254, -0.5103955925451397, 0.17587306278140993, 0.1362371743834416, 0.72586776568407, -0.19816029546338215, -0.22579457439658537, 0.3853787885588417, -0.02807781271457438], [0.16102457332733303, -0.0883708300325699, -0.16329868883751716, 0.5185352113578201, -0.41246177744674073, 0.14010064919196652, -0.5589984756636907, -0.10667932686586859, -0.042240849026399165, -0.6605174190903128, 0.5508291687959713, 0.4583268877257003, -0.005861684023982787], [-0.3084909986711223, -0.5804387628565832, -0.7531631000484051, -0.49396173566667967, -0.24268033230174912, 0.4241541017834224, -0.19021188579242115, 0.6677725256560998, -0.019331958639208786, 0.40355327221505227, 0.16433340334976587, 0.34770379226276815, 0.001837112668149593]], "inverted": true, "swapped": true, "error_lsq": 0.05067891423556315, "error_max": 0.3733351162720678, "target": "864.xyz", "model": "9.xyz", "model_rescale": 3.833441315466971, "target_rescale": 3.827650567854324},
{"mapping": [4, 5, 1, 12, 6, 11, 0, 13, 10, 2, 8, 7, 3, 14], "R": [[-0.24904479540821794, -0.7058750146831093, 0.6631117202449368], [-0.9479245855416016, 0.03730352527247377, -0.31630274600140473], [0.1985338006634188, -0.7073534552459375, -0.6784065295571468]], "T": [-0.00038465370277977057, 0.03637334968456949, 0.01790951714702654], "aligned_model": [[0.25091208371791, -0.43163597105778473, -0.14538474640304025, 0.26346794490614167, 0.43396704702736827, 0.372038779354497, -0.5328724217092728, -0.7847855256365951, -0.32708148864247893, -0.40331519164761614, -0.18452420563328195, 0.5149787471506571, 0.267399530730433, 0.012157193469375629], [-0.7088977752681178, -0.45857962820650106, -0.05231920530662946, 0.3611323246210519, -0.23889282875243797, 0.5727514219546535, 0.20029765580829517, -0.07526082044784349, 0.7898011023940289, -0.32776098442683776, 0.49519276976145965, 0.08192056429805475, -0.57816572502211, -0.0008927272341274009], [-0.11374715820106113, -0.14481433612392133, -0.7009211560437287, -0.4156034258158075, -0.42570822272191633, 0.21523268137573923, -0.37376453163459084, 0.10701409381384275, 0.05492225829689246, 0.48876344698128166, 0.6205177875448699, 0.4377189895074643, 0.5701370119113941, 0.10434323271699722]], "inverted": true, "swapped": false, "error_lsq": 0.04549138005538582, "error_max": 0.3264180693177079, "target": "864.xyz", "model": "10.xyz", "model_rescale": 4.2482417240324, "target_rescale": 3.827650567854324},
{"mapping": [5, 11, 12, 0, 8, 7, 10, 1, 4, 6, 3, 13], "R": [[0.22488726615104626, 0.9722848377112594, 0.06393678033728784], [0.9606954203192131, -0.23221042749377746, 0.15212700858443132], [0.1627575709477105, 0.027212344991698445, -0.9862907590458576]], "T": [0.04799489223688756, 0.040743757721934, -0.07401010901604146], "aligned_model": [[-0.5695027497361244, -0.12470741257643637, 0.5094806249348622, 0.7285372337056619, -0.5691587142168603, -0.0021490873936718252, -0.3021278676879996, 0.5669209884174259, 0.11595869394577957, -0.00973488199400277, -0.4634232628501769, -0.00332796218545061], [-0.14878643837235625, -0.592661403478057, -0.32489944173871027, -0.3351328815450697, 0.6475697077368539, 0.6314760738665686, 0.18353113743106697, 0.31037395309846855, -0.466691335808375, 0.7072687841693495, -0.0183981878067441, 0.07248142249764411], [0.043128748042515666, 0.18751148424379369, 0.35281456946650114, -0.3271959383368026, -0.11492123315819286, 0.2242634456035851, 0.6193055369985582, -0.0852047062140511, -0.45276886666490235, -0.35372361194873647, -0.4944105512261959, -0.03360658695171567]], "inverted": true, "swapped": true, "error_lsq": 0.050988137997815396, "error_max": 0.27045478700080666, "target": "864.xyz", "model": "11.xyz", "model_rescale": 3.6694154284099745, "target_rescale": 3.827650567854324},
{"mapping": [1, 12, 2, 8, 3, 11, 10, 7, 9, 5, 6, 4, 0, 13], "R": [[0.8689822534599988, 0.11264673954253704, -0.4818511754079451], [0.48406709402610093, 0.00859846472351631, 0.874988637003661], [0.10270779742896097, -0.9935978957681193, -0.04705666661013344]], "T": [-0.10505752669621626, 0.0057305585777454, 0.07656919094648001], "aligned_model": [[0.33982385480923516, -0.49928183529522957, 0.0073263689928127484, 0.20606907414104347, 0.6415269076273112, 0.22614857786131815, -0.5732168467955099, -0.7499599728164149, -0.33038542973691554, -0.6017237577281622, -0.04967063368175021, 0.6106294642301054, 0.11751670403504297, -0.0394807000165744], [-0.6353347218682224, -0.5131379315447595, -0.17804196931459515, 0.43480137730251645, -0.04696453017425617, 0.6401911549277359, 0.1015467587375467, 0.32817110906834324, 0.7369783747506372, -0.2668491837029201, 0.12794609133996387, -0.0499272001568406, -0.5299601299984367, -0.08909305519377438], [-0.2514389746501946, -0.11612534642837877, -0.5398000907135758, -0.46351998880201023, -0.3489702439482875, 0.257651815430753, -0.34196980855003806, 0.2562863154979501, -0.1667212411377815, 0.6454221873589183, 0.6259784091868743, 0.2564941604803442, 0.493982729793296, 0.11682074808958628]], "inverted": false, "swapped": false, "error_lsq": 0.04209474334388885, "error_max": 0.26387864414652323, "target": "864.xyz", "model": "12.xyz", "model_rescale": 3.9764082729961374, "target_rescale": 3.827650567854324},
{"mapping": [11, 1, 8, 7, 3, 4, 2, 9, 0, 12, 5, 6, 13, 15], "R": [[-0.10943325205582521, -0.8850191703375826, -0.45251014516744636], [-0.08786874377968523, -0.4448487501757305, 0.8912848441063443], [-0.9901027457850355, 0.13729769700205297, -0.02908427731380303]], "T": [-0.03809591231454458, -0.06551844956906941, 0.09218739880483899], "aligned_model": [[0.2868573496053167, -0.609078105496592, -0.07191082859609804, 0.09188401161467559, 0.5320663147661179, 0.27870422757676894, -0.48791473598920854, -0.5274870661076307, -0.3399926487436256, -0.42912197890021575, -0.16069893628834664, 0.5256978000693558, 0.1643945531171856, 0.05192181899860947], [-0.7171112832116527, -0.2608107810708927, -0.33741763887924126, 0.4803635533696726, -0.12002803048492947, 0.5728541705082334, 0.16630453878603327, 0.19636515351796321, 0.5834755597913088, -0.429800700595527, 0.45334920730841344, 0.00129955193564113, -0.5124221907328927, -0.016094966069191315], [-0.22463566768919208, -0.10570858040291721, -0.5594108047975742, -0.41392697282071717, -0.5245679722397982, 0.18152826895793084, -0.5244005039666727, 0.3232986350977714, -0.02935711917138413, 0.44091450097199664, 0.7391562999072554, 0.6033926513703108, 0.4579129840869171, 0.05989495230352869]], "inverted": true, "swapped": false, "error_lsq": 0.04704930467514246, "error_max": 0.29735154342647513, "target": "864.xyz", "model": "13.xyz", "model_rescale": 4.170626492500431, "target_rescale": 3.827650567854324},
{"mapping": [9, 10, 7, 0, 1, 2, 8, 12, 4, 5, 6, 3, 11, 13], "R": [[0.5182698514194422, 0.7926979107458367, 0.32097723191661975], [-0.14793377238891842, -0.2865633747170714, 0.9465711971413178], [0.8423253291314785, -0.5380626864687323, -0.03125036533542472]], "T": [-0.012247988587596993, 0.06655172380115233, 0.004931283794425308], "aligned_model": [[0.24877875536378993, -0.2853739750250949, -0.03833675708038954, 0.2713096688077824, 0.5885259633982439, 0.2580026042393632, -0.5745219888484256, -0.7193080239159797, -0.47346674012499446, -0.5359219119229994, 0.033353878095953915, 0.5697424767607769, -0.005591630533936139, -0.031870543587778036], [-0.6948205625190955, -0.3703677383573457, -0.07642417086939705, 0.37294338533716437, -0.17922298095796857, 0.6494178656783488, 0.18065548211637833, -0.088564407373298, 0.603820669884712, -0.07290751385302453, 0.1886628083668064, -0.029015735115962574, -0.4493738677970734, 0.02552290963269413], [-0.08717582249762043, -0.22492059045179846, -0.7927572974141147, -0.4211879614897194, -0.40674810967970504, 0.1469307378997596, -0.4666454053813119, 0.11314964396066576, 0.0459492481218559, 0.7353671614781889, 0.835893749740549, 0.3621812851514477, 0.4880835661678278, 0.09597046600143111]], "inverted": true, "swapped": false, "error_lsq": 0.05272203827504222, "error_max": 0.3354581519132037, "target": "864.xyz", "model": "14.xyz", "model_rescale": 3.9786697098870705, "target_rescale": 3.827650567854324},
{"mapping": [3, 5, 2, 6, 4, 0, 10, 12, 1, 7, 11, 13], "R": [[-0.5471864687295975, -0.5859947662739258, -0.5976596877310703], [0.7268149645981479, -0.6867873247882597, 0.007948443016020601], [-0.415122844078023, -0.43003872431416307, 0.8017104963232182]], "T": [0.03391061833151309, -0.03367565629439783, -0.019596909612890304], "aligned_model": [[-0.1646985840980958, -0.5653167991591183, 0.6161717634625364, 0.4475015996665176, 0.02325197817319529, 0.4734420773108754, -0.48930818992852476, -0.011214293392190551, 0.5482443325497273, 0.13661433926649916, -0.5234029562429986, -0.00793067084108652], [-0.20194703185147453, -0.19272184900825615, 0.10276478644077511, -0.6095937659005537, 0.47117560227154687, 0.6552649032757661, -0.39633324261190356, 0.4737138946430328, -0.0028120193437643874, -0.5937105941320967, 0.399373871875229, -0.09050006543386202], [-0.6311702574318343, -0.23541478565074347, -0.4406531341167499, -0.17154694292113398, -0.4076423310507741, 0.006807495207577188, 0.4477170336838709, 0.499404942887435, 0.2572032365125465, 0.32137085356048545, 0.01633933686371368, -0.002448953670562755]], "inverted": false, "swapped": true, "error_lsq": 0.04508165807831418, "error_max": 0.2524407545681678, "target": "864.xyz", "model": "15.xyz", "model_rescale": 3.769337070930944, "target_rescale": 3.827650567854324},
{"mapping": [1, 9, 2, 6, 0, 12, 4, 10, 3, 8, 13], "R": [[0.9619272199445401, -0.14986640725541445, 0.22855214614201866], [0.2480656239601231, 0.12775760627722743, -0.9602819587223265], [0.11471473200527985, 0.9804172856568102, 0.16007022285949885]], "T": [0.07769991178109478, 0.05557338157850699, 0.0529785688526469], "aligned_model": [[-0.23527062156965653, -0.25786124394271126, -0.08364512282339756, -0.6000995816628686, 0.37473845196564537, 0.4328360981445908, 0.5485149291443592, 0.016220791898357817, 0.14939193092446792, -0.47568293802945927, 0.053483436641843164], [-0.011750157380940367, -0.7526953974154383, 0.6693567550315864, 0.297907228367139, 0.24927231644157727, -0.39925534737661655, 0.4545975855573694, -0.5988870988466272, 0.5365344670997243, 0.1313478020944727, 0.019636344053095597], [-0.43653858193832307, -0.29531443355035586, -0.31057353197684634, 0.14067198265372344, -0.6837527382907675, -0.38957363531041894, -0.10412188642617132, 0.49065717834871125, 0.5061005386239943, 0.7154102154245567, 0.11125249966567437]], "inverted": false, "swapped": true, "error_lsq": 0.04595283597450235, "error_max": 0.2963492142647002, "target": "864.xyz", "model": "16.xyz", "model_rescale": 3.7852294659196426, "target_rescale": 3.827650567854324},
{"mapping": [12, 10, 7, 9, 11, 5, 3, 8, 1, 0, 4, 6, 13], "R": [[0.6617943100046693, 0.57388824805103, 0.4823697440702133], [-0.5325645507185229, -0.09296931890602349, 0.8412679151495842], [0.5276393565338181, -0.8136393454664478, 0.2441059707289212]], "T": [0.010662522741334581, 0.1634331859333329, -0.017864210565250557], "aligned_model": [[-0.009920456045972085, -0.40971897985315253, 0.208757288740014, 0.29926982645875366, -0.5736783037211638, -0.5952702520296441, -0.25248574316200717, -0.08069262925483456, 0.5526756726385719, 0.3854285869924478, -0.0979511748144756, 0.45050952014734985, -0.02315750587960465], [-0.16857156782180738, -0.4706337158693402, -0.31670537598703696, -0.7147437790498613, 0.17944874410179334, 0.2209704482822232, 0.6511419855156717, 0.07782353183598596, -0.005048427901765573, 0.4257706465182567, 0.6845876429269196, 0.18817649760730076, 0.12283899354453418], [-0.6645422768591049, 0.19403039565449798, 0.39526001585724985, -0.1987475051610335, -0.41499268913290543, 0.2280656184642767, 0.3491180067778864, 0.8395244125095145, -0.15909361862314397, -0.695546764942213, -0.36739066971179685, 0.5581135397312986, 0.031956232578647464]], "inverted": true, "swapped": true, "error_lsq": 0.04302345498360993, "error_max": 0.24640661269906222, "target": "864.xyz", "model": "17.xyz", "model_rescale": 3.901054581598922, "target_rescale": 3.827650567854324},
{"mapping": [6, 7, 1, 8, 4, 5, 0, 3, 2, 12, 13, 10, 11, 14], "R": [[0.39615581866724453, 0.5295697751442623, -0.7500776097109825], [0.8980262510610664, -0.3937031690090892, 0.19633305151554922], [-0.1913358820015003, -0.7513678646081798, -0.6315353610787379]], "T": [0.010585474288056347, 0.027160097987802636, 0.04408408043831476], "aligned_model": [[0.12866231911883463, -0.4068459220262163, -0.08127988973789071, 0.2585702709502983, 0.6386929080097346, 0.22137465736090708, -0.5875044501028587, -0.728267049070897, -0.36350264569714574, -0.43763741996644273, -0.2802714925653585, 0.7829060277165345, 0.16040452337513272, 1.9938261680420982e-05], [-0.6939132377991656, -0.4702762150663731, -0.23616534975132988, 0.4992705012212713, -0.01966724390326269, 0.5556489867965785, 0.09902064877189427, 0.16034324305099837, 0.7607782746939852, -0.2993795433285595, 0.4308076577432408, -0.12671502093272585, -0.6062493212767758, 0.006822763953162364], [-0.12864938013607208, -0.0900247098158254, -0.594591120975676, -0.35092675475863383, -0.4343113853269797, 0.3016757373310911, -0.41703306528775963, 0.1846724445014835, -0.03075275060323633, 0.5384960582385222, 0.5732088961830407, 0.27276980071394374, 0.5056875347627269, 0.09386936678083069]], "inverted": true, "swapped": false, "error_lsq": 0.03882253688841381, "error_max": 0.244983895197749, "target": "864.xyz", "model": "18.xyz", "model_rescale": 3.9405287249114394, "target_rescale": 3.827650567854324},
{"mapping": [3, 12, 14, 11, 10, 5, 13, 7, 9, 4, 8, 2, 1, 15], "R": [[-0.8325984663923263, 0.4572814539668451, 0.31252754377672787], [-0.34397608158298937, -0.8691482787438816, 0.35533325886463396], [0.4341200859899932, 0.18834792649380672, 0.8809454066657734]], "T": [-0.1303586921795428, -0.06756803209151317, 0.09204371134443574], "aligned_model": [[0.3017100383621606, -0.342053802647694, -0.058287702132520325, 0.0768361279480568, 0.5080630420208799, 0.31238097811531984, -0.5065267515823444, -0.6631623528227379, -0.28910281382230296, -0.7406401708811605, -0.13656704275706727, 0.7144229797575503, 0.2196613873951607, -0.0914121413269883], [-0.7480633862923448, -0.55135354815988, -0.2712993119170964, 0.3974836368533133, -0.06917601485337445, 0.5870532808884311, 0.12189458707491331, 0.355163262672413, 0.6782270810290949, -0.28489265252066165, 0.3365385962324182, 0.087172898555633, -0.5177047500431688, -0.06071753534675213], [-0.18304042100988738, -0.05381861023222807, -0.6516217376919287, -0.41786849053324, -0.36656193694011, 0.35033649811649764, -0.4313408054266425, 0.2738239648753632, 0.004866879297021912, 0.4311477583936735, 0.7315211893401253, 0.22517693092043511, 0.42428203397695274, 0.08718741852142294]], "inverted": true, "swapped": false, "error_lsq": 0.042288420300679676, "error_max": 0.29775659294378704, "target": "864.xyz", "model": "19.xyz", "model_rescale": 4.410303926677745, "target_rescale": 3.827650567854324},
{"mapping": [12, 4, 11, 10, 9, 5, 6, 0, 3, 2, 1, 8, 7, 13], "R": [[0.2781962594755666, -0.4945628468440151, 0.8234163173846791], [-0.8389973222030618, -0.5424836077060766, -0.042367779105016934], [0.467643383947528, -0.6790575276747495, -0.5658538146538928]], "T": [-0.11541128899410869, 0.015410581639639289, 0.049453878783597], "aligned_model": [[0.2284860949274612, -0.5141115508360408, -0.056014819597831556, 0.3653836477045572, 0.4718846865099552, 0.3608153294958825, -0.5231225451940279, -0.692681868507283, -0.45848707569409636, -0.5470548134662997, -0.05273995042373064, 0.6221493915953519, 0.14059959250891252, -0.03978434339649839], [-0.6492987846562329, -0.48081087173778125, -0.28000893197142784, 0.47018022459199904, -0.1479527062005292, 0.6958728024905911, 0.08262785390848223, 0.28642262766549337, 0.6476012974710745, -0.36091269643306517, 0.1112320414986435, 0.06618968211918567, -0.41553343824942185, 0.03471704367592683], [-0.05336141666902458, -0.2503723466020711, -0.7227719268553612, -0.437531556010033, -0.2703157259811375, 0.1456313023535769, -0.35768147101442616, 0.3757520881874299, -0.043263967929584146, 0.3821299763859509, 0.7910807676736111, 0.260364539515056, 0.5550217231285626, 0.04940868542490609]], "inverted": false, "swapped": false, "error_lsq": 0.046587682091911865, "error_max": 0.29102833602762235, "target": "864.xyz", "model": "20.xyz", "model_rescale": 4.121658175737393, "target_rescale": 3.827650567854324},
{"mapping": [8, 3, 2, 6, 1, 5, 4, 7, 11, 12, 0, 9, 13], "R": [[0.9562145736418179, 0.22575204207342375, 0.18625172389719175], [-0.29264090495550316, 0.7459426061159942, 0.598273289665938], [-0.003871679457397345, -0.6265825116299992, 0.7793454729563912]], "T": [0.020434369885057285, -0.05241374961633717, 0.027204785187542956], "aligned_model": [[0.2886385600027609, -0.2515734194720831, 0.2479166603810537, 0.5970289083271985, 0.49354707318109037, -0.42735484985449534, -0.3948421640266594, 0.5199439510779401, -0.6290092328580703, -0.10997925695363164, -0.0064284597292200985, 0.5281686525734178, 0.025026482014993096], [-0.6782335368225362, -0.1281900705651689, 0.5333711270305318, -0.16217244365364997, 0.21858962009110328, -0.4867052015766079, 0.4132235904878515, -0.4861915922875377, -0.10423170204858385, 0.13889974496858531, 0.7152956807613639, -0.30812932712632446, -0.12469898509584322], [0.563120948401013, 0.6289128062380924, 0.4014243270864301, 0.45302135221878725, -0.18452995015250315, 0.23170978352752925, 0.1548563299001494, -0.02545604390061241, -0.24658278707522366, -0.6621679512053411, -0.25283951406091726, -0.7238099719588313, 0.03245041046321673]], "inverted": true, "swapped": true, "error_lsq": 0.05062392089192262, "error_max": 0.3010330708340042, "target": "864.xyz", "model": "21.xyz", "model_rescale": 4.08911054899281, "target_rescale": 3.827650567854324},
{"mapping": [8, 5, 11, 2, 1, 4, 14, 12, 3, 10, 7, 0, 6, 16], "R": [[0.658244507766646, 0.6954581660722462, 0.28818762506130347], [-0.6031787163241643, 0.7162926521227834, -0.35085648446115814], [-0.45043268550203985, 0.057120712165884255, 0.8909812680820417]], "T": [-0.09952074802616906, 0.0064140242546860135, -0.029355080341660896], "aligned_model": [[0.2400242371141752, -0.43267943083172683, -0.018051933324502833, 0.2744726315320081, 0.5798102896231135, 0.2696556399291723, -0.5583464396642902, -0.7086531252976099, -0.2932071938209935, -0.5639401853072612, -0.15480782354759434, 0.5303524166944903, 0.21841041689483653, -0.07771772436750453], [-0.5911654815753421, -0.6141722001900352, -0.47920656566635206, 0.46302635870837877, -0.13295133490508673, 0.5856157425968993, 0.3845808104354871, 0.26842494987526516, 0.8523296496031713, -0.41661568362032314, 0.02465577479553757, 0.1242737699213271, -0.44249297340958554, 0.03402332760359756], [-0.1208425403460571, -0.06944353315390646, -0.6153828144415889, -0.4451530570619128, -0.415470372992258, 0.09117022784476897, -0.27079130891879, 0.295109906751208, -0.06386795911361298, 0.4770991246420031, 0.6794514982303268, 0.40590148180927366, 0.47360258226165497, 0.002707436096346324]], "inverted": true, "swapped": false, "error_lsq": 0.04707619556148112, "error_max": 0.33050218373448614, "target": "864.xyz", "model": "22.xyz", "model_rescale": 4.204369325754507, "target_rescale": 3.827650567854324},
{"mapping": [3, 12, 14, 11, 10, 5, 13, 7, 9, 4, 8, 2, 1, 15], "R": [[-0.8325984663923263, 0.4572814539668451, 0.31252754377672787], [-0.34397608158298937, -0.8691482787438816, 0.35533325886463396], [0.4341200859899932, 0.18834792649380672, 0.8809454066657734]], "T": [-0.1303586921795428, -0.06756803209151317, 0.09204371134443574], "aligned_model": [[0.3017100383621606, -0.342053802647694, -0.058287702132520325, 0.0768361279480568, 0.5080630420208799, 0.31238097811531984, -0.5065267515823444, -0.6631623528227379, -0.28910281382230296, -0.7406401708811605, -0.13656704275706727, 0.7144229797575503, 0.2196613873951607, -0.0914121413269883], [-0.7480633862923448, -0.55135354815988, -0.2712993119170964, 0.3974836368533133, -0.06917601485337445, 0.5870532808884311, 0.12189458707491331, 0.355163262672413, 0.6782270810290949, -0.28489265252066165, 0.3365385962324182, 0.087172898555633, -0.5177047500431688, -0.06071753534675213], [-0.18304042100988738, -0.05381861023222807, -0.6516217376919287, -0.41786849053324, -0.36656193694011, 0.35033649811649764, -0.4313408054266425, 0.2738239648753632, 0.004866879297021912, 0.4311477583936735, 0.7315211893401253, 0.22517693092043511, 0.42428203397695274, 0.08718741852142294]], "inverted": true, "swapped": false, "error_lsq": 0.042288420300679676, "error_max": 0.29775659294378704, "target": "864.xyz", "model": "23.xyz", "model_rescale": 4.410303926677745, "target_rescale": 3.827650567854324},
{"mapping": [11, 10, 1, 0, 7, 12, 3, 4, 2, 8, 5, 13, 14, 16], "R": [[0.09807593623821555, 0.990104533753305, -0.1003699306174328], [-0.8663719075243466, 0.03532059460851565, -0.49814874630889705], [-0.4896742065737406, 0.13581409292724994, 0.8612628539410753]], "T": [0.02301663527505233, -0.11921878917319828, 0.15503081300010454], "aligned_model": [[0.19386913661337174, -0.47586184192753755, -0.04111145080184669, 0.08913831196423416, 0.48636611075894165, 0.4344576424813743, -0.5663691170828924, -0.6045296373143612, -0.4374446308035188, -0.7178832603763667, -0.11633960220530618, 0.710617292901249, 0.389476868157013, -0.03906404673804157], [-0.6816313207898874, -0.4755888788623118, -0.22143640497876965, 0.5161687864034294, -0.05488422490860334, 0.5679069221377295, 0.23733703624192865, 0.15665675136136142, 0.6404960171669167, -0.3229070119864138, 0.3719948056854723, -0.06207120615126835, -0.5362547216179346, -0.07546040552871025], [-0.07996504585215031, -0.06384031445761434, -0.6945423134377999, -0.24782941556662055, -0.31730299278981255, 0.22395388046083461, -0.42353928898759596, 0.21798107022792157, -0.054021301668225274, 0.44706697474272883, 0.5223060187100357, 0.2896640674950867, 0.5422489928169669, 0.061910339913700055]], "inverted": false, "swapped": false, "error_lsq": 0.040822099923935776, "error_max": 0.26020029521455584, "target": "864.xyz", "model": "24.xyz", "model_rescale": 4.28219845311461, "target_rescale": 3.827650567854324},
{"mapping": [7, 1, 4, 2, 13, 14, 0, 8, 6, 5, 10, 12, 9, 15], "R": [[0.7757403167074994, 0.24502357315824158, 0.5815414083548276], [-0.37896630146645377, 0.9177483152764487, 0.11883842880178452], [-0.5045904313276119, -0.3125723570695397, 0.8047900460422003]], "T": [-0.008677352929705236, -0.08599711631592673, 0.0336957803717222], "aligned_model": [[0.3860456243967645, -0.6122508966999821, -0.11719454615755737, 0.18327105546762426, 0.5463256014783131, 0.3103005334138545, -0.4646136761075731, -0.5793431291369602, -0.45503979448730286, -0.5111366493512483, -0.18617121686129803, 0.6464831328752028, 0.20496802884587922, -0.046322292049403815], [-0.6734588531539247, -0.2896171809478521, -0.3129945889938943, 0.4037394897452261, -0.08482419039845546, 0.572687265866771, 0.24408592963958337, 0.14167090704045454, 0.6930946036905735, -0.3910179039528919, 0.46654053570505977, -0.011466779193291712, -0.6397001413454094, -0.05841294952901027], [-0.28976748596934937, -0.030454398011127273, -0.6528497310093342, -0.40458938887925133, -0.17816927521831055, 0.24472330840307077, -0.556830615325867, 0.35688906609342996, -0.04359456537129126, 0.6499568090462887, 0.5749008156343725, 0.4205159801044758, 0.35718039329486306, -0.023820241184513674]], "inverted": false, "swapped": false, "error_lsq": 0.03939841998266808, "error_max": 0.287949344203244, "target": "864.xyz", "model": "25.xyz", "model_rescale": 4.100010024507729, "target_rescale": 3.827650567854324},
{"mapping": [5, 11, 12, 0, 8, 7, 10, 1, 4, 6, 3, 13], "R": [[0.22488726615104626, 0.9722848377112594, 0.06393678033728784], [0.9606954203192131, -0.23221042749377746, 0.15212700858443132], [0.1627575709477105, 0.027212344991698445, -0.9862907590458576]], "T": [0.04799489223688756, 0.040743757721934, -0.07401010901604146], "aligned_model": [[-0.5695027497361244, -0.12470741257643637, 0.5094806249348622, 0.7285372337056619, -0.5691587142168603, -0.0021490873936718252, -0.3021278676879996, 0.5669209884174259, 0.11595869394577957, -0.00973488199400277, -0.4634232628501769, -0.00332796218545061], [-0.14878643837235625, -0.592661403478057, -0.32489944173871027, -0.3351328815450697, 0.6475697077368539, 0.6314760738665686, 0.18353113743106697, 0.31037395309846855, -0.466691335808375, 0.7072687841693495, -0.0183981878067441, 0.07248142249764411], [0.043128748042515666, 0.18751148424379369, 0.35281456946650114, -0.3271959383368026, -0.11492123315819286, 0.2242634456035851, 0.6193055369985582, -0.0852047062140511, -0.45276886666490235, -0.35372361194873647, -0.4944105512261959, -0.03360658695171567]], "inverted": true, "swapped": true, "error_lsq": 0.050988137997815396, "error_max": 0.27045478700080666, "target": "864.xyz", "model": "26.xyz", "model_rescale": 3.6694154284099745, "target_rescale": 3.827650567854324},
{"mapping": [11, 2, 12, 3, 9, 7, 6, 0, 1, 4, 5, 8, 10, 13], "R": [[0.5698797447797435, 0.7553434399323157, 0.3235635397275025], [0.37710355340976764, 0.10944912506953888, -0.9196813573337448], [-0.73008902641767, 0.6461247377811261, -0.22246985578223855]], "T": [-0.0053114766208326725, 0.004757980186555869, 0.08644016849795341], "aligned_model": [[0.05485268070611474, -0.5104963897215026, 0.016391314310893496, 0.328039954350664, 0.6187184968127633, 0.32468859640077774, -0.4033855557753472, -0.60578543794431, -0.5492713005258615, -0.26488449025117133, -0.22377534251204703, 0.38507633421854837, 0.18402707310802063, -0.04887415755122995], [-0.7094685448372928, -0.4088040177672322, -0.2015364987759628, 0.4541024008581859, -0.1384867276546827, 0.5406555828294903, 0.20695257521313687, 0.06971320407842486, 0.6906975016238203, -0.4257697919816128, 0.5864243876163968, -0.040893688027458734, -0.5337432251546311, -0.029517013847643665], [-0.38519127062659, -0.10299141183442531, -0.6795261428844769, -0.49648146895778145, -0.14793363849057647, 0.09293909192656205, -0.43494721632422817, 0.35503872358488975, -0.028630838290793437, 0.7366695573106277, 0.5762526116725607, 0.5902957775441985, 0.27632983468676964, 0.07226706229071933]], "inverted": false, "swapped": false, "error_lsq": 0.05290070672728958, "error_max": 0.31915531666846886, "target": "864.xyz", "model": "27.xyz", "model_rescale": 4.103607728864725, "target_rescale": 3.827650567854324},
