[{"mapping": [9, 12, 6, 3, 0, 11, 7, 10, 5, 13, 8, 15], "R": [[-0.0725209413449637, 0.3969974863326793, -0.9149501127995856], [0.6233868184642399, 0.7341369688595744, 0.26913153943510437], [0.7785432471169942, -0.5508501672861782, -0.3007233040010641]], "T": [0.07288871374379904, -0.049809074684322635, 0.04794790784314769], "aligned_model": [[-0.33643412324016964, -0.0018994168456762939, 0.36064323368265483, -0.20961056965269662, -0.043308787967188817, -0.5637590882056074, 0.4053454563227291, -0.06344779886596397, 0.6440223992673673, 0.13528434319031024, -0.5159465100551689, 0.026753324829958555], [-0.342305500028961, -0.766394884975223, -0.2991027460161959, 0.6589478126518792, 0.30767436640417867, -0.468497302647917, -0.2080061615299648, -0.6337198930465866, 0.20889764841996158, 0.4362561447950851, 0.18478433621113208, -0.024978784260330893], [-0.5470953722022851, -0.06133768721735251, -0.5217690332454639, -0.11827234808369179, -0.6497280708102203, 0.053564862959567874, 0.5673847508294496, 0.5101226783766226, 0.21635406044165167, 0.46069599189063815, 0.35144720173270844, -0.07941528931806217]], "inverted": true, "swapped": true, "error_lsq": 0.044427096537616596, "error_max": 0.29720982363165593, "target": "866.xyz", "model": "0.xyz", "model_rescale": 3.751011558992144, "target_rescale": 4.073657085830946},
{"mapping": [10, 7, 11, 12, 13, 1, 5, 14, 8, 0, 2, 4, 6, 9, 15], "R": [[-0.42751796289399246, 0.2799776390909581, -0.8595585570582285], [-0.901063599871653, -0.05531014429645287, 0.4301455299363727], [0.07288882211497319, 0.9584118684297261, 0.27592373957985744]], "T": [0.019285169296118287, -0.020861751219190573, -0.04869424935093796], "aligned_model": [[-0.04228280854922556, 0.25551661210415716, -0.4508115690215334, 0.1842756549586852, -0.15919633214304038, -0.5431773098787509, 0.43553002947404046, 0.7469333232315005, -0.6654568604634608, -0.03363649817343084, 0.0058385665577380536, 0.45697018500555997, 0.4895896774159723, -0.13930440709792422, -0.0017020523312531871], [-0.058944703331042, -0.4760678760765194, 0.4012927718353332, 0.4414550328198899, -0.6095717003848611, 0.37227656276036464, -0.4815246657383583, -0.10537331698076144, -0.17173081523989628, 0.4043165115452498, -0.4534671654994024, 0.004208438251977913, 0.455671994277764, 0.7410617935452685, 0.08515448804209902], [-0.8022883575094565, -0.42598793753750547, -0.4746595313103929, -0.5872786532391815, 0.13041058711039963, 0.2555988141459796, 0.14107767458484763, -0.3195275456921557, -0.09601960001687551, 0.6179921711130915, 0.6996500946296591, 0.5869236419016313, 0.09710235664356293, -0.009994029248938587, 0.03666671927731093]], "inverted": true, "swapped": true, "error_lsq": 0.03359447829174732, "error_max": 0.20989815813915358, "target": "866.xyz", "model": "1.xyz", "model_rescale": 3.9405287249114394, "target_rescale": 4.073657085830946},
{"mapping": [9, 12, 11, 5, 7, 1, 6, 14, 13, 3, 2, 0, 15], "R": [[0.05793063654582231, -0.15845981597223396, -0.985664510912025], [-0.9154230738268677, -0.4023458818372163, 0.010880591620027302], [-0.3983021933843258, 0.9016697167425989, -0.16836592486176238]], "T": [0.031196513349677366, -0.056141520336986474, -0.09755634846701569], "aligned_model": [[-0.46457568840901176, 0.16948145929742148, -0.3531672700503225, 0.49076764866619693, 0.5860972962594492, -0.717902641523076, 0.1132256644994022, 0.7505307495850196, 0.0923352725580987, -0.5207574703948327, -0.09107744672637327, -0.4884682964507275, -0.07050599802731326], [0.5327491967523955, 0.6241011305178849, 0.36822092444968596, -0.4216805467271135, -0.21071842508295058, -0.009504940521078871, 0.41093387522209895, 0.18956628102546844, -0.686151604257115, -0.5565272903041965, -0.7645090673553194, -0.007800054343389935, -0.009846885804353271], [0.023247195075873917, -0.3193198237221382, -0.6003811724486897, 0.17931741215642252, -0.36877496779374264, -0.08371696688516929, 0.39705378537549807, 0.08174966930549829, -0.19686868067139418, 0.1363928447124151, 0.38266444426905266, 0.4988157076917088, -0.01705909747669107]], "inverted": true, "swapped": true, "error_lsq": 0.04243075123042654, "error_max": 0.25098564725596734, "target": "866.xyz", "model": "2.xyz", "model_rescale": 3.932901565614263, "target_rescale": 4.073657085830946},
{"mapping": [5, 13, 2, 7, 4, 0, 3, 6, 12, 9, 8, 10, 1, 15], "R": [[-0.7782890031601737, 0.31562299029816926, -0.542815213083776], [-0.08015184147036433, 0.8074742171422524, 0.5844322637906092], [0.6227695479620474, 0.4983648429070297, -0.603150539654404]], "T": [0.028511236829744564, 0.04762581658481127, 0.026929630799552667], "aligned_model": [[-0.15174279053924425, 0.4348735382512758, 0.16343202216327826, 0.06002847872986862, -0.4323183811021768, -0.17998346872913873, 0.40085881328088624, -0.6175674944841858, -0.27444789607581327, -0.17755225098538943, 0.7088294210955083, 0.17265379982196846, 0.3215424239714211, -0.008796303345554975], [0.10050803649652224, 0.002208631991006446, -0.5303960415462284, 0.5823997528517576, -0.444127927481632, -0.7033439153536609, -0.6209678566863943, -0.1069744082766945, 0.4591032981512465, -0.23925892734499046, -0.032025415657765316, 0.7436709904623237, -0.4809460990016867, -0.06635348025331553], [-0.5945166210892096, -0.46634570040345236, -0.6015881700344654, -0.3171516653744499, -0.3499272511734477, 0.1705348560264213, -0.1283479474888041, 0.19488329908722077, 0.5464812405823719, 0.7214876424393422, 0.1840781591826711, 0.2874848925860064, 0.4721941547694359, 0.09462947394745734]], "inverted": false, "swapped": true, "error_lsq": 0.043958921401652175, "error_max": 0.3418331187073315, "target": "866.xyz", "model": "3.xyz", "model_rescale": 3.9243930471874484, "target_rescale": 4.073657085830946},
{"mapping": [3, 8, 0, 4, 6, 13, 5, 9, 12, 10, 14, 7, 15], "R": [[0.8692987882998499, -0.4927063246158925, -0.039498029620624875], [0.4876755891805653, 0.8679546829024446, -0.09395311673970919], [0.08057379460967082, 0.06241110567211389, 0.9947928012963216]], "T": [-0.051261391990337496, -0.03581850765998946, -0.1258188389821232], "aligned_model": [[-0.07471656991435881, -0.5134413320280806, 0.5320862813898539, 0.443099527851767, 0.6020068144958944, -0.5160656356675682, -0.12972998130398403, 0.4785431524021999, 0.15852788076663352, -0.42630724936178443, 0.1158218927016354, -0.44915955335915436, 0.05654065833829883], [-0.5850149044833641, 0.003303413974528824, -0.36629233666354205, -0.6078997946055437, 0.03881856248518136, -0.4767057963959256, -0.48665040171275337, 0.3520766049178006, 0.6424026918374529, 0.585311411235045, 0.06359280438574097, 0.014155707066970766, -0.0492684083600048], [-0.680439895462306, -0.6537695837374811, -0.5483594660843393, 0.030824300403693577, 0.06704730483046178, -0.13525317717715712, 0.3346990991571478, -0.5453666613129073, 0.03860833293120139, 0.09024419744640458, 0.6305972383813736, 0.36869917774320843, -0.21046055174833672]], "inverted": false, "swapped": true, "error_lsq": 0.040554063966753935, "error_max": 0.24038110982005212, "target": "866.xyz", "model": "4.xyz", "model_rescale": 3.8936222436046832, "target_rescale": 4.073657085830946},
{"mapping": [13, 8, 2, 5, 0, 9, 12, 6, 14, 7, 4, 15], "R": [[-0.12427964803272218, 0.024347626325816996, 0.9919484675007877], [0.5865702170195815, -0.8045136170631482, 0.0932374413289595], [0.8003061599103581, 0.593434944246013, 0.08570307670829408]], "T": [-0.13110645300672513, -0.17820901232768038, 0.01418536517675973], "aligned_model": [[-0.00783989904033748, -0.5792005169025745, -0.12482529748581067, 0.3917192289247408, -0.5935048291618368, -0.6773598339443643, -0.09363127260196719, -0.05633826380759044, 0.5690962885019293, 0.4093952485071211, 0.019326699356280563, -0.22928951013049356], [-0.41298660466445364, -0.6592593251987906, 0.14803215475706066, -0.017885870659816477, 0.44950602389686756, 0.09902338110771214, -0.259605936352152, 0.397337027543073, -0.001319659901553083, -0.5139852253318995, 0.5229115468897977, -0.08284460697603893], [-0.5690799534015567, -0.23415938914939, -0.786361173596606, -0.3357193134298079, -0.12797516476392448, 0.49577159077660604, 0.7373741239998263, 0.37844333028899363, 0.3114915925957662, -0.007739124906228807, -0.272182613427268, 0.02942081428910784]], "inverted": false, "swapped": true, "error_lsq": 0.04583242798108084, "error_max": 0.2496867298329898, "target": "866.xyz", "model": "5.xyz", "model_rescale": 3.6523030999806103, "target_rescale": 4.073657085830946},
{"mapping": [2, 1, 9, 4, 6, 13, 11, 5, 8, 10, 12, 14, 15], "R": [[-0.5690295736621688, 0.5770851024827525, -0.5858140735679893], [-0.8201686455856688, -0.44975237067630863, 0.35361871821102764], [-0.05940317412411811, 0.6816858437458647, 0.7292295066304355]], "T": [0.03960741079883002, -0.08895409051892478, -0.011042451874558865], "aligned_model": [[0.19029812327740925, -0.27486958891505797, 0.0834406007034974, 0.6653764562448007, 0.6268924706327289, -0.1945541619518893, -0.43989442874329726, 0.3787189122851219, -0.6334859303896023, -0.28876912852392966, 0.1067848834195835, 0.5864685274883775, 0.07467616913655191], [-0.7784502893211702, 0.19606746992220342, 0.6063210412311798, -0.3506330701132303, 0.25295198266739777, -0.6845082717620828, 0.5025069469139879, -0.6185371213360067, -0.15428143870054445, 0.17739668504390815, 0.5332600070994975, -0.11751881182922927, -0.023748225652727925], [0.48819177548516507, 0.6081368191166643, 0.3380234322732332, 0.3579345182159593, 0.07684319478593339, 0.020535516666291345, -0.04110294457817397, -0.1723765480304183, 0.18013940458874783, -0.6390321968292331, -0.38436353776744403, -0.5679012228655687, 0.10508152842063272]], "inverted": true, "swapped": true, "error_lsq": 0.056321369715943384, "error_max": 0.33457095801225106, "target": "866.xyz", "model": "6.xyz", "model_rescale": 4.08911054899281, "target_rescale": 4.073657085830946},
{"mapping": [10, 12, 11, 7, 13, 3, 8, 1, 5, 14, 4, 6, 0, 9, 15], "R": [[-0.5294043191608123, -0.39942789785131266, 0.7484573610246333], [0.3016171967206172, 0.7359751468315096, 0.6061086122872158], [-0.7929427050526875, 0.5466241283225791, -0.2691540986856923]], "T": [-0.06140557704027412, -0.07570902294394932, -0.08473629955263892], "aligned_model": [[0.10182323079747523, 0.3466670712802852, 0.6253529053034179, -0.47901346124054606, -0.48887311822774, -0.06362057907600778, 0.1870124019271177, 0.49345279403743464, -0.7005478421132485, -0.4574088502957256, -0.4088743810929897, 0.04981210388657531, 0.17241849638868806, 0.639736117737497, 0.01839665048732085], [-0.720567938732964, -0.6546907590618861, -0.2699635136269785, -0.49452503099034, 0.19421680696312482, 0.695068670095501, 0.1937049184409541, 0.42582051964518486, -0.06685405437790637, -0.6366047698647307, 0.2973336716630482, -0.17870682485414557, 0.5221829652282426, -0.01013747483362959, 0.004481630475638584], [-0.4462032302780303, 0.08640309453758022, -0.3517190441739928, -0.3204591119448098, -0.4783416102721272, -0.20990892285815116, -0.6843840682690868, -0.1488950779535133, 0.028851737146672357, 0.2874761179420481, 0.49518728961026415, 0.583507272452099, 0.3799135841349357, 0.24884509196342666, -0.006203089955234803]], "inverted": true, "swapped": true, "error_lsq": 0.04198918815455201, "error_max": 0.35551029098833914, "target": "866.xyz", "model": "7.xyz", "model_rescale": 3.964800864290218, "target_rescale": 4.073657085830946},
{"mapping": [8, 7, 13, 11, 3, 12, 1, 5, 14, 6, 9, 0, 4, 15], "R": [[-0.38205537889467656, -0.5846368328031736, 0.7157048701717204], [-0.14182656891255285, -0.7281876468282782, -0.6705430451187959], [0.9131916073903319, -0.3576905432585111, 0.1952909712590249]], "T": [0.048745558903300804, -0.10553103471865466, -0.011608175485087316], "aligned_model": [[-0.2879677790953763, 0.35831613432875564, 0.4118000225603799, -0.6959819203306523, 0.11081284103934243, -0.37654863349238243, -0.4476716006935054, 0.6944036196253026, 0.4486739987327099, 0.06903469415397144, -0.5552512658538313, -0.014374976923788266, 0.5493287449274281, -0.0033859895174810986], [0.1306175516435238, -0.5996595714966535, 0.06090428556726646, -0.23160605635102288, 0.6403257009318488, -0.6024444372628845, 0.457218320278967, -0.17174820359304033, -0.6727923173241344, -0.12164320171664098, 0.08943318335352998, 0.564089669574839, 0.27568474915481844, -0.0074312065792149495], [-0.5814597208776918, -0.2672866567786902, -0.5126115024465547, -0.11229519918389837, -0.23435629852866996, 0.30969191720316863, -0.03158841567800309, -0.026589588071573717, 0.34649320031859876, 0.6731225309536842, 0.440445624629487, 0.40752420406184353, 0.43593823669215803, 0.06978670643116322]], "inverted": false, "swapped": true, "error_lsq": 0.04574678279577134, "error_max": 0.3321924770183003, "target": "866.xyz", "model": "8.xyz", "model_rescale": 4.121658175737393, "target_rescale": 4.073657085830946},
{"mapping": [8, 13, 7, 10, 3, 1, 4, 6, 14, 0, 11, 12, 15], "R": [[-0.3933831579014385, -0.08644975781065595, -0.9153011146360366], [-0.1370963179743045, -0.9789220964695756, 0.1513807406558038], [-0.9090953144073401, 0.1850350464590162, 0.3732395221630869]], "T": [-0.0005848869459636682, -0.02685541127882795, -0.11027103810854352], "aligned_model": [[-0.6154639381800469, -0.2116199258638999, 0.3723380957054881, 0.21779394086297263, -0.6316725121587445, -0.648423156732223, 0.17450084560834092, 0.36763439670733916, 0.778176746931607, -0.3072234984845945, -0.29758258557693484, 0.33312986028478153, -0.054850772668888444], [0.2160490996218608, -0.2704558259180558, 0.12297745057263004, 0.6682585223865212, -0.48612750184204867, -0.012846838815299681, -0.7481718120102737, -0.20584207479862354, -0.05334658403090937, -0.5096434202048319, 0.624208645996601, 0.5165644166242865, -0.07123663817014739], [-0.34858587514345685, -0.6640188537999168, -0.6040797058574641, -0.315873357594076, -0.1341226644556209, 0.2687083531364781, 0.10245984199308303, 0.4391884460234806, -0.16312224856439, 0.43830579479384146, 0.15156816155233502, 0.2423777778508068, 0.00826976402398806]], "inverted": true, "swapped": true, "error_lsq": 0.0428459917644646, "error_max": 0.2775430910158579, "target": "866.xyz", "model": "9.xyz", "model_rescale": 3.833441315466971, "target_rescale": 4.073657085830946},
{"mapping": [9, 12, 4, 5, 14, 6, 10, 13, 3, 2, 1, 8, 11, 0, 15], "R": [[0.3203391360012622, -0.48102114714267924, 0.816089145833656], [0.9459839889508415, 0.11699080805053287, -0.30236971323255557], [0.04997129770797826, 0.868868118205073, 0.4925150379147385]], "T": [-0.07002454733337651, 0.07926647408857042, -0.05353892637724632], "aligned_model": [[0.14388450770057495, -0.07498939980135139, -0.6287674115179541, -0.5563951951199109, -0.7280728205892001, -0.5162492640355454, 0.14662850095310354, 0.01320529820517305, 0.2036333990921941, -0.25445484053820855, 0.44763804064575885, 0.592928792202489, 0.5155108334665084, -0.12235040902231728, -0.058305013346781946], [-0.6527153217334142, -0.44896132829075847, 0.06762126084102876, 0.5068362897343341, 0.055070089121701624, -0.4303174231018762, 0.05022338244766783, 0.69889377336368, 0.3017104384254773, 0.5816567432284605, -0.21694090672377264, 0.3003743885205848, -0.32726595949542964, -0.27018901580767324, -0.014894871235031595], [0.10652798339153767, -0.555517579617141, 0.4792627175656863, -0.007591856041082826, -0.47348144637213363, 0.05007161943250983, -0.7783581883211227, 0.08663380938519975, 0.6431685840133334, 0.6253844840155875, 0.40231486098181757, 0.02046763000240799, -0.3228556626245317, 0.6558205777010259, 0.0462743743089986]], "inverted": true, "swapped": true, "error_lsq": 0.0414457250732267, "error_max": 0.3124481742217239, "target": "866.xyz", "model": "10.xyz", "model_rescale": 4.2482417240324, "target_rescale": 4.073657085830946},
{"mapping": [4, 14, 7, 12, 3, 8, 13, 11, 6, 1, 0, 15], "R": [[0.19507879247429838, 0.9807488747928245, -0.008712595444430982], [-0.4690726278348619, 0.08549349362704449, -0.8790117930742112], [-0.8613449567640521, 0.17556339920396624, 0.47672041944632704]], "T": [0.04495196583546889, 0.012606162229788477, 0.05757961655839588], "aligned_model": [[-0.6411114251993635, 0.13840132784058087, 0.2507032387939407, 0.6328605370498926, -0.505756875060983, 0.19076876747374102, -0.22767918970448542, 0.6424607811135702, -0.07585253613902146, -0.041014095486065986, -0.479675586374792, -0.007339341944007455], [-0.29352570599132044, -0.7499046994436046, -0.27427089047163034, -0.2724177797230134, 0.5648492770855197, 0.6804684482556664, 0.24586246207715534, 0.3735272660370496, -0.4388903982426937, 0.6074535197033797, 0.1774007466019695, 0.04557914416216176], [-0.12076581735651445, 0.19832448378640224, 0.5874252621322105, -0.26515354517334017, 0.018609646076688184, 0.22058341368496434, 0.5884066549211096, -0.24798703515378512, -0.4435037292623803, -0.3921786524018475, -0.5130837848173677, -0.0654846065817831]], "inverted": false, "swapped": true, "error_lsq": 0.04781636876829822, "error_max": 0.26755606224193806, "target": "866.xyz", "model": "11.xyz", "model_rescale": 3.6694154284099745, "target_rescale": 4.073657085830946},
{"mapping": [12, 11, 8, 1, 9, 14, 6, 5, 3, 2, 13, 0, 7, 15], "R": [[-0.5145402340186158, 0.4473756566795316, 0.7315076003614904], [0.7632234087954126, -0.14987794441965413, 0.62851143986665], [0.39081757361047464, 0.8816981476600123, -0.2643293411071203]], "T": [-0.0662958857343128, 0.030106443202878794, -0.06211521576867187], "aligned_model": [[-0.08413964271423091, 0.132466128834872, -0.013897314698844837, 0.5699115935232227, 0.5757672125368166, -0.49693168228064444, 0.2459143655575254, -0.41889407299062076, 0.3511538866118471, 0.05537737027236697, -0.35307919419200173, 0.6645159969917895, -0.7000706963243752, 0.07017089912808727], [-0.3549063637372615, 0.24811589629120379, 0.7098665830475741, 0.40626865277521607, -0.1341915452703505, -0.6195191528683185, -0.579648016352128, -0.1433986088761814, 0.5230475050216188, 0.283203013866911, 0.4483776267945377, -0.038803179230243526, -0.030520559061578537, 0.013095435735254679], [-0.680563732707615, -0.7646942832590247, -0.23256565620567238, -0.19348522116182248, -0.47191638422156, -0.012074125231591896, -0.04625175726181375, 0.45465746423553455, 0.37665139769180067, 0.755494261578764, 0.3294433928882703, 0.23657106990367008, -0.05739357599285554, -0.05477739060366858]], "inverted": true, "swapped": true, "error_lsq": 0.03995065998277557, "error_max": 0.27658023451179814, "target": "866.xyz", "model": "12.xyz", "model_rescale": 3.9764082729961374, "target_rescale": 4.073657085830946},
{"mapping": [8, 1, 11, 10, 3, 14, 7, 6, 12, 2, 5, 9, 0, 13, 4, 15], "R": [[0.5919401830556431, -0.2529187194194582, 0.7652705018823561], [-0.7257416737496714, 0.2457412773991404, 0.642580926860784], [-0.3505792958334495, -0.9357581663813894, -0.038089518026126395]], "T": [-0.0073522538827280465, -0.009219539954739377, -0.04818198702869061], "aligned_model": [[0.21609381614896772, 0.08179555081655503, -0.3483108790741593, -0.29479927409747425, 0.24203071165667084, -0.40759810339981967, 0.6991316744429352, -0.392033465737765, -0.4288989015853075, 0.6455192303811018, -0.01514307968596014, 0.13012573899200341, 0.6092580782876623, -0.6123080794322867, 0.3499178346757897, 0.033260069169862086], [-0.6160754518138082, -0.012491219201973547, -0.7245002924809884, -0.422641109468098, -0.7349215343300312, -0.4751059019424129, -0.1484751224262277, 0.15925306771454506, 0.22225707223920668, -0.14644279063422935, 0.7915141084234392, 0.508254774830423, 0.37321298124559604, -0.06335220401265709, 0.2569993012320602, -0.045457955262724455], [-0.33357748923157643, -0.6769621897173544, -0.0998091089944031, -0.6747629597601004, 0.2976621963431137, 0.46324855296017364, 0.18099488940315114, 0.5900155932002562, -0.46762272988302855, -0.48543262272201576, 0.19998898875815146, -0.32171308495063444, -0.07357880752530163, 0.026508373812207144, 0.5151556863056732, 0.04469476595776963]], "inverted": true, "swapped": false, "error_lsq": 0.04203202127404687, "error_max": 0.31693404539939907, "target": "866.xyz", "model": "13.xyz", "model_rescale": 4.170626492500431, "target_rescale": 4.073657085830946},
{"mapping": [5, 4, 14, 6, 7, 11, 12, 2, 13, 0, 3, 9, 8, 15], "R": [[-0.9646969749905857, -0.26102617678987766, 0.0350011639016931], [-0.2626819729875332, 0.9441220659376369, -0.19907713499301108], [0.018918972260419723, -0.201243284708107, -0.9793585721524583]], "T": [-0.01323796829635115, 0.1446407448775904, 0.029163992345119433], "aligned_model": [[0.33104051008706425, 0.026440786137493358, -0.2464974227065473, -0.5416487145492555, 0.20554668599163634, -0.3796686757496388, -0.6471755584348305, 0.612329822810223, 0.6267307052664314, -0.17177372485372594, 0.4208877708533584, -0.6369396819134102, 0.31940709397409384, -0.07549657482124893], [-0.19548485296804166, -0.6256397507496, -0.020574121996042333, -0.2811962329908575, 0.3736860367432468, 0.7142950651731522, 0.45601641090328093, -0.4269448162056285, 0.15179654256672317, -0.42226700212916923, -0.1403410614802221, 0.1240475515951262, 0.5739392292173904, 0.07474147024630758], [-0.4035835028114365, -0.006896312145638073, -0.6976501446749841, -0.06555845905393332, -0.5231402418831534, 0.37826898822883637, -0.1502800259211278, 0.20034342407899175, -0.0008773868540857196, 0.5597580570714284, 0.6123376856811409, 0.49579869065290605, 0.4751717103322062, 0.13018061841971557]], "inverted": false, "swapped": true, "error_lsq": 0.037362964838938105, "error_max": 0.24742825989664208, "target": "866.xyz", "model": "14.xyz", "model_rescale": 3.9786697098870705, "target_rescale": 4.073657085830946},
{"mapping": [9, 0, 12, 11, 6, 14, 3, 5, 7, 8, 4, 15], "R": [[0.03253926209025415, -0.9169976414614032, -0.3975632301620031], [-0.28061030769738, 0.37339288405662774, -0.8842146851019022], [0.9592700618890406, 0.14033203372750627, -0.24516906141130157]], "T": [0.11521768791753137, -0.039129781203542095, 0.08693646324233552], "aligned_model": [[-0.04821226426357181, -0.6096325054935791, 0.5889223212810415, 0.4387262179927106, -0.0664308200596393, 0.4466741948433667, -0.5306728105435471, 0.026573466221704145, 0.5721945379348119, 0.13579022775863572, -0.4842608807823131, 0.013682911877716558], [-0.30452758738936114, -0.09192985908058426, 0.004497403126923906, -0.6043001493722913, 0.36693080659928823, 0.664485033191119, -0.38735619574499375, 0.45665728287765894, 0.22563435812009008, -0.6953582476108688, 0.4474643715134173, -0.06752272600595852], [-0.6272277363959975, -0.22905782489328874, -0.46508927745496254, -0.3087610121851465, -0.4342602461271863, 0.016031653384450464, 0.3540229139651751, 0.49659592743400527, 0.4425212588969262, 0.33756323973395563, 0.07929661584151099, -0.0016690183256120317]], "inverted": true, "swapped": true, "error_lsq": 0.05165711410722243, "error_max": 0.35438780801890646, "target": "866.xyz", "model": "15.xyz", "model_rescale": 3.769337070930944, "target_rescale": 4.073657085830946},
{"mapping": [13, 8, 5, 7, 2, 3, 4, 1, 6, 12, 15], "R": [[-0.3080513432663217, 0.8822584108512184, 0.3559838007467441], [-0.24173240552344355, 0.2893136460690576, -0.9262089711928283], [-0.9201466263762881, -0.3713727382031573, 0.1241469906515052]], "T": [-0.14499046435879523, 0.05507971648508744, 0.10956211341365862], "aligned_model": [[-0.21778262431780837, -0.2960053772992044, -0.11580415422030563, -0.6492699825245101, 0.37829724799676867, 0.37106288156083844, 0.48203163494350076, 0.24460315953766834, 0.20552720809078642, -0.45265116346710166, -0.027382699609462352], [-0.003448466867039264, -0.5868287766517245, 0.5545380497751282, 0.3746418549337155, 0.13000914513692197, -0.34318523206935525, 0.4818967101426338, -0.5724417931678502, 0.42311821849816267, 0.12375443831647415, 0.014010349578274878], [-0.5243064425571096, -0.13337984080963755, -0.30416849961824666, -0.11168581324987209, -0.5744722889208277, -0.3203742991690593, -0.034927789239547646, 0.24353825320237582, 0.569140630765405, 0.7665708698854671, 0.1682828269348301]], "inverted": true, "swapped": true, "error_lsq": 0.04432803931641103, "error_max": 0.1991964812137582, "target": "866.xyz", "model": "16.xyz", "model_rescale": 3.7852294659196426, "target_rescale": 4.073657085830946},
{"mapping": [5, 10, 12, 14, 13, 8, 1, 11, 6, 4, 3, 9, 15], "R": [[0.9006483981559418, -0.3939741893091136, 0.18334885071186874], [-0.09686920310948707, -0.5933378870689103, -0.7991035660398057], [0.4236139992824475, 0.7019504896549525, -0.5725527833179251]], "T": [-0.06352168203830513, 0.0200429198593026, -0.06080501255034411], "aligned_model": [[-0.06961672700861209, -0.3277481899275907, 0.23210174979138556, 0.2807328082052677, -0.5517556240967387, -0.6302405140608929, -0.07177617484913582, -0.18169364319542491, 0.6204264254704621, 0.4062052039263363, -0.2580002511534255, 0.3846814855858013, 0.020449301528850314], [-0.1658746884353259, -0.553884406352593, -0.3981512211345098, -0.623558315000937, 0.1313334349595954, 0.33356351790869687, 0.6664407091598518, 0.03956224271629053, -0.021695759516535663, 0.28568479381133505, 0.7477222294318091, 0.31039799340527036, 0.12351509274992672], [-0.6828025856203174, 0.35625227817198457, 0.45760821670479923, -0.33870969317592253, -0.4604994359756144, 0.21197220541902823, 0.3207939971789342, 0.6917281692951942, -0.06131506535817258, -0.6130711064419306, -0.26679591652776424, 0.5066310637094023, -0.026037430236446994]], "inverted": false, "swapped": true, "error_lsq": 0.047169351395105516, "error_max": 0.25524593050233274, "target": "866.xyz", "model": "17.xyz", "model_rescale": 3.901054581598922, "target_rescale": 4.073657085830946},
{"mapping": [10, 7, 11, 12, 13, 1, 5, 14, 8, 0, 2, 4, 6, 9, 15], "R": [[-0.42751796289399246, 0.2799776390909581, -0.8595585570582285], [-0.901063599871653, -0.05531014429645287, 0.4301455299363727], [0.07288882211497319, 0.9584118684297261, 0.27592373957985744]], "T": [0.019285169296118287, -0.020861751219190573, -0.04869424935093796], "aligned_model": [[-0.04228280854922556, 0.25551661210415716, -0.4508115690215334, 0.1842756549586852, -0.15919633214304038, -0.5431773098787509, 0.43553002947404046, 0.7469333232315005, -0.6654568604634608, -0.03363649817343084, 0.0058385665577380536, 0.45697018500555997, 0.4895896774159723, -0.13930440709792422, -0.0017020523312531871], [-0.058944703331042, -0.4760678760765194, 0.4012927718353332, 0.4414550328198899, -0.6095717003848611, 0.37227656276036464, -0.4815246657383583, -0.10537331698076144, -0.17173081523989628, 0.4043165115452498, -0.4534671654994024, 0.004208438251977913, 0.455671994277764, 0.7410617935452685, 0.08515448804209902], [-0.8022883575094565, -0.42598793753750547, -0.4746595313103929, -0.5872786532391815, 0.13041058711039963, 0.2555988141459796, 0.14107767458484763, -0.3195275456921557, -0.09601960001687551, 0.6179921711130915, 0.6996500946296591, 0.5869236419016313, 0.09710235664356293, -0.009994029248938587, 0.03666671927731093]], "inverted": true, "swapped": true, "error_lsq": 0.03359447829174732, "error_max": 0.20989815813915358, "target": "866.xyz", "model": "18.xyz", "model_rescale": 3.9405287249114394, "target_rescale": 4.073657085830946},
{"mapping": [0, 6, 7, 8, 4, 13, 12, 11, 5, 1, 10, 2, 3, 9, 14, 15], "R": [[-0.29805377304554215, -0.922450478344863, 0.24545684625744368], [0.9543107778384139, -0.2822136796983131, 0.09821597778661033], [-0.021328095900910858, 0.2635157566303613, 0.9644192855458512]], "T": [0.07742938033398696, -0.14111510311903747, 0.017553720187549852], "aligned_model": [[0.3181160800895237, 0.06916808645707247, -0.3775618518813093, -0.2682698716170322, 0.26320617191380796, -0.19237094624617534, 0.5238984655116898, -0.40788754740499256, -0.5062519994907964, 0.5865397467674391, 0.10106538773324306, 0.017474808376956225, 0.7701166677072484, -0.6849835025087184, 0.22179023657413954, 0.0739909895766793], [-0.5336116958094079, -0.0134315872512146, -0.6779145187220097, -0.413495809180221, -0.8482929249585178, -0.23359703831114526, -0.2881027432560912, 0.2945136424940665, 0.1700583653785988, 0.0010543651101908302, 0.6341596916585, 0.5610434887976601, 0.3351125390145505, -0.2079806159878943, 0.24634848667936027, -0.10383592154430718], [-0.4930249664447741, -0.7185930901643872, 0.03888245566007217, -0.597729087716323, 0.010374540237549228, 0.6258174136728077, 0.2989769811965111, 0.32399829518500034, -0.486182085674864, -0.37755879679065607, 0.14520311769257477, -0.49107585436750545, 0.15474027074306684, 0.07469780317778868, 0.6723597004918953, 0.003923357057325029]], "inverted": false, "swapped": false, "error_lsq": 0.04202372987370025, "error_max": 0.2985766480420666, "target": "866.xyz", "model": "19.xyz", "model_rescale": 4.410303926677745, "target_rescale": 4.073657085830946},
{"mapping": [8, 7, 13, 11, 3, 12, 1, 5, 14, 6, 9, 0, 4, 15], "R": [[-0.38205537889467656, -0.5846368328031736, 0.7157048701717204], [-0.14182656891255285, -0.7281876468282782, -0.6705430451187959], [0.9131916073903319, -0.3576905432585111, 0.1952909712590249]], "T": [0.048745558903300804, -0.10553103471865466, -0.011608175485087316], "aligned_model": [[-0.2879677790953763, 0.35831613432875564, 0.4118000225603799, -0.6959819203306523, 0.11081284103934243, -0.37654863349238243, -0.4476716006935054, 0.6944036196253026, 0.4486739987327099, 0.06903469415397144, -0.5552512658538313, -0.014374976923788266, 0.5493287449274281, -0.0033859895174810986], [0.1306175516435238, -0.5996595714966535, 0.06090428556726646, -0.23160605635102288, 0.6403257009318488, -0.6024444372628845, 0.457218320278967, -0.17174820359304033, -0.6727923173241344, -0.12164320171664098, 0.08943318335352998, 0.564089669574839, 0.27568474915481844, -0.0074312065792149495], [-0.5814597208776918, -0.2672866567786902, -0.5126115024465547, -0.11229519918389837, -0.23435629852866996, 0.30969191720316863, -0.03158841567800309, -0.026589588071573717, 0.34649320031859876, 0.6731225309536842, 0.440445624629487, 0.40752420406184353, 0.43593823669215803, 0.06978670643116322]], "inverted": false, "swapped": true, "error_lsq": 0.04574678279577134, "error_max": 0.3321924770183003, "target": "866.xyz", "model": "20.xyz", "model_rescale": 4.121658175737393, "target_rescale": 4.073657085830946},
{"mapping": [2, 1, 9, 4, 6, 13, 11, 5, 8, 10, 12, 14, 15], "R": [[-0.5690295736621688, 0.5770851024827525, -0.5858140735679893], [-0.8201686455856688, -0.44975237067630863, 0.35361871821102764], [-0.05940317412411811, 0.6816858437458647, 0.7292295066304355]], "T": [0.03960741079883002, -0.08895409051892478, -0.011042451874558865], "aligned_model": [[0.19029812327740925, -0.27486958891505797, 0.0834406007034974, 0.6653764562448007, 0.6268924706327289, -0.1945541619518893, -0.43989442874329726, 0.3787189122851219, -0.6334859303896023, -0.28876912852392966, 0.1067848834195835, 0.5864685274883775, 0.07467616913655191], [-0.7784502893211702, 0.19606746992220342, 0.6063210412311798, -0.3506330701132303, 0.25295198266739777, -0.6845082717620828, 0.5025069469139879, -0.6185371213360067, -0.15428143870054445, 0.17739668504390815, 0.5332600070994975, -0.11751881182922927, -0.023748225652727925], [0.48819177548516507, 0.6081368191166643, 0.3380234322732332, 0.3579345182159593, 0.07684319478593339, 0.020535516666291345, -0.04110294457817397, -0.1723765480304183, 0.18013940458874783, -0.6390321968292331, -0.38436353776744403, -0.5679012228655687, 0.10508152842063272]], "inverted": true, "swapped": true, "error_lsq": 0.056321369715943384, "error_max": 0.33457095801225106, "target": "866.xyz", "model": "21.xyz", "model_rescale": 4.08911054899281, "target_rescale": 4.073657085830946},
{"mapping": [0, 8, 2, 1, 4, 3, 7, 14, 11, 6, 9, 5, 10, 15, 12, 16], "R": [[0.3014002186898586, 0.08106350510483395, -0.9500455864398423], [0.09536532566525682, 0.9888206214190496, 0.11462649483083712], [0.9487166926087391, -0.12514985735734172, 0.2903001039768538]], "T": [0.029498297466762427, -0.07230455538853382, -0.046973147272357775], "aligned_model": [[0.44228360751288587, 0.0717687197966514, -0.46557805837845495, -0.30583770873994975, 0.03294721053062628, -0.18522660455871054, 0.717554709084953, -0.2945198527766182, -0.4400701388313338, 0.6213276550380195, -0.0422454807427302, 0.11404380258112774, 0.6044417316917984, -0.6985131232309906, 0.28019386778288097, 0.055470584798620756], [-0.6881034852330838, 0.03709539842760888, -0.5960177050166934, -0.474808715887089, -0.7291192850036234, -0.433031017519916, -0.12210315604250895, 0.08421702826845183, 0.2281366008079564, -0.10549311311981246, 0.5939423381774387, 0.5722546875994329, 0.49126790230761924, -0.03370694803654458, 0.20744918914027338, -0.10995199475739101], [-0.2716492786074574, -0.7303521633104211, -0.0036399248809264664, -0.6432436773077809, 0.18728035179882696, 0.7133218344701268, 0.12592758093154138, 0.48437967158666617, -0.571504962851093, -0.49885881832630863, 0.19492666393971642, -0.32106162530801624, 0.007446900345923706, -0.042897127827601224, 0.588525931782893, -0.03379130248000804]], "inverted": false, "swapped": false, "error_lsq": 0.04075344500814056, "error_max": 0.24540759699364034, "target": "866.xyz", "model": "22.xyz", "model_rescale": 4.204369325754507, "target_rescale": 4.073657085830946},
{"mapping": [0, 6, 7, 8, 4, 13, 12, 11, 5, 1, 10, 2, 3, 9, 14, 15], "R": [[-0.29805377304554215, -0.922450478344863, 0.24545684625744368], [0.9543107778384139, -0.2822136796983131, 0.09821597778661033], [-0.021328095900910858, 0.2635157566303613, 0.9644192855458512]], "T": [0.07742938033398696, -0.14111510311903747, 0.017553720187549852], "aligned_model": [[0.3181160800895237, 0.06916808645707247, -0.3775618518813093, -0.2682698716170322, 0.26320617191380796, -0.19237094624617534, 0.5238984655116898, -0.40788754740499256, -0.5062519994907964, 0.5865397467674391, 0.10106538773324306, 0.017474808376956225, 0.7701166677072484, -0.6849835025087184, 0.22179023657413954, 0.0739909895766793], [-0.5336116958094079, -0.0134315872512146, -0.6779145187220097, -0.413495809180221, -0.8482929249585178, -0.23359703831114526, -0.2881027432560912, 0.2945136424940665, 0.1700583653785988, 0.0010543651101908302, 0.6341596916585, 0.5610434887976601, 0.3351125390145505, -0.2079806159878943, 0.24634848667936027, -0.10383592154430718], [-0.4930249664447741, -0.7185930901643872, 0.03888245566007217, -0.597729087716323, 0.010374540237549228, 0.6258174136728077, 0.2989769811965111, 0.32399829518500034, -0.486182085674864, -0.37755879679065607, 0.14520311769257477, -0.49107585436750545, 0.15474027074306684, 0.07469780317778868, 0.6723597004918953, 0.003923357057325029]], "inverted": false, "swapped": false, "error_lsq": 0.04202372987370025, "error_max": 0.2985766480420666, "target": "866.xyz", "model": "23.xyz", "model_rescale": 4.410303926677745, "target_rescale": 4.073657085830946},
{"mapping": [12, 6, 2, 5, 0, 3, 7, 10, 15, 13, 9, 14, 11, 4, 1, 16], "R": [[0.43209809151680817, 0.8263114634376092, -0.3612486743216213], [0.6891993019943721, -0.044219388247516755, 0.7232212440418807], [0.5816318091696863, -0.561474853483762, -0.588600397100941]], "T": [0.04357933522794821, 0.03168312446614331, -0.06094260394901676], "aligned_model": [[0.2707312172787157, 0.15664347413050478, -0.40905216794238136, -0.31331162091309145, 0.16327016863963678, -0.3063751694100885, 0.6423584331432025, -0.2550776278834553, -0.3043163811870888, 0.5954924489093384, -0.1806613123271947, 0.28216140031687253, 0.3861787755259237, -0.5906061154885868, 0.3517025897978384, 0.018902808968630037], [-0.6280391784387486, -0.055255981830762094, -0.7327830344025825, -0.3299472652766471, -0.6933955622962498, -0.44313195765944685, -0.18457835712402526, 0.33660205576680813, 0.3585981653711683, -0.019041462455643386, 0.6165523034610596, 0.5219058230763443, 0.49701063150478125, -0.18466581856438063, -0.1045350157112339, -0.033267621308322406], [-0.4601221879890297, -0.807639451438221, 0.14788786667403078, -0.4316909553508058, 0.11318612282030827, 0.6182727279625034, 0.13043519038072574, 0.4305982488751906, -0.5914228744255756, -0.4933839931074364, -0.0689525399192237, -0.46207885760838335, 0.19754805605919898, 0.09681138788697671, 0.7282595424306114, 0.03710177070521193]], "inverted": false, "swapped": false, "error_lsq": 0.03855828459562122, "error_max": 0.3208984722797791, "target": "866.xyz", "model": "24.xyz", "model_rescale": 4.28219845311461, "target_rescale": 4.073657085830946},
{"mapping": [14, 13, 6, 2, 10, 8, 11, 1, 4, 12, 3, 7, 9, 0, 5, 15], "R": [[-0.1458713122235293, 0.29916365890881746, -0.9429860367250802], [-0.5089867861361995, 0.794655054532819, 0.3308410431675385], [0.8483242374286664, 0.5282276493082609, 0.03635297370698261]], "T": [0.05597343434979722, -0.02174781878048393, -0.09247131466473205], "aligned_model": [[0.26451547906843165, 0.21719099934913422, -0.43645618597418606, -0.2791077962088309, 0.2527320086710045, -0.077589697515739, 0.5268733675155869, -0.3046912341147533, -0.49311573307557705, 0.7263950036053755, -0.15284380067630948, 0.16418325563012867, 0.5541641072769053, -0.7440191790218524, 0.3067824301233573, -0.016972103093900168], [-0.7105742173203249, 0.03961651205383279, -0.75306432953696, -0.3707473004875368, -0.70305410459412, -0.33384548595227936, -0.23882026521896627, 0.18698630963011498, 0.38426485971061275, -0.19460085595913185, 0.6722706053495965, 0.6350043941639283, 0.42342813755432335, -0.18043101054949673, 0.09835594069350909, -0.03276146542498301], [-0.3418165234693772, -0.6609427498080869, 0.09430760567579308, -0.5769297288588126, 0.26363629150198864, 0.5130879251136867, 0.07369088678391714, 0.39356207863730697, -0.3538204377669658, -0.41662659728099427, 0.18098642280831148, -0.49560053851400976, 0.009988946845252505, -0.11210891219098597, 0.7124824824649001, -0.09908709798584248]], "inverted": true, "swapped": false, "error_lsq": 0.04049894121503575, "error_max": 0.2741225238973122, "target": "866.xyz", "model": "25.xyz", "model_rescale": 4.100010024507729, "target_rescale": 4.073657085830946},
{"mapping": [4, 14, 7, 12, 3, 8, 13, 11, 6, 1, 0, 15], "R": [[0.19507879247429838, 0.9807488747928245, -0.008712595444430982], [-0.4690726278348619, 0.08549349362704449, -0.8790117930742112], [-0.8613449567640521, 0.17556339920396624, 0.47672041944632704]], "T": [0.04495196583546889, 0.012606162229788477, 0.05757961655839588], "aligned_model": [[-0.6411114251993635, 0.13840132784058087, 0.2507032387939407, 0.6328605370498926, -0.505756875060983, 0.19076876747374102, -0.22767918970448542, 0.6424607811135702, -0.07585253613902146, -0.041014095486065986, -0.479675586374792, -0.007339341944007455], [-0.29352570599132044, -0.7499046994436046, -0.27427089047163034, -0.2724177797230134, 0.5648492770855197, 0.6804684482556664, 0.24586246207715534, 0.3735272660370496, -0.4388903982426937, 0.6074535197033797, 0.1774007466019695, 0.04557914416216176], [-0.12076581735651445, 0.19832448378640224, 0.5874252621322105, -0.26515354517334017, 0.018609646076688184, 0.22058341368496434, 0.5884066549211096, -0.24798703515378512, -0.4435037292623803, -0.3921786524018475, -0.5130837848173677, -0.0654846065817831]], "inverted": false, "swapped": true, "error_lsq": 0.04781636876829822, "error_max": 0.26755606224193806, "target": "866.xyz", "model": "26.xyz", "model_rescale": 3.6694154284099745, "target_rescale": 4.073657085830946},
