[{"mapping": [9, 8, 11, 5, 3, 7, 2, 0, 10, 6, 1, 13], "R": [[-0.8343515473191694, 0.019582905581190357, -0.5508847477423078], [-0.4027985776332528, -0.7039021251447213, 0.5850428224270201], [-0.37631210629308265, 0.7100269769704131, 0.5951897937897795]], "T": [-0.06987625419157306, 0.007226628934955195, -0.06097021288080651], "aligned_model": [[-0.16293316591428372, 0.1903291724888907, 0.520666286930703, -0.3543846555139633, -0.23594827319246475, -0.6214353147850024, 0.3573922034922424, -0.262087040271221, 0.7005881047071854, 0.2526678095093803, -0.5734832657327493, 0.026270600741831185], [-0.2939134321405431, -0.7134169716982574, -0.33663843594995174, 0.6449089775422883, 0.402178834165507, -0.612484248578754, -0.3198514415066404, -0.4042087740916772, 0.039369550949174506, 0.4170683442669354, 0.27751226146579866, -0.046969628446822835], [-0.553782087104841, -0.1145615968500942, -0.45902870461047796, -0.011894960477957794, -0.673241499717299, -0.007330946666085664, 0.560355253269915, 0.5448416861248813, 0.028961672289591595, 0.38418703676758537, 0.4898774849289793, -0.006431592600634167]], "inverted": true, "swapped": true, "error_lsq": 0.04233828218837738, "error_max": 0.23423633875314126, "target": "867.xyz", "model": "0.xyz", "model_rescale": 3.751011558992144, "target_rescale": 4.117801180506805},
{"mapping": [10, 5, 11, 0, 8, 2, 13, 4, 6, 1, 12, 7, 3, 14], "R": [[-0.49884049446263784, -0.8444311019268121, -0.19517754784539298], [0.13530952537186233, -0.2983156306448819, 0.944827559323175], [-0.8560662903233092, 0.4449088655124958, 0.2630714883077822]], "T": [0.014452024935793988, -0.10267838965156123, -0.03154743750902484], "aligned_model": [[-0.15169368444855427, 0.04786628378852323, 0.43105646527470465, -0.09193016769381927, -0.5187904575736658, 0.02419261933016399, 0.5487628950523508, -0.699556702574225, -0.08084451752859786, -0.4441614645752542, 0.7099078381095615, 0.18460620530569602, 0.482159745986753, 0.0653226785913349], [-0.8870591781110668, -0.15237610013992445, -0.6772685452236882, 0.5978381408210298, 0.05347171660408226, 0.542690630261264, 0.09431799698550108, -0.4426392330889464, -0.43592660458752835, 0.11471505098187668, -0.07383712926573463, 0.07901422068436323, 0.4985752668499082, -0.1225565558954734], [-0.2035826957489475, -0.6532384153051948, 0.3331687293059077, 0.23949488045155592, -0.3944356452305935, -0.5484053008967382, -0.4823317717840833, -0.017686273103639426, 0.6344780436149817, 0.44604999615649615, 0.22823034772170242, 0.5830356521128821, 0.02457223574114927, -0.02698152612082636]], "inverted": true, "swapped": false, "error_lsq": 0.04259766433137964, "error_max": 0.27762165695582464, "target": "867.xyz", "model": "1.xyz", "model_rescale": 3.9405287249114394, "target_rescale": 4.117801180506805},
{"mapping": [8, 11, 9, 6, 12, 7, 2, 10, 5, 4, 1, 0, 13], "R": [[0.9339178634253017, 0.35686929933515754, 0.02101731588841596], [0.1407038845042044, -0.4209921379402447, 0.8960848378797232], [0.32863329298862476, -0.8339124192530868, -0.44338497466075355]], "T": [-0.048539403580090415, -0.10714366041161627, -0.10326288082499377], "aligned_model": [[-0.2924313042106315, 0.16877120496608167, -0.3488641981751736, 0.49444272401633577, 0.5898969177967489, -0.8574409840489783, 0.1383282842731119, 0.58281890904789, 0.12488905687697029, -0.4722453916734246, -0.22989625631552252, -0.40043705005267316, -0.0018486332168033415], [0.6142287837139216, 0.5934877390704395, 0.1547055462552579, -0.30126610632079626, -0.23797352719143164, 0.014955769866637825, 0.29455764967147213, 0.32911488517169196, -0.779371960746579, -0.46023397227977464, -0.7254571505715957, -0.021816846519825628, -0.016098216547401345], [-0.003039942799425238, -0.3987725761560704, -0.5315717405272868, 0.26775836745413284, -0.3921790801791152, 0.04474422087027197, 0.5890522632363245, 0.014216488513944553, -0.19283893721871215, -0.17141876552252375, 0.3603162939234603, 0.5616578026885019, -0.03480404469485847]], "inverted": false, "swapped": true, "error_lsq": 0.046312503407955306, "error_max": 0.2777706523077881, "target": "867.xyz", "model": "2.xyz", "model_rescale": 3.932901565614263, "target_rescale": 4.117801180506805},
{"mapping": [0, 4, 3, 12, 6, 5, 7, 1, 11, 10, 8, 11, 9, 13], "R": [[-0.8095486140339634, 0.38496861414394645, 0.44320447610530567], [0.14851163793113212, -0.5961081811330228, 0.7890496370858374], [0.5679571594008667, 0.7045950627916496, 0.42540623241194986]], "T": [0.04468179655622791, -0.14724226860633197, -0.04546567538553524], "aligned_model": [[-0.04286593090720296, -0.04883392923045331, 0.3004454360815701, -0.17518613313252235, -0.4907588029704822, 0.03891999623437532, 0.6192197890496717, -0.5299056829819537, 0.07393191697290581, -0.4538832244056573, 0.6568919364390293, 0.07393191697290581, 0.4885333588778524, -0.003542909955067286], [-0.7203116750441558, -0.2209253074747731, -0.5618264579548361, 0.5756190227097366, 0.2098501313418982, 0.444682001892893, -0.05462243038030748, -0.5901344404714529, -0.15103145500715534, 0.14963865957758934, -0.1365973110998995, -0.15103145500715534, 0.43754831001509953, -0.041897916221817835], [-0.3814376682123123, -0.9109435915402325, 0.10747349134494434, 0.06525675762053494, -0.27455221571352784, -0.45337760865750787, -0.45907201974660866, 0.10441552213673348, 0.8471925855908913, 0.37458202982800437, 0.3593455831489525, 0.8471925855908913, -0.017027863073232716, -0.046679331402878006]], "inverted": false, "swapped": false, "error_lsq": 0.05109822144116331, "error_max": 0.4417679887798614, "target": "867.xyz", "model": "3.xyz", "model_rescale": 3.9243930471874484, "target_rescale": 4.117801180506805},
{"mapping": [5, 12, 3, 4, 9, 6, 0, 3, 11, 10, 8, 2, 13], "R": [[0.8939802290808938, -0.3129983221418061, -0.3206733545976136], [-0.3944190619136513, -0.20997657716589252, -0.8946191595538582], [0.21268040250955889, 0.9262515248992091, -0.3111674131561046]], "T": [0.0596480308810651, -0.17396450792773024, -0.058118662503910304], "aligned_model": [[-0.02220257538733461, -0.20029644945832356, 0.4848068419635917, 0.4002022004412904, 0.5811473371033381, -0.5937601793526245, -0.1491282127421357, 0.4848068419635917, 0.1307936585019299, -0.46158162120025126, 0.1860266971603598, -0.5448021197594414, -0.01880653292263798], [-0.570996349211991, 0.14821826001317814, -0.06894966348099314, -0.6110598920377787, 0.07792911595729754, -0.23633373188465834, -0.5649686695277066, -0.06894966348099314, 0.5957227397598602, 0.40121301615168503, 0.2235789949325426, -0.08490829098390965, -0.11266631252494612], [-0.6287835237024204, -0.6384781131265959, -0.6636392289594544, -0.10072429693222952, 0.024322494910847273, -0.2564559314972143, 0.5556894181173917, -0.6636392289594544, 0.10907607120230554, -0.04306192566446346, 0.5867795431738214, 0.4916928866627466, 0.01429215014568376]], "inverted": true, "swapped": true, "error_lsq": 0.054315268230594335, "error_max": 0.3839844653456968, "target": "867.xyz", "model": "4.xyz", "model_rescale": 3.8936222436046832, "target_rescale": 4.117801180506805},
{"mapping": [1, 6, 5, 4, 12, 10, 2, 8, 7, 0, 9, 13], "R": [[0.9044181888312881, 0.4214640223288856, 0.06630096223652784], [0.33237107245025366, -0.5985762868833834, -0.7288593135709868], [-0.26750179421716225, 0.6812301422157262, -0.6814457303610765]], "T": [-0.10062564300952964, 0.10326889705734382, -0.09497405010922466], "aligned_model": [[0.12457043540892607, -0.6088577399839818, -0.27472411165191696, 0.3191373380250503, -0.7597543076672366, -0.7239470349659411, -0.23263509361146245, 0.14412308309773786, 0.7166588134637886, 0.3048493905838317, 0.160392916658033, -0.1422656471417312], [-0.5329082250416424, -0.355385674572637, -0.06562575749003635, 0.07616089019706002, 0.27403256358963524, 0.09698226011403815, -0.41453882106444356, 0.28540104582179443, 0.0745645941802591, -0.45723326675332926, 0.6195189363690936, 0.06795435976001528], [-0.5129129535283419, -0.133781280071889, -0.7515991390515272, -0.4581667717009862, -0.3061117643221095, 0.36780792908254734, 0.5295516947468211, 0.6098890863212607, 0.054552937806084556, 0.21269371814402815, -0.008004647444743246, 0.015365909294373398]], "inverted": true, "swapped": true, "error_lsq": 0.047732766769546096, "error_max": 0.24274104495407964, "target": "867.xyz", "model": "5.xyz", "model_rescale": 3.6523030999806103, "target_rescale": 4.117801180506805},
{"mapping": [11, 8, 7, 9, 4, 10, 0, 12, 2, 6, 1, 5, 13], "R": [[-0.6006492422567198, 0.7986075880053111, -0.038031673073476685], [-0.6379000815765837, -0.5073684816626474, -0.5793623302734895], [-0.4819792253832279, -0.32373313731479414, 0.8141823395918781]], "T": [0.19505352220856692, -0.054376337406406454, 0.009470960430020142], "aligned_model": [[0.06641217729202692, -0.15036690865142038, 0.2381045353446083, 0.5216447522038207, 0.5305971570568808, -0.27753680577995643, -0.30921773916340395, 0.32243019117913235, -0.6254020456823548, -0.1810032831485464, 0.1340354095062382, 0.5286118877703128, 0.08277357673695669], [-0.6417933621254018, -0.09997839452044027, 0.6051835055765572, -0.12239022182179271, 0.3874471651082104, -0.6697133657246294, 0.5022783782007405, -0.6422660728271391, -0.03498315195060234, -0.23153436665617852, 0.5511830032704308, 0.03240078828103244, -0.0950070006476039], [0.5231117707341706, 0.6939497971918123, 0.5137164995315776, 0.490013100722676, -0.022889803446977847, -0.018005633452542653, 0.10475032163993324, -0.3730872755719635, 0.05486148209894516, -0.5358419711848871, -0.5001192732378297, -0.5997914918579843, 0.039442216314858836]], "inverted": false, "swapped": true, "error_lsq": 0.04977762009202191, "error_max": 0.262851544145779, "target": "867.xyz", "model": "6.xyz", "model_rescale": 4.08911054899281, "target_rescale": 4.117801180506805},
{"mapping": [10, 12, 8, 2, 7, 13, 11, 5, 4, 6, 9, 3, 1, 14], "R": [[0.31335180621759773, 0.7383430601390417, -0.5972103239937204], [-0.8132080812746936, 0.5333973901221338, 0.2327656348356159], [0.49041131929197973, 0.41271872959124545, 0.7675675788846791]], "T": [0.03502951186310333, -0.05279120728038675, 0.01324186789054293], "aligned_model": [[0.15078597590948398, -0.11720680730604549, 0.3591965344912546, -0.18355795475113743, -0.6737678231205697, -0.025034654199783367, 0.45118390176633755, -0.5651216027160091, -0.257148494947002, -0.22052225143008558, 0.7664109382469841, 0.13296194149603302, 0.4898723786471857, 0.19884565495832493], [-0.6950349471075064, -0.23606766922122144, -0.5744990294842275, 0.7213935289623936, 0.2322069783794499, 0.3598726199095257, -0.15450766363236917, -0.5063163711272296, -0.5148398593016873, 0.17602886523478145, -0.032341252862807444, -0.07400430197115182, 0.5214778637242645, -0.03440908462655175], [-0.29236951636458763, -0.6584989747232405, 0.3096970297223266, 0.06798725033617944, -0.11194334141189333, -0.5884186543608071, -0.38800662024195925, -0.10773248893961963, 0.4582054003334026, 0.3758403195493586, 0.2947029067801007, 0.7983601265660147, -0.02252207314630645, 0.02706689281568355]], "inverted": true, "swapped": false, "error_lsq": 0.0496042074819586, "error_max": 0.3280677813289039, "target": "867.xyz", "model": "7.xyz", "model_rescale": 3.964800864290218, "target_rescale": 4.117801180506805},
{"mapping": [2, 4, 7, 10, 6, 11, 12, 0, 1, 3, 8, 5, 9, 13], "R": [[0.7477207306419524, -0.23061244775697073, 0.6226809840582925], [-0.6020417883548157, 0.16013202977926122, 0.7822425570839965], [-0.2801060407110145, -0.9597789495390657, -0.019104292158760087]], "T": [-0.021634199284031604, -0.09576377381990936, 0.005113998737942559], "aligned_model": [[-0.13183140875044438, -0.13830518496017813, 0.4977010646940006, 0.06437514583918097, -0.4601859370049903, 0.06525178462039327, 0.6009975888927653, -0.5965716687941576, 0.09418146724742765, -0.6564866533953071, 0.5996956229271657, 0.031017391236000023, 0.5057726384499808, 0.03128588604313429], [-0.6893250333032481, -0.19558478877526017, -0.5810689811384238, 0.6760679871249868, 0.10719388539241895, 0.4572741422127237, -0.12943216936043245, -0.4926001800057323, -0.6516672989980064, 0.08857061801589111, 0.041249565475427574, 0.2754418488540542, 0.3410748544531743, -0.05823477307191107], [-0.267191590665691, -0.6815569858598357, 0.0453992851352648, 0.27346477357455173, -0.31580092002950666, -0.6062232353030754, -0.42134940271880683, 0.16362944089282208, 0.4957033313297077, 0.30335197284221993, 0.43666258035236927, 0.7524458652332278, -0.06467688281913515, 0.048510024950539674]], "inverted": false, "swapped": false, "error_lsq": 0.05220480061261194, "error_max": 0.36117556276650953, "target": "867.xyz", "model": "8.xyz", "model_rescale": 4.121658175737393, "target_rescale": 4.117801180506805},
{"mapping": [6, 2, 0, 1, 10, 12, 8, 9, 7, 11, 5, 4, 13], "R": [[0.9079820791862638, 0.4188833170033551, -0.010262095929003817], [0.18450384838950162, -0.3777061505099803, 0.907356817242476], [0.3762005765626273, -0.8257571256750977, -0.4202359998747704]], "T": [-0.03948643335460715, 0.04682629468788534, 0.06931112107046764], "aligned_model": [[-0.5749899160441216, -0.17052612499698389, 0.3472062997513337, 0.12713791873976144, -0.6384526424250967, -0.6971248660016003, 0.2500673732394759, 0.2552839158585284, 0.7811104711524198, -0.22941574884211668, -0.2554369504680763, 0.3594911676059533, -0.07761340113427995], [0.21974745242621593, -0.34617756718277665, -0.0006657928304853525, 0.6865688754302248, -0.421169129702637, 0.13355654714325066, -0.6566547416174816, -0.20895046880887003, -0.025306347134409914, -0.6726199802978164, 0.7055312857142617, 0.4213823910181507, -0.04485508474591709], [-0.32248496722463205, -0.6405904902474188, -0.5798771150460892, -0.37008993386981914, -0.08866356956208307, 0.3304231965451194, -0.03642025690650921, 0.5050830305139513, -0.042732362491911174, 0.33718824045396645, 0.1666008815910714, 0.16610658549826884, -0.0034678052948256266]], "inverted": true, "swapped": true, "error_lsq": 0.034083737336011694, "error_max": 0.19122587594966312, "target": "867.xyz", "model": "9.xyz", "model_rescale": 3.833441315466971, "target_rescale": 4.117801180506805},
{"mapping": [3, 2, 7, 0, 5, 13, 8, 4, 6, 1, 11, 12, 10, 14], "R": [[0.7162648398807783, 0.5156343261132958, 0.47019774657504493], [0.37464061675189697, -0.8526044256264671, 0.36429397700472643], [0.5887351589894401, -0.08477579333659535, -0.8038681343565184]], "T": [0.06677587109480056, -0.07343246604061196, 0.06090108777954856], "aligned_model": [[-0.06926924534709904, -0.06553474748489017, 0.4497562984260591, -0.13556865813270746, -0.520919289009899, -0.15607643781524355, 0.7215784651817972, -0.5490972879726315, -0.2958465844681941, -0.4276194057713876, 0.6931340457208222, 0.15540805230038868, 0.6206075057701295, 0.08634502564782744], [-0.8205369462142599, -0.15667377910346483, -0.6177905978705894, 0.5768519628116235, 0.07152609008607566, 0.42054149206604663, 0.035770778402078346, -0.5795212925054392, -0.34656422181077895, 0.3001294956237841, -0.16835140330542742, 0.07828896864406015, 0.5340380656330254, -0.13874893558107082], [-0.3605825675908644, -0.6406792988749432, 0.09113671864049458, 0.06403394393428744, -0.2408216612172548, -0.5239177889169531, -0.3475931919317709, 0.08296761804586472, 0.5660085681797946, 0.4629380312607149, 0.3138890587806354, 0.6372213112861831, 0.06295464587986177, -0.005187130561397635]], "inverted": false, "swapped": false, "error_lsq": 0.04098508727957427, "error_max": 0.24140989784397845, "target": "867.xyz", "model": "10.xyz", "model_rescale": 4.2482417240324, "target_rescale": 4.117801180506805},
{"mapping": [12, 5, 4, 1, 11, 8, 9, 0, 6, 2, 10, 13], "R": [[-0.4974484977434459, -0.6241544508207405, -0.6024750730224852], [-0.07116488239181984, -0.6627989248472153, 0.745408039087005], [-0.8645695759202653, 0.41367717696536666, 0.28529045138422937]], "T": [-0.0025804338428211254, -0.0007119711004322515, 0.0995292257871363], "aligned_model": [[-0.5843866368832877, 0.05344390276446871, 0.3740232448095559, 0.628319358357162, -0.5823205319218216, -0.019694436211792052, -0.15057117728030756, 0.6291280164780099, -0.08370828140292101, 0.15928821528204767, -0.5226193028369995, -0.02413676879110796], [-0.36418043856407245, -0.6982098989309251, -0.22335505868629937, -0.43577170213984634, 0.5345631888593998, 0.7651955053699557, 0.24576526884014022, 0.3125505053211424, -0.26484394840139763, 0.45962777009981165, 0.2499995843376615, 0.08479061394506898], [-0.09433200294959015, 0.08081818822447151, 0.44223096502394565, -0.1073427492077974, 0.1525967334625922, 0.15429187777719, 0.6089957886038008, -0.1762300692246508, -0.5280235229813259, -0.5618856191361521, -0.4195464242334135, 0.01361912449528628]], "inverted": false, "swapped": true, "error_lsq": 0.04783721482066955, "error_max": 0.26035467536662754, "target": "867.xyz", "model": "11.xyz", "model_rescale": 3.6694154284099745, "target_rescale": 4.117801180506805},
{"mapping": [12, 10, 1, 11, 7, 9, 2, 5, 0, 6, 3, 4, 8, 13], "R": [[0.3733500360856747, 0.8481607086103309, -0.3758100090796501], [0.6974175273230818, 0.010516919585324358, 0.716587878061717], [0.6117340460832501, -0.5296345974084937, -0.5875956518649188]], "T": [-0.03372076437589485, -0.06981061653219761, -0.002037178653250057], "aligned_model": [[-0.046019044848456474, 0.0006595437008279151, 0.5819929828632576, -0.06644175032262498, -0.6081332807133625, -0.08072714688016733, 0.5446038554408977, -0.7413826286929721, -0.1528886475394607, -0.44985945163827473, 0.7572144952218992, 0.262741332302115, 0.5177563193703472, -0.01261884121905477], [-0.6789140674140166, -0.11149998079306364, -0.5807174144116392, 0.6339779735860094, 0.07725542186765755, 0.5699163241000085, -0.2345827573832398, -0.4472420854112194, -0.5168246629716995, 0.0776849246236904, 0.0632291997402828, 0.06890416201612037, 0.41077650421752815, -0.1430038648907565], [-0.30305252491946044, -0.6349738094722577, 0.2742675796171389, 0.2185067090543322, -0.4499067577650433, -0.484972069009402, -0.2564076743980268, 0.03444520843674646, 0.5426786393046608, 0.35141506954492585, 0.3109655737539382, 0.6617000322938699, -0.1957041525628937, 0.09340643303612402]], "inverted": false, "swapped": false, "error_lsq": 0.04769648398113109, "error_max": 0.2688553530770025, "target": "867.xyz", "model": "12.xyz", "model_rescale": 3.9764082729961374, "target_rescale": 4.117801180506805},
{"mapping": [1, 10, 9, 3, 8, 11, 13, 2, 0, 7, 6, 4, 14, 15], "R": [[-0.9437157580348833, -0.049658955982672476, -0.3270084954972218], [0.24547774861944227, -0.7677722722213746, -0.5918330955098383], [-0.22167824198458327, -0.6387955276132875, 0.7367489605909777]], "T": [0.15752694462061895, -0.16006540849730816, 0.027867035538622548], "aligned_model": [[-0.16005666265827484, -0.04903131743919523, 0.1808002362582082, -0.2419414270805177, -0.412353228653419, 0.07805302838294007, 0.6433339792185278, -0.5962654850524292, -0.16648874256491403, -0.3801433773761354, 0.7905339716886699, 0.21574344331711032, 0.46008828338558283, 0.14462503561881818], [-0.5795407406786917, -0.2289526672456017, -0.7414218338324989, 0.5803459293905453, 0.08107521236231041, 0.37919981235727446, -0.0020900102587856906, -0.4179606307175945, -0.5323605563756755, 0.01394200778520549, 0.1756710079640239, -0.030538391580113677, 0.5683594991738508, -0.07676896146858579], [-0.32780651751254086, -0.7459127321700194, 0.1794658057693291, 0.05354811906663834, -0.3138062378222577, -0.5495596844561443, -0.3090540900582527, 0.06719312394913088, 0.5603312041229251, 0.52953001289053, 0.29289904878117834, 0.7319247838428948, -0.10121367465498257, 0.09482909516622363]], "inverted": true, "swapped": false, "error_lsq": 0.03983291192221292, "error_max": 0.30978783199515897, "target": "867.xyz", "model": "13.xyz", "model_rescale": 4.170626492500431, "target_rescale": 4.117801180506805},
{"mapping": [1, 7, 9, 4, 0, 8, 10, 1, 3, 2, 11, 6, 12, 13], "R": [[-0.12768342931451504, 0.4003224526866165, 0.9074353286892995], [0.3684137561548323, 0.8686057902648799, -0.33135371643337774], [-0.9208519132598754, 0.2920032790796966, -0.25839086449085585]], "T": [0.02595800429145332, 0.02661091005919821, 0.06287736547416012], "aligned_model": [[-0.25698723916771876, -0.13101633285073644, 0.43303308564912596, -0.11945720481922514, -0.5113644776298528, 0.07820673464548936, 0.4267834426352647, -0.25698723916771876, -0.09129472870211763, -0.5155462168155531, 0.585797046504537, 0.19995969727894933, 0.5658766141037139, 0.09989455538081399], [-0.6499064338212908, -0.1584532757046687, -0.6585189443077608, 0.7207342320007102, -0.06605690491015054, 0.4625534200150669, -0.06555115100589515, -0.6499064338212908, -0.4299068471654039, 0.19816740523296708, -0.22602171199296392, 0.1885949949820944, 0.4934129675519894, 0.02981835982225931], [-0.16751521801772268, -0.7107763732973493, -0.08270216350101017, 0.05237205780620574, -0.1791053467567275, -0.5361055149111578, -0.3233523944506218, -0.16751521801772268, 0.5661833741548047, 0.3949522286049477, 0.4127582826733295, 0.8697068605344637, -0.09926410079855352, 0.1327317828917666]], "inverted": false, "swapped": false, "error_lsq": 0.052366464601121536, "error_max": 0.5095863497621647, "target": "867.xyz", "model": "14.xyz", "model_rescale": 3.9786697098870705, "target_rescale": 4.117801180506805},
{"mapping": [6, 10, 5, 1, 12, 3, 8, 9, 4, 0, 11, 13], "R": [[0.5638173708199796, -0.3377883293505803, 0.7536637293356963], [0.10585892880689647, -0.8754532483610107, -0.471567065353393], [0.8190872112012872, 0.3456597380209311, -0.457837838058192]], "T": [0.07054139675044406, -0.01959473861897075, 0.028603938351467326], "aligned_model": [[-0.03368782150801407, -0.6026749232922151, 0.6121877937499147, 0.6400340586779193, -0.04307402865442468, 0.3991751457213683, -0.4868704360617601, 0.019270350525719723, 0.5750159823196792, 0.05415278400604244, -0.6102697094611699, -0.03990459925572343], [-0.267193961139928, 0.02414090184440075, 0.08011062459314967, -0.53579677197065, 0.39934272126185477, 0.6491811306245764, -0.14349378711677618, 0.3406738045990299, -0.061711005516557296, -0.7424795563763533, 0.344174152315098, -0.07227376289340598], [-0.6022690889985324, -0.35558770643101295, -0.40344954180003034, -0.16969154869431466, -0.5368807215312902, -0.027805142041465235, 0.5422645014333383, 0.4866283101557749, 0.25789931527294974, 0.25310580416578804, 0.2006582036548112, 0.015094108687813731]], "inverted": true, "swapped": true, "error_lsq": 0.051710485825515816, "error_max": 0.3252118308763627, "target": "867.xyz", "model": "15.xyz", "model_rescale": 3.769337070930944, "target_rescale": 4.117801180506805},
{"mapping": [9, 3, 8, 11, 7, 4, 0, 5, 2, 10, 13], "R": [[0.27895273881247973, 0.5147682149148151, 0.8106781447790679], [-0.14415091164346716, 0.8570692916424596, -0.49462384090928135], [-0.9494239749349991, 0.021116681484254954, 0.31328613372078684]], "T": [0.01955073950070673, -0.08133231301290342, 0.050490318118698405], "aligned_model": [[-0.28421768512661094, -0.3244114244748793, -0.19410547297701608, -0.6712963412713868, 0.42880421067895924, 0.36131981288916054, 0.5985026755715183, 0.24615158967531006, 0.19540467575548803, -0.4292771067276484, -0.004248803301723808], [-0.04965794377125768, -0.7045306085813623, 0.6069417180480394, 0.30086643759106924, 0.2297580248034594, -0.34123887740751235, 0.40651322550615643, -0.711983131028388, 0.5955230211819534, 0.24050510728093585, 0.023367524002248508], [-0.44843848152380594, -0.17701177582709943, -0.21509578972601062, 0.004788408016427201, -0.6028629844346933, -0.302337168849074, 0.04317455480727289, 0.25278660820662113, 0.4823768583794282, 0.5961188355990547, 0.11071854257565658]], "inverted": true, "swapped": true, "error_lsq": 0.03746879352609819, "error_max": 0.20640739666524982, "target": "867.xyz", "model": "16.xyz", "model_rescale": 3.7852294659196426, "target_rescale": 4.117801180506805},
{"mapping": [9, 12, 5, 3, 11, 10, 2, 6, 4, 7, 8, 1, 13], "R": [[0.7151308050629753, 0.08437314484521644, 0.6938797475635883], [-0.020665285920497933, 0.9948062820100162, -0.09966647997813549], [-0.6986851061871899, 0.05693534668671246, 0.7131602124977663]], "T": [0.042132565454888055, 0.0561009615454275, -0.0042756971585163955], "aligned_model": [[0.015027988744930693, -0.3642471944265159, 0.367481520424649, 0.10276419502961119, -0.6362208306317215, -0.6906087538376254, -0.2679413613883612, -0.15838452506454914, 0.5768346257924637, 0.5558270091297579, -0.2652399081674356, 0.6623581855210893, -0.04388510091000991], [-0.04919187193083578, -0.452626343167528, -0.41624310297075584, -0.6563339028418322, 0.10754273938803013, 0.16146946700740267, 0.747476070898282, 0.06966582470130184, -0.036970756135221175, 0.5056120246439709, 0.5855011913101102, 0.1678721953946718, 0.14128208740527762], [-0.5790689032074768, 0.28596899433862305, 0.3970113955359856, -0.22153972569647537, -0.4075431668008285, 0.22965565344965955, 0.3142181835394503, 0.6512994491570586, -0.12375841280781152, -0.47882175667345406, -0.46813306621467565, 0.47835760350119527, 0.018108449021923677]], "inverted": true, "swapped": true, "error_lsq": 0.03972720511621982, "error_max": 0.29871646166507504, "target": "867.xyz", "model": "17.xyz", "model_rescale": 3.901054581598922, "target_rescale": 4.117801180506805},
{"mapping": [10, 5, 11, 0, 8, 2, 13, 4, 6, 1, 12, 7, 3, 14], "R": [[-0.49884049446263784, -0.8444311019268121, -0.19517754784539298], [0.13530952537186233, -0.2983156306448819, 0.944827559323175], [-0.8560662903233092, 0.4449088655124958, 0.2630714883077822]], "T": [0.014452024935793988, -0.10267838965156123, -0.03154743750902484], "aligned_model": [[-0.15169368444855427, 0.04786628378852323, 0.43105646527470465, -0.09193016769381927, -0.5187904575736658, 0.02419261933016399, 0.5487628950523508, -0.699556702574225, -0.08084451752859786, -0.4441614645752542, 0.7099078381095615, 0.18460620530569602, 0.482159745986753, 0.0653226785913349], [-0.8870591781110668, -0.15237610013992445, -0.6772685452236882, 0.5978381408210298, 0.05347171660408226, 0.542690630261264, 0.09431799698550108, -0.4426392330889464, -0.43592660458752835, 0.11471505098187668, -0.07383712926573463, 0.07901422068436323, 0.4985752668499082, -0.1225565558954734], [-0.2035826957489475, -0.6532384153051948, 0.3331687293059077, 0.23949488045155592, -0.3944356452305935, -0.5484053008967382, -0.4823317717840833, -0.017686273103639426, 0.6344780436149817, 0.44604999615649615, 0.22823034772170242, 0.5830356521128821, 0.02457223574114927, -0.02698152612082636]], "inverted": true, "swapped": false, "error_lsq": 0.04259766433137964, "error_max": 0.27762165695582464, "target": "867.xyz", "model": "18.xyz", "model_rescale": 3.9405287249114394, "target_rescale": 4.117801180506805},
{"mapping": [7, 13, 9, 3, 12, 14, 11, 4, 8, 1, 5, 6, 10, 15], "R": [[0.8521524965842802, 0.49275737839032463, -0.17614280742361516], [0.5223700344524824, -0.7810211893152941, 0.34225056456730074], [0.031075226005464918, -0.3836613974358355, -0.9229508450867203]], "T": [-0.05388975797600607, -0.061844060358492506, 0.010904565107380517], "aligned_model": [[-0.06568331093922493, 0.05278842527369177, 0.47202027620705095, -0.26980089741304014, -0.5024592187118871, 0.05398171722061459, 0.5792652154645739, -0.6576463563744775, 0.06289085587455345, -0.3202414153130674, 0.6186165339157411, 0.07903488093570765, 0.43015558795107756, -0.02602455704634252], [-0.7585736371319693, -0.23767013073306142, -0.6003265090097518, 0.7614439028434529, 0.14903197361725512, 0.39746345987742293, -0.014211513227576966, -0.4743047963259696, -0.5606987249201506, 0.3307416678369375, -0.26333177163505933, -0.05439098645634323, 0.5513495867159725, -0.03756284457549574], [-0.08936685603991533, -0.6286537227500657, -0.1389791744932001, -0.020842944838422868, -0.2224530990032566, -0.6032121247568705, -0.3297699451822737, 0.0065296603596094824, 0.5674820236966761, 0.4696557663379639, 0.456326423943934, 0.7461317052836798, -0.0762601709982977, 0.025780715355091327]], "inverted": false, "swapped": false, "error_lsq": 0.040796764668563835, "error_max": 0.24240439952393425, "target": "867.xyz", "model": "19.xyz", "model_rescale": 4.410303926677745, "target_rescale": 4.117801180506805},
{"mapping": [2, 4, 7, 10, 6, 11, 12, 0, 1, 3, 8, 5, 9, 13], "R": [[0.7477207306419524, -0.23061244775697073, 0.6226809840582925], [-0.6020417883548157, 0.16013202977926122, 0.7822425570839965], [-0.2801060407110145, -0.9597789495390657, -0.019104292158760087]], "T": [-0.021634199284031604, -0.09576377381990936, 0.005113998737942559], "aligned_model": [[-0.13183140875044438, -0.13830518496017813, 0.4977010646940006, 0.06437514583918097, -0.4601859370049903, 0.06525178462039327, 0.6009975888927653, -0.5965716687941576, 0.09418146724742765, -0.6564866533953071, 0.5996956229271657, 0.031017391236000023, 0.5057726384499808, 0.03128588604313429], [-0.6893250333032481, -0.19558478877526017, -0.5810689811384238, 0.6760679871249868, 0.10719388539241895, 0.4572741422127237, -0.12943216936043245, -0.4926001800057323, -0.6516672989980064, 0.08857061801589111, 0.041249565475427574, 0.2754418488540542, 0.3410748544531743, -0.05823477307191107], [-0.267191590665691, -0.6815569858598357, 0.0453992851352648, 0.27346477357455173, -0.31580092002950666, -0.6062232353030754, -0.42134940271880683, 0.16362944089282208, 0.4957033313297077, 0.30335197284221993, 0.43666258035236927, 0.7524458652332278, -0.06467688281913515, 0.048510024950539674]], "inverted": false, "swapped": false, "error_lsq": 0.05220480061261194, "error_max": 0.36117556276650953, "target": "867.xyz", "model": "20.xyz", "model_rescale": 4.121658175737393, "target_rescale": 4.117801180506805},
{"mapping": [11, 8, 7, 9, 4, 10, 0, 12, 2, 6, 1, 5, 13], "R": [[-0.6006492422567198, 0.7986075880053111, -0.038031673073476685], [-0.6379000815765837, -0.5073684816626474, -0.5793623302734895], [-0.4819792253832279, -0.32373313731479414, 0.8141823395918781]], "T": [0.19505352220856692, -0.054376337406406454, 0.009470960430020142], "aligned_model": [[0.06641217729202692, -0.15036690865142038, 0.2381045353446083, 0.5216447522038207, 0.5305971570568808, -0.27753680577995643, -0.30921773916340395, 0.32243019117913235, -0.6254020456823548, -0.1810032831485464, 0.1340354095062382, 0.5286118877703128, 0.08277357673695669], [-0.6417933621254018, -0.09997839452044027, 0.6051835055765572, -0.12239022182179271, 0.3874471651082104, -0.6697133657246294, 0.5022783782007405, -0.6422660728271391, -0.03498315195060234, -0.23153436665617852, 0.5511830032704308, 0.03240078828103244, -0.0950070006476039], [0.5231117707341706, 0.6939497971918123, 0.5137164995315776, 0.490013100722676, -0.022889803446977847, -0.018005633452542653, 0.10475032163993324, -0.3730872755719635, 0.05486148209894516, -0.5358419711848871, -0.5001192732378297, -0.5997914918579843, 0.039442216314858836]], "inverted": false, "swapped": true, "error_lsq": 0.04977762009202191, "error_max": 0.262851544145779, "target": "867.xyz", "model": "21.xyz", "model_rescale": 4.08911054899281, "target_rescale": 4.117801180506805},
{"mapping": [11, 5, 1, 12, 9, 10, 6, 15, 2, 14, 0, 4, 7, 16], "R": [[-0.32875900740159514, -0.39863755546000207, -0.8561574705795612], [0.8992280772741299, 0.14492645898459708, -0.4127774055445106], [0.28862844643969066, -0.9055851262377601, 0.3108202037235529]], "T": [0.03327629227149631, -0.06509237700001014, 0.04021802991592006], "aligned_model": [[-0.17649418858108495, -0.10666573148833614, 0.31978924886658316, -0.2667075488379291, -0.488049005422447, 0.10246829508652272, 0.6849865962276059, -0.48551052761176006, -0.05222885679733563, -0.5409487534253653, 0.7519752601174927, 0.2599849361418278, 0.4403241213809479, 0.0639738913882492], [-0.7025323748704262, -0.08689684060223256, -0.7909957585954849, 0.6094290787247898, 0.1805668689921545, 0.46430143521659617, 0.005156816706073902, -0.5465214921480244, -0.46342912849830786, 0.12465899948518597, -0.05908522183096296, -0.014612772402954798, 0.5138982247571774, -0.044978158057921006], [-0.32796619671021904, -0.6509186058524277, 0.18503856560556492, 0.04013511901996424, -0.3786125807196937, -0.5648357425276131, -0.31460989887837487, 0.2151273221144516, 0.6362637758631191, 0.25488660694449744, 0.3292078323020057, 0.6977491593554007, -0.029625623364577656, 0.07052852376255378]], "inverted": false, "swapped": false, "error_lsq": 0.039129577770221434, "error_max": 0.28987704575969764, "target": "867.xyz", "model": "22.xyz", "model_rescale": 4.204369325754507, "target_rescale": 4.117801180506805},
{"mapping": [7, 13, 9, 3, 12, 14, 11, 4, 8, 1, 5, 6, 10, 15], "R": [[0.8521524965842802, 0.49275737839032463, -0.17614280742361516], [0.5223700344524824, -0.7810211893152941, 0.34225056456730074], [0.031075226005464918, -0.3836613974358355, -0.9229508450867203]], "T": [-0.05388975797600607, -0.061844060358492506, 0.010904565107380517], "aligned_model": [[-0.06568331093922493, 0.05278842527369177, 0.47202027620705095, -0.26980089741304014, -0.5024592187118871, 0.05398171722061459, 0.5792652154645739, -0.6576463563744775, 0.06289085587455345, -0.3202414153130674, 0.6186165339157411, 0.07903488093570765, 0.43015558795107756, -0.02602455704634252], [-0.7585736371319693, -0.23767013073306142, -0.6003265090097518, 0.7614439028434529, 0.14903197361725512, 0.39746345987742293, -0.014211513227576966, -0.4743047963259696, -0.5606987249201506, 0.3307416678369375, -0.26333177163505933, -0.05439098645634323, 0.5513495867159725, -0.03756284457549574], [-0.08936685603991533, -0.6286537227500657, -0.1389791744932001, -0.020842944838422868, -0.2224530990032566, -0.6032121247568705, -0.3297699451822737, 0.0065296603596094824, 0.5674820236966761, 0.4696557663379639, 0.456326423943934, 0.7461317052836798, -0.0762601709982977, 0.025780715355091327]], "inverted": false, "swapped": false, "error_lsq": 0.040796764668563835, "error_max": 0.24240439952393425, "target": "867.xyz", "model": "23.xyz", "model_rescale": 4.410303926677745, "target_rescale": 4.117801180506805},
{"mapping": [3, 0, 4, 13, 7, 12, 5, 1, 10, 11, 15, 9, 6, 16], "R": [[0.7384723302436529, 0.24177979064269228, -0.6294451130172397], [0.044614300260411494, -0.9489765234081824, -0.31217482639122884], [-0.6728061991961606, 0.20245021821893872, -0.7115797407643931]], "T": [0.050211864235550865, -0.02607872326588409, 0.10209471620895746], "aligned_model": [[-0.11936968417151485, -0.12357150526666179, 0.4280030698241345, -0.07222576323161692, -0.5144527439643218, 0.17424581685589968, 0.5783819299545558, -0.698100630433247, -0.06654303824545736, -0.3971875818254804, 0.6481405313906656, 0.19770531864428936, 0.46557647847858313, 0.00629553903514328], [-0.8312913931317014, -0.18830340044127356, -0.5898810333726111, 0.6471568790489105, 0.18918173999879154, 0.31746927991157203, -0.03886968346091629, -0.43200099727420527, -0.539141681601357, 0.07661842191278181, 0.19098941201805114, -0.07683825636578923, 0.5887821227628527, -0.1249117331294434], [-0.2613961906394612, -0.614751366075075, -0.013166435483159197, -0.05899369114918829, -0.1749390540860363, -0.613982223018842, -0.2391893391519748, -0.005566174354010273, 0.4853943898408538, 0.5379943820119921, 0.4256328507050514, 0.7087982140845188, -0.06318222415285046, 0.049715118382833406]], "inverted": true, "swapped": false, "error_lsq": 0.03915338943926498, "error_max": 0.261319111138183, "target": "867.xyz", "model": "24.xyz", "model_rescale": 4.28219845311461, "target_rescale": 4.117801180506805},
{"mapping": [11, 10, 12, 0, 8, 6, 14, 5, 9, 1, 13, 7, 2, 15], "R": [[-0.6931069539391057, -0.6390583924484784, -0.33347731773303635], [0.015405516414327025, -0.4756533583678755, 0.8794978980858164], [-0.7206701190317675, 0.6044487188459644, 0.33952367490384244]], "T": [0.03926646771279125, -0.034957799969388914, 0.15095402996522406], "aligned_model": [[0.046730288731439064, -0.06969253782653656, 0.5395216215814184, -0.0797161195292288, -0.4756948776242707, -0.05229051795592327, 0.5026624926235334, -0.6911098218226682, -0.06315990310078454, -0.5527939829512128, 0.5921957121664758, 0.2672629277040686, 0.5109577414005774, 0.03202471364808349], [-0.5072429381299353, -0.23539434628261569, -0.6046417359748559, 0.763254953756769, -0.00015260613066812867, 0.4754667588722587, -0.12130535278655757, -0.45660328978586096, -0.5834979116097665, 0.19626955046942204, -0.080562145798642, -0.1195045539037387, 0.4243805886868701, 0.03849270549298338], [-0.11991145491070021, -0.6090840906851709, 0.05284748421918842, 0.031565103519322485, -0.31331902354888636, -0.5861221011552928, -0.44733757879595343, 0.03243720619752788, 0.5323806524791637, 0.22760736658702127, 0.36333564688714093, 0.8901532361206657, -0.03691723292877114, 0.14473304292939662]], "inverted": true, "swapped": false, "error_lsq": 0.042718614342444186, "error_max": 0.27524433233817575, "target": "867.xyz", "model": "25.xyz", "model_rescale": 4.100010024507729, "target_rescale": 4.117801180506805},
{"mapping": [12, 5, 4, 1, 11, 8, 9, 0, 6, 2, 10, 13], "R": [[-0.4974484977434459, -0.6241544508207405, -0.6024750730224852], [-0.07116488239181984, -0.6627989248472153, 0.745408039087005], [-0.8645695759202653, 0.41367717696536666, 0.28529045138422937]], "T": [-0.0025804338428211254, -0.0007119711004322515, 0.0995292257871363], "aligned_model": [[-0.5843866368832877, 0.05344390276446871, 0.3740232448095559, 0.628319358357162, -0.5823205319218216, -0.019694436211792052, -0.15057117728030756, 0.6291280164780099, -0.08370828140292101, 0.15928821528204767, -0.5226193028369995, -0.02413676879110796], [-0.36418043856407245, -0.6982098989309251, -0.22335505868629937, -0.43577170213984634, 0.5345631888593998, 0.7651955053699557, 0.24576526884014022, 0.3125505053211424, -0.26484394840139763, 0.45962777009981165, 0.2499995843376615, 0.08479061394506898], [-0.09433200294959015, 0.08081818822447151, 0.44223096502394565, -0.1073427492077974, 0.1525967334625922, 0.15429187777719, 0.6089957886038008, -0.1762300692246508, -0.5280235229813259, -0.5618856191361521, -0.4195464242334135, 0.01361912449528628]], "inverted": false, "swapped": true, "error_lsq": 0.04783721482066955, "error_max": 0.26035467536662754, "target": "867.xyz", "model": "26.xyz", "model_rescale": 3.6694154284099745, "target_rescale": 4.117801180506805},
{"mapping": [12, 11, 3, 4, 2, 10, 9, 6, 1, 0, 7, 5, 8, 13], "R": [[-0.5617078536848831, -0.8263728379096706, 0.039902629911310813], [0.8070617916608374, -0.5579172316872262, -0.19333811581698326], [0.1820317322609475, -0.07639565008283519, 0.980320433888073]], "T": [0.08507955046492226, -0.006145650308657137, 0.01836040440103638], "aligned_model": [[-0.06629269566099184, -0.16357738445054665, 0.4705065186761484, -0.21631962164514434, -0.5507694010967511, 0.1040964981454594, 0.5866337642559307, -0.28634445149516446, -0.20432171282774836, -0.41652994029105633, 0.5749517294743163, 0.14377736912681705, 0.5000804685453032, 0.031006596288398983], [-0.6132558566700653, -0.13157173779933165, -0.7158789871249704, 0.7584662656135348, -0.015904298621747637, 0.39733881982155816, -0.14332627370993586, -0.5736025785174761, -0.4124051402211871, 0.19560005983965353, -0.2179792749712061, 0.18777830406191576, 0.47931145160498073, -0.005611076430059819], [-0.4697343136527993, -0.7931896523055217, 0.04193715397824853, 0.01076256457068249, -0.22191137043800924, -0.42743030653548786, -0.4226479658846901, 0.12431925113011413, 0.7469527385333454, 0.3986496763420459, 0.35194740716546974, 0.783165324447165, 0.03987394953199798, -0.0003261999679088773]], "inverted": true, "swapped": false, "error_lsq": 0.048086307064721175, "error_max": 0.42926987420764817, "target": "867.xyz", "model": "27.xyz", "model_rescale": 4.103607728864725, "target_rescale": 4.117801180506805},
