[{"mapping": [5, 1, 2, 11, 7, 6, 9, 0, 3, 10, 12, 13], "R": [[0.9028841406330477, -0.4213171671321644, -0.08539363719300805], [-0.42103804567649505, -0.8265921592010269, -0.37345999309203387], [0.08675939537733576, 0.3731450750406767, -0.9237075079735181]], "T": [-0.10813596284576571, -0.09331926955432737, -0.02247197636451577], "aligned_model": [[-0.16996424628310913, 0.36780233868351425, 0.37909464327930276, -0.20731841474226265, -0.11019601349482677, -0.7286184998736203, 0.25763172781814025, -0.13473449505622007, 0.5539757339886586, 0.1523634172773663, -0.49273601413095974, -0.029657715005434793], [-0.3586859402554343, -0.6984205595169501, -0.35256094689027095, 0.7332095968112952, 0.29257337266548744, -0.3518119590891252, -0.3296746280208186, -0.7396970511088115, 0.22379170410171298, 0.3758484011162927, 0.3010729355536361, -0.04208988938995678], [-0.5255869687589746, 0.06556562441288104, -0.65759948889091, -0.12362773405089773, -0.6430810870857335, 0.21295570421480342, 0.6223693913868026, 0.3357360451443317, 0.059268860631343026, 0.45865619983874384, 0.3532092017854908, 0.02408599672568145]], "inverted": true, "swapped": true, "error_lsq": 0.05536664432918762, "error_max": 0.4164578665579707, "target": "868.xyz", "model": "0.xyz", "model_rescale": 3.751011558992144, "target_rescale": 4.022390230244355},
{"mapping": [3, 0, 1, 8, 11, 7, 12, 6, 13, 2, 5, 10, 9, 14], "R": [[-0.5227419965937166, -0.2468628657723175, -0.8159653978569766], [0.37897759410315585, 0.7900792040664925, -0.48182033422162873], [0.7636208405779658, -0.5611003268617272, -0.31945208565708944]], "T": [-0.049116213305493886, 0.123800030771866, 0.07304375863576981], "aligned_model": [[-0.21005118482486362, -0.6206552934997438, -0.4455615370263531, -0.5488181743662817, 0.6988825564807892, -0.006122038668193289, 0.39776998330361507, 0.22886797397626824, 0.07993578535089142, -0.6022410401570113, -0.06642248682193765, 0.42773396549294757, 0.4609087424329188, -0.0013161347298706327], [-0.6228615562385759, -0.27021871964435196, 0.2866863893317131, 0.46651230362188645, 0.13745984228921226, -0.18336271443446514, -0.45060027626022914, 0.34321260612886995, -0.3645183330669738, -0.24491967949585317, 0.19208552920164707, 0.769308911460617, 0.10655612130539069, 0.09728762517757554], [0.07152753375690618, -0.23289221935740181, -0.4764875770775018, 0.34371791752399683, -0.20452107860806004, -0.513027544792245, -0.07639558905716878, -0.5890050754139898, 0.5949565439563919, 0.5648128133440512, 0.6936270573127411, 0.24152503373989356, 0.4898972262291632, 0.07705091238070778]], "inverted": true, "swapped": false, "error_lsq": 0.03713123846887985, "error_max": 0.2612353728333608, "target": "868.xyz", "model": "1.xyz", "model_rescale": 3.9405287249114394, "target_rescale": 4.022390230244355},
{"mapping": [7, 4, 5, 8, 6, 2, 10, 12, 0, 1, 9, 3, 13], "R": [[0.7102974806222588, -0.3486292944687456, 0.6115023336504097], [0.5880378583968539, 0.7713857571596316, -0.24326012978559433], [-0.38689658322827564, 0.5323735800070165, 0.7529205835921868]], "T": [-0.05083637934055389, 0.027202606780442708, -0.03874760632802492], "aligned_model": [[-0.3500318737223535, 0.25616908215239587, -0.3874530330683176, 0.5137445505286113, 0.4930799236626106, -0.8736900422405424, 0.17439884848863713, 0.5645082756027044, 0.04094552497676944, -0.49013905920137313, 0.03180190749036861, -0.4104988366633328, -0.06685198872224682], [0.6839563470033607, 0.6433904642886287, 0.11395714808576862, -0.3735804988753942, -0.1701442962811675, 0.06874496417601411, 0.06969052619362742, 0.21596455918001176, -0.6820948331989858, -0.610977339284651, -0.6068752942269614, 0.08293318924669821, 0.02386765726506737], [-0.15376771014942664, -0.327504108335777, -0.4932030828269884, 0.1508611532373284, -0.45402160895975174, -0.2095485137466067, 0.6445725390155598, 0.13537487778513635, -0.2266250364649227, -0.026298950372338162, 0.4046330174891605, 0.6040352902251881, 0.06461248269208221]], "inverted": false, "swapped": true, "error_lsq": 0.0510362453786123, "error_max": 0.3333174644154783, "target": "868.xyz", "model": "2.xyz", "model_rescale": 3.932901565614263, "target_rescale": 4.022390230244355},
{"mapping": [0, 3, 8, 11, 5, 7, 4, 9, 2, 1, 10, 12, 6, 13], "R": [[0.12733724417842257, 0.9785359389215589, -0.16202667213748462], [-0.43442721508530613, -0.09183037262566457, -0.8960134917827167], [-0.8916603731456669, 0.18448468473652424, 0.41340921622454824]], "T": [-0.10686463810923036, 0.0008091980708224179, 0.032308601256272995], "aligned_model": [[-0.2531198664767873, -0.5514420860014353, -0.5035253566225608, -0.733883672896499, 0.5866858362479985, 0.12787844379865274, 0.46066132822552114, 0.18867938899603093, 0.21915591279406405, -0.4013471832663499, -0.09177111790694388, 0.36119104288406806, 0.40711544990043086, -0.023367002733015077], [-0.6497223212044738, -0.16976732094562538, 0.33826892042894235, 0.6187191416543931, 0.14209727146420742, -0.1728599865673655, -0.658996923579326, 0.4755231149675448, -0.5699358027427838, -0.25925075013542054, 0.4642614679795545, 0.5778652955222666, 0.05484459910306287, 0.0715813434314862], [0.0984030771792686, -0.15191957809505238, -0.4849610921401001, 0.18311685700647626, -0.09348927428347992, -0.61921058276722, -0.043826567401655275, -0.4442345390110289, 0.5443248096064468, 0.6603352526405153, 0.5783210731519058, 0.20854693432698695, 0.47907129581192215, 0.07030828791249892]], "inverted": true, "swapped": false, "error_lsq": 0.04397416928242032, "error_max": 0.29178079207720486, "target": "868.xyz", "model": "3.xyz", "model_rescale": 3.9243930471874484, "target_rescale": 4.022390230244355},
{"mapping": [9, 10, 8, 0, 6, 3, 1, 12, 4, 7, 5, 2, 13], "R": [[-0.5528308425030289, 0.827365447654493, -0.0992193308023776], [-0.8144605986481405, -0.5113213266307147, 0.27423426879644114], [0.17615899871168667, 0.23241539742471098, 0.9565307575884896]], "T": [0.016662680739345508, 0.006642466728079069, -0.0523572934638246], "aligned_model": [[0.03481128023085379, -0.2266772958875738, 0.46072827880652845, 0.43287285625186295, 0.72740806433195, -0.6415180107407332, -0.10118595940268782, 0.30852598374991264, 0.20395395303557384, -0.36010866102910255, 0.0011297245780188814, -0.5087287062133213, -0.0540056213999291], [-0.6807852299053806, -0.07143957518204716, -0.28611041035954543, -0.5919507044490364, 0.05117067402415238, -0.18490119003766303, -0.6985567610937695, 0.2837702970197446, 0.7293056836978793, 0.5831412471360448, 0.12324633888733835, -0.10306833243163642, -0.025992483624493565], [-0.41647820581373934, -0.7262648558861957, -0.5344690060628177, 0.071255045306598, -0.06243104843471371, -0.3275700076440369, 0.246341893384396, -0.5839725082087268, -0.052384483533907664, 0.19211265489052576, 0.5075794586736216, 0.5956506532811285, -0.12229927458116825]], "inverted": true, "swapped": true, "error_lsq": 0.05454877961618561, "error_max": 0.34100455277489167, "target": "868.xyz", "model": "4.xyz", "model_rescale": 3.8936222436046832, "target_rescale": 4.022390230244355},
{"mapping": [2, 1, 3, 7, 10, 8, 6, 12, 4, 5, 11, 13], "R": [[0.6158515105830042, 0.36054384600440637, -0.7005248404025249], [0.4298890872178268, 0.5913457053841684, 0.6822797295938994], [0.6602441136455938, -0.7213309863246218, 0.2091872810767734]], "T": [-0.12547639843912367, -0.12828418097955505, 0.004880311299884872], "aligned_model": [[0.10217085575549728, -0.5987374441744011, -0.40715662260203156, 0.5078256951878808, -0.5093681617610115, -0.6250188447392241, -0.11062724091843275, -0.1441261990138315, 0.5039223808703583, 0.2448642930689532, 0.2494159100934878, -0.18561657955214764], [-0.6437567077412499, -0.6934144562322575, 0.1418935795452598, -0.0023549325790080677, 0.46359047886433025, 0.07121084310237552, -0.22955098243044655, 0.40727887103401195, 0.17361594203227773, -0.5559478148291325, 0.6062788846151015, -0.06992080027145493], [-0.6199810091484877, -0.23400713439369414, -0.622250506125121, -0.33738176086583704, -0.1426800264335425, 0.4802636151358969, 0.7096978618243065, 0.4016461878204216, 0.2695190063313458, -0.08066786588565575, -0.14708176515413646, -0.05779188382997782]], "inverted": false, "swapped": true, "error_lsq": 0.04756697596410023, "error_max": 0.24545339023710577, "target": "868.xyz", "model": "5.xyz", "model_rescale": 3.6523030999806103, "target_rescale": 4.022390230244355},
{"mapping": [2, 1, 0, 5, 6, 3, 9, 7, 10, 12, 8, 4, 13], "R": [[0.5439675180040738, -0.34203203093378176, -0.766233273339001], [0.09710370121735246, -0.8813599385212877, 0.4623586594621575], [-0.8334687819986893, -0.3259121792524249, -0.4462186020870897]], "T": [0.13001505509009556, -0.08635098716165326, 0.0028401179956707295], "aligned_model": [[0.27516960523981915, -0.05305061096933769, 0.14360283091377976, 0.5791460190784725, 0.5049260651716477, -0.49295892369347927, -0.45048064909145125, 0.38964810724771004, -0.5137877839828779, 0.029780895049944772, -0.1300368747377784, 0.570714873296873, 0.0284093511409724], [-0.6320339577838016, 0.0914011581970699, 0.5254447401648727, -0.2998530299895539, 0.4830616040022696, -0.466320081848708, 0.3639578546907195, -0.7481360653822171, -0.07758301557348143, 0.15273273768617915, 0.5502815437984928, -0.2912743535982355, -0.11085223020042304], [0.6266566937010132, 0.734486613140856, 0.4179859543586316, 0.2857979894519337, -0.20320424039841828, 0.11755603656013279, 0.25919325909046265, -0.1665831150928611, -0.32104810232040415, -0.6114813322147252, -0.20307787580540027, -0.56382577183677, -0.0023463691526613567]], "inverted": false, "swapped": true, "error_lsq": 0.05504001935931535, "error_max": 0.2854648996664064, "target": "868.xyz", "model": "6.xyz", "model_rescale": 4.08911054899281, "target_rescale": 4.022390230244355},
{"mapping": [2, 0, 3, 9, 5, 6, 7, 4, 13, 1, 11, 10, 12, 14], "R": [[0.09131700133538433, 0.990543930337881, 0.10239105106353974], [-0.9175885379691197, 0.04374869468678734, 0.39511685195761437], [0.38690112464918797, -0.13003374094436126, 0.9129067564440566]], "T": [0.028723408374234347, 0.08465237855542034, 0.08571945655489907], "aligned_model": [[-0.21766059927242842, -0.7505855814104745, -0.4474089195426482, -0.6419499895613917, 0.7292583214878379, -0.0950211249224656, 0.45446396114863796, 0.21692509205774738, 0.1936729837127155, -0.5445582960109493, 5.751359243045054e-05, 0.4174189201517144, 0.580197369165251, -0.10189853365280224], [-0.6826296022703806, -0.25816449645189854, 0.2520453307763657, 0.46249831784411005, 0.1650067403704797, -0.1913483754634197, -0.525135967712407, 0.39643847836553053, -0.37776907455684444, -0.191263011184459, 0.3250682908021446, 0.6554811064132957, 0.081339744804295, 0.1510605676396506], [0.059020655696833096, -0.3140433127906733, -0.5239764037926842, 0.2339994193695679, -0.20288969373236845, -0.31133701387933144, -0.12920406243905444, -0.5177861721894778, 0.6287227343063502, 0.4506370417399713, 0.6204245328091744, 0.2914990985950814, 0.537236250304917, 0.16248287993917843]], "inverted": false, "swapped": false, "error_lsq": 0.042868076906361574, "error_max": 0.3019450686194746, "target": "868.xyz", "model": "7.xyz", "model_rescale": 3.964800864290218, "target_rescale": 4.022390230244355},
{"mapping": [4, 2, 0, 1, 10, 6, 11, 3, 12, 7, 8, 5, 9, 13], "R": [[-0.5240173880987079, 0.13245575190538195, 0.8413449059436852], [-0.38873428891533623, -0.9161353209369306, -0.09788629297953563], [0.7578201828875347, -0.37835373332236, 0.5315609305520266]], "T": [-0.0583241847772535, 0.020050541124236494, 0.01628436364562935], "aligned_model": [[-0.17193131119149518, -0.6609770031035366, -0.5109107220445991, -0.5978378415836485, 0.7192070405525505, 0.09791105967632481, 0.4984858015183368, 0.061670617841561456, -0.030132058650880936, -0.4882490778028779, 0.1426052177110086, 0.3189810970671852, 0.4295496205548018, -0.01546132360155611], [-0.6444841689941676, -0.24046571002929235, 0.25340680774124835, 0.48351961914007713, 0.28196432517872516, -0.23393715134336646, -0.5914431845838936, 0.4064009267031894, -0.4899122967388417, -0.01817334216038865, 0.3615769528527492, 0.7565473039972264, -0.1183633663586898, 0.05599133397188727], [-0.18516149729370435, -0.07060401994154347, -0.48757042856901966, 0.2555359446538498, 0.06078578347268637, -0.4812964073293468, -0.04003070604956971, -0.5856270273496509, 0.5728973758108861, 0.5824616203994324, 0.6751050271913603, 0.13579990881978823, 0.48177063312598917, 0.07071974699632634]], "inverted": false, "swapped": false, "error_lsq": 0.052360539594881794, "error_max": 0.2947861742733611, "target": "868.xyz", "model": "8.xyz", "model_rescale": 4.121658175737393, "target_rescale": 4.022390230244355},
{"mapping": [9, 0, 6, 12, 1, 3, 5, 7, 4, 2, 10, 11, 13], "R": [[-0.9257236548400404, -0.07940344569650402, 0.36977129104504675], [-0.32682844087409135, -0.32403374872693463, -0.8877980062614359], [0.19031259838856934, -0.9427073896482898, 0.2740144018059982]], "T": [-0.011674778955197508, -0.05251558761596595, -0.08891168374142286], "aligned_model": [[-0.6828498137296232, -0.35632422219885806, 0.31745489478136624, 0.2645803831183099, -0.6403310030502712, -0.500124065222338, 0.18284330866804874, 0.3926965639939735, 0.7124792943480521, -0.21349289996713938, -0.29727919622083737, 0.3789712790120616, -0.08188702709754786], [0.17557825892991505, -0.286414567991345, -0.03375420668815718, 0.521988601673207, -0.4788108190614808, 0.18123637045153942, -0.5804652086456222, -0.18424289603896885, 0.08379390702510403, -0.7099421918215097, 0.5944472609755921, 0.4969954919329759, 0.009977438670459957], [-0.409797206064064, -0.6999212854069964, -0.7202316585039509, -0.2844283848991579, -0.24214087378361324, 0.41349268524391414, 0.015005655359960929, 0.5053986532504239, 0.0308411716223988, 0.39590433713133755, 0.05012694961045347, 0.40973934038321025, -0.042913949984827365]], "inverted": true, "swapped": true, "error_lsq": 0.04544707996520365, "error_max": 0.2678860953887291, "target": "868.xyz", "model": "9.xyz", "model_rescale": 3.833441315466971, "target_rescale": 4.022390230244355},
{"mapping": [3, 4, 1, 12, 13, 5, 2, 0, 9, 7, 11, 10, 8, 14], "R": [[-0.034784973801493535, -0.2706018637109485, 0.962062699076204], [0.84795592540513, -0.5174660305802183, -0.11488975483428443], [0.5289241478397058, 0.8117903291809492, 0.24745849607626594]], "T": [-0.12665287581666346, 0.08880277440933776, 0.06027826690822927], "aligned_model": [[-0.26536944929812206, -0.6085204662793033, -0.36668774268094095, -0.45922390215040626, 0.5406832359218083, 0.019102661579970204, 0.32881444191165127, 0.18213876799184425, 0.2582199589096316, -0.34897834353737855, -0.19527628099620217, 0.3763585804673441, 0.4388303216273382, -0.10718066652405955], [-0.7536947056713719, -0.436508437143393, 0.4704740593254834, 0.5892050650386216, 0.007519524936509453, -0.16737236936878597, -0.45460868651847514, 0.4990846506310383, -0.4649468223754321, -0.17256883183677446, 0.3609665439279966, 0.6843576633078834, 0.09513938393493462, 0.005581011188228208], [0.2192674427877499, -0.29716310782190836, -0.5248022624838639, 0.1051571849774015, -0.3683732100979402, -0.5484620886584826, -0.05763594572667316, -0.38709122742694246, 0.5109937111556672, 0.631391431379955, 0.6820135738247094, 0.3211383686408492, 0.5966997086543327, 0.1016523747326299]], "inverted": false, "swapped": false, "error_lsq": 0.05028988150358116, "error_max": 0.31850857507746644, "target": "868.xyz", "model": "10.xyz", "model_rescale": 4.2482417240324, "target_rescale": 4.022390230244355},
{"mapping": [4, 7, 2, 3, 6, 0, 5, 9, 10, 8, 12, 13], "R": [[0.9712869487661556, -0.14475631813233272, -0.1888048503542813], [0.10028974886059007, 0.9687601842762973, -0.2268163830820745], [0.2157397261285261, 0.20136860162827144, 0.9554616982633387]], "T": [-0.02000034947563712, 0.03237896026432895, 0.03328120630553102], "aligned_model": [[-0.695097830324793, -0.23340253526850535, 0.371588661279662, 0.5590509633225023, -0.5072495177744505, 0.1693479801260356, -0.1238954170974152, 0.5126475802558963, 0.2243530485919474, -0.057433033738726526, -0.39633786615935246, 0.053193569150206337], [-0.2856218693310914, -0.6193924455489049, -0.28453520713751357, -0.358163333694077, 0.5499193022590535, 0.7381060797584754, -0.03961342845960628, 0.4763344982252499, -0.12216538591395362, 0.5483457420527438, 0.06580050311595215, -0.0028830652756885317], [0.012328633515336411, 0.28572245709730304, 0.7072324843194564, -0.2071540800134359, -0.011255121366519481, 0.14695243381663345, 0.5913043357666335, -0.31979089941702843, -0.6269233181418997, -0.46442079298194106, -0.5161292345530536, -0.0326746081871284]], "inverted": true, "swapped": true, "error_lsq": 0.0495177620627088, "error_max": 0.25457936272350223, "target": "868.xyz", "model": "11.xyz", "model_rescale": 3.6694154284099745, "target_rescale": 4.022390230244355},
{"mapping": [9, 7, 5, 12, 4, 6, 11, 0, 8, 10, 2, 1, 3, 13], "R": [[0.8996894407672887, 0.040663465840553095, -0.4346324800537546], [-0.43576347769120377, 0.024661909795607916, -0.8997232806344966], [-0.025866999870704177, 0.9988684962251375, 0.039907713121920735]], "T": [-0.06656619740493847, 0.012899161536083966, 0.02032171231013835], "aligned_model": [[-0.2679513223672917, -0.6778383697645838, -0.5350868136524023, -0.5019343256163273, 0.656075255720397, 0.03518686816283423, 0.31162806221742884, 0.15555812436488967, 0.22796869737360187, -0.557771289490292, -0.009520992428156183, 0.31707290410063826, 0.6431397227605009, -0.00361540443806245], [-0.723305371588978, -0.35089887102060746, 0.24098401490862695, 0.51318127815514, 0.10485242623861492, -0.12066768837516216, -0.6060606665167051, 0.5490961716785603, -0.38282868035248574, -0.09843963370858753, 0.21937135698000493, 0.6871396168761187, 0.11997721328009368, 0.11022688282182917], [0.2695870001865208, -0.19453321845977586, -0.5904454481444853, 0.16844631187198555, -0.11011055779868922, -0.519734806682103, -0.11710638580893476, -0.39668118506351463, 0.5941217839580069, 0.4074263719195609, 0.6371106960720414, 0.3589872438902186, 0.4958221837296261, -0.0181040357329734]], "inverted": false, "swapped": false, "error_lsq": 0.040258353712465146, "error_max": 0.2367583110865051, "target": "868.xyz", "model": "12.xyz", "model_rescale": 3.9764082729961374, "target_rescale": 4.022390230244355},
{"mapping": [13, 6, 5, 4, 2, 9, 10, 0, 11, 14, 3, 7, 8, 15], "R": [[0.8037546998770316, 0.5759390789635032, 0.14923994019113918], [0.2724508403369367, -0.5792901119943422, 0.7682405259717037], [0.5289129626179341, -0.5768163862688495, -0.6225222361542322]], "T": [-0.014563174506871248, -0.05975176243118374, -0.03218158861674966], "aligned_model": [[-0.3263564424813657, -0.771165469075647, -0.5000780368721696, -0.41344794233008747, 0.6843287383797004, 0.09358001042889365, 0.5185253295494009, 0.14811719432276985, 0.12401437526736905, -0.45390347349546534, 0.06144641252026699, 0.158114347235675, 0.5304737652918817, -0.06073769179804786], [-0.5787556749299182, -0.1121193733752569, 0.15980172715883328, 0.5362184329330156, 0.3214875789726417, 0.028712995172653077, -0.6421790115615499, 0.5406789405025185, -0.4965395021604034, -0.2763801955589921, 0.19649283336500756, 0.6472949338424488, -0.07190237848321943, 0.009816743498684041], [0.05670284783694099, 0.05984779189026687, -0.6794029491001395, -0.07185765212366907, -0.08184216225263952, -0.6169705802467782, 0.11862307070034814, -0.40651566677989726, 0.6163224066448201, 0.59937225961812, 0.7659441515513156, 0.1710452346531727, 0.4177516658031869, 0.03576553574243638]], "inverted": true, "swapped": false, "error_lsq": 0.04740123302272355, "error_max": 0.3284984930541588, "target": "868.xyz", "model": "13.xyz", "model_rescale": 4.170626492500431, "target_rescale": 4.022390230244355},
{"mapping": [11, 5, 12, 4, 7, 10, 9, 8, 3, 6, 2, 0, 1, 13], "R": [[-0.3316012882420104, 0.9390406261707551, -0.09079255496501781], [-0.6954817470175332, -0.17829309160584783, 0.6960723475696108], [0.6374525278024077, 0.29396305190697924, 0.7122078340708249]], "T": [0.006295429746337244, 0.07192672025464206, 0.1217472570925932], "aligned_model": [[-0.20992435644955365, -0.8065956861508842, -0.4150389525416181, -0.4407786292045564, 0.6594537425453476, 0.17125972889516572, 0.4531002314117692, 0.03450771654795859, 0.07249872873552358, -0.6558873069520502, -0.13621033986795902, 0.39973839329982297, 0.72976987529735, -0.06298202862314135], [-0.5965019417730949, -0.26938740228562075, 0.08728477481568556, 0.6160476107448596, 0.37109999514523717, -0.08959929757368579, -0.572494653474394, 0.5624678466430101, -0.3505409192594686, -0.2666626124270003, 0.39783622194560075, 0.4600703253964725, -0.08445059152309747, -0.002541306998041032], [0.043569389582931314, -0.10170862626286399, -0.4765399562492097, 0.03736495481109313, -0.25416413260130083, -0.3930579784535187, -0.08170544196488987, -0.4351456976123282, 0.6626833172662585, 0.5146347143152966, 0.6752879236840664, 0.3462591337174968, 0.32897981460026027, 0.11832853910419247]], "inverted": true, "swapped": false, "error_lsq": 0.051116811052429524, "error_max": 0.3021548880105596, "target": "868.xyz", "model": "14.xyz", "model_rescale": 3.9786697098870705, "target_rescale": 4.022390230244355},
{"mapping": [3, 10, 1, 2, 9, 0, 11, 12, 5, 7, 8, 13], "R": [[0.2876759280263954, 0.44896454559978616, 0.8459748206823476], [-0.07043961458016434, 0.890840665797364, -0.44882197902899934], [-0.9551339283744193, 0.06952513902242252, 0.2878983048091161]], "T": [0.10854584027109268, 0.013382074718969947, 0.10738330136672335], "aligned_model": [[-0.19697356692389958, -0.5544124514723187, 0.5449319534007329, 0.6913046167345832, -0.08082218422937962, 0.42000853843995767, -0.49969085130470914, -0.43080811871014035, 0.6194174949463834, 0.1621872058469759, -0.23138144755747084, 0.039593407596621555], [-0.3622491748091629, 0.012563194737935865, 0.21414954269386088, -0.5126024231443592, 0.47202331973244244, 0.6378811183720309, -0.46740106277654925, 0.23317594444197204, -0.19154255578823604, -0.6536203745750868, 0.6434763192342102, -0.011179357894619275], [-0.45046245629033754, -0.17536779947629905, -0.5006257784982096, -0.19546878207197038, -0.4919982200719193, -0.1371910987697436, 0.42693817104302134, 0.43201651020114185, 0.2635337108592707, 0.4011576705229368, 0.05483914971055652, 0.03259541671538303]], "inverted": true, "swapped": true, "error_lsq": 0.06288651575127645, "error_max": 0.3679079382572126, "target": "868.xyz", "model": "15.xyz", "model_rescale": 3.769337070930944, "target_rescale": 4.022390230244355},
{"mapping": [5, 2, 6, 0, 4, 7, 12, 3, 8, 9, 13], "R": [[-0.6001556770750949, -0.7003017532229303, -0.38651082482567567], [-0.5803946101891315, 0.7137629841462572, -0.3920261457173944], [0.5504137168875248, -0.010947917405584984, -0.8348202700980254]], "T": [0.003680142954486527, 0.013307790252056625, -0.03516850930298885], "aligned_model": [[-0.26402669969687315, -0.3812080630307893, -0.105639241531969, -0.6057997804453464, 0.49991516322249085, 0.353629552133407, 0.4871953281477042, 0.17514516253016274, 0.001533218976638757, -0.2770451783671392, 0.03892666875288435], [-0.1757544578350011, -0.6877466460141834, 0.6918757244479102, 0.3702037131377036, 0.19147198244178598, -0.42071246056698897, 0.4562432834735306, -0.5265228106593342, 0.585332379792836, 0.14375431001713557, -0.032080520610052135], [-0.504162554968584, -0.29664626029870966, -0.22181810865720167, 0.18388451687210342, -0.5636838561565828, -0.507645891124113, 0.08574457124204846, 0.43897862241077124, 0.3985519831032574, 0.6787273150459633, 0.052287269754824096]], "inverted": true, "swapped": true, "error_lsq": 0.05151853287128674, "error_max": 0.2336928852229037, "target": "868.xyz", "model": "16.xyz", "model_rescale": 3.7852294659196426, "target_rescale": 4.022390230244355},
{"mapping": [5, 12, 11, 4, 6, 8, 9, 10, 7, 2, 1, 3, 13], "R": [[-0.27088916691982257, 0.8477492432702147, -0.45600469271736976], [-0.9597021387905016, -0.2746417282067698, 0.05952920231731604], [-0.07477208066131116, 0.4537544949225044, 0.8879842308798065]], "T": [-0.03967688492097837, 0.08842270197581036, -0.08640192774476414], "aligned_model": [[0.17427703295707947, -0.36016803523007807, 0.32088913403594926, 0.036612529622322004, -0.6646321769338444, -0.6749611295984346, -0.3926803498015594, -0.041256096858454716, 0.5629886339482761, 0.580107903346968, -0.08663291913343636, 0.40664284428667297, -0.007421520425177658], [0.08214267768590697, -0.35197531044761593, -0.5141350476044335, -0.6454291003662662, -0.16652286184590337, 0.1462402330289434, 0.6640365619283081, 0.1154942433168558, -0.2974879428546799, 0.461652036784635, 0.8377841658478825, 0.4154970829905909, 0.1277588852386506], [-0.6170158970703201, 0.29821966777701436, 0.37200391581233183, -0.20025096817421473, -0.3137274312747376, 0.24284154967353605, 0.30028591352479556, 0.6338252516387849, -0.23452447839393015, -0.515998887523042, -0.2778907901942282, 0.4029383237517104, 0.00504852759547364]], "inverted": false, "swapped": true, "error_lsq": 0.044802441038430195, "error_max": 0.26866802247147337, "target": "868.xyz", "model": "17.xyz", "model_rescale": 3.901054581598922, "target_rescale": 4.022390230244355},
{"mapping": [3, 0, 1, 8, 11, 7, 12, 6, 13, 2, 5, 10, 9, 14], "R": [[-0.5227419965937166, -0.2468628657723175, -0.8159653978569766], [0.37897759410315585, 0.7900792040664925, -0.48182033422162873], [0.7636208405779658, -0.5611003268617272, -0.31945208565708944]], "T": [-0.049116213305493886, 0.123800030771866, 0.07304375863576981], "aligned_model": [[-0.21005118482486362, -0.6206552934997438, -0.4455615370263531, -0.5488181743662817, 0.6988825564807892, -0.006122038668193289, 0.39776998330361507, 0.22886797397626824, 0.07993578535089142, -0.6022410401570113, -0.06642248682193765, 0.42773396549294757, 0.4609087424329188, -0.0013161347298706327], [-0.6228615562385759, -0.27021871964435196, 0.2866863893317131, 0.46651230362188645, 0.13745984228921226, -0.18336271443446514, -0.45060027626022914, 0.34321260612886995, -0.3645183330669738, -0.24491967949585317, 0.19208552920164707, 0.769308911460617, 0.10655612130539069, 0.09728762517757554], [0.07152753375690618, -0.23289221935740181, -0.4764875770775018, 0.34371791752399683, -0.20452107860806004, -0.513027544792245, -0.07639558905716878, -0.5890050754139898, 0.5949565439563919, 0.5648128133440512, 0.6936270573127411, 0.24152503373989356, 0.4898972262291632, 0.07705091238070778]], "inverted": true, "swapped": false, "error_lsq": 0.03713123846887985, "error_max": 0.2612353728333608, "target": "868.xyz", "model": "18.xyz", "model_rescale": 3.9405287249114394, "target_rescale": 4.022390230244355},
{"mapping": [6, 1, 3, 4, 11, 10, 5, 14, 8, 0, 7, 13, 9, 15], "R": [[-0.6002149200459221, -0.7931850858059, -0.10295372460166013], [0.4136521111390122, -0.19766287682640085, -0.8887189196112286], [0.6845684631244018, -0.576009380808853, 0.4467428930779942]], "T": [-0.08313042656885714, 0.10463725107419028, 0.05741782045766845], "aligned_model": [[-0.24750694095628925, -0.5995569555468563, -0.48483456774778866, -0.5036361806835515, 0.5934915587469589, 0.21203251982697383, 0.396474135262733, 0.12168695359260501, -0.05670252590776349, -0.588017362824934, 0.13323506131287688, 0.3022630361839186, 0.5847113604514971, -0.07072897476720547], [-0.61884626368542, -0.2287232311305373, 0.16779159942826047, 0.38448546639350745, 0.15050053386463194, -0.056037342749972296, -0.5636923459869347, 0.587975624801591, -0.4162549891798345, -0.18321068134720328, 0.24682085055790443, 0.6536969821068699, 0.06008605347390618, 0.0780357928296934], [0.14593573379242314, -0.18277762714991191, -0.6909630358699336, 0.5861189796724968, -0.18608259058671478, -0.6531921618257908, 0.1781557876482342, -0.5119439444532994, 0.6053639817233055, 0.4247147131135038, 0.7120897601594527, 0.0939573332857488, 0.4329339789094391, 0.030475045518530506]], "inverted": true, "swapped": false, "error_lsq": 0.046937437319021155, "error_max": 0.35999712326111233, "target": "868.xyz", "model": "19.xyz", "model_rescale": 4.410303926677745, "target_rescale": 4.022390230244355},
{"mapping": [4, 2, 0, 1, 10, 6, 11, 3, 12, 7, 8, 5, 9, 13], "R": [[-0.5240173880987079, 0.13245575190538195, 0.8413449059436852], [-0.38873428891533623, -0.9161353209369306, -0.09788629297953563], [0.7578201828875347, -0.37835373332236, 0.5315609305520266]], "T": [-0.0583241847772535, 0.020050541124236494, 0.01628436364562935], "aligned_model": [[-0.17193131119149518, -0.6609770031035366, -0.5109107220445991, -0.5978378415836485, 0.7192070405525505, 0.09791105967632481, 0.4984858015183368, 0.061670617841561456, -0.030132058650880936, -0.4882490778028779, 0.1426052177110086, 0.3189810970671852, 0.4295496205548018, -0.01546132360155611], [-0.6444841689941676, -0.24046571002929235, 0.25340680774124835, 0.48351961914007713, 0.28196432517872516, -0.23393715134336646, -0.5914431845838936, 0.4064009267031894, -0.4899122967388417, -0.01817334216038865, 0.3615769528527492, 0.7565473039972264, -0.1183633663586898, 0.05599133397188727], [-0.18516149729370435, -0.07060401994154347, -0.48757042856901966, 0.2555359446538498, 0.06078578347268637, -0.4812964073293468, -0.04003070604956971, -0.5856270273496509, 0.5728973758108861, 0.5824616203994324, 0.6751050271913603, 0.13579990881978823, 0.48177063312598917, 0.07071974699632634]], "inverted": false, "swapped": false, "error_lsq": 0.052360539594881794, "error_max": 0.2947861742733611, "target": "868.xyz", "model": "20.xyz", "model_rescale": 4.121658175737393, "target_rescale": 4.022390230244355},
{"mapping": [2, 1, 0, 5, 6, 3, 9, 7, 10, 12, 8, 4, 13], "R": [[0.5439675180040738, -0.34203203093378176, -0.766233273339001], [0.09710370121735246, -0.8813599385212877, 0.4623586594621575], [-0.8334687819986893, -0.3259121792524249, -0.4462186020870897]], "T": [0.13001505509009556, -0.08635098716165326, 0.0028401179956707295], "aligned_model": [[0.27516960523981915, -0.05305061096933769, 0.14360283091377976, 0.5791460190784725, 0.5049260651716477, -0.49295892369347927, -0.45048064909145125, 0.38964810724771004, -0.5137877839828779, 0.029780895049944772, -0.1300368747377784, 0.570714873296873, 0.0284093511409724], [-0.6320339577838016, 0.0914011581970699, 0.5254447401648727, -0.2998530299895539, 0.4830616040022696, -0.466320081848708, 0.3639578546907195, -0.7481360653822171, -0.07758301557348143, 0.15273273768617915, 0.5502815437984928, -0.2912743535982355, -0.11085223020042304], [0.6266566937010132, 0.734486613140856, 0.4179859543586316, 0.2857979894519337, -0.20320424039841828, 0.11755603656013279, 0.25919325909046265, -0.1665831150928611, -0.32104810232040415, -0.6114813322147252, -0.20307787580540027, -0.56382577183677, -0.0023463691526613567]], "inverted": false, "swapped": true, "error_lsq": 0.05504001935931535, "error_max": 0.2854648996664064, "target": "868.xyz", "model": "21.xyz", "model_rescale": 4.08911054899281, "target_rescale": 4.022390230244355},
{"mapping": [0, 2, 3, 15, 10, 13, 6, 12, 8, 1, 11, 9, 5, 16], "R": [[-0.19809455820590777, -0.7414502692373494, 0.6411006506447087], [-0.3924195805590335, -0.5393653483399301, -0.7450448938178279], [0.8982012128710799, -0.39916978750653, -0.18411426326852892]], "T": [-0.0336545414641025, 0.01885099373217136, 0.03188782739838417], "aligned_model": [[-0.13020297842624168, -0.7538239952571503, -0.5041036748554019, -0.5384710332696403, 0.7628835371672118, -0.045987815943443144, 0.4163077749890292, 0.28109467499360447, 0.1335566540482353, -0.4969596745354951, -0.12433117866240065, 0.3441394417957109, 0.49027849816452485, -0.041469113265368646], [-0.7275962728346433, -0.03198215927647935, 0.2955340259272701, 0.4436704824064357, 0.10318182210946714, -0.05386457263623712, -0.56143195603006, 0.39672357181337703, -0.28853267540005534, -0.37292520890334757, 0.19896936458581027, 0.6212249874198682, 0.2528160313436185, -0.013159391148561371], [-0.15134501827720143, 0.026810647878687692, -0.6436881756398968, 0.3420421914461265, -0.06584041770235505, -0.6248391347225395, 0.15983211425303162, -0.5186707539602284, 0.6304842808678462, 0.5436085930354957, 0.7702834870591698, 0.0762149015623431, 0.44235534756185485, -0.002462109424850298]], "inverted": true, "swapped": false, "error_lsq": 0.047693074772654734, "error_max": 0.3335188950378166, "target": "868.xyz", "model": "22.xyz", "model_rescale": 4.204369325754507, "target_rescale": 4.022390230244355},
{"mapping": [6, 1, 3, 4, 11, 10, 5, 14, 8, 0, 7, 13, 9, 15], "R": [[-0.6002149200459221, -0.7931850858059, -0.10295372460166013], [0.4136521111390122, -0.19766287682640085, -0.8887189196112286], [0.6845684631244018, -0.576009380808853, 0.4467428930779942]], "T": [-0.08313042656885714, 0.10463725107419028, 0.05741782045766845], "aligned_model": [[-0.24750694095628925, -0.5995569555468563, -0.48483456774778866, -0.5036361806835515, 0.5934915587469589, 0.21203251982697383, 0.396474135262733, 0.12168695359260501, -0.05670252590776349, -0.588017362824934, 0.13323506131287688, 0.3022630361839186, 0.5847113604514971, -0.07072897476720547], [-0.61884626368542, -0.2287232311305373, 0.16779159942826047, 0.38448546639350745, 0.15050053386463194, -0.056037342749972296, -0.5636923459869347, 0.587975624801591, -0.4162549891798345, -0.18321068134720328, 0.24682085055790443, 0.6536969821068699, 0.06008605347390618, 0.0780357928296934], [0.14593573379242314, -0.18277762714991191, -0.6909630358699336, 0.5861189796724968, -0.18608259058671478, -0.6531921618257908, 0.1781557876482342, -0.5119439444532994, 0.6053639817233055, 0.4247147131135038, 0.7120897601594527, 0.0939573332857488, 0.4329339789094391, 0.030475045518530506]], "inverted": true, "swapped": false, "error_lsq": 0.046937437319021155, "error_max": 0.35999712326111233, "target": "868.xyz", "model": "23.xyz", "model_rescale": 4.410303926677745, "target_rescale": 4.022390230244355},
{"mapping": [14, 6, 12, 5, 1, 7, 11, 0, 9, 15, 4, 3, 10, 16], "R": [[-0.7849041081252458, 0.4000313803879989, 0.47318118702351675], [0.6196171236186658, 0.5072369829518256, 0.5989868639999212], [-0.00040145565520507964, 0.7633384163205736, -0.6459986849851596]], "T": [-0.02548058863843506, -0.044586097101259714, 0.07876398094603274], "aligned_model": [[-0.26149584477709265, -0.7405628227524399, -0.5105527091100027, -0.5236124820218597, 0.7577143219433239, 0.2188746539211236, 0.38480073751321037, 0.006182367709397001, 0.053155409243325284, -0.5262620226779045, -0.03477911594675512, 0.46073126382987134, 0.4585976498596657, 0.050119710209312295], [-0.6786545432488148, -0.2317598263973027, 0.29070059690628053, 0.32361605817219175, 0.14316036823443257, -0.09211138804298752, -0.5240354007755756, 0.5548084161409866, -0.4313113930854623, -0.30172820213997387, 0.47874381311396275, 0.7059942230157097, -0.02339087520100704, 0.048596202684022746], [0.09886359498372674, -0.09877892450426215, -0.467554337936291, 0.18782278652431678, -0.217364954423548, -0.5376472120386997, 0.02857349152599075, -0.3796130317592, 0.565261574888135, 0.5174097195237379, 0.525892279597744, 0.17612003985613187, 0.5135086966779088, 0.07229223102179322]], "inverted": true, "swapped": false, "error_lsq": 0.037300433509677045, "error_max": 0.2357923870864475, "target": "868.xyz", "model": "24.xyz", "model_rescale": 4.28219845311461, "target_rescale": 4.022390230244355},
{"mapping": [8, 6, 14, 2, 9, 11, 5, 12, 1, 0, 4, 7, 3, 15], "R": [[-0.2338457270448108, 0.9409830436571738, -0.24467751734183882], [-0.9568650267191943, -0.2673584738648657, -0.11370473646390378], [-0.1724108366215992, 0.2075339924020445, 0.9629144019138507]], "T": [0.0023325145974371873, 0.08944063482170114, 0.031227910458765065], "aligned_model": [[-0.14041572394416682, -0.7872716345046109, -0.4972886313111035, -0.5953800756470988, 0.6540419721642491, 0.13717545318132016, 0.467003302523181, 0.13884754461037416, 0.11015796573216283, -0.56512982125824, -0.05433699992289863, 0.46073008279260197, 0.5128707356804679, -0.048093053153063434], [-0.586368876455897, -0.34475921393629727, 0.19965385805461244, 0.41451690745118663, 0.17997054693088999, -0.04247413187596788, -0.6106752282929184, 0.47056621481545957, -0.38644209199498925, -0.06281780031975273, 0.34418514499530883, 0.6489446015699714, -0.0426661095636115, 0.08099422799846767], [-0.038417633467801485, 0.017338561288135476, -0.5330205994021635, 0.1076811695417312, -0.12353901692025936, -0.47954889744245244, -0.10733441478832871, -0.6172524971774351, 0.4456995032751792, 0.5972297111178273, 0.7142669823178719, 0.3182348553502343, 0.5986288954430289, 0.08481933480191661]], "inverted": true, "swapped": false, "error_lsq": 0.04326646900657062, "error_max": 0.24028035858687113, "target": "868.xyz", "model": "25.xyz", "model_rescale": 4.100010024507729, "target_rescale": 4.022390230244355},
{"mapping": [4, 7, 2, 3, 6, 0, 5, 9, 10, 8, 12, 13], "R": [[0.9712869487661556, -0.14475631813233272, -0.1888048503542813], [0.10028974886059007, 0.9687601842762973, -0.2268163830820745], [0.2157397261285261, 0.20136860162827144, 0.9554616982633387]], "T": [-0.02000034947563712, 0.03237896026432895, 0.03328120630553102], "aligned_model": [[-0.695097830324793, -0.23340253526850535, 0.371588661279662, 0.5590509633225023, -0.5072495177744505, 0.1693479801260356, -0.1238954170974152, 0.5126475802558963, 0.2243530485919474, -0.057433033738726526, -0.39633786615935246, 0.053193569150206337], [-0.2856218693310914, -0.6193924455489049, -0.28453520713751357, -0.358163333694077, 0.5499193022590535, 0.7381060797584754, -0.03961342845960628, 0.4763344982252499, -0.12216538591395362, 0.5483457420527438, 0.06580050311595215, -0.0028830652756885317], [0.012328633515336411, 0.28572245709730304, 0.7072324843194564, -0.2071540800134359, -0.011255121366519481, 0.14695243381663345, 0.5913043357666335, -0.31979089941702843, -0.6269233181418997, -0.46442079298194106, -0.5161292345530536, -0.0326746081871284]], "inverted": true, "swapped": true, "error_lsq": 0.0495177620627088, "error_max": 0.25457936272350223, "target": "868.xyz", "model": "26.xyz", "model_rescale": 3.6694154284099745, "target_rescale": 4.022390230244355},
{"mapping": [3, 3, 1, 5, 2, 6, 11, 0, 9, 7, 8, 4, 10, 13], "R": [[0.49139260321879835, 0.2837566992810311, -0.823416932735165], [0.8703358122472232, -0.1951445777604298, 0.45214396788044164], [-0.032386469733809264, -0.9388294463766239, -0.34285621941907807]], "T": [0.02500771187622425, 0.03992681257293075, 0.11994681085434147], "aligned_model": [[-0.4839504338735508, -0.4839504338735508, -0.5179687957345829, -0.4953360206360257, 0.5442934854336231, -0.07707075687552485, 0.7103595477980543, 0.09655064325166635, 0.0240556586767301, -0.5720367302307174, -0.02344271543782148, 0.49830523116376507, 0.504683284903529, 0.06841915237758131], [-0.5786095489691928, -0.5786095489691928, 0.2846743678144922, 0.6336975793639447, 0.08155543467455438, -0.19052538640971545, -0.4742767266423611, 0.5757284011938242, -0.48655912208529706, -0.059379709328793814, 0.27612874843405194, 0.6820280676181186, 0.0512441633592685, 0.04553132932276136], [0.014090324710484103, 0.014090324710484103, -0.5319134503073579, 0.06839900526786152, -0.31678993983890735, -0.51853748966193, 0.07452599511709615, -0.260489267527661, 0.5531617571247932, 0.2925871119877579, 0.7117393370141387, 0.3180023752664044, 0.4828159086082595, 0.08310396146606053]], "inverted": true, "swapped": false, "error_lsq": 0.056439196873785964, "error_max": 0.34330107770322926, "target": "868.xyz", "model": "27.xyz", "model_rescale": 4.103607728864725, "target_rescale": 4.022390230244355},
