[{"mapping": [8, 3, 4, 0, 1, 2, 9, 6, 7, 5, 10, 11], "R": [[-0.4538559568899985, 0.7861396581544087, 0.4195225956636103], [-0.8727154724303574, -0.29708030286709836, -0.38744160570213815], [-0.17995131168213746, -0.541966540964719, 0.8209079082933821]], "T": [0.07072068190022548, -0.08360940484885586, -0.07125832492826052], "aligned_model": [[-0.0878873508830339, 0.6414619352160104, 0.16007658039652164, -0.26162039710233, -0.568468426805459, -0.632040451617281, 0.49084408876524377, -0.0752825060277306, 0.03584642196550217, -0.08940140878228156, 0.6026218984051228, 0.03847968284798536], [-0.6618887138844384, -0.16054410924948603, 0.1597398538364736, 0.4082247553383696, -0.05415254556965809, -0.15457774266801894, -0.49696047191474957, -0.584531497731178, 0.08434070501023767, 0.6183637631939538, 0.21316878532424138, -0.0221292246167605], [-0.27992078769807355, -0.44857515175849855, -0.836206119516072, -0.24572883843081506, 0.23279781507287955, -0.4583507296984878, 0.07704421310660366, 0.4316478426937172, 0.8599665976647379, 0.3413927624970764, 0.2300142222496327, -0.06765814342660494]], "inverted": false, "swapped": false, "error_lsq": 0.059789004219739254, "error_max": 0.2987806064893113, "target": "869.xyz", "model": "0.xyz", "model_rescale": 3.751011558992144, "target_rescale": 4.016462841747311},
{"mapping": [12, 11, 9, 5, 3, 13, 6, 7, 1, 8, 4, 14], "R": [[0.26379268042446175, -0.746632413926613, 0.610699156891998], [-0.9643162486986585, -0.21892095281798035, 0.14888851168916628], [0.022529852423510466, -0.628182819640419, -0.7777395134994676]], "T": [0.006549918217469922, 0.03808273436787794, 0.026979339124588962], "aligned_model": [[-0.17838297744728804, 0.47331799549504555, 0.04622121290474657, -0.21164709833572684, -0.6510429874113914, -0.5400209428830763, 0.5857845647667127, 0.03435616622219012, 0.18883890888057392, -0.06562714631688157, 0.5671766503777276, 0.005655720125637736], [-0.6063157645137665, -0.4636895409691117, 0.08044285931060813, 0.497570716391497, -0.3482288576259199, 0.028817786788748675, -0.3871006342519294, -0.5555584475244486, -0.05271965432045912, 0.6443250379577029, 0.5078265466129941, 0.0036835092130707084], [-0.2932166989791678, -0.3817787001411993, -0.6293905486117131, -0.3354387941672853, 0.06870240074024778, -0.45122213812400996, 0.24476839430465927, 0.3210779340389918, 0.693471049146068, 0.2871312040673173, 0.32799825539820826, -0.01567867491602165]], "inverted": false, "swapped": false, "error_lsq": 0.039022339359851714, "error_max": 0.22551003065429848, "target": "869.xyz", "model": "1.xyz", "model_rescale": 3.9405287249114394, "target_rescale": 4.016462841747311},
{"mapping": [1, 2, 4, 3, 6, 7, 5, 0, 11, 10, 9, 12], "R": [[-0.708867259225438, -0.37133436300569667, -0.5996815818827264], [0.2608159684220881, -0.9279351720289647, 0.26629184577756837], [-0.6553489447723739, 0.03235903834679503, 0.7546327936307875]], "T": [0.013590459995499102, -0.03637005038253569, -0.06772115191151439], "aligned_model": [[-0.057747683753086226, 0.5422473373360955, -0.0028146649766904418, -0.33914370273969563, -0.40594077467803025, -0.7257509145556964, 0.5143233149418089, -0.06978808687693414, 0.07163747265925949, 0.07338857129900883, 0.573794570711567, 0.08042462701066319], [-0.6271777820346064, -0.4474430494735887, 0.17726854020506644, 0.405436968034076, -0.18943037048733302, -0.023894297944577633, -0.34472017797520443, -0.7959991169855793, 0.05586348302812182, 0.7547137215520588, 0.4533323931059509, -0.06889675395539815], [-0.5902949991569606, -0.1930627770022535, -0.7353925878507794, -0.15248463158416653, 0.2419912548986498, -0.3543019269715252, 0.3592016598093535, 0.2771580840089876, 0.6363653546149073, 0.2188059340308759, 0.2433157884481224, -0.11487747048911588]], "inverted": false, "swapped": false, "error_lsq": 0.05166595670158538, "error_max": 0.27198863999420275, "target": "869.xyz", "model": "2.xyz", "model_rescale": 3.932901565614263, "target_rescale": 4.016462841747311},
{"mapping": [1, 0, 3, 8, 10, 11, 4, 6, 5, 9, 7, 13], "R": [[0.8117613479753129, 0.24694900597299918, 0.5292066726546927], [0.5839890082278015, -0.34234489628141296, -0.7360413101580494], [-0.0005934664371918807, 0.906540766010562, -0.4221178595588816]], "T": [0.021903656337618167, -0.06887159031521826, -0.059151707217059916], "aligned_model": [[-0.12208927187868555, 0.5062447954680886, 0.13619234411868852, -0.1299382603475601, -0.6187688718551118, -0.7348744461932613, 0.7645373264414177, -0.0960176148001709, 0.13949718220696228, -0.08578118685949053, 0.5296572700517225, -0.03402919997432938], [-0.6987380831197249, -0.39133579914010447, 0.08302239466824675, 0.5941771988575695, -0.3533139706878714, 0.15600565235483804, -0.36997859692207213, -0.5147073684272739, 0.006583637606916146, 0.5201579855310082, 0.4006620976078783, -0.08348159126042405], [-0.42150907057262715, -0.3913878041658195, -0.5330206672179687, -0.33500866479794195, 0.08841754489294756, -0.4767948894028859, 0.28877961810188385, 0.4448495759660532, 0.6460276720244928, 0.3665724672349836, 0.11823750049509638, 0.041260400197881804]], "inverted": true, "swapped": false, "error_lsq": 0.04737884420280972, "error_max": 0.24469042465252597, "target": "869.xyz", "model": "3.xyz", "model_rescale": 3.9243930471874484, "target_rescale": 4.016462841747311},
{"mapping": [5, 9, 1, 7, 3, 0, 11, 6, 10, 4, 8, 12], "R": [[0.45868079885561086, -0.8180962227288675, -0.3468868621293375], [-0.7419590123540376, -0.5674176733820218, 0.3571190388656901], [-0.48898747299680356, 0.09357218759061184, -0.8672574571381371]], "T": [0.06261703898451565, -0.027650323115311192, 0.036914606706080134], "aligned_model": [[-0.19237353460549972, 0.7243913730228801, 0.045192135699785946, -0.08882197094806518, -0.5388684954323131, -0.6305649858651964, 0.5662061156970948, -0.20067974414190454, 0.24834982059429958, -0.16658684664512657, 0.4826702555755099, 0.005715943426805092], [-0.5994350421091036, -0.07242929238786472, 0.0397989955382758, 0.6603903016083811, -0.08147089257813266, -0.1428126877918133, -0.613825245092427, -0.6499578391975934, -0.006889151007968452, 0.4805827133323554, 0.42855591078236305, -0.09345421402748605], [-0.38930733346160723, -0.20337057073073458, -0.6739350694851447, -0.34594970857107815, 0.3340204271719095, -0.4422081996264523, 0.20700600580789266, 0.291717813435292, 0.7167675518987401, 0.24070869130015035, 0.14539288241457002, -0.04441880739744194]], "inverted": true, "swapped": false, "error_lsq": 0.05347822747393374, "error_max": 0.320288060869521, "target": "869.xyz", "model": "4.xyz", "model_rescale": 3.8936222436046832, "target_rescale": 4.016462841747311},
{"mapping": [10, 2, 4, 5, 8, 7, 0, 3, 9, 6, 1, 11], "R": [[0.48371362717323446, 0.48340521595157876, 0.7296166966823885], [0.6443240215730135, 0.3675090381119827, -0.6706591251373414], [-0.5923408496051004, 0.7945165222302256, -0.13370046294719856]], "T": [-0.05446490145202483, -0.09532202056203652, 0.01669185740768682], "aligned_model": [[-0.2573535379797722, 0.5046273546704714, 0.1718004496512946, -0.008619039636304629, -0.5688089371894692, -0.6249600877836771, 0.6659691052369398, 0.08606238133475012, -0.0452308888679014, -0.27523070045988685, 0.6058550598042626, 0.000518907597562894], [-0.49660095065892007, -0.43286442658767776, 0.030893108590130294, 0.6078007845367505, -0.4993534916476483, 0.11629789447297688, -0.36255504244256226, -0.6141040451213726, -0.02032543381400434, 0.6399155958481912, 0.34800504509503605, 0.03194451879808678], [-0.42746894783437467, -0.34474892363728665, -0.7339734015260434, -0.384166390544442, 0.36030735415447024, -0.20579360576022937, 0.4551889075684695, 0.22016010089514315, 0.6301461660640029, 0.22952215955365052, 0.11939253307943148, -0.08214226925669639]], "inverted": true, "swapped": false, "error_lsq": 0.05385710481249973, "error_max": 0.3070125702752937, "target": "869.xyz", "model": "5.xyz", "model_rescale": 3.6523030999806103, "target_rescale": 4.016462841747311},
{"mapping": [2, 6, 1, 5, 3, 0, 10, 4, 11, 7, 9, 12], "R": [[0.6313526902201851, -0.5353288896400094, 0.5610853415199238], [0.4151575937257451, 0.8444250348828981, 0.33851223439465994], [-0.6550098876532965, 0.019218230402685083, 0.7553758711374128]], "T": [0.1414260233153664, -0.01103858719213549, -0.06472484663444653], "aligned_model": [[-0.04264914340227888, 0.6070677061101062, -0.14541134003494155, -0.06505311351420778, -0.5370802893858373, -0.7552056527581019, 0.7090469411895903, 0.007832711547677784, 0.02277724906194467, -0.2224908455747115, 0.6237997409307292, 0.05199610220830045], [-0.7198355915695243, -0.26777816183369607, -0.1964644765100804, 0.5590252955716568, -0.0876761779741703, 0.21212169371175307, -0.4416978434911807, -0.46713933503094984, -0.011923543721105295, 0.40519560822311196, 0.32035095580347084, 0.04487513388970055], [-0.26456171458585553, -0.43873965400049564, -0.6694697784448215, -0.37504253161087087, 0.0633242308777375, -0.4299848321068178, 0.2530992245473468, 0.2566107050848315, 0.8073363257388457, 0.33668724436611996, 0.3597270853057193, -0.06256262241564396]], "inverted": true, "swapped": false, "error_lsq": 0.05742869980677239, "error_max": 0.34204283020358717, "target": "869.xyz", "model": "6.xyz", "model_rescale": 4.08911054899281, "target_rescale": 4.016462841747311},
{"mapping": [9, 8, 3, 6, 1, 0, 10, 11, 12, 7, 5, 14], "R": [[0.7031197707975938, -0.7021253967518981, -0.1124389396496111], [-0.36726550035568706, -0.49399130076904085, 0.7880917757552085], [-0.6088831087836368, -0.5128279653065936, -0.6052014853232544]], "T": [0.021796702947284675, -0.005229078258649926, 0.06448934831851082], "aligned_model": [[-0.17579280839945538, 0.4450090349999855, -0.004738592549149004, -0.1530444001013586, -0.6405820098733841, -0.62185935056098, 0.6291803945125397, 0.037153362452147135, 0.25618698913201315, -0.08775359193548074, 0.6052136222155284, -0.034342583514136354], [-0.6337369585963218, -0.3618986065557061, 0.07050194510447472, 0.36779524511024386, -0.319905761879971, 0.12154321435854964, -0.3231703858158026, -0.5116546945114019, -0.04900145032199243, 0.7031122318386325, 0.43932820094571656, -0.15385942260743513], [-0.36035596149082866, -0.33404188366695575, -0.7229191393542246, -0.21733756543066973, 0.051107104765350284, -0.6095224124918134, 0.2864651908586269, 0.36084779879534257, 0.7361641886969387, 0.35696205787995977, 0.2706319043356772, 0.018422399858692408]], "inverted": true, "swapped": false, "error_lsq": 0.04216382932438046, "error_max": 0.21432195082358022, "target": "869.xyz", "model": "7.xyz", "model_rescale": 3.964800864290218, "target_rescale": 4.016462841747311},
{"mapping": [5, 3, 10, 9, 7, 8, 0, 1, 2, 12, 4, 13], "R": [[-0.6664383800401175, 0.5790009883571494, -0.46969962858293607], [0.29992423695177167, 0.7849737171892863, 0.5420901358731146], [0.6825725878603692, 0.22039536928773804, -0.696793042085037]], "T": [0.14376282208939067, -0.011863059873892405, -0.00028381956682914204], "aligned_model": [[-0.12702701522025, 0.6464986018127461, 0.06529283724661633, -0.2633246135177659, -0.4121695653303073, -0.5685880663054166, 0.567897597192683, -0.21026480117456287, 0.2685688494113947, -0.28244519120505734, 0.48622027774023485, 0.08397115572795558], [-0.48833715117228144, -0.4383891123759631, 0.07833238587465308, 0.40940297193897474, -0.027425281262130737, -0.09054129524606397, -0.5116778909183181, -0.5888958998556795, -0.04210246007004725, 0.574337627274928, 0.48899646339322217, -0.014646800512307392], [-0.6317234661678113, -0.3024343747961015, -0.8132052524570117, -0.36176891884485435, 0.44418233532576895, -0.27853465692249785, 0.28860058592930554, 0.32347138845463913, 0.6494220846498155, 0.21276645872076158, 0.3560250689493442, -0.05037757008526265]], "inverted": false, "swapped": false, "error_lsq": 0.054261599287785796, "error_max": 0.3290542744827643, "target": "869.xyz", "model": "8.xyz", "model_rescale": 4.121658175737393, "target_rescale": 4.016462841747311},
{"mapping": [0, 5, 4, 6, 2, 1, 10, 3, 11, 8, 7, 12], "R": [[-0.3154852692337021, 0.22779815737872708, 0.9211824164579973], [0.5414300737076567, -0.754023492702093, 0.37188983279764176], [0.7793090017325989, 0.6160816276664913, 0.11454653146362365]], "T": [0.08080983106961412, 0.02194938093221635, -0.007021101255587145], "aligned_model": [[-0.09511366521453998, 0.5686412254828862, 0.03091254060786147, -0.22375721015141506, -0.5600409316113669, -0.46174320076511144, 0.48221927061188896, -0.13680132851866109, 0.2873290582671998, -0.2294210630946211, 0.5778576478383372, 0.01454772292581237], [-0.62887020770518, -0.21665387087459329, -0.03855088979717186, 0.6112238698023125, -0.15502929350922295, -0.0694572480572718, -0.5850478994080299, -0.5314198570803774, 0.006273444730521535, 0.5133400265777835, 0.4310864693866172, 0.01215901300359903], [-0.4123716034426294, -0.3016512509819776, -0.8913162416725019, -0.20746197598608676, 0.19381539847252888, -0.42200634380916985, 0.20955589221617155, 0.5117388250244113, 0.5930923449988826, 0.4321205198706632, 0.19487298238657108, -0.06396486432076791]], "inverted": false, "swapped": false, "error_lsq": 0.05271333177159488, "error_max": 0.2781505163690779, "target": "869.xyz", "model": "9.xyz", "model_rescale": 3.833441315466971, "target_rescale": 4.016462841747311},
{"mapping": [7, 11, 9, 2, 4, 3, 12, 6, 1, 5, 0, 14], "R": [[0.8857233685508855, -0.3578267096276231, 0.2957264957354029], [-0.458590684191414, -0.5756152698006046, 0.6770241100176775], [-0.07203262299627414, -0.7352734913278502, -0.6739318913472122]], "T": [0.16534375148751324, -0.038191327540725295, -0.023693910753647456], "aligned_model": [[-0.00495512616701449, 0.5430145587238469, -0.08615336408599639, -0.19490919517684657, -0.5673032777255896, -0.6034813682134377, 0.5115253747418022, -0.09297306302794267, 0.2786042937925056, -0.16760054868558683, 0.5313862905072981, 0.10747549169523146], [-0.4867777747019947, -0.4777787411280169, 0.12762090449174873, 0.49234875637409725, -0.1522874684610615, -0.09638076095720047, -0.42071445158740484, -0.46799371299684517, 0.017117059470570184, 0.45513414918660977, 0.3893208441946162, -0.030555246816132087], [-0.48595192147347704, -0.38350601202410545, -0.7767979082860789, -0.3483403164120712, 0.2697732616908023, -0.42349858169074445, 0.2875204857664477, 0.4343147145360211, 0.7041260977627528, 0.29757430812429103, 0.35980206621318805, -0.09859251145093023]], "inverted": false, "swapped": false, "error_lsq": 0.04491558592643908, "error_max": 0.2561386456663122, "target": "869.xyz", "model": "10.xyz", "model_rescale": 4.2482417240324, "target_rescale": 4.016462841747311},
{"mapping": [5, 7, 9, 10, 6, 4, 3, 2, 1, 0, 8, 11], "R": [[-0.6947533013437164, 0.3387440759013519, 0.6344842798003324], [0.7188859349579807, 0.2990515654361289, 0.6275118913054882], [0.022822418618482998, 0.8920877828173301, -0.45128541407457756]], "T": [0.024168081358655995, -0.06776477430518167, 0.05200676900635199], "aligned_model": [[-0.29834574714830653, 0.4471948189476389, 0.17555739810731497, 0.06871319085614719, -0.5632760113337825, -0.6790181916228057, 0.7534360595058138, 0.052894394442510644, 0.11977146308241232, -0.3421500297538748, 0.5370286052628577, -0.017175883967655903], [-0.5289032726077316, -0.4014444433813531, 0.14727692632139622, 0.514212194110216, -0.3078618380612943, 0.029773003905860088, -0.33354367049495937, -0.6670532691693771, 0.14922351599055167, 0.532341458511741, 0.26542141323374124, -0.050388461289804475], [-0.4455093474427341, -0.35819135925045803, -0.7291137363607197, -0.22061183635353915, 0.18521703917884058, -0.4597109535168577, 0.2878063042922495, 0.48534888009722327, 0.7175310954105173, 0.334005043361145, 0.10509986091857274, -0.06544730757814446]], "inverted": true, "swapped": false, "error_lsq": 0.048700479443331314, "error_max": 0.24506477181656341, "target": "869.xyz", "model": "11.xyz", "model_rescale": 3.6694154284099745, "target_rescale": 4.016462841747311},
{"mapping": [1, 12, 2, 8, 4, 3, 5, 0, 6, 11, 7, 13], "R": [[0.9071466655853526, 0.16637250575709361, -0.38652958029817386], [-0.33576955293989175, -0.2675076849946388, -0.9031602547650966], [-0.253660667892998, 0.9490836779741368, -0.1868058825817946]], "T": [0.1355786891083841, 0.02735632529012154, 0.002000972927882259], "aligned_model": [[-0.25840320585467313, 0.5698622768259203, 0.009505337041960354, -0.24650701847202122, -0.5599001514259678, -0.6235566513011246, 0.6874944238512904, -0.008159272520719157, 0.09769526380273122, -0.2485661292211938, 0.752847154800899, 0.08231803885116855], [-0.5455022228822918, -0.37079179129546225, 0.007873701444851458, 0.5497951558162101, -0.15613786280201863, 0.008973159480884105, -0.33247780161679197, -0.6237805633553021, -0.012623886222558826, 0.5462232854091119, 0.3591607350323641, -0.08165835194000921], [-0.4807876395400126, -0.3365907324711519, -0.6383423027135164, -0.3900016185589647, 0.1761208025157035, -0.40373846902901, 0.4607811112654294, 0.25909631527644716, 0.5648697517992834, 0.36010498736291763, 0.24908556048193164, 0.015825916367038416]], "inverted": true, "swapped": false, "error_lsq": 0.037368266112306606, "error_max": 0.2083156709548819, "target": "869.xyz", "model": "12.xyz", "model_rescale": 3.9764082729961374, "target_rescale": 4.016462841747311},
{"mapping": [5, 1, 0, 7, 6, 4, 10, 13, 11, 3, 8, 15], "R": [[0.5871527455963182, 0.806266251758607, -0.07201655791435677], [0.8053063494891328, -0.5727932618852085, 0.15293646593075674], [0.08205691202568968, -0.14779245722982495, -0.985608468294981]], "T": [0.03761692780071083, -0.16278767176084957, -0.049479805964742246], "aligned_model": [[-0.4203270817815479, 0.6485077811303603, 0.011635272686770039, -0.08110010852489169, -0.653763310772042, -0.5432050368495736, 0.7255526002780313, -0.07261281660722807, 0.253045714758504, -0.0724416374802638, 0.4971236020907961, -0.03778491255064469], [-0.6090369229695899, -0.2507331581423594, 0.04658872698157465, 0.5031263228677432, -0.39435871170326814, 0.07381355378868198, -0.2712064634868723, -0.5571595746125135, 0.021014729734735782, 0.5620871110033341, 0.31197116477110637, -0.08705322116358676], [-0.5916723877270538, -0.19914788874890801, -0.7441699604577038, -0.38637521401722086, 0.1786145273061698, -0.3995218423367636, 0.35193864788623797, 0.4052737007571049, 0.6923771975768837, 0.3639051342961267, 0.2017382269593254, -0.03653645873810274]], "inverted": true, "swapped": false, "error_lsq": 0.04145360240089875, "error_max": 0.21120734031884827, "target": "869.xyz", "model": "13.xyz", "model_rescale": 4.170626492500431, "target_rescale": 4.016462841747311},
{"mapping": [4, 5, 12, 10, 0, 8, 6, 2, 3, 9, 11, 13], "R": [[0.7842996745233135, -0.5225778566473633, -0.33434473868220577], [-0.07455662168553695, 0.4556311144647447, -0.8870409222208716], [0.6158858097938809, 0.7206335207811684, 0.3183896952180976]], "T": [-0.12482761910391016, -0.05283033405464702, 0.06155203824794591], "aligned_model": [[-0.18460341121752352, 0.6704392335716534, 0.1034561433121057, -0.18873394023675805, -0.6498719546297801, -0.5414471241113274, 0.6266921778223907, -0.18551602301588294, 0.17541248127035663, -0.027297067659037222, 0.48037457065003264, -0.024275019377960005], [-0.597107654927203, -0.1435635011436742, 0.03888857993473043, 0.4203407784752181, -0.2165781410497842, -0.05138669944635437, -0.4011007493633801, -0.6414804261184133, -0.039269325176629406, 0.713149983263661, 0.3068915930811214, -0.039730880460305776], [-0.38928294625747534, -0.37034835973951263, -0.6277811800289409, -0.23903636033281134, 0.2925791101775436, -0.5532506917162402, 0.20789061716212448, 0.3491979212017629, 0.682153025674927, 0.306640559969551, 0.124719243235241, 0.05294274340992607]], "inverted": true, "swapped": false, "error_lsq": 0.04810039826362424, "error_max": 0.2587902919074771, "target": "869.xyz", "model": "14.xyz", "model_rescale": 3.9786697098870705, "target_rescale": 4.016462841747311},
{"mapping": [1, 9, 6, 7, 4, 10, 3, 0, 2, 5, 8, 11], "R": [[-0.5559112808453721, 0.7413834064938603, -0.3759166029911653], [-0.4047205976834837, -0.6364180903810135, -0.6566378393349777], [-0.7260605247770888, -0.2128911900745158, 0.6538451311656873]], "T": [0.01038595478867686, -0.05271918737579306, -0.06166452762730224], "aligned_model": [[-0.3804291856341385, 0.5805884297864639, 0.17554245600063623, -0.054205397675238756, -0.4821317971157896, -0.7466551606563335, 0.7834506622554396, 0.08141699881726062, 0.08916572588019021, -0.1536496661613431, 0.30528430939234263, 0.0562526914887804], [-0.4695591526107118, -0.22355418948748773, -0.1864591742382275, 0.4798539970983553, -0.07063187846119545, 0.1289807137585183, -0.28911705650982494, -0.6895487149472211, -0.11945149143526068, 0.6005025484368016, 0.2751897015263744, -0.08715174606113407], [-0.4279704938516988, -0.24359530459788492, -0.8246800168707225, -0.44776006730193174, 0.3016812163249243, -0.3552541799491148, 0.37609823671072967, 0.20890585078856283, 0.8004189738554234, 0.37543187667210354, 0.21715234247382914, -0.1440047514981245]], "inverted": true, "swapped": false, "error_lsq": 0.05670466056537105, "error_max": 0.31631887468175895, "target": "869.xyz", "model": "15.xyz", "model_rescale": 3.769337070930944, "target_rescale": 4.016462841747311},
{"mapping": [2, 10, 0, 1, 5, 3, 4, 9, 7, 6, 11], "R": [[-0.9126546154171995, 0.20994918657831024, 0.3506891672304547], [-0.29376545912459523, -0.9334926829561123, -0.20565326618538077], [0.28418903564880843, -0.29071076678118607, 0.9136322247460928]], "T": [0.04415816552207959, -0.016662973155033033, 0.02868744601598395], "aligned_model": [[-0.181227859624925, -0.2770346463835616, -0.03782919372968917, -0.6853380712089865, 0.48160212200191105, 0.17216297342486725, 0.5812171954664133, 0.3969688421935762, -0.028275605539609935, -0.5222918059079402, 0.022672179999115485], [0.10125598980317818, -0.6341355162473559, 0.7048007005717405, 0.1987187970664628, 0.22213722320878224, -0.36890798809938125, 0.3105350711671321, -0.6112137463764072, 0.4622786007458641, 0.15963510585598834, 0.050960259929337955], [-0.6421367619818835, 0.32070507472467846, -0.33456779345581833, 0.04419959198330931, -0.5778971291722621, -0.4574053920683478, 0.14028112394004216, 0.08819256909065681, 0.5428977266151614, 0.6500635858289876, -0.030114988280747317]], "inverted": false, "swapped": true, "error_lsq": 0.06681477344785498, "error_max": 0.4421477180455447, "target": "869.xyz", "model": "16.xyz", "model_rescale": 3.7852294659196426, "target_rescale": 4.016462841747311},
{"mapping": [4, 10, 0, 8, 1, 3, 6, 5, 7, 2, 11, 12], "R": [[-0.25190747186854046, -0.967220744092389, -0.03204150143432536], [-0.9527412358806315, 0.25367310658319026, -0.16713495280485308], [0.16978446062419134, -0.011575283745928158, -0.985413238056377]], "T": [0.0004288549113172016, -1.232081923948497e-05, -0.07277170464098173], "aligned_model": [[-0.13687970313323838, 0.6837113437507208, -0.131597905769872, 0.08476788807587346, -0.5693681025172748, -0.7144490055631479, 0.6523700175364443, -0.061763481976828113, 0.1518231168430018, -0.27117231122635693, 0.47993124471227677, 0.08725696564667079], [-0.6380942865990238, -0.36828078766925126, -0.08406332051600798, 0.5838002901177006, -0.2252244822133688, 0.22580880095361494, -0.3875748183126259, -0.5874825440467768, -0.03387626500798286, 0.38109634978272844, 0.4708805603847475, 0.012064060195232458], [-0.3480614609413668, -0.28900873210971056, -0.7370393612770153, -0.34891600396351063, 0.2416564491753926, -0.33819558587109433, 0.38783796407394133, 0.21570682248670905, 0.6108656377523106, 0.321025208468968, 0.2209448713976376, -0.10039212643616578]], "inverted": true, "swapped": false, "error_lsq": 0.049187115421485794, "error_max": 0.2710215548125945, "target": "869.xyz", "model": "17.xyz", "model_rescale": 3.901054581598922, "target_rescale": 4.016462841747311},
{"mapping": [12, 11, 9, 5, 3, 13, 6, 7, 1, 8, 4, 14], "R": [[0.26379268042446175, -0.746632413926613, 0.610699156891998], [-0.9643162486986585, -0.21892095281798035, 0.14888851168916628], [0.022529852423510466, -0.628182819640419, -0.7777395134994676]], "T": [0.006549918217469922, 0.03808273436787794, 0.026979339124588962], "aligned_model": [[-0.17838297744728804, 0.47331799549504555, 0.04622121290474657, -0.21164709833572684, -0.6510429874113914, -0.5400209428830763, 0.5857845647667127, 0.03435616622219012, 0.18883890888057392, -0.06562714631688157, 0.5671766503777276, 0.005655720125637736], [-0.6063157645137665, -0.4636895409691117, 0.08044285931060813, 0.497570716391497, -0.3482288576259199, 0.028817786788748675, -0.3871006342519294, -0.5555584475244486, -0.05271965432045912, 0.6443250379577029, 0.5078265466129941, 0.0036835092130707084], [-0.2932166989791678, -0.3817787001411993, -0.6293905486117131, -0.3354387941672853, 0.06870240074024778, -0.45122213812400996, 0.24476839430465927, 0.3210779340389918, 0.693471049146068, 0.2871312040673173, 0.32799825539820826, -0.01567867491602165]], "inverted": false, "swapped": false, "error_lsq": 0.039022339359851714, "error_max": 0.22551003065429848, "target": "869.xyz", "model": "18.xyz", "model_rescale": 3.9405287249114394, "target_rescale": 4.016462841747311},
{"mapping": [14, 13, 12, 1, 10, 3, 9, 11, 5, 6, 8, 15], "R": [[0.6377949357625523, -0.7544820960607224, 0.15483664501487016], [0.4371375441758945, 0.5201129930211388, 0.7337528480097782], [-0.6341359376249778, -0.40029893981175124, 0.6615378835698515]], "T": [0.14001111565253102, 0.022768906919920506, -0.1316152721223419], "aligned_model": [[-0.22141460976154012, 0.402515497475473, 0.03793843945126335, -0.2807788784475681, -0.5135302305917682, -0.6265738856193447, 0.6142305390283402, 0.05877180944967819, 0.16529588121922784, -0.008785677751872972, 0.5171347188301699, 0.10982646309621134], [-0.5948591883845505, -0.5696966794560918, 0.029974972102545794, 0.5230516164954164, -0.339195766330065, 0.042913456080818146, -0.3298804694464455, -0.5910780714399694, 0.08605675621862646, 0.5904542024872587, 0.48140186680481983, 0.01991086193662317], [-0.4276658471524697, -0.3088321557871043, -0.6698236923529137, -0.2220166844148343, 0.11286237719298181, -0.5022501704226341, 0.3580419577824797, 0.23690238578013664, 0.6970088715762648, 0.33085242951898464, 0.3371125290261371, -0.10576831799093304]], "inverted": true, "swapped": false, "error_lsq": 0.040861883210111326, "error_max": 0.29463913244645723, "target": "869.xyz", "model": "19.xyz", "model_rescale": 4.410303926677745, "target_rescale": 4.016462841747311},
{"mapping": [5, 3, 10, 9, 7, 8, 0, 1, 2, 12, 4, 13], "R": [[-0.6664383800401175, 0.5790009883571494, -0.46969962858293607], [0.29992423695177167, 0.7849737171892863, 0.5420901358731146], [0.6825725878603692, 0.22039536928773804, -0.696793042085037]], "T": [0.14376282208939067, -0.011863059873892405, -0.00028381956682914204], "aligned_model": [[-0.12702701522025, 0.6464986018127461, 0.06529283724661633, -0.2633246135177659, -0.4121695653303073, -0.5685880663054166, 0.567897597192683, -0.21026480117456287, 0.2685688494113947, -0.28244519120505734, 0.48622027774023485, 0.08397115572795558], [-0.48833715117228144, -0.4383891123759631, 0.07833238587465308, 0.40940297193897474, -0.027425281262130737, -0.09054129524606397, -0.5116778909183181, -0.5888958998556795, -0.04210246007004725, 0.574337627274928, 0.48899646339322217, -0.014646800512307392], [-0.6317234661678113, -0.3024343747961015, -0.8132052524570117, -0.36176891884485435, 0.44418233532576895, -0.27853465692249785, 0.28860058592930554, 0.32347138845463913, 0.6494220846498155, 0.21276645872076158, 0.3560250689493442, -0.05037757008526265]], "inverted": false, "swapped": false, "error_lsq": 0.054261599287785796, "error_max": 0.3290542744827643, "target": "869.xyz", "model": "20.xyz", "model_rescale": 4.121658175737393, "target_rescale": 4.016462841747311},
{"mapping": [2, 6, 1, 5, 3, 0, 10, 4, 11, 7, 9, 12], "R": [[0.6313526902201851, -0.5353288896400094, 0.5610853415199238], [0.4151575937257451, 0.8444250348828981, 0.33851223439465994], [-0.6550098876532965, 0.019218230402685083, 0.7553758711374128]], "T": [0.1414260233153664, -0.01103858719213549, -0.06472484663444653], "aligned_model": [[-0.04264914340227888, 0.6070677061101062, -0.14541134003494155, -0.06505311351420778, -0.5370802893858373, -0.7552056527581019, 0.7090469411895903, 0.007832711547677784, 0.02277724906194467, -0.2224908455747115, 0.6237997409307292, 0.05199610220830045], [-0.7198355915695243, -0.26777816183369607, -0.1964644765100804, 0.5590252955716568, -0.0876761779741703, 0.21212169371175307, -0.4416978434911807, -0.46713933503094984, -0.011923543721105295, 0.40519560822311196, 0.32035095580347084, 0.04487513388970055], [-0.26456171458585553, -0.43873965400049564, -0.6694697784448215, -0.37504253161087087, 0.0633242308777375, -0.4299848321068178, 0.2530992245473468, 0.2566107050848315, 0.8073363257388457, 0.33668724436611996, 0.3597270853057193, -0.06256262241564396]], "inverted": true, "swapped": false, "error_lsq": 0.05742869980677239, "error_max": 0.34204283020358717, "target": "869.xyz", "model": "21.xyz", "model_rescale": 4.08911054899281, "target_rescale": 4.016462841747311},
{"mapping": [13, 0, 7, 10, 14, 12, 1, 2, 11, 5, 8, 16], "R": [[0.7763886833984197, 0.35962330049218333, 0.517582548038453], [0.16555663034178664, -0.9087586325450301, 0.3830779945712889], [0.6081213813382504, -0.2117281972671477, -0.7650879400704615]], "T": [-0.010287425738740127, -0.09989291891832663, 0.029163634052220312], "aligned_model": [[-0.24600962802444282, 0.5743087947242597, 0.025781071813029147, -0.20025519772774125, -0.6081868919620236, -0.6247535585712334, 0.6118305060090534, 0.09615485602322559, 0.17703706244376416, -0.07540104514189883, 0.5211632069465949, 0.0029608898456830214], [-0.41055674091303285, -0.37061830970401316, 0.05904839429443576, 0.5750105729557103, -0.29719140562940016, -0.01077412102171997, -0.3397884793066932, -0.7477354095957213, 0.17046457844737084, 0.5783101281383679, 0.2693255226597926, -0.12644117325611068], [-0.5043651834276399, -0.4009926398571434, -0.6631028684220756, -0.3702771393757104, 0.15330919933143883, -0.3701591896098259, 0.45976528334056077, 0.32953669759066256, 0.7203288747897498, 0.2122753417046897, 0.27816159684921876, -0.008056290157829452]], "inverted": true, "swapped": false, "error_lsq": 0.03774766840278143, "error_max": 0.1802178717714097, "target": "869.xyz", "model": "22.xyz", "model_rescale": 4.204369325754507, "target_rescale": 4.016462841747311},
{"mapping": [14, 13, 12, 1, 10, 3, 9, 11, 5, 6, 8, 15], "R": [[0.6377949357625523, -0.7544820960607224, 0.15483664501487016], [0.4371375441758945, 0.5201129930211388, 0.7337528480097782], [-0.6341359376249778, -0.40029893981175124, 0.6615378835698515]], "T": [0.14001111565253102, 0.022768906919920506, -0.1316152721223419], "aligned_model": [[-0.22141460976154012, 0.402515497475473, 0.03793843945126335, -0.2807788784475681, -0.5135302305917682, -0.6265738856193447, 0.6142305390283402, 0.05877180944967819, 0.16529588121922784, -0.008785677751872972, 0.5171347188301699, 0.10982646309621134], [-0.5948591883845505, -0.5696966794560918, 0.029974972102545794, 0.5230516164954164, -0.339195766330065, 0.042913456080818146, -0.3298804694464455, -0.5910780714399694, 0.08605675621862646, 0.5904542024872587, 0.48140186680481983, 0.01991086193662317], [-0.4276658471524697, -0.3088321557871043, -0.6698236923529137, -0.2220166844148343, 0.11286237719298181, -0.5022501704226341, 0.3580419577824797, 0.23690238578013664, 0.6970088715762648, 0.33085242951898464, 0.3371125290261371, -0.10576831799093304]], "inverted": true, "swapped": false, "error_lsq": 0.040861883210111326, "error_max": 0.29463913244645723, "target": "869.xyz", "model": "23.xyz", "model_rescale": 4.410303926677745, "target_rescale": 4.016462841747311},
{"mapping": [1, 7, 11, 9, 4, 10, 12, 0, 5, 15, 6, 16], "R": [[0.12922876373664532, -0.9863875333384002, 0.10168363043128081], [-0.06798697834842332, -0.11111563982840014, -0.9914792410134349], [0.9892814045549173, 0.12121447380619299, -0.08142084463906293]], "T": [0.024476389651445985, -0.002757086973972027, -0.05738123672425723], "aligned_model": [[-0.15134958528104495, 0.43675494439494233, 0.05409170699451589, -0.2700633428568931, -0.5254768634262071, -0.5558802369628116, 0.5685192760962376, 0.17016763566060064, 0.02599188594590872, -0.017930707477974785, 0.5573775689543883, -0.03757221566339215], [-0.6577612804598912, -0.42485438195871766, 0.11248250807576185, 0.4991571993557634, -0.1123455501580127, 0.0013666498641481326, -0.31524286572210314, -0.68705419471116, 0.03217286773972925, 0.6495148117875583, 0.3572819267561604, -0.10566413350025014], [-0.5831093818955397, -0.3636346669866341, -0.6791241541123089, -0.2892182026732031, 0.3419008204200848, -0.3522593929431, 0.4451581254879893, 0.22704334073870966, 0.5706152879178884, 0.22907504097590606, 0.3479412662897804, -0.05796440046347694]], "inverted": true, "swapped": false, "error_lsq": 0.043014772982641385, "error_max": 0.2003976562267923, "target": "869.xyz", "model": "24.xyz", "model_rescale": 4.28219845311461, "target_rescale": 4.016462841747311},
{"mapping": [9, 11, 5, 1, 4, 3, 14, 13, 2, 0, 6, 15], "R": [[0.5463854861590878, -0.5220619489084705, -0.654915431194431], [0.7104891208861327, -0.12512739854051821, 0.6924942911222687], [-0.443472783400682, -0.8436791188813271, 0.30255154064469725]], "T": [0.03773360493710125, -0.1599891497845139, -0.03936820451185352], "aligned_model": [[-0.16026160878759405, 0.44216916216450813, 0.15617605008926005, -0.21012260853589598, -0.5840174297912493, -0.6284441240350945, 0.7030363678489349, -0.049743203119805804, 0.147877532048662, -0.12649283785714066, 0.5456280706935472, 0.01882469566013782], [-0.6012945925457813, -0.3902221590719086, 0.06521396617939293, 0.3510475559285365, 0.03503043905822195, -0.0015233042238664563, -0.3058942922701935, -0.6216129650059167, -0.085123397060857, 0.5010490120679987, 0.5056094907098503, -0.1032261966964905], [-0.5115133997752, -0.32203711460495504, -0.8521016323100873, -0.33481055371631774, 0.2923569585486958, -0.40150237035653263, 0.301554877652941, 0.32418057929798944, 0.6322294866526433, 0.40964448584066593, 0.2941266176174418, 0.00429574790881096]], "inverted": true, "swapped": false, "error_lsq": 0.045336103273660035, "error_max": 0.27084577884401057, "target": "869.xyz", "model": "25.xyz", "model_rescale": 4.100010024507729, "target_rescale": 4.016462841747311},
{"mapping": [5, 7, 9, 10, 6, 4, 3, 2, 1, 0, 8, 11], "R": [[-0.6947533013437164, 0.3387440759013519, 0.6344842798003324], [0.7188859349579807, 0.2990515654361289, 0.6275118913054882], [0.022822418618482998, 0.8920877828173301, -0.45128541407457756]], "T": [0.024168081358655995, -0.06776477430518167, 0.05200676900635199], "aligned_model": [[-0.29834574714830653, 0.4471948189476389, 0.17555739810731497, 0.06871319085614719, -0.5632760113337825, -0.6790181916228057, 0.7534360595058138, 0.052894394442510644, 0.11977146308241232, -0.3421500297538748, 0.5370286052628577, -0.017175883967655903], [-0.5289032726077316, -0.4014444433813531, 0.14727692632139622, 0.514212194110216, -0.3078618380612943, 0.029773003905860088, -0.33354367049495937, -0.6670532691693771, 0.14922351599055167, 0.532341458511741, 0.26542141323374124, -0.050388461289804475], [-0.4455093474427341, -0.35819135925045803, -0.7291137363607197, -0.22061183635353915, 0.18521703917884058, -0.4597109535168577, 0.2878063042922495, 0.48534888009722327, 0.7175310954105173, 0.334005043361145, 0.10509986091857274, -0.06544730757814446]], "inverted": true, "swapped": false, "error_lsq": 0.048700479443331314, "error_max": 0.24506477181656341, "target": "869.xyz", "model": "26.xyz", "model_rescale": 3.6694154284099745, "target_rescale": 4.016462841747311},
{"mapping": [9, 10, 12, 6, 7, 3, 4, 8, 5, 1, 0, 13], "R": [[0.8705765469697955, 0.23404266275811772, -0.4328053926133981], [0.025779348884312187, 0.8567223095404759, 0.5151332929511878], [0.49135720309897635, -0.4596204046218175, 0.7398088824946808]], "T": [0.0877546924934818, -0.1053296432415662, -0.05857423628497809], "aligned_model": [[-0.2280146789746181, 0.46548647316257685, -0.06595055568916669, -0.054512476432390905, -0.48854070170676633, -0.6539914109955244, 0.8021590167538115, 0.10960023951322856, -0.04312893503033752, -0.18284198646960345, 0.4631244602236537, 0.1312406220234065], [-0.5769041156262732, -0.5413628342124992, 0.12210812339761272, 0.5183855898096692, -0.18303492868582238, 0.029771777968815596, -0.32286622356162337, -0.6573482508335048, 0.08525535543661435, 0.6476619923914273, 0.3033619951888264, -0.07597492420425622], [-0.4364244136146696, -0.22911595592242412, -0.8031409373566433, -0.30743120827903725, 0.18220373603817897, -0.3490764639517453, 0.2846966010865111, 0.26260394070984017, 0.6980798022598474, 0.31482593470674397, 0.30059428305437, -0.08139163597487624]], "inverted": true, "swapped": false, "error_lsq": 0.04174409444102955, "error_max": 0.23788397934776961, "target": "869.xyz", "model": "27.xyz", "model_rescale": 4.103607728864725, "target_rescale": 4.016462841747311},
{"mapping": [0, 2, 3, 10, 5, 9, 4, 1, 8, 11, 13, 14], "R": [[-0.8263284445923123, 0.46199378945607505, 0.32209166422257185], [0.0009162515284710515, 0.5730094159322918, -0.8195482717546726], [-0.563187768102954, -0.6769209316877044, -0.47391728191981325]], "T": [-0.023124048638762357, 0.13210422998845509, -0.04461498389378784], "aligned_model": [[-0.19302441117381877, 0.5073818271889644, 0.15531563980048682, -0.17069533102762946, -0.6382536565347707, -0.7418249899375083, 0.7012524330671636, -0.012490098555898721, 0.22201839584025945, -0.08716928320201403, 0.5138068569671265, -0.0016873160540904972], [-0.4904561819697123, -0.33818399396465115, -0.15243827686567388, 0.48785398886075937, -0.2177140616862462, 0.09497034236177745, -0.25729516622850845, -0.7373292833015416, -0.03392628053808122, 0.6254783098860317, 0.38975777237881304, -0.02166361186398097], [-0.34997402052866505, -0.2413717076807294, -0.7159760580928217, -0.3784414387803874, 0.1408119253760524, -0.4347610557938099, 0.33650981208743175, 0.17179462113500335, 0.7199888535905445, 0.4292430736236985, 0.21071301624062985, -0.052113338420851606]], "inverted": true, "swapped": false, "error_lsq": 0.04448694089729157, "error_max": 0.25828511167121254, "target": "869.xyz", "model": "28.xyz", "model_rescale": 4.137296879288765, "target_rescale": 4.016462841747311},
{"mapping": [0, 5, 3, 9, 10, 2, 1, 4, 8, 7, 11], "R": [[0.3852924207599094, -0.5239233728042715, -0.7596407374110246], [0.9166436021571701, 0.12240650632321597, 0.3805011876907508], [-0.10636849688369432, -0.8429240455931606, 0.5274133068396765]], "T": [-0.009487507593033333, 0.04415985135009994, -0.011917414518737856], "aligned_model": [[0.5911126068662146, 0.0612895009016033, -0.08001236854775746, -0.6084350974504814, -0.2304326931853534, 0.5072955031128561, 0.6295137835117285, -0.2746112444526022, -0.5176992066371621, 0.0758438743412272, 0.06755435224962561], [-0.441449845434935, -0.7097619316041961, -0.15820504942263144, 0.1137815027750991, 0.7140908926366065, -0.24169116672422927, 0.44777068423563887, -0.4068717409179671, 0.44119524587599657, 0.16646946792833225, -0.00618024269976266], [0.23838011540917026, -0.21908921751324711, -0.587089318873265, -0.35531436476797207, -0.2804077947072169, -0.41926662036588136, 0.0750902780430888, 0.35444854696699674, 0.3275634434559498, 0.6785916788496592, -0.007152724714283718]], "inverted": false, "swapped": true, "error_lsq": 0.047864615919054596, "error_max": 0.27921659279127403, "target": "869.xyz", "model": "29.xyz", "model_rescale": 3.607286011436655, "target_rescale": 4.016462841747311},
