[{"mapping": [5, 0, 1, 11, 10, 6, 4, 7, 2, 8, 9, 13], "R": [[0.7987785301808671, -0.5681372928643688, -0.1979213888866989], [0.4086558650347171, 0.27093383834323564, 0.8715476115585014], [-0.4415350990519559, -0.7770552565277117, 0.44858877004204156]], "T": [0.03013717305428181, -0.14450263914899802, 0.01567795009679151], "aligned_model": [[-0.25177911267104675, 0.11854642038588584, 0.4026484006909369, -0.25088399522674093, -0.10302167011178803, -0.5922822023139394, 0.40988127504890287, -0.18102701184492304, 0.6223722673163709, 0.13114238422084806, -0.5462098862567114, 0.07825559322275354], [-0.3123087664588273, -0.6944064899894364, -0.08863389375223923, 0.7040728441866702, 0.36705004147544723, -0.5589377610361235, -0.2548663046441211, -0.2935277858035311, -0.06705658061159853, 0.23642151864075045, 0.05941755810116789, -0.04366934413110164], [-0.5753161006024488, 0.05421419395062262, -0.7045709574623756, -0.010730769019932869, -0.6676699546731776, 0.0673141179102359, 0.6586186877094488, 0.6748412687322267, 0.08377559847164792, 0.45321294282728186, 0.2697075181035784, -0.12144480059354529]], "inverted": false, "swapped": true, "error_lsq": 0.04950273715419218, "error_max": 0.31156699466309207, "target": "87.xyz", "model": "0.xyz", "model_rescale": 3.751011558992144, "target_rescale": 4.128757022913968},
{"mapping": [4, 2, 0, 8, 1, 5, 10, 6, 7, 11, 13, 12, 3, 14], "R": [[-0.24290130801048554, 0.47851834018864065, -0.8438122733581821], [-0.3241516341509772, 0.7798216815588574, 0.5355407202519401], [0.9142891624885674, 0.4036066687677796, -0.03430720452222173]], "T": [0.02242146983762002, 0.08946301394485213, -0.014523403740644075], "aligned_model": [[-0.3954792602298488, 0.7542144365844313, 0.6374618142660312, 0.1834609467785935, 0.08473142027174077, 0.10164747029470386, -0.726112598035559, -0.4454938604647282, 0.09708778119220962, -0.5598589158332639, 0.3668769525655557, 0.0810348874469391, 0.6514949743765582, 0.008188181725726136], [-0.27248015687001237, 0.34277527173439015, -0.3427132628762966, 0.010700588045358339, -0.6017271808547385, 0.5967606484029739, 0.3012334724603948, -0.40109088736922505, -0.3202754821271053, 0.1927202688060286, 0.7105491344436705, 0.3022274333732728, 0.18977257769446215, 0.1211207326249512], [-0.5801470337450546, -0.30443728036881645, 0.08771924380858613, -0.6534921191507782, -0.07823473809833414, -0.3701332994415203, -0.27395310570672216, 0.3081805764698942, 0.5014381554695687, 0.5212176537751827, 0.13747873322779017, 0.6948924638424355, 0.4069150933383914, 0.02789139085821041]], "inverted": false, "swapped": false, "error_lsq": 0.042530491824908374, "error_max": 0.2663196558842446, "target": "87.xyz", "model": "1.xyz", "model_rescale": 3.9405287249114394, "target_rescale": 4.128757022913968},
{"mapping": [3, 0, 2, 9, 7, 1, 5, 6, 8, 12, 11, 10, 13], "R": [[0.9802214843810686, 0.1619930256820526, -0.11368421697029235], [0.12816454064729316, -0.08190561366322203, 0.9883649735654939], [0.1507968569912616, -0.9833868669454687, -0.1010474039287112]], "T": [0.04337279326659475, -0.019586487599426175, -0.10278948076261067], "aligned_model": [[-0.3128431848521091, 0.1937188116575908, -0.36438589496095825, 0.5390111555176872, 0.6473744219833464, -0.6808092572037135, -0.0578535891267099, 0.6620550852584235, 0.10650198323933087, -0.6071578492623689, -0.06531675874722119, -0.4549279749279129, -0.10938366929145361], [0.7375883451867693, 0.45747489014501747, -0.09164642349543216, -0.3427424392234101, -0.19348435704414607, 0.27241982231568507, 0.38305850577109585, 0.29758890845656283, -0.5515741280110946, -0.512867870415229, -0.7774003209431882, -0.17410494486298622, -0.045477394307626914], [-0.048222642947373176, -0.350789478528323, -0.5385850823769434, 0.1942008319409237, -0.428729124660265, 0.12290299366693118, 0.4306333208713284, 0.1773187708585896, -0.3472194141932642, -0.026199446954520852, 0.35943929772445915, 0.5858339085457555, -0.017463584358653694]], "inverted": true, "swapped": true, "error_lsq": 0.04756652746519727, "error_max": 0.27557992492115735, "target": "87.xyz", "model": "2.xyz", "model_rescale": 3.932901565614263, "target_rescale": 4.128757022913968},
{"mapping": [6, 1, 10, 2, 12, 0, 4, 5, 9, 7, 3, 8, 11, 13], "R": [[0.7759263357996052, 0.6307723943865394, 0.008031680550843828], [-0.4976959124732245, 0.619950029422751, -0.6065976753385848], [-0.3876043086964374, 0.4666777769495808, 0.7949683970959818]], "T": [0.09677315303013853, 0.14263036926460948, 0.07440938813142924], "aligned_model": [[0.0067723605950714555, 0.5619942516807642, 0.5848020958038838, -0.07283893447121934, 0.09517010845277875, -0.022521758110951112, -0.6177976480616865, -0.41408434221734747, -0.19619691478926135, -0.5136394288943843, 0.24051160534223123, 0.22004014173946151, 0.8797410439694322, 0.08730164990031578], [-0.3624145839047518, 0.321288231001982, -0.3605981630249614, 0.17721120522845507, -0.6173795448457652, 0.673340077080731, 0.26564739169378615, -0.3629496970622085, -0.23412983484010041, 0.314345290249462, 0.6043589145820313, 0.31893712601609897, 0.06427347428607111, 0.027643271027294358], [-0.3767244205340003, -0.4736958195813678, -0.07301596791717392, -0.740597212293238, 0.1486533835893737, -0.3168274446803263, -0.41291164256335056, 0.05981138357250827, 0.6329908301376233, 0.4025145741412605, 0.23821258055209266, 0.7761984608236562, 0.49693770331850073, 0.06378932571327557]], "inverted": false, "swapped": false, "error_lsq": 0.05302035561045026, "error_max": 0.3196329356735152, "target": "87.xyz", "model": "3.xyz", "model_rescale": 3.9243930471874484, "target_rescale": 4.128757022913968},
{"mapping": [3, 5, 1, 2, 12, 0, 4, 10, 11, 9, 8, 7, 13], "R": [[0.940313254986258, 0.10125478941311353, 0.32489759943412194], [-0.31079057405918603, 0.6444428483202277, 0.6986434243051846], [-0.13863694158885198, -0.7579187838217353, 0.6374471864845519]], "T": [-0.11013583588816404, -0.09610012614793008, -0.07175734489977323], "aligned_model": [[-0.11774625322157702, -0.19840492362593415, 0.41382630840786233, 0.29264905265573976, 0.6891492816662371, -0.450024611294977, -0.17167952207452644, 0.39941410205131206, 0.31186145652377917, -0.41955001938878383, 0.06580027659898142, -0.5760328349307872, 0.03794357294402555], [-0.6074475716033406, 0.03555525668427552, -0.3036846385052431, -0.4944239119192423, 0.07443070173265441, -0.5255841965136073, -0.4866086405170029, 0.3742181610370835, 0.6738241543784375, 0.4588299806116728, 0.056014702215821874, -0.06804931736834209, -0.059245126551579624], [-0.7363225876226076, -0.7288609020374828, -0.6574336734651647, 0.12943928484902334, -0.005084933971781613, -0.17999105465709853, 0.5712620860966646, -0.5870643902679886, 0.09820016696341174, 0.1142691067277081, 0.4692137262760142, 0.46064121479392117, -0.16119772831365542]], "inverted": false, "swapped": true, "error_lsq": 0.04461772050980459, "error_max": 0.26864200236345204, "target": "87.xyz", "model": "4.xyz", "model_rescale": 3.8936222436046832, "target_rescale": 4.128757022913968},
{"mapping": [11, 10, 12, 8, 1, 5, 6, 0, 4, 9, 2, 13], "R": [[0.35049513286967793, 0.8151276585109152, -0.4612158520315409], [-0.567391917030256, 0.576602751100992, 0.5878738639465944], [0.7451305753513261, 0.05564321839434644, 0.664593302647056]], "T": [-0.0129590416722688, 0.021003682633829245, 0.09806036448545208], "aligned_model": [[-0.03289348313207291, -0.6857714355435178, -0.17460514320169895, 0.44612303205138715, -0.6933107413023575, -0.6332819008794747, -0.03445344764375362, 0.012668997147998157, 0.6574981453526532, 0.19460218521199746, 0.11213430960891338, -0.14116247545497693], [-0.5999543386131115, -0.27663601464371734, 0.08354518496610859, -0.08369100712822307, 0.3784778598628118, -0.1195231130004694, -0.35983607333571255, 0.33792093980590093, 0.36734030045897625, -0.6019410284103782, 0.5140062381433592, 0.029213957004262762], [-0.5451848626857643, -0.35483683663049514, -0.7034019060718713, -0.2555281082558374, -0.16647356092424148, 0.3268865573383189, 0.7432949835960625, 0.5569744501333038, 0.08083766832034407, 0.1826099068912987, -0.22237328277885327, -0.023520289656746782]], "inverted": true, "swapped": true, "error_lsq": 0.052783039572888664, "error_max": 0.36926162446182664, "target": "87.xyz", "model": "5.xyz", "model_rescale": 3.6523030999806103, "target_rescale": 4.128757022913968},
{"mapping": [1, 12, 2, 3, 0, 10, 8, 5, 11, 9, 7, 6, 13], "R": [[0.20404761976358826, 0.21248798903200988, 0.9556220086341393], [0.17090647666184217, 0.9534366356211097, -0.24849458362414018], [-0.9639271471972607, 0.21402671882882296, 0.15823090255547012]], "T": [0.12975241968307466, 0.08565652492570808, -0.005981842940350451], "aligned_model": [[0.2550004701464529, -0.44334481967594125, 0.12950289533274947, 0.7917278643534253, 0.6715626584035344, -0.26942601051159737, -0.3022666181485579, 0.3542818756077719, -0.733304873188489, -0.19754631601445077, 0.12951638897275597, 0.43296679382941783, 0.06241259555722298], [-0.45622082063180414, -0.06122200932507543, 0.3510223630647124, -0.3159934396887939, 0.21424416768961818, -0.6528419863051848, 0.485054836785625, -0.544304335683083, -0.1335732767497684, 0.09342180674925377, 0.6386901596490272, -0.041761646943350106, -0.035688914447993283], [0.5867459938400872, 0.5617935732199105, 0.5334238469250532, 0.3159605538322452, -0.046011402260250564, 0.1981218348755107, 0.01815683906139115, -0.10419331887353622, -0.08857162235838321, -0.58139963815848, -0.44807779531748926, -0.6795204800669892, 0.10368135476272002]], "inverted": true, "swapped": true, "error_lsq": 0.05413593014177675, "error_max": 0.33625078489680954, "target": "87.xyz", "model": "6.xyz", "model_rescale": 4.08911054899281, "target_rescale": 4.128757022913968},
{"mapping": [5, 3, 8, 4, 10, 6, 7, 12, 11, 13, 0, 1, 9, 14], "R": [[-0.7771213505217857, -0.6258882640145049, -0.06592637963747959], [0.48720868271067647, -0.5319851134551484, -0.6925456941989028], [0.3983843697417398, -0.5703119497529594, 0.7183551864603294]], "T": [0.004838238196502351, 0.0561360471374561, 0.04052901034701743], "aligned_model": [[-0.35025178679780894, 0.6178386484645179, 0.572903010339731, 0.2478616892909442, 0.05268834331980653, 0.02007399527385896, -0.634375462915096, -0.508285877414588, 0.033995163534109, -0.5670311388315984, 0.434132397483297, 0.12081868212398311, 0.6805623056519463, 0.11832426141598627], [-0.28320409539959246, 0.42344357536606414, -0.2870947324222638, -0.0539243737581627, -0.6607112572167858, 0.4786669660819849, 0.35470459964344825, -0.4156877203412048, -0.30713741146674456, 0.10550055222017532, 0.8921623857074801, 0.4419670036735873, 0.09062615764666188, 0.05026150775347714], [-0.5419317792309618, -0.29971665528828223, -0.1164551286533042, -0.6119093359146669, -0.01528503969173807, -0.22476038012242278, -0.27814265187467985, 0.1891489700824977, 0.5006521796568837, 0.49486708227920034, 0.07824729667251588, 0.6534148630636498, 0.4364642636982738, 0.16074204960186844]], "inverted": false, "swapped": false, "error_lsq": 0.041603449136468414, "error_max": 0.28473628130498324, "target": "87.xyz", "model": "7.xyz", "model_rescale": 3.964800864290218, "target_rescale": 4.128757022913968},
{"mapping": [12, 1, 2, 7, 4, 8, 9, 11, 6, 10, 5, 3, 0, 13], "R": [[0.10508395522212, -0.32610567986214445, -0.9394745594833978], [-0.28609337212627284, -0.9146808489956894, 0.2854987336328186], [-0.952422146309237, 0.23877610860840687, -0.18941495499968541]], "T": [0.11510580000910045, 0.033544709396692685, 0.06377830953028402], "aligned_model": [[-0.253331533360155, 0.6858085924066321, 0.5852774055980335, 0.3160012810056416, 0.04326895067912964, -0.13922181939296993, -0.5048419767947956, -0.5769740360509683, 0.03486785631604829, -0.49742601570661704, 0.002057670360687408, 0.3220289263539142, 0.7482830511094002, 0.07345587841510792], [-0.2722479047159945, 0.3826355913941551, -0.3929641203673774, 0.04180643510704876, -0.6658186946149629, 0.5873609038372958, 0.1680674107425314, -0.395850338650154, -0.29824967376329775, 0.4964655387827618, 0.8471037295839774, 0.2525879249104612, -0.014804814877954875, 0.09348117011963489], [-0.520533033695612, -0.2761536984187888, -0.1250009456470268, -0.6191755063058735, 0.09247833080928805, -0.4049035294520736, -0.20347648209587038, 0.21798180406135764, 0.5327987599095085, 0.3564267222438198, 0.22002351433120418, 0.7234491253342605, 0.39530246357373605, 0.0361182096309042]], "inverted": false, "swapped": false, "error_lsq": 0.051966852779711546, "error_max": 0.41858702610339404, "target": "87.xyz", "model": "8.xyz", "model_rescale": 4.121658175737393, "target_rescale": 4.128757022913968},
{"mapping": [8, 4, 2, 12, 7, 9, 0, 5, 3, 6, 11, 10, 13], "R": [[-0.6131712368380788, -0.2783522995478179, 0.7392841345862243], [-0.6117323308035588, -0.4248070820867927, -0.6673248822414392], [0.49980455156401493, -0.8614284301933314, 0.09020238295381688]], "T": [-0.015725558051390504, -0.08052042621849714, -0.062349163181932184], "aligned_model": [[-0.4469033510591167, -0.3254426723143583, 0.1869399137991702, 0.1345273933498954, -0.6088504097913365, -0.5640791770783727, 0.17003374417215195, 0.38677276621082557, 0.7612038253326079, -0.22356631527842688, -0.3985513879364454, 0.31722027614253123, 0.08743289088607142], [0.16010252876934686, -0.33467507286740017, 0.04054257689441752, 0.6819289654485006, -0.444235671929324, -0.03029737009422029, -0.6025154598630682, -0.09406277227417192, -0.3804129028982535, -0.560105903466906, 0.6983837429804582, 0.5940009587088992, 0.06173382000343222], [-0.3831737895499942, -0.702067256143605, -0.6152036145248345, -0.32403150596105307, -0.19353307317096677, 0.3051781884236863, -0.1309796867197246, 0.48053329215365914, 0.035764678484084746, 0.4748925259687976, 0.1532971851828951, 0.3625623032312838, -0.042163813415139806]], "inverted": true, "swapped": true, "error_lsq": 0.044479908259167596, "error_max": 0.23423468041102136, "target": "87.xyz", "model": "9.xyz", "model_rescale": 3.833441315466971, "target_rescale": 4.128757022913968},
{"mapping": [0, 2, 8, 13, 10, 5, 1, 12, 11, 6, 3, 7, 9, 14], "R": [[0.2516703944930343, -0.4914091953938244, -0.8337739593067865], [0.894039208573834, -0.21185974546356567, 0.39472692052200603], [-0.3706155772068862, -0.8447676905129051, 0.38602026241778986]], "T": [-0.03535900502808644, 0.08284617386764184, 0.07237593055683132], "aligned_model": [[-0.26842745835525245, 0.5239450878399297, 0.5976845685082305, 0.2604643006919293, 0.09321688599978287, -0.07960268507982587, -0.6893844632072266, -0.5215963415578876, 0.05830013128042432, -0.5812382031176949, 0.42040060421037456, 0.23084120655019572, 0.7503807598267448, 0.04426983734936522], [-0.20161906468643084, 0.3918256334058192, -0.3657437204130708, 0.04961393284906193, -0.715115169868044, 0.47697353378255725, 0.09961160560469956, -0.21154709127009394, -0.36092372883696056, 0.40818118556540717, 0.7686522084870502, 0.16042520083333095, 0.20234797477782446, 0.12689065725697424], [-0.5008444335455997, -0.25680620779854235, 0.14709074254434162, -0.6672663690477951, -0.07755764696934646, -0.4754756208774863, -0.27052136203391086, 0.27219063301068125, 0.5819181964024256, 0.3119643261472197, 0.34855542149350516, 0.6782083485674152, 0.23437120220947105, 0.09950850417645515]], "inverted": true, "swapped": false, "error_lsq": 0.05066936741333883, "error_max": 0.287699543391872, "target": "87.xyz", "model": "10.xyz", "model_rescale": 4.2482417240324, "target_rescale": 4.128757022913968},
{"mapping": [8, 7, 0, 6, 12, 1, 2, 5, 9, 10, 11, 13], "R": [[-0.4612150239039531, 0.3683503952395011, -0.8072166301880674], [0.8106110454216187, 0.5448791980914595, -0.214514317768485], [0.360819116408411, -0.7532759426757976, -0.5498953713390777]], "T": [0.04401087011779766, -0.03055926133429763, 0.08308883991923507], "aligned_model": [[-0.49454114885607275, -0.042807420674012504, 0.42556419077972646, 0.6094866411400324, -0.5623443635260145, 0.16436311870575734, -0.2951301107007528, 0.5575773657657004, 0.010363415472950686, -0.0017146890064355727, -0.49904959721494585, 0.004998200477073472], [-0.264891469377829, -0.7328327477376216, -0.1912787145778517, -0.433619114320994, 0.5142880852705317, 0.7594992482406373, 0.1575707619765109, 0.33183829093086364, -0.41318757533734896, 0.6677922265421365, 0.13344074848591236, 0.13751164995569193], [0.040753563058051084, 0.10695560829997802, 0.4576309645383413, -0.19906103197684324, -0.005552980408283004, 0.23130256389850654, 0.5424014546287548, -0.16556176865017172, -0.4561270937880286, -0.42346436966928913, -0.608243203302467, 0.044158583225807534]], "inverted": false, "swapped": true, "error_lsq": 0.04018082727974769, "error_max": 0.22039609094921772, "target": "87.xyz", "model": "11.xyz", "model_rescale": 3.6694154284099745, "target_rescale": 4.128757022913968},
{"mapping": [12, 1, 0, 1, 5, 2, 10, 7, 6, 9, 3, 11, 4, 13], "R": [[0.5125239698170951, -0.2731354045088527, -0.8140738487181068], [0.5520205273138019, 0.8309932185320983, 0.06872851066229492], [0.657717658108035, -0.4846104843660014, 0.5766802932782011]], "T": [-0.017540186616895333, 0.026153808205852093, 0.0948412427535174], "aligned_model": [[-0.1633651934564337, 0.5216661351947111, 0.5632221215010651, 0.5216661351947111, -0.0849953572739228, -0.06445249194456693, -0.591638321674629, -0.623211355840675, 0.16919910198434293, -0.6286722530783688, 0.45525320833802896, 0.019299583037493954, 0.6510859669022677, 0.09419695205506454], [-0.21156052668900102, 0.30533028173018045, -0.35513227424879296, 0.30533028173018045, -0.772590532863321, 0.5013576678338948, 0.1285102581749865, -0.3531387015298817, -0.3273056819400893, 0.33690596414951496, 0.7404292631332202, 0.2774585197956527, 0.25520190568150913, -0.0012232674699281937], [-0.5248324315559818, -0.49489643897496133, -0.07271152273051538, -0.49489643897496133, 0.04980714413606877, -0.35046101503973937, -0.1570779422669784, 0.29847067407181277, 0.4949033134027415, 0.5127371171157605, 0.008089408314010407, 0.788034882519242, 0.31428300182239344, 0.05388598243994219]], "inverted": false, "swapped": false, "error_lsq": 0.04836163078956723, "error_max": 0.4216265095339708, "target": "87.xyz", "model": "12.xyz", "model_rescale": 3.9764082729961374, "target_rescale": 4.128757022913968},
{"mapping": [8, 0, 1, 2, 10, 7, 3, 11, 13, 14, 4, 6, 5, 15], "R": [[0.46422106062790514, -0.512442349960244, -0.7224276052565584], [0.13255925633982674, 0.8466493595459887, -0.5153764697180102], [0.875743598565319, 0.14348414528298886, 0.4609614404961386]], "T": [0.17745982617298767, 0.013166068201110784, 0.0998502117496205], "aligned_model": [[-0.25369523356576257, 0.6322772149879771, 0.404145724615663, 0.2977112425312519, -0.03274877331760401, 0.07434005747303579, -0.5773523890351093, -0.5184841445716497, 0.011751914351432802, -0.48994098426904825, 0.2833437926749254, 0.05680781688349254, 0.8331807077754754, 0.11791728440500969], [-0.2352544673653304, 0.40308376092088966, -0.4553315886800374, -0.029015219889611213, -0.743104661634777, 0.544828869027951, 0.26947791158965073, -0.3667273385389974, -0.2581954155909492, 0.11774425302988008, 0.722360931380679, 0.36895605715601754, 0.3879289638997055, 0.10282110218305376], [-0.4021910102821026, -0.31028789820586744, -0.26408113782761294, -0.6875631801259292, -0.07339477909272138, -0.42715517574012596, -0.17034639449299177, 0.14329774158725944, 0.6227119327244974, 0.5269890662855927, 0.14102002419463736, 0.7650685083358661, 0.46372766814501004, 0.09754036877332296]], "inverted": false, "swapped": false, "error_lsq": 0.04357261297329955, "error_max": 0.28950141400064466, "target": "87.xyz", "model": "13.xyz", "model_rescale": 4.170626492500431, "target_rescale": 4.128757022913968},
{"mapping": [4, 2, 6, 2, 5, 0, 8, 12, 11, 10, 1, 9, 3, 13], "R": [[-0.8675144769462833, -0.2968458865283675, -0.39912548395185754], [0.39333140068955796, -0.9005640291819801, -0.18513464985007105], [-0.3044815947150292, -0.3175955745829994, 0.898011141069579]], "T": [0.02317675898274866, 0.14421502491792867, 0.011584430316627276], "aligned_model": [[-0.24056860413278155, 0.4180328264373078, 0.544448964657018, 0.4180328264373078, -0.017536989220908565, 0.06608505437741355, -0.6785998572645641, -0.5167388575424509, 0.21362736453622283, -0.3990919645118349, 0.24127866712852764, 0.058782987523347686, 0.6801753095813532, 0.05132650293313091], [-0.1653650853742882, 0.1670725088673362, -0.5155930620200525, 0.1670725088673362, -0.7507224649953619, 0.6482616280863764, 0.20869315394183546, -0.3435151840326547, -0.23626901936573272, 0.1883089234547267, 0.8306395787350508, 0.3872957156275336, 0.18444516535295075, 0.059248790343068916], [-0.5695021977686665, -0.5142467105053743, -0.008856778865099484, -0.5142467105053743, 0.16858477493769836, -0.3045710797548501, -0.22274107954299507, 0.09106078840761479, 0.5760488756282955, 0.38316639737761204, 0.28003807524528407, 0.7835626766144971, 0.21703039582044265, 0.060008307189748755]], "inverted": false, "swapped": false, "error_lsq": 0.04834090825722092, "error_max": 0.3385429314032499, "target": "87.xyz", "model": "14.xyz", "model_rescale": 3.9786697098870705, "target_rescale": 4.128757022913968},
{"mapping": [2, 8, 1, 3, 12, 10, 7, 9, 5, 0, 11, 13], "R": [[-0.1975057197623089, -0.6334886899273496, 0.7481200240571715], [-0.20894319929068794, -0.7184128918345816, -0.6634950311163196], [0.9577756679574525, -0.28735865495927615, 0.009527501700423824]], "T": [-0.025202697573580825, -0.13699798452918877, 0.06323708309859359], "aligned_model": [[-0.1504953667074766, -0.5832818650997342, 0.5913945674547143, 0.7188419642226281, -0.11538123301446099, 0.40284638837850745, -0.5573955948628442, -0.30799038925708155, 0.5979053214838482, 0.15453732428038094, -0.3249965249752495, 0.05737000486410423], [-0.31520927001029564, -0.0020758478783940437, 0.026315798561144466, -0.4812243869529136, 0.38737272045418336, 0.5928076510876378, -0.4188267968745223, 0.1631215373319585, 0.03255206356131837, -0.6555155508094822, 0.7053516821022247, -0.019995110348420372], [-0.49704862380571885, -0.06747556490917249, -0.44052957050215785, -0.11307745228634726, -0.5606906917932768, -0.11151844831140258, 0.4355787656442221, 0.5811654517702126, 0.26298400863342475, 0.16584575854051076, 0.04531032757548485, -0.040577466681949156]], "inverted": true, "swapped": true, "error_lsq": 0.05044225778350699, "error_max": 0.2531204579566469, "target": "87.xyz", "model": "15.xyz", "model_rescale": 3.769337070930944, "target_rescale": 4.128757022913968},
{"mapping": [1, 0, 12, 2, 10, 5, 11, 6, 8, 4, 13], "R": [[0.4725133415422379, -0.7345445299510751, -0.4870066483976813], [-0.6201615210288336, 0.11550755253020073, -0.7759237676110242], [0.6262035051800592, 0.6686571160373882, -0.40095739333845765]], "T": [-0.024772690523550245, -0.06881542648015024, 0.1013471995104606], "aligned_model": [[-0.2292012372631842, -0.3457557185489499, -0.04225031254821232, -0.5289942051006671, 0.4122332221192899, 0.23915410479677923, 0.5946513317259956, 0.3441144557950992, -0.01371282775909427, -0.5030572986515568, -0.004555383874328654], [0.015023374197026568, -0.520504663421639, 0.6693957858800764, 0.25322051455811534, 0.2244360801403075, -0.43135560616213564, 0.5747123346057156, -0.6862607792548311, 0.38631303373872594, 0.09219599487674177, 0.01888842846723912], [-0.6808448773138215, 0.1694809739847028, -0.25519369779943957, 0.042771560461904674, -0.5837886758463322, -0.4044362732423357, 0.05734072546644263, 0.31232623290395906, 0.4748146019283, 0.6626649968085696, -0.05091796012817314]], "inverted": true, "swapped": true, "error_lsq": 0.05037461125205222, "error_max": 0.32997199601809396, "target": "87.xyz", "model": "16.xyz", "model_rescale": 3.7852294659196426, "target_rescale": 4.128757022913968},
{"mapping": [9, 10, 12, 11, 6, 5, 3, 1, 8, 4, 0, 2, 13], "R": [[0.4058211886296582, -0.7725080463504989, 0.4884060617794861], [-0.12239630120831296, -0.5755118055212513, -0.8085822822423169], [0.9057197736108755, 0.2683607274349308, -0.3281070125139959]], "T": [0.013123712479664599, 0.14953498581793098, -0.10793765787934066], "aligned_model": [[-0.13037778217123716, -0.31756291639941936, 0.39026882743973157, 0.13328410280057768, -0.5269927623515337, -0.6172276407136027, -0.4044272280381077, -0.17838296448592317, 0.5061316529109605, 0.6356021518077678, -0.11347079922547734, 0.4809770858020986, -0.004055877159551784], [-0.22531377052730037, -0.4628081575428762, -0.35625637870407334, -0.7362724567241947, 0.2918288394347406, 0.11074914051755683, 0.6533002465918706, 0.14387989960785727, -0.0974330520439659, 0.486913615962718, 0.6900617714522642, 0.318961470307607, 0.057444455370670305], [-0.634422350861085, 0.4039842207119944, 0.415817371325409, -0.1335759831110045, -0.6077929326865784, 0.13302392871390933, 0.41651716798377497, 0.6819595714773043, -0.3145583138666806, -0.3695762755113801, -0.16709935064753462, 0.22938337021863958, 0.04209427339640569]], "inverted": false, "swapped": true, "error_lsq": 0.04681532427771187, "error_max": 0.355392051499301, "target": "87.xyz", "model": "17.xyz", "model_rescale": 3.901054581598922, "target_rescale": 4.128757022913968},
{"mapping": [4, 2, 0, 8, 1, 5, 10, 6, 7, 11, 13, 12, 3, 14], "R": [[-0.24290130801048554, 0.47851834018864065, -0.8438122733581821], [-0.3241516341509772, 0.7798216815588574, 0.5355407202519401], [0.9142891624885674, 0.4036066687677796, -0.03430720452222173]], "T": [0.02242146983762002, 0.08946301394485213, -0.014523403740644075], "aligned_model": [[-0.3954792602298488, 0.7542144365844313, 0.6374618142660312, 0.1834609467785935, 0.08473142027174077, 0.10164747029470386, -0.726112598035559, -0.4454938604647282, 0.09708778119220962, -0.5598589158332639, 0.3668769525655557, 0.0810348874469391, 0.6514949743765582, 0.008188181725726136], [-0.27248015687001237, 0.34277527173439015, -0.3427132628762966, 0.010700588045358339, -0.6017271808547385, 0.5967606484029739, 0.3012334724603948, -0.40109088736922505, -0.3202754821271053, 0.1927202688060286, 0.7105491344436705, 0.3022274333732728, 0.18977257769446215, 0.1211207326249512], [-0.5801470337450546, -0.30443728036881645, 0.08771924380858613, -0.6534921191507782, -0.07823473809833414, -0.3701332994415203, -0.27395310570672216, 0.3081805764698942, 0.5014381554695687, 0.5212176537751827, 0.13747873322779017, 0.6948924638424355, 0.4069150933383914, 0.02789139085821041]], "inverted": false, "swapped": false, "error_lsq": 0.042530491824908374, "error_max": 0.2663196558842446, "target": "87.xyz", "model": "18.xyz", "model_rescale": 3.9405287249114394, "target_rescale": 4.128757022913968},
{"mapping": [10, 6, 1, 2, 3, 5, 11, 14, 12, 13, 8, 4, 0, 15], "R": [[0.36716632244998637, 0.5892649219722831, 0.7196914223412364], [0.14443635392806486, -0.8004665786534457, 0.5817141876581778], [0.9188726959282877, -0.1096362540031632, -0.37901564675569066]], "T": [0.005248438554595489, 0.1128905170954761, 0.16678907765275514], "aligned_model": [[-0.2884363117869055, 0.5882748157900951, 0.5440420997054817, 0.2258240205493523, 0.09843075609106654, 0.07184272729114531, -0.594804041096144, -0.5757436839460867, 0.018545813198257086, -0.6115831291908875, 0.4277524476853465, 0.2799575990624575, 0.6495680341854966, 0.005583083400414744], [-0.27750637865783884, 0.32151907464265517, -0.236539676906452, 0.044114761305375616, -0.7157045235994814, 0.6459212919865838, 0.229966686891452, -0.398393150329642, -0.2970979056682573, 0.16687289707065311, 0.7307713933607463, 0.25730954907642456, 0.25352689085210117, 0.10481224746380505], [-0.44903846975767997, -0.25134705330898355, 0.01473857879517998, -0.6710304679871286, -0.0069230667362283616, -0.46780215809315867, -0.2145813381252898, 0.13893002001149257, 0.5299305586717722, 0.42743167788693065, 0.05730967068477222, 0.8288638838120213, 0.3610773351944041, 0.12777656323073117]], "inverted": true, "swapped": false, "error_lsq": 0.03828348129473736, "error_max": 0.21616553965621946, "target": "87.xyz", "model": "19.xyz", "model_rescale": 4.410303926677745, "target_rescale": 4.128757022913968},
{"mapping": [12, 1, 2, 7, 4, 8, 9, 11, 6, 10, 5, 3, 0, 13], "R": [[0.10508395522212, -0.32610567986214445, -0.9394745594833978], [-0.28609337212627284, -0.9146808489956894, 0.2854987336328186], [-0.952422146309237, 0.23877610860840687, -0.18941495499968541]], "T": [0.11510580000910045, 0.033544709396692685, 0.06377830953028402], "aligned_model": [[-0.253331533360155, 0.6858085924066321, 0.5852774055980335, 0.3160012810056416, 0.04326895067912964, -0.13922181939296993, -0.5048419767947956, -0.5769740360509683, 0.03486785631604829, -0.49742601570661704, 0.002057670360687408, 0.3220289263539142, 0.7482830511094002, 0.07345587841510792], [-0.2722479047159945, 0.3826355913941551, -0.3929641203673774, 0.04180643510704876, -0.6658186946149629, 0.5873609038372958, 0.1680674107425314, -0.395850338650154, -0.29824967376329775, 0.4964655387827618, 0.8471037295839774, 0.2525879249104612, -0.014804814877954875, 0.09348117011963489], [-0.520533033695612, -0.2761536984187888, -0.1250009456470268, -0.6191755063058735, 0.09247833080928805, -0.4049035294520736, -0.20347648209587038, 0.21798180406135764, 0.5327987599095085, 0.3564267222438198, 0.22002351433120418, 0.7234491253342605, 0.39530246357373605, 0.0361182096309042]], "inverted": false, "swapped": false, "error_lsq": 0.051966852779711546, "error_max": 0.41858702610339404, "target": "87.xyz", "model": "20.xyz", "model_rescale": 4.121658175737393, "target_rescale": 4.128757022913968},
{"mapping": [1, 12, 2, 3, 0, 10, 8, 5, 11, 9, 7, 6, 13], "R": [[0.20404761976358826, 0.21248798903200988, 0.9556220086341393], [0.17090647666184217, 0.9534366356211097, -0.24849458362414018], [-0.9639271471972607, 0.21402671882882296, 0.15823090255547012]], "T": [0.12975241968307466, 0.08565652492570808, -0.005981842940350451], "aligned_model": [[0.2550004701464529, -0.44334481967594125, 0.12950289533274947, 0.7917278643534253, 0.6715626584035344, -0.26942601051159737, -0.3022666181485579, 0.3542818756077719, -0.733304873188489, -0.19754631601445077, 0.12951638897275597, 0.43296679382941783, 0.06241259555722298], [-0.45622082063180414, -0.06122200932507543, 0.3510223630647124, -0.3159934396887939, 0.21424416768961818, -0.6528419863051848, 0.485054836785625, -0.544304335683083, -0.1335732767497684, 0.09342180674925377, 0.6386901596490272, -0.041761646943350106, -0.035688914447993283], [0.5867459938400872, 0.5617935732199105, 0.5334238469250532, 0.3159605538322452, -0.046011402260250564, 0.1981218348755107, 0.01815683906139115, -0.10419331887353622, -0.08857162235838321, -0.58139963815848, -0.44807779531748926, -0.6795204800669892, 0.10368135476272002]], "inverted": true, "swapped": true, "error_lsq": 0.05413593014177675, "error_max": 0.33625078489680954, "target": "87.xyz", "model": "21.xyz", "model_rescale": 4.08911054899281, "target_rescale": 4.128757022913968},
{"mapping": [2, 11, 14, 1, 3, 8, 0, 13, 12, 7, 5, 10, 9, 16], "R": [[0.1364521079227251, -0.6572110356239969, -0.741251965864158], [0.6367590022309533, -0.5150170584948407, 0.5738426635735298], [-0.7588931382752689, -0.550300903245993, 0.34820988005132514]], "T": [0.05947602333725519, 0.07346052692890014, -0.03512113560187939], "aligned_model": [[0.02423071193816282, 0.5994899837001078, 0.3985504654667193, -0.0010572163372568819, -0.04965056684060256, 0.10680961121049085, -0.6714789616503224, -0.34478136553723226, 0.09011979804511307, -0.45205356633169347, 0.4652646550078382, 0.06855888086988535, 0.5908792386354579, 0.01437256276242175], [-0.35874232528161154, 0.4410339786827203, -0.4383755185504299, 0.28491150074972177, -0.7843842385514603, 0.7027516612841898, 0.1884490330423897, -0.3464025444316703, -0.2511690891918883, 0.18178935015581, 0.5824697950518595, 0.47082969457428314, 0.09811068828335157, 0.058301171670859644], [-0.6123665703510269, -0.43407941717710535, 0.15162728123140368, -0.7977629872142689, 0.04533114185859553, -0.3223740167727268, -0.2643848517954209, 0.2763606951303292, 0.62718247864389, 0.4469561745474612, 0.23686085887572056, 0.6671257266330433, 0.4387465715469094, -0.033887350877970006]], "inverted": true, "swapped": false, "error_lsq": 0.04523615325031122, "error_max": 0.26953719197071613, "target": "87.xyz", "model": "22.xyz", "model_rescale": 4.204369325754507, "target_rescale": 4.128757022913968},
{"mapping": [10, 6, 1, 2, 3, 5, 11, 14, 12, 13, 8, 4, 0, 15], "R": [[0.36716632244998637, 0.5892649219722831, 0.7196914223412364], [0.14443635392806486, -0.8004665786534457, 0.5817141876581778], [0.9188726959282877, -0.1096362540031632, -0.37901564675569066]], "T": [0.005248438554595489, 0.1128905170954761, 0.16678907765275514], "aligned_model": [[-0.2884363117869055, 0.5882748157900951, 0.5440420997054817, 0.2258240205493523, 0.09843075609106654, 0.07184272729114531, -0.594804041096144, -0.5757436839460867, 0.018545813198257086, -0.6115831291908875, 0.4277524476853465, 0.2799575990624575, 0.6495680341854966, 0.005583083400414744], [-0.27750637865783884, 0.32151907464265517, -0.236539676906452, 0.044114761305375616, -0.7157045235994814, 0.6459212919865838, 0.229966686891452, -0.398393150329642, -0.2970979056682573, 0.16687289707065311, 0.7307713933607463, 0.25730954907642456, 0.25352689085210117, 0.10481224746380505], [-0.44903846975767997, -0.25134705330898355, 0.01473857879517998, -0.6710304679871286, -0.0069230667362283616, -0.46780215809315867, -0.2145813381252898, 0.13893002001149257, 0.5299305586717722, 0.42743167788693065, 0.05730967068477222, 0.8288638838120213, 0.3610773351944041, 0.12777656323073117]], "inverted": true, "swapped": false, "error_lsq": 0.03828348129473736, "error_max": 0.21616553965621946, "target": "87.xyz", "model": "23.xyz", "model_rescale": 4.410303926677745, "target_rescale": 4.128757022913968},
{"mapping": [10, 0, 4, 1, 8, 7, 11, 9, 15, 14, 12, 6, 5, 16], "R": [[0.8294627335615478, 0.29337308326347034, 0.47531443029755593], [0.04683495092864609, -0.884493684239208, 0.4641954436575868], [0.5565950601686261, -0.3627714935843739, -0.747394663105408]], "T": [0.039514231741543594, 0.09986371347539469, 0.007635660820342349], "aligned_model": [[-0.12615410200890448, 0.6358914513861833, 0.5009132561058489, 0.0002721387710159853, 0.07458471101675526, -0.029531566124309593, -0.537246544320792, -0.39177072641282434, -0.08608940773963483, -0.4900443929275811, 0.5525539694458598, 0.0977914954856238, 0.5330865200606887, 0.10499742820115981], [-0.40978495724351804, 0.4565317959429717, -0.40861582805487884, 0.22814729755342888, -0.7167934901577515, 0.6658586101206483, 0.14655076565757086, -0.33318772681290476, -0.2058317705922364, 0.21038151179523212, 0.6680017017194827, 0.4217128083345315, 0.02654420120413717, 0.08005823802141107], [-0.36195354614113046, -0.2881816847224748, -0.041799844153113094, -0.8399129984115178, 0.09451339382455339, -0.33414402179829195, -0.2490525020646534, 0.1450391489944009, 0.640160907434648, 0.4144568369010823, 0.25296256239035925, 0.693868136318737, 0.3905360117625167, -0.09115666605628214]], "inverted": true, "swapped": false, "error_lsq": 0.042053325146147603, "error_max": 0.25603325787695846, "target": "87.xyz", "model": "24.xyz", "model_rescale": 4.28219845311461, "target_rescale": 4.128757022913968},
{"mapping": [9, 4, 13, 3, 12, 1, 5, 11, 14, 10, 0, 6, 2, 15], "R": [[0.72512621690937, 0.4370084169709104, -0.5321800569800453], [-0.5886842364522594, -0.007563935588361583, -0.808327691367205], [-0.35727138047054063, 0.8994256113626039, 0.25177515826959623]], "T": [0.08878194699874688, 0.017783745115498267, -0.04102524772500252], "aligned_model": [[-0.1702728440940421, 0.6744228566394964, 0.4859138076547536, 0.11006638115776328, -0.030641403406790044, -0.08168896286313172, -0.6849822687608259, -0.3395972550429299, 0.048737580848369835, -0.4440557753368105, 0.49505187447735755, 0.04908609864367147, 0.5967149542479263, 0.1304991867742808], [-0.36068385334385356, 0.33235589612969463, -0.4230574281867434, 0.32192467213634623, -0.7174673985772583, 0.5763315621017833, 0.23135055154499626, -0.2863143046793447, -0.2734138414223981, 0.05892678665750348, 0.6881523891023728, 0.5529730681377888, 0.05224649532336045, 0.0762485625638773], [-0.5375396745115278, -0.34552099447225826, -0.011668781479804838, -0.7531281997152706, 0.13091578667177475, -0.30340170222766916, -0.3255579145940637, 0.1021274910462269, 0.6616446884674801, 0.5455717439283868, 0.1850384583879639, 0.6829870195103909, 0.4167917499747713, -0.0229239367075664]], "inverted": false, "swapped": false, "error_lsq": 0.037904229129852106, "error_max": 0.25553211678350257, "target": "87.xyz", "model": "25.xyz", "model_rescale": 4.100010024507729, "target_rescale": 4.128757022913968},
{"mapping": [8, 7, 0, 6, 12, 1, 2, 5, 9, 10, 11, 13], "R": [[-0.4612150239039531, 0.3683503952395011, -0.8072166301880674], [0.8106110454216187, 0.5448791980914595, -0.214514317768485], [0.360819116408411, -0.7532759426757976, -0.5498953713390777]], "T": [0.04401087011779766, -0.03055926133429763, 0.08308883991923507], "aligned_model": [[-0.49454114885607275, -0.042807420674012504, 0.42556419077972646, 0.6094866411400324, -0.5623443635260145, 0.16436311870575734, -0.2951301107007528, 0.5575773657657004, 0.010363415472950686, -0.0017146890064355727, -0.49904959721494585, 0.004998200477073472], [-0.264891469377829, -0.7328327477376216, -0.1912787145778517, -0.433619114320994, 0.5142880852705317, 0.7594992482406373, 0.1575707619765109, 0.33183829093086364, -0.41318757533734896, 0.6677922265421365, 0.13344074848591236, 0.13751164995569193], [0.040753563058051084, 0.10695560829997802, 0.4576309645383413, -0.19906103197684324, -0.005552980408283004, 0.23130256389850654, 0.5424014546287548, -0.16556176865017172, -0.4561270937880286, -0.42346436966928913, -0.608243203302467, 0.044158583225807534]], "inverted": false, "swapped": true, "error_lsq": 0.04018082727974769, "error_max": 0.22039609094921772, "target": "87.xyz", "model": "26.xyz", "model_rescale": 3.6694154284099745, "target_rescale": 4.128757022913968},
{"mapping": [9, 8, 10, 8, 11, 7, 3, 12, 2, 6, 5, 0, 4, 13], "R": [[-0.8384171790087712, 0.5136452146579704, 0.18227788511484688], [-0.059848083943651764, 0.24565168592827918, -0.9675088919740571], [-0.5417331822874131, -0.8220850580442156, -0.17521791161063122]], "T": [0.04888836429498747, 0.11499142426188758, 0.04433576515496489], "aligned_model": [[-0.12085098111256865, 0.5115757065621652, 0.444861913236691, 0.5115757065621652, -0.07366510454765213, -0.1845616581745931, -0.6801658454369329, -0.5555813212213513, 0.07016172933367931, -0.49633709473091414, 0.24943069075167112, 0.2822972532943312, 0.8284304150370924, 0.05208282138530603], [-0.21182078645782687, 0.2215238258977985, -0.3177811041831809, 0.2215238258977985, -0.7303142083114632, 0.5435312802917127, 0.21942499178932862, -0.3928790025559965, -0.25225844644266093, 0.14234662888728253, 0.8749482850363133, 0.3822910984577363, 0.04357075138266264, 0.0854660177986202], [-0.5294637372981656, -0.3833656062918304, -0.08909439280945948, -0.3833656062918304, 0.12566536652860516, -0.3531352445065355, -0.2879364268491191, 0.12444095982452366, 0.6160040453758511, 0.4604743519434157, 0.135037720935263, 0.6020135554999153, 0.29482298778158583, 0.0932377604366148]], "inverted": false, "swapped": false, "error_lsq": 0.05061899225157613, "error_max": 0.483687771939748, "target": "87.xyz", "model": "27.xyz", "model_rescale": 4.103607728864725, "target_rescale": 4.128757022913968},
