[{"mapping": [8, 3, 2, 7, 11, 10, 0, 5, 1, 6, 9, 13], "R": [[0.2756860866090125, 0.63956314055002, 0.7176044668896675], [-0.8700541779806423, -0.15135260364099404, 0.46914615712965335], [0.4086598940789728, -0.7536918326616575, 0.5147287755220948]], "T": [0.04119273375498671, -0.007994089838453428, -0.06289556479882961], "aligned_model": [[-0.2049332619904201, 0.17532982755267668, 0.5029937833917082, -0.2618060555251328, 0.07831480734564411, -0.624272785672709, 0.40314342883259774, -0.21495577721238834, 0.45035544068717603, 0.3950485892055518, -0.7259993950417397, -0.13557613911241545], [-0.32714482143392554, -0.6701188968077662, -0.20299517016107957, 0.6844832135356128, 0.3631409373722887, -0.6035532331801676, -0.31167405375415, -0.4524051222734822, 0.08642475142916703, 0.3889769781803878, 0.16122579312693353, -0.06280534005676171], [-0.4752441488236937, 0.014230291972415154, -0.6288137092377362, 0.03851612853439554, -0.6135237619576243, 0.058974268644434905, 0.4860505626348066, 0.6500743455092044, -0.07693238878791765, 0.4306641915727837, 0.24745379653740657, 0.05050216875508738]], "inverted": true, "swapped": true, "error_lsq": 0.045048034295821264, "error_max": 0.2536919545262626, "target": "870.xyz", "model": "0.xyz", "model_rescale": 3.751011558992144, "target_rescale": 3.817044162465088},
{"mapping": [5, 8, 4, 10, 13, 9, 2, 0, 6, 12, 11, 1, 7, 14], "R": [[0.35380288784911085, -0.15926835911215842, -0.9216599732739562], [0.37899955733365975, 0.9252847142881726, -0.014406007272824733], [0.8550923061813381, -0.34421183490748153, 0.3877310415985613]], "T": [-0.046020259489828456, 0.12840299310304223, -0.0036048670500951688], "aligned_model": [[-0.472251147289168, -0.07502237876023424, -0.20264027355600853, -0.7373473532423748, -0.24471288739312871, -0.6201126664235687, 0.13458327175372148, 0.6788628154033537, 0.11911668602089306, 0.04052480633484743, -0.324277555607858, 0.48008499003443994, 0.4501133336541253, -0.06563517520800524], [0.20075542584031447, -0.3200612980129117, -0.6446512038146597, -0.20496660639975148, 0.7299593085400699, 0.44901529685361585, 0.334776185701737, 0.16982834543227, -0.09880215278395588, 0.7865190744677267, 0.36411960692011336, -0.30337421291555466, 0.28507565358560316, 0.17250581084974786], [-0.4543580176307711, -0.4919253650957565, 0.054972856801592786, 0.2851602757560709, -0.3587857185543489, 0.039001239543543335, -0.7836885624745606, -0.22345251069743888, 0.6926948932399666, 0.3301139953293116, 0.7061426542942013, 0.14628596062664226, 0.40746952890352056, 0.022356816091357274]], "inverted": false, "swapped": false, "error_lsq": 0.04508025922080542, "error_max": 0.24508594904256645, "target": "870.xyz", "model": "1.xyz", "model_rescale": 3.9405287249114394, "target_rescale": 3.817044162465088},
{"mapping": [12, 8, 10, 1, 3, 9, 11, 2, 0, 4, 6, 7, 13], "R": [[0.32849495678579127, 0.934938215678345, 0.1340954743102596], [-0.5033867830771068, 0.29343211770623395, -0.8127111042195234], [-0.79918258864266, 0.19946960962168467, 0.5670265115916449]], "T": [0.0515035341859255, -0.025299136272716502, 0.05778608249734146], "aligned_model": [[-0.32779206771323544, 0.18140533706242867, -0.31479509031684755, 0.34522167148877103, 0.35937680619160567, -0.7678138951011861, 0.22147124752521974, 0.7687023879082989, 0.17096711357973943, -0.46426835261849725, -0.06293467319096692, -0.48945989278080887, -0.12409731275058995], [0.5414557817420096, 0.45080542394103923, 0.21994950667657925, -0.23089677365082983, -0.17028901305290306, 0.12439387997257924, 0.4248136281118972, 0.20387179298054164, -0.6863917141729131, -0.8242544286164021, -0.626648895077539, 0.05938917130942235, -0.027365766591464516], [0.1392207266356374, -0.24040264861100186, -0.7283854814042559, 0.27684164184697746, -0.5308924390533611, -0.08309261821368144, 0.5169376305040814, 0.12601706066895646, -0.21287372910955554, -0.11636948630399913, 0.4472518610556407, 0.5886381096964737, -0.06977027812326819]], "inverted": true, "swapped": true, "error_lsq": 0.049686348695337584, "error_max": 0.2947052537096147, "target": "870.xyz", "model": "2.xyz", "model_rescale": 3.932901565614263, "target_rescale": 3.817044162465088},
{"mapping": [1, 3, 8, 10, 2, 6, 0, 7, 9, 5, 12, 8, 9, 13], "R": [[-0.9770164241978752, 0.011483788449979646, 0.21285447951695607], [-0.08119180188768721, -0.9433261134211495, -0.3217821235618596], [0.19709591105304214, -0.33166845846505427, 0.9225774956639612]], "T": [-0.09149915849056034, 0.10004457384647202, -0.08858374594209495], "aligned_model": [[-0.6781857145406693, 0.05963665469066465, 0.26865521225274125, -0.7219723415062197, -0.4027563790284332, -0.45764110439465144, -0.025273270962371253, 0.6098637844665781, 0.29978285579105224, 0.09896548338346015, -0.326062231048433, 0.26865521225274125, 0.29978285579105224, -0.1321645514264766], [0.09457816706090201, -0.26501012778946825, -0.5093402034798099, 0.05135729810637155, 0.7416408602785521, 0.635676534767585, 0.25352301085221657, 0.2252749472289925, 0.05393863157944852, 0.623777742563328, 0.31716960035820746, -0.5093402034798099, 0.05393863157944852, 0.15351434463840116], [-0.5408421060185791, -0.41196975192992924, 0.10564742542183236, 0.24798505085930617, -0.5194816469324597, 0.12526371972240066, -0.7374356784647502, -0.04221648188523172, 0.5315497612773096, 0.36553790498006666, 0.6049338803761001, 0.10564742542183236, 0.5315497612773096, 0.005818782028122971]], "inverted": false, "swapped": false, "error_lsq": 0.0613814225782844, "error_max": 0.42630438426463146, "target": "870.xyz", "model": "3.xyz", "model_rescale": 3.9243930471874484, "target_rescale": 3.817044162465088},
{"mapping": [3, 1, 8, 10, 12, 0, 5, 11, 7, 6, 9, 4, 13], "R": [[0.49648483550319966, -0.05142526063018604, 0.8665207733715784], [0.8671339316664751, -0.016351492163723114, -0.49780656208678153], [0.03976873983421825, 0.9985429741744405, 0.03647432054008848]], "T": [0.040046070953279125, 0.00010927271467547905, -0.2970831128987463], "aligned_model": [[-0.12204208208665342, -0.24560536870822525, 0.49661079768891625, 0.4287184914304071, 0.6702022160158108, -0.6055188744292404, -0.2721808453380169, 0.3983106348540136, 0.20245477834570436, -0.5491819415074091, 0.3864456315964745, -0.6004042522462508, 0.08939670069582165], [-0.6436944610629558, 0.1473418695369969, -0.3005355087582344, -0.6858868232215682, 0.1775358910089966, -0.31324868688150614, -0.549564665111905, 0.43146395171954, 0.6323857874511927, 0.3823350798717732, 0.03391740113404998, -0.09504922564448262, -0.08917105636031003], [-0.44403412765339983, -0.5677339732527511, -0.48046227114968476, 0.13964381893539274, -0.08940326327334952, -0.19897925249370033, 0.31268096708864196, -0.6547006620072313, 0.09721022234027715, -0.11510781219832433, 0.47259228114686164, 0.4208643811632809, -0.10549999327504953]], "inverted": false, "swapped": true, "error_lsq": 0.04679958722478531, "error_max": 0.23785338758665361, "target": "870.xyz", "model": "4.xyz", "model_rescale": 3.8936222436046832, "target_rescale": 3.817044162465088},
{"mapping": [11, 1, 8, 12, 3, 0, 4, 5, 9, 7, 10, 13], "R": [[-0.6704302272784395, -0.6152384669917101, -0.4147347816196166], [0.6619352071017561, -0.24342026095829994, -0.7089346642351104], [0.3352090272509614, -0.7498187816323916, 0.5704443029435744]], "T": [-0.1967945363545061, -0.1827574594120108, -0.16047538737943226], "aligned_model": [[-0.03739721504120133, -0.5093616330713162, -0.12519629912177085, 0.42048077232307973, -0.6351706442402136, -0.6732070632172182, -0.18352269543402222, -0.2035053332417977, 0.549378179952327, 0.399876853951547, 0.09623572453901191, -0.07106260518332833], [-0.5731950296272703, -0.4634979625969754, 0.17732853242487132, -0.1254114196562384, 0.33662174666653155, -0.04359386170880211, -0.0949405770964312, 0.39156666007077934, 0.06711217683985429, -0.631313617294663, 0.6679365991998972, -0.039690342111746685], [-0.674733752405496, -0.15691860799711393, -0.6050856896835032, -0.4560942585652501, -0.1399316280462412, 0.36700567796602246, 0.8022251963667553, 0.5040139574643154, 0.14665211005270104, -0.004276671783100233, -0.10718193645293853, -0.05638967764063277]], "inverted": true, "swapped": true, "error_lsq": 0.045780375561702814, "error_max": 0.2721551595228093, "target": "870.xyz", "model": "5.xyz", "model_rescale": 3.6523030999806103, "target_rescale": 3.817044162465088},
{"mapping": [2, 3, 0, 1, 6, 8, 5, 11, 10, 9, 4, 7, 13], "R": [[-0.49394161157812344, 0.32241839542474093, 0.8075073142971164], [0.5238939947563865, -0.6308427367085467, 0.5723395179439095], [0.6939429130770064, 0.7057505365451782, 0.1426864168601616]], "T": [0.1552625375297688, -0.17722456220697436, 0.052251342686323005], "aligned_model": [[0.32357458041346443, -0.2629474934563013, 0.14358120874603483, 0.49316483234989084, 0.6722933492179578, -0.23504187136010654, -0.3695954904867894, 0.47744482968100954, -0.7330240339746606, -0.22352555777878438, 0.11802359173293572, 0.48164251078870857, -0.0045075512090643755], [-0.6462237581861824, -0.020174857062623064, 0.44580981126640995, -0.1376472734538493, 0.32573551761051056, -0.5910656938843534, 0.52640412954664, -0.7475771288644288, -0.10353593379079551, -0.0036990083990990907, 0.7671696070050853, -0.18696569031019905, -0.08740281731393226], [0.6208107392043275, 0.5648780858592098, 0.42139006051996375, 0.29879088947008836, -0.025924908600872515, 0.14640300831160447, 0.022755020998961744, -0.06267119038774067, -0.08155545832030248, -0.6825576926340589, -0.1512511747440545, -0.6369501061056242, -0.06400753408971319]], "inverted": true, "swapped": true, "error_lsq": 0.04907181264014903, "error_max": 0.3061274640903717, "target": "870.xyz", "model": "6.xyz", "model_rescale": 4.08911054899281, "target_rescale": 3.817044162465088},
{"mapping": [10, 8, 9, 11, 5, 12, 4, 6, 1, 7, 13, 0, 2, 14], "R": [[0.15475975716833323, -0.34120261047160566, -0.9271624432474387], [0.46469184259067603, 0.8533156503065789, -0.23646118576109376], [0.8718433970564213, -0.3942501484454025, 0.29061299258618367]], "T": [-0.07253679239955321, 0.14082272783580788, -0.011571577689503985], "aligned_model": [[-0.6867345085491423, -0.22906124415931306, -0.09943842330870001, -0.5831758634803861, -0.19375528814182189, -0.6368495067698902, 0.1334029316369892, 0.4183903449353702, 0.04108857949602138, 0.22776645100560935, -0.3026422261761492, 0.7298971678570001, 0.4519541851106249, -0.10955613373517778], [0.1707705899975776, -0.2629588648338791, -0.6423943698650573, -0.07855014683104974, 0.7493789027563537, 0.5522122469418497, 0.24163180113393318, 0.2255239003595515, -0.27471728887338254, 0.8342577620254952, 0.42652573871993826, -0.3078996226613957, 0.30221254375357465, -0.015293958359144239], [-0.38725653816909456, -0.5384581828593653, 0.008542796057937157, 0.1772520010904244, -0.4536877251432965, 0.130947691116083, -0.6781117869093085, -0.04254291370711158, 0.5820291536361178, 0.15652000418221676, 0.62192648960814, 0.1869332703498759, 0.5791924065882289, 0.028701380292482866]], "inverted": false, "swapped": false, "error_lsq": 0.04823805451119146, "error_max": 0.2953404432226403, "target": "870.xyz", "model": "7.xyz", "model_rescale": 3.964800864290218, "target_rescale": 3.817044162465088},
{"mapping": [8, 9, 10, 5, 7, 1, 12, 4, 3, 2, 0, 11, 6, 13], "R": [[0.00040143952222476686, 0.9999993414553936, -0.0010751442178503212], [0.6372087661475023, -0.001084404907615466, -0.7706904776956661], [-0.7706911360532751, -0.00037570570333766984, -0.6372087818400942]], "T": [-0.04634151912234768, 0.17576025951648738, 0.08267248597460407], "aligned_model": [[-0.5822960464963457, -0.0316937649698371, -0.20103077615221765, -0.7168047096601826, -0.28215447120937853, -0.6324109202658692, 0.2138365807082126, 0.6238459091591819, -0.15665379156680478, 0.1460845820724062, -0.12881231342261312, 0.6083540720823134, 0.39527279587947595, -0.09425068043730617], [-0.03163065211192834, -0.2455798773797997, -0.629721424170882, -0.3122711214851392, 0.6463828327272292, 0.6440528314533159, 0.276388405498228, 0.38635882551670575, -0.05262098058468115, 0.8060690444764824, 0.5433457392261385, -0.27070322536851676, 0.02912749083764804, 0.13150134562956367], [-0.42801267708432966, -0.4614916980058559, 0.03363674379668767, 0.1893270885937715, -0.39666018574120165, 0.10123630251266745, -0.6193647423070633, 0.04279203981507107, 0.762110420903468, 0.1481840035523026, 0.6919662211441463, -0.1605914941276646, 0.4290558734422866, 0.03980014963904444]], "inverted": false, "swapped": false, "error_lsq": 0.05284051409674627, "error_max": 0.2923668994771592, "target": "870.xyz", "model": "8.xyz", "model_rescale": 4.121658175737393, "target_rescale": 3.817044162465088},
{"mapping": [11, 1, 6, 7, 2, 8, 0, 10, 4, 3, 12, 9, 13], "R": [[0.26621164746925563, -0.875307292421357, 0.40369357511074916], [-0.870726072971828, -0.3980212770400681, -0.2888168431211248], [0.4134821212564866, -0.2746201137159961, -0.8681107812623051]], "T": [-0.12086299153367394, -0.04773054027906986, -0.10222203824942871], "aligned_model": [[-0.6322454739447531, -0.20654054400511848, 0.32721005302614947, 0.10025199213618266, -0.7818158915651993, -0.503820315567859, 0.31645526845923677, 0.07528479311310213, 0.8301912001952624, -0.13171296721880094, -0.284528871810537, 0.3483325698143561, 0.01967568380317536], [0.29205660039132764, -0.2676119327120723, -0.12616317215243167, 0.616686898271784, -0.38917071650354307, -0.008419220331113468, -0.6212419704428721, -0.01195196684060764, -0.21155389387942147, -0.6094323011566259, 0.5687147638609295, 0.5427270503908916, 0.015747300515464614], [-0.35784544092385256, -0.449839070372891, -0.6674477430670573, -0.4043396393327653, -0.2367911542362005, 0.32703878933611874, -0.1686227605620178, 0.7767735518017664, -0.15999914215963412, 0.28082342585897624, 0.15256524286326717, 0.2782398076586896, 0.05051956709468938]], "inverted": true, "swapped": true, "error_lsq": 0.0432886120818751, "error_max": 0.2483016764948191, "target": "870.xyz", "model": "9.xyz", "model_rescale": 3.833441315466971, "target_rescale": 3.817044162465088},
{"mapping": [1, 5, 13, 0, 6, 12, 4, 3, 8, 7, 11, 2, 9, 14], "R": [[0.6641592790260578, -0.6846232408900949, -0.30030562784724923], [-0.34703805915486685, -0.638134322825995, 0.6872766339178368], [-0.6621608849680043, -0.3522436714329331, -0.6614131525407079]], "T": [-0.16303476408220993, 0.17910117223889832, 0.0631530427892796], "aligned_model": [[-0.7199089283023767, -0.07040683244768248, -0.12057425554784362, -0.6391851103954175, -0.32099017504481003, -0.6690354464656919, 0.1763030648766418, 0.6657221017951496, 0.05216207302171463, 0.2168195992146618, -0.25748323642761517, 0.37912442442468597, 0.5385480168118735, -0.06980882979225483], [0.0876004307269122, -0.2787774696129964, -0.616767187702754, -0.30225581248674926, 0.6232425984420806, 0.505823129025927, 0.3741544021257712, 0.3447091786381353, -0.013883319138189298, 0.6594896330849687, 0.579324350647952, -0.2922552556014202, 0.0692553154633696, 0.18103924065135704], [-0.41342613472550926, -0.42593019867783966, 0.04130812865709335, -0.010326632395846566, -0.4257416797459048, 0.0785195548033433, -0.6316250911775508, -0.13699164293891763, 0.7870360925736588, 0.3255488624055378, 0.6074305221868243, 0.039984374748290225, 0.4551040803371973, 0.08109781008295408]], "inverted": true, "swapped": false, "error_lsq": 0.04658981411774531, "error_max": 0.3251545695367356, "target": "870.xyz", "model": "10.xyz", "model_rescale": 4.2482417240324, "target_rescale": 3.817044162465088},
{"mapping": [2, 11, 6, 7, 3, 5, 0, 9, 12, 10, 8, 13], "R": [[-0.4883834096252766, -0.835510273184713, 0.25180196306938524], [0.7933655282416845, -0.5452984733104, -0.2705932623018173], [0.36339067654603147, 0.06761773737824758, 0.9291797768953348]], "T": [-0.06681582940671144, -0.06526043447331317, 0.05011323610157744], "aligned_model": [[-0.7396412584662317, -0.14467571572751758, 0.3024363635537797, 0.6015249921260508, -0.5324435271522259, 0.15980731855980942, -0.139606101035817, 0.5948205714920509, 0.19175832309051294, -0.07237980757792681, -0.39111448744323, 0.0462789309437517], [-0.40895999322905274, -0.6780949267801827, -0.17751108364993676, -0.41534489220169657, 0.4236657987221729, 0.7691628462261458, 0.3676292154558065, 0.24409269962593197, -0.22235398976469758, 0.660665490484612, 0.0032848532977503564, 0.09989537186378572], [0.07704894288136468, -0.19622472568634022, 0.664485955339315, -0.06114696463563638, 0.13068868710759662, 0.20444747033984875, 0.6262033369675755, -0.37423776105642187, -0.5664651567456838, -0.4841038552475008, -0.4216901911083135, -0.0338134483014474]], "inverted": true, "swapped": true, "error_lsq": 0.051568874448236164, "error_max": 0.30266534466003253, "target": "870.xyz", "model": "11.xyz", "model_rescale": 3.6694154284099745, "target_rescale": 3.817044162465088},
{"mapping": [2, 8, 9, 10, 1, 12, 3, 4, 7, 0, 5, 11, 6, 13], "R": [[-0.8388325843237863, 0.5431108306088891, 0.037289692302306415], [0.2195760690019118, 0.274864005283552, 0.9360748519862881], [0.4981427961923627, 0.7933980112621951, -0.3498190251070518]], "T": [-0.06835774934035538, 0.13679659342478578, 0.09830175047355101], "aligned_model": [[-0.44585901618648405, -0.03572031082463143, -0.10589460233283407, -0.6167022585458821, -0.20552831287579154, -0.6509434594816601, 0.15711357182877136, 0.5147891542506693, -0.2788983799931487, 0.1486729530136231, -0.152466113088169, 0.5063531692760923, 0.35946746991602657, -0.0330973992355462], [0.15146820544832978, -0.3490317529248955, -0.6649240993202219, -0.182733599494745, 0.7368881825720833, 0.4709998364028144, 0.231493809087699, 0.40552840923838407, -0.2572515203005704, 0.8077628388476527, 0.44338053195973576, -0.32251194853423887, 0.19797164562885744, 0.2516586956534801], [-0.4342309815932353, -0.4809248604494592, 0.12113116969469627, 0.12564297110101674, -0.4826869028025726, 0.20160026444451373, -0.7271944768220443, -0.26966774520784215, 0.6920727883184067, 0.2142320578324916, 0.8355282178882426, 0.036887808948943876, 0.4631003636969676, 0.07649737108320463]], "inverted": true, "swapped": false, "error_lsq": 0.04551255821479341, "error_max": 0.28825265237179215, "target": "870.xyz", "model": "12.xyz", "model_rescale": 3.9764082729961374, "target_rescale": 3.817044162465088},
{"mapping": [2, 9, 0, 7, 10, 8, 12, 13, 4, 14, 3, 5, 6, 15], "R": [[-0.9616707529457509, -0.02014904562440284, -0.2734654985353338], [0.27263570276288485, 0.036345065065578164, -0.9614306058288176], [0.02931103047899957, -0.9991361529870717, -0.0294586368736664]], "T": [-0.02025103949066396, 0.1657827093738325, -0.035333601504590875], "aligned_model": [[-0.7563946123435963, 0.04085728784292924, -0.30864905370558066, -0.5547238615078797, -0.24135997562612496, -0.6115394272698895, 0.2718287601431181, 0.4470076964710403, 0.04754093624579906, 0.23572652972773314, -0.46177866589401784, 0.4908865903892453, 0.5982591926505778, -0.03637493140231858], [-0.06385560804723239, -0.306475411904704, -0.5002062404265977, -0.15546019222794477, 0.7252984485600005, 0.5514891774374713, 0.26403834187298625, 0.5555388155221348, -0.3098467855278968, 0.7276473437709743, 0.5735434240854018, -0.49871807647182204, 0.19502333391704557, 0.16268266370454781], [-0.2393394769725814, -0.40239921653081445, -0.015503381060171826, 0.3914866178131153, -0.5684376016042584, -0.07084978964276761, -0.5941258314759365, -0.1004488652641939, 0.4985620375340707, 0.47220128029751396, 0.5539269537459216, -0.036300434465769665, 0.41215816860089594, 0.0710575851583068]], "inverted": true, "swapped": false, "error_lsq": 0.05594806417459056, "error_max": 0.3557957629964387, "target": "870.xyz", "model": "13.xyz", "model_rescale": 4.170626492500431, "target_rescale": 3.817044162465088},
{"mapping": [2, 0, 1, 3, 4, 6, 4, 8, 9, 12, 11, 7, 10, 13], "R": [[0.9203219947982669, -0.006469737403035521, 0.3911081287680877], [-0.06245366938389664, 0.9846063280238394, 0.16324802600919536], [-0.38614371038646506, -0.1746668867110986, 0.9057508010571265]], "T": [-0.10115469000781002, 0.12652411530434393, 0.02093348067826485], "aligned_model": [[-0.5089453244047761, -0.01622358085730119, -0.08652451081199992, -0.7001011433313102, 0.016178783570885785, -0.7941120958125603, 0.016178783570885785, 0.5692683150769153, -0.006868288042544857, 0.2748800177086551, -0.3537358812036196, 0.5595649056630543, 0.3412582556851292, -0.14953177109037785], [0.06260822605967914, -0.31453827895447517, -0.6253645127163574, -0.14080858224029064, 0.583445246886166, 0.592655314602124, 0.583445246886166, 0.31310218898061093, -0.22668324425083602, 0.7377575546642864, 0.3439625938378323, -0.33814996056411634, 0.1584078311329538, 0.190859609940622], [-0.49146648500921264, -0.37163380985550465, 0.1798797571530294, 0.23370091076236565, -0.5087070257833969, 0.12103845463886, -0.5087070257833969, -0.23844637490297227, 0.7438865040652487, 0.16480044139885974, 0.644297660783517, -0.04947548182744349, 0.36962033033435115, 0.0832001901590259]], "inverted": false, "swapped": false, "error_lsq": 0.056223891981606204, "error_max": 0.42377550518193025, "target": "870.xyz", "model": "14.xyz", "model_rescale": 3.9786697098870705, "target_rescale": 3.817044162465088},
{"mapping": [3, 1, 10, 5, 8, 12, 6, 7, 9, 0, 11, 13], "R": [[-0.1638626126817747, 0.8060489270965173, 0.5687127317826253], [0.7935908577502347, -0.23473377802105394, 0.5613498053363959], [0.5859714964572507, 0.5433094703596801, -0.601208969291988]], "T": [-0.13222123209455414, 0.02780061528470535, -0.05553150242756161], "aligned_model": [[-0.03033018171298474, -0.5241450601300549, 0.6700360195239421, 0.4926809599699644, 0.01829586341055836, 0.19326385264311266, -0.3687364363092711, -0.026341963576048955, 0.6115661185692542, -0.1533500976415834, -0.4816874028341611, 0.0821029248546089], [-0.3556627656062211, -0.11704784189230119, 0.012046273100889467, -0.5888208079915153, 0.34469505472569517, 0.6255384156621627, -0.37358380514375694, 0.3616900481479931, 0.21055345022527522, -0.6955289390815317, 0.5907180042039378, 7.740387381166558e-05], [-0.607731164766447, -0.011478032308427671, -0.4660463133619179, -0.08226330250135264, -0.5131220051906644, 0.036538436168536914, 0.5006630081556114, 0.6219084142132925, 0.30072351251816404, -0.08585647227795187, 0.001984382662404603, -0.03535396943741776]], "inverted": false, "swapped": true, "error_lsq": 0.060309578807096864, "error_max": 0.427038516794696, "target": "870.xyz", "model": "15.xyz", "model_rescale": 3.769337070930944, "target_rescale": 3.817044162465088},
{"mapping": [7, 6, 12, 9, 11, 1, 8, 0, 10, 5, 13], "R": [[-0.2826268848741481, -0.9317837527770242, 0.22781808972752893], [0.2909396824996501, 0.1430436209477504, 0.9459876445562905], [-0.9140438419973835, 0.3336428638033814, 0.23066489620169878]], "T": [0.1597599657331206, -0.03284218408048566, -0.07830881035949099], "aligned_model": [[-0.4082303225015037, -0.20315901639141085, -0.028810374596371674, -0.533851866234166, 0.3831027173853519, 0.3318410484193787, 0.48205618078696755, 0.10796537314745795, 0.028418432487674117, -0.25347817363952996, 0.01677213182732268], [0.057321020955484726, -0.6467059840334507, 0.5701229588719726, 0.436524517649712, 0.14707290000362222, -0.38981925101480674, 0.4357956848389736, -0.562747763515965, 0.5731324923145057, -0.0949295904199439, 0.07029751197523748], [-0.5791830884642252, -0.21195863606561272, -0.3477195657353619, 0.031842827041782776, -0.6783581800618105, -0.21788511716903392, 0.016402580631748473, 0.4126994116057061, 0.5758558480265291, 0.6942316174287809, 0.04828990998527356]], "inverted": false, "swapped": true, "error_lsq": 0.054091164541350704, "error_max": 0.32345351130359906, "target": "870.xyz", "model": "16.xyz", "model_rescale": 3.7852294659196426, "target_rescale": 3.817044162465088},
{"mapping": [8, 5, 9, 10, 3, 0, 6, 4, 12, 11, 1, 7, 13], "R": [[0.9276768804151796, 0.1397740564546333, 0.3462352071719134], [0.36579692309607953, -0.5261963901208432, -0.7676652721578817], [0.07488802705774589, 0.8387970983295131, -0.5392691454527953]], "T": [0.006644250316499831, 0.21615217909192846, -0.14729303586023063], "aligned_model": [[0.1266100301469028, -0.4594609027171254, 0.4344557419202246, -0.04996898319034808, -0.5487141416017512, -0.658525404645321, -0.16215897140000757, -0.4000478749075317, 0.6324195549637683, 0.48059872831882494, -0.16702247763318645, 0.6017549442744721, 0.023825606687362062], [-0.10630226055099917, -0.35903993418580543, -0.33281825679196325, -0.6822806358196851, -0.0864405737904404, 0.236161493810638, 0.6576824151169745, 0.05427748976369112, -0.05783641215938207, 0.5506857183643571, 0.5966413519300154, 0.377149474267498, 0.027175753747975873], [-0.6100001743735157, 0.3252948793090138, 0.33139751714612214, -0.1920225110468632, -0.39702309041590916, 0.1385751757650746, 0.4031229444710746, 0.7147269527490501, -0.21831001930501803, -0.4725085523414387, -0.18721706013553854, 0.30163963884852785, -0.04192100352740588]], "inverted": false, "swapped": true, "error_lsq": 0.04505886980488779, "error_max": 0.31236689041796595, "target": "870.xyz", "model": "17.xyz", "model_rescale": 3.901054581598922, "target_rescale": 3.817044162465088},
{"mapping": [5, 8, 4, 10, 13, 9, 2, 0, 6, 12, 11, 1, 7, 14], "R": [[0.35380288784911085, -0.15926835911215842, -0.9216599732739562], [0.37899955733365975, 0.9252847142881726, -0.014406007272824733], [0.8550923061813381, -0.34421183490748153, 0.3877310415985613]], "T": [-0.046020259489828456, 0.12840299310304223, -0.0036048670500951688], "aligned_model": [[-0.472251147289168, -0.07502237876023424, -0.20264027355600853, -0.7373473532423748, -0.24471288739312871, -0.6201126664235687, 0.13458327175372148, 0.6788628154033537, 0.11911668602089306, 0.04052480633484743, -0.324277555607858, 0.48008499003443994, 0.4501133336541253, -0.06563517520800524], [0.20075542584031447, -0.3200612980129117, -0.6446512038146597, -0.20496660639975148, 0.7299593085400699, 0.44901529685361585, 0.334776185701737, 0.16982834543227, -0.09880215278395588, 0.7865190744677267, 0.36411960692011336, -0.30337421291555466, 0.28507565358560316, 0.17250581084974786], [-0.4543580176307711, -0.4919253650957565, 0.054972856801592786, 0.2851602757560709, -0.3587857185543489, 0.039001239543543335, -0.7836885624745606, -0.22345251069743888, 0.6926948932399666, 0.3301139953293116, 0.7061426542942013, 0.14628596062664226, 0.40746952890352056, 0.022356816091357274]], "inverted": false, "swapped": false, "error_lsq": 0.04508025922080542, "error_max": 0.24508594904256645, "target": "870.xyz", "model": "18.xyz", "model_rescale": 3.9405287249114394, "target_rescale": 3.817044162465088},
{"mapping": [14, 12, 4, 13, 10, 11, 3, 6, 7, 5, 9, 0, 8, 15], "R": [[0.19231574648515276, 0.4596429953009712, 0.8670311243113535], [-0.9570054811342771, -0.10766385315455423, 0.26934922276269024], [0.2171523951809171, -0.8815536351207826, 0.4191754115791203]], "T": [-0.047040469654847206, 0.07522306218858958, -0.035567886897687515], "aligned_model": [[-0.6862875946580878, -0.17499064302259826, 0.10795865859683934, -0.6864285102713459, -0.2701081972859461, -0.5299901075912885, -0.05800112028186055, 0.6346948178866243, -0.11493824059165354, 0.2331607000505458, -0.29692579066476626, 0.5588133126553685, 0.48448095866023133, -0.04015177776102726], [0.17712066187547204, -0.3227362829778464, -0.6123495146200624, -0.03555636063352832, 0.6964061814600413, 0.5898658404520729, 0.13636860181181884, 0.37366555292456066, -0.184835556220601, 0.7316146803839966, 0.3471619666461303, -0.24083058232747795, 0.15267175361333613, 0.11213229187645166], [-0.4606784071501611, -0.38968111023064445, 0.15907088230825966, 0.13833064204307122, -0.4625062409585674, 0.10974439716019725, -0.8850204647358985, 0.031159416631504636, 0.6151124928850893, 0.39092946457991784, 0.6371998334506784, 0.04009945218905525, 0.49712229226319227, -0.04889460430236374]], "inverted": true, "swapped": false, "error_lsq": 0.04048382193017258, "error_max": 0.2471596991095787, "target": "870.xyz", "model": "19.xyz", "model_rescale": 4.410303926677745, "target_rescale": 3.817044162465088},
{"mapping": [8, 9, 10, 5, 7, 1, 12, 4, 3, 2, 0, 11, 6, 13], "R": [[0.00040143952222476686, 0.9999993414553936, -0.0010751442178503212], [0.6372087661475023, -0.001084404907615466, -0.7706904776956661], [-0.7706911360532751, -0.00037570570333766984, -0.6372087818400942]], "T": [-0.04634151912234768, 0.17576025951648738, 0.08267248597460407], "aligned_model": [[-0.5822960464963457, -0.0316937649698371, -0.20103077615221765, -0.7168047096601826, -0.28215447120937853, -0.6324109202658692, 0.2138365807082126, 0.6238459091591819, -0.15665379156680478, 0.1460845820724062, -0.12881231342261312, 0.6083540720823134, 0.39527279587947595, -0.09425068043730617], [-0.03163065211192834, -0.2455798773797997, -0.629721424170882, -0.3122711214851392, 0.6463828327272292, 0.6440528314533159, 0.276388405498228, 0.38635882551670575, -0.05262098058468115, 0.8060690444764824, 0.5433457392261385, -0.27070322536851676, 0.02912749083764804, 0.13150134562956367], [-0.42801267708432966, -0.4614916980058559, 0.03363674379668767, 0.1893270885937715, -0.39666018574120165, 0.10123630251266745, -0.6193647423070633, 0.04279203981507107, 0.762110420903468, 0.1481840035523026, 0.6919662211441463, -0.1605914941276646, 0.4290558734422866, 0.03980014963904444]], "inverted": false, "swapped": false, "error_lsq": 0.05284051409674627, "error_max": 0.2923668994771592, "target": "870.xyz", "model": "20.xyz", "model_rescale": 4.121658175737393, "target_rescale": 3.817044162465088},
{"mapping": [2, 3, 0, 1, 6, 8, 5, 11, 10, 9, 4, 7, 13], "R": [[-0.49394161157812344, 0.32241839542474093, 0.8075073142971164], [0.5238939947563865, -0.6308427367085467, 0.5723395179439095], [0.6939429130770064, 0.7057505365451782, 0.1426864168601616]], "T": [0.1552625375297688, -0.17722456220697436, 0.052251342686323005], "aligned_model": [[0.32357458041346443, -0.2629474934563013, 0.14358120874603483, 0.49316483234989084, 0.6722933492179578, -0.23504187136010654, -0.3695954904867894, 0.47744482968100954, -0.7330240339746606, -0.22352555777878438, 0.11802359173293572, 0.48164251078870857, -0.0045075512090643755], [-0.6462237581861824, -0.020174857062623064, 0.44580981126640995, -0.1376472734538493, 0.32573551761051056, -0.5910656938843534, 0.52640412954664, -0.7475771288644288, -0.10353593379079551, -0.0036990083990990907, 0.7671696070050853, -0.18696569031019905, -0.08740281731393226], [0.6208107392043275, 0.5648780858592098, 0.42139006051996375, 0.29879088947008836, -0.025924908600872515, 0.14640300831160447, 0.022755020998961744, -0.06267119038774067, -0.08155545832030248, -0.6825576926340589, -0.1512511747440545, -0.6369501061056242, -0.06400753408971319]], "inverted": true, "swapped": true, "error_lsq": 0.04907181264014903, "error_max": 0.3061274640903717, "target": "870.xyz", "model": "21.xyz", "model_rescale": 4.08911054899281, "target_rescale": 3.817044162465088},
{"mapping": [7, 13, 3, 12, 6, 10, 0, 1, 14, 11, 9, 2, 15, 16], "R": [[0.7016146536838412, 0.5081699346768894, -0.4994999451717588], [0.7015549827402953, -0.615347254353342, 0.35940000382869774], [-0.12472964334258343, -0.6025869846339945, -0.7882458005098045]], "T": [-0.021232718650709012, 0.21631988165076393, 0.02801871755382866], "aligned_model": [[-0.5751102810341481, -0.3390770236397134, -0.02781807731998205, -0.6372574607646179, -0.22809294447379702, -0.7528376866474632, 0.09664720444528059, 0.7012803289966748, -0.10861017457594373, 0.40610015996533866, -0.4208292805164769, 0.5872022731017553, 0.4865530706927274, -0.026863642508599538], [0.1687363917845317, -0.3067619028605911, -0.6467105919691938, -0.13682321069080194, 0.6888831870688863, 0.5556442832914736, 0.17272900065184305, 0.45959408349199593, -0.21366022456297906, 0.7264221632483507, 0.3319126409822833, -0.17148309178117366, 0.10122626798007647, 0.19099023762966327], [-0.4155482394997413, -0.22116075697549814, 0.12504375529660067, 0.22994191946240988, -0.5099932692049131, 0.05537800242349754, -0.736365712562259, -0.19286799540971888, 0.4963187009015923, 0.4062716797644452, 0.6063858270074194, 0.002143169602540001, 0.5383265365486578, -0.011885571221702047]], "inverted": true, "swapped": false, "error_lsq": 0.04202284231524938, "error_max": 0.33626544040599926, "target": "870.xyz", "model": "22.xyz", "model_rescale": 4.204369325754507, "target_rescale": 3.817044162465088},
{"mapping": [14, 12, 4, 13, 10, 11, 3, 6, 7, 5, 9, 0, 8, 15], "R": [[0.19231574648515276, 0.4596429953009712, 0.8670311243113535], [-0.9570054811342771, -0.10766385315455423, 0.26934922276269024], [0.2171523951809171, -0.8815536351207826, 0.4191754115791203]], "T": [-0.047040469654847206, 0.07522306218858958, -0.035567886897687515], "aligned_model": [[-0.6862875946580878, -0.17499064302259826, 0.10795865859683934, -0.6864285102713459, -0.2701081972859461, -0.5299901075912885, -0.05800112028186055, 0.6346948178866243, -0.11493824059165354, 0.2331607000505458, -0.29692579066476626, 0.5588133126553685, 0.48448095866023133, -0.04015177776102726], [0.17712066187547204, -0.3227362829778464, -0.6123495146200624, -0.03555636063352832, 0.6964061814600413, 0.5898658404520729, 0.13636860181181884, 0.37366555292456066, -0.184835556220601, 0.7316146803839966, 0.3471619666461303, -0.24083058232747795, 0.15267175361333613, 0.11213229187645166], [-0.4606784071501611, -0.38968111023064445, 0.15907088230825966, 0.13833064204307122, -0.4625062409585674, 0.10974439716019725, -0.8850204647358985, 0.031159416631504636, 0.6151124928850893, 0.39092946457991784, 0.6371998334506784, 0.04009945218905525, 0.49712229226319227, -0.04889460430236374]], "inverted": true, "swapped": false, "error_lsq": 0.04048382193017258, "error_max": 0.2471596991095787, "target": "870.xyz", "model": "23.xyz", "model_rescale": 4.410303926677745, "target_rescale": 3.817044162465088},
{"mapping": [9, 14, 13, 11, 8, 10, 15, 5, 7, 3, 1, 12, 0, 16], "R": [[0.9489448083433824, -0.13323826832457863, 0.28592186794998614], [0.10083082231339972, 0.98698394985975, 0.12528299162635917], [-0.2988927834353739, -0.09005690741478059, 0.9500278192964354]], "T": [-0.05047634908214504, 0.11065583295407214, -0.01396403515902107], "aligned_model": [[-0.5096062324983054, -0.33836241649229126, 0.08320515509653512, -0.63964900497911, -0.22888266192576176, -0.48136283577130967, -0.0221953704988238, 0.5030984963013775, -0.06853378705814306, 0.11847162642071135, -0.35482256078202923, 0.6596325160436098, 0.4745738400365521, -0.034280298171976566], [0.22048652403164104, -0.3689591146475433, -0.5787930518189847, -0.07521573875841983, 0.7530428684787687, 0.5980285925813643, 0.05374313234977321, 0.23217861467143364, -0.24254146680780317, 0.8374186013918341, 0.32501070999691695, -0.22462458644974656, 0.19680808448009685, 0.1941160647650335], [-0.4257369739008364, -0.3950691443387014, 0.017278796896520055, 0.12405345280249526, -0.49481406519103815, 0.010296530324103704, -0.7247912445390817, -0.28670775646203517, 0.5489360386169209, 0.48855307362457806, 0.7591858336776836, 0.15781569245139754, 0.5220265426962101, 0.07096126947511425]], "inverted": true, "swapped": false, "error_lsq": 0.04686112587592752, "error_max": 0.33869166528785205, "target": "870.xyz", "model": "24.xyz", "model_rescale": 4.28219845311461, "target_rescale": 3.817044162465088},
{"mapping": [4, 2, 6, 1, 7, 3, 13, 12, 8, 9, 5, 14, 11, 15], "R": [[-0.10680706591339756, -0.3837636894501316, -0.9172337114010771], [-0.5176874901172425, 0.8090674293333489, -0.2782257309596594], [0.8488768539941947, 0.44512394392073507, -0.2850837794427616]], "T": [-0.05970239529469141, 0.12237332791326463, 0.0015119280083413546], "aligned_model": [[-0.6197252554027842, 0.035343253624511954, -0.092585701917484, -0.6102877796190155, -0.2090332717461703, -0.6934495641335099, 0.2154445491780161, 0.6553069705909357, -0.18686932562601044, 0.04164524920429776, -0.1971502545350187, 0.5630806519034975, 0.3668611896065815, -0.1072942454068126], [0.14031770938639732, -0.34555075647146605, -0.762857241208032, 0.07255544492061815, 0.7288029106274395, 0.5604769904230971, 0.27829556036628944, 0.3775002358228241, -0.22251554622983796, 0.771581483967187, 0.3479967650425675, -0.31218994756560137, 0.21503935558639992, 0.07124626959648189], [-0.46827628848459096, -0.48919511317015896, 0.1672908850558459, 0.32439164547173144, -0.4626964910208375, 0.08197963422690785, -0.5013785902073059, -0.0884423258619724, 0.5904315262993446, 0.1600398717483715, 0.8111308701795038, -0.05714521667367123, 0.3269863303813249, -0.023128691811162286]], "inverted": true, "swapped": false, "error_lsq": 0.04888492913983023, "error_max": 0.2666700632371972, "target": "870.xyz", "model": "25.xyz", "model_rescale": 4.100010024507729, "target_rescale": 3.817044162465088},
{"mapping": [2, 11, 6, 7, 3, 5, 0, 9, 12, 10, 8, 13], "R": [[-0.4883834096252766, -0.835510273184713, 0.25180196306938524], [0.7933655282416845, -0.5452984733104, -0.2705932623018173], [0.36339067654603147, 0.06761773737824758, 0.9291797768953348]], "T": [-0.06681582940671144, -0.06526043447331317, 0.05011323610157744], "aligned_model": [[-0.7396412584662317, -0.14467571572751758, 0.3024363635537797, 0.6015249921260508, -0.5324435271522259, 0.15980731855980942, -0.139606101035817, 0.5948205714920509, 0.19175832309051294, -0.07237980757792681, -0.39111448744323, 0.0462789309437517], [-0.40895999322905274, -0.6780949267801827, -0.17751108364993676, -0.41534489220169657, 0.4236657987221729, 0.7691628462261458, 0.3676292154558065, 0.24409269962593197, -0.22235398976469758, 0.660665490484612, 0.0032848532977503564, 0.09989537186378572], [0.07704894288136468, -0.19622472568634022, 0.664485955339315, -0.06114696463563638, 0.13068868710759662, 0.20444747033984875, 0.6262033369675755, -0.37423776105642187, -0.5664651567456838, -0.4841038552475008, -0.4216901911083135, -0.0338134483014474]], "inverted": true, "swapped": true, "error_lsq": 0.051568874448236164, "error_max": 0.30266534466003253, "target": "870.xyz", "model": "26.xyz", "model_rescale": 3.6694154284099745, "target_rescale": 3.817044162465088},
{"mapping": [2, 6, 1, 0, 11, 10, 12, 3, 5, 9, 8, 1, 7, 13], "R": [[-0.9116469580816678, -0.1021046100366466, 0.39808852335844414], [-0.3007411674180313, -0.4944325907765602, -0.8155312154651215], [0.2800974366903094, -0.8631981590499618, 0.4200409077367052]], "T": [-0.14348583680202426, 0.2266110549683017, 0.11467707714199231], "aligned_model": [[-0.5812352773826823, 0.08252840171882231, 0.15544540684277552, -0.5148445998495719, -0.38932276173594077, -0.5402471650892791, 0.10935978825840409, 0.634383668330974, -0.07658601883343924, 0.16495041220136802, -0.25125726450077196, 0.15544540684277552, 0.39400464587429734, -0.18133817695669668], [0.07439964090239456, -0.17059122340208333, -0.603484669299643, -0.31874606092267077, 0.7297606037874904, 0.6779307898983807, 0.42678204937652586, 0.28198529850646603, -0.32882572997415427, 0.8338319894174061, 0.5278399219622023, -0.603484669299643, 0.18079975965833345, 0.2125015336533591], [-0.3826525508741363, -0.39751267856150524, 0.0796363319901137, 0.15482216884717465, -0.5353846177049466, 0.1426353519638262, -0.6103977302005836, -0.09670869927227617, 0.6741347538340798, 0.08284387846786136, 0.6678530721846131, 0.0796363319901137, 0.4389205519766318, 0.07416188149236344]], "inverted": true, "swapped": false, "error_lsq": 0.05529439608917484, "error_max": 0.4415022745943751, "target": "870.xyz", "model": "27.xyz", "model_rescale": 4.103607728864725, "target_rescale": 3.817044162465088},
