[{"mapping": [7, 0, 10, 3, 9, 4, 1, 2, 6, 8, 11], "R": [[-0.3528081547309798, 0.6753379688940285, -0.64764576253181], [-0.4671213230289279, -0.7268549979078163, -0.5034674583209253], [-0.8107552500767573, 0.12490172051063586, 0.5719051360902943]], "T": [0.045025120698369225, 0.014375571263047102, -0.06064496428385323], "aligned_model": [[0.7762989218408767, -0.1373266537975491, -0.03300749831733141, -0.4814973027280997, 0.14062579334838682, -0.7177155207492734, 0.5561437295302083, 0.042231293406662485, 0.7051916190546725, 0.1446101208003601, 0.0395260206708867], [-0.20325955633003845, -0.566624552881588, 0.05543845392953607, 0.42744388349512985, 0.5829076538024008, -0.08437282194086303, -0.39414288661383035, -0.3034937522710504, 0.30861654863651217, 0.41078463937073934, -0.054586194562240786], [-0.6214273542232508, 0.0487994512137397, -0.7344298676480748, -0.22245108853686846, -0.25296814785851973, 0.18598012662788116, 0.21092638324503926, 0.6794236360982077, -0.008138496708499907, 0.42520086431600984, -0.06744868688609396]], "inverted": true, "swapped": false, "error_lsq": 0.052242652522191846, "error_max": 0.2749811994598553, "target": "872.xyz", "model": "0.xyz", "model_rescale": 3.751011558992144, "target_rescale": 3.7323150363025404},
{"mapping": [6, 10, 4, 8, 1, 5, 11, 9, 7, 3, 14], "R": [[0.9895697787259237, -0.10717686901607154, -0.09625368450214396], [-0.0874561595776627, 0.08397007627219956, -0.9926230132546632], [0.11446865590305856, 0.9906877131764342, 0.07372097243657563]], "T": [0.041979140423398655, 0.1189923029256451, 0.05154751753558673], "aligned_model": [[0.6431602504557727, -0.12140376883948653, -0.19422157673220317, -0.5085801936455028, 0.2888813206101001, -0.5134989634724157, 0.5807436417345464, -0.09481898086725396, 0.6592679162723569, 0.22832901725728935, 0.06722186028659667], [-0.09080198107470656, -0.6435361294805136, -0.09146535517725927, 0.3059250432486014, 0.4783501324852051, -0.02758410643443189, -0.45612357153969374, -0.3827283581615466, 0.35928565482814057, 0.6355617623400701, 0.09182832360084181], [-0.34631348408578727, -0.20204696754218998, -0.6733599008778466, -0.26838813600248124, -0.4921314439749097, 0.2965893084754959, 0.17686923150245987, 0.4562106781814169, 0.02170298638493579, 0.5824294314458812, 0.09190511613259515]], "inverted": false, "swapped": false, "error_lsq": 0.04306350203239542, "error_max": 0.2243076596277991, "target": "872.xyz", "model": "1.xyz", "model_rescale": 3.9405287249114394, "target_rescale": 3.7323150363025404},
{"mapping": [8, 5, 2, 1, 4, 0, 9, 11, 3, 7, 12], "R": [[0.2919992866481764, -0.9392335242672624, 0.18049045262687582], [0.954298127633528, 0.2735575566555398, -0.12033846763107076], [0.06365139583779181, 0.20738044770216285, 0.9761874050195238]], "T": [0.11143654886522388, 0.05726555724387235, 0.036717853621855284], "aligned_model": [[0.7590198748988207, -0.2153355935524603, -0.26944088083067014, -0.4345582261524195, 0.38074030644492785, -0.677279869975186, 0.5912494054803556, 0.1449923094514301, 0.5467936543952827, 0.12357595509969847, 0.0853235878000205], [-0.06955494303541661, -0.5867757792998866, -0.2120385730533234, 0.49912434636385017, 0.5332251117472212, -0.09973084059598968, -0.5763051050942206, -0.48516196839509235, 0.34987058801489357, 0.7814107801766605, 0.04464779780601075], [-0.3697820438712901, -0.043948149994503735, -0.45984764706736025, -0.3291739999211364, -0.40218271656829174, 0.27380123556320113, -0.10020893536173395, 0.4974354237207763, 0.26397578021820156, 0.3597908857307549, -0.046393012809047646]], "inverted": false, "swapped": false, "error_lsq": 0.05575580418584381, "error_max": 0.32467381785710575, "target": "872.xyz", "model": "2.xyz", "model_rescale": 3.932901565614263, "target_rescale": 3.7323150363025404},
{"mapping": [4, 1, 3, 8, 7, 11, 6, 10, 5, 9, 13], "R": [[0.21542101368711758, 0.9590202998392456, 0.18404850273299803], [0.7059597064876063, -0.022724178178068377, -0.7078873530033325], [-0.6746959905601544, 0.28242463812913887, -0.681924954888496]], "T": [0.06897859970866063, -0.03990715269498947, -0.11394835666033513], "aligned_model": [[0.8242338864499332, -0.07827843192057052, -0.2992760380716163, -0.4507818242812399, 0.3091993315475341, -0.7228955325526493, 0.5585821260842156, -0.04423978047550925, 0.6615440072784778, 0.15206816178549892, 0.12492461721572554], [-0.08341242273932632, -0.7610938594906435, -0.006559553119275557, 0.4781668879396366, 0.5491574831586121, -0.0902337394889214, -0.34220939451979293, -0.3901459473739858, 0.24967309631382778, 0.6119176711852695, -0.036548807230693287], [-0.5508958911144194, -0.19745716750769848, -0.4660306445378622, -0.12928183657390063, -0.43804618468237283, 0.29606541345537557, 0.2542825521863799, 0.5005919800072504, 0.17207472420950443, 0.21470566056171858, -0.012541786364405547]], "inverted": true, "swapped": false, "error_lsq": 0.04594930479053221, "error_max": 0.30958797861096626, "target": "872.xyz", "model": "3.xyz", "model_rescale": 3.9243930471874484, "target_rescale": 3.7323150363025404},
{"mapping": [0, 4, 3, 6, 5, 10, 7, 8, 1, 9, 12], "R": [[-0.20707559804326992, 0.12654172367087002, -0.9701066378833965], [-0.968525084415395, -0.166516397493909, 0.18501743221600053], [-0.13812623774350025, 0.9778852087725101, 0.157040316195461]], "T": [0.007737139418539443, 0.05042848469951798, 0.039823931976996865], "aligned_model": [[0.5302217559181154, -0.020656689295839997, -0.20705838932042925, -0.36378160503620144, 0.2984316539352981, -0.6612750898573816, 0.5761131937908388, -0.0330563761090905, 0.7064458707232473, 0.13389089431317014, 0.07580530399807309], [0.0362410127088274, -0.5423410527537026, -0.21453196048879314, 0.4237215033879742, 0.5850394506685076, -0.10099009441237335, -0.496912772615696, -0.2265871484483199, 0.19616270980768158, 0.40760597615381294, 0.11130379062678859], [-0.6310940171944321, 0.02621013755700903, -0.5403589820113701, -0.4542840111426653, -0.41107618342601865, 0.20298878878725113, 0.18224923790594372, 0.6036808260545871, 0.0668043769913664, 0.6349683358835422, -0.036621689765643506]], "inverted": false, "swapped": false, "error_lsq": 0.04805934270070471, "error_max": 0.22471391392697176, "target": "872.xyz", "model": "4.xyz", "model_rescale": 3.8936222436046832, "target_rescale": 3.7323150363025404},
{"mapping": [8, 6, 9, 0, 3, 1, 7, 5, 10, 2, 11], "R": [[0.43336649579117453, 0.880747968164755, 0.1909882114145639], [0.1700020594516512, 0.12822605052345076, -0.977065698788651], [-0.885038293017808, 0.455895927313256, -0.09416009426137567]], "T": [0.17263808008079318, 0.012694253499593328, -0.029255799649472114], "aligned_model": [[0.6194894449314774, -0.09429927850754188, -0.12626329801093567, -0.4417034223040128, 0.22514224948318495, -0.5923156107007097, 0.6070316854215897, -0.029367730797569436, 0.7058106667638382, 0.050678048551601435, 0.11087776822887811], [0.002960184670945082, -0.7378693352847223, -0.1238083676256865, 0.5815579230288297, 0.48700683127288236, 0.014704119973060953, -0.45422294368617155, -0.47928915605196054, 0.28167829574459435, 0.6523372195322302, -0.046343356939294686], [-0.617551585768958, -0.03197129017732936, -0.5527641037116439, -0.3150825879572379, -0.3494946528241163, 0.2114734643745849, 0.08492849874250986, 0.5825585791814495, 0.17772723664170556, 0.3356292392853847, 0.11801402185322063]], "inverted": false, "swapped": false, "error_lsq": 0.03982979464981042, "error_max": 0.21428665591182433, "target": "872.xyz", "model": "5.xyz", "model_rescale": 3.6523030999806103, "target_rescale": 3.7323150363025404},
{"mapping": [1, 4, 3, 7, 5, 11, 6, 10, 8, 9, 12], "R": [[0.8766947864535648, -0.22531330898421043, -0.42501783986054553], [0.4024219856744232, 0.8275820169289381, 0.3913624288325152], [0.263557957290219, -0.514141924035005, 0.8162078688046266]], "T": [0.16152298126418724, -0.02244728613924457, -0.07091760367185072], "aligned_model": [[0.5750727298625262, -0.19936403512373885, -0.25154972838286443, -0.34571891450235553, 0.36774565231029066, -0.6747181469217487, 0.6931921272981554, 0.11003727213025699, 0.6383892839965886, -0.00029150297938820846, 0.12228578537207813], [-0.24535000440032417, -0.4664964188467363, -0.11360430249356071, 0.401209973482536, 0.5254924109370314, 0.014841682324303912, -0.2824390360733797, -0.41978672532942973, 0.39057487742603403, 0.3435286001213729, 0.030740357486859576], [-0.5824504468202795, -0.02953486486371209, -0.6220092819452585, -0.2442330537797705, -0.41896620415936014, 0.20088988611129743, 0.19807435009964547, 0.598517705738998, 0.16512121599279023, 0.5311958395806505, -0.15313832631543117]], "inverted": true, "swapped": false, "error_lsq": 0.04926708700142413, "error_max": 0.2950370223200462, "target": "872.xyz", "model": "6.xyz", "model_rescale": 4.08911054899281, "target_rescale": 3.7323150363025404},
{"mapping": [13, 7, 12, 10, 11, 4, 2, 6, 1, 9, 14], "R": [[0.7297274257839557, -0.6541521822185216, 0.19895428258137032], [-0.5796771907637172, -0.4375880541962661, 0.6873798435603207], [-0.3625910072892138, -0.6169291833942303, -0.698517103662839]], "T": [-0.009321097467201972, 0.027899538447531545, 0.034972408159052934], "aligned_model": [[0.48278438570551563, 0.011681894891800146, -0.06873060890929361, -0.46807007197130135, 0.1513624340728212, -0.6394136404392297, 0.5896380846589836, 0.013111593009196773, 0.6835702419223515, 0.214195408934813, 0.06495080118414265], [-0.15356731809233917, -0.7263956321960408, 0.003646068377855669, 0.40862116776100244, 0.47443411914168776, -0.08353681188517878, -0.48371176384249137, -0.31980580968022954, 0.21788254774752117, 0.6714967804301883, 0.1696480668727319], [-0.4757099743063182, -0.13790510452898497, -0.6748756017353105, -0.36984275690559293, -0.3104530308191397, 0.3306323763959175, 0.20713894615959494, 0.39238076247497816, 0.18246514300272493, 0.4227613576998384, 0.07687470220186254]], "inverted": false, "swapped": false, "error_lsq": 0.04689953115007777, "error_max": 0.2309527840110659, "target": "872.xyz", "model": "7.xyz", "model_rescale": 3.964800864290218, "target_rescale": 3.7323150363025404},
{"mapping": [4, 9, 7, 1, 2, 5, 11, 10, 6, 3, 13], "R": [[-0.1666001003177887, 0.9767966128830264, -0.13458374208777962], [-0.27636418161303455, -0.17727829438049172, -0.9445608744082628], [-0.9465026390324862, -0.12016981069216581, 0.299486178149758]], "T": [0.08243342839852433, 0.0726165952484272, -0.0823483323260696], "aligned_model": [[0.7278597643674679, -0.018120478155989134, -0.25204695963480017, -0.487750776433965, 0.28221154710871454, -0.5480168959207977, 0.6715422096744083, -0.07634584725756008, 0.5884001591680673, 0.12072645030988918, 0.026621349834364677], [0.03817496087576758, -0.6060310962321453, -0.016610471136051908, 0.44963524530848764, 0.44003058975926923, 0.00836576107914136, -0.48757231983834837, -0.38473141522900167, 0.19606005296927237, 0.5196953437344207, 0.021694763343895543], [-0.360434674445359, -0.025930697553507423, -0.7044532797482946, -0.39197197683473184, -0.595869887546779, 0.4630643021467608, 0.07973975400733281, 0.5815462014228524, 0.17312222033869712, 0.4874033090296184, -0.06274845117701967]], "inverted": false, "swapped": false, "error_lsq": 0.04745536873162162, "error_max": 0.26628801854825307, "target": "872.xyz", "model": "8.xyz", "model_rescale": 4.121658175737393, "target_rescale": 3.7323150363025404},
{"mapping": [9, 1, 6, 8, 7, 2, 4, 0, 5, 10, 12], "R": [[-0.7330931138483882, -0.19377118326875153, 0.6519411131096908], [0.43641341425259716, 0.6011809703319176, 0.6694212222294461], [-0.5216491333151678, 0.7752639353442171, -0.3561572858529391]], "T": [0.026824944075386728, 0.16148686506977955, -0.006425473358296671], "aligned_model": [[0.5803813306671142, -0.14414378983264675, -0.09453481051626986, -0.49216536976995195, 0.29055877495557036, -0.6002078213896861, 0.532759142921558, 0.14339067159518148, 0.5945769496704748, 0.2146752747375978, 0.009790170020857882], [-0.04835287825844048, -0.5022627262840207, -0.16506436010726816, 0.3317733873780924, 0.6396187049774367, -0.08079078744495105, -0.5672575242698983, -0.2867265189602325, 0.22241463180613064, 0.5598214513550148, 0.07553803444284357], [-0.5918590101653403, 0.06525358716203956, -0.605439794885583, -0.48830190169045445, -0.40271491357716804, 0.16815373784412685, 0.026591479295574913, 0.6294530029769415, 0.22950539291199984, 0.6120586745666389, 0.0007665652007941386]], "inverted": false, "swapped": false, "error_lsq": 0.05137045857299321, "error_max": 0.23440532700135422, "target": "872.xyz", "model": "9.xyz", "model_rescale": 3.833441315466971, "target_rescale": 3.7323150363025404},
{"mapping": [3, 5, 6, 12, 7, 0, 2, 13, 9, 8, 14], "R": [[0.5272869684076913, -0.741487924840023, -0.4149266323868146], [-0.8343299944362785, -0.5442492336741898, -0.08767115847881038], [-0.16081639633876219, 0.392413594261837, -0.9056211446886167]], "T": [-0.06416592638513882, 0.08979804877080509, -0.1028139176558286], "aligned_model": [[0.7135520864469945, -0.06665933512552119, -0.30828918029383456, -0.5567822717113204, 0.36035797517779233, -0.5480725350424579, 0.4617946018793899, -0.03051220983371175, 0.6976401937861799, 0.2812716299172656, 0.030779567859023138], [-0.10387885236617818, -0.5809083681601082, -0.021768672730294883, 0.3690386863649333, 0.518318334290638, -0.17279590611296397, -0.28470809827556076, -0.3932075546385425, 0.23198584489243795, 0.5257940965303725, 0.09084190483997404], [-0.43742682868892774, -0.015739887844639158, -0.7266618731701845, -0.3086630370230819, -0.38576938885510337, 0.29806233589374187, 0.21303560895426188, 0.5306365980532541, 0.13665255690023476, 0.44320778833267893, -0.10386705291266501]], "inverted": true, "swapped": false, "error_lsq": 0.04658497580552565, "error_max": 0.22146985853028564, "target": "872.xyz", "model": "10.xyz", "model_rescale": 4.2482417240324, "target_rescale": 3.7323150363025404},
{"mapping": [4, 10, 9, 7, 5, 3, 0, 1, 6, 2, 11], "R": [[0.7474656486146617, -0.1837420655419241, -0.6383838637461401], [-0.6494300368201434, -0.40431082160810516, -0.6440290263694379], [-0.13977028087848367, 0.8959752300599422, -0.4215360669055301]], "T": [0.05699230422510308, -0.010359803766690323, 0.048103201323141734], "aligned_model": [[0.6864535987228417, 0.022146494602976782, -0.18510045079857057, -0.4455926706661287, 0.26719154791391014, -0.6509333939630253, 0.5073162618126765, 0.07441822546252835, 0.6357332132196774, 0.0408334508803284, 0.08261424587258537], [0.00269053174775577, -0.5686994510158493, -0.17166493441597497, 0.31550126137566936, 0.5197110685561974, 0.16442314533025493, -0.5949660525289733, -0.29109442554162834, 0.27194004792417936, 0.5445960001156844, -0.013725776912608331], [-0.5597189336015723, -0.27134158325778646, -0.7230534980124542, -0.26777518656247884, -0.4408010005293647, 0.40357999803647276, 0.21922696666451424, 0.6962011593234052, 0.1245747132372076, 0.5375112453728147, -0.07493706103118833]], "inverted": true, "swapped": false, "error_lsq": 0.044862867224206786, "error_max": 0.24841375704648808, "target": "872.xyz", "model": "11.xyz", "model_rescale": 3.6694154284099745, "target_rescale": 3.7323150363025404},
{"mapping": [1, 8, 2, 10, 12, 9, 4, 11, 0, 5, 13], "R": [[-0.19057946644249685, 0.3770976865959946, 0.9063535743485773], [0.9208131017402907, 0.3886974778615598, 0.031898312925408234], [-0.34026856838961506, 0.8406614095270528, -0.42131424839194614]], "T": [0.07402093288498711, 0.07037349866061493, 0.06095807760675806], "aligned_model": [[0.6311170225694142, -0.2898433440891426, -0.0029733749783931868, -0.43840329977110215, 0.13442455882176024, -0.673252759192869, 0.5925004049992327, -0.10811859459606736, 0.7581489324501657, 0.23640061500143844, 0.19508036184536315], [-0.08861898694667511, -0.5504024298491075, -0.11576846232047794, 0.2898917599297552, 0.5880306086761388, -0.16303665831662695, -0.4433439101417711, -0.45360757173011557, 0.2638285051139823, 0.7786721725260841, 0.07306638769352117], [-0.5561633289902731, -0.1732168267619116, -0.5601189065997646, -0.24361034830872288, -0.37510501265720253, 0.23924995806764005, 0.18323690095645892, 0.548090173971016, 0.13363479406074188, 0.40230338651382314, 0.045166029387764824]], "inverted": true, "swapped": false, "error_lsq": 0.04725727189842576, "error_max": 0.23442702097113335, "target": "872.xyz", "model": "12.xyz", "model_rescale": 3.9764082729961374, "target_rescale": 3.7323150363025404},
{"mapping": [0, 8, 1, 12, 9, 11, 7, 3, 4, 6, 15], "R": [[-0.08801642071719101, -0.5159539266724416, 0.8520825401540766], [-0.9925291266923992, 0.11798202681263392, -0.03108333985283096], [-0.08449285384787339, -0.8484525837667488, -0.5224836559627202]], "T": [0.030542831433558848, 0.13023330767178093, -0.048384104356385876], "aligned_model": [[0.6540691833315349, -0.23766535819505513, -0.2084980595728944, -0.36704443508025086, 0.2501176725093664, -0.5899977738373622, 0.5894027501722215, 0.027444237024745743, 0.6916148870267799, 0.13829722236129283, 0.08734019731942133], [0.007756509494285996, -0.5237675720891217, -0.07942542446033177, 0.4691928694171234, 0.3542011029436685, -0.1851706658559788, -0.36957579671342317, -0.47637290375109015, 0.22982732305598522, 0.6521076148239573, 0.09993835776963275], [-0.3995567910779644, -0.04861418402878624, -0.5981342719130602, -0.41477776690494883, -0.5613406740240389, 0.3337080173136505, 0.045956498376826194, 0.5351077553036202, 0.21415825640208716, 0.49905996079498716, 0.037900019397197574]], "inverted": true, "swapped": false, "error_lsq": 0.043365568015880956, "error_max": 0.21528294285236624, "target": "872.xyz", "model": "13.xyz", "model_rescale": 4.170626492500431, "target_rescale": 3.7323150363025404},
{"mapping": [5, 2, 4, 8, 12, 0, 6, 3, 11, 9, 13], "R": [[0.7146145252427564, -0.4534896890492208, -0.5326097842117729], [-0.5322403623681148, 0.14158378159229043, -0.834670132121837], [0.45392320603636044, 0.8799438247502325, -0.14018768956511224]], "T": [-0.06060050657993385, 0.06206543866456041, 0.04642149904142247], "aligned_model": [[0.720219293691329, -0.26109954082152964, -0.20923384984210514, -0.432132283670122, 0.2203710064806584, -0.6205977417263145, 0.5902752039310373, 0.20026251566628542, 0.6026958917110418, 0.18355983678140228, 0.04076019085811668], [0.02884125229203363, -0.5635918191539823, -0.16333147879337026, 0.4539443528436411, 0.42987244421831083, -0.07828999408995255, -0.46359501348237453, -0.295276859889093, 0.20631207667646848, 0.5678189007871373, 0.05600755322588841], [-0.41880578014634784, 0.010570414768927942, -0.6094500504743291, -0.4634327429130356, -0.5205698030966242, 0.19662754303628038, -0.040360789160755015, 0.5753171122949677, 0.2436281078749672, 0.6302927183565898, 0.03965008909892837]], "inverted": true, "swapped": false, "error_lsq": 0.04876411862180476, "error_max": 0.2353794886920341, "target": "872.xyz", "model": "14.xyz", "model_rescale": 3.9786697098870705, "target_rescale": 3.7323150363025404},
{"mapping": [2, 8, 5, 10, 4, 7, 3, 9, 0, 1, 11], "R": [[-0.28846337676614087, 0.5253490593246054, 0.8004981237525969], [0.8174847227183207, -0.3001429748829092, 0.4915617181500079], [0.4985053744813851, 0.7961925398389449, -0.3428845740449466]], "T": [0.027076460045460327, 0.04370277710147106, 0.06608275057676727], "aligned_model": [[0.6316393958404298, 0.02991724355353685, -0.22781377622229843, -0.4787344643596287, 0.14342821359619937, -0.6245932165397345, 0.6670610436045823, 0.1830046207616329, 0.6860944809180902, 0.012125187600179776, 0.012951794306810274], [-0.17283542265743004, -0.4201840463096996, -0.20814947225723443, 0.6731678634845458, 0.40075643307883624, -0.06661063461790781, -0.6042893256230238, -0.3307566669638068, 0.22075424247036393, 0.6496060533876628, 0.037252390642400865], [-0.5182649891939749, -0.17272485197505322, -0.6524302970975769, -0.13454128156819928, -0.4175386781151519, 0.071878370032428, 0.1912833892173212, 0.5381852833969366, 0.2008180943236593, 0.37158196617358014, 0.1652198144456012]], "inverted": true, "swapped": false, "error_lsq": 0.055243157569088645, "error_max": 0.28256280032893366, "target": "872.xyz", "model": "15.xyz", "model_rescale": 3.769337070930944, "target_rescale": 3.7323150363025404},
{"mapping": [2, 6, 8, 9, 3, 7, 4, 5, 0, 1, 10], "R": [[0.2595435133987014, -0.3705078424631949, 0.8918301987070893], [0.9415523923772924, 0.30243298303861454, -0.14836907756996567], [-0.214746960540203, 0.8782130888592093, 0.427347064451262]], "T": [0.05145796400133336, 0.029461784059507577, 0.006749673802409262], "aligned_model": [[0.5123765726827992, 0.06602708423556548, -0.27798924198107156, -0.3432212663051882, 0.2627269602357811, -0.5517912858589231, 0.5857808592370504, 0.05241268057147065, 0.6448461550817632, -0.016917914545428514, 0.10082991970598133], [-0.06726476674363366, -0.6709777529191224, -0.18047730992263053, 0.5648782581065769, 0.5215327257781223, -0.015458455514205188, -0.5111298612222123, -0.27269038985536326, 0.20082901925290528, 0.5770210434565491, 0.03244890421772131], [-0.5630958041706688, -0.19494099348840366, -0.6326905712830699, -0.4605159759044181, -0.4321979748562195, 0.38781268250687034, 0.18079633770611017, 0.6057105020985127, 0.19647009971991086, 0.5869496764583317, -0.030831159147385587]], "inverted": true, "swapped": false, "error_lsq": 0.04518505936686891, "error_max": 0.23730862490566534, "target": "872.xyz", "model": "16.xyz", "model_rescale": 3.7852294659196426, "target_rescale": 3.7323150363025404},
{"mapping": [3, 4, 0, 9, 8, 10, 1, 5, 2, 11, 12], "R": [[0.0974128231673756, -0.850046870965709, 0.5176205744017227], [0.9445749874615121, 0.24279944435113004, 0.22096724391833972], [-0.31351050212815224, 0.4674064045177282, 0.8265847918218457]], "T": [0.13665135945172469, 0.015337230353314153, 0.04974702653429325], "aligned_model": [[0.6558189517929318, -0.14127204169059904, -0.11472501216999187, -0.46323745290025364, 0.16778913374801085, -0.6470740544804264, 0.6448335529674252, 0.09273708294592839, 0.6897850427236563, 0.09018192994196209, 0.06024339018115618], [-0.14602622638710797, -0.625616875603249, -0.16156158571676685, 0.518029733844055, 0.550186924275175, 0.007871975715871466, -0.43628933402213566, -0.5113441498466094, 0.2422787999334066, 0.6752710899546303, 0.06591106248743746], [-0.5307029860025076, -0.06739861890120868, -0.5595672473851891, -0.31726175437017773, -0.32062056812813783, 0.23675991595429174, 0.1594669371752906, 0.4407550451605858, 0.17869536292069094, 0.36638557047046855, 0.05695516274546317]], "inverted": false, "swapped": false, "error_lsq": 0.03531707453238802, "error_max": 0.18928442001409446, "target": "872.xyz", "model": "17.xyz", "model_rescale": 3.901054581598922, "target_rescale": 3.7323150363025404},
{"mapping": [6, 10, 4, 8, 1, 5, 11, 9, 7, 3, 14], "R": [[0.9895697787259237, -0.10717686901607154, -0.09625368450214396], [-0.0874561595776627, 0.08397007627219956, -0.9926230132546632], [0.11446865590305856, 0.9906877131764342, 0.07372097243657563]], "T": [0.041979140423398655, 0.1189923029256451, 0.05154751753558673], "aligned_model": [[0.6431602504557727, -0.12140376883948653, -0.19422157673220317, -0.5085801936455028, 0.2888813206101001, -0.5134989634724157, 0.5807436417345464, -0.09481898086725396, 0.6592679162723569, 0.22832901725728935, 0.06722186028659667], [-0.09080198107470656, -0.6435361294805136, -0.09146535517725927, 0.3059250432486014, 0.4783501324852051, -0.02758410643443189, -0.45612357153969374, -0.3827283581615466, 0.35928565482814057, 0.6355617623400701, 0.09182832360084181], [-0.34631348408578727, -0.20204696754218998, -0.6733599008778466, -0.26838813600248124, -0.4921314439749097, 0.2965893084754959, 0.17686923150245987, 0.4562106781814169, 0.02170298638493579, 0.5824294314458812, 0.09190511613259515]], "inverted": false, "swapped": false, "error_lsq": 0.04306350203239542, "error_max": 0.2243076596277991, "target": "872.xyz", "model": "18.xyz", "model_rescale": 3.9405287249114394, "target_rescale": 3.7323150363025404},
{"mapping": [9, 4, 8, 6, 5, 1, 13, 12, 11, 10, 15], "R": [[-0.3230489415583824, -0.7931072375719062, -0.5163528745626091], [-0.9268737961131028, 0.1549369346598013, 0.341905706821503], [-0.19116575905976474, 0.5890462256812152, -0.7851625287631978]], "T": [0.06161933384411725, -0.08508105020928602, 0.07480856536917178], "aligned_model": [[0.6271490057061244, -0.16925783938366148, -0.16356627556092276, -0.43069510178882875, 0.16026986059785078, -0.5527362293852024, 0.664124660580663, -0.07426924998522685, 0.675322268252004, 0.23921241011133013, 0.05952701391566942], [-0.0015675285606634726, -0.7553316003536803, -0.013497699879633729, 0.31829396452061604, 0.5167539032934388, 0.08573173315647933, -0.34663313306785476, -0.4234362444927177, 0.2904861540032886, 0.5535728750408613, -0.04566100902542676], [-0.4372573765777916, -0.10442580502212816, -0.6438286315587497, -0.3165972975803827, -0.4902802816915819, 0.2448369716648977, 0.2159031598028348, 0.4836962241407095, 0.11393892850211336, 0.4972844818082677, 0.08019644615138113]], "inverted": true, "swapped": false, "error_lsq": 0.04053907654863296, "error_max": 0.18621641470284933, "target": "872.xyz", "model": "19.xyz", "model_rescale": 4.410303926677745, "target_rescale": 3.7323150363025404},
{"mapping": [4, 9, 7, 1, 2, 5, 11, 10, 6, 3, 13], "R": [[-0.1666001003177887, 0.9767966128830264, -0.13458374208777962], [-0.27636418161303455, -0.17727829438049172, -0.9445608744082628], [-0.9465026390324862, -0.12016981069216581, 0.299486178149758]], "T": [0.08243342839852433, 0.0726165952484272, -0.0823483323260696], "aligned_model": [[0.7278597643674679, -0.018120478155989134, -0.25204695963480017, -0.487750776433965, 0.28221154710871454, -0.5480168959207977, 0.6715422096744083, -0.07634584725756008, 0.5884001591680673, 0.12072645030988918, 0.026621349834364677], [0.03817496087576758, -0.6060310962321453, -0.016610471136051908, 0.44963524530848764, 0.44003058975926923, 0.00836576107914136, -0.48757231983834837, -0.38473141522900167, 0.19606005296927237, 0.5196953437344207, 0.021694763343895543], [-0.360434674445359, -0.025930697553507423, -0.7044532797482946, -0.39197197683473184, -0.595869887546779, 0.4630643021467608, 0.07973975400733281, 0.5815462014228524, 0.17312222033869712, 0.4874033090296184, -0.06274845117701967]], "inverted": false, "swapped": false, "error_lsq": 0.04745536873162162, "error_max": 0.26628801854825307, "target": "872.xyz", "model": "20.xyz", "model_rescale": 4.121658175737393, "target_rescale": 3.7323150363025404},
{"mapping": [1, 4, 3, 7, 5, 11, 6, 10, 8, 9, 12], "R": [[0.8766947864535648, -0.22531330898421043, -0.42501783986054553], [0.4024219856744232, 0.8275820169289381, 0.3913624288325152], [0.263557957290219, -0.514141924035005, 0.8162078688046266]], "T": [0.16152298126418724, -0.02244728613924457, -0.07091760367185072], "aligned_model": [[0.5750727298625262, -0.19936403512373885, -0.25154972838286443, -0.34571891450235553, 0.36774565231029066, -0.6747181469217487, 0.6931921272981554, 0.11003727213025699, 0.6383892839965886, -0.00029150297938820846, 0.12228578537207813], [-0.24535000440032417, -0.4664964188467363, -0.11360430249356071, 0.401209973482536, 0.5254924109370314, 0.014841682324303912, -0.2824390360733797, -0.41978672532942973, 0.39057487742603403, 0.3435286001213729, 0.030740357486859576], [-0.5824504468202795, -0.02953486486371209, -0.6220092819452585, -0.2442330537797705, -0.41896620415936014, 0.20088988611129743, 0.19807435009964547, 0.598517705738998, 0.16512121599279023, 0.5311958395806505, -0.15313832631543117]], "inverted": true, "swapped": false, "error_lsq": 0.04926708700142413, "error_max": 0.2950370223200462, "target": "872.xyz", "model": "21.xyz", "model_rescale": 4.08911054899281, "target_rescale": 3.7323150363025404},
{"mapping": [0, 2, 13, 12, 7, 14, 1, 15, 8, 5, 16], "R": [[0.8207584735671714, 0.13074821409803422, 0.5561118885421006], [-0.2553250951123775, -0.7868635980770018, 0.5618316240896112], [0.5110426830251487, -0.6031173870246896, -0.6124416654628981]], "T": [0.09132008619292853, 0.06634656122653242, 0.005626760023526196], "aligned_model": [[0.5775306222560241, 0.05952971975320609, -0.233826815315058, -0.5038392008278071, 0.13113485131594904, -0.5295787203367391, 0.660661838995983, -0.11973900116864569, 0.704334459363768, 0.19249367824903235, 0.09637909077408675], [-0.10534982268769773, -0.6549323034109084, 0.05864545030825277, 0.4296115416263056, 0.49034836012295474, -0.04696923417886474, -0.445359496371921, -0.3962951810196547, 0.1888166852564261, 0.6043697570168107, 0.05582565797300411], [-0.572472768216455, 0.005589313991297924, -0.5696559108076211, -0.23684691508824185, -0.5639638359489059, 0.12167325289918424, 0.21540106826510602, 0.5280477567949858, 0.3055875325691015, 0.4506256353145191, -0.04051831013340069]], "inverted": true, "swapped": false, "error_lsq": 0.04274688418452323, "error_max": 0.21735953556910625, "target": "872.xyz", "model": "22.xyz", "model_rescale": 4.204369325754507, "target_rescale": 3.7323150363025404},
{"mapping": [9, 4, 8, 6, 5, 1, 13, 12, 11, 10, 15], "R": [[-0.3230489415583824, -0.7931072375719062, -0.5163528745626091], [-0.9268737961131028, 0.1549369346598013, 0.341905706821503], [-0.19116575905976474, 0.5890462256812152, -0.7851625287631978]], "T": [0.06161933384411725, -0.08508105020928602, 0.07480856536917178], "aligned_model": [[0.6271490057061244, -0.16925783938366148, -0.16356627556092276, -0.43069510178882875, 0.16026986059785078, -0.5527362293852024, 0.664124660580663, -0.07426924998522685, 0.675322268252004, 0.23921241011133013, 0.05952701391566942], [-0.0015675285606634726, -0.7553316003536803, -0.013497699879633729, 0.31829396452061604, 0.5167539032934388, 0.08573173315647933, -0.34663313306785476, -0.4234362444927177, 0.2904861540032886, 0.5535728750408613, -0.04566100902542676], [-0.4372573765777916, -0.10442580502212816, -0.6438286315587497, -0.3165972975803827, -0.4902802816915819, 0.2448369716648977, 0.2159031598028348, 0.4836962241407095, 0.11393892850211336, 0.4972844818082677, 0.08019644615138113]], "inverted": true, "swapped": false, "error_lsq": 0.04053907654863296, "error_max": 0.18621641470284933, "target": "872.xyz", "model": "23.xyz", "model_rescale": 4.410303926677745, "target_rescale": 3.7323150363025404},
{"mapping": [1, 10, 11, 14, 7, 15, 3, 4, 0, 12, 16], "R": [[0.05599157056084625, 0.1541024343790563, 0.9864671224853765], [0.2844041428675279, -0.9495469988468774, 0.13219221043872117], [0.9570680370516595, 0.27315368695907627, -0.09699399855014973]], "T": [-0.057676367333532486, 0.062342294589447025, -0.00580690909103395], "aligned_model": [[0.6077695844493438, -0.03415001961548283, -0.17023176494370867, -0.6286844013334036, 0.34757827896449306, -0.7091948233794885, 0.6555044781502035, 0.07375853375796151, 0.6176759074224167, 0.22716543170968317, 0.047889317877781445], [-0.16350854606412468, -0.5563999006944221, -0.01028327320106287, 0.3170807333343322, 0.44051384678921957, 0.035754575324407706, -0.4491727945785274, -0.41335504581894394, 0.2810585441437696, 0.6913825220750082, 0.005640753325051082], [-0.4982583611167075, -0.20677594405404148, -0.6244977009917088, -0.26505224260362775, -0.3728026113042545, 0.28424650917968153, 0.1916174557240621, 0.47411108400216423, 0.2519688039795032, 0.4057139002326691, 0.0031959265918295853]], "inverted": true, "swapped": false, "error_lsq": 0.03676529384077553, "error_max": 0.20305868769952892, "target": "872.xyz", "model": "24.xyz", "model_rescale": 4.28219845311461, "target_rescale": 3.7323150363025404},
{"mapping": [3, 7, 4, 0, 1, 2, 9, 12, 5, 10, 15], "R": [[0.33365338261835986, 0.8940271626789797, -0.2989830307216444], [0.9292060921756566, -0.2584376487087898, 0.2641704373950986], [0.15890707514447536, -0.3659582136283397, -0.9169640818194477]], "T": [0.039574644177919185, 0.021676140590808295, 0.08309694583741327], "aligned_model": [[0.44513308719914085, 0.08374673066944506, -0.2505877278865892, -0.44571257388230356, 0.312994973746256, -0.643007360993189, 0.5619414643035658, 0.0576131217389665, 0.817441021542865, 0.10225864903500663, -0.006740862413363996], [-0.111115634026269, -0.6830165866464856, -0.13742968828881005, 0.4720299178669351, 0.3863877644965877, 0.06230512960348605, -0.4037746411516241, -0.4002771672956185, 0.3672002893851564, 0.5688945052137487, 0.05750752547760033], [-0.5633812353474388, -0.24401617328818126, -0.5689304355509296, -0.39359159326993803, -0.3664630096895694, 0.11789803570995001, 0.1378529630907092, 0.7203174096676374, 0.1116913942359881, 0.6543478502413795, 0.03774161383996227]], "inverted": true, "swapped": false, "error_lsq": 0.046117471723869506, "error_max": 0.24146585596049325, "target": "872.xyz", "model": "25.xyz", "model_rescale": 4.100010024507729, "target_rescale": 3.7323150363025404},
{"mapping": [4, 10, 9, 7, 5, 3, 0, 1, 6, 2, 11], "R": [[0.7474656486146617, -0.1837420655419241, -0.6383838637461401], [-0.6494300368201434, -0.40431082160810516, -0.6440290263694379], [-0.13977028087848367, 0.8959752300599422, -0.4215360669055301]], "T": [0.05699230422510308, -0.010359803766690323, 0.048103201323141734], "aligned_model": [[0.6864535987228417, 0.022146494602976782, -0.18510045079857057, -0.4455926706661287, 0.26719154791391014, -0.6509333939630253, 0.5073162618126765, 0.07441822546252835, 0.6357332132196774, 0.0408334508803284, 0.08261424587258537], [0.00269053174775577, -0.5686994510158493, -0.17166493441597497, 0.31550126137566936, 0.5197110685561974, 0.16442314533025493, -0.5949660525289733, -0.29109442554162834, 0.27194004792417936, 0.5445960001156844, -0.013725776912608331], [-0.5597189336015723, -0.27134158325778646, -0.7230534980124542, -0.26777518656247884, -0.4408010005293647, 0.40357999803647276, 0.21922696666451424, 0.6962011593234052, 0.1245747132372076, 0.5375112453728147, -0.07493706103118833]], "inverted": true, "swapped": false, "error_lsq": 0.044862867224206786, "error_max": 0.24841375704648808, "target": "872.xyz", "model": "26.xyz", "model_rescale": 3.6694154284099745, "target_rescale": 3.7323150363025404},
{"mapping": [11, 8, 4, 0, 2, 5, 9, 7, 12, 6, 13], "R": [[0.6173825758100601, -0.257462960536278, 0.7433381323718236], [-0.14230986184076816, -0.9658885832464009, -0.21634959666503223], [0.7736838232178551, 0.027786124345716326, -0.6329622998132254]], "T": [0.06973267820646994, -0.041472534061373655, 0.019403766442327754], "aligned_model": [[0.8048188263071165, -0.14732440227327015, -0.33610809403421543, -0.4104657027272832, 0.21504943456209008, -0.6790677016076458, 0.570024077609935, -0.06074564736009749, 0.7765259460430296, 0.22246615098311148, 0.07990763555702975], [0.09990050092951522, -0.6249339152013682, -0.13686064227674136, 0.36313139663313654, 0.47648216856305103, -0.05726486217523038, -0.4860773107193059, -0.3139478515136166, 0.29282449894233287, 0.5632317064674554, 0.002225724985478815], [-0.39992604300747886, -0.12487455126990102, -0.6889216859360997, -0.18708719546229338, -0.39621097409848616, 0.27440787088798224, 0.1493985499000719, 0.5715460784010183, 0.1551299010785344, 0.3061016903699879, -0.016096821223766093]], "inverted": false, "swapped": false, "error_lsq": 0.04362317467675154, "error_max": 0.2800837551665959, "target": "872.xyz", "model": "27.xyz", "model_rescale": 4.103607728864725, "target_rescale": 3.7323150363025404},
{"mapping": [11, 7, 8, 4, 13, 1, 6, 5, 10, 3, 14], "R": [[0.4358058832055271, 0.5649411993674639, -0.7006530335484905], [-0.30209841686497796, 0.8251232531840924, 0.47739728066105963], [0.8478265027062583, 0.0036136286682332264, 0.5302614100580237]], "T": [0.242649401843621, 0.13565791873249944, 0.06381546676070456], "aligned_model": [[0.5664943635931059, -0.07850578277760079, -0.2122994587593281, -0.45517511791228155, 0.22418820898554198, -0.6058629379653508, 0.5865516406445501, 0.0733347670023208, 0.7089111267780359, 0.12767377028386578, 0.09976994318694027], [-0.16575001600296296, -0.48010515274187837, -0.15546288385959206, 0.43809563142842434, 0.4209372518712618, -0.05967975117389063, -0.3936973099588911, -0.489377781946037, 0.25397463705384793, 0.6651884414379844, 0.14458834852644062], [-0.4618640278814828, -0.13054613634734974, -0.553072034604686, -0.4293190551511353, -0.5176889781026697, 0.2753121239028805, 0.11655591477419762, 0.40411436139263995, 0.23226852945949622, 0.5833430235250212, 0.12436309867265799]], "inverted": true, "swapped": false, "error_lsq": 0.03920575342044612, "error_max": 0.20056441062381328, "target": "872.xyz", "model": "28.xyz", "model_rescale": 4.137296879288765, "target_rescale": 3.7323150363025404},
{"mapping": [0, 7, 1, 2, 5, 3, 9, 8, 6, 4, 10], "R": [[0.7871221302977838, 0.27265728073639317, 0.5532601189828475], [0.4269788101069725, 0.40644860781992725, -0.8077676800422737], [-0.4451155442299369, 0.8720421643835112, 0.20350581274796167]], "T": [0.09002820083054949, -0.003624834264774165, -0.013449039842719404], "aligned_model": [[0.5631604879012878, -0.1253581407959987, -0.09047145508599966, -0.49571630214220586, 0.15176153796869604, -0.48148076299926845, 0.6682055697911085, -0.11906138906684308, 0.6582536881421569, 0.17131973438959638, 0.13446755495727036], [-0.1786477138589626, -0.6560443916419957, -0.10310908033489852, 0.41269504449056493, 0.5326998353559399, 0.07016970165954473, -0.42321838695854275, -0.4523130319462106, 0.4258599471529449, 0.5346410360817483, 0.015978454634574854], [-0.49928149338710026, -0.21831404338483895, -0.7376601450376817, -0.3228035482250764, -0.4156218774060016, 0.352338597581634, 0.303483755570667, 0.5093456833840091, 0.08041490987732205, 0.5372700375188132, 0.05429494314782364]], "inverted": false, "swapped": false, "error_lsq": 0.04525104838909782, "error_max": 0.26213592020798887, "target": "872.xyz", "model": "29.xyz", "model_rescale": 3.607286011436655, "target_rescale": 3.7323150363025404},
{"mapping": [13, 7, 12, 10, 11, 4, 2, 6, 1, 9, 14], "R": [[0.7297274257839557, -0.6541521822185216, 0.19895428258137032], [-0.5796771907637172, -0.4375880541962661, 0.6873798435603207], [-0.3625910072892138, -0.6169291833942303, -0.698517103662839]], "T": [-0.009321097467201972, 0.027899538447531545, 0.034972408159052934], "aligned_model": [[0.48278438570551563, 0.011681894891800146, -0.06873060890929361, -0.46807007197130135, 0.1513624340728212, -0.6394136404392297, 0.5896380846589836, 0.013111593009196773, 0.6835702419223515, 0.214195408934813, 0.06495080118414265], [-0.15356731809233917, -0.7263956321960408, 0.003646068377855669, 0.40862116776100244, 0.47443411914168776, -0.08353681188517878, -0.48371176384249137, -0.31980580968022954, 0.21788254774752117, 0.6714967804301883, 0.1696480668727319], [-0.4757099743063182, -0.13790510452898497, -0.6748756017353105, -0.36984275690559293, -0.3104530308191397, 0.3306323763959175, 0.20713894615959494, 0.39238076247497816, 0.18246514300272493, 0.4227613576998384, 0.07687470220186254]], "inverted": false, "swapped": false, "error_lsq": 0.04689953115007777, "error_max": 0.2309527840110659, "target": "872.xyz", "model": "30.xyz", "model_rescale": 3.964800864290218, "target_rescale": 3.7323150363025404},
