[{"mapping": [4, 2, 9, 11, 8, 3, 1, 0, 7, 10, 5, 12], "R": [[-0.5420971059768569, -0.7548945481770837, 0.3691408251928163], [-0.38512536749179915, 0.6136288567458437, 0.689302602260499], [-0.7468662390320124, 0.23150344986912355, -0.623375467670064]], "T": [-0.09363112615197962, -0.16758459771393885, 0.04944201242429897], "aligned_model": [[-0.2063164011838654, 0.05194599925256542, 0.5616080223195667, -0.4431821661186572, 0.051949232377539664, -0.6078786289666994, 0.48630063708086974, -0.2882398940988304, 0.6947751622768699, 0.17239586145314995, -0.5256316211945732, -0.11008374073738711], [-0.2829476804125407, -0.6757526059369096, -0.33276353954846644, 0.668457231354891, 0.3942851410077909, -0.5246653144254343, -0.33010319383542275, -0.46724783718572477, 0.195625480071062, 0.3643204750637242, 0.17733749604623184, -0.13299061622214403], [-0.5793735456781041, 0.08010174871939074, -0.5518991240442199, -0.13062438553562533, -0.3516037122226361, -0.04542094694067727, 0.37930348882501136, 0.7113918681886917, -0.09363817339681418, 0.3655069068867381, 0.4174033783180533, -0.01919575776624572]], "inverted": false, "swapped": true, "error_lsq": 0.053591009616536206, "error_max": 0.3732057577212668, "target": "873.xyz", "model": "0.xyz", "model_rescale": 3.751011558992144, "target_rescale": 3.7335030918868983},
{"mapping": [7, 3, 0, 1, 8, 6, 4, 13, 5, 2, 12, 10, 14], "R": [[-0.6615743854283941, -0.7122346598152565, -0.23460844380134518], [0.346301252680812, -0.5676852608238047, 0.7468660435681286], [-0.665127638079146, 0.412862245793019, 0.6222137824429813]], "T": [-0.01706378590278394, 0.10728755278939758, 0.17455366026572955], "aligned_model": [[-0.2808007284780217, -0.4253143479560895, 0.10515721356479825, 0.362901952389809, 0.5875911408168736, -0.08187959097431956, 0.6445362072217478, -0.4351336637685128, 0.06210111576764711, 0.13416410211845292, -0.7426206176166036, 0.10017410515332482, -0.06959626155745978], [0.129090498800471, -0.5024345417198935, -0.425828944230359, 0.14902296487952763, -0.07882446583691785, 0.664631072873672, 0.5404215609108937, -0.31918322605182214, -0.07144706364124778, -0.6714396489266427, 0.060418907723746314, 0.7964565152742556, 0.11903969776035228], [-0.4334302872719898, -0.037522589142681195, -0.3511395453152581, -0.4081724696935061, 0.3749856643378252, -0.32433796855072955, 0.1905020149155292, 0.5878845813404501, 0.7677424179377892, 0.4079035545880758, 0.021760603681587, 0.6032203911617968, 0.1848511615908105]], "inverted": false, "swapped": false, "error_lsq": 0.048244972154559466, "error_max": 0.32323849235108654, "target": "873.xyz", "model": "1.xyz", "model_rescale": 3.9405287249114394, "target_rescale": 3.7335030918868983},
{"mapping": [8, 9, 10, 3, 6, 4, 7, 5, 0, 11, 2, 1, 12], "R": [[0.6002867453353582, 0.22962818618135822, 0.7661114275911453], [0.6756266836781064, 0.3670189543185757, -0.639394769663487], [-0.4280004762576871, 0.9014255284170507, 0.06517368365555447]], "T": [0.023187667769265896, 0.07703059452613276, 0.14222905988413206], "aligned_model": [[-0.321245911282147, -0.3883322847132392, 0.1369111386080863, 0.4142907832190813, 0.4671641290716714, -0.05768931438849145, 0.6872770239665336, -0.4260706124416983, 0.058316534092318295, 0.11577494907622082, -0.5744403723663825, -0.09516024540039247, -0.0555151907599149], [0.007865892348065895, -0.5007821818361984, -0.463257717937312, 0.08837365827265306, -0.05740419961774884, 0.6191981972402849, 0.505986565369164, -0.3258029698991822, 0.0355305419380207, -0.6104018253822212, 0.20653801872626543, 0.7685829334188754, 0.11549641517536902], [-0.54861934874414, -0.2413916268251625, -0.49545630995599965, -0.2745554966425967, 0.4253683918786636, -0.2950453690584409, 0.07984352294044209, 0.5471591741150094, 0.9788733670194403, 0.30495137684254414, 0.4426257646634647, 0.5096191337547119, 0.1508749495917621]], "inverted": false, "swapped": false, "error_lsq": 0.05309224789493634, "error_max": 0.3116384538049006, "target": "873.xyz", "model": "2.xyz", "model_rescale": 3.932901565614263, "target_rescale": 3.7335030918868983},
{"mapping": [11, 8, 3, 1, 0, 10, 2, 9, 5, 7, 12, 6, 13], "R": [[-0.20238845276728162, -0.047129671507814386, -0.9781705926115505], [0.8551050721679139, -0.4953465856842639, -0.15305905920150448], [-0.4773198400854224, -0.867416021361439, 0.14055325021613346]], "T": [0.05882944740508801, -0.04565877536145829, 0.0965631661584234], "aligned_model": [[-0.4503624737420703, -0.35404471721161535, 0.21971348311042793, 0.4823431359671899, 0.7170430609691655, -0.2644140469192104, 0.7025836252709616, -0.5374748034010038, -0.16736134354449078, 0.05518001661547324, -0.4997051986305683, 0.06589927581723805, -0.008119387619851134], [-0.010757966641568598, -0.5955685587322859, -0.40289125945620774, 0.3778350546911717, -0.1592346120453818, 0.5479231692626543, 0.4305802923204777, -0.28931353686144384, 0.10910701778446993, -0.5935781577456363, 0.3892512515374944, 0.5547036772216241, 0.031866956480668326], [-0.6363858220778608, -0.16018745190707967, -0.23083072114535103, -0.3393929697314513, 0.043594332081457514, -0.14075425565149574, 0.32672997973495466, 0.4498994607246853, 0.7611569977700197, 0.5542896995927388, 0.38295822170252947, 0.42245763333515773, 0.1507124251513943]], "inverted": false, "swapped": false, "error_lsq": 0.05646075399069909, "error_max": 0.2693827553352803, "target": "873.xyz", "model": "3.xyz", "model_rescale": 3.9243930471874484, "target_rescale": 3.7335030918868983},
{"mapping": [9, 1, 7, 8, 4, 11, 10, 0, 3, 2, 5, 6, 12], "R": [[0.8362801745971389, 0.3442499901382328, 0.4267638853811393], [-0.41711803156992616, -0.10574707324956412, 0.9026794027994558], [0.3558764073593663, -0.932903800393684, 0.05515869737414425]], "T": [0.04210293016370865, 0.11601600559535047, 0.056834537854570155], "aligned_model": [[-0.13656044361926062, -0.44483887679790685, 0.20564423420263567, 0.4451286675745896, 0.5209093500298329, -0.19653695876954352, 0.57217150285961, -0.4240655489720587, 0.2005678000695321, 0.143654146365164, -0.6672938951801235, -0.19258249010763132, -0.06491686097319382], [0.282102312398515, -0.35646904119158557, -0.648722973250794, 0.0398167302373051, -0.21140832286472294, 0.8321793150392616, 0.5795647645298707, -0.376117816693805, 0.0767981743854475, -0.6583173955255588, 0.15408205928802743, 0.5865421665573679, 0.08987335490670666], [-0.6051187303886247, -0.16633772112532355, -0.12021713544670184, -0.42076392773713595, 0.18294952850806603, -0.18043155539052105, 0.09257773090315867, 0.5704624220079756, 0.7097543009844636, 0.5480672980712608, 0.3193801901195469, 0.5518541335264193, 0.10207099554711555]], "inverted": false, "swapped": false, "error_lsq": 0.0501133612219775, "error_max": 0.3247874300419166, "target": "873.xyz", "model": "4.xyz", "model_rescale": 3.8936222436046832, "target_rescale": 3.7335030918868983},
{"mapping": [6, 8, 4, 3, 9, 7, 10, 1, 0, 5, 2, 12], "R": [[0.029629006618554277, 0.3927065787355335, -0.9191864147084802], [0.057356956598788644, -0.9187428902698782, -0.3906682494243362], [-0.997913974998107, -0.04114662314677778, -0.04974589336914864]], "T": [0.00885688768096149, -0.020469452625400567, -0.03204794055333674], "aligned_model": [[0.025278605192146114, -0.5704333602522126, -0.2746445128836147, 0.42744608711971144, -0.737435562953158, -0.7436194929334816, -0.17660766722437796, -0.09179399663206711, 0.6816087178080845, 0.3872361745589752, 0.13895956236181944, -0.038446511946727276], [-0.5925670532884537, -0.420691459015309, 0.027327662374811153, 0.019516126733290087, 0.4675741918408871, 0.0792407204741516, -0.3412491866355989, 0.4150994554258138, 0.12698882960847274, -0.5437264540925575, 0.4891655101405149, -0.05775543845621496], [-0.6507866587978524, -0.07647846597394495, -0.6140771579006733, -0.5054825706918892, -0.1840169049741207, 0.4127162147145871, 0.5303519556188926, 0.48919179654562556, 0.27045705322405267, 0.12294390100172273, -0.09298185737727899, -0.08255258611360293]], "inverted": false, "swapped": true, "error_lsq": 0.0368221654360096, "error_max": 0.18343805354363524, "target": "873.xyz", "model": "5.xyz", "model_rescale": 3.6523030999806103, "target_rescale": 3.7335030918868983},
{"mapping": [6, 10, 9, 8, 7, 1, 5, 4, 3, 11, 2, 0, 12], "R": [[0.27243661148813064, 0.8730214471336982, 0.40448961119594684], [0.3426936595975539, 0.30478138811882044, -0.8886334233687143], [-0.8990769424206702, 0.3807123038476008, -0.21614530600165927]], "T": [-0.0038340421785376818, 0.017155811882347605, 0.04132891350458821], "aligned_model": [[-0.3429533218889829, -0.42209158715484674, 0.35139711953644487, 0.33227986472529675, 0.48972712722294875, -0.2542784992694206, 0.5284269293590942, -0.3987421648684449, -0.0146627512705073, 0.1288717667516666, -0.7197402544509842, 0.22525293493950851, 0.057793463049873296], [0.11721030940359946, -0.5610398585935175, -0.5426467434145184, 0.1384090892446606, -0.13682458530554775, 0.6647277389034624, 0.44159686827927197, -0.2543601659259112, 0.19784073187126355, -0.7061004878921, 0.2069237926291871, 0.7635975025506604, 0.06058913606552573], [-0.5042090537594217, -0.27398590438437265, -0.2469327662420699, -0.5296598665788992, 0.48798926437320833, 0.05873693579476512, 0.020078553290622567, 0.3566989348371105, 0.7120571756912804, 0.524918094787351, 0.20769610655088433, 0.6557454577527418, 0.11511459746649852]], "inverted": true, "swapped": false, "error_lsq": 0.05884248863655176, "error_max": 0.31880149535177965, "target": "873.xyz", "model": "6.xyz", "model_rescale": 4.08911054899281, "target_rescale": 3.7335030918868983},
{"mapping": [13, 1, 6, 7, 4, 12, 5, 9, 8, 3, 11, 10, 14], "R": [[0.20001083778214485, -0.5970185865406488, 0.7768941189729079], [0.015861383491053482, -0.7908391879080141, -0.6118184333466449], [0.9796652904351744, 0.1346929329771952, -0.14870686777202496]], "T": [-0.004614996239458496, -0.008424391858226351, 0.0660029745495551], "aligned_model": [[-0.3474904547633055, -0.5760931207856791, 0.30432475127868486, 0.45060475179368065, 0.579510960599674, -0.12232904838853859, 0.5827524798782344, -0.500555547530027, 0.011867779684965643, 0.2710229927144181, -0.5042783233137431, -0.04616622277451966, -0.14189037171219887], [0.2404830761507117, -0.40880268095368294, -0.37172115017491125, 0.07713407907645292, -0.03009351494746784, 0.6593475030387655, 0.47684461399362504, -0.3982732296969121, -0.010227676691226765, -0.6359473597926752, 0.27768307039499435, 0.578411266043333, -0.06491466862497058], [-0.5309693989008959, -0.1599528566244262, -0.08135598939051038, -0.5542741357724493, 0.4599278472772951, -0.15360125201159686, 0.06217289073641791, 0.5314255364534919, 0.7478196944579334, 0.4618439274914871, 0.18006498653091163, 0.4821427403622679, 0.13900353896977258]], "inverted": true, "swapped": false, "error_lsq": 0.05156763915344286, "error_max": 0.317834240874745, "target": "873.xyz", "model": "7.xyz", "model_rescale": 3.964800864290218, "target_rescale": 3.7335030918868983},
{"mapping": [8, 5, 1, 7, 2, 9, 4, 3, 6, 0, 10, 11, 13], "R": [[-0.6855294164885247, -0.4067090621561519, 0.6038519337461512], [-0.2706882686193667, -0.6275721777750586, -0.7299870018805266], [0.6758530020357625, -0.6638831978915671, 0.3201278169677134]], "T": [0.0546480352614115, 0.028120099693101044, 0.1404029142731851], "aligned_model": [[-0.2774554151109614, -0.6740724972479331, 0.23536987934906056, 0.4517971248493926, 0.6920648279521658, -0.2411329528326578, 0.5234805845510356, -0.29390391854504727, 0.05265922310718946, 0.26494850047425783, -0.7277187924843347, -0.046124315111723255, 0.0013683777312015616], [0.11738414410680571, -0.27335865526906866, -0.5348002474603002, 0.019449133235908127, -0.14172218579325474, 0.5687285181769892, 0.39283760307235693, -0.4097310525443125, 0.1288039177565251, -0.5778972913244727, 0.2789704123178234, 0.7769807957873586, 0.04427823575367798], [-0.5471993036064213, -0.13735177744981344, -0.32174445291897824, -0.4504021127381368, 0.19924302143398945, -0.16637529834149764, 0.517590637388926, 0.6016627105750918, 0.7116862385396344, 0.45926967114548245, 0.15090436685692418, 0.4812634660229854, 0.08570036267151286]], "inverted": true, "swapped": false, "error_lsq": 0.04891418090678317, "error_max": 0.32928523547154626, "target": "873.xyz", "model": "8.xyz", "model_rescale": 4.121658175737393, "target_rescale": 3.7335030918868983},
{"mapping": [2, 1, 6, 8, 7, 3, 11, 4, 5, 9, 0, 10, 12], "R": [[0.6543249906658157, -0.03284694694720103, 0.7554997582173195], [0.10250009395692528, 0.9936885990932531, -0.045570810514081406], [-0.7492346343629626, 0.10725691636596954, 0.6535620984747064]], "T": [0.056473584342717036, 0.048112717967530375, 0.12254205308969288], "aligned_model": [[-0.25352175346967026, -0.5045123647220824, 0.18308277306136683, 0.4842924197818042, 0.6824382582623524, -0.11472590860773824, 0.4914783935394452, -0.517062015877195, -0.03562347669258748, 0.27747196358189563, -0.6914434890346733, -0.025852657352062665, -0.014741515789209216], [0.21440162325231493, -0.25444887839843566, -0.5546745983786411, -0.046669342484805434, -0.028422572458150996, 0.7646257483209947, 0.5028433366013886, -0.5238557865740416, 0.08949611390611875, -0.674055759655776, 0.2054959509877079, 0.6893033451230612, 0.005884147574300391], [-0.4762879239260355, -0.13953228954971056, -0.19494749741261816, -0.45930048814225655, 0.36237842780659524, -0.16027202438387425, 0.03873898031732373, 0.4859108228148691, 0.7320692896960862, 0.47300206983317217, 0.3087537939574322, 0.5207603351557915, 0.09297403341292448]], "inverted": false, "swapped": false, "error_lsq": 0.047314538652728486, "error_max": 0.23695269089789162, "target": "873.xyz", "model": "9.xyz", "model_rescale": 3.833441315466971, "target_rescale": 3.7335030918868983},
{"mapping": [13, 10, 8, 2, 7, 5, 3, 12, 6, 11, 1, 4, 14], "R": [[0.32545313327927183, -0.9215576229717168, -0.2116879911129206], [0.9092257812178173, 0.243541513282701, 0.33763295170469065], [-0.2595934067104835, -0.30235588112469625, 0.9171652982651243]], "T": [-0.0481930458675802, -0.007748221697514882, 0.14993611636200246], "aligned_model": [[-0.27732254227919956, -0.3644270368218547, 0.2644946979507261, 0.2843687177268659, 0.5214454337475626, -0.23662152955622331, 0.7112400874896596, -0.3974489893238537, -0.1674205280436333, 0.13332194952102025, -0.7041968453832, 0.1520353176500431, 0.04181189400373287], [0.21654538678573887, -0.6819049496338423, -0.5489624711990652, 0.3079959107537642, -0.23406298793376462, 0.5783690625357124, 0.4133003390445217, -0.26969009431043955, 0.27857215265442026, -0.6309932805593796, 0.26138181708957153, 0.6926341275494423, 0.006738315039356294], [-0.5800492208074325, -0.1982921315777453, -0.3157600006274257, -0.4035605603625969, 0.41110197536159776, -0.13005752128870532, 0.16729339736729157, 0.5651791760791703, 0.7541173960867571, 0.35959055608822843, 0.35690705673131407, 0.47441376951643277, 0.12336363701281253]], "inverted": true, "swapped": false, "error_lsq": 0.052547906816935254, "error_max": 0.2749300756451149, "target": "873.xyz", "model": "10.xyz", "model_rescale": 4.2482417240324, "target_rescale": 3.7335030918868983},
{"mapping": [6, 8, 9, 7, 3, 2, 4, 1, 10, 0, 5, 12], "R": [[-0.607928166264597, -0.7792049671189423, 0.15252201113063124], [0.14012466661602518, -0.29436981361106307, -0.945363152783276], [0.7815295403680607, -0.5533407919643698, 0.2881415372353175]], "T": [-0.04777745857316837, 0.12824605380423032, -0.07410999159889664], "aligned_model": [[-0.801429030436922, -0.055620082253319006, 0.5060313894412717, 0.6441969103312544, -0.5160420779069732, 0.17007523556315282, -0.2538098490669094, 0.5985953067116624, 0.19392280686810273, -0.07751686246339975, -0.45077325609004304, -0.08086488833487057], [-0.1799978345276676, -0.5662583300107933, -0.1086596647683028, -0.4130623051625895, 0.5094394905671675, 0.5618647307172664, -0.008582081483610143, 0.29210767562872975, -0.2654320336695081, 0.7089814505799978, 0.06339624221991919, 0.07233404996003015], [0.14360071663253374, 0.0497087123755809, 0.6007270459835793, -0.027907079295461462, 0.11661474069054423, 0.1377448883113166, 0.5260935852243841, -0.23810192705915917, -0.5642007252605954, -0.5512998992739876, -0.5979230635936309, -0.02986470488074778]], "inverted": false, "swapped": true, "error_lsq": 0.04297240491205303, "error_max": 0.23188608905779348, "target": "873.xyz", "model": "11.xyz", "model_rescale": 3.6694154284099745, "target_rescale": 3.7335030918868983},
{"mapping": [5, 7, 6, 0, 4, 12, 1, 9, 8, 11, 10, 2, 13], "R": [[0.655018646979537, -0.15540358081416544, -0.739459464189371], [-0.5407311467722264, 0.5871537222550072, -0.60237889517519], [0.5277882141725878, 0.7944181729493762, 0.30056508025431977]], "T": [0.00018039671434303848, 0.02178630256562287, 0.10680886348284968], "aligned_model": [[-0.21459363155424035, -0.646117885041269, 0.15089694096988468, 0.48680166489832416, 0.7146122235367781, -0.2353072656842032, 0.5323797081097763, -0.5090665346798432, 0.0020185355533518068, 0.13717552019505472, -0.5639991473669257, 0.0050190339974999325, 0.10146146374745765], [-0.055540311940022395, -0.26747912089014114, -0.41575067761202544, 0.161521568249784, -0.125671918940099, 0.590859352208244, 0.6740266150360678, -0.37722662421016, -0.020047361612222862, -0.6236432194591555, 0.2553723136506716, 0.5294151292034663, 0.06408758413162849], [-0.6629076453352104, -0.11855609444593976, -0.21830765058304868, -0.39758350491763395, 0.23139573070335429, -0.1803669107304428, 0.19523941159969008, 0.5823533030692227, 0.8623513289327763, 0.43799116546839506, 0.28193112013251026, 0.5174219847391548, 0.05328529094687119]], "inverted": false, "swapped": false, "error_lsq": 0.04093243078130076, "error_max": 0.24418552335869187, "target": "873.xyz", "model": "12.xyz", "model_rescale": 3.9764082729961374, "target_rescale": 3.7335030918868983},
{"mapping": [5, 6, 4, 0, 7, 9, 2, 14, 8, 3, 13, 1, 15], "R": [[-0.7230341480775606, 0.19169501886742402, -0.6636826353425065], [-0.045064364551161015, -0.9717698292669666, -0.2315871368924684], [-0.6893408618102923, -0.1375369720034173, 0.7112613848444008]], "T": [-0.12217776315972373, 0.11197657239674509, 0.16936627538722393], "aligned_model": [[-0.270915590828035, -0.5887630764772949, 0.13482358221551943, 0.4317251270371123, 0.57073440983038, -0.03489172781154154, 0.5838938711634548, -0.49926733986813143, 0.2143599275369884, 0.19443600379380577, -0.7172331912682766, 0.028540702427298587, -0.08616207106963422], [0.16471101583618564, -0.4081730862228963, -0.33463586439272935, 0.2456047179091535, -0.18107439303284428, 0.5453449308590368, 0.44430947017711286, -0.5142676238560177, 0.15378709474968819, -0.47903238838179296, 0.04833979405448592, 0.6943385399125973, 0.010671120204055876], [-0.6539927246427523, -0.13950470695564077, -0.3309849628040198, -0.28057043178476004, 0.09846104916299986, -0.2381532216120198, 0.33452440011385914, 0.49252211607817364, 0.7895655172520033, 0.678195891436231, 0.29719406621403943, 0.3729861692658785, 0.16400436785570757]], "inverted": false, "swapped": false, "error_lsq": 0.05008921133776849, "error_max": 0.31260797088647463, "target": "873.xyz", "model": "13.xyz", "model_rescale": 4.170626492500431, "target_rescale": 3.7335030918868983},
{"mapping": [8, 4, 12, 10, 11, 0, 9, 6, 3, 5, 2, 1, 13], "R": [[0.1041048587147641, 0.19218225017534388, -0.9758217875767687], [-0.22412756288683314, 0.9604485200390713, 0.1652436864426783], [0.9689834951878116, 0.20150588843083236, 0.14306069684337927]], "T": [-0.06408259590381228, 0.11491697293649052, 0.08288954026968318], "aligned_model": [[-0.12437093324169578, -0.5482931500192482, 0.16732530683819602, 0.3960899044593674, 0.4552576024100411, -0.4052997122191222, 0.6635714759241771, -0.1780753541674082, -0.026019960845257012, 0.1413479546765366, -0.6703400501008692, 0.10993753058952448, -0.019849987622596446], [0.04771392650364792, -0.2822926134796614, -0.4423984760741706, 0.12500250560162324, -0.1796346494413954, 0.5895167337899337, 0.42785432286947844, -0.45429551816352953, 0.2755546231071533, -0.7579255846945622, 0.1527618834270923, 0.8480403449911528, 0.04002582937927293], [-0.6542707948922829, -0.25001857668656124, -0.3313036441609195, -0.24340458611813434, 0.4612871503322048, -0.03620854140756792, 0.2528783788237017, 0.6915701281556894, 0.7523821732313389, 0.23508673745992043, 0.33577652929206425, 0.23474995913447622, 0.13572261641576938]], "inverted": true, "swapped": false, "error_lsq": 0.05941864435277321, "error_max": 0.3603417325541416, "target": "873.xyz", "model": "14.xyz", "model_rescale": 3.9786697098870705, "target_rescale": 3.7335030918868983},
{"mapping": [8, 7, 5, 6, 10, 0, 9, 2, 3, 4, 1, 12], "R": [[-0.44080665758812754, -0.715120093490229, 0.542487550559927], [0.7156044319505902, 0.08485439185774088, 0.6933325530761743], [-0.541848491368811, 0.6938321007772552, 0.4743387274220443]], "T": [0.10867780574741515, 0.055560837153937975, -0.005955400762809537], "aligned_model": [[-0.1627688614355548, -0.7262783409615912, 0.5596627237018366, 0.6355405165561737, -0.15241216386025258, 0.44615272680168394, -0.6204477762618905, 0.02479955514402471, 0.6330529626305184, 0.12137282104045968, -0.38449950149252093, 0.1091799349044494], [-0.4386310500222076, -0.017771778123265053, 0.23159297398284936, -0.5762971580015552, 0.2717250537532635, 0.7205210892438022, -0.34344677788978617, 0.24240776010104223, -0.04425576794434524, -0.5326866335140981, 0.522983250449343, -0.02146647181060396], [-0.43000728775652536, -0.273253991149663, -0.4605063174403961, -0.18918775833819154, -0.587930865301213, 0.09297276509007335, 0.35097932116999964, 0.48232741678553515, 0.3346667559568112, 0.2683060949119211, 0.09321197732889219, -0.021611617383413773]], "inverted": true, "swapped": true, "error_lsq": 0.051295398520442514, "error_max": 0.2592678718629504, "target": "873.xyz", "model": "15.xyz", "model_rescale": 3.769337070930944, "target_rescale": 3.7335030918868983},
{"mapping": [8, 11, 9, 4, 7, 10, 1, 5, 2, 3, 12], "R": [[0.9140884789772805, 0.2258499797552067, 0.3367997019677636], [-0.2624562336977884, 0.9626288861074834, 0.06680084598744157], [-0.3091261522326663, -0.14945706499205286, 0.9392037093888566]], "T": [0.020365121740477526, 0.050070329451859505, 0.16429658936057348], "aligned_model": [[-0.2483123769090839, -0.33594513235511936, -0.12695648054091574, -0.5669548553557014, 0.3204032666881783, 0.4201308748681135, 0.6147546370621325, 0.08912555908773065, 0.1344944136979026, -0.331238451255936, -0.046875324296130144], [-0.13171461878657192, -0.6945132197763282, 0.765555115806223, 0.3093202095798787, 0.2773687764860211, -0.3127016851299206, 0.37016193773831263, -0.5850377422788274, 0.4949282559970729, 0.06146843204007166, 0.04122903594941026], [-0.46219806476806247, -0.25069029984665026, -0.3691932914443349, 0.0680658129544548, -0.630870376355147, -0.23841197791232946, 0.0386613869482034, 0.3456828753628136, 0.42781769545878867, 0.690795520196521, 0.12455832662952002]], "inverted": true, "swapped": true, "error_lsq": 0.044847793057150295, "error_max": 0.19973136421804538, "target": "873.xyz", "model": "16.xyz", "model_rescale": 3.7852294659196426, "target_rescale": 3.7335030918868983},
{"mapping": [3, 1, 2, 8, 11, 0, 9, 5, 10, 7, 4, 10, 12], "R": [[0.8922188006647696, 0.37787365757070246, 0.24729963739249503], [0.14251026839146386, 0.2840370457061291, -0.948163372035393], [-0.428528219774746, 0.8812119243295984, 0.199572315905822]], "T": [-0.017793276749526618, -0.03080775315689503, 0.06989525486680612], "aligned_model": [[-0.29139772276689935, -0.5074224294402285, 0.16096041513834342, 0.47042544611054427, 0.672006382547314, -0.22778841041415637, 0.5060285600812744, -0.4944830433818512, 0.07707124386449678, 0.11185278573921344, -0.6341278361947625, 0.07707124386449678, 0.041083991533861296], [0.0009986281564001893, -0.469506859733722, -0.5192030899354645, 0.20129690797782787, -0.22161588635919344, 0.5746917314764561, 0.6524500575616049, -0.2681415124382709, 0.40213029441584464, -0.6382100516795569, 0.25413745265846766, 0.40213029441584464, 0.0187653612997981], [-0.6761773504403689, -0.13519141210876418, -0.2519807052166908, -0.2933895042146699, 0.23020982304789808, -0.16466726064801748, 0.14755626737121205, 0.45544494511927236, 0.7428145999384986, 0.3949819377791859, 0.2716986879542579, 0.7428145999384986, 0.12013290105938731]], "inverted": false, "swapped": false, "error_lsq": 0.04875186338078208, "error_max": 0.3875315207736809, "target": "873.xyz", "model": "17.xyz", "model_rescale": 3.901054581598922, "target_rescale": 3.7335030918868983},
{"mapping": [7, 3, 0, 1, 8, 6, 4, 13, 5, 2, 12, 10, 14], "R": [[-0.6615743854283941, -0.7122346598152565, -0.23460844380134518], [0.346301252680812, -0.5676852608238047, 0.7468660435681286], [-0.665127638079146, 0.412862245793019, 0.6222137824429813]], "T": [-0.01706378590278394, 0.10728755278939758, 0.17455366026572955], "aligned_model": [[-0.2808007284780217, -0.4253143479560895, 0.10515721356479825, 0.362901952389809, 0.5875911408168736, -0.08187959097431956, 0.6445362072217478, -0.4351336637685128, 0.06210111576764711, 0.13416410211845292, -0.7426206176166036, 0.10017410515332482, -0.06959626155745978], [0.129090498800471, -0.5024345417198935, -0.425828944230359, 0.14902296487952763, -0.07882446583691785, 0.664631072873672, 0.5404215609108937, -0.31918322605182214, -0.07144706364124778, -0.6714396489266427, 0.060418907723746314, 0.7964565152742556, 0.11903969776035228], [-0.4334302872719898, -0.037522589142681195, -0.3511395453152581, -0.4081724696935061, 0.3749856643378252, -0.32433796855072955, 0.1905020149155292, 0.5878845813404501, 0.7677424179377892, 0.4079035545880758, 0.021760603681587, 0.6032203911617968, 0.1848511615908105]], "inverted": false, "swapped": false, "error_lsq": 0.048244972154559466, "error_max": 0.32323849235108654, "target": "873.xyz", "model": "18.xyz", "model_rescale": 3.9405287249114394, "target_rescale": 3.7335030918868983},
{"mapping": [4, 8, 7, 13, 11, 12, 14, 6, 10, 5, 1, 3, 15], "R": [[0.4577976907692441, 0.6220489788633299, 0.6351978764302004], [-0.14468244074401032, -0.6528126857700398, 0.7435741984752182], [0.8772048025784533, -0.4323085300948802, -0.20885657552612652]], "T": [-0.02477014146060461, 0.03654990059683281, 0.05175180728343021], "aligned_model": [[-0.3621846227063468, -0.39307795741437246, 0.07003424399502664, 0.5612419880777318, 0.6202501346074346, -0.10406794957448937, 0.5227072182884799, -0.5432998573359352, 0.3109726397990797, 0.013281473450885397, -0.5639233909629838, -0.14940599319364004, -0.021247300349224594], [0.10211567845970651, -0.6193780455421097, -0.3923936509757882, 0.13561510535578566, -0.14529900074699417, 0.5428985575404202, 0.5611872936144454, -0.35860872619228623, 0.21849700602499592, -0.6856836387630725, 0.2583585796282111, 0.74193914231237, 0.030675027100352716], [-0.5936299597622318, -0.028123331009225122, -0.4983800923588182, -0.261466510526971, 0.3165026759146204, -0.14179910965873158, 0.2091147904975272, 0.41679981648305114, 0.7388297305242011, 0.46186573290064126, 0.36099945470668665, 0.5125343123861363, 0.09100001948281282]], "inverted": false, "swapped": false, "error_lsq": 0.0460689050382903, "error_max": 0.3197309672689601, "target": "873.xyz", "model": "19.xyz", "model_rescale": 4.410303926677745, "target_rescale": 3.7335030918868983},
{"mapping": [8, 5, 1, 7, 2, 9, 4, 3, 6, 0, 10, 11, 13], "R": [[-0.6855294164885247, -0.4067090621561519, 0.6038519337461512], [-0.2706882686193667, -0.6275721777750586, -0.7299870018805266], [0.6758530020357625, -0.6638831978915671, 0.3201278169677134]], "T": [0.0546480352614115, 0.028120099693101044, 0.1404029142731851], "aligned_model": [[-0.2774554151109614, -0.6740724972479331, 0.23536987934906056, 0.4517971248493926, 0.6920648279521658, -0.2411329528326578, 0.5234805845510356, -0.29390391854504727, 0.05265922310718946, 0.26494850047425783, -0.7277187924843347, -0.046124315111723255, 0.0013683777312015616], [0.11738414410680571, -0.27335865526906866, -0.5348002474603002, 0.019449133235908127, -0.14172218579325474, 0.5687285181769892, 0.39283760307235693, -0.4097310525443125, 0.1288039177565251, -0.5778972913244727, 0.2789704123178234, 0.7769807957873586, 0.04427823575367798], [-0.5471993036064213, -0.13735177744981344, -0.32174445291897824, -0.4504021127381368, 0.19924302143398945, -0.16637529834149764, 0.517590637388926, 0.6016627105750918, 0.7116862385396344, 0.45926967114548245, 0.15090436685692418, 0.4812634660229854, 0.08570036267151286]], "inverted": true, "swapped": false, "error_lsq": 0.04891418090678317, "error_max": 0.32928523547154626, "target": "873.xyz", "model": "20.xyz", "model_rescale": 4.121658175737393, "target_rescale": 3.7335030918868983},
{"mapping": [6, 10, 9, 8, 7, 1, 5, 4, 3, 11, 2, 0, 12], "R": [[0.27243661148813064, 0.8730214471336982, 0.40448961119594684], [0.3426936595975539, 0.30478138811882044, -0.8886334233687143], [-0.8990769424206702, 0.3807123038476008, -0.21614530600165927]], "T": [-0.0038340421785376818, 0.017155811882347605, 0.04132891350458821], "aligned_model": [[-0.3429533218889829, -0.42209158715484674, 0.35139711953644487, 0.33227986472529675, 0.48972712722294875, -0.2542784992694206, 0.5284269293590942, -0.3987421648684449, -0.0146627512705073, 0.1288717667516666, -0.7197402544509842, 0.22525293493950851, 0.057793463049873296], [0.11721030940359946, -0.5610398585935175, -0.5426467434145184, 0.1384090892446606, -0.13682458530554775, 0.6647277389034624, 0.44159686827927197, -0.2543601659259112, 0.19784073187126355, -0.7061004878921, 0.2069237926291871, 0.7635975025506604, 0.06058913606552573], [-0.5042090537594217, -0.27398590438437265, -0.2469327662420699, -0.5296598665788992, 0.48798926437320833, 0.05873693579476512, 0.020078553290622567, 0.3566989348371105, 0.7120571756912804, 0.524918094787351, 0.20769610655088433, 0.6557454577527418, 0.11511459746649852]], "inverted": true, "swapped": false, "error_lsq": 0.05884248863655176, "error_max": 0.31880149535177965, "target": "873.xyz", "model": "21.xyz", "model_rescale": 4.08911054899281, "target_rescale": 3.7335030918868983},
{"mapping": [0, 1, 2, 13, 14, 6, 12, 11, 5, 15, 8, 10, 16], "R": [[0.9236646681694507, -0.055490556297704385, 0.3791627341092342], [0.3702601771948921, 0.38420996658189355, -0.845748250227423], [-0.09874706050827849, 0.9215766380181909, 0.37542711449769156]], "T": [0.06812833410934613, 0.03401517025501428, 0.09788134310496846], "aligned_model": [[-0.2378976873907299, -0.5260684756829153, 0.11375339006381988, 0.5382007983073751, 0.6359006350145263, -0.43437090159052494, 0.6991859188548933, -0.38932156418167807, -0.16200238129081548, 0.1379839978542036, -0.6059406259953993, 0.11576433855543905, 0.0760931841634514], [0.21565697878834345, -0.4457878167112275, -0.5986348017635762, 0.26304462120573396, -0.1921248367363394, 0.5574062455522464, 0.3969211403913878, -0.3449339734566933, 0.30335968749258596, -0.6423394179691998, 0.06942427939355789, 0.7605622485643894, 0.04736897306482754], [-0.590183861462775, -0.11826126305358367, -0.24697543375649975, -0.30623170423233625, 0.2936309216737399, -0.07276574585825227, 0.22049899113566257, 0.5806133259817432, 0.7079816945322045, 0.3608864288447554, 0.25643496202738525, 0.44572550835064206, 0.0528937053970133]], "inverted": false, "swapped": false, "error_lsq": 0.04538015996472371, "error_max": 0.28017964094074477, "target": "873.xyz", "model": "22.xyz", "model_rescale": 4.204369325754507, "target_rescale": 3.7335030918868983},
{"mapping": [4, 8, 7, 13, 11, 12, 14, 6, 10, 5, 1, 3, 15], "R": [[0.4577976907692441, 0.6220489788633299, 0.6351978764302004], [-0.14468244074401032, -0.6528126857700398, 0.7435741984752182], [0.8772048025784533, -0.4323085300948802, -0.20885657552612652]], "T": [-0.02477014146060461, 0.03654990059683281, 0.05175180728343021], "aligned_model": [[-0.3621846227063468, -0.39307795741437246, 0.07003424399502664, 0.5612419880777318, 0.6202501346074346, -0.10406794957448937, 0.5227072182884799, -0.5432998573359352, 0.3109726397990797, 0.013281473450885397, -0.5639233909629838, -0.14940599319364004, -0.021247300349224594], [0.10211567845970651, -0.6193780455421097, -0.3923936509757882, 0.13561510535578566, -0.14529900074699417, 0.5428985575404202, 0.5611872936144454, -0.35860872619228623, 0.21849700602499592, -0.6856836387630725, 0.2583585796282111, 0.74193914231237, 0.030675027100352716], [-0.5936299597622318, -0.028123331009225122, -0.4983800923588182, -0.261466510526971, 0.3165026759146204, -0.14179910965873158, 0.2091147904975272, 0.41679981648305114, 0.7388297305242011, 0.46186573290064126, 0.36099945470668665, 0.5125343123861363, 0.09100001948281282]], "inverted": false, "swapped": false, "error_lsq": 0.0460689050382903, "error_max": 0.3197309672689601, "target": "873.xyz", "model": "23.xyz", "model_rescale": 4.410303926677745, "target_rescale": 3.7335030918868983},
{"mapping": [7, 14, 11, 1, 10, 0, 3, 15, 4, 9, 5, 2, 16], "R": [[-0.6185415669940939, 0.715908176691558, 0.32385461621946854], [0.5910543709365574, 0.15233988475631555, 0.7921157050009944], [0.5177461351833355, 0.6813721758764448, -0.517369208055638]], "T": [-0.13400543726325598, -0.06470193314818909, 0.07358087351183806], "aligned_model": [[-0.12425986673600564, -0.4558043483846924, 0.14525775912158873, 0.5232392011010772, 0.46424626582227324, -0.15521296648940436, 0.47915657221777763, -0.49394581333518495, 0.09929308338496876, 0.035708313678469966, -0.4940136071949583, -0.012334552767591267, -0.050049413736672654], [0.12867576439764453, -0.6480605987891448, -0.4965182636835407, 0.20274881267255143, -0.23088938034145534, 0.665990132540788, 0.5720916612610645, -0.46019767384264554, 0.2390503796315038, -0.614403493907982, 0.24417600828295252, 0.7659924334584354, 0.021267546135864235], [-0.5623758755122352, -0.045952042612954436, -0.2955643695005379, -0.4089488493774399, 0.2691839880736051, -0.11622206885066855, 0.24024596548548655, 0.5461697388064942, 0.645586735138699, 0.3214627414810812, 0.48660698443900335, 0.4314034780695165, 0.07265110393964935]], "inverted": true, "swapped": false, "error_lsq": 0.04287930283251144, "error_max": 0.24969284486868204, "target": "873.xyz", "model": "24.xyz", "model_rescale": 4.28219845311461, "target_rescale": 3.7335030918868983},
{"mapping": [13, 9, 11, 14, 8, 2, 6, 3, 1, 5, 4, 0, 15], "R": [[-0.8456122317090173, 0.4053234272683125, 0.34735122411122155], [0.15336804170081375, 0.8077624954732199, -0.5692082173438239], [-0.5112907170768431, -0.4280568539509038, -0.7452175067835578]], "T": [-0.06890152212043013, -0.021950223891976723, 0.012453233606106534], "aligned_model": [[-0.3876639246717991, -0.3634655039167014, 0.23996940752533938, 0.4235590887399121, 0.48784069517523987, -0.031651544075685364, 0.616250525764608, -0.5540584393585737, -0.04141468925996036, 0.24264925863851447, -0.5948480110752679, -0.007242258374961702, -0.06864397842901801], [0.13787551217535757, -0.6206983972027577, -0.38553319436321565, 0.21272043602156132, -0.12841276530951645, 0.6221533891306231, 0.524831885003533, -0.2712891297005162, -0.08821738579597498, -0.6882039306352503, 0.38082651070824997, 0.652988666867386, 0.040881730916556266], [-0.462691714538371, -0.09527962797381467, -0.2500029411196232, -0.5191075371637388, 0.41326476997256834, -0.21672573404759896, 0.22172131916082882, 0.5624516159364601, 0.6486375906278435, 0.44178153476208837, 0.32196860615902057, 0.466556526889357, 0.05167312091467882]], "inverted": false, "swapped": false, "error_lsq": 0.04780219692298408, "error_max": 0.2562165715675388, "target": "873.xyz", "model": "25.xyz", "model_rescale": 4.100010024507729, "target_rescale": 3.7335030918868983},
{"mapping": [6, 8, 9, 7, 3, 2, 4, 1, 10, 0, 5, 12], "R": [[-0.607928166264597, -0.7792049671189423, 0.15252201113063124], [0.14012466661602518, -0.29436981361106307, -0.945363152783276], [0.7815295403680607, -0.5533407919643698, 0.2881415372353175]], "T": [-0.04777745857316837, 0.12824605380423032, -0.07410999159889664], "aligned_model": [[-0.801429030436922, -0.055620082253319006, 0.5060313894412717, 0.6441969103312544, -0.5160420779069732, 0.17007523556315282, -0.2538098490669094, 0.5985953067116624, 0.19392280686810273, -0.07751686246339975, -0.45077325609004304, -0.08086488833487057], [-0.1799978345276676, -0.5662583300107933, -0.1086596647683028, -0.4130623051625895, 0.5094394905671675, 0.5618647307172664, -0.008582081483610143, 0.29210767562872975, -0.2654320336695081, 0.7089814505799978, 0.06339624221991919, 0.07233404996003015], [0.14360071663253374, 0.0497087123755809, 0.6007270459835793, -0.027907079295461462, 0.11661474069054423, 0.1377448883113166, 0.5260935852243841, -0.23810192705915917, -0.5642007252605954, -0.5512998992739876, -0.5979230635936309, -0.02986470488074778]], "inverted": false, "swapped": true, "error_lsq": 0.04297240491205303, "error_max": 0.23188608905779348, "target": "873.xyz", "model": "26.xyz", "model_rescale": 3.6694154284099745, "target_rescale": 3.7335030918868983},
{"mapping": [8, 9, 10, 4, 2, 5, 0, 3, 6, 12, 7, 1, 13], "R": [[-0.7278183262539708, -0.6083473301437943, 0.31653437392451705], [-0.4453124136696616, 0.06824031981078826, -0.8927710305469267], [0.52151446595523, -0.7907318032424386, -0.3205711732835511]], "T": [-0.007313959312044425, -0.017952476440363168, 0.05883416293682164], "aligned_model": [[-0.24557610214583436, -0.4143356810138762, 0.19985071168982774, 0.5093419135649264, 0.6311951439859115, -0.17314382734749456, 0.4333403483435605, -0.5882424368221665, 0.1367311146495416, 0.0543476581113989, -0.6003582758519871, -0.028885353047706452, 0.04701541256554463], [0.04627257732729949, -0.5521234671711299, -0.35884878507414325, 0.19433045971986504, -0.15062214472402333, 0.7517135953646895, 0.47236543490188454, -0.21581849855099544, 0.015055226768474334, -0.5998239343841076, 0.17769199946339698, 0.6369798615295253, -0.02724899735469946], [-0.5306261717684414, -0.05888671964116625, -0.3914582151256827, -0.5441030096822284, 0.2507574036515062, -0.0192241005634311, 0.10726421656756482, 0.5843837435145525, 0.7291713467485732, 0.5948903770828713, 0.13725738900192871, 0.6506491351615413, 0.07417213463211082]], "inverted": false, "swapped": false, "error_lsq": 0.04556782369676144, "error_max": 0.2332822080756156, "target": "873.xyz", "model": "27.xyz", "model_rescale": 4.103607728864725, "target_rescale": 3.7335030918868983},
{"mapping": [1, 2, 4, 8, 13, 7, 11, 3, 10, 12, 0, 6, 14], "R": [[0.6476044504201933, -0.20807355030287164, 0.7330169666933486], [-0.486907064695287, 0.6269652200190174, 0.6081415322409124], [-0.5861143115005629, -0.7507463023890716, 0.3047129851242929]], "T": [0.0007819831752280547, 0.1380293333141606, 0.2961042161743551], "aligned_model": [[-0.4968399956826105, -0.24029579531781234, 0.2246268099952798, 0.4150046980739685, 0.5441673530871545, 0.060137706783568126, 0.6010933971964681, -0.5169222800622143, 0.007682810911820062, 0.09477450649617404, -0.6886528036138829, 0.062151871905658476, -0.10564765309192575], [0.10209583649780371, -0.4848992181133305, -0.39240094961647387, 0.2323949957633703, -0.19079861499393377, 0.6175680249647206, 0.4715007202159377, -0.354443547543013, 0.17236599275292072, -0.6915860328053623, 0.06810861736005067, 0.7457731086352319, 0.09424439469811371], [-0.4481685712087565, -0.012379544768403694, -0.40400041571329737, -0.4051764986745976, 0.1677412420312278, -0.23924687128917366, 0.318110437406359, 0.5262859053088774, 0.8045810088609916, 0.4965970264765378, 0.12439950095906296, 0.4638793727607077, 0.19162493743016398]], "inverted": false, "swapped": false, "error_lsq": 0.05208061995471787, "error_max": 0.3302661032153651, "target": "873.xyz", "model": "28.xyz", "model_rescale": 4.137296879288765, "target_rescale": 3.7335030918868983},
