[{"mapping": [7, 11, 10, 5, 8, 6, 0, 2, 3, 1, 4, 12], "R": [[0.3264419317020744, -0.7769878568372178, 0.5382615865488873], [0.9431951885779696, 0.30499645843378415, -0.1317573397811958], [-0.06179402454919608, 0.5506968591433551, 0.8324148412057879]], "T": [0.03544985103878081, -0.07143650348808675, 0.07441684391521618], "aligned_model": [[-0.40290477179577466, 0.16567199219381545, 0.35208721493487133, -0.2653292254755829, 0.10947368132774174, -0.64471711762733, 0.5701127492807145, -0.1790429367690357, 0.7561231514424125, 0.03485722186952036, -0.6420566551204409, -0.01663284180036289], [-0.3201158920607312, -0.559089306546756, -0.3039228359039057, 0.5676404574774274, 0.48582609218233186, -0.5720301743614411, -0.31682940758406464, -0.43937859793083933, 0.08702154668414952, 0.3659377822586477, 0.06069236107564574, -0.0021969893134068663], [-0.5478336307641444, 0.0020744439257785047, -0.5668511533472882, -0.0724522416998533, -0.6808291669745026, 0.05648654753355793, 0.5561884488392167, 0.632190626302916, -0.01930303655258321, 0.47722214226994303, 0.2621099477926388, 0.08294881802788306]], "inverted": true, "swapped": true, "error_lsq": 0.045619603292652744, "error_max": 0.2364326284363765, "target": "874.xyz", "model": "0.xyz", "model_rescale": 3.751011558992144, "target_rescale": 3.9526917000113166},
{"mapping": [7, 12, 3, 6, 13, 9, 2, 8, 10, 11, 4, 1, 14], "R": [[-0.47540142053308626, -0.0529308853660847, -0.8781752733534955], [0.10707928130870187, -0.9942485543077902, 0.0019595334346763846], [-0.873228215800163, -0.09310281215533786, 0.4783349762449244]], "T": [0.026953417974591463, 0.016289824284907356, 0.12459380599509473], "aligned_model": [[0.015740931235900223, -0.3025199235913974, 0.334471233078685, -0.3240366910380354, 0.026494061666027774, -0.44644728660704586, 0.6681112083044982, 0.4610891241071934, -0.5604136413949589, -0.7220944787841251, 0.04988842454906186, 0.3529590302945926, -0.0142575701400511], [0.15360873785323012, -0.40061674546185644, -0.5094403780035215, 0.5507839195654409, -0.7057012624498361, -0.3587661090739518, -0.46907041079523315, 0.19283218906370586, 0.30052639396575276, 0.06332079948069225, 0.6911234269040536, 0.5634253029937154, -0.015026541277060872], [-0.5240161075236508, -0.39464730695392747, -0.3363253163117884, -0.2689131834672134, 0.2035295898193209, 0.3880600108264137, 0.3171560870636638, 0.5944631859709874, 0.621245855374229, -0.14641601792306635, 0.5364767555806558, -0.1583349096026348, 0.10657292505182644]], "inverted": false, "swapped": false, "error_lsq": 0.04637000532786904, "error_max": 0.2925569184987545, "target": "874.xyz", "model": "1.xyz", "model_rescale": 3.9405287249114394, "target_rescale": 3.9526917000113166},
{"mapping": [0, 2, 1, 5, 4, 8, 7, 3, 10, 9, 11, 6, 12], "R": [[0.6489432113544085, 0.6667087286752419, 0.36656811037687154], [-0.5646373904350802, 0.09908812936619552, 0.81936936722175], [0.509958160793305, -0.7387022497102272, 0.44075124561747847]], "T": [0.014261336288026671, -0.020511649726237112, 0.05740457632509041], "aligned_model": [[0.31499086923383135, -0.31547864381578844, 0.35467523876346896, -0.39590387205811645, 0.03917053906716045, -0.5402254331710485, 0.7319658440846888, 0.19673808551713245, -0.35590784260130354, -0.7170804966883435, -0.16149870001531008, 0.4178246228553569, -0.030285789491383122], [0.3480917320161896, -0.20377071123243268, -0.5171324710465205, 0.3452468432506255, -0.6849434925556995, -0.3332633585059086, -0.21037339999587668, -0.06873230109669426, 0.23931943376722178, 0.20595506629201402, 0.6682717833192541, 0.3434648244316881, -0.0751346258787294], [-0.632974510306395, -0.5099201009264943, -0.457097578374842, -0.418054682764906, 0.28012767735855454, 0.49946855502047827, 0.336264054250875, 0.5970124741000192, 0.7694085835914715, 0.3108469898330328, 0.1053637364292847, 0.05373124214973701, 0.004675127543999791]], "inverted": false, "swapped": false, "error_lsq": 0.062261491597001034, "error_max": 0.32900533577604385, "target": "874.xyz", "model": "2.xyz", "model_rescale": 3.932901565614263, "target_rescale": 3.9526917000113166},
{"mapping": [4, 5, 7, 2, 9, 12, 8, 11, 10, 6, 1, 3, 13], "R": [[0.5733116053284649, -0.8180497602584571, 0.04591724008234632], [-0.4033106556732775, -0.23298117601838333, 0.884906936712264], [-0.7132000548346095, -0.5258463286571204, -0.46349899721761867]], "T": [0.08367011876899445, 0.06793672259716585, 0.06465171182028503], "aligned_model": [[-0.14254193433119128, -0.37552255275962065, 0.3675186724988368, -0.36246891694590394, 0.07084526116618725, -0.4977763974857693, 0.6352788711390478, 0.31459155920767656, -0.37826247502275484, -0.5930182101327887, -0.04787775462390097, 0.5655736194038669, -0.017355320433340468], [0.16950755011268145, -0.39533813030863807, -0.37237449747507945, 0.6198815992527729, -0.6652821694516295, -0.353731151133584, -0.3186283371606988, 0.06745822878108446, 0.15784047241457516, 0.1233480848762536, 0.7760939816439819, 0.23184966142739458, 0.016374029786017097], [-0.7730462519875467, -0.23753727992856435, -0.42042413314739635, -0.3718304380132531, 0.10957964031749076, 0.323969977968512, 0.3563398405040914, 0.9274284835039116, 0.6047267388885879, -0.01094423476580196, 0.23779059935645105, 0.10448941558333323, 0.08830920962500062]], "inverted": true, "swapped": false, "error_lsq": 0.04479129353348144, "error_max": 0.26854816949938015, "target": "874.xyz", "model": "3.xyz", "model_rescale": 3.9243930471874484, "target_rescale": 3.9526917000113166},
{"mapping": [11, 10, 6, 9, 3, 4, 0, 0, 7, 8, 1, 5, 12], "R": [[-0.504834981911382, -0.8351593916647858, -0.2182897880173041], [-0.6895309049277382, 0.5422857946497737, -0.48007629401023144], [0.5193156768171642, -0.09184175213468268, -0.849633050426337]], "T": [-0.13937932284475252, -0.009551131762007729, -0.0017833898128278014], "aligned_model": [[-0.014226009254320326, -0.4967355104109976, 0.3877442046186663, -0.3678722811932776, 0.11294442602834859, -0.4830506147902972, 0.48647742560159546, 0.48647742560159546, -0.4525674865654664, -0.7512599801662593, 0.072342302240815, 0.5882590466146898, -0.029548526644746817], [0.17149760221964178, -0.4467956883484984, -0.35051845477623733, 0.5778416648218735, -0.603668107370064, -0.32595709249333654, -0.031795221058203094, -0.031795221058203094, 0.18617997913648784, 0.13764968561040786, 0.5496312401835445, 0.20049492471585392, 0.0242340111818647], [-0.7618439699039773, -0.4239699273321028, -0.3587127752208421, -0.31871881270427593, 0.18877136718272566, 0.3644741432786316, 0.5736563414155081, 0.5736563414155081, 0.709919683978388, -0.018225697343121967, 0.38892024257233093, -0.008577300570721813, 0.029501931136765212]], "inverted": false, "swapped": false, "error_lsq": 0.05231028064351907, "error_max": 0.47031359422922947, "target": "874.xyz", "model": "4.xyz", "model_rescale": 3.8936222436046832, "target_rescale": 3.9526917000113166},
{"mapping": [0, 3, 1, 2, 5, 8, 10, 7, 6, 11, 4, 12], "R": [[-0.95112901286105, 0.2609617619118023, 0.16508349315983242], [0.12487316295932259, 0.813993519641122, -0.5672929077247422], [-0.2824186503517413, -0.5189542453840668, -0.8067999734329164]], "T": [-0.08792265433730581, -0.07012713929807653, -0.0958238306291504], "aligned_model": [[0.05487311634794745, -0.55861535176948, -0.3178267154116815, 0.5014944523900092, -0.5465459183643853, -0.843735803959906, -0.2451543952389548, 0.09531425924687695, 0.6147695178083863, 0.2414893424690336, 0.15251442249875816, -0.12102888380150716], [-0.6731743528781009, -0.6437926458637454, 0.11043548160707216, -0.057569202252080634, 0.48603796895659007, 0.13302842711959378, -0.43633204247817253, 0.23319431298736443, 0.3199287888317672, -0.3996040047044744, 0.589926647279045, 0.006843526504948572], [-0.5364250080174349, -0.1469965453776081, -0.6135979011056587, -0.47652043649518544, -0.12416138995206988, 0.42752305590013323, 0.5419111518111894, 0.6222375852564082, 0.16421983541018176, 0.11136983900446912, -0.23080832933122328, -0.1194671378276828]], "inverted": true, "swapped": true, "error_lsq": 0.04226145128790503, "error_max": 0.21936571170293417, "target": "874.xyz", "model": "5.xyz", "model_rescale": 3.6523030999806103, "target_rescale": 3.9526917000113166},
{"mapping": [5, 3, 1, 7, 2, 4, 6, 10, 11, 7, 9, 8, 12], "R": [[0.890186300648488, -0.4291604374875934, -0.1529368138585904], [0.3656303941477063, 0.4726753332526956, 0.801805739696247], [-0.2718138425708902, -0.7696748327897376, 0.5776832062271993]], "T": [0.04909473606211662, -0.016572530044358588, 0.047357293478003236], "aligned_model": [[0.09725602418225232, -0.516992850226885, 0.28233650286749745, -0.5101157744574281, 0.09201205172042975, -0.2520121325771502, 0.6536392993536386, 0.24435956300449774, -0.6510455705531515, -0.5101157744574281, 0.07482355819079228, 0.5529000705945029, -0.018060545961223168], [0.24746462356445392, -0.3217323733202668, -0.5186695996373194, 0.3207098595288354, -0.7531713698541879, -0.3282014584459188, -0.1689065043528148, -0.008697447191991212, 0.2592024597790498, 0.3207098595288354, 0.6215303614725233, 0.3947891325065035, -0.008028220812571093], [-0.5786366376647116, -0.21544114192315147, -0.3720132788290057, -0.1534965197928679, 0.22566009047405663, 0.4233275935928766, 0.23159815034249762, 0.8026603267674397, 0.5037789287907434, -0.1534965197928679, 0.3862165603282802, -0.12775658417477395, -0.033549400213699836]], "inverted": true, "swapped": false, "error_lsq": 0.056398315894628195, "error_max": 0.35046356563675635, "target": "874.xyz", "model": "6.xyz", "model_rescale": 4.08911054899281, "target_rescale": 3.9526917000113166},
{"mapping": [1, 11, 9, 13, 8, 10, 3, 4, 5, 12, 7, 6, 14], "R": [[0.19469415869955087, 0.619908258633325, 0.7601367873261182], [-0.8534938117603453, -0.2748315240317931, 0.4427368820023446], [0.4833658012882895, -0.7349703288409405, 0.47557977024718934]], "T": [-0.008308887105300995, 0.05886331261883438, 0.04231983582318638], "aligned_model": [[0.18828284687598137, -0.3919691184858492, 0.30929673599717233, -0.43049219131903776, 0.10758903029751316, -0.5108070628496703, 0.7245396163135362, 0.2273400713783056, -0.3186544695632198, -0.7101111040859818, -0.07168583542993258, 0.39401386360458324, 0.021642038946944536], [0.10510834083654325, -0.23597996960237466, -0.5193168941185478, 0.4870613964071643, -0.5756775021371435, -0.38526193615307663, -0.17776312974837136, -0.11253269596524737, 0.2280527211841228, 0.18057789196640167, 0.7891217595158654, 0.32581189683033923, -0.05220255625054406], [-0.6627752970140577, -0.2899501278256593, -0.38122664877867873, -0.37517529113615555, 0.263847713155801, 0.305992445850948, 0.22505580402644662, 0.6841472786061289, 0.7172730142448538, 0.0680322341252339, 0.29130764213916616, 0.16888137856892232, -0.07655857805813382]], "inverted": true, "swapped": false, "error_lsq": 0.04997960678990869, "error_max": 0.29305167847474567, "target": "874.xyz", "model": "7.xyz", "model_rescale": 3.964800864290218, "target_rescale": 3.9526917000113166},
{"mapping": [5, 10, 3, 8, 6, 11, 0, 2, 12, 9, 7, 1, 13], "R": [[0.16462638636541255, 0.3042332529958319, 0.9382645046487905], [-0.7766420214633226, 0.6263863373518119, -0.06683806457660313], [-0.6080504283442534, -0.7176923325148153, 0.33940004778994043]], "T": [0.02175204376087609, -0.04816205455381519, 0.1426827089678646], "aligned_model": [[0.0005398546435067056, -0.46509896529142464, 0.4064436610986803, -0.31415334100475983, 0.04819616650987186, -0.629298891675689, 0.7157841169867903, 0.4007490204097518, -0.5037941831593882, -0.6377495057521632, 0.03692129883960341, 0.5026151452460652, -0.022169955170499647], [0.0865794924804194, -0.27755157944337583, -0.5159589288764413, 0.5226325875215265, -0.6117885572674165, -0.5004403558859369, -0.2237963911102255, 0.06925359594698602, 0.2835520666728083, 0.10432771086469458, 0.6156786493369313, 0.5148510475584478, -0.010340015033286132], [-0.6822206074905255, -0.4781961470603706, -0.2562422709800105, -0.24772557792012334, 0.27733669884343193, 0.3849848800373458, 0.16781105310098052, 0.6729501739914858, 0.5721496371908565, 0.01753757553822477, 0.39946779132256005, 0.020589238002517662, 0.09040912332844289]], "inverted": true, "swapped": false, "error_lsq": 0.0445647545176142, "error_max": 0.26014723436916704, "target": "874.xyz", "model": "8.xyz", "model_rescale": 4.121658175737393, "target_rescale": 3.9526917000113166},
{"mapping": [8, 7, 11, 6, 10, 5, 3, 0, 4, 9, 1, 2, 12], "R": [[0.3526226155926694, 0.678287601222519, -0.6446574446947667], [0.12500659748325788, -0.7168790785806851, -0.6858992180189208], [-0.9273783702234184, 0.1612771425872541, -0.3375782008966919]], "T": [-0.03904090893680653, -0.032687706038964405, 0.022458664731765485], "aligned_model": [[0.128215205415027, -0.41699188710618, 0.22740982531788603, -0.32554292414241515, 0.21405659424599358, -0.3562793797174424, 0.7118346883176941, 0.17160453854618052, -0.52490866665789, -0.8494236445252993, 0.05408171251663605, 0.5372403916520319, -0.0323120321818774], [0.2140867664049459, -0.3883899581521096, -0.4643111354628705, 0.514345666445139, -0.6736249626978558, -0.39951296104328826, -0.2658286528206516, 0.055683538867045045, 0.3614741588145368, 0.1418118452535244, 0.5632937839084544, 0.3547392765356111, 0.043231956712649934], [-0.6421322543223966, -0.40863282933377004, -0.3592968800098738, -0.2919505189219034, 0.34124059255166556, 0.4052339137011223, 0.08965336579857422, 0.7752157714074398, 0.652297425067315, -0.055127065230507116, 0.35572425960652077, 0.010348890841127736, 0.06627689674950146]], "inverted": false, "swapped": false, "error_lsq": 0.04483059832401169, "error_max": 0.24944787596282572, "target": "874.xyz", "model": "9.xyz", "model_rescale": 3.833441315466971, "target_rescale": 3.9526917000113166},
{"mapping": [3, 7, 9, 4, 11, 12, 8, 0, 1, 6, 5, 2, 14], "R": [[-0.15693124475094827, -0.014807165605410622, 0.9874985226660605], [-0.8430873464291437, -0.5187559672604628, -0.14176026496422367], [0.5143698190135023, -0.8547941239142884, 0.06892528570576395]], "T": [-0.045105837931572565, -0.03611960490384095, 0.17977009334483618], "aligned_model": [[0.04677953022335975, -0.1107056741734208, 0.5237596431211046, -0.43536170345302677, -0.08310980515585994, -0.4770330324296288, 0.576071490734108, 0.08636924920449122, -0.4539622034910587, -0.7025929284720268, 0.0650280904463271, 0.5041066717070022, -0.000364906581025691], [0.17825110844836645, -0.44631039525343363, -0.1916897752403742, 0.496258813497998, -0.7163705291871487, -0.3029485887484747, -0.5039250215118322, 0.2012618671011783, 0.3195153548403058, 0.11265853508642323, 0.628100374470998, 0.31919321739770656, -0.03699563813658209], [-0.6568445886465394, -0.34114655428627505, -0.3770962398994021, -0.2676515859871961, 0.1458369306497478, 0.5042099943191942, 0.1263268438110267, 0.8044198351321526, 0.6817354115323502, 0.0972754942573729, 0.24393814058293503, -0.11817062641706888, 0.09601851285651757]], "inverted": false, "swapped": false, "error_lsq": 0.049392053483338895, "error_max": 0.298106600524773, "target": "874.xyz", "model": "10.xyz", "model_rescale": 4.2482417240324, "target_rescale": 3.9526917000113166},
{"mapping": [6, 7, 10, 8, 2, 0, 11, 9, 5, 1, 4, 12], "R": [[0.7847299266815112, -0.6150600087410014, -0.07681228949816088], [0.15756602101039827, 0.07809244298817031, 0.9844158264529731], [-0.5994763474845198, -0.7846035661374849, 0.1581940353204274]], "T": [0.0032071225696058553, 0.15201861264037156, 0.01657485742258869], "aligned_model": [[-0.7415430448855376, -0.15965268275080335, 0.38103488746881053, 0.708770803538129, -0.6040462896414655, 0.01815137836933691, -0.14834283719394176, 0.6087119247616757, 0.22070875887974956, 0.06717689047269586, -0.4764434548080898, 0.002239268152447061], [-0.2387778553626739, -0.6174287820333235, -0.23987994598722637, -0.4296372247584246, 0.5002445655765888, 0.8307079295821729, 0.13729221183731505, 0.21212441009952812, -0.10250624195015232, 0.5138753166067824, -0.03501953582491271, 0.1351365422649655], [0.09511104515232899, 0.16697185719599084, 0.5354153522812395, -0.20764388369167983, 0.06639565893404292, 0.3591291622208683, 0.5032084239069258, -0.3311556347924679, -0.6224619801800959, -0.45088243475866413, -0.48006772897334155, -0.06882754744079045]], "inverted": true, "swapped": true, "error_lsq": 0.04402189041715271, "error_max": 0.26684483648426904, "target": "874.xyz", "model": "11.xyz", "model_rescale": 3.6694154284099745, "target_rescale": 3.9526917000113166},
{"mapping": [5, 6, 0, 7, 4, 11, 1, 2, 9, 11, 10, 12, 13], "R": [[-0.47608875861774813, 0.3425863308065289, -0.809922280137009], [-0.7806116526851692, 0.2594714686459695, 0.5686123500688609], [0.4049505421776106, 0.9029447175232954, 0.14389543247384906]], "T": [-0.004892572638220575, 0.01967063763705602, 0.09780163117623977], "aligned_model": [[0.0430038213243049, -0.3114113457130067, 0.3533966318723371, -0.3796339263310649, -0.005136504707191961, -0.6574434288393091, 0.7171890317898857, 0.38531009625913265, -0.6074496609844094, -0.6574434288393091, 0.04529949448720638, 0.5425663022525805, 0.07073733910918915], [0.23743105803882983, -0.21695239750158055, -0.4033313920037185, 0.5887297380575005, -0.7133873315162936, -0.27477706985082073, -0.3494997000469552, 0.11834505513309322, 0.4055413700552129, -0.27477706985082073, 0.616164507093532, 0.3906152775005879, -0.06710272234343594], [-0.6734681836282237, -0.31440052122980655, -0.3532371623620053, -0.19868778942873452, 0.19931322710598873, 0.27809743404872656, 0.34025763217924043, 0.6119210821888594, 0.46210233119879995, 0.27809743404872656, 0.31041538286450576, -0.05858684258797961, 0.05702754350671768]], "inverted": false, "swapped": false, "error_lsq": 0.04926498024903158, "error_max": 0.43989357125308093, "target": "874.xyz", "model": "12.xyz", "model_rescale": 3.9764082729961374, "target_rescale": 3.9526917000113166},
{"mapping": [11, 1, 8, 13, 2, 9, 7, 4, 5, 12, 6, 3, 15], "R": [[-0.6052809420416932, 0.7959628460523459, 0.008839055683172475], [0.651794675196573, 0.4892145002840894, 0.5795108921298917], [0.45694494480901615, 0.35652814813986067, -0.8149165583036383]], "T": [-0.09040431746347133, 0.03630283845486313, 0.0706352271934707], "aligned_model": [[0.1517637298404128, -0.3741429138518695, 0.26974594084684383, -0.3503653576059353, 0.12538857044051646, -0.4916564024120948, 0.5115129876774868, 0.236820164624504, -0.4753612094661456, -0.695274174143442, -0.07085002117935088, 0.696642306250888, 0.004760800658531336], [0.2543005117015848, -0.4719397476249575, -0.31164421191746255, 0.5171116263185112, -0.7313946921086443, -0.2645842036548273, -0.2971082591558728, 0.17806166936699305, 0.2019266140209404, 0.03208848279699455, 0.7565045204478217, 0.11952938688627082, 0.0741476256877795], [-0.6535031228981745, -0.1833420569786251, -0.42824098813931166, -0.20454419301821014, 0.05237475066986952, 0.40224173909045713, 0.3829912687307546, 0.6940871451149015, 0.7967212152841359, -0.13265823220601147, 0.3247729309105264, -0.2158510744853948, 0.10380218582989799]], "inverted": false, "swapped": false, "error_lsq": 0.051606916873566396, "error_max": 0.35990383097649675, "target": "874.xyz", "model": "13.xyz", "model_rescale": 4.170626492500431, "target_rescale": 3.9526917000113166},
{"mapping": [9, 3, 11, 1, 6, 2, 5, 4, 0, 0, 8, 10, 13], "R": [[0.0665167657104972, 0.7053639030834453, 0.705717566811471], [0.9029900149636503, -0.3434506091654451, 0.25816799170275145], [0.42448151049882266, 0.6200834163971594, -0.6597817851031244]], "T": [-0.030130459408433206, 0.055254239869364646, 0.11106955008746162], "aligned_model": [[0.07118121421633847, -0.3404080707544848, 0.366649114696224, -0.5530199943402001, 0.16392571836640246, -0.46851385060610995, 0.7153569543534614, 0.11728807478159634, -0.5496602448826255, -0.5496602448826255, 0.216017541055664, 0.31369569989880003, 0.036132509777904775], [0.22815468463461272, -0.4217631580326441, -0.2915410932012309, 0.3251782265731863, -0.7618934038204093, -0.2750837753548675, -0.45433837240227537, 0.03290156984475845, 0.3115718042824843, 0.3115718042824843, 0.6300636422677103, 0.43820727266869797, -0.016029878977376386], [-0.6738812887879457, -0.2783605597218197, -0.36005529288404553, -0.3834423765190682, 0.1569083470803958, 0.4738766134918063, 0.21962236579021016, 0.8044895270949423, 0.2533668259094127, 0.2533668259094127, 0.5117709421325944, -0.12014215338072153, 0.08133179178964217]], "inverted": false, "swapped": false, "error_lsq": 0.0598731524228846, "error_max": 0.41163770347550394, "target": "874.xyz", "model": "14.xyz", "model_rescale": 3.9786697098870705, "target_rescale": 3.9526917000113166},
{"mapping": [7, 6, 10, 8, 11, 3, 4, 1, 9, 5, 2, 12], "R": [[-0.7148305734798563, 0.695281733584484, 0.07483690374550722], [0.2456299788999287, 0.34984218105203646, -0.9040333853472309], [-0.6547390050119821, -0.627848516204752, -0.42085992445873366]], "T": [0.007032514303326284, 0.14238897828920732, -0.008788350002418809], "aligned_model": [[-0.12729105013964853, -0.7192492638230429, 0.4432901878879447, 0.6939415156186266, -0.09226016162038293, 0.6561570441130669, -0.5192597586023534, 0.015934618553698803, 0.5716203281460512, 0.16000568258665843, -0.5968828288647444, -0.0026517170885378694], [-0.39898119001182225, -0.10022522849000684, 0.0947445958056336, -0.49665306354112976, 0.4122075261286181, 0.5047955951310776, -0.26964123538109575, 0.17352647901277024, -0.032940074751825504, -0.4384422734145203, 0.4859893419537953, 0.08029401778294452], [-0.5833032652213611, -0.3654334811085826, -0.6194789544369251, -0.08752180943451024, -0.4299004502369664, 0.014900559690972544, 0.24606327444736856, 0.5849286987784331, 0.36759654767814903, 0.3908267273467693, 0.08982798525358121, 0.05146066111690164]], "inverted": false, "swapped": true, "error_lsq": 0.05408404961701461, "error_max": 0.24919046029516484, "target": "874.xyz", "model": "15.xyz", "model_rescale": 3.769337070930944, "target_rescale": 3.9526917000113166},
{"mapping": [2, 1, 11, 0, 6, 4, 7, 5, 10, 3, 12], "R": [[0.15254729669518668, -0.2036312021200823, 0.9670903038466062], [0.6714358249355705, 0.7393891906015706, 0.04977507222138766], [-0.7251918747918243, 0.6417460232402571, 0.24951710641003105]], "T": [-0.04543712030290271, 0.02550116335383939, 0.045969690410627956], "aligned_model": [[-0.28717360296534755, -0.300340086238772, -0.11312905573819299, -0.7754437914979484, 0.4395126614461877, 0.32592141151595366, 0.6878612181969729, 0.30324958324641893, 0.1515377264307795, -0.4992077076107015, -0.010162226094179251], [0.04153192291864598, -0.5114357761165084, 0.5133349529152451, 0.21414412960039697, 0.23598270011655129, -0.3860935623050295, 0.3467614754738187, -0.5581690042530583, 0.5887331007155551, 0.16536636612555536, -0.05409180756583045], [-0.6126702878030655, 0.029479498969891146, -0.08606243012598028, -0.05246842590921148, -0.6128655363151123, -0.4061192683544159, 0.029931438951226796, 0.28722611297550205, 0.5036862553045565, 0.6185012220505114, 0.0455790274798744]], "inverted": false, "swapped": true, "error_lsq": 0.0436580151941482, "error_max": 0.24356956590488896, "target": "874.xyz", "model": "16.xyz", "model_rescale": 3.7852294659196426, "target_rescale": 3.9526917000113166},
{"mapping": [9, 11, 8, 10, 2, 7, 3, 1, 5, 6, 4, 0, 12], "R": [[-0.2216297175084832, 0.7530570543691762, 0.6195041090920458], [0.626590759262401, -0.376806146231894, 0.6822031578414426], [0.7471708564472236, 0.5393720432379564, -0.3883471517202546]], "T": [0.02228319182514868, -0.023002448054980154, 0.09726031913639849], "aligned_model": [[0.10481492301636633, -0.36200757595678257, 0.3196157626266478, -0.41877039117991743, 0.06550279832542902, -0.5416766611248806, 0.7590334034015496, 0.14302681603632547, -0.29957719403397143, -0.8473941474208783, 0.10760844381210302, 0.5248961218083464, -0.016087877629991913], [0.16050299986520816, -0.47915113308087015, -0.3232583133557711, 0.5216938377137834, -0.6016968427382118, -0.35158356491413906, -0.1881852492795988, -0.12317451351358642, 0.2773695285439455, 0.15141288667132868, 0.620872939943855, 0.39338905553479037, -0.0011923086256027185], [-0.7434394188450244, -0.3295664107903934, -0.398366222672567, -0.3002730360267205, 0.29047492574376127, 0.3530155518894948, 0.3470785312112443, 0.7678128441194727, 0.5855139194805798, 0.07208389134679596, 0.3799806247253434, -0.10210245093533962, 0.01663881865816816]], "inverted": true, "swapped": false, "error_lsq": 0.044361777350542364, "error_max": 0.30773190128120037, "target": "874.xyz", "model": "17.xyz", "model_rescale": 3.901054581598922, "target_rescale": 3.9526917000113166},
{"mapping": [7, 12, 3, 6, 13, 9, 2, 8, 10, 11, 4, 1, 14], "R": [[-0.47540142053308626, -0.0529308853660847, -0.8781752733534955], [0.10707928130870187, -0.9942485543077902, 0.0019595334346763846], [-0.873228215800163, -0.09310281215533786, 0.4783349762449244]], "T": [0.026953417974591463, 0.016289824284907356, 0.12459380599509473], "aligned_model": [[0.015740931235900223, -0.3025199235913974, 0.334471233078685, -0.3240366910380354, 0.026494061666027774, -0.44644728660704586, 0.6681112083044982, 0.4610891241071934, -0.5604136413949589, -0.7220944787841251, 0.04988842454906186, 0.3529590302945926, -0.0142575701400511], [0.15360873785323012, -0.40061674546185644, -0.5094403780035215, 0.5507839195654409, -0.7057012624498361, -0.3587661090739518, -0.46907041079523315, 0.19283218906370586, 0.30052639396575276, 0.06332079948069225, 0.6911234269040536, 0.5634253029937154, -0.015026541277060872], [-0.5240161075236508, -0.39464730695392747, -0.3363253163117884, -0.2689131834672134, 0.2035295898193209, 0.3880600108264137, 0.3171560870636638, 0.5944631859709874, 0.621245855374229, -0.14641601792306635, 0.5364767555806558, -0.1583349096026348, 0.10657292505182644]], "inverted": false, "swapped": false, "error_lsq": 0.04637000532786904, "error_max": 0.2925569184987545, "target": "874.xyz", "model": "18.xyz", "model_rescale": 3.9405287249114394, "target_rescale": 3.9526917000113166},
{"mapping": [14, 12, 13, 3, 7, 0, 9, 5, 6, 1, 2, 11, 15], "R": [[0.4872766305087951, 0.8480563689579532, 0.20823515656547448], [0.8704977087530021, -0.49063919317229787, -0.03881908266575112], [0.06924755891559597, 0.20018385847287776, -0.9773081389158398]], "T": [-0.08260822517810024, -0.09857503683036821, 0.019838404752956097], "aligned_model": [[0.15726992679834256, -0.3935936708864203, 0.3828513457250275, -0.5156898015790079, 0.1928560218910857, -0.6014883684272987, 0.5927742170356993, 0.29702585366254536, -0.34863908091423124, -0.6573469534966436, -0.06776608020027707, 0.5767919190470261, -0.07606090697550227], [0.18064701048378318, -0.21064521721867713, -0.35010049816221567, 0.4629266663924005, -0.7042808711058804, -0.3386830843153944, -0.31369824207487707, 0.18799680396118795, 0.1595753513878811, 0.2053607547966103, 0.6625117620424449, 0.17608110238325375, -0.06069221580538564], [-0.6615076765994254, -0.4170453205501528, -0.39418113044851805, -0.4519505102651907, 0.2497632617226955, 0.4016574462249222, 0.31410089008057646, 0.701760093077225, 0.6685828971775849, 0.13305436086473485, 0.43918537126999, -0.07486458827243145, 0.03029647362280531]], "inverted": false, "swapped": false, "error_lsq": 0.04416893476933857, "error_max": 0.28661832085130384, "target": "874.xyz", "model": "19.xyz", "model_rescale": 4.410303926677745, "target_rescale": 3.9526917000113166},
{"mapping": [5, 10, 3, 8, 6, 11, 0, 2, 12, 9, 7, 1, 13], "R": [[0.16462638636541255, 0.3042332529958319, 0.9382645046487905], [-0.7766420214633226, 0.6263863373518119, -0.06683806457660313], [-0.6080504283442534, -0.7176923325148153, 0.33940004778994043]], "T": [0.02175204376087609, -0.04816205455381519, 0.1426827089678646], "aligned_model": [[0.0005398546435067056, -0.46509896529142464, 0.4064436610986803, -0.31415334100475983, 0.04819616650987186, -0.629298891675689, 0.7157841169867903, 0.4007490204097518, -0.5037941831593882, -0.6377495057521632, 0.03692129883960341, 0.5026151452460652, -0.022169955170499647], [0.0865794924804194, -0.27755157944337583, -0.5159589288764413, 0.5226325875215265, -0.6117885572674165, -0.5004403558859369, -0.2237963911102255, 0.06925359594698602, 0.2835520666728083, 0.10432771086469458, 0.6156786493369313, 0.5148510475584478, -0.010340015033286132], [-0.6822206074905255, -0.4781961470603706, -0.2562422709800105, -0.24772557792012334, 0.27733669884343193, 0.3849848800373458, 0.16781105310098052, 0.6729501739914858, 0.5721496371908565, 0.01753757553822477, 0.39946779132256005, 0.020589238002517662, 0.09040912332844289]], "inverted": true, "swapped": false, "error_lsq": 0.0445647545176142, "error_max": 0.26014723436916704, "target": "874.xyz", "model": "20.xyz", "model_rescale": 4.121658175737393, "target_rescale": 3.9526917000113166},
{"mapping": [5, 3, 1, 7, 2, 4, 6, 10, 11, 7, 9, 8, 12], "R": [[0.890186300648488, -0.4291604374875934, -0.1529368138585904], [0.3656303941477063, 0.4726753332526956, 0.801805739696247], [-0.2718138425708902, -0.7696748327897376, 0.5776832062271993]], "T": [0.04909473606211662, -0.016572530044358588, 0.047357293478003236], "aligned_model": [[0.09725602418225232, -0.516992850226885, 0.28233650286749745, -0.5101157744574281, 0.09201205172042975, -0.2520121325771502, 0.6536392993536386, 0.24435956300449774, -0.6510455705531515, -0.5101157744574281, 0.07482355819079228, 0.5529000705945029, -0.018060545961223168], [0.24746462356445392, -0.3217323733202668, -0.5186695996373194, 0.3207098595288354, -0.7531713698541879, -0.3282014584459188, -0.1689065043528148, -0.008697447191991212, 0.2592024597790498, 0.3207098595288354, 0.6215303614725233, 0.3947891325065035, -0.008028220812571093], [-0.5786366376647116, -0.21544114192315147, -0.3720132788290057, -0.1534965197928679, 0.22566009047405663, 0.4233275935928766, 0.23159815034249762, 0.8026603267674397, 0.5037789287907434, -0.1534965197928679, 0.3862165603282802, -0.12775658417477395, -0.033549400213699836]], "inverted": true, "swapped": false, "error_lsq": 0.056398315894628195, "error_max": 0.35046356563675635, "target": "874.xyz", "model": "21.xyz", "model_rescale": 4.08911054899281, "target_rescale": 3.9526917000113166},
{"mapping": [0, 4, 7, 1, 12, 14, 10, 5, 15, 2, 8, 6, 16], "R": [[0.043098318376128125, 0.5792085769015661, -0.814039286150744], [-0.9985458394887018, -0.0014381293908710957, -0.05389005681625708], [-0.03238427694042595, 0.8151781131921527, 0.5783043337028766]], "T": [-0.07778899458906316, -0.024647089767770365, 0.13897005273694046], "aligned_model": [[0.02862710785726405, -0.4552666889755871, 0.42517803049965097, -0.3921041201275183, 0.09613000908938812, -0.4144730988388191, 0.6592470238334792, 0.3777624148006421, -0.6668820637560743, -0.7551867448583597, 0.1934219603634081, 0.5204118384872197, -0.07788124669434886], [0.1518445032987327, -0.1835109208866682, -0.35792745052777347, 0.6746248140023784, -0.7279163756298753, -0.4713629936969649, -0.2786598052143129, 0.1518420076894457, 0.14937553850645705, 0.11119284295752924, 0.6114994865885032, 0.2659550995375749, -0.03995742385989508], [-0.6077599713656499, -0.4254456267676419, -0.23751973572288582, -0.06651276338512968, 0.2808643717091428, 0.4534717237489173, 0.34727477460914513, 0.6479431029370057, 0.531643579476514, -0.0706334538666819, 0.189211165025919, -0.19758642013076455, 0.09390082163692523]], "inverted": false, "swapped": false, "error_lsq": 0.04617537054341404, "error_max": 0.24883508704071117, "target": "874.xyz", "model": "22.xyz", "model_rescale": 4.204369325754507, "target_rescale": 3.9526917000113166},
{"mapping": [14, 12, 13, 3, 7, 0, 9, 5, 6, 1, 2, 11, 15], "R": [[0.4872766305087951, 0.8480563689579532, 0.20823515656547448], [0.8704977087530021, -0.49063919317229787, -0.03881908266575112], [0.06924755891559597, 0.20018385847287776, -0.9773081389158398]], "T": [-0.08260822517810024, -0.09857503683036821, 0.019838404752956097], "aligned_model": [[0.15726992679834256, -0.3935936708864203, 0.3828513457250275, -0.5156898015790079, 0.1928560218910857, -0.6014883684272987, 0.5927742170356993, 0.29702585366254536, -0.34863908091423124, -0.6573469534966436, -0.06776608020027707, 0.5767919190470261, -0.07606090697550227], [0.18064701048378318, -0.21064521721867713, -0.35010049816221567, 0.4629266663924005, -0.7042808711058804, -0.3386830843153944, -0.31369824207487707, 0.18799680396118795, 0.1595753513878811, 0.2053607547966103, 0.6625117620424449, 0.17608110238325375, -0.06069221580538564], [-0.6615076765994254, -0.4170453205501528, -0.39418113044851805, -0.4519505102651907, 0.2497632617226955, 0.4016574462249222, 0.31410089008057646, 0.701760093077225, 0.6685828971775849, 0.13305436086473485, 0.43918537126999, -0.07486458827243145, 0.03029647362280531]], "inverted": false, "swapped": false, "error_lsq": 0.04416893476933857, "error_max": 0.28661832085130384, "target": "874.xyz", "model": "23.xyz", "model_rescale": 4.410303926677745, "target_rescale": 3.9526917000113166},
{"mapping": [3, 10, 1, 4, 11, 9, 7, 13, 15, 8, 5, 0, 16], "R": [[-0.03837111896435651, 0.6120967067650613, -0.7898514283058491], [-0.9919727138499197, -0.11864202334672637, -0.04375163166580043], [-0.1204898012557421, 0.7818322658112553, 0.6117356585403456]], "T": [0.0036857874836554103, 0.009076832164737748, 0.21720698012388065], "aligned_model": [[0.09645666152905616, -0.36951308023690405, 0.4055019128768003, -0.3367455684509247, 0.0038959738122524845, -0.5361853363341214, 0.6215000582256349, 0.42007839589464263, -0.5224825288637273, -0.7614950361914773, -0.08348201778470365, 0.5666063362247431, 0.03484865097907339], [0.19585780157176685, -0.2930617743395776, -0.4340517703250127, 0.4102308792519861, -0.6216186664564843, -0.2877799130104662, -0.23599691753039964, -0.02729619062519611, 0.2117411910516644, 0.11244208882328169, 0.6278414740674104, 0.37840087050670784, 0.020290249779450327], [-0.6578686846219081, -0.2223596403869786, -0.3980297162782912, -0.22671451675728557, 0.2714714293645929, 0.3304996371679222, 0.20396761608254507, 0.7824333265577266, 0.654686409747561, -0.0647869879857452, 0.28885978944554597, -0.1250005907946762, 0.10169349636380674]], "inverted": false, "swapped": false, "error_lsq": 0.037642309091259, "error_max": 0.18534178078426958, "target": "874.xyz", "model": "24.xyz", "model_rescale": 4.28219845311461, "target_rescale": 3.9526917000113166},
{"mapping": [3, 4, 7, 1, 13, 2, 12, 14, 6, 0, 8, 9, 15], "R": [[-0.22099746391306402, 0.46340493697277757, -0.8581468320358993], [0.9116610388041466, 0.4107380313783016, -0.012977669514271817], [0.3464596243006367, -0.7852070643904914, -0.5132402894948216]], "T": [0.06359944049883824, 0.05559948248644113, 0.08865245757394719], "aligned_model": [[0.0026771652850058753, -0.4014698615728698, 0.2883924987733881, -0.2361114261240524, 0.21884268437746623, -0.3461505341145715, 0.678189189563528, 0.12590347579109146, -0.5580889011868343, -0.7522116101771893, -0.1129213324547365, 0.642167400388947, -0.01023432686882704], [0.22734731345919862, -0.26189553821445843, -0.43642528012775444, 0.5063197321065087, -0.5154819752362285, -0.37513726602956166, -0.23931396916487502, -0.0930173940821465, 0.3432281089993516, 0.056976973648036555, 0.6990367237158532, 0.0949035432763719, 0.0504583504148355], [-0.6642329944031431, -0.377776560741146, -0.47074518246062097, -0.25325696297080885, 0.14044010873130436, 0.4282858425202612, 0.43466603622763583, 0.8330823441851227, 0.6742893023706493, 0.08650672954323718, 0.2804205212440478, -0.258605357993807, 0.08577774165208302]], "inverted": true, "swapped": false, "error_lsq": 0.053355837997821134, "error_max": 0.3528869246006342, "target": "874.xyz", "model": "25.xyz", "model_rescale": 4.100010024507729, "target_rescale": 3.9526917000113166},
{"mapping": [6, 7, 10, 8, 2, 0, 11, 9, 5, 1, 4, 12], "R": [[0.7847299266815112, -0.6150600087410014, -0.07681228949816088], [0.15756602101039827, 0.07809244298817031, 0.9844158264529731], [-0.5994763474845198, -0.7846035661374849, 0.1581940353204274]], "T": [0.0032071225696058553, 0.15201861264037156, 0.01657485742258869], "aligned_model": [[-0.7415430448855376, -0.15965268275080335, 0.38103488746881053, 0.708770803538129, -0.6040462896414655, 0.01815137836933691, -0.14834283719394176, 0.6087119247616757, 0.22070875887974956, 0.06717689047269586, -0.4764434548080898, 0.002239268152447061], [-0.2387778553626739, -0.6174287820333235, -0.23987994598722637, -0.4296372247584246, 0.5002445655765888, 0.8307079295821729, 0.13729221183731505, 0.21212441009952812, -0.10250624195015232, 0.5138753166067824, -0.03501953582491271, 0.1351365422649655], [0.09511104515232899, 0.16697185719599084, 0.5354153522812395, -0.20764388369167983, 0.06639565893404292, 0.3591291622208683, 0.5032084239069258, -0.3311556347924679, -0.6224619801800959, -0.45088243475866413, -0.48006772897334155, -0.06882754744079045]], "inverted": true, "swapped": true, "error_lsq": 0.04402189041715271, "error_max": 0.26684483648426904, "target": "874.xyz", "model": "26.xyz", "model_rescale": 3.6694154284099745, "target_rescale": 3.9526917000113166},
{"mapping": [4, 8, 5, 10, 7, 9, 1, 6, 11, 10, 2, 0, 13], "R": [[0.24697814234066792, 0.48504635277730856, 0.8388872587322945], [0.6072480093441299, 0.5971660517713205, -0.5240635092805492], [-0.7551500859786381, 0.6388448499199813, -0.14705647002825936]], "T": [-0.047743651806740034, -0.07718643204988625, 0.13448028399819245], "aligned_model": [[-0.08003847077184643, -0.35325060425139176, 0.512276098479743, -0.5217040253808577, 0.0307687955495706, -0.6357047640826469, 0.7985067867331166, 0.36069270870225556, -0.5664322950589349, -0.5217040253808577, 0.07683529230492583, 0.47475701092404543, -0.03601808608677634], [0.3815200216846439, -0.3165073536782478, -0.4205924990671878, 0.21082557892694725, -0.7006952536999382, -0.34374710860314356, -0.261534775540133, 0.04646558925314409, 0.4673971814814371, 0.21082557892694725, 0.5720972926451995, 0.23334746324467298, -0.022402392809210303], [-0.5467509572548997, -0.37320878512678113, -0.3064603606989415, -0.09854625034328518, 0.16913673582364538, 0.35382173388193183, 0.3063015202271623, 0.6721422120219575, 0.5474769528462059, -0.09854625034328518, 0.2927218010958919, -0.1253179077819262, 0.1460811235571399]], "inverted": true, "swapped": false, "error_lsq": 0.05323231546643671, "error_max": 0.42152837657338016, "target": "874.xyz", "model": "27.xyz", "model_rescale": 4.103607728864725, "target_rescale": 3.9526917000113166},
{"mapping": [12, 2, 3, 13, 0, 1, 9, 5, 8, 4, 11, 10, 14], "R": [[-0.8904161691234327, -0.3423360646207504, 0.2999417687210774], [0.39441232339578824, -0.2514640546009577, 0.8838578779403298], [-0.2271518543113552, 0.9053020756099172, 0.35892922279927136]], "T": [0.09946028403453235, 0.13537845493660453, 0.10889975507642362], "aligned_model": [[-0.08583665234961489, -0.3501678164718347, 0.2499710285278342, -0.2993796718219433, 0.11883058527668465, -0.4206004097883971, 0.7981848681635069, 0.2497020743085081, -0.5912644362112593, -0.7866253528034133, 0.08102687429372411, 0.5537918608289866, 0.021351469727563688], [0.11489037089091217, -0.28200093329611353, -0.3996087915420333, 0.5637658937954559, -0.5755635138567522, -0.5158159509483158, -0.19365879546904227, -0.17782590868584494, 0.38979722628301616, 0.09079098807918481, 0.7766765424209155, 0.2638145241188905, 0.0017376709748586627], [-0.7292761816477954, -0.2972402746492851, -0.39574468853123773, -0.16909921037859327, 0.17117374177762157, 0.438055573131441, 0.38027103106611765, 0.7526938537174379, 0.47007897158060596, -0.07677062253736901, 0.354782259239652, -0.0830957416577975, 0.12302285679401749]], "inverted": false, "swapped": false, "error_lsq": 0.048952334062999286, "error_max": 0.2727841394138437, "target": "874.xyz", "model": "28.xyz", "model_rescale": 4.137296879288765, "target_rescale": 3.9526917000113166},
