[{"mapping": [0, 5, 8, 6, 3, 1, 2, 7, 9, 10, 11], "R": [[-0.21086153648296466, -0.9147791333728882, 0.3445526804098201], [0.8098422562842554, 0.033918913863503514, 0.5856663104693207], [-0.5474421726250819, 0.40252781820374656, 0.7336746030793638]], "T": [-0.13544643175761314, -0.002963639918818539, 0.07916908034762939], "aligned_model": [[0.03975651943020245, 0.504433662782685, -0.4162515164656855, 0.18368956851027732, -0.7416731490158378, 0.428435476823114, -0.13785780353755947, 0.6957943153879987, -0.34876157421102283, -0.04851246558135108, -0.0972520467836532], [-0.4907461123720026, -0.5195380256145874, 0.49180911625620227, 0.6429308989890313, -0.10416564540594478, 0.126361942546783, 0.008328239126501713, 0.13673749111701572, 0.39410829248497997, -0.23827598903439667, -0.056776608801786685], [-0.2587119334191108, 0.19048260685742507, -0.20270308010862387, 0.15744388725883013, 0.3894590030886454, -0.3297228936678121, -0.7261984906037892, 0.510591986714603, 0.48682942294322695, 0.7107004967026969, 0.05731480789202041]], "inverted": false, "swapped": false, "error_lsq": 0.0615721602117647, "error_max": 0.4085816428842588, "target": "875.xyz", "model": "0.xyz", "model_rescale": 3.751011558992144, "target_rescale": 3.692540521199682},
{"mapping": [1, 7, 8, 5, 4, 3, 2, 12, 10, 6, 14], "R": [[0.6255078952564291, 0.7605259742602644, -0.17418414235328072], [-0.5523122980062949, 0.5893041482493441, 0.5896369614662235], [0.5510816622270042, -0.27261853079273757, 0.7886622459744929]], "T": [0.033069732191758294, 0.09444672845729381, 0.10951390662077594], "aligned_model": [[-0.20624231914121202, 0.39470214020856714, -0.4978922995141171, -0.1024590398140583, -0.7249294971199687, 0.6615809666786723, 0.11447890366588237, 0.7450163472665206, -0.40227675523372625, 0.004929088403947405, 0.07489345193866029], [-0.5519611432122026, -0.45093252815524015, 0.18978237497002817, 0.6743289561369695, -0.05442848297872564, 0.017873752193378237, 0.35994330488927284, 0.08887571295209289, 0.43202549870645174, -0.42836381334937107, 0.11362996713914199], [0.006692921572228547, 0.21656759280657856, -0.2770202930700675, -0.07878001514907938, 0.279358864427938, -0.3177051202759629, -0.6693456549761163, 0.32182519964834944, 0.7169410692437685, 0.6476616435975004, 0.1392896058329747]], "inverted": false, "swapped": false, "error_lsq": 0.04994946912960496, "error_max": 0.2674162742141731, "target": "875.xyz", "model": "1.xyz", "model_rescale": 3.9405287249114394, "target_rescale": 3.692540521199682},
{"mapping": [4, 2, 3, 6, 9, 1, 7, 0, 11, 5, 12], "R": [[0.06960544782485473, -0.9417315019139261, 0.3290848825698956], [-0.14568432391164376, -0.3359443044915195, -0.9305468833143853], [0.9868795060185962, 0.016828623908382745, -0.16057907092096885]], "T": [-0.07796440042608392, 0.015065868659976236, 0.04434461102945032], "aligned_model": [[-0.17056046621668003, 0.2918772923320365, -0.45984620716236174, 0.06184988811420698, -0.6689851215836797, 0.5981832393936775, 0.03533653831559899, 0.6153919788522403, -0.29557875069901274, 0.09899409828821022, -0.044861502295068335], [-0.3899466807034721, -0.4672347701655592, 0.22852045002141214, 0.5400929733610738, -0.24588398114551568, -0.2362837925120242, 0.418904343008089, 0.31331451684930434, 0.4019018655410361, -0.10686134984196304, -0.06574997512058543], [-0.5205328317322819, 0.35219659430696465, -0.3236269992185977, 0.05676223715438462, 0.5270254477517149, -0.2825713557772393, -0.6286986543499626, 0.40935784838279554, 0.6016741321473523, 0.738531706485648, 0.05536768850733322]], "inverted": true, "swapped": false, "error_lsq": 0.05788091321137336, "error_max": 0.3222056506700757, "target": "875.xyz", "model": "2.xyz", "model_rescale": 3.932901565614263, "target_rescale": 3.692540521199682},
{"mapping": [7, 8, 6, 10, 0, 9, 12, 11, 1, 3, 13], "R": [[0.13137986116330996, 0.5371174632701423, 0.8332131556396342], [0.9813491782792376, -0.1894468994639607, -0.03261384022401487], [0.14033218579989054, 0.8219578474190388, -0.5519892885689773]], "T": [-0.10277127363844724, -0.02792478510545078, 0.10445570285809282], "aligned_model": [[-0.13386320633980167, 0.5154751735427789, -0.41185694662109135, 0.10817186592839728, -0.6196557608922915, 0.3373097704487212, 0.14126879163773096, 0.6304572182442498, -0.4096359931845198, -0.007052044216457332, -0.08881788120854871], [-0.6825795026380717, -0.39933847190284594, 0.4334993762865896, 0.6531050600797337, -0.22196292165227915, -0.27144884068085395, 0.3797418855381398, 0.3113947366607343, 0.4370524898520327, -0.2873328563983605, 0.03864264414697685], [-0.17874570935646755, 0.2408739176949205, -0.29334581891159195, 0.03483686820856009, 0.4841002175620088, -0.4310978877190791, -0.49335876865117423, 0.4851746795419743, 0.5927166971871265, 0.533676811085743, 0.01065480701609152]], "inverted": false, "swapped": false, "error_lsq": 0.05671708137689169, "error_max": 0.36400095853243114, "target": "875.xyz", "model": "3.xyz", "model_rescale": 3.9243930471874484, "target_rescale": 3.692540521199682},
{"mapping": [5, 6, 1, 8, 2, 11, 9, 10, 7, 3, 12], "R": [[0.09382313442462792, -0.07388301529693114, -0.9928436530981963], [-0.3048339460956207, -0.9514790669403486, 0.041998219987231244], [-0.9477729077972794, 0.29871204399045764, -0.11179279950217041]], "T": [0.05187154415788767, 0.07364689305245385, 0.1109594300971919], "aligned_model": [[-0.18826532295718296, 0.3777719270915567, -0.5562664069103056, 0.1532981441138964, -0.6520706985961678, 0.6389659118713608, 0.17117301642208915, 0.6766194941085952, -0.588415141588601, 0.04318824206649591, -0.01419817828256921], [-0.5421283942915491, -0.5706974158098015, 0.09867601562938608, 0.6946493030107752, -0.047182961454978786, -0.0659298794140145, 0.44595469911769486, 0.22180969343511459, 0.5075099391465193, -0.33671081045469603, -0.015176589622654488], [-0.25887591208017824, 0.12217846647385548, -0.26280797816106327, 0.13108455279366404, 0.6949799395313048, -0.40087316887876123, -0.47627259222052487, 0.40227627330071863, 0.32241764394080824, 0.6443303383794131, 0.06704825057887523]], "inverted": true, "swapped": false, "error_lsq": 0.05837895047610957, "error_max": 0.3809115493087952, "target": "875.xyz", "model": "4.xyz", "model_rescale": 3.8936222436046832, "target_rescale": 3.692540521199682},
{"mapping": [2, 10, 1, 9, 5, 3, 0, 8, 6, 7, 11], "R": [[-0.9383401725985053, -0.28296666379994284, 0.19861416783738706], [-0.3392061953151143, 0.8645173062947881, -0.37087596872357265], [-0.06675984981747751, -0.41537897671251256, -0.9071953638316359]], "T": [0.050610866135788725, -0.007994087138205777, 0.13726409268263318], "aligned_model": [[-0.024509289846337122, 0.34362325514435793, -0.5856576900918662, 0.17012375231368812, -0.6837450827394986, 0.48661867108460444, 0.0879183721846932, 0.7246068807518782, -0.40510154907800583, 0.05904343838074059, -0.11111977076508711], [-0.4736036705679552, -0.5605438554792543, 0.23143586006033362, 0.5929847472156377, -0.13991145149807305, -0.00010110165546488303, 0.2980015339813967, 0.18216962449492324, 0.45099300879979315, -0.1333644486684975, -0.05728664739104356], [-0.4412885349215624, 0.22836784056826784, -0.2881114965341537, 0.056165051274107966, 0.45426568002674406, -0.23705786382683147, -0.6920085638212823, 0.3726997768733781, 0.6023078201858948, 0.7728415400194255, 0.1573045638141238]], "inverted": true, "swapped": false, "error_lsq": 0.041784069906591774, "error_max": 0.22751925080761004, "target": "875.xyz", "model": "5.xyz", "model_rescale": 3.6523030999806103, "target_rescale": 3.692540521199682},
{"mapping": [5, 8, 3, 4, 1, 9, 11, 10, 2, 6, 12], "R": [[0.30523653273689827, -0.3680680022669002, 0.8782690958869097], [-0.8502140743885745, -0.5207378494063323, 0.07725360772965842], [0.42891337912722693, -0.7702973697883966, -0.47188481147706207]], "T": [-0.018070966172374588, -0.026206604166796335, 0.05338947886291626], "aligned_model": [[-0.27738706874574626, 0.27082976384850105, -0.5671085401185902, -0.04094843446619397, -0.5682241451561991, 0.6388868518061926, 0.2751406502289735, 0.5791742371737343, -0.35198249361433587, 0.19309857058916077, -0.08967840420632903], [-0.6066797505335288, -0.6229917226758822, 0.25569788537406674, 0.5465815196121614, -0.188512686160333, -0.12688641152586388, 0.5277544029672309, 0.37442233915210854, 0.4356840505165472, -0.15573587912607106, -0.04856014830863957], [-0.19096603116296182, 0.17207811852987154, -0.26555926955905024, 0.07623654933517579, 0.44500546601786106, -0.23109756296433911, -0.5644480027803892, 0.355825684569568, 0.5547593514786199, 0.6544336167966895, -0.020782106602933288]], "inverted": true, "swapped": false, "error_lsq": 0.0589830872362497, "error_max": 0.28665413232609893, "target": "875.xyz", "model": "6.xyz", "model_rescale": 4.08911054899281, "target_rescale": 3.692540521199682},
{"mapping": [13, 11, 7, 6, 5, 1, 2, 9, 4, 10, 14], "R": [[0.15905203938613835, 0.9204602297581836, -0.3570089833612345], [0.25780399383717306, 0.3103434298007286, 0.9149994843392663], [0.9530160279495374, -0.2375708757677003, -0.18793756798004693]], "T": [0.01800127298844629, 0.05768472617152629, 0.16010192185467353], "aligned_model": [[-0.03430356680815191, 0.30818909252906185, -0.5937932082081205, -0.09249647136071187, -0.696302452801017, 0.6001403745306821, 0.037645493545520055, 0.7648946434236404, -0.304305931679613, -0.10795373624133348, 0.18008675040921124], [-0.43411467538110254, -0.4418524238243135, 0.1536774137912114, 0.5037174781440944, 0.007295749419310972, 0.012859182542987811, 0.2925037998897164, 0.15746166468090997, 0.47452455883830524, -0.37056992394632804, 0.03527077513700403], [-0.3796128868340929, 0.26395146745528575, -0.3044213619949352, -0.03480318099027779, 0.42035635107439684, -0.28380211726797255, -0.6110100353267016, 0.37632440831119596, 0.6283028503283881, 0.7257945847064587, 0.18440573419636713]], "inverted": true, "swapped": false, "error_lsq": 0.047289206349171, "error_max": 0.26496599620543887, "target": "875.xyz", "model": "7.xyz", "model_rescale": 3.964800864290218, "target_rescale": 3.692540521199682},
{"mapping": [9, 10, 7, 1, 4, 5, 8, 3, 2, 6, 13], "R": [[0.8333803676639401, 0.5502970795976371, -0.05148093801231683], [-0.3039634656653687, 0.534127651314373, 0.7888687239598803], [0.4616095474890162, -0.6417793828783406, 0.6124017058918779]], "T": [-0.04976490447210584, 0.03791295343024886, 0.1887936725029965], "aligned_model": [[-0.14938514414068166, 0.4647425317409592, -0.48045577963757063, 0.017312412747954697, -0.5632082197896312, 0.6627102353579573, 0.05225974226799179, 0.5554272217575081, -0.4751395978851572, 0.0018252933106678512, -0.024287708390830446], [-0.45408240549528434, -0.5389754335143718, 0.41243614469258816, 0.7310500170912784, -0.16116384406558215, 0.032505187481068946, 0.020106862249354866, 0.09601566070197182, 0.4585763940532949, -0.22212867397564012, 0.01643369007311727], [-0.28224040421834373, -0.0898026305900706, -0.23675410885368275, -0.09081594046894681, 0.626786578459696, -0.24872278908439516, -0.5730012447691633, 0.5841786260100594, 0.47288409416663774, 0.7047613330083519, 0.11821229999796923]], "inverted": true, "swapped": false, "error_lsq": 0.05830908592456229, "error_max": 0.3477862338172182, "target": "875.xyz", "model": "8.xyz", "model_rescale": 4.121658175737393, "target_rescale": 3.692540521199682},
{"mapping": [5, 7, 0, 1, 3, 9, 4, 8, 2, 11, 12], "R": [[0.4389113325182232, -0.7673151913772117, 0.4675299340885357], [0.08383449188212377, -0.48308664036599075, -0.8715498126158745], [0.8946108763914866, 0.42172822407523647, -0.1477047218622456]], "T": [0.03580653582696982, -0.024456867848744818, 0.13077093344403007], "aligned_model": [[-0.12042663341327295, 0.48367672408972767, -0.5979518136692167, -0.08639204519922597, -0.5776368701895045, 0.6794323603985684, 0.03825073750456657, 0.4520278247353712, -0.23015400934174526, -0.0017501462941836646, 0.02272485871808285], [-0.40525646056157905, -0.5234195875473178, 0.21975868177984118, 0.6151983082107444, -0.039663493440110525, -0.0823629899994521, 0.3109325442129274, 0.16313879001839768, 0.4956882986792984, -0.4191018651783587, 0.05586137311740508], [-0.3299901470463534, 0.20599997789954672, -0.2661337942750476, -0.09470739866133818, 0.6268958548328402, -0.3941885849923387, -0.6911997995348331, 0.6983280191509416, 0.5063510780336498, 0.6266306880765911, 0.09749992017445375]], "inverted": false, "swapped": false, "error_lsq": 0.050559110839828156, "error_max": 0.31247420820937, "target": "875.xyz", "model": "9.xyz", "model_rescale": 3.833441315466971, "target_rescale": 3.692540521199682},
{"mapping": [8, 9, 0, 5, 12, 2, 13, 3, 6, 7, 14], "R": [[0.7978101868097289, -0.5008526707071486, -0.3356270371530611], [0.5981823635112509, 0.5879999199191104, 0.54445748608979], [-0.07534431502588332, -0.6351399030297472, 0.7687135602892953]], "T": [-0.16704927050627, 0.05184624613665764, 0.1626192164678874], "aligned_model": [[-0.015284790136157161, 0.48572408250573257, -0.5306067112335361, 0.07269408733865473, -0.7230666174806171, 0.45236461632406927, 0.02669132902380994, 0.6346646333731292, -0.340802772498803, 0.07840611830886102, -0.07898298818597582], [-0.6415460881655265, -0.4212218665647961, 0.30341428942530235, 0.6028820851750362, 0.05428151526636088, 0.08099831574000296, 0.2317594535257573, 0.07022849663691039, 0.45681106329848864, -0.36525488529546746, 0.01842122024972752], [-0.15945837605555674, 0.07315616892720328, -0.3554179140463543, -0.14773192003965208, 0.39469428328603395, -0.20087335369993337, -0.5895658400942241, 0.496143966584924, 0.6793810430875895, 0.6205409074167547, 0.1746168482913273]], "inverted": true, "swapped": false, "error_lsq": 0.043675037084582334, "error_max": 0.23044713111125795, "target": "875.xyz", "model": "10.xyz", "model_rescale": 4.2482417240324, "target_rescale": 3.692540521199682},
{"mapping": [6, 2, 4, 10, 5, 1, 0, 3, 9, 7, 11], "R": [[0.3774841800290784, -0.918167298595821, -0.12031003955209638], [-0.4064165579636575, -0.04752817567883577, -0.9124509049420768], [0.8320644657962192, 0.39333177383208484, -0.39109952755450655]], "T": [0.09701483316176805, 0.03724585092235845, 0.075058055305783], "aligned_model": [[-0.20276570495161472, 0.39619071260201694, -0.7390588979313638, -0.034389884023225306, -0.5250005974771624, 0.6794528647854251, 0.11952159720331733, 0.7281470147791522, -0.37837977230624376, 0.03537493926760629, -0.01729128460874002], [-0.4054375632216594, -0.6365662760919509, 0.08737745097921192, 0.6608754750194409, -0.28976019818026033, 0.018205543583029615, 0.34862490611561275, -0.053248437563823955, 0.5548758783628019, 0.023939927457795454, 0.0818868928315979], [-0.29188221497430356, 0.14008341216203907, -0.1785304284311469, -0.018863479948683898, 0.3402938338479915, -0.3243789982746098, -0.6151419196965249, 0.5766102256031572, 0.5056042501825059, 0.7492833311422971, 0.10240780204539052]], "inverted": false, "swapped": false, "error_lsq": 0.05941075730508645, "error_max": 0.305100821475977, "target": "875.xyz", "model": "11.xyz", "model_rescale": 3.6694154284099745, "target_rescale": 3.692540521199682},
{"mapping": [12, 10, 0, 6, 1, 7, 5, 9, 4, 2, 13], "R": [[-0.08908574501828126, 0.046008023455485436, 0.9949607991334422], [0.7007676210370285, -0.706977171471028, 0.0954359488082393], [0.7078053908671804, 0.7057382948349513, 0.03074065488589739]], "T": [0.05372250461388477, 0.09192544058549926, 0.1704788173628506], "aligned_model": [[-0.13875429945045276, 0.43386442031262423, -0.5549776597831796, 0.06847892466074373, -0.6890522957348914, 0.6581444722666757, 0.04421244456065197, 0.8081286808140333, -0.40546094438687885, -0.09773675772023051, -0.06504599819992843], [-0.4631611262129013, -0.4166762631467166, 0.29769045950460993, 0.5926251535746038, -0.21269145150229188, 0.05293836725957006, 0.17628225862598984, 0.10037076342298672, 0.5531793569900626, -0.4048878846995927, 0.11510396547547488], [-0.17098872651743185, 0.15189876897695187, -0.14238334282540793, -0.09207951698153671, 0.4387466669519749, -0.26000859430182444, -0.6278721571368049, 0.4452264556117172, 0.5227202608579449, 0.5661430500964807, 0.15408294892604826]], "inverted": false, "swapped": false, "error_lsq": 0.04206516528621756, "error_max": 0.18971929694179385, "target": "875.xyz", "model": "12.xyz", "model_rescale": 3.9764082729961374, "target_rescale": 3.692540521199682},
{"mapping": [14, 6, 8, 1, 7, 13, 10, 5, 0, 4, 15], "R": [[0.9328985847180534, -0.3213024917626823, 0.1626804825974663], [-0.2242417686458414, -0.8716986285361715, -0.4357259806377661], [0.28180819687446634, 0.370008391520043, -0.8852558558852422]], "T": [0.033277024203395886, 0.09635375044881911, 0.047123545629917794], "aligned_model": [[0.04981331843348559, 0.4554098408329011, -0.5407367931409738, -0.056918345415761545, -0.5854736780429285, 0.4589889218526069, -0.038594441742038244, 0.5689203503305993, -0.18578630071233726, -0.04573443201020866, -0.018087453046177426], [-0.6222834546158856, -0.523667763180537, 0.21007951546166054, 0.6899367710670209, 0.015031691786911022, -0.1382732350244658, 0.45944944056983616, 0.13378906152770154, 0.3977607088149435, -0.24076806094361258, 0.009718923828223355], [-0.30229763009501576, 0.19216151810759133, -0.34939558949288757, -0.1598705876058593, 0.4732315016312813, -0.32462920025708375, -0.6664189626740108, 0.6909470699706581, 0.6702391357314708, 0.6763848553015989, 0.08513370304036909]], "inverted": false, "swapped": false, "error_lsq": 0.049851265678891615, "error_max": 0.24079160588955786, "target": "875.xyz", "model": "13.xyz", "model_rescale": 4.170626492500431, "target_rescale": 3.692540521199682},
{"mapping": [0, 8, 3, 11, 2, 10, 9, 12, 6, 4, 13], "R": [[-0.6145980847550137, -0.3424600683625729, -0.7106266922882722], [0.7883814690036554, -0.23593607807246755, -0.5681450751308337], [0.026904526517059213, -0.9094257906178405, 0.4149950334787256]], "T": [-0.02857957094843428, -0.042055103989489126, 0.04206676026297389], "aligned_model": [[-0.27611052242244305, 0.5229940489350007, -0.5696665727846396, 0.06511153049037899, -0.5757373273660115, 0.4776917073721492, 0.15474404332209507, 0.5911940990039115, -0.3835506996456878, 0.07614874247066294, -0.02101806203624899], [-0.5553660043500247, -0.5124572212561079, 0.3257780180695176, 0.6517171764409077, -0.25864375686285945, 0.01772522585054341, 0.3404636635033829, 0.10877121185177803, 0.5601402913094751, -0.34223695705168505, 0.054881951786868485], [-0.13428162833559126, 0.2034504109983859, -0.17564234655186162, -0.0557169375027293, 0.3364133455581431, -0.1996851991638079, -0.6481348649382442, 0.4010070640318926, 0.5098759849499281, 0.6760903923568873, 0.0721095922551093]], "inverted": true, "swapped": false, "error_lsq": 0.04528145587359701, "error_max": 0.2221235555428016, "target": "875.xyz", "model": "14.xyz", "model_rescale": 3.9786697098870705, "target_rescale": 3.692540521199682},
{"mapping": [0, 4, 9, 8, 6, 2, 3, 5, 7, 1, 11], "R": [[-0.513239830185036, -0.7142222624773452, 0.47589015170875076], [-0.6208101636988749, -0.07391645222532484, -0.7804685123299964], [0.5926040983319402, -0.6960049697180068, -0.4054595722979354]], "T": [-0.020011018092432997, 0.006663505028811009, 0.19728731112013628], "aligned_model": [[-0.046653717882852386, 0.4858074820346011, -0.4730802550767801, 0.20296432117428767, -0.7744352904062891, 0.643891916655638, -0.0638689836921387, 0.6432203293833602, -0.12912126712420885, -0.3066386917526772, -0.1202848559737732], [-0.48006227544709307, -0.31126847541660013, 0.2089571106400704, 0.4324411718219244, 0.0280705319008777, -0.03923721367167794, 0.24705463490800705, 0.4213799335589487, 0.41768178005599016, -0.5433709564734422, 0.009127357414790857], [-0.29889185737320445, 0.33138291444270584, -0.17850496085527615, -0.005748406331493511, 0.4375818124057954, -0.3603626091010633, -0.6889619855405245, 0.3783785902105401, 0.7032862602698381, 0.4729297594919082, 0.19439629603888695]], "inverted": true, "swapped": false, "error_lsq": 0.06887987194171966, "error_max": 0.4434734725964011, "target": "875.xyz", "model": "15.xyz", "model_rescale": 3.769337070930944, "target_rescale": 3.692540521199682},
{"mapping": [6, 8, 5, 0, 7, 2, 4, 3, 1, 9, 10], "R": [[-0.541812103678678, 0.8373803880924389, -0.07234452256696255], [-0.5012844986954768, -0.39103336953255335, -0.7718851956603663], [-0.6746506471314689, -0.38195155393082775, 0.6316324206173367]], "T": [-0.0452507533633521, 0.03523943133398222, 0.1202285177881257], "aligned_model": [[-0.04460688383413233, 0.2581488085885614, -0.6107841063283097, 0.1470353738349266, -0.6800119989285069, 0.636244964356619, -0.045796574568289006, 0.5450683655463147, -0.4219530697657902, 0.2666776534272685, 0.011778455010505694], [-0.4022429884824654, -0.648236801117737, 0.23092849307054114, 0.6237882754689952, -0.17694930059849137, -0.02261243438033378, 0.23644026812569097, 0.16336346003598615, 0.5778421741247205, -0.24020906979482504, 0.04866152283971446], [-0.4629658299922905, 0.16821452853732421, -0.1829690074643795, -0.06445071216554217, 0.3716059335451506, -0.16038261276127164, -0.6331309249024215, 0.45868236964325976, 0.5727835693933593, 0.8185181963422672, 0.09958030348265676]], "inverted": false, "swapped": false, "error_lsq": 0.058621557829326126, "error_max": 0.326864871937084, "target": "875.xyz", "model": "16.xyz", "model_rescale": 3.7852294659196426, "target_rescale": 3.692540521199682},
{"mapping": [11, 9, 7, 5, 2, 10, 6, 0, 1, 8, 12], "R": [[0.1361493590056211, -0.42456824552096173, 0.8951006406754558], [0.9736239261282226, 0.22431684750774047, -0.041694153005606915], [-0.18308414052840385, 0.8771680322603201, 0.4439103971158303]], "T": [0.007375207849841714, 0.09812273258633628, 0.24035719385935386], "aligned_model": [[-0.25899689953743016, 0.5805648795635101, -0.5107184784997365, -0.033249698934266096, -0.5708576689621333, 0.5721309551060372, -0.009334642237335855, 0.5612958484194858, -0.37209270593494326, 0.04658191041369617, 0.05647748794228368], [-0.46974649204784524, -0.5435639333897724, 0.19691842362332776, 0.6929988047577008, -0.025623394799167365, 0.05722393518658749, 0.22627231294502764, 0.09619603921794621, 0.6193409170433762, -0.5012876670432975, 0.0420446537979124], [-0.13977767503945018, 0.1569688945537283, -0.22142776559000918, -0.036556305752230706, 0.3966282953500234, -0.3329082852962385, -0.6375332901225267, 0.6389990977559477, 0.4824106194624629, 0.4921029357148651, 0.18657929262153955]], "inverted": true, "swapped": false, "error_lsq": 0.05169030754714887, "error_max": 0.3044773835960984, "target": "875.xyz", "model": "17.xyz", "model_rescale": 3.901054581598922, "target_rescale": 3.692540521199682},
{"mapping": [1, 7, 8, 5, 4, 3, 2, 12, 10, 6, 14], "R": [[0.6255078952564291, 0.7605259742602644, -0.17418414235328072], [-0.5523122980062949, 0.5893041482493441, 0.5896369614662235], [0.5510816622270042, -0.27261853079273757, 0.7886622459744929]], "T": [0.033069732191758294, 0.09444672845729381, 0.10951390662077594], "aligned_model": [[-0.20624231914121202, 0.39470214020856714, -0.4978922995141171, -0.1024590398140583, -0.7249294971199687, 0.6615809666786723, 0.11447890366588237, 0.7450163472665206, -0.40227675523372625, 0.004929088403947405, 0.07489345193866029], [-0.5519611432122026, -0.45093252815524015, 0.18978237497002817, 0.6743289561369695, -0.05442848297872564, 0.017873752193378237, 0.35994330488927284, 0.08887571295209289, 0.43202549870645174, -0.42836381334937107, 0.11362996713914199], [0.006692921572228547, 0.21656759280657856, -0.2770202930700675, -0.07878001514907938, 0.279358864427938, -0.3177051202759629, -0.6693456549761163, 0.32182519964834944, 0.7169410692437685, 0.6476616435975004, 0.1392896058329747]], "inverted": false, "swapped": false, "error_lsq": 0.04994946912960496, "error_max": 0.2674162742141731, "target": "875.xyz", "model": "18.xyz", "model_rescale": 3.9405287249114394, "target_rescale": 3.692540521199682},
{"mapping": [12, 1, 13, 11, 7, 3, 14, 2, 9, 8, 15], "R": [[-0.6154010220644648, 0.7477205132455678, 0.24939048922081422], [-0.7873056324376073, -0.567925428911034, -0.24002197467781422], [-0.03783415353924637, -0.3440563053745754, 0.9381864609756239]], "T": [-0.023620861208281677, -0.07915214856786112, 0.11405170311443594], "aligned_model": [[-0.06546980637035954, 0.49106350072618443, -0.4894029176338054, -0.04064997740296624, -0.6511278857611738, 0.591373921784197, 0.04534880868329964, 0.7222568696344328, -0.4404638555511048, -0.11096617883437075, 0.00983850806483419], [-0.3793216454866886, -0.49191606305441393, 0.27438450903615264, 0.6397925141285778, -0.0829907734972985, -0.22108692569772387, 0.29657337175739973, 0.20904494053007722, 0.43397545989371145, -0.22888201999365104, -0.058799768324346975], [-0.3423319086834815, 0.12971639134267235, -0.21668800271805036, 0.06886560921655796, 0.43318450938287634, -0.45784385623805235, -0.5596043516253281, 0.45454271838715155, 0.5038616856166178, 0.8504102547912471, 0.12137276418590125]], "inverted": true, "swapped": false, "error_lsq": 0.043583015548444966, "error_max": 0.22494276266703367, "target": "875.xyz", "model": "19.xyz", "model_rescale": 4.410303926677745, "target_rescale": 3.692540521199682},
{"mapping": [9, 10, 7, 1, 4, 5, 8, 3, 2, 6, 13], "R": [[0.8333803676639401, 0.5502970795976371, -0.05148093801231683], [-0.3039634656653687, 0.534127651314373, 0.7888687239598803], [0.4616095474890162, -0.6417793828783406, 0.6124017058918779]], "T": [-0.04976490447210584, 0.03791295343024886, 0.1887936725029965], "aligned_model": [[-0.14938514414068166, 0.4647425317409592, -0.48045577963757063, 0.017312412747954697, -0.5632082197896312, 0.6627102353579573, 0.05225974226799179, 0.5554272217575081, -0.4751395978851572, 0.0018252933106678512, -0.024287708390830446], [-0.45408240549528434, -0.5389754335143718, 0.41243614469258816, 0.7310500170912784, -0.16116384406558215, 0.032505187481068946, 0.020106862249354866, 0.09601566070197182, 0.4585763940532949, -0.22212867397564012, 0.01643369007311727], [-0.28224040421834373, -0.0898026305900706, -0.23675410885368275, -0.09081594046894681, 0.626786578459696, -0.24872278908439516, -0.5730012447691633, 0.5841786260100594, 0.47288409416663774, 0.7047613330083519, 0.11821229999796923]], "inverted": true, "swapped": false, "error_lsq": 0.05830908592456229, "error_max": 0.3477862338172182, "target": "875.xyz", "model": "20.xyz", "model_rescale": 4.121658175737393, "target_rescale": 3.692540521199682},
{"mapping": [5, 8, 3, 4, 1, 9, 11, 10, 2, 6, 12], "R": [[0.30523653273689827, -0.3680680022669002, 0.8782690958869097], [-0.8502140743885745, -0.5207378494063323, 0.07725360772965842], [0.42891337912722693, -0.7702973697883966, -0.47188481147706207]], "T": [-0.018070966172374588, -0.026206604166796335, 0.05338947886291626], "aligned_model": [[-0.27738706874574626, 0.27082976384850105, -0.5671085401185902, -0.04094843446619397, -0.5682241451561991, 0.6388868518061926, 0.2751406502289735, 0.5791742371737343, -0.35198249361433587, 0.19309857058916077, -0.08967840420632903], [-0.6066797505335288, -0.6229917226758822, 0.25569788537406674, 0.5465815196121614, -0.188512686160333, -0.12688641152586388, 0.5277544029672309, 0.37442233915210854, 0.4356840505165472, -0.15573587912607106, -0.04856014830863957], [-0.19096603116296182, 0.17207811852987154, -0.26555926955905024, 0.07623654933517579, 0.44500546601786106, -0.23109756296433911, -0.5644480027803892, 0.355825684569568, 0.5547593514786199, 0.6544336167966895, -0.020782106602933288]], "inverted": true, "swapped": false, "error_lsq": 0.0589830872362497, "error_max": 0.28665413232609893, "target": "875.xyz", "model": "21.xyz", "model_rescale": 4.08911054899281, "target_rescale": 3.692540521199682},
{"mapping": [6, 0, 9, 14, 11, 13, 12, 4, 15, 1, 16], "R": [[0.4496238608166814, -0.8555952425217307, -0.25650568172748645], [0.5479020639316684, 0.037384876943761865, 0.8357067065156998], [-0.705437248891579, -0.5162936683226715, 0.4855915319753834]], "T": [-0.04445342480042132, -0.0006269220045433191, 0.056106687545360835], "aligned_model": [[-0.04093978618378401, 0.492967806369297, -0.5102943962935725, -0.031177131589250326, -0.6809376404368818, 0.5153933747365677, 0.09212305619829882, 0.611013424154282, -0.3002916579074511, -0.08704654592092861, 0.0009904842125904381], [-0.7195364765195528, -0.5431184881192158, 0.3508282717680465, 0.6337215493538222, -0.04864391535735916, 0.15426893247838006, 0.37578506358244396, 0.05319732702185483, 0.4651857016016762, -0.3170572831942709, -0.013857083324029396], [-0.140669417005144, 0.18634001339457848, -0.35257295179468134, -0.04006161737335764, 0.478569989920186, -0.25902630238180246, -0.5640790813808158, 0.28796514869331075, 0.5551782415974196, 0.7827813285069067, 0.05106046148151178]], "inverted": false, "swapped": false, "error_lsq": 0.04621816754203352, "error_max": 0.25277772003232696, "target": "875.xyz", "model": "22.xyz", "model_rescale": 4.204369325754507, "target_rescale": 3.692540521199682},
{"mapping": [12, 1, 13, 11, 7, 3, 14, 2, 9, 8, 15], "R": [[-0.6154010220644648, 0.7477205132455678, 0.24939048922081422], [-0.7873056324376073, -0.567925428911034, -0.24002197467781422], [-0.03783415353924637, -0.3440563053745754, 0.9381864609756239]], "T": [-0.023620861208281677, -0.07915214856786112, 0.11405170311443594], "aligned_model": [[-0.06546980637035954, 0.49106350072618443, -0.4894029176338054, -0.04064997740296624, -0.6511278857611738, 0.591373921784197, 0.04534880868329964, 0.7222568696344328, -0.4404638555511048, -0.11096617883437075, 0.00983850806483419], [-0.3793216454866886, -0.49191606305441393, 0.27438450903615264, 0.6397925141285778, -0.0829907734972985, -0.22108692569772387, 0.29657337175739973, 0.20904494053007722, 0.43397545989371145, -0.22888201999365104, -0.058799768324346975], [-0.3423319086834815, 0.12971639134267235, -0.21668800271805036, 0.06886560921655796, 0.43318450938287634, -0.45784385623805235, -0.5596043516253281, 0.45454271838715155, 0.5038616856166178, 0.8504102547912471, 0.12137276418590125]], "inverted": true, "swapped": false, "error_lsq": 0.043583015548444966, "error_max": 0.22494276266703367, "target": "875.xyz", "model": "23.xyz", "model_rescale": 4.410303926677745, "target_rescale": 3.692540521199682},
{"mapping": [5, 15, 0, 7, 3, 6, 12, 14, 1, 10, 16], "R": [[-0.1741408818342881, -0.5960464105971723, -0.7838390330215789], [-0.48069468732747617, -0.6432618844778986, 0.5959419145798379], [-0.8594228126185136, 0.48056510942032604, -0.17449815116130502]], "T": [0.0944685509423435, -0.0022764865210155583, 0.20076536916393464], "aligned_model": [[0.011596968110515901, 0.579949045769626, -0.47139299619728614, -0.010926558764332434, -0.7906523198323571, 0.5879850706054988, 0.0006664488302069171, 0.764875107007255, -0.45611283951479287, -0.1306131575443288, -0.023573781130837232], [-0.3963950235903225, -0.51904181237809, 0.25176144613183327, 0.6485024748707392, -0.09263660794490583, -0.08421138696606076, 0.19163523375096964, 0.054655710139817876, 0.5217312717263123, -0.19411210411938712, 0.00888439767088961], [-0.2823546086109753, 0.11966988242861855, -0.2301072910599173, 0.11526969124929008, 0.3336076711966713, -0.3716210446060155, -0.5736862078660314, 0.2746826511972479, 0.5990257756183469, 0.7806974915722272, 0.22030180253864948]], "inverted": true, "swapped": false, "error_lsq": 0.04686543104326781, "error_max": 0.26201996062127475, "target": "875.xyz", "model": "24.xyz", "model_rescale": 4.28219845311461, "target_rescale": 3.692540521199682},
{"mapping": [3, 5, 4, 13, 0, 9, 7, 11, 2, 8, 15], "R": [[-0.10644813328790288, -0.38874545806423844, 0.9151752639543674], [0.6836027293664256, 0.6397632039181027, 0.35126962765832404], [-0.7220499313221312, 0.6630083044328099, 0.1976458573581447]], "T": [0.05992693545589295, 0.10008024080215823, 0.19476703742882456], "aligned_model": [[-0.10291527460745584, 0.5070821473201412, -0.557345106744616, 0.06320025658548958, -0.7086099770590331, 0.5455646393176541, 0.026893197653692316, 0.5677909670570462, -0.37335975323292975, 0.10508230309569147, -0.011582412046512447], [-0.3964401782108915, -0.6221741192212084, 0.09942769210611051, 0.650760373349943, -0.029394488216947, 0.0009150340437565213, 0.3194691179547885, 0.11831245596400271, 0.567210572791288, -0.40912166686583, 0.09180880559678342], [-0.3770679326321312, 0.2554427067207049, -0.1971811391500748, -0.028071769611020314, 0.43589248337607484, -0.2647935855963746, -0.5511037948864956, 0.39026328543555594, 0.445430003837347, 0.6644695676853904, 0.2122059884791355]], "inverted": false, "swapped": false, "error_lsq": 0.04655617211224943, "error_max": 0.19920270241479168, "target": "875.xyz", "model": "25.xyz", "model_rescale": 4.100010024507729, "target_rescale": 3.692540521199682},
{"mapping": [6, 2, 4, 10, 5, 1, 0, 3, 9, 7, 11], "R": [[0.3774841800290784, -0.918167298595821, -0.12031003955209638], [-0.4064165579636575, -0.04752817567883577, -0.9124509049420768], [0.8320644657962192, 0.39333177383208484, -0.39109952755450655]], "T": [0.09701483316176805, 0.03724585092235845, 0.075058055305783], "aligned_model": [[-0.20276570495161472, 0.39619071260201694, -0.7390588979313638, -0.034389884023225306, -0.5250005974771624, 0.6794528647854251, 0.11952159720331733, 0.7281470147791522, -0.37837977230624376, 0.03537493926760629, -0.01729128460874002], [-0.4054375632216594, -0.6365662760919509, 0.08737745097921192, 0.6608754750194409, -0.28976019818026033, 0.018205543583029615, 0.34862490611561275, -0.053248437563823955, 0.5548758783628019, 0.023939927457795454, 0.0818868928315979], [-0.29188221497430356, 0.14008341216203907, -0.1785304284311469, -0.018863479948683898, 0.3402938338479915, -0.3243789982746098, -0.6151419196965249, 0.5766102256031572, 0.5056042501825059, 0.7492833311422971, 0.10240780204539052]], "inverted": false, "swapped": false, "error_lsq": 0.05941075730508645, "error_max": 0.305100821475977, "target": "875.xyz", "model": "26.xyz", "model_rescale": 3.6694154284099745, "target_rescale": 3.692540521199682},
{"mapping": [8, 5, 10, 2, 9, 0, 4, 1, 12, 7, 13], "R": [[0.38968124381338903, 0.38888526901273446, 0.8348154141874378], [0.10654650448942593, 0.8813484020850566, -0.46029646590344614], [-0.9147657462985455, 0.2683155636317259, 0.30201057549671084]], "T": [-0.057063829850412744, 0.04872676423857934, 0.15449447347187895], "aligned_model": [[-0.27995749052691105, 0.5582292138488588, -0.4756820338375058, 0.05935621256286267, -0.6816558764970011, 0.5112375742532332, 0.04036003225755353, 0.7418998337878877, -0.3611226986936866, -0.005114318876474226, -0.04574946093964945], [-0.4504882435790118, -0.4418091288319167, 0.12811772251828402, 0.6845911792064131, -0.09220522715391448, 0.1995626046184384, 0.053428242597913206, 0.0471225056615963, 0.6067527832000063, -0.44579601922430806, 0.10149718027829556], [-0.1763528998439171, 0.07222961034084721, -0.27017786483930345, -0.05586822689438958, 0.38877312068140335, -0.14752441084476053, -0.6616042076213641, 0.5303949180523981, 0.6297712136951508, 0.5403402842099645, 0.1355042767220829]], "inverted": true, "swapped": false, "error_lsq": 0.05599079142654057, "error_max": 0.3128420538190931, "target": "875.xyz", "model": "27.xyz", "model_rescale": 4.103607728864725, "target_rescale": 3.692540521199682},
{"mapping": [7, 5, 13, 10, 2, 6, 11, 9, 3, 0, 14], "R": [[0.8544693572805218, -0.25405698882785505, -0.4531414391736154], [0.1575213026765419, 0.9579017900030411, -0.24002333201598422], [0.49504460068936973, 0.13371315244467638, 0.8585171146760031]], "T": [-0.09178488290408285, 0.10789441542552035, 0.02111184348048814], "aligned_model": [[0.06006625198918916, 0.4077372107673589, -0.5780344621759568, 0.16342135761910723, -0.6940196270955657, 0.48371953221405684, 0.037308799883792376, 0.6333770736167432, -0.26579211184021667, -0.03928573110136643, -0.14669730653797441], [-0.5306811572231205, -0.4131713858141728, 0.2670861573543248, 0.5466051217666011, 0.004542806873950714, 0.04340884604385249, 0.16537213280109955, 0.15446834490567868, 0.3561626681345442, -0.2059567712383641, 0.002936835687401565], [-0.2776250247019797, 0.13989113079273308, -0.37649583868033176, 0.06778054011411969, 0.4309318821932181, -0.23560500904953105, -0.6512662990322233, 0.3980666576965374, 0.7078543072480821, 0.6601994843180448, 0.12175398275944285]], "inverted": true, "swapped": false, "error_lsq": 0.04501438694883026, "error_max": 0.2286030378478255, "target": "875.xyz", "model": "28.xyz", "model_rescale": 4.137296879288765, "target_rescale": 3.692540521199682},
{"mapping": [4, 6, 3, 2, 8, 5, 2, 0, 7, 9, 10], "R": [[-0.942247606432419, 0.3056865666313442, 0.13683994721395587], [0.3291959021862214, 0.920517413109093, 0.21042278903850545], [-0.06164013429720312, 0.2433175191885787, -0.9679860942698189]], "T": [0.01215116199373353, 0.05111605143103698, 0.16440264564524204], "aligned_model": [[-0.12443178109324002, 0.4431027878565298, -0.5532470249461416, 0.05350319322743462, -0.6572160114805764, 0.5436203549459703, 0.05350319322743462, 0.566587463080692, -0.2206321970356566, -0.040291318060649686, -0.002697672382629121], [-0.5703360092843419, -0.5185587870406101, 0.12804600409769545, 0.49082537116928027, -0.028653553604166812, 0.10867926995725126, 0.49082537116928027, 0.15463163718458997, 0.5541739930933787, -0.3880211508897449, -0.030838546560816388], [-0.27692761466842386, 0.08759706293472876, -0.21013092768352598, -0.48140289762171434, 0.4172628346100686, -0.24477350254436553, -0.48140289762171434, 0.579619762236421, 0.6191078685900777, 0.8087647488702054, 0.16777137655635466]], "inverted": true, "swapped": false, "error_lsq": 0.05992004660023802, "error_max": 0.47202503887464037, "target": "875.xyz", "model": "29.xyz", "model_rescale": 3.607286011436655, "target_rescale": 3.692540521199682},
{"mapping": [13, 11, 7, 6, 5, 1, 2, 9, 4, 10, 14], "R": [[0.15905203938613835, 0.9204602297581836, -0.3570089833612345], [0.25780399383717306, 0.3103434298007286, 0.9149994843392663], [0.9530160279495374, -0.2375708757677003, -0.18793756798004693]], "T": [0.01800127298844629, 0.05768472617152629, 0.16010192185467353], "aligned_model": [[-0.03430356680815191, 0.30818909252906185, -0.5937932082081205, -0.09249647136071187, -0.696302452801017, 0.6001403745306821, 0.037645493545520055, 0.7648946434236404, -0.304305931679613, -0.10795373624133348, 0.18008675040921124], [-0.43411467538110254, -0.4418524238243135, 0.1536774137912114, 0.5037174781440944, 0.007295749419310972, 0.012859182542987811, 0.2925037998897164, 0.15746166468090997, 0.47452455883830524, -0.37056992394632804, 0.03527077513700403], [-0.3796128868340929, 0.26395146745528575, -0.3044213619949352, -0.03480318099027779, 0.42035635107439684, -0.28380211726797255, -0.6110100353267016, 0.37632440831119596, 0.6283028503283881, 0.7257945847064587, 0.18440573419636713]], "inverted": true, "swapped": false, "error_lsq": 0.047289206349171, "error_max": 0.26496599620543887, "target": "875.xyz", "model": "30.xyz", "model_rescale": 3.964800864290218, "target_rescale": 3.692540521199682},
