[{"mapping": [10, 4, 3, 14, 9, 7, 0, 1, 13, 11, 12, 15], "R": [[0.9309989214578378, 0.3325572855752963, -0.15048807280025045], [-0.011493673877161131, -0.38535918625087984, -0.922695070450073], [-0.3648409293173508, 0.8607577762546502, -0.35494668178756283]], "T": [0.031236617783716593, -0.05819446737339354, -0.009522405454375181], "aligned_model": [[-0.35490227584288864, 0.14718181480745915, 0.519949449295624, -0.008622035339011964, -0.18924236682380763, -0.4668855506353652, 0.2784631867472248, -0.39134219397812503, 0.6094100306991294, 0.1554840931650534, -0.4536781547255263, -0.008173534909216885], [-0.43747703888532297, -0.6882444950121921, -0.1711313519960152, 0.7242138902433234, 0.21540964756775624, -0.7315302267374976, -0.2547793430610913, -0.5181405816733631, 0.15975705559475267, 0.4557455390245062, 0.3100184592293168, -0.010286518317115703], [-0.5337123148933994, -0.19538350641280036, -0.5402436940602264, -0.08848619439555824, -0.5613314196300949, 0.01399347341640509, 0.5664338983406029, 0.5756353886252211, -0.028399318648450918, 0.5267677773834648, 0.4696046480605534, -0.02292699243215453]], "inverted": true, "swapped": true, "error_lsq": 0.04734249980299172, "error_max": 0.24404602953227633, "target": "876.xyz", "model": "0.xyz", "model_rescale": 3.751011558992144, "target_rescale": 4.077131561686254},
{"mapping": [1, 8, 2, 0, 10, 3, 5, 12, 4, 6, 9, 14, 11, 13, 15], "R": [[-0.5967471171844779, 0.012476307604001924, -0.8023323624786585], [0.6876458209739762, 0.5232801091599725, -0.5033101948645126], [0.4135651134090512, -0.8520694039255825, -0.3208451774062701]], "T": [-0.009627756337796105, 0.053525887110516424, -0.03834548022035513], "aligned_model": [[0.1312510703278521, 0.2577572162694393, -0.47659274719471534, 0.03356504445353533, -0.39392547689898033, -0.5763349956391753, 0.49759269969607844, 0.7184698876944423, -0.6226781672443079, -0.10622711320765266, 0.005229118689988257, 0.5478389887627693, 0.5936359986946877, -0.10652583947856611, 0.03603052616363921], [-0.2184710541479693, -0.47820836868209726, 0.4736423608079545, 0.44126623464208925, -0.5850220324009311, 0.2589687383082159, -0.4861533110703443, -0.10299252404747217, -0.07414390229110818, 0.27396688991418794, -0.2816498868518475, 0.18758518134373167, 0.4978940781589903, 0.6164827168171747, 0.02559222932653118], [-0.8375349097832891, -0.33989890533854306, -0.3710431646776431, -0.5668188082963179, 0.07258419047532932, 0.37383918420479534, 0.2369151979921806, -0.25203131748666485, -0.26817213979557764, 0.6979654145157796, 0.5232592351311218, 0.5013264238082569, -0.11442884352382104, 0.19794685776037682, -0.004242010134007282]], "inverted": true, "swapped": true, "error_lsq": 0.04648951687633186, "error_max": 0.2649065086854315, "target": "876.xyz", "model": "1.xyz", "model_rescale": 3.9405287249114394, "target_rescale": 4.077131561686254},
{"mapping": [14, 6, 9, 0, 4, 5, 11, 13, 7, 8, 1, 12, 15], "R": [[0.797086625457858, 0.556257774657311, 0.23501106282364936], [0.5193452423054543, -0.43290571005410966, -0.7367992708310974], [-0.3081126917393927, 0.7093447217931802, -0.633953180332162]], "T": [0.09598388569563106, -0.030358389793592594, -0.06996007527884025], "aligned_model": [[-0.2923606992749112, 0.1566080739092381, -0.2788109262620381, 0.46323847952321756, 0.45738773204002253, -0.6869409857719696, 0.0365392623437992, 0.5135936395306502, -0.049223558841219664, -0.39683470193765585, -0.017095253690174464, -0.44846056989223376, 0.038342787607206275], [0.6331909718125369, 0.6573419213699889, 0.26621386569988725, -0.2573913498967402, -0.45194823841096843, 0.06466651333642065, 0.29647433579396254, 0.4189694799924588, -0.8278634235702365, -0.4705204574186035, -0.7832599253421932, -0.08323664140157841, -0.0038044583929178998], [0.09997390689467821, -0.42134646517014, -0.5166558651549039, 0.42508775268440446, -0.4395543586224295, -0.1178514352610585, 0.6059286964600621, 0.006526907623557662, -0.2819984095960574, 0.022547786372022094, 0.3210454364292626, 0.47873834335514637, -0.06932194642590019]], "inverted": true, "swapped": true, "error_lsq": 0.04701849790554592, "error_max": 0.3436232488127078, "target": "876.xyz", "model": "2.xyz", "model_rescale": 3.932901565614263, "target_rescale": 4.077131561686254},
{"mapping": [5, 11, 14, 8, 9, 3, 13, 10, 7, 4, 0, 1, 2, 15], "R": [[0.1808772056489103, 0.8110949487962849, -0.556244928528606], [-0.9263793457202798, 0.3304523746614694, 0.1806170974837724], [0.3303100729610111, 0.4826242970652721, 0.8111529101117395]], "T": [0.07118782088677866, -0.156959731765791, -0.01653460605808203], "aligned_model": [[-0.31984927955760467, 0.6830024844544871, 0.14026779113990462, -0.14429126764074493, -0.447310446950272, -0.13649924831190413, 0.4005273919236271, -0.6405105921094885, -0.3029697957757423, -0.14762766793858903, 0.6389729212708161, 0.24477086133851203, 0.4023105732655433, 0.04901618694415907], [0.15263919890180008, -0.10004908377330113, -0.3916618251289986, 0.46623919275253833, -0.3706492390746957, -0.8023378394356151, -0.6800830213635171, -0.04106142318746303, 0.4353670829886629, -0.172611096805515, 0.02753180188918314, 0.6295695591260834, -0.3421081477776272, -0.14728852076104687], [-0.6293422081192076, -0.4519917464424827, -0.7649527481029883, -0.11833034981268471, -0.35337243529929147, 0.2547829886538779, -0.021135741553358105, 0.2020666894295032, 0.4430464623991522, 0.6134062574461935, 0.25746394763027775, 0.2729019618086047, 0.584564129846955, -0.0752108448274535]], "inverted": true, "swapped": true, "error_lsq": 0.045972086573845675, "error_max": 0.330069714959715, "target": "876.xyz", "model": "3.xyz", "model_rescale": 3.9243930471874484, "target_rescale": 4.077131561686254},
{"mapping": [4, 0, 7, 10, 8, 3, 9, 1, 12, 11, 5, 14, 15], "R": [[-0.8415769155574867, -0.09533190689157964, 0.5316579000909911], [-0.4900063765645831, 0.5488684689372769, -0.6772275501871565], [-0.22724886386249538, -0.8304548340125819, -0.5086282754019288]], "T": [-0.151467512803155, -0.11554620659685078, -0.1470530438696276], "aligned_model": [[0.017829928388258476, -0.26458438998203454, 0.5943746987997247, 0.34365457903289565, 0.47686885391485695, -0.5580629381020226, -0.09562762197566006, 0.45234312409689253, 0.13647588253744303, -0.47150845724468143, 0.2495484543603057, -0.46615495109429067, -0.1379512764203353], [-0.5651608335320029, 0.27314525090140235, -0.291151085106475, -0.6755102188404389, 0.0915761203347018, -0.7199923161849907, -0.4550312530896854, 0.28604166125573954, 0.5492057089486563, 0.556607151988549, 0.03003430245830896, 0.1487208535095208, -0.1006557889616985], [-0.6098010730842395, -0.6643689788619406, -0.486084101595868, -0.05203728438979538, -0.060657080387098994, -0.1978971045050642, 0.4093597456059612, -0.6016658718251963, 0.12768195787428593, -0.03319970862425292, 0.5179937051650311, 0.5246027961151761, -0.08685668611603435]], "inverted": true, "swapped": true, "error_lsq": 0.039393288961767754, "error_max": 0.23744864384844636, "target": "876.xyz", "model": "4.xyz", "model_rescale": 3.8936222436046832, "target_rescale": 4.077131561686254},
{"mapping": [7, 8, 10, 4, 9, 14, 11, 13, 2, 0, 3, 15], "R": [[0.5188136442029698, 0.7227732822897797, 0.456542643130839], [0.8094041395921294, -0.5871707114740933, 0.00977212352212875], [0.27513149837842793, 0.3644575942343162, -0.8896478632610634]], "T": [-0.12844812858299615, -0.0555759754526685, 0.016791955820037598], "aligned_model": [[0.027012227145834122, -0.4102076500189758, -0.25551903108481316, 0.341778558734759, -0.6153132881448515, -0.7281028636577029, -0.2645871821059493, 0.09113812673801452, 0.5774427512832074, 0.3281115095238831, 0.12748434414632875, -0.19168946034463713], [-0.4918708696150478, -0.5696091513976492, 0.07208840475693255, 0.027430588137088735, 0.32231035362350946, 0.14843482873827368, -0.310794236736588, 0.3268641198234508, 0.0029588536060706425, -0.4219713927886049, 0.6198592766632678, -0.0567778697008963], [-0.6814476729554507, -0.30188025299035, -0.7148420832627851, -0.44898422200059024, -0.20258812803903545, 0.48453186296613765, 0.7121398707059889, 0.4499953140912035, 0.07623640812633001, 0.3147851581564823, -0.0906596489787719, 0.021998113456359446]], "inverted": true, "swapped": true, "error_lsq": 0.03880848017698581, "error_max": 0.21354953598376195, "target": "876.xyz", "model": "5.xyz", "model_rescale": 3.6523030999806103, "target_rescale": 4.077131561686254},
{"mapping": [6, 13, 2, 3, 4, 14, 0, 9, 11, 8, 1, 10, 15], "R": [[-0.32894600455694084, 0.4223149340387045, -0.8446565115914928], [0.05089688494834241, -0.8852043758123442, -0.46240968863685505], [-0.9429761572747108, -0.19509820483685295, 0.2696899280300566]], "T": [0.03844850727914531, -0.0301473083873477, -0.024935589833208316], "aligned_model": [[0.19639847923582407, -0.05960966068895024, 0.19780332991584004, 0.5431553712083566, 0.5794077210492816, -0.3866437039418986, -0.28118937863587834, 0.29242341411345796, -0.6956845624611836, -0.04118255149641473, -0.15092561843250937, 0.6694282517526496, 0.017701813045719588], [-0.6353242172915722, -0.10642190565356624, 0.513183652419658, -0.18392872114889414, 0.3592346675870683, -0.6861542173234201, 0.5195436483451036, -0.61929811685979, -0.07183809978315298, 0.05631931447411482, 0.6084364410832914, -0.1307691594649203, -0.0821563822207367], [0.43211158547793826, 0.5806306585036226, 0.40476129278543216, 0.47992311947456245, 0.0014363784941397173, 0.06960740381802434, 0.13987863165913034, -0.15284748946199278, 0.13782017611560726, -0.6817102301545472, -0.562412249423889, -0.42427677294790656, -0.05481276485833289]], "inverted": false, "swapped": true, "error_lsq": 0.051329851049324936, "error_max": 0.29646577478087593, "target": "876.xyz", "model": "6.xyz", "model_rescale": 4.08911054899281, "target_rescale": 4.077131561686254},
{"mapping": [6, 9, 14, 3, 2, 0, 13, 11, 4, 10, 7, 8, 1, 12, 15], "R": [[0.42132382260159273, 0.16199839324429868, 0.8923243564392083], [0.18800353149452018, -0.9781448843831462, 0.0888102319593343], [0.8872096193425603, 0.13034226383390526, -0.44257201177286626]], "T": [0.016266994477054965, -0.057434398328525094, -0.06342266473856695], "aligned_model": [[0.12360739047974054, 0.14604691759077995, 0.6993827568229167, -0.41238710299485776, -0.4863672133870523, -0.04526676053631069, 0.023830720358727527, 0.6127566464569305, -0.6425410106575212, -0.374621082477934, -0.42029583955109656, 0.15929065107799906, -0.06790091688462535, 0.6540111520762445, 0.06678723142561331], [-0.6320928136418495, -0.693466988692566, -0.3674586401044523, -0.4443696075353855, 0.324378162205507, 0.5831692505637267, -0.04443818663071253, 0.3176151036758907, -0.02905692752339968, -0.5033681149299882, 0.08038864946957205, 0.033871588048707296, 0.5593625065109564, 0.20676452380454036, -0.0905396890514338], [-0.5716796374083485, 0.017713628270655007, -0.30263941792924043, -0.5104090922379796, -0.3902558409989973, -0.1950768164075389, -0.6814174771362278, -0.3293491426423656, 0.037162654325936156, 0.4014248447460056, 0.6383447009240006, 0.581850890479825, 0.5239530796186866, 0.2883828899599732, -0.04393523148230378]], "inverted": false, "swapped": true, "error_lsq": 0.05081946393909091, "error_max": 0.3551465929746089, "target": "876.xyz", "model": "7.xyz", "model_rescale": 3.964800864290218, "target_rescale": 4.077131561686254},
{"mapping": [10, 3, 9, 7, 5, 2, 8, 6, 13, 11, 0, 12, 14, 15], "R": [[0.4529994562957447, -0.63198193538423, -0.6288007044714272], [-0.8904932329686392, -0.2870702148033335, -0.35300494870444676], [0.042582797381347015, 0.7198538220505407, -0.692818288042693]], "T": [-0.04836344424330685, -0.08315951948830086, 0.08148571941429589], "aligned_model": [[-0.22226030902850633, 0.2668034599147943, 0.37629314603231273, -0.7634600847417449, 0.16130969385195124, -0.3377483983400355, -0.4256463507839916, 0.6783003771512431, 0.31624669416936824, 0.14968149479714288, -0.41352496575439035, -0.12833946304642307, 0.6182340348876144, -0.014701439648462475], [-0.022516407001856253, -0.6672384625429988, 0.11908326787148132, 0.05498053886125173, 0.6410062867680697, -0.7041470536884491, 0.4478485049979534, -0.29810731440786675, -0.4934772320126337, 0.1469998032064227, -0.2694109646831322, 0.6011318146975668, 0.2849412628176243, -0.0301455787022311], [-0.6491413186204373, -0.2231151154099213, -0.3731878093822518, -0.3327773070496379, -0.1549793502021728, 0.27088670703492146, -0.06293933701091708, -0.07925177250147245, 0.36581391248282796, 0.7706764142298337, 0.5947689901355775, 0.4359360483737284, 0.28182654187257855, 0.07229843477236479]], "inverted": true, "swapped": true, "error_lsq": 0.032478608779656075, "error_max": 0.2048857337725465, "target": "876.xyz", "model": "8.xyz", "model_rescale": 4.121658175737393, "target_rescale": 4.077131561686254},
{"mapping": [13, 2, 0, 11, 3, 9, 7, 5, 1, 10, 14, 12, 15], "R": [[-0.8310141779253787, 0.5524652139335914, 0.06478906914224092], [-0.04731689653446691, 0.04584414156391148, -0.9978273527953694], [-0.5542351011884339, -0.8322742949758686, -0.011956192247840669]], "T": [-0.09865784255819404, -0.04868366979315659, -0.0816360985585583], "aligned_model": [[-0.5170013911650223, -0.16362159588843503, 0.24007535122410295, 0.09689059621563678, -0.763102755075471, -0.45544846663378646, 0.39500877299143455, 0.07008262859715994, 0.7180068123055736, -0.1634382210998363, -0.3403025623097268, 0.457348130745944, -0.09775980347237673], [0.21065798823014664, -0.31559096100310274, 0.04035080962938018, 0.6511352845278625, -0.3094951145865815, -0.05495799039030492, -0.7078750819499613, 0.17756626002209464, -0.27511722043948744, -0.6536403294399408, 0.6209920860787409, 0.4220478528909982, -0.015686144158134768], [-0.45563379824519784, -0.7372137919354993, -0.6373562966221087, -0.2796087350245745, -0.23574776673063122, 0.4666562194294543, 0.07270019302096867, 0.6563559688725467, -0.20130068320969344, 0.36284620467361717, 0.25471051087105945, 0.1820967597024029, -0.027429350843255193]], "inverted": true, "swapped": true, "error_lsq": 0.045750524962275906, "error_max": 0.29216658381985183, "target": "876.xyz", "model": "9.xyz", "model_rescale": 3.833441315466971, "target_rescale": 4.077131561686254},
{"mapping": [11, 14, 8, 10, 9, 5, 6, 4, 1, 7, 0, 2, 13, 12, 15], "R": [[-0.6139732008587365, -0.7791406785970321, 0.12639901733254905], [-0.22808101823181082, 0.021817784272464447, -0.9733976748543118], [0.7556559784383484, -0.6264693027154615, -0.19110273416564555]], "T": [0.009440423308373476, 0.04207068986933407, -0.00523784179902019], "aligned_model": [[0.2806152401396314, -0.21242893076971026, -0.4225300987190905, -0.5040024735481069, -0.5013011611367875, -0.7039281752264646, -0.04093359068030962, 0.13674699946879232, 0.025673538753581, -0.2738845863341551, 0.5400933138158821, 0.6269194891850589, 0.4498999899254493, -0.23732308797266702, -0.03977144860657191], [-0.649257588688307, -0.6231213499147535, 0.040090014971252946, 0.5924732446541368, 0.03192890377782446, -0.2922030894144897, -0.09206936282311934, 0.6942711176210452, 0.16588872345481492, 0.6032159983042015, -0.0257550130101388, 0.39205719400536787, -0.11009125603834491, -0.5293343776136524, 0.003008380009140464], [0.12009513672704518, -0.3634003331211195, 0.5032580338836401, -0.03939914645152075, -0.41389853306402924, 0.055267959956878714, -0.766518545711985, 0.05288541169559871, 0.8414843704428443, 0.5487500802720539, 0.3759437913586128, 0.03311517018058665, -0.41142229744843783, 0.4561620364843799, -0.014201227382455025]], "inverted": false, "swapped": true, "error_lsq": 0.042907166674572714, "error_max": 0.3156232054167701, "target": "876.xyz", "model": "10.xyz", "model_rescale": 4.2482417240324, "target_rescale": 4.077131561686254},
{"mapping": [3, 13, 0, 11, 10, 7, 4, 12, 14, 5, 9, 15], "R": [[-0.5466864459710674, 0.6512938783664557, -0.5262605949469363], [-0.799297548890517, -0.2186218597168942, 0.5597570104889606], [0.2495142443411496, 0.7266503742903507, 0.6400952080859207]], "T": [-0.0013640279313778952, 0.01591129943381498, 0.044683141932764285], "aligned_model": [[-0.6352657983332374, -0.08999038925870072, 0.4439266559333076, 0.603735629339767, -0.5067413138016131, -0.03510293577441585, -0.3538302303437695, 0.64436660657758, 0.12083174340813545, 0.08989085618439678, -0.41094034098582505, 0.005885119417381467], [-0.32613302751371637, -0.5954792401927541, -0.1785545020498622, -0.3645493356191372, 0.5742392938694175, 0.7473773200050297, 0.19568036870209127, 0.2514529028149669, -0.2716495164644231, 0.4499223557539904, 0.15139223647994898, 0.032432534265087666], [0.16482589725535166, 0.0668343439574624, 0.4867142636294391, -0.19255731724020245, 0.06912132798503412, 0.45196545546392924, 0.5817132460995679, -0.3128611630955995, -0.6780642557712158, -0.6092294042500074, -0.4471049648507379, -0.016165139328665062]], "inverted": true, "swapped": true, "error_lsq": 0.042590453588143944, "error_max": 0.24528765245764209, "target": "876.xyz", "model": "11.xyz", "model_rescale": 3.6694154284099745, "target_rescale": 4.077131561686254},
{"mapping": [0, 1, 8, 7, 4, 11, 13, 14, 10, 9, 5, 3, 12, 15], "R": [[0.5694336977933805, -0.04581408990857916, 0.8207596073048467], [-0.7596284568510809, -0.41093081205606646, 0.504083797840188], [0.3141812714968904, -0.9105146549445486, -0.2687995382656133]], "T": [0.10772822646389901, -0.06145796997718196, -0.005725658007537233], "aligned_model": [[0.04102226586534949, -0.029568826106026513, -0.13854505267708878, 0.4025473834279303, 0.723340796302187, -0.515944275228971, 0.18155042974840407, -0.44918284192293534, 0.521900917787627, 0.11442751072918919, -0.37129644372285564, 0.6690805825910882, -0.6148406098899878, 0.06377301335189905], [-0.3774034685336192, 0.31477489405677267, 0.5151566058230428, 0.5913452010144933, 0.06716266469771413, -0.46591841537472684, -0.6533542848559724, -0.23780440552064697, 0.5406485450771211, 0.2007636073667165, 0.4609876648094287, -0.3416887144577152, 0.15238185989414427, -0.03606446586049884], [-0.5777580088360005, -0.7621192563134781, -0.23383881746108406, -0.44045479286999345, -0.22805103011546698, -0.12665243032917728, 0.15660959495144486, 0.5222315626463179, 0.17774723283030655, 0.5935725536179316, 0.34338835343179186, 0.3679243385004839, -0.18587180205651058, 0.03236796165584946]], "inverted": true, "swapped": true, "error_lsq": 0.041814298569318155, "error_max": 0.2642497011993803, "target": "876.xyz", "model": "12.xyz", "model_rescale": 3.9764082729961374, "target_rescale": 4.077131561686254},
{"mapping": [7, 3, 4, 5, 6, 10, 9, 14, 11, 12, 13, 2, 8, 0, 1, 15], "R": [[0.5860983966889624, 0.03250656473351006, -0.8095875447707022], [-0.4798110696975468, 0.8190786915370685, -0.31447008516808017], [0.6528935646752261, 0.5727594785938944, 0.49565771746894705]], "T": [0.01036013255554203, 0.07047448637828768, -0.03549161145954175], "aligned_model": [[-0.10447752777101957, 0.5498195962651536, -0.45509599667201356, -0.7891032410388119, -0.17043076087637307, 0.6071918466872719, -0.4573405888821017, 0.4547054269776133, 0.7873437758351426, -0.0022751152817786433, 0.21569456153581784, 0.04532807072201812, 0.5751135490348471, -0.5161670147025562, 0.11732619186899149, 0.013886588927926744], [-0.6292955365762043, -0.5669196268288474, -0.4287640651254463, 0.2088781224087642, 0.036373606869717634, 0.5045494142288689, 0.3100113474333308, -0.09830995139387841, 0.10175872202100067, 0.70530368742149, 0.4506061167287674, -0.19864773353658505, -0.13657095105987116, -0.23302510954653266, 0.3727311797391194, -0.026288075471269934], [0.2255982689800897, -0.14111205823306763, -0.2590429081146549, -0.24650500830769434, -0.7769837480112811, 0.2831269080529921, 0.2567022520629944, -0.6780467549810653, -0.1963095626516269, 0.02811476371784876, -0.46887165491946986, 0.7145817102594724, 0.33577460308137597, 0.36170492928065745, 0.5127070128861632, -0.08253675470338902]], "inverted": true, "swapped": false, "error_lsq": 0.036778637213290596, "error_max": 0.21606769641474427, "target": "876.xyz", "model": "13.xyz", "model_rescale": 4.170626492500431, "target_rescale": 4.077131561686254},
{"mapping": [13, 14, 0, 12, 2, 7, 1, 6, 3, 5, 9, 8, 10, 15], "R": [[0.8859208880342134, -0.43908453688917254, 0.14949565080460392], [-0.004005804330297846, 0.31504779640888037, 0.9490673524621825], [-0.4638190742911923, -0.8413974420229301, 0.2773485368285398]], "T": [0.023075057573635913, 0.030622117161988253, -0.01203867155371352], "aligned_model": [[0.4213476116970481, 0.07296983546565176, -0.25322423790075815, -0.6487695476701395, 0.22590026401456886, -0.3357621053060357, -0.7052923394002024, 0.663249939868155, 0.7417082839718907, -0.28222922898492575, 0.3003393660941144, -0.5224109422586072, 0.15702468833348104, 0.008331434167402497], [-0.20963310715585398, -0.7427492342250216, 0.17930771128390655, -0.34702089795346885, 0.44184126865294887, 0.7212802897355107, 0.4692890836069418, -0.3890825493312733, 0.1568945826033012, -0.34026172968186175, -0.19752475771871733, 0.1697810408160239, 0.4585902209536633, -0.014637453660433342], [-0.41922425508795985, 0.12722400921227964, -0.5891379238948986, 0.0673112425247763, -0.555180134232141, 0.2982626582241311, -0.10994245982223391, 0.10671956258129163, -0.04173055865965468, 0.615280333178049, 0.5348039833249117, 0.3460818787006328, 0.593464733835416, 0.0299400312362664]], "inverted": true, "swapped": true, "error_lsq": 0.043580972343490273, "error_max": 0.26316112062474956, "target": "876.xyz", "model": "14.xyz", "model_rescale": 3.9786697098870705, "target_rescale": 4.077131561686254},
{"mapping": [14, 13, 12, 5, 0, 1, 3, 4, 8, 9, 2, 15], "R": [[0.9877927788323048, 0.13688489509774215, -0.07435019556688366], [0.10432886783662373, -0.9357857477009134, -0.3367796337900664], [-0.1156758981926746, 0.32491161858869105, -0.9386434502426334]], "T": [-0.011946478754866721, -0.011168530253942429, -0.0021763856907555355], "aligned_model": [[0.006379221953829298, -0.5815044414816074, 0.5634147923677655, 0.5944376254894489, -0.1279346680663258, 0.5292004557830091, -0.6033177752136445, -0.16249216401770744, 0.6436382650882143, 0.08280027867648658, -0.48468516419695, 0.023418170384817458], [-0.5991899385101846, -0.07642953635467113, 0.00973193736833675, -0.505897414053402, 0.5779670970313087, 0.6516829162335825, -0.23987878921982553, 0.2954446307673388, 0.09029041570800787, -0.6300661452960193, 0.5004381220372804, -0.05941880548731321], [-0.5255135832862209, -0.23345203896064234, -0.5206437496301265, -0.1109712320426545, -0.268556201433713, 0.015736718770670264, 0.3600827272940358, 0.5707765277561375, 0.0691344583969364, 0.18743420616357132, 0.1393109707022205, -0.023372309856384627]], "inverted": false, "swapped": true, "error_lsq": 0.04333274273365034, "error_max": 0.24770076856740425, "target": "876.xyz", "model": "15.xyz", "model_rescale": 3.769337070930944, "target_rescale": 4.077131561686254},
{"mapping": [14, 11, 9, 5, 6, 13, 3, 0, 10, 8, 15], "R": [[-0.8716797007274686, -0.19566878003825647, -0.4493197390033199], [0.0533517289804254, 0.8734998716275337, -0.4838921029335791], [0.4871633117902767, -0.4457709084103882, -0.7509728389632392]], "T": [0.06046962556570266, -0.026953235187027615, 0.14602176418573698], "aligned_model": [[-0.3385783262703077, -0.26174880511875726, -0.08414262145857976, -0.6280311787671502, 0.2866881735983783, 0.425061579726737, 0.6763392773898035, 0.1807465999827244, 0.09975175212871681, -0.4422365276483008, 0.008776207127906603], [-0.024582611697798996, -0.6193118054921272, 0.5331310652097573, 0.34072232482805165, 0.26345393267504436, -0.2724724719236072, 0.26341654674304826, -0.6283319679463577, 0.6479076781425404, 0.09592398647144701, -0.0037921793846563655], [-0.5327579810490126, -0.18933704759128367, -0.15952079741821773, 0.023237425041910814, -0.5355706730905317, -0.28864674280718194, -0.11789113712082244, 0.3813286337022437, 0.4788178542683006, 0.5671609602697399, 0.11739711301863157]], "inverted": false, "swapped": true, "error_lsq": 0.043419249054692376, "error_max": 0.18155993291201122, "target": "876.xyz", "model": "16.xyz", "model_rescale": 3.7852294659196426, "target_rescale": 4.077131561686254},
{"mapping": [14, 12, 0, 11, 5, 8, 7, 1, 13, 3, 10, 2, 15], "R": [[-0.9324439217759356, -0.3613088173803001, -0.0020666945497823386], [-0.14372819206365334, 0.37616077557039684, -0.9153388868219199], [0.3314974201245414, -0.853205139111062, -0.4026790918898656]], "T": [0.08205068846283284, 0.11853327986679438, -0.07025656953799406], "aligned_model": [[-0.07377923120621732, -0.467275723616842, 0.3389137536215039, 0.1107050355868979, -0.6250258141032022, -0.5301428423473421, -0.3085211745191404, -0.28310182549927276, 0.6207239275919295, 0.5979078368455754, -0.22614998180805482, 0.6632704531055289, 0.03624143656491896], [-0.36964312474255245, -0.41303978832853383, -0.17932020155667297, -0.6339137322661624, 0.025411197100991906, 0.1690410176969067, 0.6385120942428443, 0.08534295675432627, -0.09567819380411002, 0.5067715537581715, 0.8018571880721186, 0.24029460174313086, 0.09942005503241572], [-0.6680756595475243, 0.05606205729905375, 0.4558583637161394, -0.056790024092612995, -0.4103532707256363, 0.1902017952988134, 0.4580760799498983, 0.7031094293141887, -0.28493839366857565, -0.4114639887427556, -0.14650851181588323, 0.32038350659965753, -0.10980668644158945]], "inverted": false, "swapped": true, "error_lsq": 0.0469156663639468, "error_max": 0.26590219906967666, "target": "876.xyz", "model": "17.xyz", "model_rescale": 3.901054581598922, "target_rescale": 4.077131561686254},
{"mapping": [1, 8, 2, 0, 10, 3, 5, 12, 4, 6, 9, 14, 11, 13, 15], "R": [[-0.5967471171844779, 0.012476307604001924, -0.8023323624786585], [0.6876458209739762, 0.5232801091599725, -0.5033101948645126], [0.4135651134090512, -0.8520694039255825, -0.3208451774062701]], "T": [-0.009627756337796105, 0.053525887110516424, -0.03834548022035513], "aligned_model": [[0.1312510703278521, 0.2577572162694393, -0.47659274719471534, 0.03356504445353533, -0.39392547689898033, -0.5763349956391753, 0.49759269969607844, 0.7184698876944423, -0.6226781672443079, -0.10622711320765266, 0.005229118689988257, 0.5478389887627693, 0.5936359986946877, -0.10652583947856611, 0.03603052616363921], [-0.2184710541479693, -0.47820836868209726, 0.4736423608079545, 0.44126623464208925, -0.5850220324009311, 0.2589687383082159, -0.4861533110703443, -0.10299252404747217, -0.07414390229110818, 0.27396688991418794, -0.2816498868518475, 0.18758518134373167, 0.4978940781589903, 0.6164827168171747, 0.02559222932653118], [-0.8375349097832891, -0.33989890533854306, -0.3710431646776431, -0.5668188082963179, 0.07258419047532932, 0.37383918420479534, 0.2369151979921806, -0.25203131748666485, -0.26817213979557764, 0.6979654145157796, 0.5232592351311218, 0.5013264238082569, -0.11442884352382104, 0.19794685776037682, -0.004242010134007282]], "inverted": true, "swapped": true, "error_lsq": 0.04648951687633186, "error_max": 0.2649065086854315, "target": "876.xyz", "model": "18.xyz", "model_rescale": 3.9405287249114394, "target_rescale": 4.077131561686254},
{"mapping": [13, 14, 9, 5, 11, 1, 8, 10, 3, 6, 2, 4, 12, 7, 0, 15], "R": [[-0.0400351275381393, 0.8435316552499179, -0.5355852267887331], [-0.1515880442755248, 0.5246831612713065, 0.8376924525809395], [0.9876326510376854, 0.11472544124858203, 0.1068635566252204]], "T": [0.0913186738306456, -0.04662924770534067, 0.06908864900324788], "aligned_model": [[-0.0028216899773943205, 0.540441140315495, -0.5982828519118714, -0.47807836779030244, -0.1111532413834884, 0.47915201354265013, -0.48909203089607345, 0.40494749989502, 0.9099710461236589, -0.09008521379495618, 0.11918882526743743, 0.023408133646524762, 0.5263180682781915, -0.48737963085098446, 0.028492649838135292, 0.09649301232808578], [-0.706483900630196, -0.5530804159248698, -0.29274459120527657, 0.36098624590354067, -0.3590535069259358, 0.4771267553251283, 0.3995684737043125, 0.0008589075751748859, 0.08488676105040453, 0.6772011599187672, 0.5700497986528301, -0.14532385710131734, -0.2406279114768965, -0.28595512593381167, 0.41162721647802075, -0.026644862097451923], [-0.014930838542651675, -0.3071229754633882, -0.1608826977859474, -0.37912922337821797, -0.5478468481922036, 0.17293648902324402, 0.2596225378089503, -0.650137234510452, -0.1256943781165337, 0.031067258375659615, -0.5426755959920883, 0.7904155937544853, 0.3397897895522156, 0.39073588606602905, 0.5777419314063079, 0.03501230439393631]], "inverted": true, "swapped": false, "error_lsq": 0.04560479871680898, "error_max": 0.28662231492538565, "target": "876.xyz", "model": "19.xyz", "model_rescale": 4.410303926677745, "target_rescale": 4.077131561686254},
{"mapping": [10, 3, 9, 7, 5, 2, 8, 6, 13, 11, 0, 12, 14, 15], "R": [[0.4529994562957447, -0.63198193538423, -0.6288007044714272], [-0.8904932329686392, -0.2870702148033335, -0.35300494870444676], [0.042582797381347015, 0.7198538220505407, -0.692818288042693]], "T": [-0.04836344424330685, -0.08315951948830086, 0.08148571941429589], "aligned_model": [[-0.22226030902850633, 0.2668034599147943, 0.37629314603231273, -0.7634600847417449, 0.16130969385195124, -0.3377483983400355, -0.4256463507839916, 0.6783003771512431, 0.31624669416936824, 0.14968149479714288, -0.41352496575439035, -0.12833946304642307, 0.6182340348876144, -0.014701439648462475], [-0.022516407001856253, -0.6672384625429988, 0.11908326787148132, 0.05498053886125173, 0.6410062867680697, -0.7041470536884491, 0.4478485049979534, -0.29810731440786675, -0.4934772320126337, 0.1469998032064227, -0.2694109646831322, 0.6011318146975668, 0.2849412628176243, -0.0301455787022311], [-0.6491413186204373, -0.2231151154099213, -0.3731878093822518, -0.3327773070496379, -0.1549793502021728, 0.27088670703492146, -0.06293933701091708, -0.07925177250147245, 0.36581391248282796, 0.7706764142298337, 0.5947689901355775, 0.4359360483737284, 0.28182654187257855, 0.07229843477236479]], "inverted": true, "swapped": true, "error_lsq": 0.032478608779656075, "error_max": 0.2048857337725465, "target": "876.xyz", "model": "20.xyz", "model_rescale": 4.121658175737393, "target_rescale": 4.077131561686254},
{"mapping": [6, 13, 2, 3, 4, 14, 0, 9, 11, 8, 1, 10, 15], "R": [[-0.32894600455694084, 0.4223149340387045, -0.8446565115914928], [0.05089688494834241, -0.8852043758123442, -0.46240968863685505], [-0.9429761572747108, -0.19509820483685295, 0.2696899280300566]], "T": [0.03844850727914531, -0.0301473083873477, -0.024935589833208316], "aligned_model": [[0.19639847923582407, -0.05960966068895024, 0.19780332991584004, 0.5431553712083566, 0.5794077210492816, -0.3866437039418986, -0.28118937863587834, 0.29242341411345796, -0.6956845624611836, -0.04118255149641473, -0.15092561843250937, 0.6694282517526496, 0.017701813045719588], [-0.6353242172915722, -0.10642190565356624, 0.513183652419658, -0.18392872114889414, 0.3592346675870683, -0.6861542173234201, 0.5195436483451036, -0.61929811685979, -0.07183809978315298, 0.05631931447411482, 0.6084364410832914, -0.1307691594649203, -0.0821563822207367], [0.43211158547793826, 0.5806306585036226, 0.40476129278543216, 0.47992311947456245, 0.0014363784941397173, 0.06960740381802434, 0.13987863165913034, -0.15284748946199278, 0.13782017611560726, -0.6817102301545472, -0.562412249423889, -0.42427677294790656, -0.05481276485833289]], "inverted": false, "swapped": true, "error_lsq": 0.051329851049324936, "error_max": 0.29646577478087593, "target": "876.xyz", "model": "21.xyz", "model_rescale": 4.08911054899281, "target_rescale": 4.077131561686254},
{"mapping": [5, 10, 11, 1, 8, 13, 2, 6, 7, 4, 0, 14, 12, 15, 3, 16], "R": [[-0.7246831828665431, -0.17464549449432637, 0.6665832549076292], [-0.12610551902825218, 0.9846250261580837, 0.12087578721070899], [-0.6774449664297699, 0.003536822871687273, -0.7355649586154459]], "T": [0.034833226232888016, -0.03383454300816327, 0.0007913491832571371], "aligned_model": [[0.08523285900561775, 0.6515610609994021, -0.5697159303633007, -0.6036242499288167, -0.23313172115189915, 0.49706656604357424, -0.4599937651714681, 0.3284271190218655, 0.7039939748965188, 0.03978937887741619, 0.1843168129875676, 0.031046022915565498, 0.5982234245945843, -0.5872155117008812, 0.14822452731140603, 0.05731879429297587], [-0.7133421023878216, -0.5302752417812685, -0.47017487537076297, 0.21040840397698085, -0.2794497327449239, 0.36258970558011727, 0.44986866488745403, -0.0521304248671539, 0.10091338584810791, 0.6557770352839274, 0.5503079823512996, -0.09977442436299992, -0.15637146937934596, -0.12380321595758435, 0.4603233554527356, 0.0075241007836619675], [-0.18212504622853184, -0.15518563514717298, -0.17247278983858644, -0.40258913528181717, -0.5896576186401412, 0.25753659398228773, 0.20677990377417457, -0.6840677716404238, -0.19886604769025756, 0.10424903862302294, -0.48553319835357034, 0.6391174218804383, 0.4618181294244456, 0.37020713582061604, 0.7059361623407437, -0.0062451446258824095]], "inverted": true, "swapped": false, "error_lsq": 0.03868799258957044, "error_max": 0.2717747360843095, "target": "876.xyz", "model": "22.xyz", "model_rescale": 4.204369325754507, "target_rescale": 4.077131561686254},
{"mapping": [13, 14, 9, 5, 11, 1, 8, 10, 3, 6, 2, 4, 12, 7, 0, 15], "R": [[-0.0400351275381393, 0.8435316552499179, -0.5355852267887331], [-0.1515880442755248, 0.5246831612713065, 0.8376924525809395], [0.9876326510376854, 0.11472544124858203, 0.1068635566252204]], "T": [0.0913186738306456, -0.04662924770534067, 0.06908864900324788], "aligned_model": [[-0.0028216899773943205, 0.540441140315495, -0.5982828519118714, -0.47807836779030244, -0.1111532413834884, 0.47915201354265013, -0.48909203089607345, 0.40494749989502, 0.9099710461236589, -0.09008521379495618, 0.11918882526743743, 0.023408133646524762, 0.5263180682781915, -0.48737963085098446, 0.028492649838135292, 0.09649301232808578], [-0.706483900630196, -0.5530804159248698, -0.29274459120527657, 0.36098624590354067, -0.3590535069259358, 0.4771267553251283, 0.3995684737043125, 0.0008589075751748859, 0.08488676105040453, 0.6772011599187672, 0.5700497986528301, -0.14532385710131734, -0.2406279114768965, -0.28595512593381167, 0.41162721647802075, -0.026644862097451923], [-0.014930838542651675, -0.3071229754633882, -0.1608826977859474, -0.37912922337821797, -0.5478468481922036, 0.17293648902324402, 0.2596225378089503, -0.650137234510452, -0.1256943781165337, 0.031067258375659615, -0.5426755959920883, 0.7904155937544853, 0.3397897895522156, 0.39073588606602905, 0.5777419314063079, 0.03501230439393631]], "inverted": true, "swapped": false, "error_lsq": 0.04560479871680898, "error_max": 0.28662231492538565, "target": "876.xyz", "model": "23.xyz", "model_rescale": 4.410303926677745, "target_rescale": 4.077131561686254},
{"mapping": [9, 15, 11, 7, 13, 2, 1, 6, 5, 0, 12, 10, 4, 1, 3, 16], "R": [[-0.8348544263422277, -0.33868797285355867, 0.4339453235848233], [-0.485100491319285, 0.0800583516200905, -0.8707859516882793], [0.26018378146721244, -0.937486595840293, -0.23113477125088894]], "T": [0.060912191330604146, -0.12483185961961528, -0.07378521718857446], "aligned_model": [[0.099916637395055, 0.5499114980853942, -0.46938317673970326, -0.4686266296427452, -0.12845270266127357, 0.4952843451592956, -0.5859060840594073, 0.40350090701037367, 0.6388701942768037, 0.04833899915145638, 0.2623363014169673, -0.046889637706247336, 0.5330362793602413, -0.5859060840594073, 0.08289165512813272, 0.0425968605151921], [-0.7306315671876086, -0.5990723991803588, -0.4685436339686183, 0.22238028220581757, -0.0615032429540827, 0.5761732257160533, 0.20605530198605337, -0.15982995224933982, 0.09527522589690489, 0.629556466846696, 0.47838603168175897, -0.37983465738523015, 0.005254037339833803, 0.20605530198605337, 0.40069420638783093, -0.04802347980934042], [0.08082833695892948, -0.2865991722413827, -0.03676460957875916, -0.27617904696964324, -0.7478156668448283, 0.3171196989868752, 0.3828055782468709, -0.7515065427796794, -0.18832538989578013, -0.04022960937182023, -0.5654480470562976, 0.5153975091906305, 0.4100131684077287, 0.3828055782468709, 0.6560025887879104, 0.016797624311719814]], "inverted": false, "swapped": false, "error_lsq": 0.044088629614150256, "error_max": 0.3352106372037741, "target": "876.xyz", "model": "24.xyz", "model_rescale": 4.28219845311461, "target_rescale": 4.077131561686254},
{"mapping": [4, 13, 3, 5, 9, 14, 8, 12, 13, 10, 11, 0, 2, 1, 6, 15], "R": [[-0.5776774819445831, -0.7430586811016171, -0.33786465232943647], [0.7252090798439481, -0.2772292117893526, -0.6302505491013464], [0.37464719052204304, -0.6091040638266827, 0.6990219753797161]], "T": [0.052337614432559736, -0.048249774590872346, -0.06433250505007988], "aligned_model": [[0.021309856378652868, 0.5650920156564749, -0.5133864641518296, -0.6717109437759987, -0.1311208382498277, 0.5943155289586829, -0.3862554580652433, 0.5340284081988532, 0.5650920156564749, 0.04733184679915583, 0.07729400280069751, -0.00976772664201845, 0.5678163538127182, -0.5329229904762185, 0.09482192983756765, 0.049581825891985926], [-0.7114542378458322, -0.2852849622726724, -0.564802978899801, 0.3165389164671014, -0.1557259311965744, 0.47479974115774803, 0.41660706788953317, 0.21706631508829968, -0.2852849622726724, 0.73396756419436, 0.39003928757245887, -0.25485804335370327, -0.12167821067337249, -0.14438623476329682, 0.4188453480242158, -0.07199753180336826], [0.24200993597721365, -0.24821752554702642, -0.17911228936703288, -0.32503075427024525, -0.7059441911808114, 0.048909576949840924, 0.20675842007451423, -0.5953704057607313, -0.24821752554702642, 0.06914332055900783, -0.3864457582952711, 0.7224394580527256, 0.3802683928453698, 0.1767177059309477, 0.7052221481973585, 0.005771489780511743]], "inverted": true, "swapped": false, "error_lsq": 0.046955071962331854, "error_max": 0.35075598392013496, "target": "876.xyz", "model": "25.xyz", "model_rescale": 4.100010024507729, "target_rescale": 4.077131561686254},
{"mapping": [3, 13, 0, 11, 10, 7, 4, 12, 14, 5, 9, 15], "R": [[-0.5466864459710674, 0.6512938783664557, -0.5262605949469363], [-0.799297548890517, -0.2186218597168942, 0.5597570104889606], [0.2495142443411496, 0.7266503742903507, 0.6400952080859207]], "T": [-0.0013640279313778952, 0.01591129943381498, 0.044683141932764285], "aligned_model": [[-0.6352657983332374, -0.08999038925870072, 0.4439266559333076, 0.603735629339767, -0.5067413138016131, -0.03510293577441585, -0.3538302303437695, 0.64436660657758, 0.12083174340813545, 0.08989085618439678, -0.41094034098582505, 0.005885119417381467], [-0.32613302751371637, -0.5954792401927541, -0.1785545020498622, -0.3645493356191372, 0.5742392938694175, 0.7473773200050297, 0.19568036870209127, 0.2514529028149669, -0.2716495164644231, 0.4499223557539904, 0.15139223647994898, 0.032432534265087666], [0.16482589725535166, 0.0668343439574624, 0.4867142636294391, -0.19255731724020245, 0.06912132798503412, 0.45196545546392924, 0.5817132460995679, -0.3128611630955995, -0.6780642557712158, -0.6092294042500074, -0.4471049648507379, -0.016165139328665062]], "inverted": true, "swapped": true, "error_lsq": 0.042590453588143944, "error_max": 0.24528765245764209, "target": "876.xyz", "model": "26.xyz", "model_rescale": 3.6694154284099745, "target_rescale": 4.077131561686254},
