[{"mapping": [1, 6, 8, 7, 2, 3, 4, 5, 0, 10, 9, 11], "R": [[0.47182221539904967, 0.6549125573551761, -0.5903163044287668], [-0.8725046483767039, 0.44322235412688893, -0.2056443127423253], [0.1269623393647794, 0.6120812748489552, 0.7805364036111966]], "T": [0.1366646070788673, 0.020887573215277472, 0.002029322239453117], "aligned_model": [[-0.18945761906310643, -0.14683403986830357, 0.5395116143021719, -0.7894689353364318, 0.4840172471405334, 0.544808362529156, 0.7566628329528033, -0.5183791021890821, 0.09459350935316901, -0.22568807222002074, 0.1779479959638967, 0.10840982464735141], [-0.45552662221652684, -0.5573261527873308, -0.4411748510612132, -0.11759849239029903, -0.3944313919958141, 0.43703240376385255, 0.4451227193946473, 0.30952242886802683, 0.1950580056425564, 0.5055836274773863, -0.03323389152715238, 0.04237789498607523], [-0.4085244105729828, 0.33437235540888927, 0.16730513878310044, 0.14239164308229907, -0.5942982271531622, 0.3684644047323254, -0.29457682638676336, -0.41784445829549727, -0.5901582132640822, 0.31111121551779597, 0.6059523084589433, -0.05773763542142855]], "inverted": false, "swapped": false, "error_lsq": 0.05634411798225097, "error_max": 0.37551199238917315, "target": "878.xyz", "model": "0.xyz", "model_rescale": 3.751011558992144, "target_rescale": 4.008143325942618},
{"mapping": [4, 10, 5, 11, 8, 2, 0, 6, 1, 12, 13, 14], "R": [[0.7594128805498355, -0.27488660050226627, 0.5896858771577533], [-0.6505765191430697, -0.31178372189283715, 0.6924890638142506], [-0.006501507109009597, -0.9095209000495578, -0.4156073420650242]], "T": [0.0686512950108404, 0.019122376968689108, -0.01687274385989699], "aligned_model": [[-0.005200303546428184, -0.3635989360900341, 0.4067883016207405, -0.6918397859612629, 0.5481044991324091, 0.863951960882392, 0.4489137868329992, -0.564763345471454, 0.05519088968365231, -0.2523740449122519, 0.353183312723288, 0.03776728331808706], [-0.5198791762257707, -0.6764871982619861, -0.37177677510328216, 0.04786824584743331, -0.337185096574176, 0.13868066448462688, 0.5955254470115355, 0.1561661327456264, 0.2415953452639, 0.5089076342737983, 0.12020479562393471, 0.03178565906856903], [-0.5909783412497013, 0.024850207731534367, 0.3337656235015919, 0.223039697899516, -0.3059883980450945, 0.17532707075664059, -0.3309817323620877, -0.3959909938761387, -0.6771833868925397, 0.44032331575899586, 0.6436770830539156, 0.026597148612804454]], "inverted": true, "swapped": false, "error_lsq": 0.04130137065711515, "error_max": 0.2088483890915755, "target": "878.xyz", "model": "1.xyz", "model_rescale": 3.9405287249114394, "target_rescale": 4.008143325942618},
{"mapping": [3, 8, 4, 9, 7, 1, 0, 11, 6, 5, 2, 12], "R": [[-0.5814860680175009, -0.7213161446953238, 0.3762671552280656], [0.727827070534951, -0.6678830035376304, -0.1555636492952811], [0.3635130095306878, 0.18339932657299618, 0.9133580781459776]], "T": [0.07185835162535287, -0.0423606765935732, -0.06868059304150606], "aligned_model": [[0.013554002236560614, -0.3285759087555122, 0.3757424673953966, -0.6848599841690115, 0.5840034654679442, 0.8046420615401162, 0.35779684997465233, -0.4633042458754572, 0.15833123819772588, -0.23910416431615789, 0.16605279148632743, 0.0918450450295524], [-0.4955505570999076, -0.5999464186019553, -0.6206096921417258, -0.129102025609944, -0.3575895754698511, 0.0771151679872207, 0.7390326676845561, 0.33063427920780175, 0.19272670082954851, 0.5449248831198271, 0.28852132621803783, -0.03475107796939939], [-0.4122198391516051, 0.2910975518366312, 0.186227708280874, 0.19633715303125646, -0.585640917279788, 0.20696390518678773, -0.17160583268401253, -0.3551941986872047, -0.5509793160893531, 0.2253844769824476, 0.5193790427406696, 0.016707560722733716]], "inverted": true, "swapped": false, "error_lsq": 0.04386205741155912, "error_max": 0.2191674481085311, "target": "878.xyz", "model": "2.xyz", "model_rescale": 3.932901565614263, "target_rescale": 4.008143325942618},
{"mapping": [7, 3, 0, 8, 4, 2, 6, 9, 5, 10, 1, 13], "R": [[-0.10334576437316431, 0.5908143173199909, 0.8001612933876768], [-0.8002578069256259, 0.42835485136276497, -0.41964218540152937], [-0.5906835831819895, -0.6837035642467406, 0.4285351103417185]], "T": [-0.049073987038355485, -0.008652676824357084, 0.04708598107726308], "aligned_model": [[-0.1673147740217622, -0.2167162015076533, 0.3949056250713739, -0.7420085055161566, 0.6367116950728369, 0.7797528242037551, 0.37307890693093476, -0.5186994670565587, 0.08331008716501385, -0.08866952883067318, 0.34568751723327984, -0.043914560532253614], [-0.44041837354520713, -0.41071159653095457, -0.46925222869973915, -0.25077652630925246, -0.28866822541155646, 0.043362088503926616, 0.5029268371838636, 0.13503615097739202, 0.2773437893942559, 0.6523489463463725, 0.0887433581315098, 0.09547145811359783], [-0.5090974839554957, 0.313413206672794, 0.24628559449580983, 0.04921204421433353, -0.4160724100790149, 0.11446872614139764, -0.11651596158303856, -0.499355569933892, -0.5990410682423344, 0.3203157150687635, 0.6663161386376202, -0.0034716365475060545]], "inverted": true, "swapped": false, "error_lsq": 0.045373438876431145, "error_max": 0.23635430000155438, "target": "878.xyz", "model": "3.xyz", "model_rescale": 3.9243930471874484, "target_rescale": 4.008143325942618},
{"mapping": [8, 9, 1, 11, 7, 0, 3, 10, 4, 6, 5, 12], "R": [[0.3090813446818857, -0.318128753729908, -0.8962493059522518], [0.33350843600032776, -0.8462901808091371, 0.415409500351946], [-0.8906406938189231, -0.42730203125692445, -0.15547388397236916]], "T": [0.019829505810275844, -0.014091513724267767, -0.085275006710027], "aligned_model": [[-0.17604523628746394, -0.3251854037484302, 0.4810652450418528, -0.6568597740591375, 0.6099301992808251, 0.7572726038043051, 0.25160501992263995, -0.5103725545754, 0.24917535590369025, -0.17397491783294605, 0.24488596945730212, 0.08462711130489937], [-0.4171399216949658, -0.6058568767337338, -0.4558915178858878, -0.04134020167367354, -0.40080253480582945, 0.22718097951656663, 0.6072110655655651, 0.2573937270051766, 0.07573643957348887, 0.5612281988876823, 0.12580612518016848, 0.0018801952196510693], [-0.5274530649135714, 0.08344327653558764, 0.2344665282221399, 0.323972117778794, -0.46626649828406375, 0.2629887074304389, -0.200238419978876, -0.4625140009136647, -0.6253663779532098, 0.30583059078652186, 0.6242328076053206, 0.013361628574019457]], "inverted": false, "swapped": false, "error_lsq": 0.03595985090448444, "error_max": 0.24306191411989803, "target": "878.xyz", "model": "4.xyz", "model_rescale": 3.8936222436046832, "target_rescale": 4.008143325942618},
{"mapping": [1, 4, 2, 5, 0, 3, 9, 6, 9, 7, 10, 11], "R": [[-0.6869040409702742, 0.10170394830489746, 0.7195965156932755], [-0.7256842985222274, -0.042431714670942866, -0.6867181725194017], [-0.03930823548584522, -0.9939093804212127, 0.10295147465534871]], "T": [0.11578799246994315, 0.10438479141280717, 0.04561937952397161], "aligned_model": [[-0.07784925935566889, -0.2353953551016435, 0.4092285113492769, -0.6542905204944458, 0.6989967760472411, 0.6900214211645479, 0.2915917128415082, -0.5070590596804041, 0.2915917128415082, -0.29720861697353423, 0.2490865752247882, -0.02259027965103716], [-0.431707726108079, -0.46219377966322, -0.552198474948327, -0.14712158115681934, -0.3042384589898373, 0.09278004326115948, 0.3939689489344047, 0.38424304530715553, 0.3939689489344047, 0.4888365349118371, 0.07376574970394272, 0.005302427967586662], [-0.5184889385538523, 0.4772251928452385, 0.24549319256233315, 0.01571142950584352, -0.47936906126847795, 0.06570249460016926, -0.47136225596928344, -0.36468481916590834, -0.47136225596928344, 0.36401879047946195, 0.6626780166124134, 0.04089550921078282]], "inverted": true, "swapped": false, "error_lsq": 0.05542096251503847, "error_max": 0.3342157026990774, "target": "878.xyz", "model": "5.xyz", "model_rescale": 3.6523030999806103, "target_rescale": 4.008143325942618},
{"mapping": [3, 4, 11, 2, 7, 9, 8, 1, 5, 6, 10, 12], "R": [[-0.14272748128848084, -0.44293802971456436, -0.8851185050136656], [-0.9842538312453711, 0.1577328355420043, 0.07977937246361405], [0.10427493353560768, 0.8825679885563826, -0.4584762630842363]], "T": [0.06024873019908812, 0.04723341856178386, -0.06935994580779886], "aligned_model": [[-0.15840715016090257, -0.1331987521812713, 0.5270719070368082, -0.640218366952227, 0.47234907417428745, 0.7194933429105321, 0.3367783819459629, -0.528877596217984, 0.2247542950447669, -0.18340231226992587, 0.1285572202637258, 0.07122357461836445], [-0.5110143466932555, -0.38189083276484237, -0.6488348539918508, -0.10905344553509166, -0.37414226703658277, 0.14794046287408408, 0.6536177379194428, 0.2396991126218287, 0.2720503661451242, 0.5560828042573536, 0.09047921338106724, 0.00047172697693136784], [-0.4203439077202083, 0.2586065927460307, 0.1992179472741084, 0.17788870662188158, -0.41495204319894685, 0.2097771298691174, -0.16699452783892016, -0.38282763812353515, -0.6908893410908041, 0.2536430483781895, 0.7066147915918997, -0.16328346361937573]], "inverted": false, "swapped": false, "error_lsq": 0.044529186392326274, "error_max": 0.2685062702099336, "target": "878.xyz", "model": "6.xyz", "model_rescale": 4.08911054899281, "target_rescale": 4.008143325942618},
{"mapping": [11, 10, 8, 12, 9, 3, 0, 13, 1, 7, 4, 14], "R": [[0.5961805770084672, 0.6530497305971947, 0.4670061765809769], [-0.6740310745809828, 0.09111002607253274, 0.733062803345162], [0.4361775213110558, -0.7518144801185953, 0.4944938395844276]], "T": [-0.0008919712951947212, 0.04840593350828764, 0.028472464800674314], "aligned_model": [[-0.2050217315579234, -0.21916666738634275, 0.4129001964767728, -0.6734282689809208, 0.5428881129326146, 0.7604897726810105, 0.6971236207606786, -0.5895297304548027, 0.12766748638481354, -0.400518114061026, 0.30749488059163843, 0.07522406082562424], [-0.3799638451062424, -0.5941947637537304, -0.46054680553910127, -0.18485767397001776, -0.2854517052432335, 0.18692405827467024, 0.6004938266497293, 0.2377244451198014, 0.21483275831508564, 0.6456651225972787, -0.016163348971956988, -0.029056390218074386], [-0.317014780552864, 0.27074379910720825, 0.2152668024871257, 0.06431846503194913, -0.42693900294277803, 0.1944905521186852, -0.275878277924592, -0.36339308867957193, -0.674180107016397, 0.3163428724571662, 0.6590102091471722, -0.09631014834366666]], "inverted": true, "swapped": false, "error_lsq": 0.04486830449285761, "error_max": 0.26690082004612253, "target": "878.xyz", "model": "7.xyz", "model_rescale": 3.964800864290218, "target_rescale": 4.008143325942618},
{"mapping": [10, 9, 8, 11, 5, 1, 0, 6, 3, 4, 7, 13], "R": [[0.15825766565476845, -0.9081772606639034, -0.3875159022214602], [0.016566189229574868, 0.39484868153663194, -0.9185967995062869], [0.9872588680968704, 0.13895532340213623, 0.07753286698100562]], "T": [0.06504327080669287, 0.0989649999572455, 0.02155421908588056], "aligned_model": [[-0.12327168311960907, -0.18517677090407586, 0.4044809668741074, -0.7385040329659134, 0.491536207314728, 0.7868856250066285, 0.36345909237841123, -0.35112988175696513, 0.15884547817682027, -0.4639395003543583, 0.4075047914278827, 0.08543332613448092], [-0.5687384573940083, -0.5092851084502773, -0.5544398312130052, -0.10172551254237788, -0.4558279249354864, 0.21387239888574672, 0.6790492149668529, 0.3667580212826089, 0.2802276394076063, 0.49265233326741653, 0.0691849913549006, 0.023677913524231667], [-0.4187224941027106, 0.22472523851806278, 0.2426916390290067, 0.05573569485995368, -0.43602561937523576, 0.19143593242482632, -0.27443509398995886, -0.28108852077945684, -0.674367972782138, 0.2670759216291457, 0.645001428513575, 0.024431140944366752]], "inverted": false, "swapped": false, "error_lsq": 0.04075939530761551, "error_max": 0.2697786429365681, "target": "878.xyz", "model": "8.xyz", "model_rescale": 4.121658175737393, "target_rescale": 4.008143325942618},
{"mapping": [0, 10, 5, 3, 4, 9, 6, 2, 1, 8, 7, 12], "R": [[-0.42013869243323493, -0.7731603650479545, 0.4750858122901643], [0.8193048690665804, -0.5482768555020462, -0.16772603031307257], [0.39015767408098617, 0.3187719241710316, 0.8638063728151193]], "T": [0.029384396478688235, 0.01645673121850876, 0.07054500060989846], "aligned_model": [[-0.0825564461996117, -0.2977567782936348, 0.3154147301360935, -0.7395845579388334, 0.6401517498511013, 0.8452011295989976, 0.37316459712990296, -0.467829527583173, 0.07789887670131934, -0.16041691217976406, 0.29170456742014683, 0.04073218956959244], [-0.5201853986178648, -0.6208292472717348, -0.5184781949591313, -0.16019166736825674, -0.25370551893459115, 0.1640334953393574, 0.5921121036516073, 0.2770597291801503, 0.11883438543039189, 0.6974165909128088, 0.13105071748817143, 0.028288683303300644], [-0.49364354531019616, 0.3221917053045592, 0.1878018949015888, 0.057657724374147984, -0.5143511580075063, 0.147056265711662, -0.10443532949349982, -0.33836922270753034, -0.6092320781742648, 0.24610829530431214, 0.6815010191098206, -0.01582827612365631]], "inverted": false, "swapped": false, "error_lsq": 0.03860928707373798, "error_max": 0.2000666933271729, "target": "878.xyz", "model": "9.xyz", "model_rescale": 3.833441315466971, "target_rescale": 4.008143325942618},
{"mapping": [13, 0, 1, 10, 5, 4, 3, 8, 2, 7, 6, 14], "R": [[-0.7936287037543955, -0.06550604707279706, -0.6048656366285118], [-0.07420703808453108, 0.997186215192653, -0.010628627779400901], [0.6038599142813167, 0.036450103246062196, -0.796256613094995]], "T": [-0.005497034509910501, 0.03467137196766042, 0.09814607186031896], "aligned_model": [[-0.05039431800962012, -0.12633176817613417, 0.27019921945128805, -0.7770357463678831, 0.44122016448701995, 0.7748213106428651, 0.449808720134828, -0.6465264786805011, 0.13303391305483098, -0.09291999353853794, 0.45455393448856063, 0.005694660725421231], [-0.43258975093301494, -0.6314512806055391, -0.5683422627893535, -0.24872342644677212, -0.3250627628669056, 0.1974800717906867, 0.6819292086925257, 0.2858688627250594, 0.13170815343575087, 0.685762440559457, 0.04972013702046478, 0.10910628757184995], [-0.5463210090480867, 0.02396696043180671, 0.4236841875437547, 0.08512501752306575, -0.26028146310619804, 0.12071125677444669, -0.2597307398127273, -0.2672857750280856, -0.6004548832898752, 0.20928392957085598, 0.5975018654973497, 0.04025794783313044]], "inverted": false, "swapped": false, "error_lsq": 0.050399529132258904, "error_max": 0.27085570739786163, "target": "878.xyz", "model": "10.xyz", "model_rescale": 4.2482417240324, "target_rescale": 4.008143325942618},
{"mapping": [1, 8, 10, 3, 0, 4, 5, 2, 6, 7, 9, 11], "R": [[-0.8609732350165598, 0.5085516632025556, -0.010014711130872128], [0.43639831189421563, 0.7486465508776636, 0.499084016208551], [0.26130748546683336, 0.42532757694851236, -0.8664957301257223]], "T": [0.03224211668975253, -0.024375535673710882, -0.08845197573896216], "aligned_model": [[-0.23000081077498452, -0.22526264489042663, 0.3931192254013571, -0.7541355235516009, 0.47240558490516016, 0.840091134692684, 0.2786658055530633, -0.4632950715249247, 0.3090770508668137, -0.26897229937771866, 0.36086890040396735, 0.1235622665087468], [-0.5357278302555224, -0.4688452793091742, -0.40802581481417644, -0.09974148103020958, -0.5647334979291517, 0.31203934067104755, 0.679258918035754, 0.2816927888014855, 0.2764956409941486, 0.3321870827744169, 0.10576467844099662, 0.025041131774593786], [-0.4994191661311428, 0.24769646425589317, 0.2824692264831381, 0.09594381505005678, -0.38528335852990614, -0.08177550077934825, 0.0029815599113196256, -0.5450944641628003, -0.5917621111551451, 0.40214890213825827, 0.6561142495457569, -0.01756232173664307]], "inverted": false, "swapped": false, "error_lsq": 0.05248446479569441, "error_max": 0.30214032350740333, "target": "878.xyz", "model": "11.xyz", "model_rescale": 3.6694154284099745, "target_rescale": 4.008143325942618},
{"mapping": [0, 6, 11, 5, 4, 8, 2, 12, 1, 10, 9, 13], "R": [[0.8394827237047651, 0.5395967182295396, 0.0640635487398225], [-0.5433068950198761, 0.8355225464193994, 0.08197372901548146], [-0.009293784217968422, -0.10362169705594017, 0.9945733605291047]], "T": [0.023093376995808726, -0.016174421572549162, 0.014640946003703963], "aligned_model": [[-0.24714279398516875, -0.12661005433050315, 0.48892749255791035, -0.7390449551450705, 0.4591035283819279, 0.7043936597384343, 0.3017814107322621, -0.4313494541872298, 0.21009108033956714, -0.09810855585160506, 0.30370888714484645, 0.01037337281676596], [-0.38191480969700464, -0.5506792341678006, -0.4323833914261261, -0.26481983424628125, -0.46483408562966205, 0.2555316736477027, 0.5192004443850375, 0.41539861009240414, 0.20796967477151387, 0.5340753101200555, 0.15977573504596812, -0.06191441474159846], [-0.5366704404319208, 0.12303061993675515, 0.40808385050062457, 0.05813133476386071, -0.38067956128968683, 0.20066130474454577, -0.23439781833896256, -0.24802791738203173, -0.779880782534808, 0.308007800905054, 0.7460660923719452, -0.09786718835593844]], "inverted": false, "swapped": false, "error_lsq": 0.04384099225939811, "error_max": 0.1827181646409454, "target": "878.xyz", "model": "12.xyz", "model_rescale": 3.9764082729961374, "target_rescale": 4.008143325942618},
{"mapping": [8, 3, 7, 14, 2, 0, 9, 13, 1, 6, 4, 15], "R": [[0.21509046135922325, 0.21459260746252964, 0.952725619606563], [-0.9227269978890601, 0.3641781007660403, 0.12629013535934897], [-0.3198608772559086, -0.9062694542711196, 0.27634162816377883]], "T": [0.01348058897171664, 0.13048621103638947, -0.12211534400505375], "aligned_model": [[-0.02688898416337923, -0.2638209329051091, 0.4377022416558476, -0.7044556745312333, 0.6039916036921933, 0.7106203402288382, 0.47254635701874637, -0.5226636872168159, 0.2798197804899135, -0.4088000053184426, 0.25947888726341317, -0.0014063080018351173], [-0.49418239354774995, -0.6220514508201493, -0.37427136387943927, -0.05550847295214756, -0.3287931358998995, 0.11841469600586217, 0.49690304750199665, 0.4110279126946196, 0.09334769555894826, 0.4663147877764982, 0.14822056488503127, 0.07598379083063797], [-0.45046313014094846, 0.13329487655375927, 0.2470587055732264, 0.17584696678357004, -0.3989162415427759, 0.08026642208143842, -0.25055384710887124, -0.2133634394804011, -0.6974471995376331, 0.4187701082211034, 0.5524467744913741, -0.03048270100440438]], "inverted": true, "swapped": false, "error_lsq": 0.03900691044499787, "error_max": 0.2328829731328746, "target": "878.xyz", "model": "13.xyz", "model_rescale": 4.170626492500431, "target_rescale": 4.008143325942618},
{"mapping": [0, 2, 3, 4, 1, 9, 10, 8, 7, 12, 11, 13], "R": [[-0.4146736807256998, -0.722091121917152, 0.5537419526835847], [0.4575561241739721, 0.36054564924123955, 0.8128033144888779], [-0.7865673090996681, 0.5904161637875797, 0.18088842360434526]], "T": [0.01336698799866362, -0.06760666517225417, 0.05410922023505039], "aligned_model": [[-0.04722887532999248, -0.2868878640816148, 0.43602710716626814, -0.6944254224435981, 0.583371916620177, 0.777833290626653, 0.19814432040181737, -0.4094552969200731, 0.12825935977380148, -0.2970946097160929, 0.4156588323343955, 0.031920859780395744], [-0.4024617094831693, -0.6517809337611382, -0.5259139061036303, -0.034383006970167496, -0.32310418484019887, 0.19866475369879383, 0.4460762386271739, 0.3831345124177942, 0.17082282321326295, 0.5614609666307568, 0.1556794474151399, -0.04278932269040844], [-0.43584858118755415, 0.09309145923227516, 0.3487047073100891, 0.08556113351587583, -0.39380803628233135, 0.022530079927420003, -0.08842329096499543, -0.3577281250916677, -0.7122985856130581, 0.26290010161717614, 0.5907322117642154, 0.15104422066199227]], "inverted": false, "swapped": false, "error_lsq": 0.046533065841553894, "error_max": 0.3159296481880654, "target": "878.xyz", "model": "14.xyz", "model_rescale": 3.9786697098870705, "target_rescale": 4.008143325942618},
{"mapping": [8, 9, 6, 3, 7, 10, 4, 2, 5, 0, 1, 11], "R": [[-0.6955874138759158, 0.6212916728804974, 0.3607697421718853], [-0.07768085972422384, 0.43417243149200246, -0.8974742245684988], [-0.7142295385167998, -0.6522966786222936, -0.253742407508882]], "T": [0.1071579711597746, -0.02821579062973265, -0.01375211448047648], "aligned_model": [[-0.15739668359764009, -0.2478356273654594, 0.40712215390210343, -0.7923885880082986, 0.5749415988733169, 0.8883618134131113, 0.23023656586544752, -0.49703081392034915, 0.1869921758300984, -0.3314640891047656, 0.46203071375195887, 0.1125543985726135], [-0.17465290343304304, -0.48322441055332177, -0.573400506602247, -0.21717231995629843, -0.40675855190509336, 0.25812187146636795, 0.5502279718686729, 0.4763705716741662, 0.13425626637018787, 0.3097597685715002, 0.1617375048085526, -0.09985958415523583], [-0.43895222344331564, 0.21940227396323345, 0.4762997249667515, -0.02989677974168673, -0.28717460975085446, -0.02098320090301107, -0.17240016282369564, -0.3800797427415123, -0.7959854033328616, 0.4071858806098306, 0.5327414111989947, 0.05630012688756424]], "inverted": false, "swapped": false, "error_lsq": 0.061366752940998144, "error_max": 0.30999033557921785, "target": "878.xyz", "model": "15.xyz", "model_rescale": 3.769337070930944, "target_rescale": 4.008143325942618},
{"mapping": [2, 1, 5, 10, 4, 0, 8, 7, 6, 9, 11], "R": [[-0.02011036915333736, -0.05697707883733749, 0.9981729236658748], [-0.8559476058984357, -0.514954828697774, -0.04663925768687438], [0.5166713355792568, -0.8553216569735681, -0.03841346251949962]], "T": [-0.06212243831046608, -0.0726411154462488, 0.05179801989661803], "aligned_model": [[-0.34188755021938233, -0.27571500211629774, -0.2119016241045071, -0.6520032214938124, 0.3375345240922465, 0.3951298520257905, 0.557218730285251, 0.27527654769902965, 0.22184704301881777, -0.3617819296893638, -0.021091238806601027], [0.0957123832803232, -0.6070668641245553, 0.7374961971283647, 0.2683971661848154, 0.225207168328241, -0.4648713386611902, 0.16322359913187273, -0.3995793810142331, 0.5911505932154857, 0.03712593721150352, -0.05073096305528538], [-0.5759837473698958, -0.3043776303568585, -0.1540003217894754, 0.0351727723413246, -0.6511066627744353, -0.3040845538875659, 0.13351064502403737, 0.5739159911219085, 0.3253994755593054, 0.6129218657417581, 0.052849773613673955]], "inverted": true, "swapped": true, "error_lsq": 0.05257879710345996, "error_max": 0.2888661998765114, "target": "878.xyz", "model": "16.xyz", "model_rescale": 3.7852294659196426, "target_rescale": 4.008143325942618},
{"mapping": [8, 2, 7, 3, 11, 6, 10, 0, 9, 4, 5, 12], "R": [[-0.028305403900874725, 0.8385867614595223, 0.5440322119276016], [-0.5605897667492535, 0.4372902646547752, -0.703218556249886], [-0.8276097616183765, -0.32488377605381763, 0.4577254794426316]], "T": [-0.01794325172708923, -0.052017868423512685, 0.025165898929569296], "aligned_model": [[-0.1875673306658624, -0.08090488208065931, 0.48786686527427003, -0.7848835287852535, 0.4675892505129575, 0.8288338485330395, 0.4790292300576782, -0.4796378284609035, 0.07959717885490912, -0.18737948107399394, 0.1772075934838388, 0.03637270256211674], [-0.31167148922409665, -0.6464475810426203, -0.39215745536886654, -0.25219919999684604, -0.46090216416392243, 0.13949656118895515, 0.5340880008649342, 0.3715781254332421, 0.20498028048215022, 0.5621350248421757, 0.20885473992206777, -0.02234916478296437], [-0.5475587995965104, 0.15468875748764135, 0.3714146420437309, 0.09016910714293061, -0.3422628647766241, 0.20869791691892098, -0.2172249788143405, -0.2452998244843481, -0.7944069174649121, 0.33483390335960617, 0.5961918531460275, -0.042785500072685285]], "inverted": false, "swapped": false, "error_lsq": 0.04160405893887467, "error_max": 0.21274034201402447, "target": "878.xyz", "model": "17.xyz", "model_rescale": 3.901054581598922, "target_rescale": 4.008143325942618},
{"mapping": [4, 10, 5, 11, 8, 2, 0, 6, 1, 12, 13, 14], "R": [[0.7594128805498355, -0.27488660050226627, 0.5896858771577533], [-0.6505765191430697, -0.31178372189283715, 0.6924890638142506], [-0.006501507109009597, -0.9095209000495578, -0.4156073420650242]], "T": [0.0686512950108404, 0.019122376968689108, -0.01687274385989699], "aligned_model": [[-0.005200303546428184, -0.3635989360900341, 0.4067883016207405, -0.6918397859612629, 0.5481044991324091, 0.863951960882392, 0.4489137868329992, -0.564763345471454, 0.05519088968365231, -0.2523740449122519, 0.353183312723288, 0.03776728331808706], [-0.5198791762257707, -0.6764871982619861, -0.37177677510328216, 0.04786824584743331, -0.337185096574176, 0.13868066448462688, 0.5955254470115355, 0.1561661327456264, 0.2415953452639, 0.5089076342737983, 0.12020479562393471, 0.03178565906856903], [-0.5909783412497013, 0.024850207731534367, 0.3337656235015919, 0.223039697899516, -0.3059883980450945, 0.17532707075664059, -0.3309817323620877, -0.3959909938761387, -0.6771833868925397, 0.44032331575899586, 0.6436770830539156, 0.026597148612804454]], "inverted": true, "swapped": false, "error_lsq": 0.04130137065711515, "error_max": 0.2088483890915755, "target": "878.xyz", "model": "18.xyz", "model_rescale": 3.9405287249114394, "target_rescale": 4.008143325942618},
{"mapping": [1, 6, 8, 2, 4, 7, 13, 10, 12, 11, 9, 15], "R": [[-0.8549657137390857, 0.5102793962106316, 0.09299766735531168], [0.3540198550597312, 0.4430484865071152, 0.8236370443509942], [0.37908253791767144, 0.7371044542035192, -0.5594403033740323]], "T": [0.09911434782300169, 0.01882378012702476, -0.16008479756785518], "aligned_model": [[-0.23011470907655376, -0.1991240848813622, 0.2756880291362114, -0.6801941709844728, 0.7338774660871952, 0.7024989854602919, 0.3865674458961923, -0.6116211505228485, 0.22088804856662536, -0.1470995045783188, 0.3237271709256205, 0.06103009218355645], [-0.45527955005114024, -0.6062286526109322, -0.509230996700698, -0.21580321474165245, -0.2533342199801817, 0.022409732347798163, 0.6254350304399653, 0.3544856432529623, 0.09061129922914782, 0.5750905499508775, 0.2887197396356525, 0.018530317382409893], [-0.4800124212367747, 0.12035547981509556, 0.35202070257140505, 0.14479827642288093, -0.40023232573594114, 0.20259918188440726, -0.13318957914779608, -0.15058732525009688, -0.689383182335613, 0.22612657147150114, 0.5223484209197299, -0.1483865044893609]], "inverted": false, "swapped": false, "error_lsq": 0.047824881589897277, "error_max": 0.23154653252369461, "target": "878.xyz", "model": "19.xyz", "model_rescale": 4.410303926677745, "target_rescale": 4.008143325942618},
{"mapping": [10, 9, 8, 11, 5, 1, 0, 6, 3, 4, 7, 13], "R": [[0.15825766565476845, -0.9081772606639034, -0.3875159022214602], [0.016566189229574868, 0.39484868153663194, -0.9185967995062869], [0.9872588680968704, 0.13895532340213623, 0.07753286698100562]], "T": [0.06504327080669287, 0.0989649999572455, 0.02155421908588056], "aligned_model": [[-0.12327168311960907, -0.18517677090407586, 0.4044809668741074, -0.7385040329659134, 0.491536207314728, 0.7868856250066285, 0.36345909237841123, -0.35112988175696513, 0.15884547817682027, -0.4639395003543583, 0.4075047914278827, 0.08543332613448092], [-0.5687384573940083, -0.5092851084502773, -0.5544398312130052, -0.10172551254237788, -0.4558279249354864, 0.21387239888574672, 0.6790492149668529, 0.3667580212826089, 0.2802276394076063, 0.49265233326741653, 0.0691849913549006, 0.023677913524231667], [-0.4187224941027106, 0.22472523851806278, 0.2426916390290067, 0.05573569485995368, -0.43602561937523576, 0.19143593242482632, -0.27443509398995886, -0.28108852077945684, -0.674367972782138, 0.2670759216291457, 0.645001428513575, 0.024431140944366752]], "inverted": false, "swapped": false, "error_lsq": 0.04075939530761551, "error_max": 0.2697786429365681, "target": "878.xyz", "model": "20.xyz", "model_rescale": 4.121658175737393, "target_rescale": 4.008143325942618},
{"mapping": [3, 4, 11, 2, 7, 9, 8, 1, 5, 6, 10, 12], "R": [[-0.14272748128848084, -0.44293802971456436, -0.8851185050136656], [-0.9842538312453711, 0.1577328355420043, 0.07977937246361405], [0.10427493353560768, 0.8825679885563826, -0.4584762630842363]], "T": [0.06024873019908812, 0.04723341856178386, -0.06935994580779886], "aligned_model": [[-0.15840715016090257, -0.1331987521812713, 0.5270719070368082, -0.640218366952227, 0.47234907417428745, 0.7194933429105321, 0.3367783819459629, -0.528877596217984, 0.2247542950447669, -0.18340231226992587, 0.1285572202637258, 0.07122357461836445], [-0.5110143466932555, -0.38189083276484237, -0.6488348539918508, -0.10905344553509166, -0.37414226703658277, 0.14794046287408408, 0.6536177379194428, 0.2396991126218287, 0.2720503661451242, 0.5560828042573536, 0.09047921338106724, 0.00047172697693136784], [-0.4203439077202083, 0.2586065927460307, 0.1992179472741084, 0.17788870662188158, -0.41495204319894685, 0.2097771298691174, -0.16699452783892016, -0.38282763812353515, -0.6908893410908041, 0.2536430483781895, 0.7066147915918997, -0.16328346361937573]], "inverted": false, "swapped": false, "error_lsq": 0.044529186392326274, "error_max": 0.2685062702099336, "target": "878.xyz", "model": "21.xyz", "model_rescale": 4.08911054899281, "target_rescale": 4.008143325942618},
{"mapping": [1, 8, 6, 11, 0, 7, 13, 15, 4, 9, 10, 16], "R": [[-0.48559429201770216, 0.345043247624085, 0.803208155355043], [-0.8710691595412672, -0.11348467900509424, -0.47787001049153627], [-0.07373400067741437, -0.9317008022429383, 0.35566404406963603]], "T": [0.008892514628631824, 0.11671726792694295, -0.060374908117047835], "aligned_model": [[-0.292361178762769, -0.1811712975929962, 0.42108939719641003, -0.6632653568471255, 0.5502118814290046, 0.6814690550181633, 0.5217103056109975, -0.6466610958828883, 0.32949735626973425, -0.2466663807974172, 0.3123486917091768, 0.04992224086184666], [-0.48982221972426254, -0.5134695017075837, -0.42915537126168346, -0.22135922719186726, -0.3261536922262225, 0.1432753857048816, 0.48842371201899426, 0.2629312405340327, 0.17460060590735907, 0.5264240412020061, 0.2046064187662738, 0.1151042861322803], [-0.4743247159487369, 0.15757554662314072, 0.23573473430956687, 0.08034150712938894, -0.3934185298231707, 0.1692588257009075, -0.24900735151066827, -0.34388497117290584, -0.676941401342464, 0.46343576613813775, 0.6821378897331568, -0.08445000494691571]], "inverted": true, "swapped": false, "error_lsq": 0.03935926115064883, "error_max": 0.18227942703624905, "target": "878.xyz", "model": "22.xyz", "model_rescale": 4.204369325754507, "target_rescale": 4.008143325942618},
{"mapping": [1, 6, 8, 2, 4, 7, 13, 10, 12, 11, 9, 15], "R": [[-0.8549657137390857, 0.5102793962106316, 0.09299766735531168], [0.3540198550597312, 0.4430484865071152, 0.8236370443509942], [0.37908253791767144, 0.7371044542035192, -0.5594403033740323]], "T": [0.09911434782300169, 0.01882378012702476, -0.16008479756785518], "aligned_model": [[-0.23011470907655376, -0.1991240848813622, 0.2756880291362114, -0.6801941709844728, 0.7338774660871952, 0.7024989854602919, 0.3865674458961923, -0.6116211505228485, 0.22088804856662536, -0.1470995045783188, 0.3237271709256205, 0.06103009218355645], [-0.45527955005114024, -0.6062286526109322, -0.509230996700698, -0.21580321474165245, -0.2533342199801817, 0.022409732347798163, 0.6254350304399653, 0.3544856432529623, 0.09061129922914782, 0.5750905499508775, 0.2887197396356525, 0.018530317382409893], [-0.4800124212367747, 0.12035547981509556, 0.35202070257140505, 0.14479827642288093, -0.40023232573594114, 0.20259918188440726, -0.13318957914779608, -0.15058732525009688, -0.689383182335613, 0.22612657147150114, 0.5223484209197299, -0.1483865044893609]], "inverted": false, "swapped": false, "error_lsq": 0.047824881589897277, "error_max": 0.23154653252369461, "target": "878.xyz", "model": "23.xyz", "model_rescale": 4.410303926677745, "target_rescale": 4.008143325942618},
{"mapping": [11, 9, 10, 15, 1, 3, 0, 6, 7, 5, 4, 16], "R": [[-0.22282058542531719, 0.5031434130374699, 0.8349836481199646], [0.8797039681422578, -0.26531289787493995, 0.3946263988330826], [0.42008560454445987, 0.8224693137973037, -0.38350008176831984]], "T": [-0.041993654656866386, -0.009464448783822129, -0.09693553667878355], "aligned_model": [[-0.013727702064605954, -0.29559158171783145, 0.27695253164142586, -0.6550562551858679, 0.7239226057184234, 0.7812192419617245, 0.42358787100697914, -0.6814905726931748, 0.21282359592068595, -0.21582652728032115, 0.2044707134027328, 0.07483969750196628], [-0.5468579911713848, -0.5303089972501412, -0.4900149327108113, -0.07119838812092108, -0.2301062778202419, 0.13496597656810674, 0.5688077526573894, 0.3868560921628317, 0.09295937390678696, 0.48259434781931465, 0.1300403210689425, 0.0076684010443368485], [-0.430298256752522, 0.14145286771975626, 0.2049394522138481, 0.263144120343507, -0.4147795470715103, 0.23579763525865813, -0.23557505156190908, -0.2058933744217016, -0.7023349304973084, 0.2541517836688516, 0.5305021952567925, -0.07464959926702543]], "inverted": true, "swapped": false, "error_lsq": 0.042699584566666456, "error_max": 0.21811425741055393, "target": "878.xyz", "model": "24.xyz", "model_rescale": 4.28219845311461, "target_rescale": 4.008143325942618},
{"mapping": [12, 13, 2, 7, 14, 6, 8, 9, 11, 1, 0, 15], "R": [[0.6450316984777661, -0.764153780801719, -0.0017627380198415449], [0.7320539512291994, 0.6172709609769499, 0.2882248657286702], [-0.21916003387617294, -0.18720459401689712, 0.9575611309625948]], "T": [-0.025287662387352597, 0.056521825448390885, -0.02312959548512033], "aligned_model": [[-0.12521507252356126, -0.21605664088201693, 0.3394836468512278, -0.7326782467884063, 0.5168196307343766, 0.8442107037573524, 0.3966448883765934, -0.5872680798232892, 0.05058705297848856, -0.03516597967402157, 0.37727021319962545, 0.007491502005767869], [-0.42074248478120474, -0.5059967677103019, -0.41682853321721497, -0.21041601006833968, -0.36958409532266584, 0.17489489426118118, 0.5957180670225078, 0.15296976850683106, 0.0780233948941274, 0.636380094423976, 0.15900431025083975, 0.061983039894472604], [-0.6119022095880202, -0.013306860027422839, 0.31102808330654486, 0.16095940152611737, -0.3467003789664327, 0.18219342517391912, -0.13796161456952277, -0.38610271925215045, -0.5618853669884214, 0.24806075389127802, 0.6790090440636665, 0.043065736319881746]], "inverted": true, "swapped": false, "error_lsq": 0.04351835860928776, "error_max": 0.21807539063203343, "target": "878.xyz", "model": "25.xyz", "model_rescale": 4.100010024507729, "target_rescale": 4.008143325942618},
{"mapping": [1, 8, 10, 3, 0, 4, 5, 2, 6, 7, 9, 11], "R": [[-0.8609732350165598, 0.5085516632025556, -0.010014711130872128], [0.43639831189421563, 0.7486465508776636, 0.499084016208551], [0.26130748546683336, 0.42532757694851236, -0.8664957301257223]], "T": [0.03224211668975253, -0.024375535673710882, -0.08845197573896216], "aligned_model": [[-0.23000081077498452, -0.22526264489042663, 0.3931192254013571, -0.7541355235516009, 0.47240558490516016, 0.840091134692684, 0.2786658055530633, -0.4632950715249247, 0.3090770508668137, -0.26897229937771866, 0.36086890040396735, 0.1235622665087468], [-0.5357278302555224, -0.4688452793091742, -0.40802581481417644, -0.09974148103020958, -0.5647334979291517, 0.31203934067104755, 0.679258918035754, 0.2816927888014855, 0.2764956409941486, 0.3321870827744169, 0.10576467844099662, 0.025041131774593786], [-0.4994191661311428, 0.24769646425589317, 0.2824692264831381, 0.09594381505005678, -0.38528335852990614, -0.08177550077934825, 0.0029815599113196256, -0.5450944641628003, -0.5917621111551451, 0.40214890213825827, 0.6561142495457569, -0.01756232173664307]], "inverted": false, "swapped": false, "error_lsq": 0.05248446479569441, "error_max": 0.30214032350740333, "target": "878.xyz", "model": "26.xyz", "model_rescale": 3.6694154284099745, "target_rescale": 4.008143325942618},
{"mapping": [2, 10, 9, 4, 12, 3, 1, 0, 6, 5, 7, 13], "R": [[0.9865866353539818, -0.15823412711757173, -0.04010949957616061], [-0.05532320352777659, -0.09294423709940416, -0.9941331459826871], [0.15357784375467082, 0.9830174615973769, -0.10045156097500933]], "T": [0.027951859270710394, -0.08489339732593898, 0.056037218579550206], "aligned_model": [[-0.19697778515617845, -0.25606390518258393, 0.43071300144972535, -0.7812315557470715, 0.5796897040752153, 0.8214470531148436, 0.15643952198466798, -0.42319137611808955, 0.36027419361193835, -0.23665819302614408, 0.3743427643667462, 0.0073401948390680975], [-0.27444896684718045, -0.6024272004579128, -0.5228539468115895, -0.2242321686920202, -0.430635710817093, 0.053390223796633274, 0.72808728287027, 0.2808407217012559, 0.15717812322156036, 0.6200589819963636, 0.25002671299139795, -0.09957837479747642], [-0.5568289881285323, 0.17172873966213908, 0.3889599647463379, 0.0926087613864578, -0.39759304565522774, 0.1198669750339906, -0.263650109686309, -0.2596234829267811, -0.4936478520219811, 0.2989408266886746, 0.46096978739837935, 0.004725718392288483]], "inverted": false, "swapped": false, "error_lsq": 0.0501266064431131, "error_max": 0.3085516299075205, "target": "878.xyz", "model": "27.xyz", "model_rescale": 4.103607728864725, "target_rescale": 4.008143325942618},
{"mapping": [10, 12, 13, 3, 11, 8, 7, 0, 6, 1, 4, 14], "R": [[-0.5789316754144288, -0.3424735064375714, -0.739966223952281], [0.1667887004734025, -0.9380659652120823, 0.3036672097957205], [-0.7981351042249903, 0.05238456164824959, 0.600196811974776]], "T": [0.020574830911020615, -0.0793734096594434, -0.18843883287506533], "aligned_model": [[-0.14906252257671151, -0.29188239277834593, 0.4020442912920076, -0.691361258526532, 0.6479803991004341, 0.6673041932904139, 0.45296939592730645, -0.5258068682661872, 0.24292802496741137, -0.13811268261548712, 0.26660034126574267, -0.04747730286791522], [-0.4217970805823451, -0.6710351505310373, -0.4347268246150031, -0.20675871283689717, -0.2487713669776272, 0.2387794368592137, 0.4960601435786123, 0.36926359683258086, 0.0656367369479827, 0.6851210598574105, 0.03523516443520888, 0.02839867518610953], [-0.525699079864115, 0.3497065795162917, 0.19636960548064622, 0.01268511313227147, -0.41143618380245506, 0.20245741281557697, -0.23307526995942837, -0.08902245499018499, -0.7635895760074057, 0.25113745311382585, 0.6763996550133996, -0.09947595955898583]], "inverted": true, "swapped": false, "error_lsq": 0.04757989347596089, "error_max": 0.25391547344128057, "target": "878.xyz", "model": "28.xyz", "model_rescale": 4.137296879288765, "target_rescale": 4.008143325942618},
{"mapping": [7, 8, 5, 2, 10, 6, 9, 0, 1, 3, 11], "R": [[0.3314453237982843, -0.9411050709601646, 0.0668224718587565], [0.14789996614317716, -0.018123089194952674, -0.9888362623067981], [0.9318098504239465, 0.3376281964692755, 0.13318259496573442]], "T": [-0.004514496804035564, -0.0031876033880800453, 0.010931648505500307], "aligned_model": [[0.47751047738868857, 0.19209176570761824, -0.06165563395889158, -0.6142360371311858, -0.02028413667864107, 0.4254515121772615, 0.5294667840758569, -0.3766296157456714, -0.4812884435975661, 0.1454853105404521, 0.0055070279319768215], [-0.24578216047222962, -0.621863897422184, 0.06057025546630459, 0.17996510338319277, 0.5537652787848187, -0.2957085076200774, 0.3582485823837217, -0.4737220157524247, 0.1998025059404555, 0.24906109408381522, -0.0451884221274409], [0.4605244490004592, -0.14552352254092718, -0.8339228082161549, -0.2979633092885645, -0.3816210896847566, -0.5597491791584565, -0.01960459689682471, 0.3710765032240473, 0.4463341946288695, 0.7725986062380729, -0.00639522552276579]], "inverted": true, "swapped": true, "error_lsq": 0.05039363092024695, "error_max": 0.34959293829429744, "target": "878.xyz", "model": "29.xyz", "model_rescale": 3.607286011436655, "target_rescale": 4.008143325942618},
