[{"mapping": [7, 1, 8, 12, 9, 3, 6, 2, 14, 4, 10, 16], "R": [[0.09280663308244336, 0.4339707857421215, -0.8961340781257381], [-0.7956642918227281, -0.5087495859628954, -0.32877377252575757], [-0.5985860536081149, 0.7435342735240575, 0.29807972175395464]], "T": [-0.014111629926621365, -0.018262578037392174, -0.05716206253610755], "aligned_model": [[-0.22929847691573488, 0.1658923973942759, 0.3406714740458841, -0.06441932035820015, -0.1977591106880799, -0.4992574679051667, 0.3188309787591527, -0.14997509306869108, 0.673565783879647, 0.17643231991373934, -0.6275763057474821, -0.0694647168487956], [-0.3935065084671622, -0.7607049219794969, -0.40880770838991215, 0.7113596755481046, 0.43849192700338896, -0.6343066844813351, -0.29026811615805964, -0.6384721928306666, 0.24309157175930596, 0.4621274963613887, 0.3703229770160894, -0.04577247940458774], [-0.5055966817911413, 0.010470719832195372, -0.5608043146241821, -0.0803154560996544, -0.6024236600289319, -0.05922134345874615, 0.448445799155035, 0.5627439702506934, 0.1625661409487107, 0.4116039242941268, 0.3614692972196951, 0.03301334965576194]], "inverted": true, "swapped": true, "error_lsq": 0.04150394878534808, "error_max": 0.21637802217103858, "target": "879.xyz", "model": "0.xyz", "model_rescale": 3.751011558992144, "target_rescale": 4.420188214784927},
{"mapping": [8, 7, 15, 13, 11, 12, 3, 1, 9, 4, 10, 5, 6, 14, 16], "R": [[0.3433184212419542, 0.8373313730749447, 0.42545109389959274], [-0.40159731357717393, 0.5403592867012519, -0.7394129015667168], [-0.849030069764039, 0.08299405364327128, 0.5217853272144864]], "T": [0.02932764655028045, 0.01717283000436226, -0.022554525228466814], "aligned_model": [[0.08803844448609596, 0.09726023573773876, -0.43370881081826557, 0.21453572414934613, -0.27560607450503144, -0.5961475100192514, 0.5383088556144913, 0.6915644733423688, -0.6530389337026601, -0.11611256659509672, -0.0775921364600658, 0.48453556333260117, 0.5372026517861105, -0.06083554970394142, 0.10068184444459422], [-0.0025579235846102666, -0.46495513812365064, 0.3252807680596809, 0.4758237803935177, -0.7010323500427214, 0.17408414534913152, -0.5780981713582589, -0.013149064419370776, -0.23928443077304695, 0.5169403518963093, -0.22193999435808193, 0.06317767215602249, 0.4384334874522025, 0.776339121134682, -0.000304903954698961], [-0.7493390925958067, -0.4113279552142967, -0.33246496026194994, -0.4159484276155959, 0.07199094700007677, 0.32324201019133963, -0.060916349825529424, -0.4081958678510764, -0.11347651549463603, 0.44209882865242933, 0.7736760159300874, 0.716633644918408, 0.048716372015855915, -0.09343358373347169, 0.05841133873614209]], "inverted": true, "swapped": true, "error_lsq": 0.03713627951715886, "error_max": 0.22437302057543898, "target": "879.xyz", "model": "1.xyz", "model_rescale": 3.9405287249114394, "target_rescale": 4.420188214784927},
{"mapping": [11, 12, 15, 5, 4, 7, 0, 10, 6, 1, 2, 3, 16], "R": [[-0.9639278430960538, 0.20906477166393697, 0.16472715183993047], [-0.18945838972198722, -0.9736344438919671, 0.1270491567509669], [0.18694553182181495, 0.09125727870304944, 0.978122424451854]], "T": [-0.14678413547006658, -0.007466456721198729, -0.18576981212157606], "aligned_model": [[-0.30516164279692376, 0.2849575476562142, -0.27615393406289307, 0.5128792503074018, 0.48301992195707216, -0.6933267325312589, 0.07419015490762823, 0.5058288049397601, 0.03468823879805513, -0.5705188143071611, -0.01853988125684483, -0.4509890519664489, -0.08489058236066999], [0.6490006187714419, 0.47457982241659963, 0.16216161358465092, -0.3004307966892056, -0.09115622779582375, 0.14177277253718734, 0.1527095656411736, 0.32746764297540165, -0.6458186139351846, -0.5945785255083119, -0.6619931606763364, -0.10981560869060186, -0.04506650905897334], [0.21636156587458621, -0.527304700673152, -0.7856593961819441, 0.29873607727451973, -0.4741550445388168, 0.07350964374771418, 0.3923286727145209, 0.21982278682134887, -0.19293947100003003, 0.0671029183501139, 0.3995083623009519, 0.5296776602345101, -0.10386872533567874]], "inverted": true, "swapped": true, "error_lsq": 0.0409746285642644, "error_max": 0.29266792757724436, "target": "879.xyz", "model": "2.xyz", "model_rescale": 3.932901565614263, "target_rescale": 4.420188214784927},
{"mapping": [3, 5, 2, 11, 1, 13, 6, 8, 9, 15, 4, 12, 14, 16], "R": [[0.9291242621602144, -0.3621839255570191, -0.07450442626680065], [0.3011830949271916, 0.8581603222106874, -0.4157518547322763], [0.2145153812557874, 0.3638456615810571, 0.9064212518213193]], "T": [-0.007866989382139072, -0.004604446649162847, 0.030683336682605915], "aligned_model": [[-0.33846226425590387, 0.657109991824865, 0.18800708798176904, -0.3006205067074113, -0.34366096394837187, -0.10672255242759214, 0.27780870874982416, -0.6404932204722955, -0.22851927684802642, -0.12281265433752252, 0.6451407039569728, 0.3593718083695606, 0.3199173995725045, 0.053745650594331146], [0.0386894996152424, -0.03143471941792994, -0.44118107706535103, 0.697013862769017, -0.5668943669101274, -0.5801996074148986, -0.577508942231419, -0.32139859781945757, 0.5658226774620797, -0.030636018458732095, -0.049195297405212224, 0.43567141282051125, -0.46848350763812485, -0.006768679955108631], [-0.6790444028613226, -0.528615863044837, -0.7166027718298794, -0.1687388967440564, -0.36840152822559613, 0.2722185873070737, -0.1443793312084894, 0.2081025727189974, 0.4376068539186523, 0.656373029313741, 0.27237690151075794, 0.4853353016749211, 0.5472685780663765, -0.05960266753924163]], "inverted": false, "swapped": true, "error_lsq": 0.04395364841553205, "error_max": 0.27183976094217804, "target": "879.xyz", "model": "3.xyz", "model_rescale": 3.9243930471874484, "target_rescale": 4.420188214784927},
{"mapping": [3, 0, 2, 1, 6, 7, 8, 5, 4, 12, 14, 15, 16], "R": [[0.11305715384435884, -0.9934538147258284, -0.016358422030027], [0.9888720890855401, 0.11090296923861968, 0.09915907846313216], [-0.09669576718870793, -0.027387030155846898, 0.9949371232329358]], "T": [-0.13558342373385662, -0.03790593181507679, -0.046685403065867256], "aligned_model": [[-0.07495538282309613, -0.16673727857069454, 0.5731477992514289, 0.30481001792917767, 0.5242132741678485, -0.4288042272061523, -0.2357548994705821, 0.39301934038141567, 0.1198761609143657, -0.4818452976993804, 0.21185716312694208, -0.3882944091208416, -0.07332637456907909], [-0.5536827685693511, 0.040490182399915614, -0.27667351282531333, -0.6648918121283145, -0.050486597045917854, -0.5707803819396526, -0.6397690481565785, 0.3405221165664482, 0.5980739936978654, 0.5925776340628335, 0.26134495627077153, 0.06700356674397814, -0.0158987753950973], [-0.6342052420102365, -0.6803788146793565, -0.5242756376904361, -0.08042854472294328, 0.023934336037639836, -0.18186445101116644, 0.35303766661013086, -0.623834581230082, 0.084055201822079, 0.08751133338105939, 0.5691235324519226, 0.528213627255617, -0.1338181108432639]], "inverted": false, "swapped": true, "error_lsq": 0.03692712830914417, "error_max": 0.2026058715186799, "target": "879.xyz", "model": "4.xyz", "model_rescale": 3.8936222436046832, "target_rescale": 4.420188214784927},
{"mapping": [3, 7, 1, 2, 13, 15, 12, 4, 5, 0, 6, 16], "R": [[-0.5090021188243826, 0.4163023612788196, 0.7533984251549563], [-0.2499002644144851, 0.7660965883654721, -0.5921535908363258], [-0.823690901296026, -0.48968189806083656, -0.2859107165422047]], "T": [-0.231769024958484, -0.10562587089907516, 0.07799871716806803], "aligned_model": [[0.06288994548577292, -0.47089038344394585, -0.23209095284477155, 0.39560103942842956, -0.5370288936235526, -0.766493814817178, -0.26369892755624125, 0.03202556697633635, 0.6229653370535677, 0.28212419138327177, 0.02679061393812976, -0.12464567976472138], [-0.5165496651237885, -0.5311443760702168, 0.07946825871348145, 0.11434258643493866, 0.4004154247919752, 0.05739533215848949, -0.15769493858679212, 0.3106247359685385, 0.05188974304073052, -0.4839260633505253, 0.44738570520558296, -0.10328383807260678], [-0.5213332378508808, -0.3092505202241954, -0.6662702777029218, -0.5097282742775375, -0.1459658076435616, 0.3827465252848714, 0.8071659612125857, 0.5719329398727119, 0.09664933776904441, 0.039442525620289826, -0.18238986376163882, 0.05628541097675103]], "inverted": true, "swapped": true, "error_lsq": 0.03915332569123226, "error_max": 0.21591192371745227, "target": "879.xyz", "model": "5.xyz", "model_rescale": 3.6523030999806103, "target_rescale": 4.420188214784927},
{"mapping": [9, 12, 10, 11, 0, 15, 4, 7, 14, 6, 5, 3, 16], "R": [[0.3791476617730354, -0.3784554645299617, 0.8444042349132619], [-0.7499472997216109, 0.4088833343880157, 0.5199937177505154], [-0.5420572831466288, -0.8304130780684691, -0.12879449351795438]], "T": [0.020121979529636, -0.16870733459119228, -0.07621876247632858], "aligned_model": [[0.1460765330385434, -0.21155940913542687, 0.3057713758712244, 0.6804168494918309, 0.5157935120595369, -0.38910803429292024, -0.4547523594582483, 0.4709401848818142, -0.7464609085780977, -0.29934604571334317, 0.1180382194460665, 0.6886257147803279, 0.05664727227298657], [-0.4985453794835617, -0.012853384519918576, 0.5156912841791246, -0.27184368553777094, 0.23297828441375393, -0.5599843635103855, 0.29324987955525295, -0.580486408991082, -0.15859182222525633, 0.11188416384788616, 0.6732842877131471, -0.13095580398690773, -0.07300014729109872], [0.5679889674970531, 0.600130893153551, 0.3144125348388986, 0.337442547071777, -0.03569409540033128, 0.21500421483610038, 0.1426717701636903, -0.200347461000549, -0.11787272449531455, -0.585812419326329, -0.26907197561450646, -0.48433473094980845, -0.11440778129244275]], "inverted": true, "swapped": true, "error_lsq": 0.04399116450715457, "error_max": 0.22943849252177953, "target": "879.xyz", "model": "6.xyz", "model_rescale": 4.08911054899281, "target_rescale": 4.420188214784927},
{"mapping": [5, 4, 10, 2, 3, 7, 0, 11, 1, 6, 8, 15, 9, 12, 16], "R": [[0.7649561319051877, 0.640403033788415, -0.06874642227234225], [-0.6440227350141596, 0.7590632643055529, -0.09517183179218398], [-0.008765446111543281, 0.11707653520835244, 0.9930842118662813]], "T": [-0.008687389892589919, -0.04048932887223669, 0.10908661920021129], "aligned_model": [[0.1041657301261762, 0.3521773826145569, 0.5984116980927866, -0.5170744821980414, -0.3712726718334493, -0.263513073545492, 0.17407025118843605, 0.35016729860799506, -0.7594282983290749, -0.39227027704484957, -0.5115695222901678, 0.12411511606111426, 0.48198298584580757, 0.6772200354555636, -0.010848632951807193], [-0.6587827558645986, -0.6157797845739147, -0.2697508822833664, -0.4658161360742711, 0.23065369137175848, 0.5082467373594988, -0.0251286873010478, 0.5514752932411484, -0.049736665371490525, -0.5817372877714966, 0.35923394282922716, 0.07852756559502311, 0.45520554198462804, -0.11624401069310641, -0.09960774627887851], [-0.491502471050232, 0.26921368859347933, -0.4214411321399502, -0.48086423285187335, -0.531143372070872, -0.03977437218187263, -0.5033246385625509, -0.2631274319979217, -0.04743447314359478, 0.08928967696122037, 0.4546049758331443, 0.7202954323987298, 0.33971719424272856, 0.35241316586483906, 0.017148022186806625]], "inverted": false, "swapped": true, "error_lsq": 0.04714345301722429, "error_max": 0.29332371419031267, "target": "879.xyz", "model": "7.xyz", "model_rescale": 3.964800864290218, "target_rescale": 4.420188214784927},
{"mapping": [4, 10, 5, 14, 2, 9, 6, 0, 11, 7, 8, 1, 3, 16], "R": [[0.010213088627478883, 0.10186418121434132, -0.9947458878558981], [-0.39409958864111916, -0.9138677294360719, -0.09762831212440037], [-0.9190109939786291, 0.3930260318107319, 0.03081121979931284]], "T": [-0.13674474123868952, -0.11125958208586209, 0.09716457146519267], "aligned_model": [[-0.3371578417239367, 0.4290060184981178, 0.36313386260538255, -0.8007626663775086, 0.2968071342778864, -0.21045495549409685, -0.2612040953036303, 0.48937570553552046, 0.3752210985608523, 0.06327712754735049, -0.4789841260366519, -0.0916838310316362, 0.48170914818889543, -0.05709468978567214], [-0.21321477921627194, -0.4404251544991641, 0.1760689102061053, 0.018466153781244665, 0.6375399053736979, -0.8027270906288411, 0.4633149357878702, -0.1559174780866715, -0.6073162546601905, -0.09344376946102112, 0.08988981947844177, 0.5847559801604575, 0.21942672220887846, -0.06546943426333368], [-0.5633374328788858, -0.4264440239973504, -0.5534455751079379, -0.2657929040467104, -0.09964608678483378, 0.3340205904077004, -0.21081447952139257, -0.023925113370438567, 0.428164356472459, 0.6869788159657488, 0.7090985462845474, 0.4161130448321597, 0.4479386021942623, 0.037906698275692784]], "inverted": false, "swapped": true, "error_lsq": 0.04489383009358062, "error_max": 0.25026780423798917, "target": "879.xyz", "model": "8.xyz", "model_rescale": 4.121658175737393, "target_rescale": 4.420188214784927},
{"mapping": [10, 0, 11, 9, 5, 4, 1, 14, 8, 6, 12, 15, 16], "R": [[0.8661579058023043, -0.242051389572359, -0.4372431897951719], [-0.4178985830221362, -0.8306150710828872, -0.3680208934259864], [-0.27410081452680396, 0.5014875157928267, -0.8205967432178135]], "T": [0.07115102441652008, -0.06392798039557593, -0.06430671751045777], "aligned_model": [[-0.6651363880686592, -0.30427699152976617, 0.11756899924943298, 0.2627460690271167, -0.70465930004879, -0.4502451620066884, 0.39470426871289166, 0.031177349637137836, 0.7837407353863969, -0.1107777078126024, -0.23623145956966732, 0.3704186791499321, -0.012291595691537871], [0.1193618615123542, -0.18903471371525005, 0.254901203663611, 0.6091460786443963, -0.4481489723562303, 0.12002971331180148, -0.759136932718691, 0.012437531649239691, -0.19040675762215523, -0.5665957310476866, 0.5898191303676824, 0.3652260093119588, -0.12721098158932076], [-0.4205026432542177, -0.5663883477642074, -0.7811996134207084, -0.2877433633267291, -0.14318899484564826, 0.36128552222113464, -0.050375174309619936, 0.6986199594229575, 0.02663881853126887, 0.329017794940195, 0.05208185574491292, 0.2985203267354539, -0.0956907067157036]], "inverted": true, "swapped": true, "error_lsq": 0.04157998778703313, "error_max": 0.25235457795240507, "target": "879.xyz", "model": "9.xyz", "model_rescale": 3.833441315466971, "target_rescale": 4.420188214784927},
{"mapping": [11, 9, 3, 1, 8, 7, 15, 6, 5, 2, 10, 4, 12, 0, 16], "R": [[0.9876034926784801, 0.08558736049564385, 0.13158322451078605], [0.03957200238789678, -0.9469521790368916, 0.3189288748989269], [0.1518993017636339, -0.30976825909165023, -0.9386001426502388]], "T": [-0.05176639785229562, 0.04506633903584178, -0.07651680722848893], "aligned_model": [[-0.15885247260213758, 0.08254350133717286, -0.5850552749075175, -0.6685582718294095, -0.6423503648053743, -0.595837620258116, 0.06588422906020044, -0.04585137064951679, 0.3201894969531753, -0.2887815816307996, 0.49841135017486604, 0.5942519276157366, 0.5741467694987404, 0.004840771912904267, -0.03113607157539268], [-0.7046097800183593, -0.584982018279235, -0.07968751872574134, 0.46907011611266675, 0.10720084863604792, -0.2581887513141107, -0.0009457280119920045, 0.6896827655287966, 0.3330948620014781, 0.5573571623883128, -0.24946578326349045, 0.30778625091167383, -0.2564765138255625, -0.2019941652069812, 0.07325979236147495], [0.13386472788456222, -0.429590741681026, 0.4846609849309324, 0.0907699477799508, -0.5000754790668622, -0.06135602510540557, -0.7005512291643614, 0.08131784802610105, 0.6545223341076504, 0.6081614028466806, 0.48307691321235086, -0.09800498709534429, -0.3061255855930078, 0.5103738034409984, 0.02707799329887363]], "inverted": false, "swapped": true, "error_lsq": 0.04637981482134357, "error_max": 0.4323697920029892, "target": "879.xyz", "model": "10.xyz", "model_rescale": 4.2482417240324, "target_rescale": 4.420188214784927},
{"mapping": [13, 15, 9, 12, 3, 0, 7, 10, 4, 5, 6, 16], "R": [[0.7203274767510132, 0.6682212028371597, -0.18603427188660338], [-0.09402535875387713, -0.17166040258497142, -0.9806589305643276], [-0.6872318081613539, 0.7238875121614032, -0.06082196632838431]], "T": [-0.1092136707760895, -0.01295160513647848, 0.04133041976909512], "aligned_model": [[-0.5969670148479053, -0.03920769733308342, 0.38162889459390026, 0.538950701416751, -0.38002215891982877, 0.14206906268406366, -0.3116545117138265, 0.5387393412726514, 0.19549878118132852, 0.03274249752335463, -0.5204211302008502, -0.10459116329354856], [-0.38592410630348417, -0.6323647302070908, -0.286464167389132, -0.334893499376656, 0.6707820369782548, 0.5747121452835098, 0.17699369128683645, 0.4390584724206525, -0.2268472273515495, 0.5560264587827571, 0.03784203447433087, 0.07721028145221043], [-0.10836820232269367, 0.17096175957668733, 0.5145383434944931, -0.06661373074474644, 0.3134556395117054, 0.02746832668560223, 0.5991345829616859, -0.2387296477360199, -0.5487730925318247, -0.6004189494929579, -0.4771341737560685, -0.020328565791506097]], "inverted": false, "swapped": true, "error_lsq": 0.04417653071139724, "error_max": 0.26949795986249697, "target": "879.xyz", "model": "11.xyz", "model_rescale": 3.6694154284099745, "target_rescale": 4.420188214784927},
{"mapping": [12, 15, 13, 8, 7, 10, 0, 5, 1, 2, 6, 3, 4, 16], "R": [[0.9067778901474538, -0.33861835156457215, 0.25118015431841817], [0.4125771330858658, 0.5900318652600597, -0.6940046881919335], [0.08679842852483143, 0.7329392948678812, 0.6747340385990565]], "T": [0.06740243392950317, 0.04064515455570507, -0.1941987584034152], "aligned_model": [[-0.36242700635801517, -0.014055948858343326, 0.018575352025156894, 0.574476572283021, 0.6891637323947314, -0.30278144066027934, 0.12032194617488388, -0.3980038247150203, 0.4359825295693682, 0.05222585253304039, -0.22047361825053524, 0.5977682852621764, -0.6283280954011754, 0.035820514256800565], [-0.2971538107199878, 0.2939112186026044, 0.6702873132157503, 0.529665636631704, 0.00046089192394034584, -0.6833269292799845, -0.4806093911125817, -0.2641434879902349, 0.5017396756777704, 0.1550411894101703, 0.4469421553043905, -0.15725654305058429, 0.015854475074991117, -0.0004251055516944838], [-0.6805670217574681, -0.77264371928002, -0.21845070362057042, -0.3833728954253015, -0.1964586158060175, 0.009315806843188557, 0.17210313506890493, 0.47380628774316513, 0.2954305226554167, 0.6856225615082711, 0.24458049021090858, 0.34841348588789933, -0.24075650296534673, -0.09792737141061407]], "inverted": true, "swapped": true, "error_lsq": 0.0439014580499177, "error_max": 0.36310200987420155, "target": "879.xyz", "model": "12.xyz", "model_rescale": 3.9764082729961374, "target_rescale": 4.420188214784927},
{"mapping": [3, 5, 2, 13, 7, 11, 9, 1, 6, 0, 4, 14, 10, 12, 15, 16], "R": [[0.1472324090040764, 0.9715399136716882, -0.18556080912106668], [-0.7994430668863901, 0.2273569494034067, 0.5560571916316336], [0.5824202954449123, 0.06647566246969883, 0.8101651595527147]], "T": [-0.03395605664094549, 0.12910868634392228, 0.04874972343449843], "aligned_model": [[-0.07999118158348945, -0.3147139136761089, -0.6524766313233833, -0.511502039590333, 0.14856825356251124, 0.6519170012791375, 0.6435918527900247, -0.5900441049116397, -0.6766711288988805, 0.15679442822061418, -0.15555279376590647, -0.43099832573887864, 0.3066101035703547, 0.41130361064776977, 0.10000939898593746, -0.06800421575833641], [0.1088859924964202, -0.671953045106878, -0.23007216915085196, 0.47442512430695916, 0.5185570236159865, 0.10574110826394792, 0.3313682190744358, 0.4100430527548081, -0.03253069338802228, -0.3120582003817799, -0.3240500454468047, 0.18800410887338034, -0.6332431119797954, -0.12222020175385392, 0.495741330824354, 0.038825624340937004], [-0.7337800688131924, -0.13888015693068487, -0.47643952638407683, 0.27706503299041607, -0.40205163300609825, -0.3343614952945434, 0.24795112054521706, -0.3985066253417615, 0.08434677475959518, -0.3727593321021285, 0.565164835658123, 0.7032537083242312, -0.02490001219797336, 0.5721933163561478, 0.551752209300844, -0.0026512050114169336]], "inverted": false, "swapped": true, "error_lsq": 0.03650335592352614, "error_max": 0.3206171868471259, "target": "879.xyz", "model": "13.xyz", "model_rescale": 4.170626492500431, "target_rescale": 4.420188214784927},
{"mapping": [9, 15, 7, 8, 0, 2, 1, 12, 10, 14, 4, 6, 5, 16], "R": [[-0.8005335307940676, -0.5183347905765014, 0.3007908092884464], [0.02554176258013513, 0.47194755391558924, 0.8812565600989263], [-0.5987434212070176, 0.7131581530285599, -0.3645706575277411]], "T": [-0.03952981934539939, -0.03654561582869821, -0.016082103582738566], "aligned_model": [[0.3311094603229982, -0.07227487166617921, -0.3002570740974601, -0.6468436573618183, 0.285461259336147, -0.34579522237447463, -0.7247718017233276, 0.5698236631486343, 0.6977522282875138, -0.18081729876425565, 0.32324636729527145, -0.3542349448371776, 0.27434468135608675, -0.013559766830315116], [-0.5070839148826494, -0.6704707003640146, 0.026953277174411025, -0.3296911317112713, 0.48141791502208886, 0.754707843261472, 0.3075214387969686, -0.4225009147587394, 0.3575084583337188, -0.44946877193144086, -0.13137181017597296, 0.2216554925013834, 0.6521101586290267, 0.06478712803068509], [-0.44138378269512135, 0.03335966856549341, -0.5783953467175051, -0.2940887158538992, -0.20257186953127165, 0.2437674736147772, -0.03213092562216889, 0.10697242448292683, 0.04496235825802128, 0.6155974162653526, 0.572326429736266, 0.5081029542899689, 0.41166299107435833, 0.01569202525366789]], "inverted": true, "swapped": true, "error_lsq": 0.03623538428957938, "error_max": 0.2136668667699451, "target": "879.xyz", "model": "14.xyz", "model_rescale": 3.9786697098870705, "target_rescale": 4.420188214784927},
{"mapping": [3, 11, 1, 2, 7, 13, 10, 4, 6, 5, 9, 16], "R": [[0.2559240520497432, 0.9213368872788592, -0.2926452113425799], [0.2461078583945459, -0.35484965911195154, -0.901949356374615], [-0.9348442659710177, 0.15880824779410774, -0.3175628108164979]], "T": [-0.009587727938212831, 0.20390049699615792, 0.01928075946104985], "aligned_model": [[0.01169804630782742, -0.7005644069620792, 0.5716908327356037, 0.5301868209772012, -0.14035878897814802, 0.5224228040737144, -0.4680720102934125, 0.05274269621945135, 0.6002744465221963, 0.13607266646441413, -0.6411313656779993, 0.008392855378566731], [-0.29645898927240927, 0.04843564794432581, 0.07098235849290513, -0.4840708219712218, 0.2575991854205344, 0.5449795246802269, -0.38687052879264255, 0.14926229335938263, 0.009019914145328989, -0.5743628589903207, 0.5787960936161627, 0.09736267159216708], [-0.5841000209305216, -0.32148897357940254, -0.4630513673340391, -0.13152121998847296, -0.5875325352547932, 0.026448704680389876, 0.39792520398505793, 0.712066986040525, 0.19411436561511433, 0.37819445677409413, 0.0029341992469140675, 0.035976694618964376]], "inverted": true, "swapped": true, "error_lsq": 0.04815709994313818, "error_max": 0.26208095900402234, "target": "879.xyz", "model": "15.xyz", "model_rescale": 3.769337070930944, "target_rescale": 4.420188214784927},
{"mapping": [11, 10, 7, 3, 9, 12, 15, 4, 13, 2, 16], "R": [[0.27124150608638015, 0.21529844491932068, 0.9381229263754909], [-0.9610334803298128, 0.006589262756350744, 0.2763534535725851], [0.053316930342616475, -0.9765260678710272, 0.20869629538444276]], "T": [0.031217686774637786, 0.12003410971907336, 0.07554024276795422], "aligned_model": [[-0.282772741828173, -0.2815833975921212, -0.2376102286954678, -0.7089608131800147, 0.3393234609115726, 0.46373363057229866, 0.6399287163136442, 0.343252057404439, 0.3304104176809325, -0.6318975186457308, -0.05119745225020824], [0.09912004231726393, -0.6227366144230382, 0.5968522381030199, 0.37239597034766037, 0.11372379678390071, -0.37060294056629106, 0.2649315503928049, -0.44897975629176834, 0.4513455346807491, 0.07976785622318706, 0.06024682005785392], [-0.6446782752753941, -0.15475736995000583, -0.22208875194918232, 0.01783109847436938, -0.5913122871512525, -0.2525158797558341, -0.04216003034779328, 0.33182317751706203, 0.522908031280816, 0.6638082000409611, 0.11535969434003032]], "inverted": false, "swapped": true, "error_lsq": 0.04049673865772797, "error_max": 0.1920863032710914, "target": "879.xyz", "model": "16.xyz", "model_rescale": 3.7852294659196426, "target_rescale": 4.420188214784927},
{"mapping": [4, 15, 8, 14, 12, 9, 11, 7, 6, 5, 10, 3, 16], "R": [[0.3107062511127855, 0.8937363035276954, 0.3235692279498935], [-0.16950640884146032, -0.28286128473812944, 0.9440641243887868], [0.9352695883439762, -0.3481736827403046, 0.06360726189629062]], "T": [0.048690946136417085, 0.01958711048021554, 0.06292905997463791], "aligned_model": [[-0.04591941756852187, -0.36787967511818076, 0.11973646146927945, 0.05093211876212808, -0.5607415894337776, -0.6572905100596161, -0.341379406084123, 0.066880375649907, 0.6014619012500019, 0.49067245862376263, -0.10243358274004752, 0.48396492111178047, 0.11576179435369106], [-0.10229890536253411, -0.4609594047784457, -0.40425529817756467, -0.6277723655039321, 0.04205774609206521, 0.0918629713940524, 0.6072683660520579, 0.16591869693247158, -0.21235063419840255, 0.4852541350501968, 0.6834926987383528, 0.5163261785888545, 0.09051143887570229], [-0.6175236195205318, 0.093288642779281, 0.6523034869470334, -0.34987523564338263, -0.34142552625003986, 0.25273861769499695, 0.40965368178576334, 0.6682911050751258, -0.22189765405847958, -0.5231907304567411, -0.4259273648565103, 0.48562035483868793, 0.013698938807970837]], "inverted": true, "swapped": true, "error_lsq": 0.04130450063112169, "error_max": 0.24065401586273624, "target": "879.xyz", "model": "17.xyz", "model_rescale": 3.901054581598922, "target_rescale": 4.420188214784927},
{"mapping": [8, 7, 15, 13, 11, 12, 3, 1, 9, 4, 10, 5, 6, 14, 16], "R": [[0.3433184212419542, 0.8373313730749447, 0.42545109389959274], [-0.40159731357717393, 0.5403592867012519, -0.7394129015667168], [-0.849030069764039, 0.08299405364327128, 0.5217853272144864]], "T": [0.02932764655028045, 0.01717283000436226, -0.022554525228466814], "aligned_model": [[0.08803844448609596, 0.09726023573773876, -0.43370881081826557, 0.21453572414934613, -0.27560607450503144, -0.5961475100192514, 0.5383088556144913, 0.6915644733423688, -0.6530389337026601, -0.11611256659509672, -0.0775921364600658, 0.48453556333260117, 0.5372026517861105, -0.06083554970394142, 0.10068184444459422], [-0.0025579235846102666, -0.46495513812365064, 0.3252807680596809, 0.4758237803935177, -0.7010323500427214, 0.17408414534913152, -0.5780981713582589, -0.013149064419370776, -0.23928443077304695, 0.5169403518963093, -0.22193999435808193, 0.06317767215602249, 0.4384334874522025, 0.776339121134682, -0.000304903954698961], [-0.7493390925958067, -0.4113279552142967, -0.33246496026194994, -0.4159484276155959, 0.07199094700007677, 0.32324201019133963, -0.060916349825529424, -0.4081958678510764, -0.11347651549463603, 0.44209882865242933, 0.7736760159300874, 0.716633644918408, 0.048716372015855915, -0.09343358373347169, 0.05841133873614209]], "inverted": true, "swapped": true, "error_lsq": 0.03713627951715886, "error_max": 0.22437302057543898, "target": "879.xyz", "model": "18.xyz", "model_rescale": 3.9405287249114394, "target_rescale": 4.420188214784927},
{"mapping": [13, 6, 3, 5, 14, 7, 1, 15, 8, 9, 0, 11, 4, 12, 10, 16], "R": [[-0.28133102039948926, 0.3055397779396299, -0.909669336109327], [-0.15421946951279528, 0.9212388864556125, 0.3571208049179086], [0.9471373776724125, 0.24075788290027925, -0.21205289348933976]], "T": [0.06477964604951092, 0.030582995269827745, -0.09665500403230506], "aligned_model": [[-0.4118614168299658, -0.20503910803286418, 0.7385632191979792, 0.28027592368071136, -0.6924147582798252, 0.45680185019861974, 0.1632904088455529, -0.3988209268338081, -0.056031176695825, 0.13404023651424277, 0.6101354461139583, 0.6980220105796084, -0.3456984659672433, -0.1540918602012178, 0.4353076150094384, 0.11468610067202446], [-0.11133566667431227, -0.5640756464830786, -0.22130987886203315, -0.6702643045900504, -0.08749984638082356, 0.26708276876761883, -0.38500444927493105, 0.4645204246612672, 0.2714768769483945, 0.7361236155201092, -0.15997062631312234, 0.47111819460394855, -0.17354833797740854, 0.3924330995011108, -0.1191609499064446, -0.05823314456260836], [-0.48664715690887095, -0.2152131879957711, -0.4088196118068135, 0.37036133454055353, -0.04975322323511713, -0.5192581781536942, -0.733662839722704, -0.14302909467744968, -0.7744654131233782, 0.09589807579461168, 0.17713364064682727, 0.05392702382626316, 0.429331012086396, 0.5004842947050951, 0.6401459409648393, -0.05698886026591004]], "inverted": false, "swapped": true, "error_lsq": 0.03712330395461524, "error_max": 0.23618252350728777, "target": "879.xyz", "model": "19.xyz", "model_rescale": 4.410303926677745, "target_rescale": 4.420188214784927},
{"mapping": [4, 10, 5, 14, 2, 9, 6, 0, 11, 7, 8, 1, 3, 16], "R": [[0.010213088627478883, 0.10186418121434132, -0.9947458878558981], [-0.39409958864111916, -0.9138677294360719, -0.09762831212440037], [-0.9190109939786291, 0.3930260318107319, 0.03081121979931284]], "T": [-0.13674474123868952, -0.11125958208586209, 0.09716457146519267], "aligned_model": [[-0.3371578417239367, 0.4290060184981178, 0.36313386260538255, -0.8007626663775086, 0.2968071342778864, -0.21045495549409685, -0.2612040953036303, 0.48937570553552046, 0.3752210985608523, 0.06327712754735049, -0.4789841260366519, -0.0916838310316362, 0.48170914818889543, -0.05709468978567214], [-0.21321477921627194, -0.4404251544991641, 0.1760689102061053, 0.018466153781244665, 0.6375399053736979, -0.8027270906288411, 0.4633149357878702, -0.1559174780866715, -0.6073162546601905, -0.09344376946102112, 0.08988981947844177, 0.5847559801604575, 0.21942672220887846, -0.06546943426333368], [-0.5633374328788858, -0.4264440239973504, -0.5534455751079379, -0.2657929040467104, -0.09964608678483378, 0.3340205904077004, -0.21081447952139257, -0.023925113370438567, 0.428164356472459, 0.6869788159657488, 0.7090985462845474, 0.4161130448321597, 0.4479386021942623, 0.037906698275692784]], "inverted": false, "swapped": true, "error_lsq": 0.04489383009358062, "error_max": 0.25026780423798917, "target": "879.xyz", "model": "20.xyz", "model_rescale": 4.121658175737393, "target_rescale": 4.420188214784927},
{"mapping": [9, 12, 10, 11, 0, 15, 4, 7, 14, 6, 5, 3, 16], "R": [[0.3791476617730354, -0.3784554645299617, 0.8444042349132619], [-0.7499472997216109, 0.4088833343880157, 0.5199937177505154], [-0.5420572831466288, -0.8304130780684691, -0.12879449351795438]], "T": [0.020121979529636, -0.16870733459119228, -0.07621876247632858], "aligned_model": [[0.1460765330385434, -0.21155940913542687, 0.3057713758712244, 0.6804168494918309, 0.5157935120595369, -0.38910803429292024, -0.4547523594582483, 0.4709401848818142, -0.7464609085780977, -0.29934604571334317, 0.1180382194460665, 0.6886257147803279, 0.05664727227298657], [-0.4985453794835617, -0.012853384519918576, 0.5156912841791246, -0.27184368553777094, 0.23297828441375393, -0.5599843635103855, 0.29324987955525295, -0.580486408991082, -0.15859182222525633, 0.11188416384788616, 0.6732842877131471, -0.13095580398690773, -0.07300014729109872], [0.5679889674970531, 0.600130893153551, 0.3144125348388986, 0.337442547071777, -0.03569409540033128, 0.21500421483610038, 0.1426717701636903, -0.200347461000549, -0.11787272449531455, -0.585812419326329, -0.26907197561450646, -0.48433473094980845, -0.11440778129244275]], "inverted": true, "swapped": true, "error_lsq": 0.04399116450715457, "error_max": 0.22943849252177953, "target": "879.xyz", "model": "21.xyz", "model_rescale": 4.08911054899281, "target_rescale": 4.420188214784927},
{"mapping": [1, 9, 15, 11, 4, 2, 14, 5, 10, 6, 1, 8, 0, 12, 13, 7, 16], "R": [[-0.06914506482334981, -0.9968707130637167, -0.03831111387590175], [-0.5375636296965666, 0.0695822575464945, -0.840347340962168], [0.8403834267987607, -0.03751120993211049, -0.5406927085613432]], "T": [0.005315877178951385, -0.10357791223127856, -0.03811935013059302], "aligned_model": [[0.3997348669023126, -0.6424385497238139, 0.014545819402621524, -0.2886938504861119, 0.670998771776152, 0.5616937363557595, -0.10402309948596705, -0.6558072870278946, -0.5913059658068934, -0.021930683497653227, 0.3997348669023126, -0.1393103886975941, 0.5813616654753047, -0.25934885122443246, 0.2826146531793524, 0.01835878449275287, 0.04177798103425537], [0.16760238039993547, -0.38661435363314123, -0.5771014090472415, -0.028667808772509754, -0.22827054081776915, -0.4131973098745497, -0.7291649800895563, 0.10895197776539815, 0.1796225482225624, 0.6236173398939414, 0.16760238039993547, 0.43612349677952655, 0.38129240221606153, -0.44934309510253007, -0.28513423786588715, 0.2102049682615656, -0.09399114726233965], [-0.6712806966293285, 0.05049321573316534, -0.5923731945231275, -0.7408567027002138, 0.1280438771028808, -0.3784623180234271, 0.054121609629237746, -0.1625229736923529, 0.4255349228852428, 0.12315314835939346, -0.6712806966293285, -0.4486892593914054, 0.14395598079879174, 0.5580085940955256, 0.5336084307922668, 0.5999765474332848, -0.009063208743868269]], "inverted": false, "swapped": false, "error_lsq": 0.041947902366841636, "error_max": 0.29082595425263785, "target": "879.xyz", "model": "22.xyz", "model_rescale": 4.204369325754507, "target_rescale": 4.420188214784927},
{"mapping": [13, 6, 3, 5, 14, 7, 1, 15, 8, 9, 0, 11, 4, 12, 10, 16], "R": [[-0.28133102039948926, 0.3055397779396299, -0.909669336109327], [-0.15421946951279528, 0.9212388864556125, 0.3571208049179086], [0.9471373776724125, 0.24075788290027925, -0.21205289348933976]], "T": [0.06477964604951092, 0.030582995269827745, -0.09665500403230506], "aligned_model": [[-0.4118614168299658, -0.20503910803286418, 0.7385632191979792, 0.28027592368071136, -0.6924147582798252, 0.45680185019861974, 0.1632904088455529, -0.3988209268338081, -0.056031176695825, 0.13404023651424277, 0.6101354461139583, 0.6980220105796084, -0.3456984659672433, -0.1540918602012178, 0.4353076150094384, 0.11468610067202446], [-0.11133566667431227, -0.5640756464830786, -0.22130987886203315, -0.6702643045900504, -0.08749984638082356, 0.26708276876761883, -0.38500444927493105, 0.4645204246612672, 0.2714768769483945, 0.7361236155201092, -0.15997062631312234, 0.47111819460394855, -0.17354833797740854, 0.3924330995011108, -0.1191609499064446, -0.05823314456260836], [-0.48664715690887095, -0.2152131879957711, -0.4088196118068135, 0.37036133454055353, -0.04975322323511713, -0.5192581781536942, -0.733662839722704, -0.14302909467744968, -0.7744654131233782, 0.09589807579461168, 0.17713364064682727, 0.05392702382626316, 0.429331012086396, 0.5004842947050951, 0.6401459409648393, -0.05698886026591004]], "inverted": false, "swapped": true, "error_lsq": 0.03712330395461524, "error_max": 0.23618252350728777, "target": "879.xyz", "model": "23.xyz", "model_rescale": 4.410303926677745, "target_rescale": 4.420188214784927},
{"mapping": [0, 10, 1, 3, 13, 7, 11, 4, 8, 5, 12, 2, 6, 9, 14, 15, 16], "R": [[-0.15194142122680707, 0.983132372354765, -0.10180639932572784], [-0.9809888109135144, -0.1374205078642773, 0.1370275770814525], [0.1207259598349389, 0.1206911034269539, 0.9853217241974913]], "T": [0.05201735081311227, -0.11964414646124984, -0.004871392650828796], "aligned_model": [[0.20555789584833437, -0.5349339475226977, -0.1344491407437815, -0.51110139892019, 0.7467042273464426, 0.4580441667225383, 0.06718203415000604, -0.48844382669256353, -0.674808239557603, 0.06781372306990585, 0.6080355438621176, -0.25426101893940667, 0.5933113937419897, -0.2487608750584262, 0.36304603836012955, 0.014845489359739089, -0.009819595456071917], [0.12410386515058362, -0.40061459877941524, -0.6757812087877441, -0.03307971740984236, -0.1663706100844248, -0.4574860960482405, -0.7347844469667638, 0.2855382509574186, 0.07371234470373213, 0.5091255662087035, 0.3528373113006335, 0.46258657162485445, 0.2922862799596529, -0.3173437094790186, -0.3092735477597525, 0.2024397348844707, -0.1243633780014451], [-0.7030103608740129, 0.013231772311331956, -0.6311917300211374, -0.7010429648626417, 0.09215131087146249, -0.4085246331234059, 0.14376887673819116, -0.13758655162820038, 0.32685815948627134, -0.0037959948631885593, -0.3421856020364138, -0.6374019471041756, 0.33455779383466067, 0.5078344930697636, 0.5656124683834575, 0.6308914695298087, -0.10779928321503357]], "inverted": false, "swapped": false, "error_lsq": 0.038786282984216644, "error_max": 0.2958710826540818, "target": "879.xyz", "model": "24.xyz", "model_rescale": 4.28219845311461, "target_rescale": 4.420188214784927},
{"mapping": [13, 6, 8, 4, 15, 5, 1, 12, 2, 10, 3, 0, 11, 9, 7, 16], "R": [[-0.2634172255404783, -0.8400523647068345, -0.47426088794988397], [0.9615893358809746, -0.18931576838252873, -0.19875987764566377], [0.07718364080906831, -0.5084009877962359, 0.8576544299420767]], "T": [0.01922054743202683, 0.049107625791926054, -0.0814409313370332], "aligned_model": [[-0.12721849283229067, -0.49202585593038184, 0.02869538652978492, 0.12182798584605914, 0.5099925682162807, -0.5030120551751529, -0.6041177973370584, 0.6100058292776598, -0.8545168228787703, 0.05059230292514077, -0.48544700952589603, -0.19234876124578404, 0.3121548227197185, 0.7064483592706967, -0.013271871524668015, -0.05943782221432765], [0.2767522131714506, -0.11724315533853215, 0.7411107779656734, -0.5690670160656195, 0.19360731053818803, -0.6187400880461841, 0.4780082647800927, -0.38253545105152437, -0.08259538164863835, -0.6236861235959794, 0.33260210850327054, -0.19385121957234452, 0.17935445756745177, 0.1623783091168337, 0.5834998482079143, -0.014483478817819917], [-0.652540780802486, -0.4705831109025227, -0.3118621382613299, -0.388287793072593, -0.46044014612688877, 0.11086711265261887, -0.2066999709188013, -0.08996039405146927, 4.3189434639573365e-05, 0.41751221394722426, 0.44754167807133716, 0.4707304916852033, 0.6361713416740504, 0.15211628156817417, 0.23726926542414498, -0.039951219743555255]], "inverted": true, "swapped": true, "error_lsq": 0.043744152037973105, "error_max": 0.32419961583397955, "target": "879.xyz", "model": "25.xyz", "model_rescale": 4.100010024507729, "target_rescale": 4.420188214784927},
{"mapping": [13, 15, 9, 12, 3, 0, 7, 10, 4, 5, 6, 16], "R": [[0.7203274767510132, 0.6682212028371597, -0.18603427188660338], [-0.09402535875387713, -0.17166040258497142, -0.9806589305643276], [-0.6872318081613539, 0.7238875121614032, -0.06082196632838431]], "T": [-0.1092136707760895, -0.01295160513647848, 0.04133041976909512], "aligned_model": [[-0.5969670148479053, -0.03920769733308342, 0.38162889459390026, 0.538950701416751, -0.38002215891982877, 0.14206906268406366, -0.3116545117138265, 0.5387393412726514, 0.19549878118132852, 0.03274249752335463, -0.5204211302008502, -0.10459116329354856], [-0.38592410630348417, -0.6323647302070908, -0.286464167389132, -0.334893499376656, 0.6707820369782548, 0.5747121452835098, 0.17699369128683645, 0.4390584724206525, -0.2268472273515495, 0.5560264587827571, 0.03784203447433087, 0.07721028145221043], [-0.10836820232269367, 0.17096175957668733, 0.5145383434944931, -0.06661373074474644, 0.3134556395117054, 0.02746832668560223, 0.5991345829616859, -0.2387296477360199, -0.5487730925318247, -0.6004189494929579, -0.4771341737560685, -0.020328565791506097]], "inverted": false, "swapped": true, "error_lsq": 0.04417653071139724, "error_max": 0.26949795986249697, "target": "879.xyz", "model": "26.xyz", "model_rescale": 3.6694154284099745, "target_rescale": 4.420188214784927},
