[{"mapping": [6, 1, 4, 11, 5, 14, 2, 3, 0, 13, 10, 15], "R": [[-0.4236735730006626, 0.5737366406852004, -0.7009471953550525], [-0.05837562897044102, 0.7549278070166392, 0.6532046326652574], [0.9039319606492283, 0.3176637740257926, -0.2863507240929076]], "T": [-0.09354678552360841, -0.07909451136466888, -0.015260580665383841], "aligned_model": [[-0.2707965603274904, 0.22227069467091876, 0.3457299441816567, -0.18558315074563825, -0.10590554405132264, -0.5419407058956757, 0.2604152409473238, -0.19419702255415977, 0.6445450780227981, 0.32214400257402637, -0.5481459191271018, -0.11089359523478667], [-0.3478374393730772, -0.6623306165297191, -0.18389930506331942, 0.7304349189637127, 0.33370391949617434, -0.6975278265510474, -0.22939639347290025, -0.6115809405013781, 0.05123877602548638, 0.3668969958050529, 0.3473431972606116, -0.043490250082539206], [-0.5474478455151535, 0.09295195319075178, -0.594297113407714, -0.046453293000307774, -0.6453627881078595, -0.012059315728273103, 0.559108616707979, 0.5446948332328057, 0.03729756906465016, 0.45041157778925217, 0.31173835015659307, 0.03136920097083871]], "inverted": false, "swapped": true, "error_lsq": 0.040700079352226394, "error_max": 0.1859739004471071, "target": "88.xyz", "model": "0.xyz", "model_rescale": 3.751011558992144, "target_rescale": 4.12896461000914},
{"mapping": [14, 6, 9, 3, 5, 10, 4, 1, 7, 13, 12, 0, 2, 8, 15], "R": [[0.2929996519239303, -0.02748504668957613, 0.9557174143966027], [-0.9230479260413746, -0.268731943501923, 0.2752556425804862], [0.24926638402153783, -0.9628227847065893, -0.10410838125086838]], "T": [0.03790291578526095, -0.028704274577194044, 0.0034586674896981747], "aligned_model": [[0.03750918541084765, 0.042621866514021015, -0.5164324355047705, 0.278485839787423, -0.2252390652418108, -0.574572650100325, 0.44493320416108684, 0.6375797390114687, -0.6047727088362261, 0.1211661053660241, 0.08377740140538764, 0.5601107523696027, 0.42276676931681534, -0.17264211799835105, 0.003794325427840757], [0.013252311766388566, -0.5440547294963854, 0.4225521151753565, 0.5512727162367625, -0.6700727913441135, 0.304665008972131, -0.6229834909310878, 0.08344076462973199, -0.20327723019767843, 0.4042867013779431, -0.350836257246743, -0.012676385021066466, 0.5339109728889532, 0.6217538728101374, 0.017523770206776312], [-0.759277598263432, -0.34475846162580087, -0.4958071481785444, -0.4580268466794034, 0.2983939125499507, 0.0992521659553207, 0.14625206246132375, -0.2783678492092883, -0.27450009763787603, 0.6312674528207158, 0.6597586172115086, 0.5434316354285149, 0.1180171434024596, -0.0604625474797024, 0.02449396409622876]], "inverted": true, "swapped": true, "error_lsq": 0.03600086688832302, "error_max": 0.23423624703932036, "target": "88.xyz", "model": "1.xyz", "model_rescale": 3.9405287249114394, "target_rescale": 4.12896461000914},
{"mapping": [7, 14, 6, 2, 1, 5, 10, 8, 0, 12, 13, 11, 15], "R": [[-0.7569124652505754, 0.13373521451048417, 0.6396861827084678], [-0.3454420629507773, 0.7490374522668711, -0.5653429722264761], [-0.5547551722089735, -0.6488896574159505, -0.5207580161706613]], "T": [-0.014534314143445637, -0.004464149664426181, -0.09557507704740026], "aligned_model": [[-0.3022355848626249, 0.3134229002065888, -0.3112648483405761, 0.56191803336681, 0.4191844523535979, -0.7673308216581906, -0.008049887999573624, 0.47436983941319366, -0.006932995277768805, -0.5190775457618707, 0.1396933660454503, -0.5007145826156754, 0.0030009544145709506], [0.6357348575625934, 0.5650630187287536, 0.27263745907995995, -0.3664309471841882, -0.19485222058945728, -0.02657614700189545, 0.3166833424577984, 0.15803462739847066, -0.7549705058479866, -0.5137841792953124, -0.5459439839393847, -0.08737981925103563, 0.000617091453701148], [0.07218057978730719, -0.48494635394652624, -0.5667748408389336, 0.02468495531252185, -0.5722882000950165, -0.1153880300012495, 0.5307315833758566, 0.35838286215489534, -0.1303767037041163, 0.054865414640197785, 0.4255498855802476, 0.5536824332512185, -0.03718323592775863]], "inverted": true, "swapped": true, "error_lsq": 0.04801272582366346, "error_max": 0.291438027012236, "target": "88.xyz", "model": "2.xyz", "model_rescale": 3.932901565614263, "target_rescale": 4.12896461000914},
{"mapping": [14, 7, 9, 6, 3, 2, 8, 1, 4, 0, 11, 5, 13, 15], "R": [[-0.1510823053128233, -0.44310473818331325, -0.8836471739449296], [0.8684106150346161, 0.36757251901861165, -0.3327964046643424], [0.47226808140775645, -0.8176482338156246, 0.3292631546675501]], "T": [0.04037039049207777, -0.0332281314731717, 0.04597086877703532], "aligned_model": [[-0.3254930964266367, 0.4673827283813453, 0.2930793869698233, -0.1391338884405631, -0.38360921482939914, -0.2332943794892153, 0.20414574829642118, -0.6191424161241059, -0.2568503453617669, -0.15744547767022068, 0.8100323103380203, 0.40308073598201777, 0.2759629203978481, 0.0810949000291355], [0.0035866034127301633, 0.21589200683272633, -0.38867324135447, 0.5134296204543158, -0.5788433017116125, -0.6314714171889425, -0.6563695322975565, -0.15970906170536417, 0.5115934575005067, -0.14312979429005473, -0.0027304813989902713, 0.5920689172454965, -0.533414403828813, -0.07873273331948287], [-0.6235929485631824, -0.479736626327161, -0.7090015165708707, -0.19026427889006448, -0.3142619909957577, 0.2580847806430213, -0.19148093945223266, 0.0716695038561021, 0.43847649505483083, 0.7624338690440813, 0.31331334365317104, 0.25817096631634706, 0.5778239196624462, 0.042261785626366635]], "inverted": true, "swapped": true, "error_lsq": 0.03594244236287381, "error_max": 0.21937235829072677, "target": "88.xyz", "model": "3.xyz", "model_rescale": 3.9243930471874484, "target_rescale": 4.12896461000914},
{"mapping": [14, 7, 3, 1, 2, 6, 4, 8, 13, 11, 0, 12, 15], "R": [[-0.6015981356067621, -0.1228240820942407, 0.7892996440466544], [-0.43484556345049796, -0.7785111279211798, -0.45258121884399016], [0.6700664289321523, -0.6154954659139253, 0.4149413359229389]], "T": [-0.0608752370742693, -0.0879580926406201, -0.14066284794381362], "aligned_model": [[0.05954991147670642, -0.5435410081606966, 0.5987757043769151, 0.41024308208174587, 0.6030866029343553, -0.43362961005194584, -0.3191991009099706, 0.3479706341803967, 0.2648525339980146, -0.49079201504651687, 0.1941884250828249, -0.3684359844931393, -0.045863289157337464], [-0.5923406822979447, -0.01800676367113971, -0.2532823239404166, -0.5503899580392233, 0.057064031032857176, -0.5806449246339351, -0.4977120304376011, 0.29756953304117645, 0.5097586341541673, 0.5957003170506368, 0.010255531028564385, 0.18250089227748817, -0.032642701883042136], [-0.701575593478527, -0.6725550507677358, -0.521124234907931, -0.01488810140197952, -0.014555728804556634, -0.21261694370804654, 0.4112446516663028, -0.5352822061497129, 0.2131647210761255, -0.028572173620437763, 0.5592123811586001, 0.4666767858844008, -0.16205819157553797]], "inverted": true, "swapped": true, "error_lsq": 0.04257608176525996, "error_max": 0.2774165047688591, "target": "88.xyz", "model": "4.xyz", "model_rescale": 3.8936222436046832, "target_rescale": 4.12896461000914},
{"mapping": [4, 0, 5, 6, 11, 13, 2, 8, 14, 1, 7, 15], "R": [[-0.06989848286629355, 0.9856520085789444, 0.15363697496788634], [-0.4307989670145635, 0.10908567828283947, -0.8958306563256018], [-0.8997368793776188, -0.12880385389368343, 0.41699294371722784]], "T": [-0.03541142408089878, 0.004322559603597561, -0.018535024130772702], "aligned_model": [[-0.04135655956367933, -0.5165929193873734, -0.24990451732818306, 0.38861465410275187, -0.6710392354514919, -0.7123640809576847, -0.19868506309725117, -0.09632880519413223, 0.7072498200966724, 0.28326144735782344, 0.20146319752482952, -0.06676989588718424], [-0.4861261061772935, -0.5726388182569764, 0.15038941890584456, -0.021581558111368516, 0.468289603978117, -0.09981023267621227, -0.3200665962598425, 0.29860015066361795, 0.10069911412616385, -0.5393553713064798, 0.6494687715623246, 0.04105452866191224], [-0.5650294503519959, -0.008110966848230615, -0.7258123819050695, -0.47284151824728865, -0.2318269450759614, 0.32707932287470476, 0.5695917829445121, 0.5988795096752291, 0.13210679407129353, 0.21486783810193508, -0.23863847540399682, 0.01901920944038673]], "inverted": true, "swapped": true, "error_lsq": 0.034307499481774466, "error_max": 0.18650505178079527, "target": "88.xyz", "model": "5.xyz", "model_rescale": 3.6523030999806103, "target_rescale": 4.12896461000914},
{"mapping": [9, 14, 1, 8, 2, 7, 4, 10, 5, 12, 0, 13, 15], "R": [[-0.8303643348544617, -0.380441880455785, 0.40713517042497493], [0.45786093263794236, -0.04941094215373287, 0.887649663526886], [-0.3175821748234947, 0.9234839112787763, 0.21521855831603498]], "T": [-0.0033938328637938275, -0.006154016010489892, 0.0692777860391014], "aligned_model": [[0.29418152035474965, -0.05149239205073849, 0.1673497942212168, 0.5941801190523455, 0.6219384082458607, -0.3075397965223695, -0.5059426946628408, 0.23905641949541512, -0.6390617391114137, -0.23542117357629397, 0.15706829419237792, 0.5076912960840323, 0.03907484894195314], [-0.6605993831015119, -0.0663161890126992, 0.5458058380998935, -0.32506642546602305, 0.2875914873595476, -0.628905002954954, 0.5022656797486953, -0.6571146704281513, -0.13877282410096678, 0.13761359689931543, 0.5423926005945029, 0.04781498890904857, -0.04588279238351413], [0.5625693188340404, 0.8292739457662648, 0.4125006304250519, 0.18202166198480324, 0.0479960023106034, 0.27038768504416866, -0.09860744488264642, -0.044326324363771555, -0.3127204338060039, -0.610499599091118, -0.4184488168135627, -0.5003160626047642, 0.050279176678723725]], "inverted": true, "swapped": true, "error_lsq": 0.04792502575357261, "error_max": 0.23542461615037863, "target": "88.xyz", "model": "6.xyz", "model_rescale": 4.08911054899281, "target_rescale": 4.12896461000914},
{"mapping": [9, 3, 8, 7, 5, 12, 10, 13, 6, 14, 4, 1, 0, 2, 15], "R": [[-0.7229502166951511, -0.5586740577867806, 0.4064803578729074], [0.6157351930630446, -0.7878575051034575, 0.012276957105517558], [0.3133897831838956, 0.25915989043100107, 0.9135770328701036]], "T": [-0.05362375451394961, -0.010855088269529072, -0.03042529486887726], "aligned_model": [[0.10184902445161736, 0.386022340511203, 0.49028480279712716, -0.42692427473454486, -0.6071813215629308, -0.13720142532706828, 0.1687977197112312, 0.5627560318450266, -0.6414723899270158, -0.25525847047461964, -0.48272111030508136, 0.0768594428066019, 0.23183749468971168, 0.5792631330586205, -0.010577457740324411], [-0.7434945585726059, -0.5846042949626226, -0.34386194332703485, -0.3397464092057064, 0.4280685056789897, 0.710485353904559, -0.1723182026428832, 0.425781870798701, -0.144944062797885, -0.7204386400108069, 0.41614910344297995, -0.17894033437829954, 0.5869217032085547, -0.022980068037323945, -0.015319206929502976], [-0.47680404350278643, 0.26068549491937976, -0.28494611964586547, -0.5531546426616193, -0.292158315130994, -0.12678839008650633, -0.6784192322399737, -0.16452205053531246, 0.12227590893701251, 0.16797265288748678, 0.38523595639954966, 0.6070199756490264, 0.32412160853267424, 0.24722001707487215, -0.07366878851486336]], "inverted": true, "swapped": true, "error_lsq": 0.040256901031851575, "error_max": 0.23391887201800426, "target": "88.xyz", "model": "7.xyz", "model_rescale": 3.964800864290218, "target_rescale": 4.12896461000914},
{"mapping": [4, 1, 0, 6, 12, 14, 5, 2, 8, 10, 7, 11, 13, 15], "R": [[0.4727664885570954, 0.6878712743394357, -0.550749450509063], [-0.48428142917130074, 0.7249800979451688, 0.4897707167065176], [0.7361815976083593, 0.03517054907240533, 0.6758695790023023]], "T": [-0.015153736008882649, -0.10657182316054674, 0.06059047225251456], "aligned_model": [[-0.23931902044129952, 0.1781503725210848, 0.4726687704052218, -0.5811377394002128, 0.07424437570675071, -0.35442914081166893, -0.474190932948091, 0.6320008807104687, 0.3707682358642216, 0.040026214255951265, -0.5468742067234125, 0.013174227740582297, 0.6591598208163567, 0.01694603176491923], [0.12294933792441669, -0.5787438284447901, 0.19692453087741718, -0.2114309654800196, 0.5748490797854854, -0.7860644026278384, 0.47874386868020175, -0.342538981945718, -0.3494126664157886, 0.03530629237186318, -0.08393419240475684, 0.6036366056786923, 0.24638471954945595, -0.09572093136741834], [-0.5999406459868707, -0.3767904906383895, -0.42360771987535817, -0.17505798852749044, -0.19293790356421803, 0.1424999063919073, -0.0588853326980341, 0.003230652921472829, 0.5740137780629578, 0.7478048243953411, 0.5479605873855822, 0.46006899541664503, 0.15692697092487135, 0.11152940451660501]], "inverted": false, "swapped": true, "error_lsq": 0.04336306089336225, "error_max": 0.2332853649604354, "target": "88.xyz", "model": "8.xyz", "model_rescale": 4.121658175737393, "target_rescale": 4.12896461000914},
{"mapping": [7, 9, 10, 11, 14, 6, 2, 0, 13, 1, 5, 12, 15], "R": [[-0.24437700058866438, -0.9495567080628478, 0.196524654321375], [0.5820972015674877, -0.3057449259911868, -0.7534473360215321], [0.7755273879822605, -0.06972874875897134, 0.6274513304519489]], "T": [-0.09108871347698827, -0.07467590516242123, 0.020296068259156745], "aligned_model": [[-0.5074285144226389, -0.34445821209547506, 0.07982934861797997, 0.30240637207188564, -0.7039723664370803, -0.6560714888262356, 0.3600084094797602, 0.4415360820753788, 0.6752324828115321, -0.18049149055553082, -0.22592404973959124, 0.2897693151562381, -0.05369839170102591], [0.24479274810161478, -0.33225999427708314, 0.08549549145074553, 0.5679754690981642, -0.4972934114161532, 0.08385901723252298, -0.5963536913182563, -0.08821417813826032, -0.08144958638219775, -0.6194379573136324, 0.6453947923678656, 0.4538306279741839, -0.07595188796780436], [-0.47505199134957476, -0.7732029549803244, -0.643458353289981, -0.29105968518656244, -0.15086231628105254, 0.2265111764125829, 0.06659315166294727, 0.5500660808740719, -0.015253281920783339, 0.4035145929089041, 0.19608485604324222, 0.3553051922422447, -0.028111033176625853]], "inverted": true, "swapped": true, "error_lsq": 0.04272314245839563, "error_max": 0.24015248641381848, "target": "88.xyz", "model": "9.xyz", "model_rescale": 3.833441315466971, "target_rescale": 4.12896461000914},
{"mapping": [12, 0, 6, 14, 1, 4, 2, 9, 7, 7, 11, 10, 13, 5, 15], "R": [[-0.4946518080298533, -0.7268560934044477, -0.47644496879872933], [-0.7565479091790317, 0.6299328395563988, -0.17555591350122046], [0.4277322175492896, 0.2736143949598364, -0.8614988757631259]], "T": [-0.1171855802097066, 0.02817252192772427, -0.013261910115922329], "aligned_model": [[0.09936852331928495, -0.0737806677297965, -0.6063354882757979, -0.5726834754386787, -0.5832386821199684, -0.5734623561811858, 0.024200933446865913, 0.12689020983498012, -0.009192353715222645, -0.009192353715222645, 0.5503350615648128, 0.47182444443448524, 0.4530798137708383, -0.11382153460943928, -0.06014705629142319], [-0.6551703291838289, -0.5959989139572869, 0.049013231787815595, 0.6410101000174206, 0.05708463549108548, -0.5340016500445449, 0.05309537429668779, 0.858425024161987, 0.42159189631973565, 0.42159189631973565, -0.23915482574750171, 0.3631499147037741, -0.2852403901920401, -0.4022234114671271, 0.04792898678906614], [0.13756903755021604, -0.42926041508466756, 0.3703545143790411, 0.008621681439747467, -0.4965564202618641, 0.10922523357432314, -0.6894042413050301, 0.09301206094487678, 0.5819921611110165, 0.5819921611110165, 0.37109971437818445, 0.1772508967159303, -0.4196207932246528, 0.6050681788913773, -0.023221862397422407]], "inverted": true, "swapped": true, "error_lsq": 0.04389091669703466, "error_max": 0.32674456927939954, "target": "88.xyz", "model": "10.xyz", "model_rescale": 4.2482417240324, "target_rescale": 4.12896461000914},
{"mapping": [11, 5, 4, 6, 13, 2, 0, 14, 7, 8, 10, 15], "R": [[0.20278570677412255, 0.8858478612210712, 0.41731465813960283], [-0.7252329184761204, -0.1504870221356579, 0.6718562868109157], [0.6579628949163691, -0.43889317941703765, 0.6119294125750743]], "T": [0.09476420051611958, 0.08921258591144982, -0.016314999418765082], "aligned_model": [[-0.6349822244649107, -0.06981354498068984, 0.3350450164618515, 0.5512867335088067, -0.5345030048151214, -0.009755022020093596, -0.14033860981649704, 0.7267034592034698, 0.10518802225249144, -0.14440824429197416, -0.3554816997950002, 0.047824721120674055], [-0.2593125938728934, -0.6300326507085574, -0.28111030880754523, -0.33302322997327216, 0.4463262950777342, 0.7474495821822118, 0.27291566790568816, 0.20730462926013643, -0.3163377890845334, 0.5866823020286963, 0.11171284370629375, 0.11355664233668088], [-0.12015107541156755, 0.13594967325358692, 0.5705048020777644, -0.02926187336354913, 0.23873479563439803, 0.16693219892510378, 0.6732562950663666, -0.4289094296812905, -0.6131307060728058, -0.4247649445373948, -0.556879667170494, -0.04708777886576166]], "inverted": true, "swapped": true, "error_lsq": 0.04903285250187064, "error_max": 0.2847643920057944, "target": "88.xyz", "model": "11.xyz", "model_rescale": 3.6694154284099745, "target_rescale": 4.12896461000914},
{"mapping": [6, 14, 3, 9, 7, 4, 5, 0, 8, 13, 2, 11, 1, 15], "R": [[0.3482642396161944, 0.07253171149926502, 0.9345860956763381], [0.9349747177853716, -0.09849648656537383, -0.34076490317584407], [0.06733718517074427, 0.9924906009435378, -0.10211812048807187]], "T": [0.03839147077123127, -0.017817477409889565, -0.025539465238321103], "aligned_model": [[-0.03740337810726195, -0.018970596200962232, -0.18908726979459534, 0.5866543754561871, 0.6397884699146346, -0.40416574384322546, 0.2697603108962292, -0.43557659695178297, 0.29682786215017576, 0.04236185069126083, -0.28757779151642304, 0.6283106233640701, -0.5704862081628796, 0.07782894236038293], [-0.3705136343848965, 0.29835237882412846, 0.7012498758646246, 0.5562549407307064, -0.11073497162185866, -0.6026418397750366, -0.7345873970207991, -0.17351635125381845, 0.6002453304251798, 0.16097315756869918, 0.48285354151508586, -0.311143806211581, 0.21832065138980294, 0.015875412086016852], [-0.5322189404782264, -0.7185570238455196, -0.2215443045365715, -0.3861431420829253, -0.41342699934919486, -0.06234942679659516, -0.008410033911366646, 0.5362797720622727, 0.1251918575142015, 0.7205007212555407, 0.3220987341763517, 0.4548110678411741, -0.18403786860842755, 0.00690104641170191]], "inverted": false, "swapped": true, "error_lsq": 0.03663581967875725, "error_max": 0.23151582263636175, "target": "88.xyz", "model": "12.xyz", "model_rescale": 3.9764082729961374, "target_rescale": 4.12896461000914},
{"mapping": [4, 3, 14, 11, 7, 0, 2, 1, 13, 10, 12, 9, 4, 6, 8, 15], "R": [[-0.30156730273357457, 0.36817281606938823, -0.879491864333908], [-0.92387074000856, -0.3408017193194939, 0.1741179021953595], [-0.23562686111314313, 0.8650450656563585, 0.4429187472952056]], "T": [0.09645767957994841, 0.1119771523601843, 0.09620356230239657], "aligned_model": [[-0.4248005046001727, -0.024488302693822878, 0.4887430985602501, 0.6121279211353732, -0.5823679509642842, -0.5786557315926538, -0.3954251439220159, 0.14216609149376602, 0.6664592656555658, 0.6023952114178253, 0.5215794630161522, -0.10963402403399827, -0.4248005046001727, 0.2857394828736509, 0.09920399933579446, 0.04829487526039425], [0.5393588080708047, -0.25666020542048673, 0.2429048983310589, -0.30893954142644636, -0.07084279645751584, 0.16109930212004672, -0.4758268721486008, -0.3195070452727058, 0.319757031373298, -0.48134000731335497, 0.1448877569538679, 0.2544727397896209, 0.5393588080708047, 0.7616338636636901, -0.566711622029392, 0.13244718092050453], [-0.15178544464452373, -0.6507382126264996, -0.587739501823196, -0.3367606828903355, -0.18093598477363648, 0.35872371383390034, 0.3171045143626591, 0.5599434748982539, 0.016164447268087495, 0.29152089607742726, 0.5709686582199122, 0.6427567104794637, -0.15178544464452373, -0.2584474804134381, -0.10134856219623406, 0.0021291397217295394]], "inverted": true, "swapped": false, "error_lsq": 0.04629346666102502, "error_max": 0.3322928073432553, "target": "88.xyz", "model": "13.xyz", "model_rescale": 4.170626492500431, "target_rescale": 4.12896461000914},
{"mapping": [1, 14, 4, 6, 0, 11, 5, 3, 2, 9, 8, 7, 13, 15], "R": [[0.5571304217144092, 0.32167097492234065, -0.7655935456185847], [-0.2606067837720033, 0.9430808777122291, 0.2065975855268991], [0.7884730797258315, 0.08441707165048376, 0.6092486853179252]], "T": [-0.06146484536041053, 0.053406699994771836, 0.031526647531403953], "aligned_model": [[0.3500391009742347, -0.09715795467377428, -0.295694883952482, -0.5086484373086556, 0.3022174413780328, -0.36643157706761487, -0.7069254746486006, 0.5059790250605629, 0.6276804299520005, -0.06081338597536929, 0.3389682650138329, -0.5994631439656448, 0.3951610318968412, -0.041727414591720274], [-0.2888707733192542, -0.7069339157963622, 0.1828144455414274, -0.27067339975792626, 0.5399999778460217, 0.7045352911833808, 0.39996966763504727, -0.4539414581596917, 0.1059601758439428, -0.41019908867241134, -0.018734122966914027, -0.1541779892652571, 0.6507867386082528, 0.07553891920541012], [-0.37482987211712254, 0.0958327217557516, -0.6523017817596849, -0.2545895053285577, -0.4106168814284234, 0.4159852625765736, -0.14413997068805334, 0.1983428137800669, 0.041358663131395204, 0.7699409038890213, 0.584663122784199, 0.465387429246722, 0.18380176901141987, 0.08503842626755884]], "inverted": false, "swapped": true, "error_lsq": 0.04404147257255087, "error_max": 0.2865826100504062, "target": "88.xyz", "model": "14.xyz", "model_rescale": 3.9786697098870705, "target_rescale": 4.12896461000914},
{"mapping": [7, 5, 14, 9, 6, 1, 11, 0, 3, 10, 4, 15], "R": [[0.7730030505306403, -0.42439570062091553, -0.47154487926899047], [-0.5814370473702508, -0.1766201149222911, -0.7941890801000739], [0.25376612030704426, 0.8880842439202032, -0.38328727070565727]], "T": [0.02922484665916738, 0.04872923186699286, 0.0727750700518817], "aligned_model": [[-0.05387735167577044, -0.6862472062716444, 0.5558172256772181, 0.5652282120222725, -0.11912158715065149, 0.4217434580084005, -0.5156866760883303, -0.19930724336259562, 0.8034553387451547, 0.0798792660611764, -0.4105365920915733, 0.042007752893679445], [-0.45166121387034064, 0.008106544338429618, 0.11525305554436815, -0.5749043321556564, 0.27901859574779553, 0.5925333047641069, -0.5052212899497459, 0.46745466843228706, 0.10889190737128723, -0.649711686827341, 0.6268864626416942, -0.001971525812445772], [-0.4405203389229401, -0.1596762452602235, -0.47659017138562937, -0.21699714362820538, -0.4856366717212675, 0.11545126591167408, 0.31974030677529675, 0.6532669447080779, 0.13735006972990976, 0.14385393651585016, -0.034814380099311856, 0.10453892125059974]], "inverted": false, "swapped": true, "error_lsq": 0.04852644110844281, "error_max": 0.3101945098364113, "target": "88.xyz", "model": "15.xyz", "model_rescale": 3.769337070930944, "target_rescale": 4.12896461000914},
{"mapping": [7, 14, 11, 10, 5, 6, 12, 1, 13, 8, 15], "R": [[-0.8556280024038869, 0.2613464284998612, -0.4467647768263534], [0.011357901996870812, 0.8724338846051498, 0.48860015867271034], [0.5174666361849466, 0.4129856671885057, -0.749447209036301]], "T": [0.06518382016065537, -0.054309124011299455, 0.056120643786895366], "aligned_model": [[-0.3871114774875166, -0.2792433000671162, -0.029348574575583777, -0.513079189778749, 0.390994885552276, 0.2301696854725998, 0.5633730662870239, 0.29106118710659057, 0.12656806452653713, -0.4938047730641103, 0.023046556719219187], [-0.033592770091976316, -0.7268363542802799, 0.7179906177105163, 0.340933395595678, 0.25421161406060183, -0.4225621797272135, 0.47245633474251053, -0.5598385818838781, 0.5138675160424258, 0.05473519809742778, -0.015300292640470434], [-0.5058122230518197, -0.05614780527419071, -0.18759704468838667, -0.01339938498101216, -0.5490621212563166, -0.41720047352565276, -0.04841993781807494, 0.43695442639121146, 0.5679459022271578, 0.4397246361241905, 0.07723163307667087]], "inverted": false, "swapped": true, "error_lsq": 0.03992137235012035, "error_max": 0.21649342842527194, "target": "88.xyz", "model": "16.xyz", "model_rescale": 3.7852294659196426, "target_rescale": 4.12896461000914},
{"mapping": [6, 12, 11, 5, 4, 0, 2, 13, 7, 14, 1, 8, 15], "R": [[0.6324794689947371, -0.42456008375601595, 0.647856817963059], [0.5838006229802551, -0.28840698918116714, -0.7589454797278393], [0.5090643907287185, 0.8582366479430593, 0.06544694201763604]], "T": [0.06879783273351261, 0.12405402903293801, -0.03324491622626916], "aligned_model": [[0.08853360783829395, -0.3899923566488258, 0.20306029028239284, -0.050494339080641854, -0.507819898667031, -0.6221717172891802, -0.13853269540731486, -0.18625552045015256, 0.681148094020987, 0.46193859889235456, -0.24732539507133564, 0.4620674199745328, 0.09960976182220443], [-0.0439133271958279, -0.3964058786354145, -0.5124620943655472, -0.5977314413350377, -0.12360663967481182, 0.14892428930750723, 0.6539010636598533, 0.14447117133093682, -0.20449217461945585, 0.5350222517210584, 0.6683985667948322, 0.47711007129735383, 0.1258397654174279], [-0.6317939913348772, 0.20177881306663614, 0.4582857476601108, -0.21318709518090753, -0.41456837643131533, 0.26081506920814695, 0.35925466191097716, 0.6900038254018818, -0.22780416168815365, -0.5432180323616689, -0.2685534725924099, 0.40516288166118913, 0.019578827823564335]], "inverted": false, "swapped": true, "error_lsq": 0.038748032464708114, "error_max": 0.20475537873629845, "target": "88.xyz", "model": "17.xyz", "model_rescale": 3.901054581598922, "target_rescale": 4.12896461000914},
{"mapping": [14, 6, 9, 3, 5, 10, 4, 1, 7, 13, 12, 0, 2, 8, 15], "R": [[0.2929996519239303, -0.02748504668957613, 0.9557174143966027], [-0.9230479260413746, -0.268731943501923, 0.2752556425804862], [0.24926638402153783, -0.9628227847065893, -0.10410838125086838]], "T": [0.03790291578526095, -0.028704274577194044, 0.0034586674896981747], "aligned_model": [[0.03750918541084765, 0.042621866514021015, -0.5164324355047705, 0.278485839787423, -0.2252390652418108, -0.574572650100325, 0.44493320416108684, 0.6375797390114687, -0.6047727088362261, 0.1211661053660241, 0.08377740140538764, 0.5601107523696027, 0.42276676931681534, -0.17264211799835105, 0.003794325427840757], [0.013252311766388566, -0.5440547294963854, 0.4225521151753565, 0.5512727162367625, -0.6700727913441135, 0.304665008972131, -0.6229834909310878, 0.08344076462973199, -0.20327723019767843, 0.4042867013779431, -0.350836257246743, -0.012676385021066466, 0.5339109728889532, 0.6217538728101374, 0.017523770206776312], [-0.759277598263432, -0.34475846162580087, -0.4958071481785444, -0.4580268466794034, 0.2983939125499507, 0.0992521659553207, 0.14625206246132375, -0.2783678492092883, -0.27450009763787603, 0.6312674528207158, 0.6597586172115086, 0.5434316354285149, 0.1180171434024596, -0.0604625474797024, 0.02449396409622876]], "inverted": true, "swapped": true, "error_lsq": 0.03600086688832302, "error_max": 0.23423624703932036, "target": "88.xyz", "model": "18.xyz", "model_rescale": 3.9405287249114394, "target_rescale": 4.12896461000914},
{"mapping": [11, 13, 9, 7, 14, 3, 12, 1, 8, 0, 6, 2, 10, 5, 4, 15], "R": [[-0.38996318084582554, 0.3778428919865062, -0.8397401184651592], [0.9174867728017682, 0.2370759489415284, -0.31939476540367817], [0.07840114360392167, -0.8950026499450978, -0.4391167467460675]], "T": [0.031182774022293504, -0.0630359264696702, -0.013288549017309234], "aligned_model": [[-0.21565462679585132, -0.22560944377301842, 0.36286320118455123, 0.5169739342343865, -0.7092338210596089, -0.6360996664842947, -0.2796184079513173, 0.00553943998086507, 0.7675373017579352, 0.5043630363061612, 0.4798998592031216, 0.020425319801635068, -0.503913299063244, 0.46605036268426425, 0.35167868943581065, 0.021335366880255415], [0.4712254651954039, -0.14225330510444018, 0.3048335013431418, -0.22634576203651313, -0.01783432980423376, -0.12445168215996807, -0.5066331062043622, -0.1382467107128084, 0.08561024558214682, -0.3700764035439582, 0.23609615992671734, 0.6518038354006125, 0.4922501883218506, 0.6454085810318653, -0.7168107789064425, -0.028483599103818008], [-0.4290399949958612, -0.6290094347877755, -0.5995223123529531, -0.4959503304007766, -0.23572740232851275, 0.5124403206660345, 0.06895030812836465, 0.6418489795461293, 0.07592176739014851, 0.37977740318271896, 0.5038733482133216, 0.480891251299311, 0.1391370401555762, 0.0028112298972497868, -0.08056290624654323, 0.003930973482613915]], "inverted": false, "swapped": false, "error_lsq": 0.03951230070817625, "error_max": 0.2928010265854782, "target": "88.xyz", "model": "19.xyz", "model_rescale": 4.410303926677745, "target_rescale": 4.12896461000914},
{"mapping": [4, 1, 0, 6, 12, 14, 5, 2, 8, 10, 7, 11, 13, 15], "R": [[0.4727664885570954, 0.6878712743394357, -0.550749450509063], [-0.48428142917130074, 0.7249800979451688, 0.4897707167065176], [0.7361815976083593, 0.03517054907240533, 0.6758695790023023]], "T": [-0.015153736008882649, -0.10657182316054674, 0.06059047225251456], "aligned_model": [[-0.23931902044129952, 0.1781503725210848, 0.4726687704052218, -0.5811377394002128, 0.07424437570675071, -0.35442914081166893, -0.474190932948091, 0.6320008807104687, 0.3707682358642216, 0.040026214255951265, -0.5468742067234125, 0.013174227740582297, 0.6591598208163567, 0.01694603176491923], [0.12294933792441669, -0.5787438284447901, 0.19692453087741718, -0.2114309654800196, 0.5748490797854854, -0.7860644026278384, 0.47874386868020175, -0.342538981945718, -0.3494126664157886, 0.03530629237186318, -0.08393419240475684, 0.6036366056786923, 0.24638471954945595, -0.09572093136741834], [-0.5999406459868707, -0.3767904906383895, -0.42360771987535817, -0.17505798852749044, -0.19293790356421803, 0.1424999063919073, -0.0588853326980341, 0.003230652921472829, 0.5740137780629578, 0.7478048243953411, 0.5479605873855822, 0.46006899541664503, 0.15692697092487135, 0.11152940451660501]], "inverted": false, "swapped": true, "error_lsq": 0.04336306089336225, "error_max": 0.2332853649604354, "target": "88.xyz", "model": "20.xyz", "model_rescale": 4.121658175737393, "target_rescale": 4.12896461000914},
{"mapping": [9, 14, 1, 8, 2, 7, 4, 10, 5, 12, 0, 13, 15], "R": [[-0.8303643348544617, -0.380441880455785, 0.40713517042497493], [0.45786093263794236, -0.04941094215373287, 0.887649663526886], [-0.3175821748234947, 0.9234839112787763, 0.21521855831603498]], "T": [-0.0033938328637938275, -0.006154016010489892, 0.0692777860391014], "aligned_model": [[0.29418152035474965, -0.05149239205073849, 0.1673497942212168, 0.5941801190523455, 0.6219384082458607, -0.3075397965223695, -0.5059426946628408, 0.23905641949541512, -0.6390617391114137, -0.23542117357629397, 0.15706829419237792, 0.5076912960840323, 0.03907484894195314], [-0.6605993831015119, -0.0663161890126992, 0.5458058380998935, -0.32506642546602305, 0.2875914873595476, -0.628905002954954, 0.5022656797486953, -0.6571146704281513, -0.13877282410096678, 0.13761359689931543, 0.5423926005945029, 0.04781498890904857, -0.04588279238351413], [0.5625693188340404, 0.8292739457662648, 0.4125006304250519, 0.18202166198480324, 0.0479960023106034, 0.27038768504416866, -0.09860744488264642, -0.044326324363771555, -0.3127204338060039, -0.610499599091118, -0.4184488168135627, -0.5003160626047642, 0.050279176678723725]], "inverted": true, "swapped": true, "error_lsq": 0.04792502575357261, "error_max": 0.23542461615037863, "target": "88.xyz", "model": "21.xyz", "model_rescale": 4.08911054899281, "target_rescale": 4.12896461000914},
{"mapping": [10, 13, 12, 3, 6, 8, 0, 1, 14, 2, 15, 11, 5, 9, 4, 16], "R": [[0.42825707156062764, -0.22380709285036246, 0.8755034356575565], [0.05255727537135411, 0.973373733297078, 0.2231172519839048], [-0.9021272712116931, -0.04953746579286089, 0.4286168755648405]], "T": [0.029201930241258483, 0.04502028394914939, 0.018398250753798927], "aligned_model": [[-0.39291749325357544, 0.1916783180863803, 0.26359891805552305, 0.7363149318789958, -0.7058565792194033, -0.4805129001007167, -0.3736983008804732, -0.10734263053553302, 0.6160431946166527, 0.4578568772761784, 0.5536915043610872, -0.01750565350421514, -0.27207561090030397, 0.19408439614618692, 0.2406069692820421, 0.02257130503282629], [0.5369032956524372, -0.26514957993680754, 0.2888841324071443, -0.2935008847101528, -0.05406955257361447, 0.15361777926358816, -0.6132917180326203, -0.3111042723017845, 0.2346242963432154, -0.4173440715485168, 0.16866313254267365, 0.4021962502035805, 0.6771770582389184, 0.713328536519682, -0.6093361670790056, 0.004494064236455958], [-0.4622281158981247, -0.5420712354432704, -0.6377709206897708, -0.3553308551222188, -0.05531959321040762, 0.47573772401294717, -0.047753922211904734, 0.7144796142619654, -0.15905663043413365, 0.37014811716595647, 0.5094482996545735, 0.6937772265957487, 0.10406452107891724, -0.16524668804319098, -0.09743667633540799, -0.005670624532632475]], "inverted": false, "swapped": false, "error_lsq": 0.043303561941598186, "error_max": 0.24977353712785455, "target": "88.xyz", "model": "22.xyz", "model_rescale": 4.204369325754507, "target_rescale": 4.12896461000914},
{"mapping": [11, 13, 9, 7, 14, 3, 12, 1, 8, 0, 6, 2, 10, 5, 4, 15], "R": [[-0.38996318084582554, 0.3778428919865062, -0.8397401184651592], [0.9174867728017682, 0.2370759489415284, -0.31939476540367817], [0.07840114360392167, -0.8950026499450978, -0.4391167467460675]], "T": [0.031182774022293504, -0.0630359264696702, -0.013288549017309234], "aligned_model": [[-0.21565462679585132, -0.22560944377301842, 0.36286320118455123, 0.5169739342343865, -0.7092338210596089, -0.6360996664842947, -0.2796184079513173, 0.00553943998086507, 0.7675373017579352, 0.5043630363061612, 0.4798998592031216, 0.020425319801635068, -0.503913299063244, 0.46605036268426425, 0.35167868943581065, 0.021335366880255415], [0.4712254651954039, -0.14225330510444018, 0.3048335013431418, -0.22634576203651313, -0.01783432980423376, -0.12445168215996807, -0.5066331062043622, -0.1382467107128084, 0.08561024558214682, -0.3700764035439582, 0.23609615992671734, 0.6518038354006125, 0.4922501883218506, 0.6454085810318653, -0.7168107789064425, -0.028483599103818008], [-0.4290399949958612, -0.6290094347877755, -0.5995223123529531, -0.4959503304007766, -0.23572740232851275, 0.5124403206660345, 0.06895030812836465, 0.6418489795461293, 0.07592176739014851, 0.37977740318271896, 0.5038733482133216, 0.480891251299311, 0.1391370401555762, 0.0028112298972497868, -0.08056290624654323, 0.003930973482613915]], "inverted": false, "swapped": false, "error_lsq": 0.03951230070817625, "error_max": 0.2928010265854782, "target": "88.xyz", "model": "23.xyz", "model_rescale": 4.410303926677745, "target_rescale": 4.12896461000914},
{"mapping": [14, 13, 6, 12, 11, 10, 1, 3, 5, 2, 4, 8, 9, 15, 0, 16], "R": [[0.9985677846157655, 0.013784115364538135, 0.05169504513181283], [0.049344818981262736, 0.13611418875407366, -0.9894634993063298], [-0.020675308154159973, 0.9905972571047419, 0.13523906924144738]], "T": [-0.027736260329850583, 0.03956501159046577, -0.05810152867783721], "aligned_model": [[-0.2666786097066792, 0.0095764413970338, 0.3925138394626467, 0.5708064835625264, -0.650687872340999, -0.38883631998588863, -0.4879297362210129, 0.09638479299837086, 0.5870129704190976, 0.6051795410887271, 0.31253012069110037, -0.001023011250396371, -0.3522922811018727, 0.17068452050181723, 0.3526783422054307, -0.023381975378250354], [0.4739247593600774, -0.03521852757125621, 0.32348311825975484, -0.3122218950518645, 0.053023722583265785, 0.13312776683086713, -0.6274278662431743, -0.4781718035711293, 0.16445146746986386, -0.3753977254715094, 0.11798925685306123, 0.559777084351158, 0.5561657688815832, 0.7188889991860152, -0.6109061587842781, -0.04539566785724121], [-0.5189574206944595, -0.7560999587544562, -0.6243863087042123, -0.46327851572485934, -0.16977802039335807, 0.4754120175642857, 0.22417106162583858, 0.6670146957862707, -0.012398248058254652, 0.45191559490047345, 0.5351545717484861, 0.5778013482869532, 0.08404990668339649, -0.15009231324989294, -0.007526853440100241, 0.026768683272935696]], "inverted": true, "swapped": false, "error_lsq": 0.035462410210400995, "error_max": 0.22609619777315787, "target": "88.xyz", "model": "24.xyz", "model_rescale": 4.28219845311461, "target_rescale": 4.12896461000914},
{"mapping": [3, 4, 1, 0, 7, 12, 13, 14, 8, 6, 10, 11, 9, 5, 2, 15], "R": [[-0.8833177597366049, 0.3216964815573922, -0.3409708331917851], [-0.42230204069477756, -0.8618336800079733, 0.28089801428443845], [-0.20349624507329903, 0.3921148833664804, 0.8971260761362136]], "T": [-0.006933791022248677, 0.033520401798423735, 0.008467810108614677], "aligned_model": [[-0.1421115579794243, -0.10199109715905333, 0.3541909189442093, 0.5127459123803135, -0.6937361353270802, -0.4628347193124889, -0.4678375965927269, 0.13958844506028886, 0.6093436662532282, 0.8060278021077704, 0.49988514394004513, -0.03740220854381982, -0.48235338148360685, 0.26119250963767193, 0.09628021981558701, 0.03554932460073774], [0.41852852787948935, -0.2765480313666536, 0.33632495754346153, -0.41095976115503563, 0.007174242892209984, 0.017108277794000884, -0.32565010608588185, -0.33028815934978417, 0.34071273336162344, -0.31920088518522544, 0.15346262657995768, 0.30230004103271046, 0.5133690226734334, 0.8410528415164141, -0.641712196642354, -0.009581832263172718], [-0.649970538586115, -0.6468719859745163, -0.4248631762267305, -0.4364193246211922, -0.35643549971263244, 0.6219047555258147, 0.11561576955621838, 0.6613990393075807, 0.09667792297364805, 0.1724137669514751, 0.6071774632010134, 0.48102071964934784, 0.03286448875090496, 0.04424946199442743, 0.05524205898127764, -0.034234680921475705]], "inverted": false, "swapped": false, "error_lsq": 0.045337939092269484, "error_max": 0.27435334271107004, "target": "88.xyz", "model": "25.xyz", "model_rescale": 4.100010024507729, "target_rescale": 4.12896461000914},
{"mapping": [11, 5, 4, 6, 13, 2, 0, 14, 7, 8, 10, 15], "R": [[0.20278570677412255, 0.8858478612210712, 0.41731465813960283], [-0.7252329184761204, -0.1504870221356579, 0.6718562868109157], [0.6579628949163691, -0.43889317941703765, 0.6119294125750743]], "T": [0.09476420051611958, 0.08921258591144982, -0.016314999418765082], "aligned_model": [[-0.6349822244649107, -0.06981354498068984, 0.3350450164618515, 0.5512867335088067, -0.5345030048151214, -0.009755022020093596, -0.14033860981649704, 0.7267034592034698, 0.10518802225249144, -0.14440824429197416, -0.3554816997950002, 0.047824721120674055], [-0.2593125938728934, -0.6300326507085574, -0.28111030880754523, -0.33302322997327216, 0.4463262950777342, 0.7474495821822118, 0.27291566790568816, 0.20730462926013643, -0.3163377890845334, 0.5866823020286963, 0.11171284370629375, 0.11355664233668088], [-0.12015107541156755, 0.13594967325358692, 0.5705048020777644, -0.02926187336354913, 0.23873479563439803, 0.16693219892510378, 0.6732562950663666, -0.4289094296812905, -0.6131307060728058, -0.4247649445373948, -0.556879667170494, -0.04708777886576166]], "inverted": true, "swapped": true, "error_lsq": 0.04903285250187064, "error_max": 0.2847643920057944, "target": "88.xyz", "model": "26.xyz", "model_rescale": 3.6694154284099745, "target_rescale": 4.12896461000914},
