[{"mapping": [5, 10, 4, 2, 0, 9, 3, 8, 7, 6, 1, 11], "R": [[0.18518459101228862, 0.5214542854358963, 0.8329418319739683], [-0.1860033032117286, -0.8136813743141503, 0.5507498454730257], [0.9649401216893914, -0.2569203170143901, -0.05368903295169464]], "T": [0.038643900499500033, -0.016314771644583573, -0.013704947539103823], "aligned_model": [[-0.36643574286198954, 0.31895558444956307, -0.3379445912835951, -0.532968964988068, -0.5643728339676255, 0.6411471108617374, 0.3344709251814759, 0.2244399422736441, 0.2502671240618406, 0.4452410434142071, -0.30000561849081664, -0.02110584915670745], [0.5517957475553579, 0.14698385625663013, -0.7076645792023345, -0.16068380656633668, 0.023548730836985318, -0.09391894803612273, -0.5656286298614314, -0.2684983306186274, 0.889864224160911, 0.40148653949043517, 0.47825539910144726, 0.009196110107660038], [-0.4629790877234798, -0.6107981261398359, -0.1941627492267311, 0.5350814948510816, -0.14626856669612398, 0.00429221161876478, -0.3048632746150367, 0.5385511290553106, -0.1888007746625441, 0.41673124429705344, 0.36391577357511684, -0.03843181989178768]], "inverted": false, "swapped": false, "error_lsq": 0.05410486708911933, "error_max": 0.3956529198517705, "target": "880.xyz", "model": "0.xyz", "model_rescale": 3.751011558992144, "target_rescale": 3.768217346214386},
{"mapping": [0, 12, 6, 4, 1, 9, 11, 10, 13, 5, 8, 14], "R": [[0.012443982399037297, 0.7405714985481189, 0.6718623392036842], [-0.5906421253827436, 0.5476118002648016, -0.5926746121896052], [-0.8068376708021312, -0.38945496754944203, 0.44422719550434453]], "T": [-0.03302232608727139, 0.1436085170279136, -0.04140308963674645], "aligned_model": [[-0.539586128637424, 0.35667671276049284, -0.2972926854342844, -0.4431952576722684, -0.7098348271467172, 0.6064551384571201, 0.3427489831979238, 0.2514680217322195, 0.5160353425930971, 0.32121357443759957, -0.3247752131316673, 0.011774468337574402], [0.5399362408611628, 0.04887461584644748, -0.5242272244020592, -0.17489676089742462, 0.010951305871462924, 0.054133465245043866, -0.5126307336726548, -0.3930302816407251, 0.5971616669225612, 0.4743102350430046, 0.45657096800029656, 0.12758281604745847], [-0.4436741024708447, -0.6668111573535613, -0.26022343811791515, 0.5551591653194993, -0.14146533113516002, 0.08994533548751381, -0.29611264557197825, 0.5095395479308013, -0.18397733339942945, 0.3526011584073849, 0.4658966337245932, -0.06861037837911536]], "inverted": false, "swapped": false, "error_lsq": 0.04570822787814791, "error_max": 0.2655606139866346, "target": "880.xyz", "model": "1.xyz", "model_rescale": 3.9405287249114394, "target_rescale": 3.768217346214386},
{"mapping": [3, 6, 5, 9, 11, 1, 0, 2, 7, 4, 8, 12], "R": [[0.43174902854144476, 0.7374669436572688, -0.5193604561057048], [0.8936849095336651, -0.4277183076395843, 0.13558883354367812], [-0.12214769267294417, -0.5226849493937404, -0.843730042639196]], "T": [0.0002394716649403439, 0.10496565674072864, -0.022772479549879515], "aligned_model": [[-0.16357774600767802, 0.019911779924275536, -0.19317867890629703, -0.7003309527130958, -0.5391970886538304, 0.7790732694572978, 0.33745158878946957, 0.23178913774808116, 0.37642335456966425, 0.28761670449676036, -0.38038483228861986, 0.03609159307763806], [0.6375080690696755, 0.0822802783490494, -0.5910884428734284, -0.03496217818413552, -0.21594123974273524, 0.01092037766860414, -0.5261296404945374, -0.40045256273889807, 0.6668271241234782, 0.5883526049120398, 0.41783494854709, 0.06958697458837171], [-0.15068720440108366, -0.5654086995761507, 0.05580480607819685, 0.3513964510016533, -0.3598796586754319, 0.08585409757950171, -0.45973552392297434, 0.3710635308357134, -0.4371481917596681, 0.39609158702824376, 0.5754981244364908, 0.04941813581729716]], "inverted": false, "swapped": false, "error_lsq": 0.055198904041634765, "error_max": 0.4084393290585218, "target": "880.xyz", "model": "2.xyz", "model_rescale": 3.932901565614263, "target_rescale": 3.768217346214386},
{"mapping": [8, 7, 0, 1, 3, 5, 4, 6, 9, 12, 10, 13], "R": [[0.25862127190061335, 0.8951742456415013, -0.36301254477039563], [-0.1678952079005107, -0.3284220534175035, -0.9294891898204491], [-0.9512761096992575, 0.3013337431639542, 0.06535853690411672]], "T": [-0.12514691231256875, 0.06506060861129162, -0.02437903237492787], "aligned_model": [[-0.3534041404428151, 0.2197377585925328, -0.36595441131686435, -0.5794705299883112, -0.5379581045274084, 0.5915893862291428, 0.3542211613739567, 0.28300923558808677, 0.3256117576422655, 0.36523651103129623, -0.1676455139069814, -0.04328498078123462], [0.6097868061321363, 0.049703279018246144, -0.5351971555253581, -0.30711054126076287, 0.04521173768353563, 0.10115923581296452, -0.6390526047724968, -0.11498598331678436, 0.5932201030461131, 0.4631936157297927, 0.33476868743988497, 0.10403913323730296], [-0.4602215877463455, -0.6493280411345168, -0.1994581406659327, 0.42711549310361235, -0.32417633053866235, 0.01787795665112562, -0.21843375972317122, 0.49300288105821655, -0.264497980581328, 0.40474101715884364, 0.6378874256148612, 0.04775852124508526]], "inverted": true, "swapped": false, "error_lsq": 0.0498557909579933, "error_max": 0.25279175483783156, "target": "880.xyz", "model": "3.xyz", "model_rescale": 3.9243930471874484, "target_rescale": 3.768217346214386},
{"mapping": [1, 0, 6, 11, 5, 4, 3, 10, 7, 8, 9, 12], "R": [[0.9890099703320003, 0.14768561047050577, -0.006945433309010596], [-0.11374000735651782, 0.729991900664996, -0.6739250964981538], [-0.09445892922553771, 0.6673086133292905, 0.7387670304406554]], "T": [0.03901501478918811, 0.05529894046587583, 0.05577521157464264], "aligned_model": [[-0.22950079942901785, -0.045256901083851116, -0.2648950574902793, -0.5316318373390299, -0.5420861005062072, 0.6271584399064466, 0.33430144613118445, 0.3090739859065024, 0.4764719053836525, 0.322638135698762, -0.3309901324257308, -0.03359495525876611], [0.5900959083753873, 0.04092085249909996, -0.5896480801377797, -0.19030927776121, -0.07494116858297342, 0.10561889032854188, -0.43584861472834036, -0.33726844735328687, 0.6561000074069302, 0.4132889952770227, 0.47500099861941336, 0.05172624928176929], [-0.33416293815171016, -0.7904008151137165, -0.059109614744011406, 0.5458495474493035, -0.41218002941777804, -0.006854522396010913, -0.297117651567596, 0.5754738912524046, -0.24520370088616392, 0.48906196980532357, 0.4854655246991363, -0.038554206487393126]], "inverted": false, "swapped": false, "error_lsq": 0.042086812571422556, "error_max": 0.2505245883370592, "target": "880.xyz", "model": "4.xyz", "model_rescale": 3.8936222436046832, "target_rescale": 3.768217346214386},
{"mapping": [8, 10, 2, 0, 3, 5, 4, 1, 7, 6, 9, 11], "R": [[0.7461211889944257, -0.27768126084988565, -0.605141544356659], [-0.6168460453102835, 0.05380621924318238, -0.7852425403375816], [0.25060751728271924, 0.9591652663350423, -0.13114062733500723]], "T": [-0.02596319528361206, 0.13214410708881705, -0.049922227126913125], "aligned_model": [[-0.43230841879135345, -0.03883559854967816, -0.20065566174585509, -0.6454608021764093, -0.5815104578198776, 0.748981301540777, 0.46108678115822044, 0.12023875481270631, 0.39204222088766116, 0.47449085612554015, -0.3259390958602027, 0.11955824991213744], [0.6830487039375062, 0.015963697727441578, -0.5761939479726113, -0.29163760829099517, 0.04048561416829963, -0.007563487382410278, -0.4254974960090476, -0.3072856716030078, 0.5317396845456991, 0.5374811572906739, 0.4502857053926027, 0.05390996142042344], [-0.3278619882879442, -0.6710533028265947, -0.2077138835516219, 0.4184260212319997, -0.16502214930407924, 0.14272686302282273, -0.3370507033345244, 0.6047801682772399, -0.3420563982134822, 0.41896608182260453, 0.3869259459529725, -0.008799200347604563]], "inverted": true, "swapped": false, "error_lsq": 0.04697200819566394, "error_max": 0.23508880800934498, "target": "880.xyz", "model": "5.xyz", "model_rescale": 3.6523030999806103, "target_rescale": 3.768217346214386},
{"mapping": [11, 9, 5, 3, 7, 6, 8, 1, 10, 2, 3, 12], "R": [[0.6178509531607494, -0.7771202204899328, -0.1197679530760712], [-0.7230602687555243, -0.6213800021184401, 0.30177929139435133], [-0.3089402004038043, -0.09985517449269246, -0.9458249820667096]], "T": [0.07043544785115863, 0.03692097610083524, -0.02133505266452078], "aligned_model": [[-0.46168531205248553, 0.06444890372627365, -0.1748119843542838, -0.46248863613002367, -0.5864732081888084, 0.718314143396725, 0.3638868729776955, 0.2486096507959481, 0.5173264406788076, 0.348413296750841, -0.46248863613002367, -0.02136340197699975], [0.6335633055660165, 0.11205587456182219, -0.5984751610625637, 0.14977055819060792, -0.003626207738468376, -0.014286111120343739, -0.45499153565544453, -0.25915288385142876, 0.5931585686360771, 0.4030136825032914, 0.14977055819060792, -0.006064334995599253], [-0.3893492245531986, -0.7403495055813866, -0.02671797577492492, 0.40982338165279736, -0.20476079567691796, -0.00535093089923043, -0.37575210154242594, 0.5811341074187144, -0.33686828838955485, 0.5827477893771554, 0.40982338165279736, 0.007887616757962759]], "inverted": true, "swapped": false, "error_lsq": 0.053025125402417085, "error_max": 0.4093463926901495, "target": "880.xyz", "model": "6.xyz", "model_rescale": 4.08911054899281, "target_rescale": 3.768217346214386},
{"mapping": [3, 8, 5, 7, 6, 11, 10, 12, 9, 1, 2, 14], "R": [[-0.17181772451631688, -0.23655302511672338, 0.9563060889956533], [0.06761538064356645, -0.9712847487787614, -0.22810983558409825], [0.9828055910720396, 0.02546768732935048, 0.1828785582282237]], "T": [-0.011222733631931676, 0.03666067546207545, 0.007821848833515464], "aligned_model": [[-0.36139931462203523, 0.20749815101286126, -0.3172201817914758, -0.5761664631143447, -0.46980366044259436, 0.5671037343659321, 0.40173806102272686, 0.2812203296807505, 0.41336451182895506, 0.23661293155945665, -0.39905256278842954, 0.1077925927818633], [0.5043534499559107, 0.052346324358553256, -0.6489034997182367, -0.2495656362571415, 0.23371824212967834, -0.011895348747437653, -0.46658157400333905, -0.5279299440050846, 0.6116141227469648, 0.6314203563641125, 0.4287928678889404, 0.14736695251165352], [-0.5261175363761857, -0.6379831591401605, -0.12205714489724029, 0.4530207319583126, 0.003972766086631337, 0.09563911298606012, -0.3011854632695574, 0.3298721634447269, -0.3142208693809307, 0.3582279901721687, 0.5960054176028211, -0.022906554744858542]], "inverted": false, "swapped": false, "error_lsq": 0.05009185452668303, "error_max": 0.3762699827397704, "target": "880.xyz", "model": "7.xyz", "model_rescale": 3.964800864290218, "target_rescale": 3.768217346214386},
{"mapping": [11, 9, 5, 3, 10, 7, 8, 1, 12, 2, 6, 13], "R": [[-0.9571430662298783, 0.22836600956478273, 0.17811826532819253], [-0.21966578111193527, -0.9732444640634295, 0.06739553233242696], [0.18874346446049511, 0.02538067858323368, 0.9816983883953891]], "T": [-0.007938683399348745, 0.1252857531531134, 0.1374511959311465], "aligned_model": [[-0.3389528021405466, 0.013406509959822363, -0.28653973162951357, -0.5775295493774272, -0.5441343470735606, 0.6966713414645921, 0.27784505338743476, 0.46398888324860305, 0.44613250712532476, 0.3784507255851908, -0.4343005954211094, -0.0033498656351446544], [0.70818315968754, 0.12808134465325344, -0.6340058770301642, -0.1117762891900306, -0.1728090505583464, 0.0463054555949859, -0.37128560881632194, -0.35817143966684273, 0.48670874777349854, 0.4245927743388185, 0.483276959746598, 0.07563613669158609], [-0.350189646434531, -0.5505846273929287, -0.07451200659951626, 0.5186736102470508, -0.4091452834431991, 0.07310843860307542, -0.3751910961861573, 0.46406014516675054, -0.3461475118666598, 0.5843597541929122, 0.3004347507992007, 0.07740092735579082]], "inverted": true, "swapped": false, "error_lsq": 0.045490242134448904, "error_max": 0.30426066121564993, "target": "880.xyz", "model": "8.xyz", "model_rescale": 4.121658175737393, "target_rescale": 3.768217346214386},
{"mapping": [11, 8, 9, 5, 7, 1, 6, 4, 2, 0, 10, 12], "R": [[0.027688838846231023, 0.3663844657814651, 0.9300514778426934], [-0.2321069166031936, -0.9026227717312704, 0.3624893256595526], [0.9722961007163948, -0.22590828932597729, 0.06004779217843864]], "T": [-0.03933892226022879, 0.13265344442998284, -0.04802791262784009], "aligned_model": [[-0.442720988179469, 0.05267470159124046, -0.18113293330749497, -0.36930317685318703, -0.6083782821056786, 0.6206046297403217, 0.2654241535092473, 0.3251523789748369, 0.5015069055462285, 0.32301943873138655, -0.4385181859212354, 0.04335948776746953], [0.519195162612864, 0.16164585763007175, -0.6877441855018819, -0.005986474807182979, -0.10930518305387305, 0.016438486487593162, -0.3518074232864663, -0.4305450504517393, 0.523543901711274, 0.33509918862823257, 0.6210436349988391, 0.11315839825684335], [-0.3495249831815287, -0.7700017838516228, -0.04237068112700039, 0.4555795433938138, -0.31795593978696013, 0.11290781192353502, -0.4386673696632588, 0.5334198188198422, -0.24047762504554385, 0.6202058653254786, 0.37459694207729644, -0.025444144442263335]], "inverted": true, "swapped": false, "error_lsq": 0.04995057118808191, "error_max": 0.26749894251313666, "target": "880.xyz", "model": "9.xyz", "model_rescale": 3.833441315466971, "target_rescale": 3.768217346214386},
{"mapping": [10, 0, 6, 7, 12, 5, 1, 4, 13, 2, 9, 14], "R": [[-0.7971522611331845, -0.5997138070534855, 0.06994013296860213], [0.08745767326507647, -7.49412040860209e-05, 0.9961682336688291], [-0.5974106024815011, 0.8002145612354417, 0.052509313740128016]], "T": [-0.11878796149710158, 0.04644981624466121, 0.008644764397047922], "aligned_model": [[-0.44436489665346296, 0.2060417601283696, -0.11634869654655022, -0.5872872449453197, -0.43133017352410896, 0.5569254053172206, 0.19824311523104982, 0.27205256380714593, 0.4652893492543857, 0.3065326269581091, -0.21451277178966457, -0.11955290774350827], [0.579388450485208, 0.1939926144217687, -0.6326615303809195, 0.011739898967137015, -0.27827838904309227, 0.017826050503774827, -0.36948871056922566, -0.4973863807274091, 0.5617942877212383, 0.46894066034450577, 0.568356438623314, 0.08051292287827408], [-0.5258926196537599, -0.5714756854738856, 0.014248059481779936, 0.48110388414489397, -0.39121648116525015, 0.01387232695283383, -0.512982852983692, 0.4415401960350985, -0.16153253196910244, 0.405197583849323, 0.622126927743688, 0.09727864747986083]], "inverted": false, "swapped": false, "error_lsq": 0.05128801152466325, "error_max": 0.329263845688893, "target": "880.xyz", "model": "10.xyz", "model_rescale": 4.2482417240324, "target_rescale": 3.768217346214386},
{"mapping": [3, 8, 9, 5, 7, 0, 10, 4, 1, 6, 2, 11], "R": [[-0.8932421647483823, -0.44869898294259, 0.028065242238573478], [0.3888281674185154, -0.739701770099832, 0.5492303228456481], [-0.22567917789991915, 0.5015082392318806, 0.8351996136523029]], "T": [0.024392119192602313, 0.12368345546493995, -0.007205261008384809], "aligned_model": [[-0.42979133170224354, 0.050738158649805264, -0.22457142026289487, -0.3841986593816302, -0.6122843599705399, 0.780073940411319, 0.326144635769772, 0.21867926849285116, 0.4309145078406938, 0.18568194075433606, -0.2564874133517624, 0.006788862243959439], [0.5683370039170663, 0.12547595585982105, -0.6390178851559201, -0.19324149105734315, -0.037710223572154616, 0.07224986398445589, -0.34820668715323655, -0.4966961918460817, 0.6509273817427794, 0.2389953781760862, 0.7596377863322239, 0.003985421996877861], [-0.5112610527952934, -0.6205245107487367, -0.19592389595427495, 0.5375867399034133, -0.17198204317944304, -0.018997066673107764, -0.32543077000104026, 0.5786455536631331, -0.24363694985144185, 0.6101851277119282, 0.24661763715780122, 0.026988685208850085]], "inverted": false, "swapped": false, "error_lsq": 0.057736294245471505, "error_max": 0.4393735866090606, "target": "880.xyz", "model": "11.xyz", "model_rescale": 3.6694154284099745, "target_rescale": 3.768217346214386},
{"mapping": [11, 4, 0, 5, 6, 2, 1, 12, 8, 10, 7, 13], "R": [[0.07875474653262049, -0.9681563410760512, 0.23763625382675863], [-0.31793259830539133, -0.25032142280762765, -0.9144714583946006], [0.9448367863463856, -0.003533343713518322, -0.32752246128904916]], "T": [-0.007816749681183031, 0.11772789068533689, 0.0037345203338903362], "aligned_model": [[-0.280899320226637, -0.05608561988885793, -0.24618404278476294, -0.5655172020403394, -0.5550875633253182, 0.6443194738977394, 0.5281108888056539, 0.23914479456528268, 0.45631847364703554, 0.29810248277737456, -0.3568366605281315, -0.013697575405373232], [0.6323863517007355, -0.07956073132136963, -0.5329592775264111, -0.22267439745975326, 0.08469925628985972, 0.08640028096851375, -0.4708528512588927, -0.2748114093783102, 0.6255788745000425, 0.38153609610279265, 0.4672952770178283, 0.007698843589538887], [-0.4496761401899034, -0.7079015984416125, -0.17097983834480193, 0.4702827816538326, -0.13504083517610768, -0.003371825982539379, -0.2840636218072019, 0.5004148942519986, -0.31132694036162223, 0.49398694641134566, 0.5588498801597583, -0.048906247731357946]], "inverted": true, "swapped": false, "error_lsq": 0.03790622691926018, "error_max": 0.22950231290564824, "target": "880.xyz", "model": "12.xyz", "model_rescale": 3.9764082729961374, "target_rescale": 3.768217346214386},
{"mapping": [7, 3, 6, 5, 4, 11, 14, 13, 8, 1, 9, 15], "R": [[-0.41344517454705715, -0.3520824425938185, 0.8397029482268861], [-0.7428332088977028, -0.40288771448709276, -0.5346777658310745], [0.5265566554536139, -0.8448191777726982, -0.0949665491895264]], "T": [0.0019107970899892648, 0.1269489909221115, 0.12342564338387235], "aligned_model": [[-0.3386045121686318, 0.27400628533789656, -0.2200161086079896, -0.7071336639458501, -0.6217758500207142, 0.7294545519563277, 0.32138976232429894, 0.30419479935003496, 0.4764076035011826, 0.23915584790315947, -0.3337271858744805, -0.03166340026156781], [0.5173747929131892, 0.15578969265640535, -0.596467060365199, -0.11940672938080957, -0.002430909803593506, -0.024740509642137032, -0.46347559533146687, -0.36885144944859205, 0.5401685713308106, 0.6074643748906491, 0.3596209850258697, 0.09969015037944841], [-0.4267113543022673, -0.6725490462339685, 0.018180828944264843, 0.4967736274190661, -0.20844711729895865, -0.15624394545797687, -0.31032548145060573, 0.3165236793468623, -0.19868489000643164, 0.46422225412878704, 0.5646852201286103, 0.024843679224406154]], "inverted": false, "swapped": false, "error_lsq": 0.046003331156017534, "error_max": 0.2624605822012013, "target": "880.xyz", "model": "13.xyz", "model_rescale": 4.170626492500431, "target_rescale": 3.768217346214386},
{"mapping": [9, 11, 6, 2, 3, 12, 5, 4, 10, 8, 0, 13], "R": [[0.5428739655602951, 0.6885943204490772, 0.48075536332121466], [0.5768577451295147, -0.7217880306739503, 0.3824358516926889], [0.6103466223392502, 0.06971298746355761, -0.7890608975091685]], "T": [-0.0799421010107034, 0.1654639640008897, 0.08168843691130934], "aligned_model": [[-0.19444197600042792, -0.029596880904674522, -0.20598568276223994, -0.45880490734019697, -0.6598481820560954, 0.6338058757945749, 0.40639027935073435, 0.274477990209702, 0.28215010194096624, 0.4855254856244138, -0.38204990846834175, -0.05993406589474867], [0.6522846561900666, -0.0007133887008633488, -0.6032707091532759, -0.1981466848714587, -0.008837952217941702, 0.04077543491659047, -0.4757556344368421, -0.19906340324901522, 0.533832943012721, 0.432355565902453, 0.4274306267256091, 0.10384485910653096], [-0.5556512140972141, -0.6035196317748803, -0.23556427752922804, 0.47815084022732945, -0.24816211045658904, -0.021862118409936654, -0.3420308932443474, 0.5762279480306869, -0.1452957846509328, 0.4824022675989923, 0.5243652341594756, 0.003207194588432341]], "inverted": false, "swapped": false, "error_lsq": 0.04489935859778681, "error_max": 0.28873256586872564, "target": "880.xyz", "model": "14.xyz", "model_rescale": 3.9786697098870705, "target_rescale": 3.768217346214386},
{"mapping": [5, 7, 9, 3, 8, 1, 6, 0, 10, 4, 2, 11], "R": [[-0.9697484547211128, 0.10695983081911895, -0.21942545239137448], [0.17248298230192416, 0.9363173026237042, -0.30587502288304785], [0.17273550701071286, -0.33446898720003376, -0.9264410079541685]], "T": [0.04035324299078454, 0.04196817794109417, -0.04011148909728754], "aligned_model": [[-0.38579951904214094, 0.04378261025108315, -0.18140243095999395, -0.626173896224885, -0.46991930668789234, 0.706571443782264, 0.39764609980506477, 0.14338917931739037, 0.6437309687202355, 0.19851268346909073, -0.4472743366264738, 0.06862463368992361], [0.6919021620747927, 0.13307357184867719, -0.5395853655460637, -0.38968983245254507, 0.1303108051732938, -0.06519286173942962, -0.5382501293396019, -0.16279382531371034, 0.5123985397270118, 0.5755360990066178, 0.40697268237906736, -0.049945532593535666], [-0.2417032235750524, -0.6947595258558458, -0.03426639051891783, 0.42309706766158517, -0.10371676623786383, 0.03297689576032996, -0.44389883556784016, 0.6165936988882516, -0.36714601831463667, 0.21524237339269278, 0.5786279323101714, -0.06877975350108635]], "inverted": false, "swapped": false, "error_lsq": 0.06107424659118452, "error_max": 0.3167539521684479, "target": "880.xyz", "model": "15.xyz", "model_rescale": 3.769337070930944, "target_rescale": 3.768217346214386},
{"mapping": [5, 8, 7, 9, 6, 1, 2, 0, 3, 10, 11], "R": [[-0.5010621778014268, -0.5942498268349191, -0.6291294280857955], [-0.06798995290058424, -0.6976937104086365, 0.7131625710599274], [-0.8627363793659497, 0.4001132711656767, 0.30918491223802286]], "T": [0.07207394302359707, 0.09593963839259041, -0.0010561335194737287], "aligned_model": [[-0.27951078226769743, -0.3287480518052721, -0.17140457350581115, -0.6889031639124577, 0.4237792412906959, 0.370036700579916, 0.6639134417476824, 0.1894878541134656, 0.1448507763264991, -0.4238906489225638, 0.0230153370467137], [0.07685669079355376, -0.597686070136806, 0.6595980516700176, 0.088277499998159, 0.10973659519236957, -0.35522967433309344, 0.4439008179099487, -0.682106993545822, 0.5626275528730997, 0.1925544428059719, 0.09753558439794324], [-0.4799675830215495, -0.28289310943305546, -0.2634526931333916, 0.07987979481152757, -0.6175306483103703, -0.2582237842790779, -0.1400778765309384, 0.441394187399182, 0.6045075026121886, 0.6710289948449575, -0.010447177735695612]], "inverted": false, "swapped": true, "error_lsq": 0.0431510154212095, "error_max": 0.2393544222197171, "target": "880.xyz", "model": "16.xyz", "model_rescale": 3.7852294659196426, "target_rescale": 3.768217346214386},
{"mapping": [3, 2, 11, 9, 8, 5, 7, 10, 1, 4, 0, 12], "R": [[0.8716073172148052, -0.15126431769599397, -0.46628295140351794], [0.39965827266733556, 0.7700733963244094, 0.4972526816035797], [0.2838555084302078, -0.6197629147225209, 0.7316556429553958]], "T": [0.02802613181363187, 0.05930660117376105, -0.030504766229003215], "aligned_model": [[-0.27057647538924323, -0.017628561992964722, -0.19340849335468832, -0.5999921832819436, -0.6068359029229587, 0.6720034889919692, 0.4624625838086347, 0.1476902686291838, 0.43092108050064554, 0.37295308814662487, -0.3024857282688387, -0.0034150353727544457], [0.7289040762704893, 0.021185793928784863, -0.6068148858261434, -0.2576513977105406, -0.05108496237053056, 0.14628552813899098, -0.35670395328565263, -0.3371981108583537, 0.475092979155481, 0.46760108495425046, 0.48194772915812234, -0.006827568330323691], [-0.33867854103518, -0.6392325165564268, -0.24306286597322668, 0.4718819457366048, -0.12521385133086765, 0.06917893487586305, -0.3905425322102766, 0.6606678482282383, -0.4034008676492251, 0.43436908160379917, 0.3912576586260964, 0.02504316012638918]], "inverted": true, "swapped": false, "error_lsq": 0.04417877784859045, "error_max": 0.24791772452448732, "target": "880.xyz", "model": "17.xyz", "model_rescale": 3.901054581598922, "target_rescale": 3.768217346214386},
{"mapping": [0, 12, 6, 4, 1, 9, 11, 10, 13, 5, 8, 14], "R": [[0.012443982399037297, 0.7405714985481189, 0.6718623392036842], [-0.5906421253827436, 0.5476118002648016, -0.5926746121896052], [-0.8068376708021312, -0.38945496754944203, 0.44422719550434453]], "T": [-0.03302232608727139, 0.1436085170279136, -0.04140308963674645], "aligned_model": [[-0.539586128637424, 0.35667671276049284, -0.2972926854342844, -0.4431952576722684, -0.7098348271467172, 0.6064551384571201, 0.3427489831979238, 0.2514680217322195, 0.5160353425930971, 0.32121357443759957, -0.3247752131316673, 0.011774468337574402], [0.5399362408611628, 0.04887461584644748, -0.5242272244020592, -0.17489676089742462, 0.010951305871462924, 0.054133465245043866, -0.5126307336726548, -0.3930302816407251, 0.5971616669225612, 0.4743102350430046, 0.45657096800029656, 0.12758281604745847], [-0.4436741024708447, -0.6668111573535613, -0.26022343811791515, 0.5551591653194993, -0.14146533113516002, 0.08994533548751381, -0.29611264557197825, 0.5095395479308013, -0.18397733339942945, 0.3526011584073849, 0.4658966337245932, -0.06861037837911536]], "inverted": false, "swapped": false, "error_lsq": 0.04570822787814791, "error_max": 0.2655606139866346, "target": "880.xyz", "model": "18.xyz", "model_rescale": 3.9405287249114394, "target_rescale": 3.768217346214386},
{"mapping": [3, 10, 13, 4, 12, 5, 11, 9, 2, 6, 0, 15], "R": [[0.7400954896496522, 0.4066928887353234, -0.5355927188194023], [0.09693604553273014, -0.8526150539805032, -0.5134695441818339], [-0.6654788270686889, 0.32809825354296174, -0.6704397562386499]], "T": [-0.12025635753709246, 0.009232113523118549, 0.04146135443569304], "aligned_model": [[-0.4256679868125452, 0.22608307160065227, -0.232498203254025, -0.6334026246661835, -0.6437913004393128, 0.6860569510418839, 0.3371461112116264, 0.3738469017167265, 0.5179827067007188, 0.2675337484949765, -0.2897301351455855, -0.09187111095526634], [0.48229795169591255, 0.1511709908142685, -0.6264423706339266, -0.06817038633514612, 0.04648299792915357, 0.09223433609651689, -0.3953643853103682, -0.5324412481069154, 0.5370665315753038, 0.57156756952714, 0.41889475109718505, 0.027439574875450245], [-0.5975699783885671, -0.6497740554532934, -0.14468257813718924, 0.5565873488906896, -0.11558194335421532, 0.22648060266454084, -0.3410276736606403, 0.26831325645925286, -0.22191481573427602, 0.3442502646959697, 0.5669415348753717, 0.02024549158414453]], "inverted": false, "swapped": false, "error_lsq": 0.046633681532197484, "error_max": 0.27997653853710325, "target": "880.xyz", "model": "19.xyz", "model_rescale": 4.410303926677745, "target_rescale": 3.768217346214386},
{"mapping": [11, 9, 5, 3, 10, 7, 8, 1, 12, 2, 6, 13], "R": [[-0.9571430662298783, 0.22836600956478273, 0.17811826532819253], [-0.21966578111193527, -0.9732444640634295, 0.06739553233242696], [0.18874346446049511, 0.02538067858323368, 0.9816983883953891]], "T": [-0.007938683399348745, 0.1252857531531134, 0.1374511959311465], "aligned_model": [[-0.3389528021405466, 0.013406509959822363, -0.28653973162951357, -0.5775295493774272, -0.5441343470735606, 0.6966713414645921, 0.27784505338743476, 0.46398888324860305, 0.44613250712532476, 0.3784507255851908, -0.4343005954211094, -0.0033498656351446544], [0.70818315968754, 0.12808134465325344, -0.6340058770301642, -0.1117762891900306, -0.1728090505583464, 0.0463054555949859, -0.37128560881632194, -0.35817143966684273, 0.48670874777349854, 0.4245927743388185, 0.483276959746598, 0.07563613669158609], [-0.350189646434531, -0.5505846273929287, -0.07451200659951626, 0.5186736102470508, -0.4091452834431991, 0.07310843860307542, -0.3751910961861573, 0.46406014516675054, -0.3461475118666598, 0.5843597541929122, 0.3004347507992007, 0.07740092735579082]], "inverted": true, "swapped": false, "error_lsq": 0.045490242134448904, "error_max": 0.30426066121564993, "target": "880.xyz", "model": "20.xyz", "model_rescale": 4.121658175737393, "target_rescale": 3.768217346214386},
{"mapping": [11, 9, 5, 3, 7, 6, 8, 1, 10, 2, 3, 12], "R": [[0.6178509531607494, -0.7771202204899328, -0.1197679530760712], [-0.7230602687555243, -0.6213800021184401, 0.30177929139435133], [-0.3089402004038043, -0.09985517449269246, -0.9458249820667096]], "T": [0.07043544785115863, 0.03692097610083524, -0.02133505266452078], "aligned_model": [[-0.46168531205248553, 0.06444890372627365, -0.1748119843542838, -0.46248863613002367, -0.5864732081888084, 0.718314143396725, 0.3638868729776955, 0.2486096507959481, 0.5173264406788076, 0.348413296750841, -0.46248863613002367, -0.02136340197699975], [0.6335633055660165, 0.11205587456182219, -0.5984751610625637, 0.14977055819060792, -0.003626207738468376, -0.014286111120343739, -0.45499153565544453, -0.25915288385142876, 0.5931585686360771, 0.4030136825032914, 0.14977055819060792, -0.006064334995599253], [-0.3893492245531986, -0.7403495055813866, -0.02671797577492492, 0.40982338165279736, -0.20476079567691796, -0.00535093089923043, -0.37575210154242594, 0.5811341074187144, -0.33686828838955485, 0.5827477893771554, 0.40982338165279736, 0.007887616757962759]], "inverted": true, "swapped": false, "error_lsq": 0.053025125402417085, "error_max": 0.4093463926901495, "target": "880.xyz", "model": "21.xyz", "model_rescale": 4.08911054899281, "target_rescale": 3.768217346214386},
{"mapping": [8, 1, 15, 9, 11, 4, 2, 3, 0, 7, 10, 16], "R": [[0.3233952501080777, -0.9184566250894947, -0.22771240641815996], [-0.1896460824559934, 0.1728523904464861, -0.9665176741922674], [0.9270651949116786, 0.35575199078311703, -0.11828205881375523]], "T": [-0.03903247526492788, 0.08319953771164795, 0.0806651955005062], "aligned_model": [[-0.37079613904598097, 0.03228172261201363, -0.24670720494582565, -0.5720937740662947, -0.6094095918206, 0.6385046450246892, 0.33102853206508165, 0.5058694276867244, 0.5362072971345945, 0.23214017586974678, -0.391221795893137, 0.005884834872653975], [0.4542693090940237, 0.06030896137637519, -0.554217200563023, -0.06819761499416935, -0.06218799047783982, -0.05434001946984762, -0.39294841224661015, -0.48643412163956173, 0.5268552337492769, 0.5998548152174343, 0.5837840856134779, 0.0979892675650379], [-0.4020377299317693, -0.7095174972751879, -0.20582760774840414, 0.5284063768042702, -0.40864599568056165, -0.010540652490342708, -0.3163131540069946, 0.44518986351118484, -0.18831105958976524, 0.4872717688751192, 0.6065104218288411, 0.08608272014539872]], "inverted": false, "swapped": false, "error_lsq": 0.0433757278833709, "error_max": 0.23839144137054064, "target": "880.xyz", "model": "22.xyz", "model_rescale": 4.204369325754507, "target_rescale": 3.768217346214386},
{"mapping": [3, 10, 13, 4, 12, 5, 11, 9, 2, 6, 0, 15], "R": [[0.7400954896496522, 0.4066928887353234, -0.5355927188194023], [0.09693604553273014, -0.8526150539805032, -0.5134695441818339], [-0.6654788270686889, 0.32809825354296174, -0.6704397562386499]], "T": [-0.12025635753709246, 0.009232113523118549, 0.04146135443569304], "aligned_model": [[-0.4256679868125452, 0.22608307160065227, -0.232498203254025, -0.6334026246661835, -0.6437913004393128, 0.6860569510418839, 0.3371461112116264, 0.3738469017167265, 0.5179827067007188, 0.2675337484949765, -0.2897301351455855, -0.09187111095526634], [0.48229795169591255, 0.1511709908142685, -0.6264423706339266, -0.06817038633514612, 0.04648299792915357, 0.09223433609651689, -0.3953643853103682, -0.5324412481069154, 0.5370665315753038, 0.57156756952714, 0.41889475109718505, 0.027439574875450245], [-0.5975699783885671, -0.6497740554532934, -0.14468257813718924, 0.5565873488906896, -0.11558194335421532, 0.22648060266454084, -0.3410276736606403, 0.26831325645925286, -0.22191481573427602, 0.3442502646959697, 0.5669415348753717, 0.02024549158414453]], "inverted": false, "swapped": false, "error_lsq": 0.046633681532197484, "error_max": 0.27997653853710325, "target": "880.xyz", "model": "23.xyz", "model_rescale": 4.410303926677745, "target_rescale": 3.768217346214386},
{"mapping": [12, 0, 1, 11, 7, 4, 3, 10, 5, 15, 14, 16], "R": [[0.5058183871750463, 0.8311540885114138, -0.23093427711449835], [0.6580158696739346, -0.5448624083744286, -0.5197500083671698], [-0.5578197508630279, 0.11094069177348065, -0.8225140050211492]], "T": [-0.02573797475260174, 0.14199754384008367, 0.10371256032219833], "aligned_model": [[-0.16937468947077788, -0.032702128081349965, -0.2818336156194309, -0.42244518447174995, -0.5794817506802791, 0.6384328690685505, 0.41388352966594577, 0.24336650249912595, 0.36597856130424833, 0.25151809132772424, -0.34730614033429574, 0.011652084285955017], [0.6011417285232218, 0.03993996262566232, -0.6358046817297763, -0.16990538369078034, -0.03943695322327068, 0.020966355828261507, -0.47759235364690233, -0.3713590050661568, 0.5553151928934712, 0.643956506099321, 0.48588469835506043, 0.05163024625646265], [-0.5402835162499523, -0.6445665064511834, -0.15275199901869363, 0.48589241348728485, -0.21625657971949974, -0.03087166883373252, -0.3780470025500921, 0.4000768299191994, -0.1633617922250572, 0.5285424849556223, 0.5900103393204703, 0.033884451807422]], "inverted": true, "swapped": false, "error_lsq": 0.03842676235258564, "error_max": 0.22886124565250915, "target": "880.xyz", "model": "24.xyz", "model_rescale": 4.28219845311461, "target_rescale": 3.768217346214386},
{"mapping": [14, 13, 9, 5, 11, 4, 7, 3, 2, 0, 8, 15], "R": [[-0.5852678128130279, -0.16301487686785965, 0.794284418331879], [0.4212486723633372, -0.8981406826176482, 0.1260669276980728], [0.6928283649773447, 0.40837417174309865, 0.5943226333700894]], "T": [-0.04130260845288404, 0.091094179736849, -0.031664268741188696], "aligned_model": [[-0.34877344810639116, 0.1850837459594296, -0.26101495302891614, -0.6139244381139332, -0.5623653433011607, 0.6696283200777732, 0.3879834476742359, 0.25525087797396684, 0.3152009775485812, 0.4710669898861167, -0.4160263610780981, 0.009578314002061682], [0.6360876962776687, 0.028254466856853025, -0.538737996125532, -0.21853006975280867, 0.05337678551583101, 0.007147775097257086, -0.4943026015446025, -0.4610903377763407, 0.6054038550396145, 0.5931735786399135, 0.3595982632860134, 0.13435489771070686], [-0.46593189887941094, -0.577298620627199, -0.14080454438786077, 0.5174420463178719, -0.1851181568450922, 0.11726117915921344, -0.31196784743822387, 0.42352100470977666, -0.3094605528163709, 0.35685580014956336, 0.48740578747928415, 0.0003632576202360835]], "inverted": true, "swapped": false, "error_lsq": 0.0391475759675008, "error_max": 0.23658475418447428, "target": "880.xyz", "model": "25.xyz", "model_rescale": 4.100010024507729, "target_rescale": 3.768217346214386},
{"mapping": [3, 8, 9, 5, 7, 0, 10, 4, 1, 6, 2, 11], "R": [[-0.8932421647483823, -0.44869898294259, 0.028065242238573478], [0.3888281674185154, -0.739701770099832, 0.5492303228456481], [-0.22567917789991915, 0.5015082392318806, 0.8351996136523029]], "T": [0.024392119192602313, 0.12368345546493995, -0.007205261008384809], "aligned_model": [[-0.42979133170224354, 0.050738158649805264, -0.22457142026289487, -0.3841986593816302, -0.6122843599705399, 0.780073940411319, 0.326144635769772, 0.21867926849285116, 0.4309145078406938, 0.18568194075433606, -0.2564874133517624, 0.006788862243959439], [0.5683370039170663, 0.12547595585982105, -0.6390178851559201, -0.19324149105734315, -0.037710223572154616, 0.07224986398445589, -0.34820668715323655, -0.4966961918460817, 0.6509273817427794, 0.2389953781760862, 0.7596377863322239, 0.003985421996877861], [-0.5112610527952934, -0.6205245107487367, -0.19592389595427495, 0.5375867399034133, -0.17198204317944304, -0.018997066673107764, -0.32543077000104026, 0.5786455536631331, -0.24363694985144185, 0.6101851277119282, 0.24661763715780122, 0.026988685208850085]], "inverted": false, "swapped": false, "error_lsq": 0.057736294245471505, "error_max": 0.4393735866090606, "target": "880.xyz", "model": "26.xyz", "model_rescale": 3.6694154284099745, "target_rescale": 3.768217346214386},
{"mapping": [0, 2, 12, 3, 6, 10, 11, 9, 4, 8, 7, 13], "R": [[0.4358274185217831, -0.49794115750616974, -0.749739331318595], [0.6668949719435239, -0.3807387755071825, 0.6405381184767519], [-0.6044051270969538, -0.7791614649651938, 0.1661380566041628]], "T": [-0.03583655406174649, 0.18722125969137898, 0.04133509809411546], "aligned_model": [[-0.18305484026051466, 0.01804034853204653, -0.22529480161545998, -0.5473769446277201, -0.5915709993030759, 0.5545887946569055, 0.3342353617031155, 0.19888072471896753, 0.5198304259165949, 0.38362020774106975, -0.3389335933175057, -0.03127655465075731], [0.6269594532639586, 0.01595202654500344, -0.5680508297339395, -0.25255324649788674, -0.07320374256516854, 0.09246291959577141, -0.5145636380493921, -0.2593099484094356, 0.6709409083219419, 0.493975348318839, 0.2972560843604568, 0.17487097807442556], [-0.4297173835418096, -0.6143277537952028, -0.11164351716448462, 0.4860327851345823, -0.26611973822559565, -0.024311565685698637, -0.2853454855197441, 0.5000084183386619, -0.3230549113454965, 0.41324254157741136, 0.5818469359597459, -0.014342871290581656]], "inverted": true, "swapped": false, "error_lsq": 0.039206442439401315, "error_max": 0.21509681046991427, "target": "880.xyz", "model": "27.xyz", "model_rescale": 4.103607728864725, "target_rescale": 3.768217346214386},
{"mapping": [8, 4, 12, 10, 13, 0, 2, 3, 1, 5, 6, 14], "R": [[0.3197419582949394, -0.38087975349221365, 0.8675803671622748], [0.03348864533079776, -0.9105327195252189, -0.4120784844030527], [0.9469126626778339, 0.16081287278610346, -0.2783803678542278]], "T": [-0.1545614285898452, 0.09291549748706124, 0.15573100618844601], "aligned_model": [[-0.294652758007683, -0.03632178379645126, -0.2035613591551305, -0.3500241472422427, -0.5653490343181646, 0.5529029124256238, 0.2626559449163749, 0.30492980752672605, 0.5792612837375724, 0.2074622147480619, -0.3529549602900546, -0.01265999105096638], [0.5871915692389458, 0.045808410688631326, -0.7015168731086063, -0.15144693287137512, -0.06405926139787421, 0.06410038153811551, -0.28479630633498865, -0.49066223992191843, 0.41827512571495945, 0.6617120605300688, 0.5173230250221916, 0.10280735412642433], [-0.4832882119279486, -0.7417151459048228, -0.16640224648671778, 0.5580450682743794, -0.3201733970342098, 0.2471401756740268, -0.3181721091528076, 0.2645229217864813, -0.2423973289833984, 0.43954390567801893, 0.5820941378062079, 0.0930696847125786]], "inverted": true, "swapped": false, "error_lsq": 0.05205714839942901, "error_max": 0.2559933626086347, "target": "880.xyz", "model": "28.xyz", "model_rescale": 4.137296879288765, "target_rescale": 3.768217346214386},
{"mapping": [0, 10, 3, 7, 6, 4, 1, 9, 5, 8, 11], "R": [[0.5792053605179676, -0.25879691638810814, 0.7730105474152716], [-0.5073214901852883, 0.6278156904372497, 0.5903154787374104], [-0.6380799761342067, -0.7340787525250995, 0.23234097604117146]], "T": [0.009209458844911034, 0.06077389105832701, -0.12333021218649522], "aligned_model": [[0.7822586242003484, -0.12175084361233568, -0.048058394280609096, -0.6283067841586598, -0.005868034278756096, 0.5191230832036309, 0.4135119024588561, -0.42990385223856104, -0.3709680218445742, 0.1372489836456606, -0.02586765238510167], [-0.2536277062822473, -0.7697210722268056, -0.4393822463899176, 0.16021520513115498, 0.7701567552430048, -0.07752755756599877, 0.4388277384672963, -0.3826999213478998, 0.30606037944542513, 0.12196857080753884, 0.0448776713664011], [0.22083762187430955, -0.1114461134354499, -0.7033005782949822, -0.2951702957790308, -0.1451572924998144, -0.4692078511386869, 0.10489243520024848, 0.31962121616602823, 0.2621977066504211, 0.7139678633653382, -0.09148069032538282]], "inverted": true, "swapped": true, "error_lsq": 0.05786163351315896, "error_max": 0.30256046606941656, "target": "880.xyz", "model": "29.xyz", "model_rescale": 3.607286011436655, "target_rescale": 3.768217346214386},
