[{"mapping": [3, 11, 10, 7, 8, 2, 14, 0, 13, 5, 4, 15], "R": [[0.18057877620813664, 0.6496754296142608, 0.7384532089027019], [-0.37110314022602, 0.7403080690596269, -0.5605590265079976], [-0.9108642955443796, -0.17281724173453508, 0.37478051718533684]], "T": [-0.15137099490952383, -0.09846516474425565, -0.0018961052221880027], "aligned_model": [[-0.30927029638231057, 0.2718600852965485, 0.36595310790144336, -0.19202075169974864, -0.07633867334071337, -0.5131330440547067, 0.42514346623580396, -0.3743158775700951, 0.6080034939677914, 0.2600015326451807, -0.5391460927411535, -0.08909448779749105], [-0.24152541126847313, -0.6065728077488168, -0.18667236830438783, 0.6564794582076638, 0.28029182913326683, -0.6464497197451937, -0.195303877743213, -0.5188549177475512, 0.07940254880610664, 0.2846327780914259, 0.28020454295754155, -0.1320770186613115], [-0.5809324032080105, 0.16702740351036768, -0.5825191548943564, -0.049311501319080187, -0.648808889085847, -0.047563513213322306, 0.5225184615427809, 0.535672892868338, -0.046968784622708565, 0.49264887564240395, 0.4371215515572489, -0.01693319342425189]], "inverted": false, "swapped": true, "error_lsq": 0.040297458426314776, "error_max": 0.21793854391771333, "target": "881.xyz", "model": "0.xyz", "model_rescale": 3.751011558992144, "target_rescale": 4.0797971708668985},
{"mapping": [7, 8, 5, 4, 10, 14, 3, 6, 13, 0, 9, 2, 1, 12, 15], "R": [[-0.12857143496751394, 0.5728412618078117, 0.8095197804135663], [0.9297661967623957, 0.35358310402691134, -0.10253686119969016], [-0.3449698616812553, 0.7394808160575422, -0.5780691284046287]], "T": [0.054249334197910136, 0.03274197777518466, 0.012382440443671759], "aligned_model": [[0.09438275091743306, 0.18437930487274234, -0.5011104036789754, 0.27340364604016937, -0.24725747767562808, -0.6584164885560456, 0.39247857304585204, 0.6069255272219183, -0.6533899050165016, 0.1000580151683125, 0.15218387497558467, 0.4212933583124976, 0.6664635406351828, -0.2930378480433691, 0.000729742869861015], [0.020429832608123054, -0.5938924479117782, 0.3782585154038185, 0.5828307470289551, -0.6855722461962632, 0.3409872965196186, -0.4681369981142504, -0.11753467116248796, -0.2497630916780197, 0.6024283784350528, -0.4471549578975446, 0.09183095656997234, 0.3635657666411908, 0.7328832641555919, -0.0024029945748731754], [-0.7439770813328096, -0.38508245975949046, -0.3519800330637883, -0.35622373223283094, 0.08752352077814327, 0.13006653720632627, 0.1364900204965538, -0.35736905507361194, -0.1601158991626801, 0.4468607051402104, 0.7398244608179204, 0.555550500827091, 0.09055114457030078, -0.028520245486841067, 0.04606802112748218]], "inverted": true, "swapped": true, "error_lsq": 0.04251612408768197, "error_max": 0.31433866576347674, "target": "881.xyz", "model": "1.xyz", "model_rescale": 3.9405287249114394, "target_rescale": 4.0797971708668985},
{"mapping": [13, 7, 5, 3, 6, 14, 10, 8, 1, 0, 2, 11, 15], "R": [[0.529685438504011, 0.08965349683524515, -0.8434426991456067], [0.14035047606864187, 0.9714260164471861, 0.19139811502952978], [0.8365016916325508, -0.21975837884996377, 0.5019673045339873]], "T": [-0.03853060792438929, -0.10889590202164767, -0.027681356676952807], "aligned_model": [[-0.2970069340831733, 0.27777755506290325, -0.5027870585782923, 0.4578797488348782, 0.5770808114683242, -0.7689734891965968, 0.16132005497282742, 0.5826793624213499, 0.1586959652331632, -0.5156272533279872, -0.019447723447198726, -0.5485984968523211, -0.06700926322394565], [0.6065913780804288, 0.29189734182217214, 0.3229737216876821, -0.18525269787676096, -0.2170268997600489, 0.17937366571772556, 0.3844978619741204, 0.30788521855174406, -0.7274140801245332, -0.6424944375639787, -0.6940295935786513, -0.09350970513034763, -0.07465918022753532], [0.15004321995005776, -0.5872847233170205, -0.42582794334251595, 0.3306869669164798, -0.29985865483038354, -0.01713851102775892, 0.5460347491709756, 0.06161886669346152, -0.29016545589999465, -0.08303283953398764, 0.27314878044170426, 0.425559296358929, 0.029336598008697094]], "inverted": false, "swapped": true, "error_lsq": 0.04546323939328835, "error_max": 0.2799334354569705, "target": "881.xyz", "model": "2.xyz", "model_rescale": 3.932901565614263, "target_rescale": 4.0797971708668985},
{"mapping": [0, 11, 2, 12, 1, 6, 3, 4, 5, 7, 10, 13, 8, 15], "R": [[-0.8767146609541223, -0.18537998770012803, -0.44385320031334585], [0.4803964742197741, -0.3840730710275669, -0.7884840541625835], [-0.024302897467353674, -0.9045010427145754, 0.4257783847295883]], "T": [0.0616547494932381, -0.10883753855232851, -0.022429021490222373], "aligned_model": [[-0.2469731116728536, 0.4281451755158754, 0.11199953912961057, -0.4178280985230064, -0.39763665138654347, -0.16382177406450327, 0.4130209440366789, -0.6306065017992696, -0.1847285363322649, -0.26135380582190115, 0.7996435576904483, 0.4744548662694794, 0.3713935945072655, 0.12410071450368793], [0.07479676774962059, 0.30863041114509443, -0.420106659307697, 0.48469128875954176, -0.5420598597195204, -0.6784442558979823, -0.615476366740679, -0.09723783175077937, 0.5352646503173366, -0.15517039860164933, -0.11234030483811004, 0.43053748738731096, -0.47643038401915644, -0.07315790613284213], [-0.6440717466176102, -0.41896193884229177, -0.6002017289579392, -0.1964950065874154, -0.3252999340396352, 0.2766675162158148, 0.0008164733482647589, 0.06204928196369168, 0.2691078974225831, 0.6612088545165287, 0.23812445387268402, 0.3635615603790692, 0.5576745963819206, -0.030283915998567872]], "inverted": true, "swapped": true, "error_lsq": 0.0377909867573776, "error_max": 0.2428845139012201, "target": "881.xyz", "model": "3.xyz", "model_rescale": 3.9243930471874484, "target_rescale": 4.0797971708668985},
{"mapping": [0, 11, 12, 4, 5, 2, 6, 14, 13, 10, 7, 8, 15], "R": [[-0.9044912130434477, 0.4147179884165476, 0.09952203580576831], [0.3968808690636252, 0.7330227239327727, 0.5524158415265438], [0.1561448727896433, 0.5391536666683351, -0.8276062484174438]], "T": [-0.10904262859716625, -0.15150368265426212, -0.06563626331720052], "aligned_model": [[0.02860457555206096, -0.19787245208765583, 0.5580531188023883, 0.39015679374295564, 0.5801153032565756, -0.5316736853423188, -0.24752089999017263, 0.3516851932484511, 0.09613950028168068, -0.5263033638275344, 0.2892925767096578, -0.38401431953451076, -0.12945645450022497], [-0.5517722876766102, 0.16198636141836337, -0.26474756458213156, -0.6131209323093225, 0.13549516709293236, -0.5314184794918891, -0.4849073741048385, 0.24380587771018952, 0.6022464522839737, 0.4986500155035612, -0.11231533762986967, 0.1345591400353291, -0.09063148456810066], [-0.6455075282253038, -0.665358141074348, -0.45887706049771343, 0.089947246572466, -0.12272508478775757, -0.3977388105706453, 0.5126508287641018, -0.5638505984603485, -0.07453077730025987, 0.059749188495992506, 0.577508622432165, 0.5747866362384703, -0.09898420621585546]], "inverted": false, "swapped": true, "error_lsq": 0.040341638026987876, "error_max": 0.224970702611174, "target": "881.xyz", "model": "4.xyz", "model_rescale": 3.8936222436046832, "target_rescale": 4.0797971708668985},
{"mapping": [13, 5, 8, 10, 6, 4, 0, 2, 9, 11, 3, 15], "R": [[-0.766270815290262, 0.24409678988197353, -0.5943448450215693], [-0.48803833852091577, 0.38053784672803515, 0.7854995400007148], [0.41790862370635706, 0.8919684435992712, -0.17246645428880475]], "T": [-0.19803388965049767, -0.04534030174393815, 0.012164559913400888], "aligned_model": [[-0.0025582579411605466, -0.5457574860454475, -0.18882079049829198, 0.3404024885587888, -0.5387971355832823, -0.8527680446640149, -0.18859307005287787, 0.10769952573842217, 0.622955907234948, 0.3116071292590981, 0.1007956175412873, -0.13861784133237182], [-0.5802953507857477, -0.6909394441989469, 0.32615186355185105, -0.03488165122121807, 0.5229184695696909, -0.06276975320816174, -0.23295938020248097, 0.26513278265684637, 0.23312950552118056, -0.46044824958054525, 0.4643772004148525, -0.08049308740751362], [-0.5225600956077094, -0.1390180320129053, -0.6431914880065293, -0.5557304543011896, -0.14818690729283407, 0.25198986607143326, 0.7050731723338642, 0.5054980246724988, 0.14443116946887846, 0.1959701621736069, -0.16551619748820473, -0.009474500735390606]], "inverted": true, "swapped": true, "error_lsq": 0.04237842318687352, "error_max": 0.2175569368926971, "target": "881.xyz", "model": "5.xyz", "model_rescale": 3.6523030999806103, "target_rescale": 4.0797971708668985},
{"mapping": [1, 4, 12, 2, 11, 6, 5, 3, 7, 10, 13, 9, 15], "R": [[0.2799169089236543, -0.7932646177990413, 0.5407196780650467], [-0.429286489284579, 0.4003615135578368, 0.8095824655829692], [-0.8586964738581078, -0.45873947356840705, -0.22846982552151837]], "T": [0.0676028078462199, -0.043857454923293265, 0.046618580239054686], "aligned_model": [[0.20272432690957293, -0.24626199066485133, 0.06155967044722553, 0.6322645889711703, 0.559375336373277, -0.2828298733797172, -0.298318612393014, 0.1710976803027946, -0.6843522053636923, 0.07218436713590734, -0.16281724066863723, 0.7607908825541779, 0.09566597444008111], [-0.5047459168803452, -0.07127887781235495, 0.5200452119799962, -0.3557697434961412, 0.3911051585908566, -0.6233223244991954, 0.5871216182331703, -0.5293963600497767, -0.10380732549941715, -0.0033248576446970324, 0.5209295336570252, -0.28200866748329234, -0.00472054493264544], [0.556211516678514, 0.6688996508299458, 0.5892570421172778, 0.17743204303235277, -0.13993002191494827, 0.12515274379160446, 0.21553587295578336, -0.3197449563063597, 0.11598483546832328, -0.7349592993046326, -0.4414801219538988, -0.4348774521334406, -0.007372113778732724]], "inverted": false, "swapped": true, "error_lsq": 0.05625609582021996, "error_max": 0.2805500048531468, "target": "881.xyz", "model": "6.xyz", "model_rescale": 4.08911054899281, "target_rescale": 4.0797971708668985},
{"mapping": [12, 14, 5, 0, 1, 6, 4, 7, 2, 11, 3, 10, 8, 13, 15], "R": [[0.3022467479272859, -0.9494326599545018, -0.08499722100809809], [-0.31341564845870545, -0.1831909469078387, 0.9317787871980232], [-0.900231933819607, -0.2549876490787921, -0.35293592074012803]], "T": [-0.05905344091698045, -0.013116360569764111, -0.008533212732878104], "aligned_model": [[0.1660059103802761, 0.30199545024146973, 0.5628055064909723, -0.44408290830558544, -0.5323348905142673, -0.13225393073027109, 0.051986902805578036, 0.48809374588002513, -0.7122112714606679, -0.160277107038729, -0.3503754193777743, 0.11351280911079459, 0.1859353374716391, 0.5456083899601076, -0.04807498511401323], [-0.5457395268652727, -0.7104534093321416, -0.3459746871778493, -0.4847680046803238, 0.21541634267047866, 0.6451915225582204, 0.09816203306088422, 0.44820748588540554, -0.09409803966342836, -0.6177732496653598, 0.37615729716172513, 0.06089662325901433, 0.5846470734322103, -0.27589674509298184, -0.0532158993814677], [-0.5359230957215777, -0.01958023481593013, -0.25965651365570214, -0.38894013787096327, -0.4712841534827743, -0.1698485352889253, -0.6880800751127735, -0.25683196607263026, -9.633389286314853e-05, 0.2914282711624322, 0.3713075199279651, 0.7512501981782794, 0.37907771984151584, 0.4105713375882288, 0.05067603129779835]], "inverted": true, "swapped": true, "error_lsq": 0.04968249452110615, "error_max": 0.3724393191824108, "target": "881.xyz", "model": "7.xyz", "model_rescale": 3.964800864290218, "target_rescale": 4.0797971708668985},
{"mapping": [14, 0, 11, 5, 10, 4, 13, 2, 1, 6, 7, 8, 3, 15], "R": [[-0.5957745093884127, 0.8031517086976914, -0.0002584162820973568], [-0.791894234430528, -0.5874773846911002, -0.1666548647720586], [-0.13400095312602972, -0.09908408193288959, 0.9860152581318568]], "T": [0.062674350911606, -0.038358094689989825, 0.0666102297500651], "aligned_model": [[-0.30875244408750446, 0.2808814636674773, 0.23376777863882542, -0.6198621090128247, 0.1548973011164022, -0.26297155775481107, -0.3786250094891186, 0.6779436763388194, 0.3643138609374587, 0.10408192261023419, -0.5172486713926329, -0.01618006602270894, 0.4785579101572991, 0.07038383375395739], [-0.06829246978612405, -0.6115406359195579, 0.0831424710380193, -0.12969415641094978, 0.7340222811591821, -0.6053198903369238, 0.49625810075400745, -0.2640549089796352, -0.5763667759837926, -0.0793482243884791, 0.007315510816914908, 0.520175972304251, 0.29283732936440643, 0.011813862549883314], [-0.6246953229721481, -0.3065650952851258, -0.582849335928116, -0.22727381716838818, -0.01971095176580366, 0.30952140989422783, -0.29360981742742953, 0.005381396005058006, 0.3981539297233608, 0.7458417339237445, 0.5518372036495609, 0.5660144113046395, 0.37971071547446106, 0.015058579296980158]], "inverted": true, "swapped": true, "error_lsq": 0.03626523480667249, "error_max": 0.19434062120388562, "target": "881.xyz", "model": "8.xyz", "model_rescale": 4.121658175737393, "target_rescale": 4.0797971708668985},
{"mapping": [0, 2, 11, 14, 1, 4, 3, 7, 10, 6, 12, 13, 15], "R": [[-0.6976298370151728, -0.6321956262390342, -0.33710725395698476], [0.6344939969441876, -0.32662378087064653, -0.7005242848121351], [0.33276114308610777, -0.7025991716007067, 0.6289868247571071]], "T": [-0.0027931047393611047, -0.07532866955009364, -0.025871212148581228], "aligned_model": [[-0.5188319681962091, -0.2698143935368328, 0.21501487574171635, 0.12390933501264549, -0.6162592922842874, -0.5712808146881277, 0.2283239040445712, 0.009809151352864878, 0.7608913525011566, -0.16650315362133927, -0.39853213951663147, 0.625256252754565, 0.054754386871105315], [0.17349256993462442, -0.37993938362457147, 0.2743941105471157, 0.6821545957505872, -0.41061433649675005, 0.06245047571374522, -0.638509789647953, -0.07364763237951698, -0.21990082642913628, -0.5988234724196397, 0.5996595233998172, 0.37133720339386195, -0.05166559833047454], [-0.4585423055049698, -0.5446739772471305, -0.5700097392300597, -0.18995318139133371, -0.06591766551644984, 0.3540437885568067, -0.126337187196746, 0.7315456898898948, -0.11759255723399542, 0.37897743272052364, -0.009722116458804352, 0.10204159725040024, -0.06278434467904731]], "inverted": true, "swapped": true, "error_lsq": 0.044304597547508914, "error_max": 0.28209253551541813, "target": "881.xyz", "model": "9.xyz", "model_rescale": 3.833441315466971, "target_rescale": 4.0797971708668985},
{"mapping": [7, 8, 1, 2, 3, 6, 10, 11, 12, 0, 5, 14, 13, 4, 15], "R": [[0.3144985794509794, -0.698302134574039, -0.6430122645585049], [-0.12403269741980977, 0.6413474076804813, -0.7571587631615265], [0.941119829508486, 0.31787990108037223, 0.11509055128485049]], "T": [-0.12414499152551359, 0.028777359539631314, 0.03228728142057048], "aligned_model": [[0.027401523837560032, -0.2184011357429704, -0.6953969529962442, -0.6077962610446941, -0.5364129304403681, -0.5783941819481995, 0.06652941601757234, 0.17467763131749373, 0.29796740790860776, -0.21467948347639507, 0.5402937353394545, 0.5652701142636608, 0.5680744329931072, -0.18013023746273013, -0.08515806027132299], [-0.7048932359960751, -0.49906361058295157, 0.02539910312522356, 0.47426296353287434, -0.02509724039526759, -0.4795480430190726, 0.033920590046297466, 0.6264148333552266, 0.2018483189396686, 0.5407934181905568, -0.1262534489672982, 0.36304622609363324, -0.026859120584934643, -0.2694501951970687, 0.06658098075416649], [0.1445508871248985, -0.496940976663482, 0.43728202712421194, 0.06175575612129021, -0.4235790717478142, 0.028657942282236948, -0.726754668281637, -0.10688012102377643, 0.6681699772192125, 0.5273180423774299, 0.3405935495790119, 0.20470663892626462, -0.32556036033233726, 0.6603181364161829, -0.015515851299599474]], "inverted": true, "swapped": true, "error_lsq": 0.041003974416472314, "error_max": 0.2821138828552992, "target": "881.xyz", "model": "10.xyz", "model_rescale": 4.2482417240324, "target_rescale": 4.0797971708668985},
{"mapping": [0, 11, 13, 10, 4, 7, 5, 8, 9, 6, 2, 15], "R": [[0.7073152284334592, 0.7041317084760605, -0.06247963463968037], [-0.34950810184161885, 0.2715190194488964, -0.8967282246169007], [-0.6144503677053115, 0.656106667544306, 0.43814927414148896]], "T": [-0.08476617996115374, 0.08416770442003577, -0.05643381001950122], "aligned_model": [[-0.7527996934942638, -0.1392564655960219, 0.4124092993905665, 0.6265051633328057, -0.5290846011326148, 0.15256112712488232, -0.1408387116760135, 0.5776164106730106, 0.10019430894855008, 0.02338837078356726, -0.4047275599553608, -0.04920204603610127], [-0.1785521450334062, -0.5825135168871661, -0.18151258588027983, -0.23577056206905941, 0.5842155294532495, 0.7387018149495126, 0.14565916877982896, 0.4004503000443401, -0.5409734189615731, 0.664468675223429, -0.17098621700153158, 0.022944347433295202], [-0.06747456826015648, 0.07921291446117217, 0.48444381975176865, -0.12170590026057924, 0.14112653590207963, 0.2420672012062942, 0.6876366163031765, -0.2261320214045891, -0.6429935508396859, -0.3974669322034937, -0.571958355089206, -0.04156346971242414]], "inverted": false, "swapped": true, "error_lsq": 0.04448706274631229, "error_max": 0.25747255902340405, "target": "881.xyz", "model": "11.xyz", "model_rescale": 3.6694154284099745, "target_rescale": 4.0797971708668985},
{"mapping": [13, 10, 3, 9, 11, 7, 5, 4, 2, 1, 6, 0, 8, 15], "R": [[0.06960704290619094, 0.5978405918268064, -0.7985871814285711], [-0.7606700437987817, 0.5497228835592338, 0.3452330166112171], [0.6453959591173589, 0.5834306968745261, 0.493024013512009]], "T": [0.06784026541132594, -0.004871350852352227, 0.009776894830723963], "aligned_model": [[0.03641502961458511, -0.02884782267405743, -0.10813949104497249, 0.5053371159265643, 0.6656582135812091, -0.6145102764963615, 0.044797231787334316, -0.12808851513360425, 0.45196031966585165, 0.0634432426354082, -0.4841963062457785, 0.6396641713153564, -0.5468697767217721, 0.10164171404604694], [-0.42075563240872904, 0.2155312181525605, 0.5621108188861614, 0.6674549616380868, -0.07675407846155537, -0.3253382580636768, -0.7497289541232485, -0.32778081342051807, 0.47172689764884207, 0.27419655880675603, 0.2865284449025616, -0.08158450615498697, 0.24221773626132825, -0.006837105527328302], [-0.6508067889059508, -0.7349391484489332, -0.15828203067601387, -0.3446775754102851, -0.31159461954474027, 0.08421281075065407, -0.06248857258613167, 0.596154050705266, 0.2517485012621825, 0.6520095070027623, 0.2838060841076696, 0.437029636522257, -0.34891713459745716, -0.05415926052886386]], "inverted": true, "swapped": true, "error_lsq": 0.047058413330231884, "error_max": 0.33616345849697754, "target": "881.xyz", "model": "12.xyz", "model_rescale": 3.9764082729961374, "target_rescale": 4.0797971708668985},
{"mapping": [8, 10, 11, 13, 1, 2, 12, 9, 5, 14, 6, 3, 2, 4, 7, 15], "R": [[0.7222135657537501, 0.4980432841053921, 0.47995880302247745], [0.45945650097756335, 0.17324897455750946, -0.8711397801295873], [-0.5170176874640828, 0.8496691591274141, -0.10370646497207835]], "T": [0.051298992570174326, 0.08316565445068898, -0.010924707584880157], "aligned_model": [[-0.36527945718729904, -0.257150330675903, 0.17450685563131524, 0.5059514739795632, -0.4723716995577193, -0.7206586825492503, 0.045505318484233406, -0.19408711911104276, 0.3142806493187565, 0.6527063859888977, 0.7949996716433624, 0.07183351824234556, -0.7206586825492503, 0.25266476270144567, -0.26520123481805913, 0.08925207379010691], [-0.4178428689651465, -0.5762754450785088, -0.6897725421572625, -0.20649705314191252, -0.06288059321318364, 0.1259151964636787, -0.02642253144486645, 0.5043121986149686, 0.83286651309508, -0.34032841966066, 0.24287846583283423, -0.3244976409428645, 0.1259151964636787, 0.629665052903876, 0.3409688681857987, 0.09708367640056541], [0.2631294682834931, -0.35172281526598914, 0.1229822207413463, -0.3005230210559831, -0.33919605572630895, 0.18532344753514055, -0.6395505086788021, -0.36294796114929995, -0.278531091283685, 0.301757168942905, 0.06020843184901294, 0.7251679619601294, 0.18532344753514055, 0.4093775121201466, 0.6249988789992597, 0.08884766867220747]], "inverted": false, "swapped": false, "error_lsq": 0.050695086765581154, "error_max": 0.4360010457574273, "target": "881.xyz", "model": "13.xyz", "model_rescale": 4.170626492500431, "target_rescale": 4.0797971708668985},
{"mapping": [2, 9, 0, 11, 4, 5, 14, 3, 6, 10, 8, 13, 7, 15], "R": [[0.17909120405333956, -0.19343070122694161, -0.9646299313485867], [-0.8587877707757903, 0.44763986852053206, -0.24920295519288974], [0.4800103180106379, 0.8730424456656012, -0.08594755767066249]], "T": [0.04324555104454804, 0.06397916651391086, -0.0013608310499554632], "aligned_model": [[0.17571355932179117, -0.0292622546274295, -0.18038271942775624, -0.5489350160263599, 0.2653719134250248, -0.40428059369508557, -0.7108954782779761, 0.4075321887834332, 0.7088469619048863, -0.11752931105963597, 0.4259700771755062, -0.48752511130421444, 0.34922839508841713, -0.010669589188958058], [-0.37926773405503467, -0.8082555270641434, 0.07144103828185291, -0.25445673824907733, 0.6502208210146114, 0.6490869723788578, 0.280332259209901, -0.39545431869870995, 0.16556368173810432, -0.38570435061857467, -0.036083751995137206, 0.14023009653251708, 0.6331907449510306, 0.025231274499467694], [-0.4695795585620125, -0.05625521680123986, -0.6835243817898379, -0.11863754005870308, -0.3071015359901058, 0.1325620333923227, -0.03628854574067126, 0.190726586956984, 0.10543599528916336, 0.6186908136171789, 0.6398038974361467, 0.5667820946041556, 0.39387920280554, 0.027379255961945632]], "inverted": false, "swapped": true, "error_lsq": 0.0386120976868997, "error_max": 0.2720620524388922, "target": "881.xyz", "model": "14.xyz", "model_rescale": 3.9786697098870705, "target_rescale": 4.0797971708668985},
{"mapping": [0, 11, 4, 1, 5, 7, 9, 10, 6, 2, 13, 15], "R": [[-0.3065052539493019, -0.042801001954295655, -0.9509062012276408], [-0.12280076818134554, 0.992418304991266, -0.005087165451831195], [0.9439144562064645, 0.11521276904046379, -0.30943742051420237]], "T": [0.06483241536919628, 0.023183439666221693, -0.012157044872305182], "aligned_model": [[-0.05617985939899882, -0.5918810586033781, 0.5716492268455303, 0.5452536787623198, -0.057117217287587105, 0.5644315485873741, -0.41222891072070816, -0.35517936322890353, 0.6822348925229836, 0.01506725362070356, -0.41899384687625096, -0.003701747455748], [-0.4770859895166587, -0.12322088049289351, 0.052739206334839486, -0.47139863167880586, 0.5473157378439345, 0.5921587136784586, -0.48658706550691644, 0.3099785844402684, 0.026292941226738385, -0.6270071244836245, 0.6351641455507152, 0.036324852828383804], [-0.5126557166220126, -0.1267269539941486, -0.4904456118013028, -0.13440656238437165, -0.5327141977689508, -0.03473690068430768, 0.5185129649798101, 0.5827097592885714, 0.27690129905349675, 0.07739754094314973, 0.0291932622169575, 0.006937610646938968]], "inverted": false, "swapped": true, "error_lsq": 0.04791426638063324, "error_max": 0.25458905354393, "target": "881.xyz", "model": "15.xyz", "model_rescale": 3.769337070930944, "target_rescale": 4.0797971708668985},
{"mapping": [11, 2, 13, 10, 14, 0, 5, 1, 7, 8, 15], "R": [[-0.9988574148602439, -0.006034837351007853, -0.04740723063898163], [-0.01644721375736348, 0.9748058978640303, 0.22244763574630652], [0.044870412727434465, 0.22297318723929285, -0.9737913553908871]], "T": [-0.011567609019621564, -0.04780547648474407, 0.078522692610586], "aligned_model": [[-0.1530948152438738, -0.18825897840555497, -0.14848973145525043, -0.6782179064843812, 0.2923194245374591, 0.352303664819077, 0.49037115549615434, 0.21302722841854993, 0.25153198413892425, -0.45700909817754565, -0.051856796952387776], [-0.02976992307528454, -0.662531826379255, 0.6660230011380112, 0.35077718313683176, 0.3151271962422553, -0.5161715579466616, 0.47543202644483384, -0.6493725880166634, 0.37849934910459987, 0.28558776003095065, -0.01753612305427593], [-0.5889185742033112, -0.07683508673702674, -0.2078674630026295, -0.017587183358632963, -0.5481270053733726, -0.3260058016315016, -0.10814846352884869, 0.3578703782415579, 0.646752228975242, 0.5864731716926842, 0.026611406149616122]], "inverted": false, "swapped": true, "error_lsq": 0.044383768678687936, "error_max": 0.19735475744949854, "target": "881.xyz", "model": "16.xyz", "model_rescale": 3.7852294659196426, "target_rescale": 4.0797971708668985},
{"mapping": [5, 8, 6, 7, 13, 10, 9, 3, 4, 0, 11, 2, 15], "R": [[0.6354000378986377, 0.6654688277867348, 0.39168613848661893], [-0.22074320476732612, 0.6426158258571231, -0.7337011230106018], [-0.7399589376360421, 0.37973166789473434, 0.5552158418222801]], "T": [0.0784377098427636, 0.07074947308019333, -0.03677344263769828], "aligned_model": [[-0.009385225793047597, -0.3522798870418102, 0.2839209741630205, 0.058347337911904856, -0.5879287767027483, -0.6685059391871482, -0.2045165735849011, -0.10088946954173042, 0.6287515027890631, 0.5746021556324301, -0.16417552332684604, 0.3764421555320644, 0.01938311936603184], [-0.14143748684718324, -0.4035792257126568, -0.4136692639006707, -0.6761865755647125, 0.014739739168884797, 0.13375269589401875, 0.7143682460710747, 0.07634124611649537, -0.27861650107041014, 0.5409094846417382, 0.6638010939555498, 0.533872161361356, 0.11076000958938995], [-0.749395329996712, 0.35955659262689227, 0.3966608999505085, -0.1613724892976141, -0.4406752866862664, 0.18824576322844871, 0.4873981749602287, 0.5535586272472114, -0.28495668621441334, -0.25627924917921235, -0.271851450972524, 0.3237194017053872, -0.048854270228760474]], "inverted": true, "swapped": true, "error_lsq": 0.04125370012424464, "error_max": 0.26288546006076413, "target": "881.xyz", "model": "17.xyz", "model_rescale": 3.901054581598922, "target_rescale": 4.0797971708668985},
{"mapping": [7, 8, 5, 4, 10, 14, 3, 6, 13, 0, 9, 2, 1, 12, 15], "R": [[-0.12857143496751394, 0.5728412618078117, 0.8095197804135663], [0.9297661967623957, 0.35358310402691134, -0.10253686119969016], [-0.3449698616812553, 0.7394808160575422, -0.5780691284046287]], "T": [0.054249334197910136, 0.03274197777518466, 0.012382440443671759], "aligned_model": [[0.09438275091743306, 0.18437930487274234, -0.5011104036789754, 0.27340364604016937, -0.24725747767562808, -0.6584164885560456, 0.39247857304585204, 0.6069255272219183, -0.6533899050165016, 0.1000580151683125, 0.15218387497558467, 0.4212933583124976, 0.6664635406351828, -0.2930378480433691, 0.000729742869861015], [0.020429832608123054, -0.5938924479117782, 0.3782585154038185, 0.5828307470289551, -0.6855722461962632, 0.3409872965196186, -0.4681369981142504, -0.11753467116248796, -0.2497630916780197, 0.6024283784350528, -0.4471549578975446, 0.09183095656997234, 0.3635657666411908, 0.7328832641555919, -0.0024029945748731754], [-0.7439770813328096, -0.38508245975949046, -0.3519800330637883, -0.35622373223283094, 0.08752352077814327, 0.13006653720632627, 0.1364900204965538, -0.35736905507361194, -0.1601158991626801, 0.4468607051402104, 0.7398244608179204, 0.555550500827091, 0.09055114457030078, -0.028520245486841067, 0.04606802112748218]], "inverted": true, "swapped": true, "error_lsq": 0.04251612408768197, "error_max": 0.31433866576347674, "target": "881.xyz", "model": "18.xyz", "model_rescale": 3.9405287249114394, "target_rescale": 4.0797971708668985},
{"mapping": [11, 5, 9, 8, 2, 3, 6, 1, 0, 7, 4, 13, 10, 12, 14, 15], "R": [[-0.8832785270802849, 0.41048318780010823, -0.22654490974714897], [-0.45479834024274374, -0.8675518907534258, 0.20127639345586873], [-0.11391888917702943, 0.2808153652911771, 0.9529770287394417]], "T": [0.05240844347135534, 0.07173951240948268, 0.11897210998987487], "aligned_model": [[-0.31999737851894916, -0.10697232792324876, 0.24314445662552198, 0.4350146669956181, -0.5796410993570531, -0.5457727508063023, -0.00409818583976182, -0.1379727729404893, 0.443004490665997, 0.6548667289553358, 0.715051782220883, 0.1336266513153892, -0.7238674906082585, 0.09451898499344592, -0.4122840060260402, 0.017671753579414612], [-0.48781225140452783, -0.543548004919925, -0.669503636891644, -0.20745094745401876, -0.09367277209221811, 0.6701153201355521, 0.060224202094638385, 0.5590442971238475, 0.38802860486534235, -0.286119566609492, 0.37475772028038506, -0.19349291952146913, -0.03948254982188862, 0.5295384648382531, 0.13208786601705214, 0.062374246716188166], [0.3786429194008899, -0.4170145348877211, 0.17543638061065128, -0.47089000981242735, -0.45415739942259203, 0.21671793555135035, -0.6259828242608279, -0.28328211709974993, -0.3501442890683132, 0.18684288983464012, 0.1801995542094703, 0.7308423618722191, 0.17309570917128814, 0.4169417118911921, 0.7355416240539031, 0.10185484143474072]], "inverted": false, "swapped": false, "error_lsq": 0.037452200774343115, "error_max": 0.2660554452051352, "target": "881.xyz", "model": "19.xyz", "model_rescale": 4.410303926677745, "target_rescale": 4.0797971708668985},
{"mapping": [14, 0, 11, 5, 10, 4, 13, 2, 1, 6, 7, 8, 3, 15], "R": [[-0.5957745093884127, 0.8031517086976914, -0.0002584162820973568], [-0.791894234430528, -0.5874773846911002, -0.1666548647720586], [-0.13400095312602972, -0.09908408193288959, 0.9860152581318568]], "T": [0.062674350911606, -0.038358094689989825, 0.0666102297500651], "aligned_model": [[-0.30875244408750446, 0.2808814636674773, 0.23376777863882542, -0.6198621090128247, 0.1548973011164022, -0.26297155775481107, -0.3786250094891186, 0.6779436763388194, 0.3643138609374587, 0.10408192261023419, -0.5172486713926329, -0.01618006602270894, 0.4785579101572991, 0.07038383375395739], [-0.06829246978612405, -0.6115406359195579, 0.0831424710380193, -0.12969415641094978, 0.7340222811591821, -0.6053198903369238, 0.49625810075400745, -0.2640549089796352, -0.5763667759837926, -0.0793482243884791, 0.007315510816914908, 0.520175972304251, 0.29283732936440643, 0.011813862549883314], [-0.6246953229721481, -0.3065650952851258, -0.582849335928116, -0.22727381716838818, -0.01971095176580366, 0.30952140989422783, -0.29360981742742953, 0.005381396005058006, 0.3981539297233608, 0.7458417339237445, 0.5518372036495609, 0.5660144113046395, 0.37971071547446106, 0.015058579296980158]], "inverted": true, "swapped": true, "error_lsq": 0.03626523480667249, "error_max": 0.19434062120388562, "target": "881.xyz", "model": "20.xyz", "model_rescale": 4.121658175737393, "target_rescale": 4.0797971708668985},
{"mapping": [1, 4, 12, 2, 11, 6, 5, 3, 7, 10, 13, 9, 15], "R": [[0.2799169089236543, -0.7932646177990413, 0.5407196780650467], [-0.429286489284579, 0.4003615135578368, 0.8095824655829692], [-0.8586964738581078, -0.45873947356840705, -0.22846982552151837]], "T": [0.0676028078462199, -0.043857454923293265, 0.046618580239054686], "aligned_model": [[0.20272432690957293, -0.24626199066485133, 0.06155967044722553, 0.6322645889711703, 0.559375336373277, -0.2828298733797172, -0.298318612393014, 0.1710976803027946, -0.6843522053636923, 0.07218436713590734, -0.16281724066863723, 0.7607908825541779, 0.09566597444008111], [-0.5047459168803452, -0.07127887781235495, 0.5200452119799962, -0.3557697434961412, 0.3911051585908566, -0.6233223244991954, 0.5871216182331703, -0.5293963600497767, -0.10380732549941715, -0.0033248576446970324, 0.5209295336570252, -0.28200866748329234, -0.00472054493264544], [0.556211516678514, 0.6688996508299458, 0.5892570421172778, 0.17743204303235277, -0.13993002191494827, 0.12515274379160446, 0.21553587295578336, -0.3197449563063597, 0.11598483546832328, -0.7349592993046326, -0.4414801219538988, -0.4348774521334406, -0.007372113778732724]], "inverted": false, "swapped": true, "error_lsq": 0.05625609582021996, "error_max": 0.2805500048531468, "target": "881.xyz", "model": "21.xyz", "model_rescale": 4.08911054899281, "target_rescale": 4.0797971708668985},
{"mapping": [1, 4, 2, 14, 0, 6, 13, 7, 12, 15, 9, 11, 8, 5, 8, 16], "R": [[0.5033372419834463, 0.37717003436419216, 0.7774280584145465], [0.3299099234554347, 0.747666787831996, -0.576327872637281], [-0.7986307427329145, 0.5465685131350863, 0.2518964017432051]], "T": [0.04669830289366574, 0.03109986189234779, 0.0038301565075413643], "aligned_model": [[-0.3632139558973938, -0.1365682966389473, 0.0834124541742852, 0.6553622856944058, -0.6444279688009819, -0.5959126741056971, 0.08092346784179719, -0.2480515668161418, 0.46682019441126116, 0.47406068824095066, 0.5851300742560874, 0.11707243720803914, -0.36931863182235897, 0.14862935882067635, -0.36931863182235897, 0.021694268587879553], [-0.5208986446858974, -0.41711469228359477, -0.6860134087318214, -0.06017710139185009, -0.1224878356103001, 0.402929985379193, 0.07967835322329689, 0.4918724636989333, 0.4387495095200825, -0.45661485814280806, 0.4624507715714111, -0.1167694011270815, 0.1024919542678576, 0.5308651662023854, 0.1024919542678576, 0.023633857198411833], [0.400400415218703, -0.49797583467667383, -0.07136597081098078, -0.17788186280273713, -0.31054969960376455, 0.06984242854123479, -0.6543481888461478, -0.4507106136549104, -0.4459351901908747, 0.33700092555170796, 0.18152436538641245, 0.751543465558571, 0.5539166017466534, 0.4912455382854124, 0.5539166017466534, -0.0359782279705454]], "inverted": false, "swapped": false, "error_lsq": 0.042514747908916656, "error_max": 0.4253798746077012, "target": "881.xyz", "model": "22.xyz", "model_rescale": 4.204369325754507, "target_rescale": 4.0797971708668985},
{"mapping": [11, 5, 9, 8, 2, 3, 6, 1, 0, 7, 4, 13, 10, 12, 14, 15], "R": [[-0.8832785270802849, 0.41048318780010823, -0.22654490974714897], [-0.45479834024274374, -0.8675518907534258, 0.20127639345586873], [-0.11391888917702943, 0.2808153652911771, 0.9529770287394417]], "T": [0.05240844347135534, 0.07173951240948268, 0.11897210998987487], "aligned_model": [[-0.31999737851894916, -0.10697232792324876, 0.24314445662552198, 0.4350146669956181, -0.5796410993570531, -0.5457727508063023, -0.00409818583976182, -0.1379727729404893, 0.443004490665997, 0.6548667289553358, 0.715051782220883, 0.1336266513153892, -0.7238674906082585, 0.09451898499344592, -0.4122840060260402, 0.017671753579414612], [-0.48781225140452783, -0.543548004919925, -0.669503636891644, -0.20745094745401876, -0.09367277209221811, 0.6701153201355521, 0.060224202094638385, 0.5590442971238475, 0.38802860486534235, -0.286119566609492, 0.37475772028038506, -0.19349291952146913, -0.03948254982188862, 0.5295384648382531, 0.13208786601705214, 0.062374246716188166], [0.3786429194008899, -0.4170145348877211, 0.17543638061065128, -0.47089000981242735, -0.45415739942259203, 0.21671793555135035, -0.6259828242608279, -0.28328211709974993, -0.3501442890683132, 0.18684288983464012, 0.1801995542094703, 0.7308423618722191, 0.17309570917128814, 0.4169417118911921, 0.7355416240539031, 0.10185484143474072]], "inverted": false, "swapped": false, "error_lsq": 0.037452200774343115, "error_max": 0.2660554452051352, "target": "881.xyz", "model": "23.xyz", "model_rescale": 4.410303926677745, "target_rescale": 4.0797971708668985},
{"mapping": [14, 11, 9, 10, 7, 12, 1, 0, 3, 8, 4, 15, 13, 5, 6, 16], "R": [[0.05243744600882527, 0.9797261574771611, -0.19335710644067072], [0.7893388883807665, 0.07794186791702329, 0.6089902991964826], [0.611714339823653, -0.18455817939241448, -0.769248883569856]], "T": [-0.030449417523970443, -0.02056377965496216, 0.039573967316770264], "aligned_model": [[-0.3363663968166067, -0.16619232245149307, 0.2545696229381698, 0.48324784397876364, -0.5247260285916275, -0.494329995511343, -0.008180242386745099, -0.1743634807763635, 0.4910377990313901, 0.7411234558205496, 0.5738338928427944, 0.11618041092400956, -0.7112467837187387, 0.08787907732621908, -0.4482192260280627, 0.022045876750586654], [-0.5229034889728236, -0.5553007168308696, -0.5522727872816562, -0.2922585037133692, 0.06964015963962054, 0.6072012922848282, 0.011017848870217655, 0.6586320205962938, 0.47149832801578545, -0.19523141065147134, 0.3003280405637928, -0.24656086238174074, -0.04856962488559043, 0.4214834354913892, 0.08623223160892828, 0.04215211100274033], [0.3745659198134697, -0.27083182900850766, 0.20830351840685404, -0.2538217496237342, -0.3957245254092086, 0.23167201156040293, -0.8176553101514823, -0.25769294709754853, -0.5037279283158749, 0.26289702267694215, 0.11543234536447677, 0.7004364362488853, 0.21253998318208892, 0.4710767602576463, 0.6656419259605382, -0.048466880386234173]], "inverted": true, "swapped": false, "error_lsq": 0.04263474330951358, "error_max": 0.25356971760905483, "target": "881.xyz", "model": "24.xyz", "model_rescale": 4.28219845311461, "target_rescale": 4.0797971708668985},
{"mapping": [1, 5, 3, 9, 8, 6, 11, 10, 12, 7, 13, 4, 0, 2, 0, 15], "R": [[-0.8901045877745353, 0.22049070660174352, -0.3988704941769807], [-0.055951843467152956, -0.921429844646409, -0.38449503586850375], [-0.45230875962704087, -0.3199232559492332, 0.8325057935338885]], "T": [0.08674243546249005, 0.044489974305383775, 0.004656381440656804], "aligned_model": [[-0.3333802842854403, -0.2359418057225765, 0.13315334470198986, 0.5256964333766517, -0.5400494287017147, -0.6798392328174387, 0.1398066988531656, -0.371442987757634, 0.5961060355059807, 0.7378741849305277, 0.5806880330354602, 0.1449000039858121, -0.436728654200333, 0.03830247876788498, -0.436728654200333, 0.04387733785950021], [-0.4296756149667673, -0.4727132903856331, -0.7019568212590085, -0.33422656422848857, -0.04082014604736543, 0.5029703171865607, 0.17855261933009614, 0.4341198576448519, 0.4295546778176212, -0.2699656051974517, 0.320445142627499, -0.20182757245179567, 0.11105115655745086, 0.5681959080092966, 0.11105115655745086, 0.05033285216175812], [0.09707549823186465, -0.5900337432443874, 0.2064199900400217, -0.3428588772674548, -0.28135095991928916, 0.1244288991971996, -0.5204040554695883, -0.5129916561151198, -0.4156932317300843, 0.29221705174251456, 0.18571700292307391, 0.6906548773637105, 0.6268314366624409, 0.4430234536377562, 0.6268314366624409, 0.06477763076361476]], "inverted": true, "swapped": false, "error_lsq": 0.048254417736404626, "error_max": 0.4240462964749161, "target": "881.xyz", "model": "25.xyz", "model_rescale": 4.100010024507729, "target_rescale": 4.0797971708668985},
{"mapping": [0, 11, 13, 10, 4, 7, 5, 8, 9, 6, 2, 15], "R": [[0.7073152284334592, 0.7041317084760605, -0.06247963463968037], [-0.34950810184161885, 0.2715190194488964, -0.8967282246169007], [-0.6144503677053115, 0.656106667544306, 0.43814927414148896]], "T": [-0.08476617996115374, 0.08416770442003577, -0.05643381001950122], "aligned_model": [[-0.7527996934942638, -0.1392564655960219, 0.4124092993905665, 0.6265051633328057, -0.5290846011326148, 0.15256112712488232, -0.1408387116760135, 0.5776164106730106, 0.10019430894855008, 0.02338837078356726, -0.4047275599553608, -0.04920204603610127], [-0.1785521450334062, -0.5825135168871661, -0.18151258588027983, -0.23577056206905941, 0.5842155294532495, 0.7387018149495126, 0.14565916877982896, 0.4004503000443401, -0.5409734189615731, 0.664468675223429, -0.17098621700153158, 0.022944347433295202], [-0.06747456826015648, 0.07921291446117217, 0.48444381975176865, -0.12170590026057924, 0.14112653590207963, 0.2420672012062942, 0.6876366163031765, -0.2261320214045891, -0.6429935508396859, -0.3974669322034937, -0.571958355089206, -0.04156346971242414]], "inverted": false, "swapped": true, "error_lsq": 0.04448706274631229, "error_max": 0.25747255902340405, "target": "881.xyz", "model": "26.xyz", "model_rescale": 3.6694154284099745, "target_rescale": 4.0797971708668985},
