[{"mapping": [6, 1, 3, 12, 4, 8, 9, 2, 5, 13, 10, 14], "R": [[-0.9856071783836047, 0.1631210487649483, 0.04438483264058619], [0.014985224899372068, -0.17721623248716578, 0.9840578488980056], [0.16838626117775976, 0.9705595965178431, 0.17222118526388414]], "T": [-0.12441178354938896, 0.01199254796853022, -0.011469996793433204], "aligned_model": [[-0.2985929394536086, 0.3913304873034995, 0.36619231205178704, -0.05653111498033639, -0.05413052257413345, -0.7672071190999441, 0.286198499831872, -0.10299094878377682, 0.5969232232202382, 0.1170098079193831, -0.5899728873752129, -0.05058633559921881], [-0.2638293659687858, -0.6708523644613077, -0.26109601636347957, 0.7009575516886161, 0.20505912069425392, -0.38292025088776366, -0.22848254328190432, -0.760507164539347, 0.24899141102274072, 0.29426731493849984, 0.2694960386251142, -0.09752869548957951], [-0.5478459765804402, 0.05445332698701079, -0.48937484897216155, -0.02674022498460435, -0.6689315984300992, 0.07978700235956904, 0.5451078094945547, 0.5247795736978236, -0.1047959712648726, 0.4637411525593802, 0.26480023100023975, 0.08697126948716205]], "inverted": false, "swapped": true, "error_lsq": 0.049744552148363264, "error_max": 0.3092038753857442, "target": "884.xyz", "model": "0.xyz", "model_rescale": 3.751011558992144, "target_rescale": 4.083643993871028},
{"mapping": [8, 8, 2, 4, 6, 10, 1, 7, 0, 5, 12, 3, 11, 9, 14], "R": [[0.5308398775410579, 0.43799491984746475, -0.725513249086471], [-0.5310053888782762, 0.8391054982561847, 0.11804761657259685], [0.6604864127250655, 0.322587062642092, 0.6780083226786537]], "T": [-0.0137556772796212, 0.08003917589246498, -0.08172762723951447], "aligned_model": [[-0.3239043871579376, -0.3239043871579376, 0.23859940600085314, -0.6125982231820707, -0.00878831252485134, -0.7569932176846709, 0.13705487238982914, 0.4822026399613642, 0.5772839504597833, -0.3142985572817832, 0.4676220189376641, 0.6896526884655649, -0.07174525388780613, -0.26669183901475974, -0.0014126031439527526], [0.17575980022001753, 0.17575980022001753, 0.6644800839109577, -0.3367163566174183, -0.6067176949515707, -0.014950647277101159, -0.498449836992353, -0.3301758532277831, -0.05487260709272676, 0.6191716171916415, 0.18755952657755925, 0.37676769657328324, -0.15982648537411084, 0.48123603134253623, 0.0956725986409582], [-0.6605744048750406, -0.6605744048750406, -0.6094433072843022, -0.3871394823618797, 0.22169628563823213, 0.2514819766972981, -0.4399066181306377, 0.0777276995470446, -0.5377709231587812, -0.1771018114531493, 0.47387114152289406, -0.10570147814074703, 0.677108759919554, 0.37571526821079654, -0.0306682788553471]], "inverted": false, "swapped": false, "error_lsq": 0.04773156601131477, "error_max": 0.4059891208458372, "target": "884.xyz", "model": "1.xyz", "model_rescale": 3.9405287249114394, "target_rescale": 4.083643993871028},
{"mapping": [11, 2, 9, 6, 0, 13, 10, 8, 3, 5, 4, 12, 14], "R": [[0.44319209441818386, -0.44717599719037393, -0.7769262480969596], [0.7029396130092778, 0.7112004108662692, -0.008359189315776006], [0.5562882956773318, -0.54242750955353, 0.6295361220549339]], "T": [-0.06900357779257356, -0.09858704428557323, 0.10507881617649965], "aligned_model": [[0.07029555606919206, 0.179125821170314, -0.4037722734399151, 0.4775135480759231, 0.4767450562792956, -0.6263292614753732, -0.12663429651118857, 0.5038336172255818, 0.08501807168779192, -0.5763962417356814, 0.08597272262180904, -0.5659835502697037, -0.08340549041411446], [0.8232302882806747, 0.4174837422933187, 0.14343287194139603, -0.39688218529266306, -0.06480741393080475, 0.11072822839938194, 0.361267788868086, 0.39494611602083957, -0.7337249888380902, -0.6195834589813676, -0.6937351262527441, -0.2353370528505737, -0.048186216085436114], [0.12916362532617498, -0.6411657847748413, -0.499540245172679, 0.18542204835348136, -0.29851299840345563, 0.008309687355319853, 0.48533223239548523, 0.18092319422899378, -0.23630061086398474, -0.1322349235062556, 0.41532230380460106, 0.5674899789953844, -0.051088158149580745]], "inverted": false, "swapped": true, "error_lsq": 0.05526814225162148, "error_max": 0.4424610719666754, "target": "884.xyz", "model": "2.xyz", "model_rescale": 3.932901565614263, "target_rescale": 4.083643993871028},
{"mapping": [9, 1, 2, 13, 11, 8, 0, 10, 12, 7, 3, 5, 6, 14], "R": [[0.7006401119968543, 0.3616263856266631, 0.6150851897742554], [0.6935583496504671, -0.14271367371253743, -0.7061229517340392], [-0.16757162376475404, 0.9213355331007634, -0.3507999235387265]], "T": [0.0007439335104707824, -0.024418612751230237, 0.1490554333628947], "aligned_model": [[0.06155997517480295, 0.6512116574303276, 0.1315863104833119, -0.2822955422441113, -0.6537496989581795, -0.2222679788085895, 0.38959597831199366, -0.5814665255662932, -0.3295562516353327, -0.23213584072731017, 0.7226026986136428, 0.3595241250296685, 0.35601754481109493, 0.049183460137677604], [0.19995336669606129, -0.08436887888601478, -0.44095961947815465, 0.4079831061612685, -0.5142885564146881, -0.746166928876196, -0.532092033613238, -0.15875340216245448, 0.4776549147803564, -0.24590796514731084, 0.08922798934221036, 0.6509169333264037, -0.4116971604694646, -0.028005126908290386], [-0.5453267040066376, -0.40764094234199355, -0.684102488007288, -0.16192121207945223, -0.29971738744861454, 0.06650328538935153, -0.08101145434174212, 0.19769259566168468, 0.49305790723488174, 0.775868387079501, 0.24737716749058924, 0.1290288268395156, 0.4924385758776584, -0.008350194290357327]], "inverted": true, "swapped": true, "error_lsq": 0.05217096298750724, "error_max": 0.3155876389941267, "target": "884.xyz", "model": "3.xyz", "model_rescale": 3.9243930471874484, "target_rescale": 4.083643993871028},
{"mapping": [11, 8, 2, 9, 1, 10, 13, 0, 3, 4, 5, 12, 14], "R": [[-0.5992221106353255, 0.4625508378043653, -0.6534367487157615], [-0.28831662139739916, -0.8861170588308385, -0.3628637263146775], [-0.7468643705196643, -0.029039292268650624, 0.664342029042873]], "T": [-0.13845224828118885, 0.004423974059680896, -0.05317225465794197], "aligned_model": [[-0.2375225169110431, -0.23659781072030883, 0.5684708892885576, 0.4306995732875535, 0.7068124564796293, -0.5589756625004494, -0.07992611242495995, 0.27967623578361966, 0.2619794115035886, -0.3902150407393803, 0.12514369574050344, -0.6044852074946224, 0.012145975018664823], [-0.681659002729687, -0.08288276863146246, -0.3557945355422544, -0.4361904450784384, 0.14366030978401434, -0.37398337574525187, -0.484907137249197, 0.23970387530827586, 0.5849110969599549, 0.6120905981936616, 0.13571290933840544, -0.11316351550698556, -0.0596684554194484], [-0.677036624677111, -0.8016472263534854, -0.5584252237215307, 0.08148682017644644, -0.10565054248953872, -0.25153647413311925, 0.2945615807556456, -0.5345047039030278, 0.1621228365877912, 0.15134347828758082, 0.6528608779640773, 0.4453256937927905, -0.07183017691555496]], "inverted": false, "swapped": true, "error_lsq": 0.04488992606211993, "error_max": 0.2613186621568908, "target": "884.xyz", "model": "4.xyz", "model_rescale": 3.8936222436046832, "target_rescale": 4.083643993871028},
{"mapping": [8, 10, 6, 0, 4, 12, 13, 5, 1, 9, 3, 14], "R": [[-0.3880214599373848, 0.49244038011482083, -0.7790647076208957], [-0.70312951330118, -0.7046590097004808, -0.09520802262826307], [-0.5958592402177773, 0.5108406327616362, 0.6196721825019942]], "T": [-0.1881632693126581, -0.10746693466131704, -0.04818573913903926], "aligned_model": [[-0.0984723639158766, -0.5319696973739814, -0.1749585595870204, 0.3238348120765971, -0.5071140825166451, -0.7556718390714896, -0.19515465490032025, -0.10903770728494147, 0.6380860854229007, 0.349367276453837, 0.12362322845603008, -0.034984455543992266], [-0.5591958230154784, -0.5954911102717764, 0.2260205062501647, -0.071005267896788, 0.47511897790677415, -0.04178520057871497, -0.3521598182117013, 0.3877640015002547, 0.12041322691523496, -0.3324831834852598, 0.5596858803258673, -0.14795928432876942], [-0.6526411592618905, -0.10304894998618794, -0.579907242717763, -0.49360408106562725, -0.23076160832415152, 0.3431372405639139, 0.5030542980787323, 0.5294714740018526, -0.0035115323415348676, 0.39525143669973617, -0.08505159853970887, -0.003103557831852531]], "inverted": false, "swapped": true, "error_lsq": 0.04910873289738287, "error_max": 0.33041582838547623, "target": "884.xyz", "model": "5.xyz", "model_rescale": 3.6523030999806103, "target_rescale": 4.083643993871028},
{"mapping": [12, 5, 3, 7, 6, 13, 1, 10, 9, 2, 0, 8, 14], "R": [[-0.6208872107781456, 0.7837193634380996, -0.01682352116278979], [0.43465740149966126, 0.362050736979719, 0.8246164000151855], [0.6523588083361005, 0.5046813085746512, -0.5654420942604828]], "T": [0.151571634737617, -0.12850399069551308, 0.09555715035619664], "aligned_model": [[0.22488434643436378, -0.2815221706476855, 0.056169891710875844, 0.8283237804495784, 0.5852193471131113, -0.29075384249041003, -0.38514321078128577, 0.3576056323516749, -0.5550622594540652, -0.34180480890791065, 0.1665434501625047, 0.501956633632403, 0.014666115091139964], [-0.6166223518702235, -0.014261581283399355, 0.5113815220401573, -0.2922810501161319, 0.32536906798854304, -0.5302116720125845, 0.5204973255241419, -0.634062358958204, -0.12595700838581042, 0.15711299906405998, 0.41341976155900884, -0.0964015398413707, -0.07715620954500359], [0.5812313757101828, 0.7157029543571292, 0.44926300038416267, 0.20218083207185725, 0.08750090278515396, 0.17782607723838958, -0.06981399325369733, -0.15211431745499215, -0.09645842516648287, -0.6526279068691113, -0.3142763271678085, -0.5779928382854272, 0.019688405132433]], "inverted": true, "swapped": true, "error_lsq": 0.05180229671020315, "error_max": 0.30411294681751777, "target": "884.xyz", "model": "6.xyz", "model_rescale": 4.08911054899281, "target_rescale": 4.083643993871028},
{"mapping": [8, 8, 3, 10, 12, 5, 11, 13, 1, 4, 2, 0, 7, 6, 14], "R": [[0.5870897864746235, -0.8093612970710248, 0.016120589960965603], [-0.3595432270316813, -0.2785417667948564, -0.8905858476567237], [0.7252959744220466, 0.5170578062018873, -0.4545293989753202]], "T": [-0.0002562203088569614, 0.0032364312127376865, -0.10448787008268591], "aligned_model": [[-0.32539442624056114, -0.32539442624056114, 0.048484776760492655, -0.5430546157156595, -0.25329659277444544, -0.6689667176531934, 0.07024583436461335, 0.32763568623306744, 0.7109827433812076, -0.5272346527807711, 0.6100099711489769, 0.6373284581847062, -0.04644513632686672, 0.11098976668858226, 0.08618812614970087], [0.18989512585327611, 0.18989512585327611, 0.7463636588379372, -0.3601881604791392, -0.6307490562040085, -0.015332169686256128, -0.48325309047255055, -0.5442778766895898, -0.09229867518078048, 0.4700757390083307, 0.1524353118390892, 0.6927608685487437, 0.05065077329936145, 0.42582102996489796, -0.01710093134868003], [-0.674218202822296, -0.674218202822296, -0.37251338198881767, -0.40873672644763, 0.10053624961698333, 0.26018007118096886, -0.42525019413960374, 0.2541338005092635, -0.25600763391188874, -0.13919063810817212, 0.40093711235748675, -0.15643025326455967, 0.6668145535742249, 0.13673723998655374, -0.24405337131932314]], "inverted": false, "swapped": false, "error_lsq": 0.05709652794652045, "error_max": 0.4133009286390822, "target": "884.xyz", "model": "7.xyz", "model_rescale": 3.964800864290218, "target_rescale": 4.083643993871028},
{"mapping": [11, 8, 2, 10, 9, 7, 13, 0, 6, 3, 4, 5, 1, 14], "R": [[0.2568703404408583, -0.12148147562467301, 0.9587804124416859], [0.7140150544038653, -0.6447191634169237, -0.27298297091142365], [0.6513064795366637, 0.7547048770234851, -0.07886962856843788]], "T": [-0.1410117783316332, -0.013356800539234088, 0.12514238302626043], "aligned_model": [[-0.1596554240393704, 0.08523055491416523, 0.5638636482615687, -0.5227755285520311, 0.13624270460044957, -0.5113363890920571, -0.40186114025146635, 0.4986986734307403, 0.13461370526612287, 0.2798647214591203, -0.25239256697227086, -0.19597013840480676, 0.6334588059490858, -0.02679373710837643], [-0.18308808160219947, -0.547424166574326, 0.189529412939511, -0.20595019716885296, 0.5967337929371582, -0.5965195956684757, 0.4879762915668359, -0.2285976580035569, -0.49235177957132065, 0.08615076589168189, -0.2911768519353511, 0.5613616582934492, 0.348394094118504, 0.08591078095814447], [-0.7916865148873117, -0.3658324199772228, -0.46372608887911726, -0.29502978460664764, -0.17003103757319002, 0.26285889787833544, -0.08559870577672948, 0.04570121612798525, 0.42298529099319515, 0.7223224282993914, 0.745529563534552, 0.6270195217030711, 0.20224460927347185, 0.06005806261523827]], "inverted": true, "swapped": true, "error_lsq": 0.04734791019052605, "error_max": 0.27816569971082233, "target": "884.xyz", "model": "8.xyz", "model_rescale": 4.121658175737393, "target_rescale": 4.083643993871028},
{"mapping": [12, 7, 6, 3, 10, 13, 8, 2, 0, 11, 5, 1, 14], "R": [[-0.052705938959867804, -0.18512124654189516, -0.9813012830304124], [-0.9857256167266752, -0.1476998435209788, 0.08080695980356023], [-0.1598971310786234, 0.9715528191007701, -0.1746940959797218]], "T": [-0.13979096724241322, 0.03267058256802074, -0.11829455094607122], "aligned_model": [[-0.7790569261776193, -0.2677158041975499, 0.31330516409658504, 0.27535156831446495, -0.46883484051951896, -0.5785085988925794, 0.2103029347014522, 0.3892445737788425, 0.5239266037295128, -0.1864341974781557, -0.3434227943206076, 0.46292443160442587, -0.07434461820405548], [0.1643805783733322, -0.28889241744843336, 0.00039525022839750207, 0.6156023558676669, -0.4682951433469607, 0.14754958150737374, -0.641513541079922, -0.17561240107666137, -0.0624995716515609, -0.7739680292493121, 0.7678017654752137, 0.4415972584141633, 0.06384175339841279], [-0.3496065742760877, -0.7318232581238453, -0.551628364143987, -0.295805151121594, -0.10629876925880279, 0.279346896398705, -0.09880534256687235, 0.6310503995935867, -0.007431502354108624, 0.3474200401336465, -0.060687142484679796, 0.33571676033194947, 0.029627441831178963]], "inverted": false, "swapped": true, "error_lsq": 0.04727019069707624, "error_max": 0.25137641957692936, "target": "884.xyz", "model": "9.xyz", "model_rescale": 3.833441315466971, "target_rescale": 4.083643993871028},
{"mapping": [5, 1, 4, 0, 10, 12, 13, 8, 2, 6, 9, 3, 11, 7, 14], "R": [[0.5974107839455713, -0.5114743915676099, -0.6176522500534432], [0.3901728452999261, -0.4875085353861133, 0.7810893538618017], [-0.700617945827894, -0.707622339031372, -0.09167943764919229]], "T": [-0.08788954159641886, 0.07325384554009494, -0.07662715214466348], "aligned_model": [[0.043886125888773206, -0.6712168253172329, 0.03477770099124701, -0.39903231188431293, -0.28398476043256915, -0.6565228301670921, 0.19056780993692907, 0.3114950942273836, 0.5571284244020654, -0.46523488103282334, 0.6755238156824863, 0.5956352026057944, -0.1930945806042894, 0.17024064420676044, 0.001910166676169625], [0.07524311399691663, 0.09601311689071594, 0.7529581788243309, -0.39601274184033247, -0.6591212317388888, 0.11546258989965623, -0.46542170583594666, -0.42382726282657157, -0.05434578032169542, 0.6280409311406412, 0.009938198212551416, 0.6089603713604499, -0.0037645693410556097, 0.39335929491293764, 0.09721516981019857], [-0.740002172579447, -0.5291978411517075, -0.4752088213177575, -0.4597746539890168, 0.24106382168064827, 0.11803836185220073, -0.5942918072462127, 0.371660307806644, -0.3670069275195059, -0.18175256534904713, 0.19002112042495078, -0.0882155948535209, 0.5929526747468863, 0.4476011237436584, -0.05716660384787936]], "inverted": true, "swapped": false, "error_lsq": 0.053368173772658185, "error_max": 0.3379063880628624, "target": "884.xyz", "model": "10.xyz", "model_rescale": 4.2482417240324, "target_rescale": 4.083643993871028},
{"mapping": [13, 5, 4, 3, 11, 8, 10, 0, 1, 2, 9, 14], "R": [[-0.14193140003594512, -0.7689646000608967, -0.6233369245737189], [0.8493894896382221, 0.22876268211936107, -0.4756102712953929], [0.5083236887810342, -0.5969598639127607, 0.6206818414464057]], "T": [0.0006594709963913953, -0.024882970238586606, 0.18768058746921484], "aligned_model": [[-0.5548458676113158, -0.04055289029370707, 0.48417630518737653, 0.5444543983319048, -0.4853457594912459, 0.1183306190249983, -0.35904720651118793, 0.41852287803351523, 0.26324825895312, -0.10000073112539477, -0.3779570952737642, -0.034217306861292235], [-0.22849039931875648, -0.7610070698534158, -0.36446688074798245, -0.4275556615724296, 0.7699885337424642, 0.7244775976654486, 0.30786670903124286, 0.33241451381579706, -0.09103815415423389, 0.4924032263609747, -0.08514845041394976, -0.0033125745045199592], [0.07043341707185505, -0.01634206282854478, 0.5417485944284054, -0.10524358528486477, 0.1463317127139355, 0.23330998799831507, 0.5330342974004925, -0.21181618193185453, -0.626741765536013, -0.5914604616067707, -0.4361988050640883, 0.02813714249348906]], "inverted": false, "swapped": true, "error_lsq": 0.04794765021580417, "error_max": 0.29677189285192923, "target": "884.xyz", "model": "11.xyz", "model_rescale": 3.6694154284099745, "target_rescale": 4.083643993871028},
{"mapping": [10, 7, 6, 4, 12, 11, 13, 2, 3, 1, 0, 5, 8, 14], "R": [[0.7366777422000492, 0.2592045058280766, -0.6245950114317761], [0.1602991822815935, 0.8303659703067907, 0.5336633091344342], [0.6569703770390948, -0.4932599512578382, 0.5701618578774144]], "T": [0.1198212542276117, 0.008518691912679482, -0.07691458319768006], "aligned_model": [[-0.11823022092950278, 0.07425580601060258, -0.039490671939815675, 0.4714641609108393, 0.619718531754325, -0.6262231295529596, 0.34756246574054983, -0.51044441011964, 0.4196166133929366, 0.025578438746787557, -0.3338758186243201, 0.8120173143095921, -0.6185084099771795, 0.074824180533594], [-0.34440379644928454, 0.2664369757237284, 0.6096928763018478, 0.5430286861417074, -0.23952140040886558, -0.5354324760154311, -0.53862069299029, -0.19357865445478636, 0.5538168549482175, 0.2067176135831367, 0.36486341709406533, 0.0038475411666649417, 0.07508435952737813, -0.04094401603183439], [-0.499001825654656, -0.7308159138474637, -0.16250257988815364, -0.3320934362079457, -0.48690551713147995, -0.20831635519896952, 0.03516351203553918, 0.591441695126248, 0.31860462788888627, 0.7528134615091284, 0.2823156921622179, 0.24873121417895055, -0.24397182144470408, 0.07363270612481738]], "inverted": true, "swapped": true, "error_lsq": 0.04120489737028298, "error_max": 0.2800112736091507, "target": "884.xyz", "model": "12.xyz", "model_rescale": 3.9764082729961374, "target_rescale": 4.083643993871028},
{"mapping": [7, 2, 0, 8, 11, 10, 3, 14, 4, 9, 6, 5, 13, 12, 15], "R": [[-0.6327281794074969, -0.7589178542778501, 0.15394395552271184], [-0.4636913241570615, 0.5305301001518465, 0.7095971876595502], [-0.6201978772014184, 0.377599660078205, -0.6875849691664869]], "T": [-0.01666132219234318, 0.11794855538408747, -0.05619418140535569], "aligned_model": [[0.09806513385715404, -0.5148991162035039, 0.0619917354125179, -0.520968430384139, -0.3081991618098364, -0.7319656018467, 0.017790086005187323, 0.30978165395835383, 0.5808449192446378, -0.08658623779708195, 0.6619162259940126, 0.5112494428916715, 0.07158558614200437, -0.2917832699494344, 0.053255829664445364], [0.0016546731791788616, 0.23685008383950099, 0.5629061527688574, -0.3090693765041178, -0.5693437415249203, -0.07606749955930098, -0.6430874059847013, -0.5503688989430061, 0.20832406931459127, 0.7127037211463013, -0.008600703938906856, 0.7663034709497897, -0.04025670264262765, 0.42630787761118116, 0.05644195343208782], [-0.7939931188991853, -0.6676523083903343, -0.6244673257305479, -0.3071580495650918, 0.21432325875352898, 0.2550042390447348, -0.4140779799912966, 0.23637171397327195, -0.44437233600048187, -0.1098218374650216, 0.2711841956469893, 0.005206416351666923, 0.5283262422660749, 0.4300526460457444, -0.11020533363915785]], "inverted": true, "swapped": false, "error_lsq": 0.04385299435408506, "error_max": 0.30122642197902777, "target": "884.xyz", "model": "13.xyz", "model_rescale": 4.170626492500431, "target_rescale": 4.083643993871028},
{"mapping": [9, 11, 13, 10, 5, 4, 12, 2, 1, 8, 0, 7, 3, 14], "R": [[0.5423075736644298, -0.36257551018168144, 0.757919187620087], [0.7239640859322019, 0.6594306839993471, -0.20255166076955525], [-0.4263548965668751, 0.6585515715694913, 0.620105902049644]], "T": [-0.1133991498681788, 0.09371981577926179, 0.08533196317976878], "aligned_model": [[0.3856911641233286, -0.21879486801945014, -0.1473604890289656, -0.5488797413456217, 0.08449866672688021, -0.3175173028277986, -0.6410945495661421, 0.6004107265873837, 0.7427085785322037, -0.13837547545564988, 0.37805607251538864, -0.6891523576201983, 0.3226341970263732, 0.030358400443911845], [-0.13184745858339714, -0.8328302104034964, -0.017122133792580707, -0.31481924579421783, 0.677533114023772, 0.6738906256027762, 0.35693180917060374, -0.5188529279737795, 0.1544588233238247, -0.48850666784538965, -0.07271431787055911, 0.1763473467519076, 0.659496997475315, 0.034108713840886956], [-0.400709384854689, 0.07400443379005502, -0.5065715382645176, 0.03210680487911012, -0.3676590715782553, 0.39550534346257116, -0.2776704514926037, 0.08822224417503562, 0.08719725932434004, 0.5730391570232628, 0.5242401897628538, 0.48265542877101164, 0.2681813312222777, 0.03133135490041416]], "inverted": true, "swapped": true, "error_lsq": 0.04502903726262573, "error_max": 0.2673419330639948, "target": "884.xyz", "model": "14.xyz", "model_rescale": 3.9786697098870705, "target_rescale": 4.083643993871028},
{"mapping": [10, 13, 7, 8, 12, 4, 9, 3, 6, 0, 5, 14], "R": [[0.5188560075342941, -0.7679018802251203, -0.37565295924868963], [-0.5916466899070434, -0.6397532644762426, 0.49058124191007335], [-0.61704346505543, -0.03228719465540375, -0.7862664302217618]], "T": [0.004887767062585653, -0.05065043580022807, -0.05713818376651264], "aligned_model": [[0.05126500806622664, -0.5599751577702727, 0.5491629320472454, 0.4480691514362606, -0.18399692283080415, 0.3904721902207814, -0.6112680298040355, 0.09137411297140546, 0.5685629572040971, 0.2818904321391302, -0.4524526018877137, -0.08974947502498429], [-0.3081856216696961, -0.06629662411574949, 0.13700594478960013, -0.662365150026749, 0.3976476393445374, 0.5160927293950633, -0.34035799912234166, 0.3385181315521937, 0.04134662180728313, -0.40705662638265594, 0.5089552021866414, -0.14062975753368767], [-0.596494473631646, -0.2680271078591522, -0.4630133234654823, -0.13999451088684883, -0.5499516891930443, 0.010661167979380382, 0.21236040718400784, 0.563128475406574, 0.20348187759319408, 0.4509101787632474, 0.19362805689016566, 0.04327743509343433]], "inverted": false, "swapped": true, "error_lsq": 0.056352790223844366, "error_max": 0.3271344900176568, "target": "884.xyz", "model": "15.xyz", "model_rescale": 3.769337070930944, "target_rescale": 4.083643993871028},
{"mapping": [6, 12, 0, 8, 3, 5, 1, 13, 2, 11, 14], "R": [[0.9286387801156613, -0.34351462411390243, 0.1400989617562582], [-0.16710080702107633, -0.05014610793295923, 0.9846637436973505], [-0.33122097813725837, -0.9378075873435131, -0.10396919141138626]], "T": [-0.11306598101449092, -0.11995792409307718, -0.08794797917882835], "aligned_model": [[-0.30452439175050205, -0.19640366849885954, -0.05657643324813022, -0.6354860889622439, 0.34541187040343513, 0.5184171817385403, 0.5399634738036574, 0.13256089178836927, 0.15387943627013026, -0.571140846296516, -0.0034752945567102095], [0.2337002286378703, -0.8041134845851482, 0.554816028014748, 0.3854541070465124, 0.09250642953572022, -0.48688206479917884, 0.43667620140902275, -0.48769831337431335, 0.5794605071660103, 0.12919536780085844, -0.037050509226759704], [-0.5700118576617748, -0.15502808262201076, -0.1458965112059246, 0.13365010653421758, -0.6249021192334869, -0.31553989625386003, -0.0699443556409622, 0.32220261610643985, 0.4815537873194706, 0.6852412449320856, 0.002892674949582799]], "inverted": true, "swapped": true, "error_lsq": 0.0439649037772487, "error_max": 0.23467412821838873, "target": "884.xyz", "model": "16.xyz", "model_rescale": 3.7852294659196426, "target_rescale": 4.083643993871028},
{"mapping": [10, 6, 4, 7, 8, 0, 1, 3, 12, 13, 9, 5, 14], "R": [[-0.421862070969768, -0.058208265287677335, 0.9047895837869143], [-0.5216746447996901, 0.8317819822186615, -0.1897216356389315], [-0.7415443061949943, -0.5520421468589094, -0.38126304573245856]], "T": [0.011622621000212455, 0.051151575979680175, -0.08438470902914948], "aligned_model": [[0.04188814427234401, -0.32800110502656654, 0.19706888820937957, 0.05127304555971425, -0.6259679200825496, -0.6194301370815738, -0.3669653788414346, -0.02710596712398443, 0.6576782645277737, 0.38530671989291276, -0.004382183488269201, 0.5429872350482661, -0.05058375564972915], [-0.1457812023328157, -0.33463461948437684, -0.4213109668419426, -0.6447219754441134, -0.16345279269932028, 0.15749265863456807, 0.6607152037667035, 0.13099840736835505, -0.1513659346657899, 0.4358546193959076, 0.7789960088861849, 0.3687063517066188, 0.20355986541289472], [-0.6497889067392464, 0.27608821794554267, 0.3812962358072178, -0.18623187728580454, -0.4377868438078621, 0.1443793145220052, 0.38648306333278737, 0.6475902702595097, -0.22968613618511552, -0.36034272754923163, -0.16308830807638014, 0.36507385629355854, -0.07823146137380685]], "inverted": false, "swapped": true, "error_lsq": 0.03736404402450051, "error_max": 0.2055677521714273, "target": "884.xyz", "model": "17.xyz", "model_rescale": 3.901054581598922, "target_rescale": 4.083643993871028},
{"mapping": [8, 8, 2, 4, 6, 10, 1, 7, 0, 5, 12, 3, 11, 9, 14], "R": [[0.5308398775410579, 0.43799491984746475, -0.725513249086471], [-0.5310053888782762, 0.8391054982561847, 0.11804761657259685], [0.6604864127250655, 0.322587062642092, 0.6780083226786537]], "T": [-0.0137556772796212, 0.08003917589246498, -0.08172762723951447], "aligned_model": [[-0.3239043871579376, -0.3239043871579376, 0.23859940600085314, -0.6125982231820707, -0.00878831252485134, -0.7569932176846709, 0.13705487238982914, 0.4822026399613642, 0.5772839504597833, -0.3142985572817832, 0.4676220189376641, 0.6896526884655649, -0.07174525388780613, -0.26669183901475974, -0.0014126031439527526], [0.17575980022001753, 0.17575980022001753, 0.6644800839109577, -0.3367163566174183, -0.6067176949515707, -0.014950647277101159, -0.498449836992353, -0.3301758532277831, -0.05487260709272676, 0.6191716171916415, 0.18755952657755925, 0.37676769657328324, -0.15982648537411084, 0.48123603134253623, 0.0956725986409582], [-0.6605744048750406, -0.6605744048750406, -0.6094433072843022, -0.3871394823618797, 0.22169628563823213, 0.2514819766972981, -0.4399066181306377, 0.0777276995470446, -0.5377709231587812, -0.1771018114531493, 0.47387114152289406, -0.10570147814074703, 0.677108759919554, 0.37571526821079654, -0.0306682788553471]], "inverted": false, "swapped": false, "error_lsq": 0.04773156601131477, "error_max": 0.4059891208458372, "target": "884.xyz", "model": "18.xyz", "model_rescale": 3.9405287249114394, "target_rescale": 4.083643993871028},
{"mapping": [13, 11, 14, 9, 8, 5, 7, 0, 12, 10, 1, 3, 6, 2, 15], "R": [[0.6441309887678263, 0.7067780014790547, -0.29250662545360534], [-0.7408222820935079, 0.48120739822437947, -0.4686382253379368], [-0.1904668361231154, 0.5185598292573355, 0.8335574892098646]], "T": [0.10667689534170424, -0.017050106821415063, -0.18837500897046602], "aligned_model": [[-0.03798827026127566, -0.4725441986886417, 0.16087717253121658, -0.5593969627936727, -0.17204857570342105, -0.603306010637464, -0.10016613590589304, 0.42283552444228767, 0.60318481220847, -0.15734069296684947, 0.47464500996867665, 0.5719736347955318, -0.030913649891896627, -0.2753585230852198, 0.08762566116743997], [-0.0023012308813273943, 0.30084700097538564, 0.5787096785524398, -0.3165862722132752, -0.5663724134823016, -0.09366364465701998, -0.6414019353874522, -0.4424748554826553, 0.09032503296747352, 0.719499620697527, 0.15921798945518179, 0.682871841396223, -0.1340902055479878, 0.429412453275572, 0.010704613476124475], [-0.8442593782700655, -0.4758772784998291, -0.6801794113095099, -0.4242426584850384, 0.2507482888985868, 0.23743866130863076, -0.43942540935232954, 0.24949684720176105, -0.39353233897194106, -0.1129213881028529, 0.3303237946066525, -0.05040107835011995, 0.536644930579209, 0.4519728687585508, -0.16706602761081082]], "inverted": true, "swapped": false, "error_lsq": 0.040499385088265734, "error_max": 0.23672292883528295, "target": "884.xyz", "model": "19.xyz", "model_rescale": 4.410303926677745, "target_rescale": 4.083643993871028},
{"mapping": [11, 8, 2, 10, 9, 7, 13, 0, 6, 3, 4, 5, 1, 14], "R": [[0.2568703404408583, -0.12148147562467301, 0.9587804124416859], [0.7140150544038653, -0.6447191634169237, -0.27298297091142365], [0.6513064795366637, 0.7547048770234851, -0.07886962856843788]], "T": [-0.1410117783316332, -0.013356800539234088, 0.12514238302626043], "aligned_model": [[-0.1596554240393704, 0.08523055491416523, 0.5638636482615687, -0.5227755285520311, 0.13624270460044957, -0.5113363890920571, -0.40186114025146635, 0.4986986734307403, 0.13461370526612287, 0.2798647214591203, -0.25239256697227086, -0.19597013840480676, 0.6334588059490858, -0.02679373710837643], [-0.18308808160219947, -0.547424166574326, 0.189529412939511, -0.20595019716885296, 0.5967337929371582, -0.5965195956684757, 0.4879762915668359, -0.2285976580035569, -0.49235177957132065, 0.08615076589168189, -0.2911768519353511, 0.5613616582934492, 0.348394094118504, 0.08591078095814447], [-0.7916865148873117, -0.3658324199772228, -0.46372608887911726, -0.29502978460664764, -0.17003103757319002, 0.26285889787833544, -0.08559870577672948, 0.04570121612798525, 0.42298529099319515, 0.7223224282993914, 0.745529563534552, 0.6270195217030711, 0.20224460927347185, 0.06005806261523827]], "inverted": true, "swapped": true, "error_lsq": 0.04734791019052605, "error_max": 0.27816569971082233, "target": "884.xyz", "model": "20.xyz", "model_rescale": 4.121658175737393, "target_rescale": 4.083643993871028},
{"mapping": [12, 5, 3, 7, 6, 13, 1, 10, 9, 2, 0, 8, 14], "R": [[-0.6208872107781456, 0.7837193634380996, -0.01682352116278979], [0.43465740149966126, 0.362050736979719, 0.8246164000151855], [0.6523588083361005, 0.5046813085746512, -0.5654420942604828]], "T": [0.151571634737617, -0.12850399069551308, 0.09555715035619664], "aligned_model": [[0.22488434643436378, -0.2815221706476855, 0.056169891710875844, 0.8283237804495784, 0.5852193471131113, -0.29075384249041003, -0.38514321078128577, 0.3576056323516749, -0.5550622594540652, -0.34180480890791065, 0.1665434501625047, 0.501956633632403, 0.014666115091139964], [-0.6166223518702235, -0.014261581283399355, 0.5113815220401573, -0.2922810501161319, 0.32536906798854304, -0.5302116720125845, 0.5204973255241419, -0.634062358958204, -0.12595700838581042, 0.15711299906405998, 0.41341976155900884, -0.0964015398413707, -0.07715620954500359], [0.5812313757101828, 0.7157029543571292, 0.44926300038416267, 0.20218083207185725, 0.08750090278515396, 0.17782607723838958, -0.06981399325369733, -0.15211431745499215, -0.09645842516648287, -0.6526279068691113, -0.3142763271678085, -0.5779928382854272, 0.019688405132433]], "inverted": true, "swapped": true, "error_lsq": 0.05180229671020315, "error_max": 0.30411294681751777, "target": "884.xyz", "model": "21.xyz", "model_rescale": 4.08911054899281, "target_rescale": 4.083643993871028},
{"mapping": [8, 11, 1, 5, 10, 9, 6, 7, 0, 15, 13, 4, 12, 14, 16], "R": [[-0.1735672605614668, 0.8383745470394346, 0.5167228705385614], [0.14907242492343975, 0.541006657361468, -0.8277011591256935], [-0.973474097338308, -0.06663269142841338, -0.21887957018500498]], "T": [0.0038207950146918017, 0.137549086858227, -0.09427266294206982], "aligned_model": [[-0.15317255539220936, -0.5439612726884733, 0.12399877784344202, -0.5506238376734399, -0.20767749499955512, -0.5821029732511551, 0.25998629065423307, 0.39491238471644563, 0.7099138146059993, -0.3753326369870652, 0.44753750188821595, 0.6060050617854776, -0.044893392995206574, -0.22306815804366664, 0.050557285716246556], [-0.06296807061380924, 0.3246307445642945, 0.5145565984515964, -0.274914802883785, -0.6125728185373576, -0.06204883658348245, -0.4405736541137525, -0.41317476534933517, 0.018638225876270093, 0.7578052155759057, 0.08384446366109713, 0.4719382131050801, -0.10308690848825014, 0.43850561965071555, 0.13411844882872004], [-0.7391819399318056, -0.5951002679233073, -0.782328598103905, -0.2363773528378637, 0.11482303185264336, 0.25843347295781244, -0.48888318455314195, 0.12831843095804985, -0.38986064139219784, -0.1493365139118359, 0.3925140085237864, 0.014585992980902393, 0.6019246881475702, 0.4251204004469875, -0.08593110481280083]], "inverted": true, "swapped": false, "error_lsq": 0.036956977828502116, "error_max": 0.22521000705999866, "target": "884.xyz", "model": "22.xyz", "model_rescale": 4.204369325754507, "target_rescale": 4.083643993871028},
{"mapping": [13, 11, 14, 9, 8, 5, 7, 0, 12, 10, 1, 3, 6, 2, 15], "R": [[0.6441309887678263, 0.7067780014790547, -0.29250662545360534], [-0.7408222820935079, 0.48120739822437947, -0.4686382253379368], [-0.1904668361231154, 0.5185598292573355, 0.8335574892098646]], "T": [0.10667689534170424, -0.017050106821415063, -0.18837500897046602], "aligned_model": [[-0.03798827026127566, -0.4725441986886417, 0.16087717253121658, -0.5593969627936727, -0.17204857570342105, -0.603306010637464, -0.10016613590589304, 0.42283552444228767, 0.60318481220847, -0.15734069296684947, 0.47464500996867665, 0.5719736347955318, -0.030913649891896627, -0.2753585230852198, 0.08762566116743997], [-0.0023012308813273943, 0.30084700097538564, 0.5787096785524398, -0.3165862722132752, -0.5663724134823016, -0.09366364465701998, -0.6414019353874522, -0.4424748554826553, 0.09032503296747352, 0.719499620697527, 0.15921798945518179, 0.682871841396223, -0.1340902055479878, 0.429412453275572, 0.010704613476124475], [-0.8442593782700655, -0.4758772784998291, -0.6801794113095099, -0.4242426584850384, 0.2507482888985868, 0.23743866130863076, -0.43942540935232954, 0.24949684720176105, -0.39353233897194106, -0.1129213881028529, 0.3303237946066525, -0.05040107835011995, 0.536644930579209, 0.4519728687585508, -0.16706602761081082]], "inverted": true, "swapped": false, "error_lsq": 0.040499385088265734, "error_max": 0.23672292883528295, "target": "884.xyz", "model": "23.xyz", "model_rescale": 4.410303926677745, "target_rescale": 4.083643993871028},
{"mapping": [15, 9, 8, 14, 13, 11, 6, 12, 5, 10, 0, 2, 7, 1, 16], "R": [[0.9069675301312651, 0.15657468348771938, 0.3910169661003392], [-0.25713538624467946, 0.9410971372444809, 0.2195849981466006], [-0.33360349582759596, -0.2997007620293341, 0.8938054378949839]], "T": [-0.04740601398250065, 0.08571859403279256, -0.10031073421649542], "aligned_model": [[-0.09861912853382966, -0.48744906307841446, -0.06918232519572261, -0.4957185767060283, -0.1208686655316821, -0.6509809695177677, 0.1443545359547137, 0.5442577390845993, 0.49168720279064515, -0.31158177931010766, 0.5238956434849195, 0.769609533804605, -0.12020094773521244, -0.2070774563826277, -4.694794880091835e-05], [-0.1185800807492342, 0.24603458358256974, 0.6416030242210559, -0.3487539525203902, -0.5904835327119764, 0.12112835855799345, -0.5886317564405181, -0.4094866223105904, -0.02569014820512476, 0.6761702453177658, 0.11247154293459866, 0.4741904944828209, -0.12438767069507137, 0.533660720132683, 0.17545246754732619], [-0.7821856928526147, -0.5163406394702297, -0.7054759676847349, -0.36184360482837685, 0.07728584920320886, 0.08721235299580773, -0.39421137399820405, 0.12525883774868535, -0.4045616655381268, -0.1735361313409663, 0.3929280588505176, 0.01997695598187374, 0.52617721604619, 0.6139638850423093, -0.035927657754445105]], "inverted": true, "swapped": false, "error_lsq": 0.040494307100109934, "error_max": 0.2628855527823581, "target": "884.xyz", "model": "24.xyz", "model_rescale": 4.28219845311461, "target_rescale": 4.083643993871028},
{"mapping": [11, 12, 9, 14, 6, 2, 10, 8, 5, 13, 1, 3, 0, 4, 15], "R": [[0.5425531677935422, 0.8026584701598285, 0.24774067166671654], [-0.8398624160111403, 0.5240617863403954, 0.14138729175440073], [-0.016345711643200193, -0.2847782020773311, 0.9584540642787635]], "T": [-0.03081515391524414, 0.1694542887100358, -0.11631695098858798], "aligned_model": [[-0.012896453617316252, -0.44574825223044, 0.22202388186426836, -0.574286371641337, -0.15265411461277448, -0.5940540536251243, -0.02927137930381533, 0.38134261836086253, 0.7232793902387571, -0.5230898227937464, 0.522136195791279, 0.536518079050046, -0.060650211733200676, -0.044258044441270294, -0.03631266612689911], [-0.026692493580311366, 0.25290474684883607, 0.594582723786878, -0.30630001220488556, -0.6342206492385506, 0.018253762783010663, -0.561976425584651, -0.3887284268013316, -0.03350144004575964, 0.4923776962885654, 0.09348673560321752, 0.639412249086056, -0.08020282398795456, 0.5634570227632233, 0.15184500742756468], [-0.6239412522443204, -0.7529380668746386, -0.5769816007654848, -0.35806373082009046, 0.27286038228058257, 0.24240350730855703, -0.4240693608478633, -0.09386514069238283, -0.456068435983892, -0.1957057421082175, 0.19729289353063018, 0.12309454228645751, 0.6597857274245897, 0.4994993424615206, -0.044582642554553825]], "inverted": true, "swapped": false, "error_lsq": 0.04645784735785321, "error_max": 0.3324709421261096, "target": "884.xyz", "model": "25.xyz", "model_rescale": 4.100010024507729, "target_rescale": 4.083643993871028},
{"mapping": [13, 5, 4, 3, 11, 8, 10, 0, 1, 2, 9, 14], "R": [[-0.14193140003594512, -0.7689646000608967, -0.6233369245737189], [0.8493894896382221, 0.22876268211936107, -0.4756102712953929], [0.5083236887810342, -0.5969598639127607, 0.6206818414464057]], "T": [0.0006594709963913953, -0.024882970238586606, 0.18768058746921484], "aligned_model": [[-0.5548458676113158, -0.04055289029370707, 0.48417630518737653, 0.5444543983319048, -0.4853457594912459, 0.1183306190249983, -0.35904720651118793, 0.41852287803351523, 0.26324825895312, -0.10000073112539477, -0.3779570952737642, -0.034217306861292235], [-0.22849039931875648, -0.7610070698534158, -0.36446688074798245, -0.4275556615724296, 0.7699885337424642, 0.7244775976654486, 0.30786670903124286, 0.33241451381579706, -0.09103815415423389, 0.4924032263609747, -0.08514845041394976, -0.0033125745045199592], [0.07043341707185505, -0.01634206282854478, 0.5417485944284054, -0.10524358528486477, 0.1463317127139355, 0.23330998799831507, 0.5330342974004925, -0.21181618193185453, -0.626741765536013, -0.5914604616067707, -0.4361988050640883, 0.02813714249348906]], "inverted": false, "swapped": true, "error_lsq": 0.04794765021580417, "error_max": 0.29677189285192923, "target": "884.xyz", "model": "26.xyz", "model_rescale": 3.6694154284099745, "target_rescale": 4.083643993871028},
