[{"mapping": [3, 4, 1, 5, 0, 8, 9, 10, 2, 12, 11, 13], "R": [[0.39248926604918394, 0.20305343565430828, 0.8970626947461111], [-0.4165121524575241, -0.8303484938240634, 0.370187797826062], [0.8200425616340734, -0.5189322509471644, -0.24132864735778076]], "T": [-0.09304724162308387, -0.012833416414623697, -0.008684339848540317], "aligned_model": [[-0.10002325985345731, -0.03427987895774687, 0.49648340503229704, -0.0530186781869921, -0.055967477104131635, -0.6476546976110693, 0.29057719280546046, -0.14170500298060756, 0.5098592917898215, 0.18610520895427768, -0.5018593038351771, -0.11087433759212609], [-0.26042329287803845, -0.6387432376810445, -0.37762552963111257, 0.688066540781874, 0.34250659791164534, -0.46303134423205405, -0.26143059201120583, -0.6797438500007681, 0.3200987607081233, 0.4300790057368204, -0.015739045610650385, -0.030458977116532233], [-0.6230350379325198, 0.005810315443686678, -0.3721327365884445, -0.0505729022543491, -0.81071634924529, 0.049724036751034886, 0.43825296693576765, 0.6406377586906653, -0.06743685073322588, 0.43687503127194455, 0.5490232104573501, -0.014477697443057512]], "inverted": true, "swapped": true, "error_lsq": 0.05197550875777585, "error_max": 0.27116201454222194, "target": "885.xyz", "model": "0.xyz", "model_rescale": 3.751011558992144, "target_rescale": 3.7975940276568543},
{"mapping": [6, 4, 10, 1, 8, 11, 7, 12, 0, 5, 2, 13, 9, 14], "R": [[-0.8945760568503189, 0.42941181734664824, 0.12385140141792535], [-0.42594804060723035, -0.7353248374771539, -0.527129633099922], [-0.1352846821077557, -0.5243118103879083, 0.8407111158268086]], "T": [-0.019264516707401338, -0.027393987620033217, 0.038482739074754704], "aligned_model": [[0.6780963915991217, -0.0030931448216903433, -0.0957272212400373, 0.3972961868060469, -0.4306663005830966, 0.44229668561461916, 0.5749455271644404, 0.27531931219512557, 0.1500341869003354, -0.6258414692581281, -0.615359351736403, -0.45954538058411937, -0.2870337151174372, -0.009095121729431773], [-0.07193295305120367, -0.5829829611697706, 0.09825701032452776, -0.578231856096649, -0.5424640994787494, 0.5190143463747459, 0.008626295919506127, 0.5877722005347419, -0.3900241863650313, 0.08351222959530276, -0.18302751277523188, 0.45223723481808376, 0.5131425057662659, 0.026459430403238737], [-0.23616210321135644, -0.5242190905926912, -0.7682508164811991, 0.13197269776741755, -0.03813060332471312, -0.31525470307517767, 0.330534081706148, 0.33304348455429356, 0.6829529140358526, -0.060765729995948634, 0.5900144747778072, 0.3603660248586971, -0.22667679221685127, 0.03802973095091526]], "inverted": true, "swapped": false, "error_lsq": 0.04570963480115394, "error_max": 0.25929908972696786, "target": "885.xyz", "model": "1.xyz", "model_rescale": 3.9405287249114394, "target_rescale": 3.7975940276568543},
{"mapping": [7, 11, 8, 2, 9, 6, 5, 12, 1, 3, 1, 0, 13], "R": [[-0.7837192618163553, 0.3839433905244403, -0.48823313235648463], [0.10969406504776771, 0.8592621504169284, 0.4996356361931884], [0.6113520514002743, 0.338017794995283, -0.7155366094863375]], "T": [-0.011238374821324029, -0.022711847538990443, -0.08436004917439088], "aligned_model": [[-0.3277152779766075, 0.11916464308916438, -0.4171463290260449, 0.40636503654990414, 0.5254661941345451, -0.563396670964492, 0.10649098199174503, 0.5744327447658355, 0.05601770201214798, -0.5036082857695767, 0.05601770201214798, -0.5057188957405269, -0.030386265794310575], [0.7659849333193598, 0.5135395301741257, 0.11583096732913603, -0.26090898449553357, -0.20787731775182325, 0.23896438605214756, 0.33314758447755777, 0.2580931728768653, -0.7978434152346505, -0.4529892450729651, -0.7978434152346505, -0.22554031137229447, -0.023725291495257643], [0.07843558971229508, -0.501016945649114, -0.6585758309736424, 0.41229022505057394, -0.3782701934423024, -0.02651890212470126, 0.5107210803688638, 0.14093650593345233, 0.0014425101948294938, 0.021514517922680165, 0.0014425101948294938, 0.6122362524994395, -0.10151697009855964]], "inverted": false, "swapped": true, "error_lsq": 0.05168883069483081, "error_max": 0.4009155050771865, "target": "885.xyz", "model": "2.xyz", "model_rescale": 3.932901565614263, "target_rescale": 3.7975940276568543},
{"mapping": [11, 9, 12, 8, 7, 10, 3, 1, 0, 5, 4, 2, 6, 13], "R": [[0.3696066955353857, 0.9240891444151091, 0.09721185004702118], [0.8575141584168913, -0.29893272779483226, -0.4186988086533224], [-0.3578552203475358, 0.23811442087217768, -0.9029070626829342]], "T": [0.07505121554757493, -0.052114407274766655, 0.06850385708387371], "aligned_model": [[0.8850741212133315, -0.1002524996374417, -0.15000459565386562, 0.49686897023779114, -0.27977955184447567, 0.2799600760106608, 0.4123581522054508, 0.3387513238510038, 0.0034201598712910453, -0.5417868249073745, -0.6843653306157016, -0.35887676045873157, -0.33472595818592665, 0.02498530312333337], [0.006617560698054276, -0.5054029278809756, 0.15955695739869702, -0.6216469417702529, -0.6666444484744295, 0.47779699739842063, -0.28123548206625737, 0.5452401626424717, 0.016188018829840833, -0.10117075823849304, -0.042316945228250025, 0.5110624912398735, 0.4491858187752896, -0.006872818524212648], [-0.30314402277321995, -0.4824871264338335, -0.6298334005368765, -0.12251760639905887, 0.14718360239517655, -0.36778928107239084, 0.3757709097434305, 0.4183586721027678, 0.7311908869810436, -0.29742508674605717, 0.5002641189059439, 0.5029438941393928, -0.14937916641934618, -0.02568282413377826]], "inverted": false, "swapped": false, "error_lsq": 0.04683211670484498, "error_max": 0.32524284787247887, "target": "885.xyz", "model": "3.xyz", "model_rescale": 3.9243930471874484, "target_rescale": 3.7975940276568543},
{"mapping": [3, 1, 0, 6, 5, 4, 8, 2, 12, 9, 11, 10, 13], "R": [[0.6937072903618191, 0.7056011926941295, -0.1445584731777599], [-0.6288048088343887, 0.49542559099745914, -0.5992979193786396], [-0.3512473596848963, 0.5066363988635645, 0.7873657673920988]], "T": [0.07984827895279004, -0.06913134433682744, -0.07095753591702036], "aligned_model": [[-0.0020391012466177416, -0.3409798329230783, 0.5896867657236943, 0.3954596213169651, 0.7290357116004986, -0.5214563854535451, -0.19342357051372358, 0.23053145275189604, 0.30535989658393325, -0.3667931375257536, 0.06150840726169045, -0.6796423001836737, 0.06995835891906639], [-0.5517182244985659, -0.029746973667858972, -0.4155949928582357, -0.5805807325642719, 0.19219072631318512, -0.2522566615699101, -0.5788592139268182, 0.4298641509447171, 0.5660804312528788, 0.3816108294375515, 0.0005427238477019869, 0.05780282914417251, -0.0915053381729591], [-0.5172540203907727, -0.7297951319190027, -0.6961970392079999, 0.05357293172463784, -0.14084416004998085, -0.08897477921088423, 0.35233803240134964, -0.5249289633807634, 0.06421334858938976, 0.006915158064997512, 0.6167797903117501, 0.45422630582165835, -0.06298115738341577]], "inverted": false, "swapped": true, "error_lsq": 0.04569078111897492, "error_max": 0.29201188037590947, "target": "885.xyz", "model": "4.xyz", "model_rescale": 3.8936222436046832, "target_rescale": 3.7975940276568543},
{"mapping": [0, 2, 3, 6, 4, 9, 12, 11, 7, 5, 8, 13], "R": [[-0.6621129130158231, -0.5663669959686617, -0.4907493416145716], [0.3218082626570271, 0.37652155180333063, -0.8687179997636046], [0.6767909075211984, -0.7331165984378244, -0.06703820247878683]], "T": [-0.178299846697335, -0.004526700569789533, -0.03096120732478725], "aligned_model": [[0.09679038407846974, -0.474155505341992, -0.2321028426666539, 0.3451394796832047, -0.5813525645019237, -0.68968127339687, -0.21406380051679735, 0.08043686724539634, 0.667323451897687, 0.19012553040984947, 0.012048112121194443, -0.17295979679646772], [-0.5219897916926352, -0.6242469786272985, 0.01882707390795627, 0.13521319869471835, 0.44649136005674367, 0.08960775089080535, -0.38180990302543905, 0.3885282472467741, 0.0010138186375021722, -0.577736382993747, 0.6773435374419106, 0.01768097457251634], [-0.6847609420084795, 0.04783083759837876, -0.6907612003803804, -0.31937560653194547, -0.20288566155820395, 0.3409916930211979, 0.5426231215272974, 0.475730589938956, 0.15232327627324024, 0.14313959401768217, -0.1427636044057904, -0.04280737821643454]], "inverted": true, "swapped": true, "error_lsq": 0.038903624990978235, "error_max": 0.23735946545150027, "target": "885.xyz", "model": "5.xyz", "model_rescale": 3.6523030999806103, "target_rescale": 3.7975940276568543},
{"mapping": [0, 2, 1, 3, 4, 5, 9, 6, 12, 11, 10, 8, 13], "R": [[0.40887239948608256, -0.8083902448435325, 0.42347204509897335], [-0.8679779527184546, -0.4877933149364093, -0.09312333487386046], [0.28184682814105516, -0.3294888373604826, -0.9011101328481796]], "T": [0.044360382301009464, -0.0909986133400108, 0.011726851278876675], "aligned_model": [[0.3201033763332234, -0.3630916043496548, 0.2996839549468524, 0.6107502366409956, 0.4244590229055439, -0.40435108186852176, -0.22812900652433465, 0.37329551556924456, -0.6427385151729261, -0.1638863680094487, 0.07755396485043942, 0.5109930252753668, 0.06644038406751475], [-0.6815621404613103, -0.04488537250294197, 0.32601127456319323, -0.18135483098798205, 0.4042955454265771, -0.6014449883368389, 0.48667333740561014, -0.5714434849079406, -0.07483979623989766, -0.05952800605151548, 0.6549957480178623, -0.026140167330022668, -0.08995021443160939], [0.6000272001580546, 0.5681874767725797, 0.6229772361016512, 0.3431095285975232, -0.06334326265953233, 0.19261413033594021, -0.01594748521124615, -0.18236909665429782, 0.027684773221115948, -0.6469205114436606, -0.5460785724286525, -0.5283902669441127, -0.0014414103635740968]], "inverted": false, "swapped": true, "error_lsq": 0.04409510250235174, "error_max": 0.2584801204037031, "target": "885.xyz", "model": "6.xyz", "model_rescale": 4.08911054899281, "target_rescale": 3.7975940276568543},
{"mapping": [0, 9, 1, 3, 8, 2, 6, 7, 4, 11, 10, 5, 13, 14], "R": [[-0.18537987174787804, 0.3494988075352815, 0.9184143327943857], [-0.8978617739089066, -0.4400621431005143, -0.013767540191836347], [0.3993476406639855, -0.8271613468611785, 0.395380282961745]], "T": [-0.0934987387776514, 0.04632419227502794, 0.057553135020866356], "aligned_model": [[0.7126739432080871, -0.12371147269861353, 0.037251114302403784, 0.4560193753932003, -0.2691186484725037, 0.4507334387072443, 0.39658609729694666, 0.2156297745116897, 0.09117311084769604, -0.5988374850320861, -0.719424872183664, -0.22593226086388485, -0.30143349242001116, -0.12998203738715947], [-0.20542040246706877, -0.559033528918027, 0.07959478302304801, -0.5192807902882564, -0.5918450827523974, 0.5234874653198555, 0.0824360677230904, 0.6896759283117164, -0.28781327410882185, 0.0011742958450743357, -0.14572294212397394, 0.2585246967332555, 0.6659216069552343, -0.051341138452951816], [-0.3564111737570132, -0.43962543250670005, -0.6633793185184488, 0.12517178750278846, 0.22201163134965435, -0.29778626771748873, 0.14505029128798946, 0.3572647806864151, 0.6500883248761099, -0.2376168183001265, 0.35856687588748076, 0.7772291299789008, -0.27222967881411636, -0.07088056220225074]], "inverted": true, "swapped": false, "error_lsq": 0.04454187904348748, "error_max": 0.3052379539887589, "target": "885.xyz", "model": "7.xyz", "model_rescale": 3.964800864290218, "target_rescale": 3.7975940276568543},
{"mapping": [11, 3, 10, 6, 0, 9, 4, 12, 2, 5, 1, 7, 8, 13], "R": [[0.017957153555029137, 0.9647370136118465, 0.2626024280228521], [0.6666420013666075, -0.20729698051262707, 0.7159723485472548], [0.7451617157705603, 0.16220498277686668, -0.6468566772572046]], "T": [-0.0051026034921705325, -0.06638322579603237, 0.05189567030715425], "aligned_model": [[0.7562027521017632, -0.19098924414395332, 0.009250821435936479, 0.386088637918002, -0.2658226239210855, 0.18870176306490424, 0.6080742900292808, 0.35395354696588555, 0.04758002695301076, -0.5774032476215246, -0.6636207798524277, -0.235873976102578, -0.3894862746402652, -0.035029106977603405], [0.09012035821636108, -0.6735078612379757, 0.11543932461650422, -0.4755249528126366, -0.686814513906721, 0.5117860145487696, -0.19366591570278316, 0.5477152721034976, -0.24981956029773175, 0.03136352528563299, -0.021973292483951717, 0.38786866705353584, 0.5666045239190609, -0.009233904501785614], [-0.2362954264133203, -0.2985448090457442, -0.7492713237468605, -0.07490449939453503, 0.29735332491095995, -0.2675052123014256, 0.37268627041153224, 0.30613306524415435, 0.6860757546586334, -0.5497589385428785, 0.40896913669575696, 0.549141038699667, -0.15458261783137284, 0.007957806408626839]], "inverted": false, "swapped": false, "error_lsq": 0.052701883322300594, "error_max": 0.41631786387706976, "target": "885.xyz", "model": "8.xyz", "model_rescale": 4.121658175737393, "target_rescale": 3.7975940276568543},
{"mapping": [11, 12, 5, 7, 9, 4, 2, 3, 0, 1, 8, 6, 13], "R": [[0.9235513920405702, 0.12308750288299787, -0.3631835526203697], [0.33496650934088146, 0.20211596360362638, 0.9202970036225061], [0.1866822537894539, -0.9715959056575968, 0.14543428835554686]], "T": [-0.10144029164914607, -0.027980515073391415, -0.043089581765973106], "aligned_model": [[-0.5136692674130494, -0.19150398046482697, 0.36429552696086315, 0.2177508374541678, -0.6286741798118948, -0.5052786772234505, 0.11412416477818278, 0.22504099562717977, 0.7435396708618698, -0.08055703058724221, -0.3925747651913347, 0.23101075535690568, -0.10676655391217331], [0.40930503080573566, -0.2980625835676163, -0.09348934977113929, 0.63860531463552, -0.37920759336916565, -0.06500997199667954, -0.6438982810643858, -0.04488913054640885, -0.11877502129665266, -0.6232201938514085, 0.5436225977541923, 0.475309690650506, -0.009903068970787313], [-0.3851744827264855, -0.6688410226652175, -0.5659819486919425, -0.49307071152659043, -0.12902668228393027, 0.43750398868742824, -0.27105723471868237, 0.5330182725243249, 0.17750506778319097, 0.46481594145594807, 0.2765817222741308, 0.07037452570934649, -0.02557200186243193]], "inverted": false, "swapped": true, "error_lsq": 0.05276791162388743, "error_max": 0.24933401674152708, "target": "885.xyz", "model": "9.xyz", "model_rescale": 3.833441315466971, "target_rescale": 3.7975940276568543},
{"mapping": [1, 13, 10, 5, 2, 12, 4, 6, 3, 8, 9, 7, 11, 14], "R": [[0.23677825794798685, 0.5956184879089796, 0.767577144933418], [-0.7391651835271429, -0.4022921055306717, 0.5401813522225515], [0.6305322259999103, -0.6952695007611939, 0.34500642499362005]], "T": [0.06547091359603124, 0.05495839726075387, -0.044784809771901496], "aligned_model": [[0.7440277876798849, 0.012188832945916717, -0.312610723417669, 0.41861603508920203, -0.20583581839293835, 0.3167637220724446, 0.5224012285767496, 0.5978735256015628, -0.14738813292715736, -0.6835142303265909, -0.6218503887428777, -0.3152929488701773, -0.3388172327940117, 0.005064928715006377], [0.05385214463553546, -0.6709993052312082, 0.1644294170947696, -0.5189622784320364, -0.5730830255165248, 0.5392775287223189, -0.09097291201651513, 0.373567504173789, -0.1664180845006712, 0.0012291211177835742, -0.19986109512724093, 0.40823822400269877, 0.5936870591026473, 0.02637338677443099], [-0.3366208557849041, -0.3701046147159617, -0.766466536774471, 0.01299739029797601, 0.17568487835095942, -0.30033707569635903, 0.5922641053943378, 0.231376852604832, 0.7676223106940658, -0.25381538515526897, 0.3024421767700226, 0.37249953194105057, -0.15276445897542873, 0.022675250802342964]], "inverted": true, "swapped": false, "error_lsq": 0.05027393143447397, "error_max": 0.35155922146535884, "target": "885.xyz", "model": "10.xyz", "model_rescale": 4.2482417240324, "target_rescale": 3.7975940276568543},
{"mapping": [5, 11, 8, 10, 0, 3, 6, 4, 9, 1, 2, 13], "R": [[-0.5369174351994559, -0.6526724025653947, 0.5345450427310625], [0.5430717934368885, -0.7522748642266994, -0.37303559592342234], [0.6455948380773191, 0.09000701962745176, 0.7583574628535701]], "T": [-0.09072413593419361, -0.008310116173363656, -0.02984155349482076], "aligned_model": [[-0.7811272599543627, 0.09638879721203157, 0.4320629350597939, 0.7081834891828787, -0.6230838766915783, 0.007098034629297131, -0.18674611523978707, 0.5076500396427638, 0.1995824581400425, 0.09659742822870991, -0.5071908478349856, -0.07264948001179647], [-0.14104164665521943, -0.6359610447263072, -0.09726210910028957, -0.4491236671535327, 0.6518196775266033, 0.6229721658343269, 0.10321761648500102, 0.15735034077627547, -0.2521308700335236, 0.584800372943764, 0.12473735908297531, -0.0032468049294337616], [-0.011306324648918259, 0.19200640952348294, 0.4522998824567337, -0.22006855373347312, 0.19757555383339098, 0.1453431928822615, 0.5660109264501019, -0.12949977598687687, -0.5446179515793768, -0.5050730608704104, -0.5652347056151767, -0.012243302857382357]], "inverted": false, "swapped": true, "error_lsq": 0.044040210340362755, "error_max": 0.22653294430270393, "target": "885.xyz", "model": "11.xyz", "model_rescale": 3.6694154284099745, "target_rescale": 3.7975940276568543},
{"mapping": [7, 11, 6, 9, 8, 5, 10, 12, 2, 4, 3, 1, 0, 13], "R": [[0.7587768285687448, 0.04215419927969455, -0.6499851905314807], [0.5809790512810119, 0.4073644701255762, 0.70464000060451], [0.29448440773625495, -0.912292284283056, 0.2846080140084444]], "T": [0.05078377722622315, 0.023671964549117016, -0.021139796250032924], "aligned_model": [[0.7339095472258934, -0.15740305019211362, -0.015382015380928128, 0.4342407946290831, -0.13102191782766645, 0.4434676287536949, 0.5554743215508698, 0.3445744737364653, -0.054929543846062474, -0.6718431813020367, -0.661099227484382, -0.49104384560620945, -0.3022642524269576, -0.035053146620304725], [-0.06274841096757067, -0.5496225685026281, 0.10963238226781553, -0.6798224685739462, -0.6330446680190068, 0.5894140156185832, -0.12211232375202558, 0.5017031681403937, -0.06757117121265041, -0.009274324519222225, -0.24748353376548193, 0.3834226107113704, 0.617355735167079, 0.11050924220706704], [-0.3004890749809013, -0.4370968519295145, -0.5761963050200537, -0.07350930321211349, 0.3079009384097438, -0.4338214130903589, 0.33602008820266344, 0.3621899512306327, 0.6166791101148885, -0.1773558984774089, 0.3800411902651342, 0.5205942656504149, -0.20453699821425111, -0.022966129195682212]], "inverted": true, "swapped": false, "error_lsq": 0.041420010220516626, "error_max": 0.23386639366758663, "target": "885.xyz", "model": "12.xyz", "model_rescale": 3.9764082729961374, "target_rescale": 3.7975940276568543},
{"mapping": [4, 3, 14, 7, 8, 6, 0, 5, 1, 11, 10, 12, 13, 15], "R": [[0.24048934129161822, 0.48034535174468684, -0.8434650080367279], [0.9683505537915595, -0.17852960320470457, 0.1744258746607025], [-0.06679881508458013, -0.8587173713375341, -0.5080771540489224]], "T": [0.03889722143848127, 0.03778057513315949, 0.10980529260544408], "aligned_model": [[0.703990776161423, -0.06615858166722849, -0.23335841752462702, 0.5118041252386161, -0.3279055670848787, 0.2196143104481029, 0.6401794332602813, 0.637759700496399, -0.22281852967701046, -0.6280556225290664, -0.7024102268102396, -0.29629114336594375, -0.33389314079291327, 0.0891694690564307], [0.038977318881004135, -0.5482894693088691, 0.13464888592536028, -0.540712019080555, -0.566407993126001, 0.5481864288459372, -0.18768370480079932, 0.5961921661184013, -0.14391430968441427, -0.16900687292242675, -0.12064608500732349, 0.42649530700098315, 0.4716358660305559, 0.0008821659279237559], [-0.16132724518674274, -0.48511371747504145, -0.635380212481796, -0.0030622301858665435, 0.1017601098864493, -0.42916224253452234, 0.4485286217736713, 0.2897056318620851, 0.659181677891687, -0.2682919885268979, 0.3772209979893419, 0.48896640912048156, -0.10762855612703892, 0.022056313747382914]], "inverted": false, "swapped": false, "error_lsq": 0.04830660763320695, "error_max": 0.277527175720532, "target": "885.xyz", "model": "13.xyz", "model_rescale": 4.170626492500431, "target_rescale": 3.7975940276568543},
{"mapping": [7, 4, 0, 8, 12, 1, 10, 9, 12, 6, 5, 11, 3, 13], "R": [[-0.7631882050675514, 0.5788663026344245, -0.2871542570120113], [0.6384930325157789, 0.7438854319231698, -0.19738569249386737], [0.09934994249909648, -0.3339884247198247, -0.9373266885555944]], "T": [-0.01933230800791084, 0.0274778968880261, -0.13325464817755409], "aligned_model": [[0.7819488888641163, -0.2193072364533987, 0.275805683387229, 0.40562723415647045, -0.050862946149704255, 0.43234560810865125, 0.3477425964612092, 0.3075003955694925, -0.050862946149704255, -0.8458548690533023, -0.6494477752254281, -0.30870131938897416, -0.3428027373672976, -0.09150399155001442], [-0.038841671722563184, -0.6276584457277965, 0.05780648513015657, -0.5787213575694097, -0.48638276422140353, 0.6048365539230383, -0.023649835755745682, 0.6144714010163905, -0.48638276422140353, 0.1256240873960726, -0.2474886665759407, 0.35773447819876764, 0.6249809864587226, 0.04402919847089135], [-0.23803995844309173, -0.31729141398864424, -0.6507796710492642, -0.07419413494229819, 0.38699448541972936, -0.3644656149042068, 0.29215136310874945, 0.3194322728255464, 0.38699448541972936, -0.011940805596368453, 0.46220124045425126, 0.4206910322681311, -0.25085798024518613, -0.06344173057388347]], "inverted": true, "swapped": false, "error_lsq": 0.05880851843402004, "error_max": 0.388861176356832, "target": "885.xyz", "model": "14.xyz", "model_rescale": 3.9786697098870705, "target_rescale": 3.7975940276568543},
{"mapping": [9, 11, 2, 1, 5, 0, 8, 6, 3, 4, 7, 13], "R": [[0.31092298274166064, -0.5625510552427776, -0.7660699766002235], [0.7843731676690796, 0.6070583726403002, -0.12743180940442136], [0.536736092175478, -0.5612632559259053, 0.6299983530959814]], "T": [0.003981212769312938, -0.04727789560898877, -0.1030619089643344], "aligned_model": [[-0.049007986899956994, -0.6817255005902289, 0.4386082141057994, 0.6901794249983242, 0.0239667685710206, 0.5968812658104066, -0.39124448997424194, -0.13475042488873382, 0.4621803547816658, 0.06711333373115408, -0.5359072753104611, -0.002939087567411189], [-0.5474963560193686, -0.12050274508456912, 0.07510113067960544, -0.4238539475246161, 0.5704279773208467, 0.5408332879308255, -0.28778781791059427, 0.3163308867793151, -0.04191675927604908, -0.6206129716108243, 0.6091766561477605, -0.055024851207892696], [-0.49764378283072064, -0.1542271435700753, -0.6264305398210409, -0.10913619583753556, -0.4387071378243943, 0.16803132539320068, 0.444323480017606, 0.37153372902763615, 0.3752695623713451, 0.14739373228431404, 0.05908155937278012, -0.07952209470928555]], "inverted": false, "swapped": true, "error_lsq": 0.04805410562993024, "error_max": 0.25149172456573504, "target": "885.xyz", "model": "15.xyz", "model_rescale": 3.769337070930944, "target_rescale": 3.7975940276568543},
{"mapping": [11, 8, 12, 9, 7, 6, 5, 3, 2, 1, 13], "R": [[-0.9193264420976188, -0.3526713615568118, 0.17453310172514122], [0.3772974637896904, -0.6640795255998677, 0.6454804470291277], [-0.1117386087169567, 0.659258139439112, 0.7435678778062427]], "T": [-0.05628117582347545, 0.01726991278892901, 0.023544950677714185], "aligned_model": [[-0.28752494558776326, -0.2723946370368181, -0.07850116996812354, -0.6201330918834889, 0.4829151736464189, 0.3492236288900763, 0.47727244447422956, 0.13893081516185404, 0.05990001864263791, -0.2662009064078816, -0.06086119923997075], [0.05117146619732319, -0.5671837131733545, 0.685060845805282, 0.3097479082478697, -0.019512762430290563, -0.38034179802629325, 0.4639294976647195, -0.44973374264758176, 0.5559038402230106, -0.04564106910727347, -0.007335975128069355], [-0.6272625939781736, -0.3305568339654867, -0.13826419366848186, 0.09599395017805866, -0.6521894601152131, -0.20919871582045335, -0.07859924668578859, 0.4508341459287444, 0.44087863299951985, 0.7750037462027225, 0.01757817614832874]], "inverted": true, "swapped": true, "error_lsq": 0.05378460414737836, "error_max": 0.313332792974168, "target": "885.xyz", "model": "16.xyz", "model_rescale": 3.7852294659196426, "target_rescale": 3.7975940276568543},
{"mapping": [2, 3, 6, 0, 1, 4, 10, 8, 5, 12, 9, 11, 13], "R": [[0.23134836938051245, 0.9656909411952899, 0.11797854922965335], [-0.9641692762908753, 0.21140379078005184, 0.16026866162963394], [0.12982888215535093, -0.1508291859594152, 0.9799974581707407]], "T": [0.04768078502866152, 0.047066559894253776, 0.014150328831354454], "aligned_model": [[0.07544220283051768, -0.3699644532353909, 0.236252785756993, 0.06417476060743685, -0.6191030677770819, -0.505340228598109, -0.2824209520989052, -0.09937463123761736, 0.6166740919781026, 0.46797856926193243, -0.16350783100592364, 0.39530362170404215, 0.03765098203028607], [0.012478232587036744, -0.46051482164838053, -0.3675589988145239, -0.8003720728922897, -0.07709260051266739, 0.2505664970243675, 0.8378000373192012, 0.1240572258429455, -0.18461597271032343, 0.3925890027662235, 0.6112554796839524, 0.4932252627175565, 0.0432383523397764], [-0.6756503173169612, 0.09606362482428998, 0.4255200896608813, -0.21491841902754227, -0.3766158452782369, 0.2336550813532575, 0.380933238251295, 0.7113778991476034, -0.3281762817058679, -0.4060694607943567, -0.19988576589278037, 0.4119872701479147, 0.037533583773677506]], "inverted": false, "swapped": true, "error_lsq": 0.03785492481853939, "error_max": 0.20419875095335085, "target": "885.xyz", "model": "17.xyz", "model_rescale": 3.901054581598922, "target_rescale": 3.7975940276568543},
{"mapping": [6, 4, 10, 1, 8, 11, 7, 12, 0, 5, 2, 13, 9, 14], "R": [[-0.8945760568503189, 0.42941181734664824, 0.12385140141792535], [-0.42594804060723035, -0.7353248374771539, -0.527129633099922], [-0.1352846821077557, -0.5243118103879083, 0.8407111158268086]], "T": [-0.019264516707401338, -0.027393987620033217, 0.038482739074754704], "aligned_model": [[0.6780963915991217, -0.0030931448216903433, -0.0957272212400373, 0.3972961868060469, -0.4306663005830966, 0.44229668561461916, 0.5749455271644404, 0.27531931219512557, 0.1500341869003354, -0.6258414692581281, -0.615359351736403, -0.45954538058411937, -0.2870337151174372, -0.009095121729431773], [-0.07193295305120367, -0.5829829611697706, 0.09825701032452776, -0.578231856096649, -0.5424640994787494, 0.5190143463747459, 0.008626295919506127, 0.5877722005347419, -0.3900241863650313, 0.08351222959530276, -0.18302751277523188, 0.45223723481808376, 0.5131425057662659, 0.026459430403238737], [-0.23616210321135644, -0.5242190905926912, -0.7682508164811991, 0.13197269776741755, -0.03813060332471312, -0.31525470307517767, 0.330534081706148, 0.33304348455429356, 0.6829529140358526, -0.060765729995948634, 0.5900144747778072, 0.3603660248586971, -0.22667679221685127, 0.03802973095091526]], "inverted": true, "swapped": false, "error_lsq": 0.04570963480115394, "error_max": 0.25929908972696786, "target": "885.xyz", "model": "18.xyz", "model_rescale": 3.9405287249114394, "target_rescale": 3.7975940276568543},
{"mapping": [8, 4, 0, 7, 13, 6, 9, 5, 11, 12, 14, 10, 1, 15], "R": [[0.011953423868643093, -0.643850041313363, 0.7650583245469577], [-0.6097966504312051, 0.6016769072534104, 0.5158807462978767], [-0.7924677663985454, -0.472696544919415, -0.38542549946850735]], "T": [-0.10575301173450626, -0.014942623486646482, -0.010271884726548091], "aligned_model": [[0.5857477846561706, -0.056535736952405644, 0.1022119821112863, 0.3801808129526951, -0.21644414822629932, 0.2844947854037682, 0.4729990403879627, 0.5510438004695749, -0.01899896244148601, -0.5735665801511833, -0.693900234427161, -0.4046082332588942, -0.3156610065512583, -0.10533671876342485], [0.12051185018057531, -0.4601000677655686, 0.11087195319455784, -0.5177652179113741, -0.5533005956583802, 0.5650777477253003, -0.2880944506755213, 0.39629403053961426, -0.03427124721306981, -0.19617004758424342, -0.14581808946315758, 0.44900025893958023, 0.47465709882222956, 0.019464461669234635], [-0.2855006798962265, -0.5882662949782043, -0.6533858027731101, -0.09190095737959873, 0.3760544170874252, -0.27402647027929267, 0.41333641125447423, 0.29100042502446516, 0.7047898896229993, -0.23037674194146202, 0.47623959398750415, 0.5495018154060856, -0.3998231260370086, 0.009811090655143094]], "inverted": true, "swapped": false, "error_lsq": 0.05219356123598778, "error_max": 0.3310465544932459, "target": "885.xyz", "model": "19.xyz", "model_rescale": 4.410303926677745, "target_rescale": 3.7975940276568543},
{"mapping": [11, 3, 10, 6, 0, 9, 4, 12, 2, 5, 1, 7, 8, 13], "R": [[0.017957153555029137, 0.9647370136118465, 0.2626024280228521], [0.6666420013666075, -0.20729698051262707, 0.7159723485472548], [0.7451617157705603, 0.16220498277686668, -0.6468566772572046]], "T": [-0.0051026034921705325, -0.06638322579603237, 0.05189567030715425], "aligned_model": [[0.7562027521017632, -0.19098924414395332, 0.009250821435936479, 0.386088637918002, -0.2658226239210855, 0.18870176306490424, 0.6080742900292808, 0.35395354696588555, 0.04758002695301076, -0.5774032476215246, -0.6636207798524277, -0.235873976102578, -0.3894862746402652, -0.035029106977603405], [0.09012035821636108, -0.6735078612379757, 0.11543932461650422, -0.4755249528126366, -0.686814513906721, 0.5117860145487696, -0.19366591570278316, 0.5477152721034976, -0.24981956029773175, 0.03136352528563299, -0.021973292483951717, 0.38786866705353584, 0.5666045239190609, -0.009233904501785614], [-0.2362954264133203, -0.2985448090457442, -0.7492713237468605, -0.07490449939453503, 0.29735332491095995, -0.2675052123014256, 0.37268627041153224, 0.30613306524415435, 0.6860757546586334, -0.5497589385428785, 0.40896913669575696, 0.549141038699667, -0.15458261783137284, 0.007957806408626839]], "inverted": false, "swapped": false, "error_lsq": 0.052701883322300594, "error_max": 0.41631786387706976, "target": "885.xyz", "model": "20.xyz", "model_rescale": 4.121658175737393, "target_rescale": 3.7975940276568543},
{"mapping": [0, 2, 1, 3, 4, 5, 9, 6, 12, 11, 10, 8, 13], "R": [[0.40887239948608256, -0.8083902448435325, 0.42347204509897335], [-0.8679779527184546, -0.4877933149364093, -0.09312333487386046], [0.28184682814105516, -0.3294888373604826, -0.9011101328481796]], "T": [0.044360382301009464, -0.0909986133400108, 0.011726851278876675], "aligned_model": [[0.3201033763332234, -0.3630916043496548, 0.2996839549468524, 0.6107502366409956, 0.4244590229055439, -0.40435108186852176, -0.22812900652433465, 0.37329551556924456, -0.6427385151729261, -0.1638863680094487, 0.07755396485043942, 0.5109930252753668, 0.06644038406751475], [-0.6815621404613103, -0.04488537250294197, 0.32601127456319323, -0.18135483098798205, 0.4042955454265771, -0.6014449883368389, 0.48667333740561014, -0.5714434849079406, -0.07483979623989766, -0.05952800605151548, 0.6549957480178623, -0.026140167330022668, -0.08995021443160939], [0.6000272001580546, 0.5681874767725797, 0.6229772361016512, 0.3431095285975232, -0.06334326265953233, 0.19261413033594021, -0.01594748521124615, -0.18236909665429782, 0.027684773221115948, -0.6469205114436606, -0.5460785724286525, -0.5283902669441127, -0.0014414103635740968]], "inverted": false, "swapped": true, "error_lsq": 0.04409510250235174, "error_max": 0.2584801204037031, "target": "885.xyz", "model": "21.xyz", "model_rescale": 4.08911054899281, "target_rescale": 3.7975940276568543},
{"mapping": [1, 15, 11, 2, 14, 8, 0, 6, 13, 9, 12, 7, 5, 16], "R": [[-0.6496845213435926, -0.7271594188275502, -0.2216961937808733], [-0.33220072505339504, 0.5338732541373786, -0.7775744509632274], [0.6837782542612376, -0.4315304486674671, -0.5884120757363066]], "T": [-0.010642380871601033, -0.036276650247884346, 0.05303395114796902], "aligned_model": [[0.6803718365791686, -0.012037025837104016, 0.07713597150547426, 0.4079778168029021, -0.4359092727783133, 0.30227472149894596, 0.6002138399095566, 0.2564842286503089, -0.1108934855143316, -0.6873904562045128, -0.6220685822953977, -0.1028185749477921, -0.3725109215682359, 0.01079648940867633], [-0.06643501923412724, -0.5194597673365072, 0.08460257774787905, -0.6133953721973164, -0.5164079055926614, 0.4523781179998912, 0.13104446951944362, 0.6283858857885414, -0.2577183844146206, 0.03902288126219772, -0.13764365040765397, 0.30755168253017773, 0.4503355054231088, -0.04190333628857595], [-0.33630934894467346, -0.49289566722798595, -0.6976831749065534, -0.06074188217205903, 0.03194759925588722, -0.326520290789605, 0.49905829868075047, 0.25902233971957, 0.6675607938614334, -0.15646458023132342, 0.4540978332480168, 0.6687301545097571, -0.307505676570656, 0.09515717132063523]], "inverted": false, "swapped": false, "error_lsq": 0.042776961568389386, "error_max": 0.2640127782920009, "target": "885.xyz", "model": "22.xyz", "model_rescale": 4.204369325754507, "target_rescale": 3.7975940276568543},
{"mapping": [8, 4, 0, 7, 13, 6, 9, 5, 11, 12, 14, 10, 1, 15], "R": [[0.011953423868643093, -0.643850041313363, 0.7650583245469577], [-0.6097966504312051, 0.6016769072534104, 0.5158807462978767], [-0.7924677663985454, -0.472696544919415, -0.38542549946850735]], "T": [-0.10575301173450626, -0.014942623486646482, -0.010271884726548091], "aligned_model": [[0.5857477846561706, -0.056535736952405644, 0.1022119821112863, 0.3801808129526951, -0.21644414822629932, 0.2844947854037682, 0.4729990403879627, 0.5510438004695749, -0.01899896244148601, -0.5735665801511833, -0.693900234427161, -0.4046082332588942, -0.3156610065512583, -0.10533671876342485], [0.12051185018057531, -0.4601000677655686, 0.11087195319455784, -0.5177652179113741, -0.5533005956583802, 0.5650777477253003, -0.2880944506755213, 0.39629403053961426, -0.03427124721306981, -0.19617004758424342, -0.14581808946315758, 0.44900025893958023, 0.47465709882222956, 0.019464461669234635], [-0.2855006798962265, -0.5882662949782043, -0.6533858027731101, -0.09190095737959873, 0.3760544170874252, -0.27402647027929267, 0.41333641125447423, 0.29100042502446516, 0.7047898896229993, -0.23037674194146202, 0.47623959398750415, 0.5495018154060856, -0.3998231260370086, 0.009811090655143094]], "inverted": true, "swapped": false, "error_lsq": 0.05219356123598778, "error_max": 0.3310465544932459, "target": "885.xyz", "model": "23.xyz", "model_rescale": 4.410303926677745, "target_rescale": 3.7975940276568543},
{"mapping": [11, 1, 7, 10, 3, 13, 9, 15, 4, 0, 2, 5, 12, 16], "R": [[0.6913094331234229, 0.0665597256531409, 0.7194866715899263], [-0.5175551978408032, 0.7404585561393269, 0.4287863615228807], [-0.5042101594201954, -0.668798123173983, 0.5463343166747071]], "T": [0.1496563271380684, 0.0840154004740661, 0.01717166816790849], "aligned_model": [[0.6290671859480447, -0.003207810459799426, -0.020359411722578685, 0.3957978421723928, -0.39498661718834727, 0.17642871607422353, 0.7103686060646857, 0.47310870841687513, -0.1341208972409059, -0.5699740039583937, -0.6648422302562498, -0.22143732799921848, -0.46124378024293533, 0.07702760560155195], [-0.12348543365426144, -0.5981502719365386, 0.05540161672032949, -0.48623790093933095, -0.6182335693028209, 0.635914463239458, -0.00694064140839383, 0.4910300827382543, -0.1996753214578869, 0.0007060737879359819, -0.16333279623321223, 0.3887506744383733, 0.5762205599932563, -0.011609851185385864], [-0.340361713353163, -0.48044053062889047, -0.6248616616532624, 0.21213185148579472, 0.15667590565485695, -0.4174284785629346, 0.2812715021973519, 0.5060804493338849, 0.5765234664171346, -0.19631733328009915, 0.34626879785246206, 0.4234079852872418, -0.15807380118369585, 0.012577130186512245]], "inverted": false, "swapped": false, "error_lsq": 0.0437438759553405, "error_max": 0.265147350506745, "target": "885.xyz", "model": "24.xyz", "model_rescale": 4.28219845311461, "target_rescale": 3.7975940276568543},
{"mapping": [6, 2, 14, 0, 4, 10, 1, 5, 3, 13, 7, 9, 11, 15], "R": [[0.9124554336368907, -0.10805628782947209, 0.3946503772797235], [0.40487102192748103, 0.3779711133753706, -0.832596716938747], [-0.05919913200302039, 0.9194898999523037, 0.3886306558363505]], "T": [-0.06344446398072151, 0.03394737151313685, 0.01905173001256283], "aligned_model": [[0.644825449591687, -0.09112453288104427, -0.0687844951493301, 0.4188558638107995, -0.12981324557556367, 0.3771772862615341, 0.3982780802756794, 0.339999306665709, -0.04250160870279218, -0.5916059505236939, -0.6920924297636817, -0.4431817229028551, -0.10395926902014144, -0.024446146876961276], [-0.15098625698968385, -0.4324581366970799, 0.2058652802918821, -0.618682794895179, -0.6344089576227507, 0.5051208768580878, -0.05725734907579912, 0.6354723162354736, -0.12677602994441356, -0.13342584550647923, -0.20098040144642634, 0.4238928431000422, 0.5536440310306111, -0.02866189053850763], [-0.5066386898525281, -0.48142778014221094, -0.722945804756179, -0.06470047438738985, 0.3080907847427654, -0.4430660254375833, 0.45306945996649134, 0.46702666872847115, 0.7765309243780236, -0.19530336625115222, 0.4129510602473716, 0.41982077479277036, -0.13827278780837532, 0.012318825532719124]], "inverted": true, "swapped": false, "error_lsq": 0.042274456803917095, "error_max": 0.25165717667485066, "target": "885.xyz", "model": "25.xyz", "model_rescale": 4.100010024507729, "target_rescale": 3.7975940276568543},
{"mapping": [5, 11, 8, 10, 0, 3, 6, 4, 9, 1, 2, 13], "R": [[-0.5369174351994559, -0.6526724025653947, 0.5345450427310625], [0.5430717934368885, -0.7522748642266994, -0.37303559592342234], [0.6455948380773191, 0.09000701962745176, 0.7583574628535701]], "T": [-0.09072413593419361, -0.008310116173363656, -0.02984155349482076], "aligned_model": [[-0.7811272599543627, 0.09638879721203157, 0.4320629350597939, 0.7081834891828787, -0.6230838766915783, 0.007098034629297131, -0.18674611523978707, 0.5076500396427638, 0.1995824581400425, 0.09659742822870991, -0.5071908478349856, -0.07264948001179647], [-0.14104164665521943, -0.6359610447263072, -0.09726210910028957, -0.4491236671535327, 0.6518196775266033, 0.6229721658343269, 0.10321761648500102, 0.15735034077627547, -0.2521308700335236, 0.584800372943764, 0.12473735908297531, -0.0032468049294337616], [-0.011306324648918259, 0.19200640952348294, 0.4522998824567337, -0.22006855373347312, 0.19757555383339098, 0.1453431928822615, 0.5660109264501019, -0.12949977598687687, -0.5446179515793768, -0.5050730608704104, -0.5652347056151767, -0.012243302857382357]], "inverted": false, "swapped": true, "error_lsq": 0.044040210340362755, "error_max": 0.22653294430270393, "target": "885.xyz", "model": "26.xyz", "model_rescale": 3.6694154284099745, "target_rescale": 3.7975940276568543},
{"mapping": [5, 4, 8, 0, 2, 7, 1, 3, 6, 10, 11, 12, 9, 13], "R": [[-0.008090034224448234, 0.009122490275805417, -0.9999256629957127], [0.907927271269318, 0.4191129502931197, -0.0035220707045506283], [0.41904966463618376, -0.9078882723484016, -0.0116731958150737]], "T": [-0.0012677348448391218, 0.010847726080319912, -0.04866278777485432], "aligned_model": [[0.7173705471705496, -0.1605940024653516, -0.05054138648898344, 0.3141607138469544, -0.26281575390615314, 0.38595765534067017, 0.7759196463256108, 0.16738906433281187, 0.19000594331237897, -0.511719590983325, -0.7864237512691573, -0.3769583497851606, -0.38808183493751774, -0.02204231528398167], [-0.13503629966881994, -0.6283098085758508, 0.12095642433513898, -0.5689224212036748, -0.4976775193554136, 0.4929437009894151, -0.12861963247991615, 0.6924812534577213, -0.037517003058676016, -0.11658340096246095, -0.03411755992992598, 0.24787093283786052, 0.5661949167949587, -0.03330589838057964], [-0.3457408421214273, -0.5402147752871512, -0.676201929384627, -0.012540589512214817, 0.31892985997930384, -0.16600200922519875, 0.3465273995291799, 0.3510393998345378, 0.6088063482489686, -0.3403662850422304, 0.2943876781509402, 0.6089156293447961, -0.13129380619531658, -0.018792508566366842]], "inverted": false, "swapped": false, "error_lsq": 0.05214878675014849, "error_max": 0.3224722014011862, "target": "885.xyz", "model": "27.xyz", "model_rescale": 4.103607728864725, "target_rescale": 3.7975940276568543},
