[{"mapping": [10, 7, 9, 6, 5, 0, 3, 8, 4, 1, 2, 11], "R": [[-0.49665085389548946, 0.8432455006553276, -0.20560874239542248], [-0.8677769387198807, -0.47768192432748524, 0.13705168294020634], [0.01735263527056989, 0.24648936041001165, 0.9689901347556795]], "T": [0.01665798260054746, 0.09435880288800516, -0.058359382569577484], "aligned_model": [[-0.3262779166302589, 0.5000592182797864, -0.13221320755554583, 0.5350664194298207, 0.18211383352848276, 0.0604769749786893, -0.6233100937602016, 0.18378677753541964, -0.5292466509664904, 0.684693471471765, 0.3913036390094626, 0.02830464329934082], [-0.3560191974846325, -0.536374806569882, 0.3340187390402364, 0.26396577896851336, -0.7051585614326049, -0.2045586979824223, 0.31523796750133243, 0.7057653913579722, 0.2852280684351769, -0.04250944715456459, 0.41190027555054765, 0.042883552923155516], [-0.43427954931242085, -0.5732396299184369, -0.5966501108688692, -0.535476405682369, 0.09024303353946897, 0.4815661841355413, -0.1836022293344384, -0.09514851371375586, 0.5054717280150175, 0.13367245660776547, 0.5800435394629425, -0.013116595036913564]], "inverted": true, "swapped": false, "error_lsq": 0.060539519111279194, "error_max": 0.47823901608781666, "target": "886.xyz", "model": "0.xyz", "model_rescale": 3.751011558992144, "target_rescale": 3.783012838961244},
{"mapping": [8, 2, 1, 0, 5, 9, 10, 7, 11, 3, 12, 14], "R": [[-0.1372478271256865, -0.677068596125551, 0.72300840250294], [-0.9047397133739183, 0.38283732524745573, 0.1867662534866876], [-0.40324816799752183, -0.6285011523759915, -0.6651144386259353]], "T": [-0.01232393626820337, 0.036653435443184584, -0.09407270173373253], "aligned_model": [[-0.14549535988331708, 0.5484273602399448, -0.04974844520450032, 0.5433504142911012, -0.04272928931224197, -0.15684925430455005, -0.7760444378054004, 0.23401116324560473, -0.299943092013925, 0.7424686366722107, 0.3614399099622799, -0.004130497266936161], [-0.3822829149143365, -0.5150278743096598, 0.45629161608340196, 0.25417396387748564, -0.5752431821023956, -0.24822083023498895, -0.10237105474279803, 0.6521881064188351, 0.47189921128791235, 0.09909774423377235, 0.3568273046848237, 0.04704697287077591], [-0.5912406395790013, -0.34891347147422247, -0.6492202072812953, -0.5624906287387125, 0.02735254662164674, 0.48225073743485447, 0.17023192325258998, -0.10470808473877982, 0.5097214062071409, 0.004895826831819466, 0.46249210561851495, -0.04088760626102268]], "inverted": true, "swapped": false, "error_lsq": 0.049399284570192166, "error_max": 0.2992087336721176, "target": "886.xyz", "model": "1.xyz", "model_rescale": 3.9405287249114394, "target_rescale": 3.783012838961244},
{"mapping": [1, 0, 2, 5, 6, 3, 4, 9, 8, 11, 10, 12], "R": [[-0.6945696333257967, 0.10280515031819082, 0.7120422217324779], [-0.5143353350028346, -0.762983999892729, -0.391554056389682], [0.5030230488051127, -0.6381900320247462, 0.5828218384678658]], "T": [0.022766542457045645, -0.06375701156488912, -0.03884538697090697], "aligned_model": [[-0.4482089732285466, 0.42998780472116155, -0.05194416225752633, 0.48833442363401625, 0.33309392474639304, -0.10964410480856096, -0.6611488575223942, 0.30516405297821164, -0.26976384043456325, 0.7174849889021093, 0.24095087752817246, -0.01954902563820212], [-0.41299513322106, -0.48823940289724027, 0.20774977182165905, 0.24067102138316854, -0.5007285610803889, -0.16909091415084582, 0.010799527738484013, 0.6659629714228497, 0.5730364875002802, 0.042693234947036904, 0.36535186044773915, -0.020831800758853783], [-0.5712372824436183, -0.6362694669046405, -0.6592259191426967, -0.5064417953708343, 0.051201679082841824, 0.5072057718279793, 0.09678930623432666, 0.1564531014253975, 0.2922282977933601, 0.07798318069852161, 0.6537932570578467, -0.10299622236495182]], "inverted": false, "swapped": false, "error_lsq": 0.057121452409837375, "error_max": 0.3504275494172627, "target": "886.xyz", "model": "2.xyz", "model_rescale": 3.932901565614263, "target_rescale": 3.783012838961244},
{"mapping": [8, 9, 3, 7, 12, 10, 11, 0, 1, 5, 2, 13], "R": [[-0.5428113377859833, -0.8393656328881909, -0.028656341308651745], [-0.2785141335603749, 0.2120930639300248, -0.9367210949049286], [0.7923293058937708, -0.5004816345871058, -0.348901711751195]], "T": [0.09270564739451619, 0.11431597887152324, -0.0708150746521986], "aligned_model": [[-0.20878686897339016, 0.34499375913102487, -0.18490431433836774, 0.5661773076341077, 0.25602760446683603, -0.22408738791871108, -0.7197812057755126, 0.1624256836314621, -0.27938378240606027, 0.6991518933405829, 0.4122730705768333, 0.13065134925146543], [-0.12633252510464793, -0.4755719548911216, 0.4003934447985951, 0.13667881515258712, -0.5625912378638459, -0.27212112211967837, -0.24892615654209999, 0.7803166610766322, 0.5170219769502106, -0.255770474142983, 0.5967993690626716, 0.024482266776508346], [-0.6952966881846446, -0.4288316576012426, -0.3898415166858186, -0.6047317702617041, 0.24263726371709549, 0.44246260853282016, -0.14584148902369348, -0.04773831161109279, 0.4273274313180144, 0.03899682692377415, 0.5285898747839647, -0.008248664013940227]], "inverted": false, "swapped": false, "error_lsq": 0.06422132252546217, "error_max": 0.324108279915971, "target": "886.xyz", "model": "3.xyz", "model_rescale": 3.9243930471874484, "target_rescale": 3.783012838961244},
{"mapping": [7, 2, 1, 0, 4, 10, 9, 5, 11, 3, 6, 12], "R": [[-0.4022076453803724, 0.9106520032209118, 0.0945618264804432], [0.9155373653590979, 0.4005605436534583, 0.036641281355430017], [-0.004510280356966941, 0.1013122889771364, -0.9948444488829975]], "T": [-0.044365906861978194, -0.003981913870623188, 0.041158833353660156], "aligned_model": [[-0.10212680901303164, 0.5603735378486335, -0.18212678281096378, 0.548160179806612, 0.12314443080873955, -0.0910385931242271, -0.7209479210780153, 0.22132729016501876, -0.38680033593126384, 0.6037524731280732, 0.37476425313135997, 0.0062753856893349655], [-0.46156499415739466, -0.3777006029010449, 0.24854993458526997, 0.2555483471011396, -0.5663860078725955, -0.30824317915895116, 0.19486172524394552, 0.6750053002315262, 0.4846341450638584, -0.13504658700174924, 0.41848522769839974, 0.0862357543204243], [-0.6147376232080011, -0.5469219738438388, -0.6126071083683775, -0.510999869935283, -0.048335251720936855, 0.6754887651093071, 0.02152781198644426, -0.16379625420031685, 0.5608963537683841, 0.16653023097200234, 0.45026510074047077, -0.01782627340632202]], "inverted": true, "swapped": false, "error_lsq": 0.04773808651521854, "error_max": 0.2690757368852863, "target": "886.xyz", "model": "4.xyz", "model_rescale": 3.8936222436046832, "target_rescale": 3.783012838961244},
{"mapping": [7, 5, 10, 4, 6, 9, 8, 2, 3, 1, 0, 11], "R": [[-0.9009804948688768, -0.3566394450831851, -0.2470677115217447], [0.12891951625874049, 0.32367105861429013, -0.937345616164666], [0.4142630881377758, -0.8763819669677502, -0.24564352582612647]], "T": [-0.011128395174360595, 0.03250378112728185, -0.05177794837831236], "aligned_model": [[-0.28238751059517797, 0.5224394277429458, -0.26429858629435166, 0.44888993596908394, 0.15585436051034843, -0.136738684882086, -0.7346063409291362, 0.3478635313100694, -0.24118046054516845, 0.7224299956799333, 0.28678599422675194, 0.12970544642705778], [-0.34049743969743196, -0.4075172021353834, 0.40743697920437977, 0.2626880161256391, -0.7460520933918063, -0.21328954509463144, 0.0237170873954239, 0.683552420720727, 0.4665041737771725, -0.06008728528123465, 0.4553080396447227, -0.0173840881147485], [-0.5067901558545999, -0.47469374340458775, -0.49313647700669566, -0.6567762557123678, -0.027775080560607276, 0.5012533705590214, 0.0977723185908118, -0.11825298524663315, 0.24655364351157627, 0.25875022874840364, 0.6659977021868907, -0.13341865791767982]], "inverted": false, "swapped": false, "error_lsq": 0.04772595299931571, "error_max": 0.2361831854136225, "target": "886.xyz", "model": "5.xyz", "model_rescale": 3.6523030999806103, "target_rescale": 3.783012838961244},
{"mapping": [4, 11, 3, 7, 10, 6, 2, 5, 1, 9, 8, 12], "R": [[-0.26164906884589967, -0.4749679284820376, -0.8402054699212304], [-0.2898203713086738, -0.7916933149476226, 0.5377972177705522], [-0.9206214841869463, 0.38422280252573016, 0.06949043727519327]], "T": [0.07833303469616365, 0.08677043103887, -0.008293275779479005], "aligned_model": [[-0.18314183468707268, 0.44424010312002454, -0.18146476029441544, 0.4593609177958387, 0.10351618980086419, -0.1241989511987523, -0.6493253968595736, 0.3054846948096088, -0.4642826713033204, 0.7264525402918802, 0.42855360076808, 0.08956267637710831], [-0.3041542832785531, -0.35593405460586297, 0.33403765093562415, 0.30363243152557806, -0.6671469390803262, -0.10441948274450327, -0.12737064486455268, 0.724966754438261, 0.48116088062661827, -0.22042060799173918, 0.28206109819485947, 0.1679662599974247], [-0.33683606194861404, -0.6751469020037553, -0.6032762424520911, -0.532322554296116, 0.19082339704959544, 0.5791177163113034, -0.03776259551860427, 0.06249589072182956, 0.17170459884713316, 0.08246820936868379, 0.5329185248018883, -0.07470007298772038]], "inverted": false, "swapped": false, "error_lsq": 0.047492683912004834, "error_max": 0.25346010312727785, "target": "886.xyz", "model": "6.xyz", "model_rescale": 4.08911054899281, "target_rescale": 3.783012838961244},
{"mapping": [9, 0, 8, 3, 1, 13, 11, 4, 10, 6, 5, 14], "R": [[0.2174523876706263, 0.06133295267057115, -0.974142047143564], [-0.7156869919660461, 0.6886530545569891, -0.11640060128677107], [0.663706703768266, 0.7224923801439284, 0.19364444739528425]], "T": [0.09050408853140372, 0.0348136576144738, 0.10740498549267435], "aligned_model": [[-0.2370479110424462, 0.6299126375838601, -0.14579091958188067, 0.49800379889152097, -0.03474415771220067, -0.0851786119864824, -0.483601068549587, 0.39625882016452485, -0.41634013101142026, 0.5762987079507554, 0.2650351758316778, -0.008049231918051639], [-0.19880947907789015, -0.46728481816528983, 0.4475658658209533, 0.1422987458497929, -0.6612650696255722, -0.4184363560524488, -0.08121785806362401, 0.6337403563449555, 0.5384599682555664, -0.029215358037083472, 0.6464682516868738, -0.03792518578340512], [-0.5654153660759924, -0.4770534997161992, -0.38141937667271714, -0.5625520117312071, -0.086845731757416, 0.6547572817345928, 0.14575885022116053, -0.10390129300850984, 0.20080856891229049, 0.012290110991493436, 0.5268317212871874, -0.0037753462911503527]], "inverted": false, "swapped": false, "error_lsq": 0.05089033656761157, "error_max": 0.25297280827765367, "target": "886.xyz", "model": "7.xyz", "model_rescale": 3.964800864290218, "target_rescale": 3.783012838961244},
{"mapping": [9, 11, 12, 4, 10, 5, 8, 2, 1, 6, 0, 13], "R": [[-0.5184421738866645, 0.7510818992919749, -0.40877095407040565], [0.6200703010882717, 0.0010267182463413183, -0.7845455802934226], [-0.5888382919307897, -0.6602082447270731, -0.46625587347552794]], "T": [0.1229159152545411, 0.10981329586145026, 0.01591674787993074], "aligned_model": [[-0.21829273064250565, 0.4615073565498525, -0.14640093033568502, 0.5967273005843876, -0.012659344263118544, -0.30257223009190476, -0.6133314657437854, 0.30053955063554305, -0.31271371247506813, 0.6855983432713129, 0.4570047083075975, 0.05935026282364436], [-0.32338388604539114, -0.34051401127602543, 0.19549785680465226, 0.32090165326719383, -0.6968793577154112, -0.37716901652380097, -0.10991614381193611, 0.7418190151050259, 0.5771582167762853, -0.028214699887889452, 0.49056047998339974, 0.0645189564767254], [-0.3961191587370643, -0.5921083147791292, -0.6846555396007195, -0.45951765507530257, 0.09337851057013147, 0.5458967367115244, -0.010847943809040729, -0.07141791162899314, 0.40953514621982484, -0.013110493964747158, 0.5224497010649153, 0.0160008309221329]], "inverted": false, "swapped": false, "error_lsq": 0.0457094523049792, "error_max": 0.2617492923799823, "target": "886.xyz", "model": "8.xyz", "model_rescale": 4.121658175737393, "target_rescale": 3.783012838961244},
{"mapping": [11, 3, 8, 2, 10, 5, 7, 1, 9, 0, 4, 12], "R": [[-0.4231739675319516, 0.2643670673812948, -0.8666220900066423], [0.15410856939785142, -0.9215467020268088, -0.35637371511050003], [-0.8928462029047414, -0.28436196944691133, 0.3492333436126331]], "T": [0.006843985259697302, 0.07105956286041135, -0.08704955772737559], "aligned_model": [[-0.26598501707350786, 0.4157655879835953, -0.29139401805873977, 0.47370300763169854, 0.16220834091816966, -0.030538635531829825, -0.654564172714288, 0.513949872877957, -0.4653160843271431, 0.7097019734328137, 0.3178135113278142, 0.06941274215373043], [-0.3533935320415815, -0.41199085271875335, 0.35593244387417156, 0.2347392802068031, -0.6622752256850671, -0.22538064506569758, -0.055032305691888245, 0.5331266061592208, 0.5219762978997436, -0.04798416801442962, 0.49322394326115804, 0.13143722096914848], [-0.47232346064255065, -0.55835562633305, -0.687428498702866, -0.5744898660915385, 0.03362701620124976, 0.45373103462340275, -0.044026313269822995, -0.02170904997358035, 0.4296019532393161, 0.24558159193079426, 0.6293323987012807, -0.07405727178910233]], "inverted": false, "swapped": false, "error_lsq": 0.045233800339881336, "error_max": 0.24882425022204344, "target": "886.xyz", "model": "9.xyz", "model_rescale": 3.833441315466971, "target_rescale": 3.783012838961244},
{"mapping": [8, 10, 2, 0, 11, 7, 9, 5, 3, 12, 4, 14], "R": [[0.38681487915258117, -0.7087015333184208, -0.5900138862249719], [-0.911016838517332, -0.3928390653076894, -0.12540250677744486], [-0.14290755474802655, 0.5860201408145465, -0.7975950259095399]], "T": [0.24762417650542873, 0.062026343392056746, -0.021017753273964428], "aligned_model": [[-0.24487467950617625, 0.3711249284022367, -0.28312517654445385, 0.6714228100256993, 0.16060322662030035, -0.1602313778737386, -0.557350378784008, 0.31009362293934517, -0.4229448977802382, 0.7354727438553176, 0.21935992846018904, 0.15520635880579725], [-0.37787147759359946, -0.4766514605799292, 0.4695000800651386, 0.21187221159554148, -0.6073198169521057, -0.27186621723726023, 0.0010286232146354546, 0.7130307331675427, 0.394802973176934, -0.25870305995183224, 0.642434473859983, 0.07412200038777983], [-0.4351362704837995, -0.6295635044781875, -0.28354495774321964, -0.5326464230261215, 0.0776744599811228, 0.3865157809293895, -0.09979192418325239, -0.19343020706515085, 0.4193442353539314, 0.12783278409861917, 0.525095892828569, -0.0028659583183676604]], "inverted": false, "swapped": false, "error_lsq": 0.05672769952396659, "error_max": 0.33204917891334634, "target": "886.xyz", "model": "10.xyz", "model_rescale": 4.2482417240324, "target_rescale": 3.783012838961244},
{"mapping": [7, 3, 9, 8, 2, 6, 5, 10, 4, 1, 0, 11], "R": [[0.08711394091208624, 0.9654195538168069, 0.24571578379689707], [0.7412377216818189, -0.22760649080073142, 0.6314759894891675], [0.6655657753030216, 0.12712344572711382, -0.7354330889290701]], "T": [0.1233565688877393, -0.00026278150731887107, -0.02650698287840983], "aligned_model": [[-0.1752440706390984, 0.474450254570449, -0.2916536886523403, 0.548372007406083, 0.15855591976380867, -0.14594155360137892, -0.6202943967374048, 0.23127500502395154, -0.5093540588571921, 0.7741334116141131, 0.48414697284741803, 0.026311305881861466], [-0.17530846745837658, -0.4797935797361971, 0.5239112597808073, 0.1634477071533236, -0.7259328235252599, -0.15730990521237662, -0.10121357420987398, 0.6207582090858339, 0.4593963710116147, -0.14525450486618724, 0.45373214877645784, 0.07794622235306253], [-0.6085318213513389, -0.5786437991435917, -0.5085017574508078, -0.438111868513126, 0.11463578951982692, 0.5420850152210891, 0.004771589644110202, -0.15950661791214202, 0.36621468099619325, 0.20718823505879955, 0.4608926104955413, -0.043008148671021394]], "inverted": true, "swapped": false, "error_lsq": 0.044876872419913665, "error_max": 0.21586508552811423, "target": "886.xyz", "model": "11.xyz", "model_rescale": 3.6694154284099745, "target_rescale": 3.783012838961244},
{"mapping": [8, 3, 11, 4, 2, 10, 9, 6, 7, 1, 5, 13], "R": [[-0.0010204511505322311, -0.17840047400201228, -0.9839574327964127], [0.0970422880731556, -0.9793315802511721, 0.17746112320243343], [-0.9952797360566408, -0.09530439023780543, 0.018311750228310608]], "T": [0.13442981756055394, 0.1058341097778467, 0.05609698098290206], "aligned_model": [[-0.21555198418825428, 0.42312138618913264, -0.2225507160425596, 0.5469715226608548, 0.20621619110739567, -0.25392315698817286, -0.6530912459804705, 0.17682661920625148, -0.395900872814247, 0.8159535473971664, 0.27171538561037956, 0.25497043246279427], [-0.3721025927970444, -0.402388184156534, 0.3683797204671662, 0.1906155107607903, -0.5430791099598723, -0.23133463227627515, 0.035566671534707175, 0.6588446900192322, 0.41540616427116717, -0.38773080797577575, 0.6628267787301468, 0.11937485453511978], [-0.4147396128451351, -0.5760550408869706, -0.5343802411377171, -0.55242590712452, 0.047616225418840766, 0.42896155941485686, -0.08375768819925003, -0.05452237900879068, 0.4745223869908498, -0.03551399943982963, 0.6177753872042131, 0.04200321750698555]], "inverted": false, "swapped": false, "error_lsq": 0.05315957631340933, "error_max": 0.3078638591466019, "target": "886.xyz", "model": "12.xyz", "model_rescale": 3.9764082729961374, "target_rescale": 3.783012838961244},
{"mapping": [8, 2, 3, 7, 1, 12, 13, 4, 6, 0, 5, 15], "R": [[-0.15877989314346685, -0.02253040216174612, -0.9870569013546177], [0.4227601958930265, 0.901900856712094, -0.08859267142648367], [0.8922234934711365, -0.43135510387663323, -0.13367876442329904]], "T": [-0.029715695089394534, 0.0027242104019190444, 0.007149848596348131], "aligned_model": [[-0.12690764992564402, 0.49909718686309057, -0.23954739855447765, 0.46705921573389014, 0.11567565332585719, -0.2159699718181974, -0.5770265861392812, 0.34693231023852183, -0.3388531922049476, 0.6940065426155595, 0.3553733239311155, -0.025082325445216876], [-0.3555117908094223, -0.4193211041061285, 0.252951658433749, 0.24179975832114664, -0.6154069334733738, -0.39836925345522023, 0.04126515904817092, 0.613894687532401, 0.6401507334614386, 0.0601108597514871, 0.3615503440188059, 0.09126494442977434], [-0.5944093986933641, -0.4153358935169565, -0.7686080568007098, -0.5096588870947475, 0.01704040158454463, 0.4672008377264448, 0.2781589443893215, -0.014544614886965804, 0.29312229705356385, 0.0007601201181628089, 0.6596635718988512, -0.05390541388461173]], "inverted": false, "swapped": false, "error_lsq": 0.04960301021613683, "error_max": 0.2570992564448783, "target": "886.xyz", "model": "13.xyz", "model_rescale": 4.170626492500431, "target_rescale": 3.783012838961244},
{"mapping": [10, 7, 12, 8, 9, 3, 11, 4, 6, 0, 2, 13], "R": [[-0.6467905486039645, 0.3904248132105645, 0.6551568144086413], [-0.01491180306348669, -0.8653427507924033, 0.5009586427844447], [0.7625218845160961, 0.3142457460022854, 0.5655174504411766]], "T": [0.11560973941539365, 0.04423103956023175, 2.6217643058962237e-05], "aligned_model": [[-0.02046253966672784, 0.6429356546687783, -0.19248097220444516, 0.4463850098041128, -0.22463084528832167, -0.11168769087769154, -0.5693711957611938, 0.32316569534632317, -0.4465151383996264, 0.6833851413948244, 0.40741310236978273, 0.01662088723445518], [-0.22725246810300595, -0.39433801324264073, 0.35598620148401294, 0.22024932774197797, -0.686672506516596, -0.1788723649191642, -0.12171201758447317, 0.6971336077334256, 0.47184163263535506, -0.07131249212304586, 0.384540838259654, 0.0647873177873285], [-0.4754833457803187, -0.4324253610505324, -0.5861435134192258, -0.6411926026747488, -0.07948975129822464, 0.6116096980623282, 0.054097202109983894, -0.18355453359046983, 0.45681289593116026, 0.14193883766373802, 0.4816611473502098, 0.011653234589632473]], "inverted": true, "swapped": false, "error_lsq": 0.0472451326226851, "error_max": 0.302042687973037, "target": "886.xyz", "model": "14.xyz", "model_rescale": 3.9786697098870705, "target_rescale": 3.783012838961244},
{"mapping": [8, 3, 5, 2, 9, 1, 7, 4, 10, 0, 1, 11], "R": [[-0.11995784816973776, 0.4845663858647381, 0.8664903532945256], [0.16681190420059752, -0.8505461106455755, 0.49874352354958484], [0.9786643465864366, 0.20436910567810945, 0.021198239664484475]], "T": [0.017661947082322722, -0.01709815359170612, -0.02113284318067154], "aligned_model": [[-0.07107538858360962, 0.5320398696408793, -0.29955486410322024, 0.5554304748830479, 0.11623919404157357, 0.12233285619471332, -0.6427520317152947, 0.18317145241567334, -0.3704107358314575, 0.7015345681718351, 0.12233285619471332, 0.005468857311416664], [-0.13007951582485017, -0.5867868915008805, 0.3966147809114978, 0.23420187356956262, -0.6316668882350509, 0.13645784424951607, -0.029410370704933173, 0.5691391199138612, 0.5856535314568575, -0.07050313608065183, 0.13645784424951607, -0.09569912885161608], [-0.5227193492480192, -0.5271163676026165, -0.6317675050333793, -0.6547736902879421, -0.022569794828210817, 0.6316585843096979, 0.002904446790395615, -0.08315858693450197, 0.40125440502185744, 0.09407016046185013, 0.6316585843096979, 0.0400430209347037]], "inverted": true, "swapped": false, "error_lsq": 0.06116365754115738, "error_max": 0.44543665776762065, "target": "886.xyz", "model": "15.xyz", "model_rescale": 3.769337070930944, "target_rescale": 3.783012838961244},
{"mapping": [9, 3, 5, 4, 10, 7, 8, 2, 6, 0, 11], "R": [[0.40449259145846717, -0.8755508371121573, -0.26419022519278457], [0.45812367763662276, 0.44400428808390613, -0.7700538215941788], [0.7915228609736482, 0.19044926829815956, 0.5807070145613762]], "T": [-0.06708248153518329, 0.1106876020555235, 0.02386319385708803], "aligned_model": [[-0.4383902693985541, -0.29125061145939213, -0.02108467538566325, -0.630632159706368, 0.39395463712738743, 0.34582233352414526, 0.6632391296168578, 0.1720869017636444, 0.1895928701721574, -0.43676805724829726, -0.02394396831474678], [-0.12788132942575361, -0.7078904393294002, 0.6958728850893148, 0.3471461307094242, 0.20685287999489935, -0.32050924983417584, 0.3451989267470025, -0.41420318944189627, 0.5354534923779537, -0.06960037773831687, 0.10562476847629056], [-0.5190938884471739, -0.1529653046093945, -0.17297415468167238, 0.09919731642862452, -0.736500008400371, -0.29002571991553794, 0.08511808088922586, 0.43994791594401694, 0.5176324809595506, 0.4655106516000529, 0.008370237456455801]], "inverted": true, "swapped": true, "error_lsq": 0.04321361851546735, "error_max": 0.24738168368280447, "target": "886.xyz", "model": "16.xyz", "model_rescale": 3.7852294659196426, "target_rescale": 3.783012838961244},
{"mapping": [0, 9, 4, 10, 8, 2, 3, 5, 1, 11, 7, 12], "R": [[0.2662790623480278, 0.9026263165945758, 0.33817331879668433], [-0.9326569447558428, 0.15267659959777877, 0.3268652311487975], [0.24340600722610028, -0.4024370615713323, 0.8824952844746988]], "T": [0.07478552378872416, 0.06027972111406714, -0.028321405586179075], "aligned_model": [[-0.2558638788144494, 0.46187689600509435, -0.189796518247782, 0.6300929084559724, 0.11999579311496535, -0.03499161038057366, -0.6659059445380467, 0.054020048333605256, -0.39151110629751984, 0.6566944978879811, 0.4200540949286906, 0.15009192817233316], [-0.17655125060348698, -0.5294342040132226, 0.49491724289882427, 0.22491273331599726, -0.5888399761098261, -0.06155290806097051, -0.20988010840691457, 0.7168382739721688, 0.4521992210613632, -0.24584933539691073, 0.4078656867475365, 0.02975368774826951], [-0.5763444152602303, -0.5279808311737032, -0.5211431307345249, -0.5884863412136067, 6.100931952806796e-05, 0.5609092897379382, 0.07601069121860218, -0.05494230448875284, 0.29295839860067546, 0.2966386243493847, 0.47307725362028125, -0.07127433608205992]], "inverted": false, "swapped": false, "error_lsq": 0.05126946818227456, "error_max": 0.29534234216036087, "target": "886.xyz", "model": "17.xyz", "model_rescale": 3.901054581598922, "target_rescale": 3.783012838961244},
{"mapping": [8, 2, 1, 0, 5, 9, 10, 7, 11, 3, 12, 14], "R": [[-0.1372478271256865, -0.677068596125551, 0.72300840250294], [-0.9047397133739183, 0.38283732524745573, 0.1867662534866876], [-0.40324816799752183, -0.6285011523759915, -0.6651144386259353]], "T": [-0.01232393626820337, 0.036653435443184584, -0.09407270173373253], "aligned_model": [[-0.14549535988331708, 0.5484273602399448, -0.04974844520450032, 0.5433504142911012, -0.04272928931224197, -0.15684925430455005, -0.7760444378054004, 0.23401116324560473, -0.299943092013925, 0.7424686366722107, 0.3614399099622799, -0.004130497266936161], [-0.3822829149143365, -0.5150278743096598, 0.45629161608340196, 0.25417396387748564, -0.5752431821023956, -0.24822083023498895, -0.10237105474279803, 0.6521881064188351, 0.47189921128791235, 0.09909774423377235, 0.3568273046848237, 0.04704697287077591], [-0.5912406395790013, -0.34891347147422247, -0.6492202072812953, -0.5624906287387125, 0.02735254662164674, 0.48225073743485447, 0.17023192325258998, -0.10470808473877982, 0.5097214062071409, 0.004895826831819466, 0.46249210561851495, -0.04088760626102268]], "inverted": true, "swapped": false, "error_lsq": 0.049399284570192166, "error_max": 0.2992087336721176, "target": "886.xyz", "model": "18.xyz", "model_rescale": 3.9405287249114394, "target_rescale": 3.783012838961244},
{"mapping": [12, 4, 1, 0, 13, 11, 10, 6, 2, 7, 5, 15], "R": [[0.6516734050107886, -0.570434497870175, 0.4999262514023904], [-0.2958468962912944, 0.41573842106923214, 0.8600210341623452], [-0.6984242171892757, -0.7083544655654138, 0.10216439671962131]], "T": [0.07235101003393418, -0.0758848410143213, -0.10416873573398353], "aligned_model": [[-0.09782596172009378, 0.578526229071872, -0.15179646678199277, 0.45179164502074565, 0.07858589878429573, -0.16684930436607312, -0.6239944240210692, 0.20391314382237846, -0.3228699239447615, 0.7190515088609803, 0.2389927135152762, 0.04723205037871228], [-0.35063633602511973, -0.27634679689815744, 0.38529728627776744, 0.3033175941240816, -0.7027393525871464, -0.26913090040281995, 0.04979904738166374, 0.6595318931583141, 0.621178019864109, -0.303560076724666, 0.44920855109898944, -0.05153986611418746], [-0.5465378988583504, -0.5922944167744312, -0.5196063099648608, -0.534174056238116, 0.1373771043358308, 0.5474848317553462, 0.23819164984667998, -0.09246029245117603, 0.23232653071419693, 0.05573123550563647, 0.5185431679410955, -0.08509763791831944]], "inverted": true, "swapped": false, "error_lsq": 0.0449621180503226, "error_max": 0.19280309110769694, "target": "886.xyz", "model": "19.xyz", "model_rescale": 4.410303926677745, "target_rescale": 3.783012838961244},
{"mapping": [9, 11, 12, 4, 10, 5, 8, 2, 1, 6, 0, 13], "R": [[-0.5184421738866645, 0.7510818992919749, -0.40877095407040565], [0.6200703010882717, 0.0010267182463413183, -0.7845455802934226], [-0.5888382919307897, -0.6602082447270731, -0.46625587347552794]], "T": [0.1229159152545411, 0.10981329586145026, 0.01591674787993074], "aligned_model": [[-0.21829273064250565, 0.4615073565498525, -0.14640093033568502, 0.5967273005843876, -0.012659344263118544, -0.30257223009190476, -0.6133314657437854, 0.30053955063554305, -0.31271371247506813, 0.6855983432713129, 0.4570047083075975, 0.05935026282364436], [-0.32338388604539114, -0.34051401127602543, 0.19549785680465226, 0.32090165326719383, -0.6968793577154112, -0.37716901652380097, -0.10991614381193611, 0.7418190151050259, 0.5771582167762853, -0.028214699887889452, 0.49056047998339974, 0.0645189564767254], [-0.3961191587370643, -0.5921083147791292, -0.6846555396007195, -0.45951765507530257, 0.09337851057013147, 0.5458967367115244, -0.010847943809040729, -0.07141791162899314, 0.40953514621982484, -0.013110493964747158, 0.5224497010649153, 0.0160008309221329]], "inverted": false, "swapped": false, "error_lsq": 0.0457094523049792, "error_max": 0.2617492923799823, "target": "886.xyz", "model": "20.xyz", "model_rescale": 4.121658175737393, "target_rescale": 3.783012838961244},
{"mapping": [4, 11, 3, 7, 10, 6, 2, 5, 1, 9, 8, 12], "R": [[-0.26164906884589967, -0.4749679284820376, -0.8402054699212304], [-0.2898203713086738, -0.7916933149476226, 0.5377972177705522], [-0.9206214841869463, 0.38422280252573016, 0.06949043727519327]], "T": [0.07833303469616365, 0.08677043103887, -0.008293275779479005], "aligned_model": [[-0.18314183468707268, 0.44424010312002454, -0.18146476029441544, 0.4593609177958387, 0.10351618980086419, -0.1241989511987523, -0.6493253968595736, 0.3054846948096088, -0.4642826713033204, 0.7264525402918802, 0.42855360076808, 0.08956267637710831], [-0.3041542832785531, -0.35593405460586297, 0.33403765093562415, 0.30363243152557806, -0.6671469390803262, -0.10441948274450327, -0.12737064486455268, 0.724966754438261, 0.48116088062661827, -0.22042060799173918, 0.28206109819485947, 0.1679662599974247], [-0.33683606194861404, -0.6751469020037553, -0.6032762424520911, -0.532322554296116, 0.19082339704959544, 0.5791177163113034, -0.03776259551860427, 0.06249589072182956, 0.17170459884713316, 0.08246820936868379, 0.5329185248018883, -0.07470007298772038]], "inverted": false, "swapped": false, "error_lsq": 0.047492683912004834, "error_max": 0.25346010312727785, "target": "886.xyz", "model": "21.xyz", "model_rescale": 4.08911054899281, "target_rescale": 3.783012838961244},
{"mapping": [2, 1, 4, 0, 15, 9, 14, 7, 12, 8, 10, 16], "R": [[0.7481723748782785, -0.16879337790246632, 0.6416750681188046], [-0.6298162518159248, 0.12357320208008782, 0.7668514541136464], [-0.20873329015165965, -0.9778744598893814, -0.013854756530307613]], "T": [0.11157676840276956, 0.01975458462403954, -0.01778775780631542], "aligned_model": [[-0.1366358416972197, 0.5162252649986712, -0.1163624130274872, 0.46830904419070885, -0.1809185163765419, -0.12417537046915275, -0.5012351884733259, 0.22560710771416867, -0.36542369322265267, 0.7575989514858367, 0.30277796526501954, 0.10898979823224542], [-0.33446088539014895, -0.45722437786719783, 0.21287415763406653, 0.39939240320671404, -0.645736690667061, -0.050942237628739, -0.09062969920095545, 0.7197186682303964, 0.453579908386198, -0.2250297336369708, 0.4786969495916669, 0.05414060049485969], [-0.5958671038854078, -0.5064072875116875, -0.6478994510457667, -0.5911084431929676, -0.07323943755966221, 0.6507707661115174, 0.1374520609941369, 0.03553720245690561, 0.341705850072709, 0.04135608851901132, 0.6177823934526163, -0.05059873051787199]], "inverted": true, "swapped": false, "error_lsq": 0.04666728606661929, "error_max": 0.2511138530262948, "target": "886.xyz", "model": "22.xyz", "model_rescale": 4.204369325754507, "target_rescale": 3.783012838961244},
{"mapping": [12, 4, 1, 0, 13, 11, 10, 6, 2, 7, 5, 15], "R": [[0.6516734050107886, -0.570434497870175, 0.4999262514023904], [-0.2958468962912944, 0.41573842106923214, 0.8600210341623452], [-0.6984242171892757, -0.7083544655654138, 0.10216439671962131]], "T": [0.07235101003393418, -0.0758848410143213, -0.10416873573398353], "aligned_model": [[-0.09782596172009378, 0.578526229071872, -0.15179646678199277, 0.45179164502074565, 0.07858589878429573, -0.16684930436607312, -0.6239944240210692, 0.20391314382237846, -0.3228699239447615, 0.7190515088609803, 0.2389927135152762, 0.04723205037871228], [-0.35063633602511973, -0.27634679689815744, 0.38529728627776744, 0.3033175941240816, -0.7027393525871464, -0.26913090040281995, 0.04979904738166374, 0.6595318931583141, 0.621178019864109, -0.303560076724666, 0.44920855109898944, -0.05153986611418746], [-0.5465378988583504, -0.5922944167744312, -0.5196063099648608, -0.534174056238116, 0.1373771043358308, 0.5474848317553462, 0.23819164984667998, -0.09246029245117603, 0.23232653071419693, 0.05573123550563647, 0.5185431679410955, -0.08509763791831944]], "inverted": true, "swapped": false, "error_lsq": 0.0449621180503226, "error_max": 0.19280309110769694, "target": "886.xyz", "model": "23.xyz", "model_rescale": 4.410303926677745, "target_rescale": 3.783012838961244},
{"mapping": [4, 2, 10, 3, 5, 13, 9, 1, 11, 0, 7, 16], "R": [[0.37175726121135483, -0.08481820174438842, 0.9244470841478603], [-0.9217282439038261, 0.08482467344643979, 0.37844658693754146], [-0.11051508099169927, -0.9927792541283049, -0.046645143861339444]], "T": [-0.09226419856182645, -0.04083392409253492, 0.0825960278180406], "aligned_model": [[-0.001523509384794633, 0.5659351772284115, -0.3103206366253569, 0.4538130820452445, 0.052742957631089535, -0.032030211306564804, -0.6921682166553245, 0.3304177303195891, -0.36850113139664475, 0.6589425483931068, 0.30793027073898444, -0.010480952367468904], [-0.28747266364672197, -0.36210575574016635, 0.32813056733227963, 0.1707989338458257, -0.637861177921477, -0.1515385881779438, 0.06211245686464145, 0.6891324845898669, 0.49689588004745067, -0.10963190263430342, 0.3128801213707273, 0.003038707222649241], [-0.5536585065233262, -0.46187797806056613, -0.4074045233676583, -0.6002378624361626, -0.052064345960766145, 0.7741905390442407, -0.06551607618254457, -0.07496151329865752, 0.2703759556280907, 0.04597537020350632, 0.47840110290596005, 0.0062617459414166105]], "inverted": true, "swapped": false, "error_lsq": 0.04686410352438817, "error_max": 0.25788682588479095, "target": "886.xyz", "model": "24.xyz", "model_rescale": 4.28219845311461, "target_rescale": 3.783012838961244},
{"mapping": [6, 10, 2, 14, 8, 1, 0, 13, 4, 11, 7, 15], "R": [[-0.07627910839099086, 0.2833136123616389, -0.9559889615856842], [-0.9735367689397179, -0.22831075717154337, 0.010017868145037634], [-0.21542436525493175, 0.9314545588542449, 0.293231559768307]], "T": [0.20527583261889498, 0.08430232140387812, 0.09954793987571536], "aligned_model": [[-0.23822157599075472, 0.45503530111211365, -0.13498011343973487, 0.4367925429622591, 0.1187867542269597, -0.14096557827773376, -0.5852949896442696, 0.3343261139962184, -0.37672790995868094, 0.6946334106911125, 0.2586067247937216, 0.13276642814905926], [-0.35617810429742097, -0.4562196965988898, 0.4103469813015272, 0.11497601881898697, -0.5962676621623836, -0.332463228631506, 0.0011058809162980549, 0.6519766600867432, 0.4251517011962033, -0.11154402860116171, 0.681116357912889, 0.0823781832115423], [-0.5496701884074908, -0.42500994518567486, -0.3971418982646402, -0.6254374130889513, -0.006707383362021688, 0.44057691303003105, -0.0838377174482603, -0.018808838613774886, 0.38193405310827866, -0.03701867105679438, 0.5960505355546131, 0.08455446162821756]], "inverted": true, "swapped": false, "error_lsq": 0.048524281015216636, "error_max": 0.22617417561777817, "target": "886.xyz", "model": "25.xyz", "model_rescale": 4.100010024507729, "target_rescale": 3.783012838961244},
{"mapping": [7, 3, 9, 8, 2, 6, 5, 10, 4, 1, 0, 11], "R": [[0.08711394091208624, 0.9654195538168069, 0.24571578379689707], [0.7412377216818189, -0.22760649080073142, 0.6314759894891675], [0.6655657753030216, 0.12712344572711382, -0.7354330889290701]], "T": [0.1233565688877393, -0.00026278150731887107, -0.02650698287840983], "aligned_model": [[-0.1752440706390984, 0.474450254570449, -0.2916536886523403, 0.548372007406083, 0.15855591976380867, -0.14594155360137892, -0.6202943967374048, 0.23127500502395154, -0.5093540588571921, 0.7741334116141131, 0.48414697284741803, 0.026311305881861466], [-0.17530846745837658, -0.4797935797361971, 0.5239112597808073, 0.1634477071533236, -0.7259328235252599, -0.15730990521237662, -0.10121357420987398, 0.6207582090858339, 0.4593963710116147, -0.14525450486618724, 0.45373214877645784, 0.07794622235306253], [-0.6085318213513389, -0.5786437991435917, -0.5085017574508078, -0.438111868513126, 0.11463578951982692, 0.5420850152210891, 0.004771589644110202, -0.15950661791214202, 0.36621468099619325, 0.20718823505879955, 0.4608926104955413, -0.043008148671021394]], "inverted": true, "swapped": false, "error_lsq": 0.044876872419913665, "error_max": 0.21586508552811423, "target": "886.xyz", "model": "26.xyz", "model_rescale": 3.6694154284099745, "target_rescale": 3.783012838961244},
{"mapping": [10, 11, 4, 2, 9, 7, 8, 0, 5, 6, 1, 13], "R": [[0.2846383360624696, -0.9560304685285665, 0.07061700141352945], [-0.7525573585678864, -0.2684743823008182, -0.6013143338666725], [0.5938336801739311, 0.1180137673885715, -0.7958858655597809]], "T": [0.07407113234278179, -0.04321522417202969, -0.010972267496032993], "aligned_model": [[-0.15384121043078824, 0.4829682599852154, -0.3067183001489619, 0.5304905007680234, -0.05499842553172832, -0.14198626199254438, -0.5566156346379016, 0.16657132428408516, -0.2568510430873091, 0.7138905393524244, 0.42032356809185173, 0.11152379196790357], [-0.23201109487099492, -0.5046346128957547, 0.39943920914283804, 0.1784290131805678, -0.7126276135929965, -0.18402508942879212, -0.11987548585912758, 0.6054033787631142, 0.5264689067714032, 0.06840439187678464, 0.5120760442226986, -0.022667984156912457], [-0.5347115185657986, -0.607688913787037, -0.5894072516197766, -0.46339335274513105, -0.00139951501081622, 0.5631534233747427, -0.07963520264716345, -0.09855631598904124, 0.42712475883602496, 0.2112047329593159, 0.5818240817489325, -0.04903101866071899]], "inverted": false, "swapped": false, "error_lsq": 0.045053081280004154, "error_max": 0.25711525663458495, "target": "886.xyz", "model": "27.xyz", "model_rescale": 4.103607728864725, "target_rescale": 3.783012838961244},
{"mapping": [7, 6, 8, 11, 5, 0, 1, 13, 2, 10, 12, 14], "R": [[0.3389396938864738, 0.6866956135176623, -0.6430933200428572], [-0.8780169518107601, 0.47641743094704414, 0.04596372289926032], [0.33794395428988666, 0.5490679064245331, 0.7644071676099691]], "T": [0.23520891549983902, 0.03411520880711638, 0.012665103499410586], "aligned_model": [[-0.16838344229241115, 0.4884636340111583, -0.22768277507740803, 0.5341109676089137, -0.04744533810114843, -0.20202642580838082, -0.6431567218577824, 0.29160103373543145, -0.2189644153825231, 0.7050359692876975, 0.35060308129484596, 0.09260154120187733], [-0.19837938587755613, -0.41399299228824693, 0.3454719176935024, 0.15948625801202182, -0.6108637966646846, -0.3209323037275146, -0.12706254534414374, 0.6485801593955068, 0.40378713934926846, -0.07433162973882107, 0.685100003473694, 0.017516238869802248], [-0.5379170590680717, -0.35656158908212443, -0.5882244532683837, -0.5931408858449773, -0.1854486663494921, 0.4513657544400063, 0.0858523342911548, -0.1851360250439094, 0.4580749771175646, 0.17782290393331185, 0.5605671027092365, 0.07222951405921751]], "inverted": true, "swapped": false, "error_lsq": 0.05138635549727466, "error_max": 0.28772726527967646, "target": "886.xyz", "model": "28.xyz", "model_rescale": 4.137296879288765, "target_rescale": 3.783012838961244},
{"mapping": [7, 3, 1, 4, 5, 9, 10, 2, 6, 8, 11], "R": [[-0.6778301050313212, -0.5972629073441584, -0.42874627488064687], [0.2954983175709015, 0.3126666571616504, -0.9027293646559448], [0.6732214294167964, -0.7385909429516194, -0.03544468879596957]], "T": [-0.08591433266315594, 0.05749835915402713, -0.008106301714571187], "aligned_model": [[0.45171521667608483, 0.1929520337171703, -0.2639538881626648, -0.4157430243799289, -0.035955269928921216, 0.32649494559205183, 0.7411301468378608, -0.2445974702456019, -0.5413143955982287, 0.06581257810596576, -0.055121861903889825], [-0.2532501668394786, -0.7140711695488416, -0.5364895111374344, 0.22183713811108832, 0.6740500499559476, -0.0797423520623983, 0.3650418218970429, -0.5271756440540986, 0.37692139043929196, 0.3322250818915601, 0.059801177995272424], [0.2552132433979648, -0.2882914017114705, -0.7094270645673136, -0.5014438184462109, -0.0340034067590845, -0.5564406668735439, 0.13807725503511123, 0.3644722868812598, 0.4169773564098415, 0.6944757580278756, 0.026144480388569497]], "inverted": true, "swapped": true, "error_lsq": 0.05729355277320396, "error_max": 0.3008352171730065, "target": "886.xyz", "model": "29.xyz", "model_rescale": 3.607286011436655, "target_rescale": 3.783012838961244},
