[{"mapping": [12, 0, 14, 10, 8, 7, 1, 3, 11, 9, 5, 15], "R": [[0.6125688615475609, 0.5203804278282456, -0.5949484012883953], [0.7666107880638271, -0.5744871830304104, 0.2868316163848429], [-0.19252867185560466, -0.6317979794737206, -0.7508422095530065]], "T": [-0.06443791998470078, -0.03056513055580712, 0.016333782771440986], "aligned_model": [[-0.23467888179940513, 0.30850266335078524, 0.3847103281535569, -0.04127791968709818, -0.08971786869045806, -0.693888899505799, 0.38142447923680894, -0.26726431067932205, 0.6206790086535889, 0.22278863873666338, -0.7216414169570704, -0.03199335835170164], [-0.4723000040607997, -0.528035856946119, -0.2194036767281323, 0.8212175912250745, 0.25521333646257816, -0.5504263352011767, -0.27916501374463504, -0.3619676819509712, 0.042172651011615644, 0.3819559051183783, -0.00570043478308814, -0.030005444425667382], [-0.4641064775921487, -0.11675318713970759, -0.6144444241612892, -0.028990273456438703, -0.5264816111420489, -0.039315485143461615, 0.49467230278119506, 0.6593924638011195, 0.04093232884437803, 0.4365152022431382, 0.34996647826501853, -0.009435571946192368]], "inverted": false, "swapped": true, "error_lsq": 0.0459918560792224, "error_max": 0.2400996770180464, "target": "889.xyz", "model": "0.xyz", "model_rescale": 3.751011558992144, "target_rescale": 4.130274776608588},
{"mapping": [8, 6, 13, 14, 5, 9, 7, 12, 2, 1, 3, 4, 0, 11, 15], "R": [[-0.6483024137889977, 0.7488948460493852, 0.1373334985938492], [0.5924534803132011, 0.6094819850142997, -0.526811715518746], [-0.4782288719223615, -0.2601695975776117, -0.8388139999762575]], "T": [-0.029878867840864923, 0.001537973930708189, -0.046262213163849424], "aligned_model": [[-0.03629616231291209, 0.23348811036082295, -0.3602440052079461, 0.3825120671856559, -0.14399891186614938, -0.6114192196368885, 0.5128951233950874, 0.5943758875376498, -0.7034207321913611, -0.06484679832858413, -0.007879486561586352, 0.4935427910260155, 0.43863612809497576, -0.166624705489757, -0.021633874915988012], [0.019197640376903122, -0.489945403553669, 0.5991733202433475, 0.5219942673042329, -0.6871265485454846, 0.2239614443699236, -0.5935945876026628, -0.0970428791735962, -0.32486266743690284, 0.40665865042677823, -0.25098295010917127, 0.09942172890130867, 0.4092555827268137, 0.6762350023875079, 0.0364147495117771], [-0.6599428421558923, -0.5238888019634387, -0.47524413633436263, -0.4870958042878209, 0.19156809622752263, 0.15760967113754903, 0.09787202071343681, -0.281894008804505, 0.09745302999148892, 0.5229981859497321, 0.6610141636694474, 0.5357104867224166, 0.089877398760355, -0.00930852701100559, -0.06706252776294735]], "inverted": false, "swapped": true, "error_lsq": 0.039952607966578485, "error_max": 0.2868717538481013, "target": "889.xyz", "model": "1.xyz", "model_rescale": 3.9405287249114394, "target_rescale": 4.130274776608588},
{"mapping": [14, 11, 0, 2, 9, 12, 8, 10, 3, 7, 5, 6, 15], "R": [[0.6851751770179897, -0.6735848481038957, -0.27716137754603937], [0.7258829497463479, 0.6629317299329709, 0.18334520641571062], [0.06024051847309728, -0.32681030255016463, 0.9431681218537671]], "T": [-0.021710430314003458, -0.04011384069853081, -0.05436999072337223], "aligned_model": [[-0.3903174268534985, 0.21158431583709716, -0.41544374704222015, 0.6082294478247922, 0.5998754376658273, -0.670473351069442, -0.06201406635362044, 0.6702743963806498, -0.0224996195833291, -0.6298871444624825, 0.012551114189809101, -0.3893167861258936, -0.026579291123757835], [0.6616409532467474, 0.42561467795556274, 0.1928237116063375, -0.4120026393658683, -0.0430530017711224, 0.07772832742173669, 0.38583852825764775, 0.2015927927209446, -0.7015107200815066, -0.5483791451366073, -0.713992216135287, -0.06750473349184971, 3.605834528126739e-05], [-0.1377029550554185, -0.5059799857119387, -0.4959445777394986, 0.15946303803825798, -0.2613663584157069, 0.08759628482786083, 0.3859675572895209, 0.3825045493869139, -0.41080260455636597, 0.1489733480091724, 0.24321957011138418, 0.5805792513720557, -0.0633867679675931]], "inverted": false, "swapped": true, "error_lsq": 0.04915666661800074, "error_max": 0.26276877427418993, "target": "889.xyz", "model": "2.xyz", "model_rescale": 3.932901565614263, "target_rescale": 4.130274776608588},
{"mapping": [1, 11, 0, 9, 4, 7, 12, 3, 2, 5, 8, 10, 6, 15], "R": [[-0.5913405583602325, -0.5105751028440145, -0.6242030185717086], [-0.779355927400045, 0.5606873305242153, 0.2797035141288813], [0.20717307369594262, 0.6518763546451531, -0.729476891882068]], "T": [0.10942504164744078, -0.07294116742176654, 0.0033923885505846834], "aligned_model": [[-0.2934198722359885, 0.28759710155593365, 0.15689773570783488, -0.05732796384511775, -0.3602656571810698, -0.17795836923256564, 0.3508278642042275, -0.637012311072518, -0.19121083054766613, -0.35273142250882583, 0.6911391924867241, 0.44518742427164865, 0.41682413417731284, 0.14126288627277336], [0.07349384073427345, 0.2394933944645749, -0.41432208088824013, 0.5484643612865618, -0.5465940599897262, -0.7539297663867659, -0.7026421833972596, -0.15614723127042776, 0.48991526134898317, -0.14524544404934847, -0.06681226434035112, 0.6313762306242121, -0.4618302309551141, -0.07172318883088366], [-0.5494870598201924, -0.5847576270490669, -0.5309102963701374, -0.12019454533723362, -0.4176625611495724, 0.35442850060393244, 0.015047218851790415, -0.016574896800553546, 0.4201186845459942, 0.5735054994775577, 0.19967800480341075, 0.34882702207107763, 0.5449792495939805, -0.023100830363890303]], "inverted": true, "swapped": true, "error_lsq": 0.03503544518865582, "error_max": 0.221448143275729, "target": "889.xyz", "model": "3.xyz", "model_rescale": 3.9243930471874484, "target_rescale": 4.130274776608588},
{"mapping": [11, 9, 13, 14, 8, 1, 4, 10, 6, 5, 12, 7, 15], "R": [[-0.5830240620857562, -0.5045074574737916, -0.6368321351677811], [0.1289690467059179, 0.7164282224076725, -0.685636629075161], [0.8021533070559465, -0.4818742859824681, -0.3526290465745774]], "T": [-0.06162949706264863, -0.031058946979826384, -0.10739493937450821], "aligned_model": [[0.10569502013306388, -0.2343093466945727, 0.50429509828908, 0.5558352821852075, 0.5228897957397151, -0.47362205141714336, -0.5343960316566058, 0.27457531668516055, 0.2563648217280433, -0.5147570194288685, 0.18407833327990997, -0.33924489151236326, -0.030198441019274117], [-0.5839465170516084, -0.08355952068956254, -0.29472701365475584, -0.48984574110717183, 0.1565096732143832, -0.5588723779337181, -0.49475161279427227, 0.38459611508616365, 0.4603489953378438, 0.5341712107267248, -0.09176595072242313, 0.24737776678427767, -0.05770547351429381], [-0.4836912588467535, -0.7371968808363578, -0.6178291903302587, 0.10123683095341361, -0.09680395511115732, -0.3100721160553617, 0.3212361389538428, -0.7724676071356327, 0.335824059905564, 0.030575283225043617, 0.517806507467428, 0.6102147999181282, -0.11176229673693429]], "inverted": true, "swapped": true, "error_lsq": 0.05646627982671788, "error_max": 0.33408229008469287, "target": "889.xyz", "model": "4.xyz", "model_rescale": 3.8936222436046832, "target_rescale": 4.130274776608588},
{"mapping": [14, 8, 11, 0, 9, 2, 5, 3, 4, 12, 1, 15], "R": [[-0.7083468529580336, 0.6522340495462924, -0.269880493027738], [0.06977767779230015, -0.3157647980484179, -0.9462682854219282], [-0.7024071551360822, -0.6891177961175337, 0.17815962361811744]], "T": [-0.17304151536308016, -0.13111679442902785, 0.008646832230827448], "aligned_model": [[0.09063906008262401, -0.4194392101185431, -0.2019615795631205, 0.35637170388192957, -0.5952818511405655, -0.7687281139664428, -0.2655795097437691, 0.09636454266731287, 0.5454787047913081, 0.2904019063919386, 0.06885461625873959, -0.16957222732631402], [-0.4914952852102052, -0.6393819346931944, 0.19069579757440142, -0.06764940152593793, 0.35731911510541126, 0.15385222299282247, -0.12299603009592669, 0.3680015711479769, 0.17773937262074063, -0.6208733453807802, 0.5036306787034319, -0.1399198561289332], [-0.6515616115066917, -0.2320016315058901, -0.600353467241772, -0.33771638348465266, -0.10256731838703192, 0.389173083870724, 0.7402315763401736, 0.5013860087951895, 0.11150716071380702, -0.008477506008793025, -0.15863983055057318, -0.03169536175897155]], "inverted": false, "swapped": true, "error_lsq": 0.04108440610367312, "error_max": 0.21876057839913648, "target": "889.xyz", "model": "5.xyz", "model_rescale": 3.6523030999806103, "target_rescale": 4.130274776608588},
{"mapping": [14, 0, 1, 13, 9, 12, 3, 8, 7, 5, 2, 10, 15], "R": [[0.9950710217041216, -0.0717450300128178, -0.06845664637692452], [-0.09744838937242087, -0.5795804448914982, -0.8090675616461793], [0.018370442929784583, 0.8117506751261947, -0.5837151430781375]], "T": [0.034752926006237125, -0.048685304930901785, 0.030384413389619405], "aligned_model": [[0.22175780495281422, -0.11425492998741617, 0.06766513251188933, 0.7879758017270625, 0.4945386858756364, -0.3705274310436747, -0.4105195258524981, 0.2949128649784453, -0.7535722540816943, -0.38021661163248655, 0.2644031157012372, 0.7213973796552133, 0.057522871859766254], [-0.6257053579070193, -0.1490183880950134, 0.47304619683517174, -0.2561516170072706, 0.41359947277071546, -0.5574923971522914, 0.5564695675308668, -0.582937330388472, -0.1930983759864255, 0.20416808432955547, 0.3968733680532065, -0.06857681814160124, -0.07034950067823958], [0.5474456528777754, 0.6403056174389672, 0.49526713775569914, 0.23025349654444754, -0.03376358349692239, 0.20870351618853894, 0.02711531067598412, -0.12404530957802078, -0.13468927949483817, -0.5243325517397112, -0.5437134459817767, -0.47582520997452327, 0.057388388266169425]], "inverted": false, "swapped": true, "error_lsq": 0.05609467202791654, "error_max": 0.3777958863786718, "target": "889.xyz", "model": "6.xyz", "model_rescale": 4.08911054899281, "target_rescale": 4.130274776608588},
{"mapping": [13, 8, 10, 11, 1, 3, 9, 2, 0, 14, 4, 12, 7, 6, 15], "R": [[-0.13306416375897642, 0.6615324696046392, -0.7380167477651923], [0.73059559487721, 0.5686441505512236, 0.3779866489571989], [0.669719347987752, -0.48889530750730714, -0.5589788665309232]], "T": [0.06703410858542092, 0.0066432885309872305, -0.027727076087510107], "aligned_model": [[0.018543435713616045, 0.3708575311017913, 0.649026399385861, -0.36731340291810666, -0.4957378879570167, -0.12457010859785417, 0.08364949811314187, 0.5499514538896841, -0.5182834520633056, -0.27713254339522936, -0.5513325174964052, -0.04220101267657317, 0.15715210443184502, 0.5349024559794714, 0.04882158628863445], [-0.6881620511408795, -0.5033573376637352, -0.33204716542940627, -0.3542216010035226, 0.23530157141749886, 0.7290924698970314, 0.04599948196128318, 0.31586659741981576, -0.12101073938276824, -0.6560861085447361, 0.42164285339869995, -0.13061914479294495, 0.46714266331186893, -0.09821350901890363, -0.03056916426018854], [-0.4342105519690916, 0.12894981786571866, -0.5518436763360982, -0.4232012851011381, -0.374722739261003, -0.10418404033654804, -0.6814855521682331, -0.5297448802312033, 0.18530284253348206, 0.25086645144586894, 0.23235322454827326, 0.6235495471757325, 0.6426311277005171, 0.5282850599250165, -0.028475313709213516]], "inverted": true, "swapped": true, "error_lsq": 0.04556866106163172, "error_max": 0.28573635089163424, "target": "889.xyz", "model": "7.xyz", "model_rescale": 3.964800864290218, "target_rescale": 4.130274776608588},
{"mapping": [2, 10, 9, 5, 1, 6, 3, 13, 8, 0, 12, 4, 11, 15], "R": [[0.884415922379225, 0.356740083663939, -0.3009069440035426], [-0.3517524560510173, 0.08578774435995824, -0.9321537816153019], [-0.3067224900527877, 0.9302564031626316, 0.2013562476575815]], "T": [-0.028910528537274018, -0.046585408569881866, 0.10807220209108348], "aligned_model": [[-0.12641720220015185, 0.3292026666688967, 0.3196659101167038, -0.6716305625901924, 0.197898389349818, -0.43694819258110223, -0.45007463705003187, 0.7367053176726552, 0.15083170013521474, 0.13932582106319932, -0.27251844343963666, -0.27599786706837, 0.6160565062408484, 0.005088483143021797], [-0.133220857501659, -0.5694436210023951, 0.12153928094506855, -0.07534673266775485, 0.6115302122169297, -0.6110913143009972, 0.5286571683139799, -0.29868251310862975, -0.6110987293993294, 0.29325770586277233, -0.1956780843207175, 0.6121408405097448, 0.19123240286497245, -0.05284729223078314], [-0.6428184959553892, -0.4633284366224938, -0.42056158548655664, -0.25238474276369977, 0.03847001010363438, 0.3402005738925947, -0.12900886953153679, 0.08329222080972085, 0.26923796062979266, 0.6184418055353613, 0.7191050041260323, 0.46482318216278123, 0.16042954977856924, 0.13091686204621106]], "inverted": false, "swapped": true, "error_lsq": 0.04582657040346855, "error_max": 0.2831956317018308, "target": "889.xyz", "model": "8.xyz", "model_rescale": 4.121658175737393, "target_rescale": 4.130274776608588},
{"mapping": [6, 12, 8, 10, 7, 5, 0, 1, 11, 4, 2, 9, 15], "R": [[0.7882285147466882, 0.4130690036852995, -0.4561466943151776], [0.5559409941332374, -0.7958157876261179, 0.24001425625818415], [-0.26386629110664683, -0.44277672743658925, -0.8569266888469321]], "T": [-0.009132291303542643, -0.007882997756539292, -0.06124825652394378], "aligned_model": [[-0.5014778303489259, -0.24468552374428004, 0.07197268565568932, 0.2176240714744809, -0.7380273906377306, -0.6636441636776549, 0.24419753152499118, 0.3306907894741548, 0.6703174235010576, -0.11284659603082808, -0.15877357718154972, 0.3371355566806674, 0.02425451974512538], [0.011818776837078313, -0.49523423548874973, 0.15270838092817013, 0.788420922185474, -0.37870540898471466, 0.2299070429460861, -0.5909646230322323, -0.2379718170571849, -0.08155785175142707, -0.6702430263809549, 0.6687845870559717, 0.41334932228016813, -0.01992463012597489], [-0.6055394875196716, -0.4636634315557805, -0.6482655916103859, -0.26766065885443585, -0.0888837813497155, 0.18147704189974556, -0.050582282327087696, 0.5053047680816716, 0.029312111097854088, 0.3544033059013773, 0.2558929707832421, 0.30191429136163767, -0.08263382194936246]], "inverted": false, "swapped": true, "error_lsq": 0.04762325758536137, "error_max": 0.26865961239245356, "target": "889.xyz", "model": "9.xyz", "model_rescale": 3.833441315466971, "target_rescale": 4.130274776608588},
{"mapping": [5, 2, 12, 14, 8, 6, 10, 11, 4, 0, 3, 1, 9, 7, 15], "R": [[0.013181436651912903, 0.4756288233033398, 0.8795473109337966], [-0.4592528097867793, -0.7784767754996738, 0.42785601165646786], [0.8882078058825764, -0.4095743308005418, 0.20817243121640389]], "T": [-0.07085406570659802, 0.012411559596114789, 0.0133836172097248], "aligned_model": [[0.07491585270339199, 0.3153093750610565, -0.5840989159081429, -0.560382984457587, -0.5974895360191785, -0.6901409668542943, -0.09907443590032924, 0.13704250205713045, 0.20521890515408014, -0.10463855916730214, 0.49079985061499243, 0.5066564774624589, 0.4153352202283931, -0.29861803976005075, -0.08698972692008689], [-0.6978347031637641, -0.466487380790684, 0.07290050590288588, 0.6395712344468689, 0.06695138948002721, -0.375413101105839, -0.1396419977540035, 0.6348738307143768, 0.18928408352381293, 0.5062003871435351, -0.27279500985298305, 0.3622310457670276, 0.08397631238408479, -0.45220881034362775, 0.04949375294326068], [0.14809383268450518, -0.4364871361673048, 0.4468064343808932, 0.06141976625393751, -0.2974820261995825, 0.08494478333472258, -0.8257872755257676, -0.19780543882626594, 0.7308398952578139, 0.4125141042249314, 0.42288667471327823, 0.19644322583456936, -0.41988718792061247, 0.6472704625498888, 0.004351793227086268]], "inverted": true, "swapped": true, "error_lsq": 0.04343438406027453, "error_max": 0.32541617371016823, "target": "889.xyz", "model": "10.xyz", "model_rescale": 4.2482417240324, "target_rescale": 4.130274776608588},
{"mapping": [14, 13, 9, 10, 4, 3, 1, 5, 8, 7, 12, 15], "R": [[0.19278684590428297, -0.9650504983084807, 0.1775127256306749], [-0.9313132140211009, -0.23692954626879903, -0.2766226445802084], [0.30901283053615347, -0.11199073988242984, -0.9444411811990308]], "T": [0.023758001573067164, 0.03931544111846519, -0.05311241776042516], "aligned_model": [[-0.6155225650365449, -0.04767061932717355, 0.37836989794099307, 0.6339975576793178, -0.45692791891603934, 0.15600465192868673, -0.17166815957332876, 0.5108927235921651, 0.012895255351502585, -0.08395851264439153, -0.43661693567385473, -0.0030297729583255405], [-0.4128128027979235, -0.7349835022734915, -0.15828123872468114, -0.5570459088272891, 0.6188177067402333, 0.7095734948661615, 0.22345899143484882, 0.5498332390338209, -0.42644259829531606, 0.6842063863053557, 0.1618603220727679, 0.00794730051615268], [-0.2020274938131518, 0.16064847654735023, 0.46111620964880284, -0.04387741557831071, 0.18217858473178553, 0.2595465465075618, 0.5928772796052851, -0.26739448804612054, -0.45299791306296533, -0.5451224482635325, -0.5305767584551935, -0.049178289967154516]], "inverted": false, "swapped": true, "error_lsq": 0.04374843881862692, "error_max": 0.23812970869871639, "target": "889.xyz", "model": "11.xyz", "model_rescale": 3.6694154284099745, "target_rescale": 4.130274776608588},
{"mapping": [11, 0, 12, 4, 1, 10, 9, 2, 7, 5, 6, 3, 8, 15], "R": [[0.5710903404544017, 0.04731820130776038, 0.8195223065082939], [0.7222534509104266, -0.5034344671327382, -0.4742401184534647], [0.39013558628719824, 0.8627367646784124, -0.3216822954167199]], "T": [-0.02558136119237891, 0.038206646293467934, -0.07156101889542521], "aligned_model": [[0.023528188470078544, 0.23730992558557695, -0.12243524836586875, 0.6632419284056836, 0.5466019953964661, -0.6071728327356612, 0.05786243380141335, -0.05653526080422983, 0.19685804437890464, 0.13597473995702336, -0.46343068566142337, 0.6510813316504068, -0.6228865579284477, -0.04173315189411285], [-0.34330827007807907, 0.2885485614252828, 0.6862930842511996, 0.37169835539633755, -0.24827622040990094, -0.5503600759825248, -0.6111027143154758, -0.48026819960239586, 0.7266467026309388, 0.1461285039383742, 0.5478498658010221, 0.02219835918612984, 0.1383481792073499, 0.03659115668799569], [-0.6436761296563437, -0.5935677628541732, -0.2313665907724583, -0.26274010127098807, -0.35429179934623517, 0.13692167695388, -0.045878077465187905, 0.4861806624456847, 0.3107111987898571, 0.6398446065073884, 0.22440687083392996, 0.25457085311297034, -0.17233370976525061, -0.10968623786065812]], "inverted": true, "swapped": true, "error_lsq": 0.05558739234116954, "error_max": 0.4145543736730412, "target": "889.xyz", "model": "12.xyz", "model_rescale": 3.9764082729961374, "target_rescale": 4.130274776608588},
{"mapping": [7, 6, 12, 5, 4, 9, 2, 0, 8, 13, 10, 14, 7, 11, 3, 15], "R": [[-0.20898580970227598, -0.1303986088344408, 0.9691858099235291], [-0.5116324078480345, 0.8591882490203713, 0.0052756028026373775], [-0.8334009902698141, -0.4947643434599459, -0.24627430612620188]], "T": [0.014600969617012498, -0.0815651539187668, -0.04682494425188241], "aligned_model": [[-0.37820457231133175, 0.03886644744916544, 0.18359005787724222, -0.614100019557921, -0.5048276579841909, -0.41574830395113727, -0.23927034664992844, -0.6666871551775277, 0.36487786887319545, 0.4367640519316328, 0.6078775040372141, 0.5400264909496902, -0.37820457231133175, 0.7757570305486176, 0.3362553424484993, 0.0003584158133090702], [0.5078448838829163, 0.019955957553559014, -0.696821019215617, -0.3996251778012881, 0.2988561801519458, -0.48467645905176454, 0.06258263420413797, -0.0032314159007418575, 0.21095920686455416, -0.3154153716018467, -0.37922781909740005, 0.304348868859256, 0.5078448838829163, 0.12924097940736884, 0.6883854868648732, 0.01865753767975646], [0.21648725161452356, -0.8036363185124922, -0.036034058511195254, -0.5011340826730993, -0.36516003686879384, 0.07064805235141872, 0.6954891967034711, 0.19154084608793057, 0.4929791209832104, -0.42308675975684995, 0.4065697959286515, -0.5092170161244839, 0.21648725161452356, 0.035314716135636526, 0.06343802554694279, -0.08344784040942047]], "inverted": false, "swapped": false, "error_lsq": 0.04384036136753574, "error_max": 0.5455193369297147, "target": "889.xyz", "model": "13.xyz", "model_rescale": 4.170626492500431, "target_rescale": 4.130274776608588},
{"mapping": [11, 10, 1, 2, 0, 7, 3, 13, 14, 10, 8, 5, 12, 15], "R": [[0.4642720648840418, 0.8572640935928822, 0.22259767205584713], [-0.882111175024746, 0.4701318183784545, 0.02925659318222361], [-0.07956962149445168, -0.2099389129831397, 0.9744713069919954]], "T": [-0.05349416329132645, 0.09569346049445589, 0.07398055956735292], "aligned_model": [[0.3313295174807888, -0.06541238098309443, -0.15053986858040785, -0.6166104082165716, 0.3119492293193126, -0.3477267776011726, -0.6639477656715933, 0.5013295558471081, 0.7323087201350054, -0.06541238098309443, 0.34384619080273227, -0.7146400540677948, 0.26027272757223785, -0.013563282961812577], [-0.19071736610566914, -0.7037091802565052, 0.11790659052928168, -0.4077283069130367, 0.46536499786793795, 0.7886762123923411, 0.3741119725215458, -0.47914126305570576, 0.22626584537167882, -0.7037091802565052, -0.08346259485581466, 0.22838494612836713, 0.6349782281398063, 0.0888535664179442], [-0.4211564440652277, 0.37220503015724515, -0.6184727808283609, 0.17555177416448292, -0.29217244824113253, 0.394547437119132, -0.2641321355250347, -0.035884370411579214, 0.04677812633518186, 0.37220503015724515, 0.5063932221099064, 0.3725179035974546, 0.33021639802835767, 0.06527635852319581]], "inverted": false, "swapped": true, "error_lsq": 0.05484622783187925, "error_max": 0.3633538629045762, "target": "889.xyz", "model": "14.xyz", "model_rescale": 3.9786697098870705, "target_rescale": 4.130274776608588},
{"mapping": [4, 12, 3, 1, 5, 2, 14, 8, 9, 11, 6, 15], "R": [[-0.3133645510792749, 0.6564883085080364, 0.6861674423339696], [0.09024773081351978, 0.7398778189445447, -0.6666604533920353], [-0.9453348640613521, -0.14698269907074352, -0.2910980607355266]], "T": [0.024594111030210013, 0.038436600642881076, 0.021078596608128736], "aligned_model": [[-0.026860686071644786, -0.6230099593220683, 0.392005061929324, 0.45131131097731064, 0.15525969328936648, 0.5937788875330785, -0.48723800436290277, -0.33380985448042916, 0.6377572970434752, 0.25372572056662906, -0.5403734282740145, 0.01080855793921245], [-0.4450892196004044, -0.05319365946194864, 0.016768535394412705, -0.47824739014901757, 0.5968252129909888, 0.5433402116150073, -0.4308584656223141, 0.22447669187559752, 0.01712348832419975, -0.4955510995608475, 0.5070858912689084, 0.011994293149856904], [-0.6000485005984547, -0.14368605622913486, -0.633925488256125, -0.17980197889593771, -0.44257442909506, 0.06525015598535558, 0.41231422650240457, 0.48356388485822266, 0.25086498597708917, 0.3920730989735932, 0.0060867385804467995, 0.049849856071430096]], "inverted": true, "swapped": true, "error_lsq": 0.05285029442801162, "error_max": 0.26521020028733183, "target": "889.xyz", "model": "15.xyz", "model_rescale": 3.769337070930944, "target_rescale": 4.130274776608588},
{"mapping": [0, 3, 14, 12, 11, 9, 13, 2, 8, 6, 15], "R": [[0.9270354220866126, -0.33035011102348255, -0.17740949902265266], [0.3747019048327369, 0.7981086620001494, 0.4718273478244451], [-0.014276158846634607, -0.503876341761651, 0.8636578162104953]], "T": [-0.0726501996788955, -0.07351328081651001, 0.017090841978538003], "aligned_model": [[-0.33000324250799473, -0.3508188799649462, -0.11092188473403107, -0.611836765840494, 0.3367623508462191, 0.4905384411879298, 0.5689172771386141, 0.3411605129621257, 0.06874267496263081, -0.41979932653837004, -0.06011502682051295], [0.20401419845883326, -0.7339308210026207, 0.6838563880256989, 0.3274843982088149, 0.15045850988462434, -0.37478275267279937, 0.3984294751619011, -0.6186885696590275, 0.4121891678409597, 0.18477128526745643, -0.037736781888498896], [-0.4938121365484283, -0.20865574382843516, -0.22826961634410362, 0.07551374515415984, -0.4903528294626019, -0.12878714232300376, -0.10938377731872242, 0.35234401701516027, 0.3650249539252469, 0.6102365243554672, 0.000359612599037773]], "inverted": false, "swapped": true, "error_lsq": 0.04276426410570375, "error_max": 0.22891696326536223, "target": "889.xyz", "model": "16.xyz", "model_rescale": 3.7852294659196426, "target_rescale": 4.130274776608588},
{"mapping": [0, 13, 8, 14, 1, 9, 2, 10, 12, 7, 3, 6, 15], "R": [[-0.5276870499680542, 0.2642136238402561, 0.8073026311571218], [-0.5797985740537268, -0.8066037142962081, -0.11499591996599781], [0.6207898121113758, -0.5287547721399408, 0.5788250168383895]], "T": [-0.01919157190150233, 0.12575172499347032, -0.022130518224442987], "aligned_model": [[-0.016666669954691286, -0.36724853799043417, 0.2693334540672001, 0.16653945437100398, -0.556626619886073, -0.6266184978361602, -0.3401927893887836, -0.28080597430839754, 0.5602670762519244, 0.606255430281495, -0.2082806378018912, 0.6714895007328614, -0.023679338321770747], [-0.2248925128909648, -0.5068872777713374, -0.2444987498364633, -0.6352357897501032, 0.15271841479756992, 0.21433311025694943, 0.6267541631029855, 0.06532511094754283, -0.08770562736048135, 0.5383966221678673, 0.7287300006177689, 0.16343003396679162, 0.08458812545474843], [-0.5525230023177328, 0.3369779084305001, 0.37362806369813456, -0.16936257978568942, -0.4691643956040139, 0.20680395714404515, 0.4541098288831208, 0.7878268816302699, -0.2934203284542882, -0.3509181168821519, -0.42852095532050377, 0.22401016272128532, -0.0236927269998023]], "inverted": false, "swapped": true, "error_lsq": 0.04661180934706173, "error_max": 0.28720385930459275, "target": "889.xyz", "model": "17.xyz", "model_rescale": 3.901054581598922, "target_rescale": 4.130274776608588},
{"mapping": [8, 6, 13, 14, 5, 9, 7, 12, 2, 1, 3, 4, 0, 11, 15], "R": [[-0.6483024137889977, 0.7488948460493852, 0.1373334985938492], [0.5924534803132011, 0.6094819850142997, -0.526811715518746], [-0.4782288719223615, -0.2601695975776117, -0.8388139999762575]], "T": [-0.029878867840864923, 0.001537973930708189, -0.046262213163849424], "aligned_model": [[-0.03629616231291209, 0.23348811036082295, -0.3602440052079461, 0.3825120671856559, -0.14399891186614938, -0.6114192196368885, 0.5128951233950874, 0.5943758875376498, -0.7034207321913611, -0.06484679832858413, -0.007879486561586352, 0.4935427910260155, 0.43863612809497576, -0.166624705489757, -0.021633874915988012], [0.019197640376903122, -0.489945403553669, 0.5991733202433475, 0.5219942673042329, -0.6871265485454846, 0.2239614443699236, -0.5935945876026628, -0.0970428791735962, -0.32486266743690284, 0.40665865042677823, -0.25098295010917127, 0.09942172890130867, 0.4092555827268137, 0.6762350023875079, 0.0364147495117771], [-0.6599428421558923, -0.5238888019634387, -0.47524413633436263, -0.4870958042878209, 0.19156809622752263, 0.15760967113754903, 0.09787202071343681, -0.281894008804505, 0.09745302999148892, 0.5229981859497321, 0.6610141636694474, 0.5357104867224166, 0.089877398760355, -0.00930852701100559, -0.06706252776294735]], "inverted": false, "swapped": true, "error_lsq": 0.039952607966578485, "error_max": 0.2868717538481013, "target": "889.xyz", "model": "18.xyz", "model_rescale": 3.9405287249114394, "target_rescale": 4.130274776608588},
{"mapping": [4, 1, 2, 3, 12, 10, 11, 14, 9, 6, 5, 0, 13, 8, 7, 15], "R": [[-0.10974155163250293, 0.31187772171034844, -0.9437632534412713], [-0.8778671401944234, 0.41489647208566993, 0.23918654146445967], [0.46616099795259086, 0.8547474505089954, 0.22825582103468298]], "T": [-0.052281366712643586, 0.11976062063442146, -0.047440954110184744], "aligned_model": [[0.06509474950059893, -0.014385248480868813, 0.19642729643617904, -0.638569827588324, -0.4599531188780392, -0.3904698690141951, -0.19347141992654424, -0.7737746806878097, 0.290640571283555, 0.5230990196466063, 0.5588524073953252, 0.36418808909789036, -0.3968070170405763, 0.701708994767186, 0.30474556914354617, -0.04999493366933279], [0.7642342303781864, -0.1861369109365026, -0.7129212023118988, -0.31775945803823363, 0.3297719086710775, -0.5579780245669062, -0.1457691505499984, -0.015208810631087269, 0.2500795120147496, -0.26272172218780643, -0.31435994233722725, 0.28714487151824464, 0.44092200665419845, 0.17428059025917725, 0.6557362300561658, 0.08036522869048693], [-0.3723126861870384, -0.6309733082956382, -0.05794169801549939, -0.4836411561691296, -0.34717093858450093, 0.16280390946138623, 0.6073662781253959, 0.19947930141613512, 0.6266743015745301, -0.3319196422654138, 0.31216645642051705, -0.5682191822350654, 0.43160735845122894, -0.07569450687065425, 0.2369662576821196, -0.04195260039839873]], "inverted": false, "swapped": false, "error_lsq": 0.040578221104220415, "error_max": 0.29786020113321177, "target": "889.xyz", "model": "19.xyz", "model_rescale": 4.410303926677745, "target_rescale": 4.130274776608588},
{"mapping": [2, 10, 9, 5, 1, 6, 3, 13, 8, 0, 12, 4, 11, 15], "R": [[0.884415922379225, 0.356740083663939, -0.3009069440035426], [-0.3517524560510173, 0.08578774435995824, -0.9321537816153019], [-0.3067224900527877, 0.9302564031626316, 0.2013562476575815]], "T": [-0.028910528537274018, -0.046585408569881866, 0.10807220209108348], "aligned_model": [[-0.12641720220015185, 0.3292026666688967, 0.3196659101167038, -0.6716305625901924, 0.197898389349818, -0.43694819258110223, -0.45007463705003187, 0.7367053176726552, 0.15083170013521474, 0.13932582106319932, -0.27251844343963666, -0.27599786706837, 0.6160565062408484, 0.005088483143021797], [-0.133220857501659, -0.5694436210023951, 0.12153928094506855, -0.07534673266775485, 0.6115302122169297, -0.6110913143009972, 0.5286571683139799, -0.29868251310862975, -0.6110987293993294, 0.29325770586277233, -0.1956780843207175, 0.6121408405097448, 0.19123240286497245, -0.05284729223078314], [-0.6428184959553892, -0.4633284366224938, -0.42056158548655664, -0.25238474276369977, 0.03847001010363438, 0.3402005738925947, -0.12900886953153679, 0.08329222080972085, 0.26923796062979266, 0.6184418055353613, 0.7191050041260323, 0.46482318216278123, 0.16042954977856924, 0.13091686204621106]], "inverted": false, "swapped": true, "error_lsq": 0.04582657040346855, "error_max": 0.2831956317018308, "target": "889.xyz", "model": "20.xyz", "model_rescale": 4.121658175737393, "target_rescale": 4.130274776608588},
{"mapping": [14, 0, 1, 13, 9, 12, 3, 8, 7, 5, 2, 10, 15], "R": [[0.9950710217041216, -0.0717450300128178, -0.06845664637692452], [-0.09744838937242087, -0.5795804448914982, -0.8090675616461793], [0.018370442929784583, 0.8117506751261947, -0.5837151430781375]], "T": [0.034752926006237125, -0.048685304930901785, 0.030384413389619405], "aligned_model": [[0.22175780495281422, -0.11425492998741617, 0.06766513251188933, 0.7879758017270625, 0.4945386858756364, -0.3705274310436747, -0.4105195258524981, 0.2949128649784453, -0.7535722540816943, -0.38021661163248655, 0.2644031157012372, 0.7213973796552133, 0.057522871859766254], [-0.6257053579070193, -0.1490183880950134, 0.47304619683517174, -0.2561516170072706, 0.41359947277071546, -0.5574923971522914, 0.5564695675308668, -0.582937330388472, -0.1930983759864255, 0.20416808432955547, 0.3968733680532065, -0.06857681814160124, -0.07034950067823958], [0.5474456528777754, 0.6403056174389672, 0.49526713775569914, 0.23025349654444754, -0.03376358349692239, 0.20870351618853894, 0.02711531067598412, -0.12404530957802078, -0.13468927949483817, -0.5243325517397112, -0.5437134459817767, -0.47582520997452327, 0.057388388266169425]], "inverted": false, "swapped": true, "error_lsq": 0.05609467202791654, "error_max": 0.3777958863786718, "target": "889.xyz", "model": "21.xyz", "model_rescale": 4.08911054899281, "target_rescale": 4.130274776608588},
{"mapping": [13, 0, 11, 6, 7, 5, 9, 10, 14, 1, 15, 4, 12, 2, 3, 16], "R": [[-0.28269210650151255, -0.6076665290586275, 0.7421769077407204], [0.8764431543079144, -0.4780505931465796, -0.057576276876825094], [0.3897852872910045, 0.634199511079947, 0.6677262986863896]], "T": [0.009031940738354734, -0.045662826565316755, -0.03265467039611021], "aligned_model": [[-0.08435530695885674, -0.008534577009519533, 0.22797181835664282, -0.4803667096689757, -0.5375773644626272, -0.4181785281723811, -0.2867076827529194, -0.7782860171595247, 0.20849784708645602, 0.49513279591837356, 0.5993906080771477, 0.36808865688354675, -0.3384695029084292, 0.7099407994616113, 0.40281648512798257, 0.007967260166669918], [0.6022420643246754, 0.11714387519709413, -0.7548449827707426, -0.2619769556608006, 0.3179942975092168, -0.5167688552009094, -0.11784059739498948, -0.06003939894615727, 0.26636424592103436, -0.5018166502933321, -0.26129356015384886, 0.4201008477487571, 0.4696674824790861, 0.06080783054418626, 0.701900542686369, -0.011960829307013435], [-0.12336321661202719, -0.789797189011155, 0.15447905068793016, -0.5515585989652768, -0.30609196044077963, 0.2727620596375229, 0.6114540596004776, 0.14358141147428333, 0.4914398288951832, -0.4635003840310545, 0.33678686560682664, -0.40740079799217127, 0.3656503951976961, -0.16919990213704406, 0.1682472082596118, -0.06625068606004839]], "inverted": false, "swapped": false, "error_lsq": 0.03984122726846185, "error_max": 0.24623494231380721, "target": "889.xyz", "model": "22.xyz", "model_rescale": 4.204369325754507, "target_rescale": 4.130274776608588},
{"mapping": [4, 1, 2, 3, 12, 10, 11, 14, 9, 6, 5, 0, 13, 8, 7, 15], "R": [[-0.10974155163250293, 0.31187772171034844, -0.9437632534412713], [-0.8778671401944234, 0.41489647208566993, 0.23918654146445967], [0.46616099795259086, 0.8547474505089954, 0.22825582103468298]], "T": [-0.052281366712643586, 0.11976062063442146, -0.047440954110184744], "aligned_model": [[0.06509474950059893, -0.014385248480868813, 0.19642729643617904, -0.638569827588324, -0.4599531188780392, -0.3904698690141951, -0.19347141992654424, -0.7737746806878097, 0.290640571283555, 0.5230990196466063, 0.5588524073953252, 0.36418808909789036, -0.3968070170405763, 0.701708994767186, 0.30474556914354617, -0.04999493366933279], [0.7642342303781864, -0.1861369109365026, -0.7129212023118988, -0.31775945803823363, 0.3297719086710775, -0.5579780245669062, -0.1457691505499984, -0.015208810631087269, 0.2500795120147496, -0.26272172218780643, -0.31435994233722725, 0.28714487151824464, 0.44092200665419845, 0.17428059025917725, 0.6557362300561658, 0.08036522869048693], [-0.3723126861870384, -0.6309733082956382, -0.05794169801549939, -0.4836411561691296, -0.34717093858450093, 0.16280390946138623, 0.6073662781253959, 0.19947930141613512, 0.6266743015745301, -0.3319196422654138, 0.31216645642051705, -0.5682191822350654, 0.43160735845122894, -0.07569450687065425, 0.2369662576821196, -0.04195260039839873]], "inverted": false, "swapped": false, "error_lsq": 0.040578221104220415, "error_max": 0.29786020113321177, "target": "889.xyz", "model": "23.xyz", "model_rescale": 4.410303926677745, "target_rescale": 4.130274776608588},
{"mapping": [0, 1, 9, 11, 7, 14, 6, 13, 5, 10, 8, 3, 12, 4, 2, 16], "R": [[0.23936420080896192, 0.9648764865544993, -0.10825038136345061], [0.6029510966011377, -0.06033147370904579, 0.7954936130400927], [0.7610221773894457, -0.25568237908455926, -0.5962145306406808]], "T": [-0.050857821884502004, -0.07131810933484559, 0.0038548514873628023], "aligned_model": [[-0.07243448976040877, -0.06704928228150528, 0.1314320427545667, -0.30574091683275484, -0.5392435143147761, -0.4325708242047277, -0.40628419799754684, -0.7138436284294105, 0.17485791158486624, 0.382947743243864, 0.6812605202806934, 0.5290649560427466, -0.3705513705086468, 0.6081360344428732, 0.4789381065344625, 0.008411491430900829], [0.6728222231790418, 0.15367264091525493, -0.6702755663970281, -0.48574067130956755, 0.20547649325939313, -0.5736349482978158, -0.03873681089644973, -0.014772316353738137, 0.22959007190759842, -0.35604970713232476, -0.4299374662849096, 0.43041301305237445, 0.5681675757429083, 0.10819496164833053, 0.670967126795014, -0.0004772631454565551], [-0.12332778889905788, -0.8240656449870553, 0.024839453171884122, -0.4011266723463432, -0.35222808841062936, 0.2490547029729715, 0.6750542554762327, 0.23065656542549007, 0.5079468148766656, -0.3892413137889836, 0.10921877861834295, -0.466471032451917, 0.3713190379497107, 0.0897997620994189, 0.03882417565449386, -0.0730148612512497]], "inverted": true, "swapped": false, "error_lsq": 0.04066035909207741, "error_max": 0.2632780431156526, "target": "889.xyz", "model": "24.xyz", "model_rescale": 4.28219845311461, "target_rescale": 4.130274776608588},
{"mapping": [2, 13, 9, 12, 14, 11, 8, 10, 1, 7, 3, 4, 6, 4, 0, 15], "R": [[-0.4296472257300732, 0.4901513162155862, 0.7583897076270092], [0.14014289143554556, -0.7934881292902034, 0.5922301568272413], [0.8920556212493349, 0.3607329703363174, 0.27222875070389074]], "T": [-0.010197072014577258, -0.052270910689031905, -0.019596599831688665], "aligned_model": [[-0.10273439192434566, 0.00531008436827253, 0.11225254033359613, -0.4725375804597592, -0.6880033208355052, -0.44784392090955377, -0.2579889283977108, -0.722806959674088, 0.3136541621373329, 0.5307203387621469, 0.6703280574611179, 0.636742796606768, -0.40394240482481, 0.636742796606768, 0.2596811669635922, 0.017756145771374885], [0.5328590061656999, -0.05647029802204076, -0.7127326401294934, -0.42172462657870746, 0.1955064102510607, -0.3731488293617336, 0.04587465288673123, 0.032564669799314175, 0.0010576089376935632, -0.36052005997340497, -0.3091712810300346, 0.26336965032860277, 0.667641245288768, 0.26336965032860277, 0.6865140597386444, 0.01469013805292331], [-0.36287469294776775, -0.613447044122126, -0.09489653515149088, -0.5035026922700727, -0.2631735141353267, 0.024896862712455243, 0.6214281276082287, 0.31906974204624755, 0.5300886246189763, -0.48643364038683806, 0.24673607321194846, -0.14800382569682974, 0.3530805198397192, -0.14800382569682974, 0.19700597548085436, -0.004732011001174173]], "inverted": true, "swapped": false, "error_lsq": 0.04196861059781178, "error_max": 0.3082353037546979, "target": "889.xyz", "model": "25.xyz", "model_rescale": 4.100010024507729, "target_rescale": 4.130274776608588},
{"mapping": [14, 13, 9, 10, 4, 3, 1, 5, 8, 7, 12, 15], "R": [[0.19278684590428297, -0.9650504983084807, 0.1775127256306749], [-0.9313132140211009, -0.23692954626879903, -0.2766226445802084], [0.30901283053615347, -0.11199073988242984, -0.9444411811990308]], "T": [0.023758001573067164, 0.03931544111846519, -0.05311241776042516], "aligned_model": [[-0.6155225650365449, -0.04767061932717355, 0.37836989794099307, 0.6339975576793178, -0.45692791891603934, 0.15600465192868673, -0.17166815957332876, 0.5108927235921651, 0.012895255351502585, -0.08395851264439153, -0.43661693567385473, -0.0030297729583255405], [-0.4128128027979235, -0.7349835022734915, -0.15828123872468114, -0.5570459088272891, 0.6188177067402333, 0.7095734948661615, 0.22345899143484882, 0.5498332390338209, -0.42644259829531606, 0.6842063863053557, 0.1618603220727679, 0.00794730051615268], [-0.2020274938131518, 0.16064847654735023, 0.46111620964880284, -0.04387741557831071, 0.18217858473178553, 0.2595465465075618, 0.5928772796052851, -0.26739448804612054, -0.45299791306296533, -0.5451224482635325, -0.5305767584551935, -0.049178289967154516]], "inverted": false, "swapped": true, "error_lsq": 0.04374843881862692, "error_max": 0.23812970869871639, "target": "889.xyz", "model": "26.xyz", "model_rescale": 3.6694154284099745, "target_rescale": 4.130274776608588},
