[{"mapping": [0, 4, 1, 12, 5, 6, 7, 8, 3, 13, 10, 14], "R": [[0.6982424184247453, -0.6534284052277566, 0.2923847539696184], [-0.7003717206564883, -0.7080608398230674, 0.09016263091615573], [0.14811137031650645, -0.2677333866938598, -0.9520408896851034]], "T": [-0.06960868819124093, 0.00337611988889272, -0.09990482488176029], "aligned_model": [[-0.23001828595604207, 0.05375184444100933, 0.39982585319736985, -0.3580311678163592, -0.0979003028831872, -0.5273695618108523, 0.3431149181302491, -0.2640058446397444, 0.7631243991052484, 0.3750013303143565, -0.5798597632516372, -0.03999095636986185], [-0.31451033540987583, -0.7365694023624128, -0.39095414755262026, 0.6411514308989505, 0.5145396812115716, -0.6204293860866251, -0.018648034202374868, -0.48273329982021485, -0.03296555228520691, 0.46976440922064866, 0.02697108212330071, -0.002061409758083813], [-0.5231030591490263, -0.017669163215489753, -0.5420011267866055, 0.08008723505625974, -0.6155483238115844, -0.030441158473453286, 0.6574405385708296, 0.4632482586857463, -0.0019549730707918295, 0.2790406906443446, 0.3843383854364008, 0.048514441466932276]], "inverted": true, "swapped": true, "error_lsq": 0.05583051716964743, "error_max": 0.30846417399474674, "target": "891.xyz", "model": "0.xyz", "model_rescale": 3.751011558992144, "target_rescale": 4.38551339631669},
{"mapping": [7, 1, 6, 4, 0, 11, 3, 8, 2, 5, 13, 12, 9, 10, 14], "R": [[-0.37022904543119894, -0.6382055058936394, -0.6749993971598399], [0.45948692690239523, 0.5057038346709157, -0.7301612120654756], [0.8073426892744472, -0.5804802872158324, 0.10602083865414691]], "T": [-0.07823864846463842, 0.049643854021940964, 0.09356525600018833], "aligned_model": [[-0.11193706023273801, -0.6477090024132195, -0.09026180336878618, -0.521851134703929, -0.5569026358010227, 0.5112146303953027, 0.014598085170391614, -0.5595625567616577, -0.3162316051973657, 0.06494667749881904, 0.3459577656784906, 0.46471471391829194, 0.508548129782622, 0.19472411647856264, -0.025497798115250013], [-0.4007514803568215, -0.056153339933106755, 0.11799066053114415, 0.676137449373931, -0.5387958911833394, 0.1515158441524346, -0.6789741460291426, 0.3328155137793385, -0.2715223476510088, 0.29525530699378566, -0.21574022605122348, -0.4237238250565445, 0.27658720401429604, 0.807696929020315, 0.03734063609744158], [-0.3919092372653124, -0.2939860556486721, -0.6540375148990945, -0.09692806919872887, 0.1046995269446132, -0.43454261043885006, 0.3030957797963951, 0.45211700756723366, 0.8174089721687361, 0.649675877723437, 0.6199974839008082, -0.08836822293683833, 0.2894417836974644, -0.059080125747616674, 0.08514825080278089]], "inverted": true, "swapped": false, "error_lsq": 0.04865765953490513, "error_max": 0.3518180164773128, "target": "891.xyz", "model": "1.xyz", "model_rescale": 3.9405287249114394, "target_rescale": 4.38551339631669},
{"mapping": [3, 7, 4, 12, 10, 1, 13, 9, 11, 0, 5, 2, 14], "R": [[-0.5975606538396254, -0.29097165810288494, -0.7471658177162669], [0.6970917402517692, -0.6489784439171857, -0.30477874762454893], [-0.3962125321787787, -0.7029669078354162, 0.5906379227858589]], "T": [-0.07388038990451688, -0.12535908194282566, -0.025560947107032026], "aligned_model": [[-0.39653597839365207, 0.2606442536659685, -0.48349978081145395, 0.536110330660159, 0.5059437821957644, -0.8125482209397921, 0.25341112472040433, 0.7428383785262527, 0.09930663215245063, -0.47607178846377735, -0.1377941956055443, -0.6097161490739584, 0.013894890651110006], [0.6164825096834692, 0.6445458278257343, 0.0642208160012468, -0.29610201123366686, -0.27130717791506076, 0.031785141657234256, 0.4286900637315464, 0.11404138163801777, -0.6293893707857466, -0.47932665747508174, -0.4697800956257827, -0.27848858721608016, -0.016539246713812655], [0.19787519463068726, -0.2249036943538096, -0.6303512560979286, 0.32243357677226686, -0.396919872289496, 0.005900410300858885, 0.35484096843851054, -0.03950440289298676, -0.22896220593433683, -0.16277908512520967, 0.6110441193580164, 0.38822093560012183, -0.08377433881805053]], "inverted": true, "swapped": true, "error_lsq": 0.06147411784292632, "error_max": 0.37182143717767474, "target": "891.xyz", "model": "2.xyz", "model_rescale": 3.932901565614263, "target_rescale": 4.38551339631669},
{"mapping": [13, 7, 9, 3, 12, 11, 10, 5, 1, 0, 8, 4, 6, 14], "R": [[-0.44660925313338296, -0.36126576788530834, 0.8185519042613489], [-0.8844198159702163, 0.3167290446709399, -0.3427598304659435], [-0.13543176929675846, -0.8770232364174123, -0.46096472603560174]], "T": [-0.10625269802857916, -0.0910069553584629, 0.07904265076334197], "aligned_model": [[-0.19485023457355677, 0.40743328206884466, 0.18031114798979253, -0.1457651125431492, -0.33401969095138107, -0.04326238129399619, 0.32460509965851325, -0.8160662039165882, -0.26072072290183274, -0.19266616907586737, 0.6594587313346606, 0.4104790692538921, 0.42135234174195735, 0.0035207552614153897], [0.10836238719610378, 0.2149587283454998, -0.48577661744642164, 0.6814466927219731, -0.6099234820623518, -0.5878124892101311, -0.6249626566095101, -0.2463686332677072, 0.5355887298833708, -0.0767726572594054, -0.1559466783076188, 0.28350603237009486, -0.2947596762339655, -0.07804304176944235], [-0.6359385731063592, -0.5429778893866624, -0.6185063616215716, -0.2467078917550041, -0.369499265869079, 0.35222542896249376, -0.07798357588718594, 0.08112969909782683, 0.4725293279904663, 0.6251286144939614, 0.10555410531738771, 0.4818182752300192, 0.6116037067914804, -0.02447923720067663]], "inverted": false, "swapped": true, "error_lsq": 0.04330434787840325, "error_max": 0.37758356976899865, "target": "891.xyz", "model": "3.xyz", "model_rescale": 3.9243930471874484, "target_rescale": 4.38551339631669},
{"mapping": [7, 3, 8, 10, 6, 13, 12, 4, 0, 2, 11, 5, 14], "R": [[-0.07749030012275415, -0.8362684034468241, 0.5428171062000402], [-0.34421172142685597, -0.4885355777421948, -0.8017800696652798], [0.9356888073602496, -0.24897418877586552, -0.24999661818543395]], "T": [-0.04077005649613831, -0.017324219638860203, -0.038834743897438836], "aligned_model": [[-0.06364886359715201, -0.5278352129451173, 0.5952077794482739, 0.4224066065340857, 0.7121542022354276, -0.539193836871236, -0.24168304130708157, 0.4184619147551103, 0.15589756765103463, -0.4420087653390607, 0.3332738848979278, -0.5347282613745783, -0.01109808777628165], [-0.5803403572682453, 0.04832540631429161, -0.27218122184713744, -0.5171235700438096, 0.17397570843056326, -0.5077204175615391, -0.5422089196302989, 0.3133767234769208, 0.4781566237594578, 0.5367013370634103, -0.018015732847050353, 0.14994118176595167, -0.13505720793092746], [-0.6922008182203343, -0.7191412522229769, -0.38785353781784165, 0.1374387842948256, -0.04242998900750439, -0.30318510409819927, 0.4155572014284709, -0.5380769534148077, 0.1084756849323313, 0.07883952556451272, 0.39186584872862956, 0.46713402707633306, -0.12935310187247523]], "inverted": false, "swapped": true, "error_lsq": 0.04328393372620149, "error_max": 0.2895552230835639, "target": "891.xyz", "model": "4.xyz", "model_rescale": 3.8936222436046832, "target_rescale": 4.38551339631669},
{"mapping": [12, 5, 13, 9, 3, 1, 0, 4, 8, 11, 7, 14], "R": [[0.23876458799027028, -0.4047583373782758, 0.8827016256043777], [-0.877922346527359, 0.2985149586590417, 0.37435434139954515], [-0.4150226800907789, -0.8643260425207406, -0.2840715882144896]], "T": [-0.11408158102236017, -0.14943222788050836, 0.0364768056842057], "aligned_model": [[0.08322333883737014, -0.5554961222964122, -0.24934786036895573, 0.416495094184589, -0.6126058292241494, -0.667181758904516, -0.2350837408670321, 0.005393095434743117, 0.5089411679234487, 0.2298201151711758, 0.133410992822384, -0.030020450497548076], [-0.5278589481552072, -0.6847436772216847, 0.1718597226349775, -0.053300850220606155, 0.5036844116277347, 0.10055856580302444, -0.3621765564456878, 0.30686963512789267, 0.24625975964101526, -0.5673773605441284, 0.5774539760879617, -0.04230577322548487], [-0.5467950020599109, -0.17932790888575162, -0.6247873812519824, -0.6221457710504517, -0.13461239455018476, 0.48692001512061805, 0.5324386096375833, 0.6255560129741016, 0.25212587988591534, 0.2166595967897088, -0.35694626239086213, -0.029800674943264903]], "inverted": false, "swapped": true, "error_lsq": 0.043903646363080744, "error_max": 0.25845709789243704, "target": "891.xyz", "model": "5.xyz", "model_rescale": 3.6523030999806103, "target_rescale": 4.38551339631669},
{"mapping": [9, 12, 5, 13, 3, 10, 0, 7, 6, 4, 1, 3, 14], "R": [[0.2773147162337634, -0.9504784390491927, 0.14031138607681545], [-0.025383498258288673, 0.13874016930489225, 0.9900034562754927], [-0.9604437652337374, -0.27810412137158214, 0.014348222878864336]], "T": [-0.049054905856717734, 0.06675412197681674, 0.10282762621394508], "aligned_model": [[0.13063049659426662, 0.04670478913202625, 0.09441647108116724, 0.6219808121738053, 0.6615430141044498, -0.39566462717999873, -0.4110826032198914, 0.41596507492810697, -0.7360756875188168, -0.2937995300213528, 0.08726512449066154, 0.6615430141044498, -0.0023434440045795382], [-0.6629123393360695, -0.1568690054988468, 0.5732293008183124, -0.22129573374514666, 0.12089991974548941, -0.50165379944978, 0.4510939784721426, -0.6034984074634858, -0.08994156902011302, 0.001705963825873541, 0.5830589721627008, 0.12089991974548941, -0.07389029609338352], [0.502623274026935, 0.7833897419693513, 0.6037025378351752, 0.2626217264320412, -0.3404308920520871, 0.33125377297929537, -0.06178891018347592, -0.1780919394473751, -0.22420820307795203, -0.6080652679863277, -0.4321120335868512, -0.3404308920520871, 0.07164682462514699]], "inverted": true, "swapped": true, "error_lsq": 0.06018632314631782, "error_max": 0.41620319497662983, "target": "891.xyz", "model": "6.xyz", "model_rescale": 4.08911054899281, "target_rescale": 4.38551339631669},
{"mapping": [6, 2, 7, 13, 1, 5, 3, 11, 9, 10, 8, 4, 10, 12, 14], "R": [[0.6829911666908878, -0.7012822027546105, 0.20427025804522228], [-0.36220820913632246, -0.5680241861549286, -0.7390221493144097], [0.6342935278374504, 0.43075723562428153, -0.6419656723695194]], "T": [-0.08215617523486887, -0.02192844713187378, 0.05809248844569696], "aligned_model": [[-0.10179915459709243, -0.660790426349875, -0.05705055797614614, -0.5422425165338336, -0.7895110285082361, 0.5488689315238992, 0.05369005999534748, -0.2508072670150584, -0.35464534418781646, 0.3731455135980454, 0.29990936028340487, 0.53975496209926, 0.3731455135980454, 0.00840029194357346, -0.16531781554500566], [-0.3949230830892284, -0.1952334673227128, 0.1141249741952641, 0.49831944720094734, -0.13216966466708308, 0.23332258169414768, -0.7959434438182288, 0.3512786185683977, -0.36821091350557, 0.38265797797349654, -0.2477841051606425, -0.3475636070574366, 0.38265797797349654, 0.682925891286039, -0.05378089656938747], [-0.27301492820680157, -0.47603045311783826, -0.7035820739920214, -0.1733318174169799, 0.21759811330690065, -0.2841873042775534, 0.15242181338853927, 0.47857359183787096, 0.7064715551908167, 0.44317052633975307, 0.5759381426618065, -0.00545095796916463, 0.44317052633975307, 0.003486574143275231, 0.19749953823799976]], "inverted": true, "swapped": false, "error_lsq": 0.054507127070999827, "error_max": 0.35600946370129105, "target": "891.xyz", "model": "7.xyz", "model_rescale": 3.964800864290218, "target_rescale": 4.38551339631669},
{"mapping": [5, 13, 12, 2, 11, 3, 0, 9, 7, 8, 4, 6, 10, 14], "R": [[-0.4933894136484575, -0.2488437528080582, -0.8334528620072245], [-0.4863508409449069, 0.8733414627781266, 0.027157851622396284], [0.7211308799460839, 0.4187498968130789, -0.5519228006770716]], "T": [-0.08699153578845337, 0.009033648608566319, -0.010096338868204754], "aligned_model": [[-0.2524880900659969, 0.23031845181541516, 0.4622522563653904, -0.6788304813403998, 0.07316631942650265, -0.38053780206720095, -0.49376146806127263, 0.7403649015869893, 0.3235724771061917, 0.2218604728414994, -0.40523534540488204, -0.11609735847861105, 0.5218184398350059, 0.014785115902241977], [0.06488152789678153, -0.6462445865718478, 0.03399439551639651, -0.027341981574266046, 0.5549864075804003, -0.7648411950507358, 0.38166922467214015, -0.19090651962914038, -0.6085309331942435, 0.13146448302164532, 0.07415473507602909, 0.5707729174447997, 0.3023164062270964, -0.06542641523385312], [-0.7154109670844511, -0.17956791460988802, -0.47919146101517174, -0.37091142821919354, -0.05129579464809213, 0.12885545561333372, 0.02940977021567505, -0.01656188505884186, 0.4308673974414306, 0.6833408576009066, 0.6710644517670743, 0.5257258075443049, 0.18672847218824074, 0.07376227698969459]], "inverted": true, "swapped": true, "error_lsq": 0.044385130283905665, "error_max": 0.23929023301630264, "target": "891.xyz", "model": "8.xyz", "model_rescale": 4.121658175737393, "target_rescale": 4.38551339631669},
{"mapping": [11, 0, 2, 5, 6, 10, 4, 7, 3, 8, 12, 13, 14], "R": [[0.6097676682883801, -0.6886060980760798, 0.39243474922920424], [-0.7867373850995092, -0.5858807380075322, 0.19439148057087313], [0.09606080156306593, -0.42727672827359303, -0.8990032924738793]], "T": [-0.01990941726311305, 0.0394696516378522, -0.12065443828096437], "aligned_model": [[-0.574765294299064, -0.16740226910017234, 0.3061185322925469, 0.052102795621169644, -0.5399960661589222, -0.570941136212213, 0.023182068457320175, 0.31183590030122904, 0.7917055077162994, -0.31478442123082256, -0.26223022488826564, 0.42769193842257175, -0.00577983448648009], [0.06937217777361748, -0.19428950182592464, 0.15577845344565727, 0.6198684731538717, -0.5338181713919614, 0.048542880593624056, -0.7136046490880512, -0.1370630452106767, -0.1017662933210022, -0.49874658570067676, 0.6722207541207388, 0.39449970663950695, 0.009393240222986418], [-0.2497014972243459, -0.5996975468143014, -0.7222872925842885, -0.5518484422430757, -0.1866429013583098, 0.31716526183620497, -0.14350443620998074, 0.655991613237426, 0.03963563217502014, 0.34260146486219, 0.1308384726059921, 0.3614269813491159, 0.027098124327441964]], "inverted": true, "swapped": true, "error_lsq": 0.046688852022459426, "error_max": 0.2547795888296088, "target": "891.xyz", "model": "9.xyz", "model_rescale": 3.833441315466971, "target_rescale": 4.38551339631669},
{"mapping": [1, 12, 6, 11, 0, 4, 13, 8, 13, 9, 2, 5, 3, 7, 14], "R": [[0.9317077993517309, -0.30588655777010476, 0.1958417483651323], [-0.32323758217298826, -0.9442179785974114, 0.06300693901769432], [0.16564432407455465, -0.12200746972614078, -0.9786092863001604]], "T": [-0.14672809709529944, 0.054252304705001586, -0.000893576671937471], "aligned_model": [[-0.2713781514859391, -0.5437542310221226, 0.04687717033201047, -0.564457802547835, -0.4692558282202313, 0.559393076715667, -0.10524397215560215, -0.44476310597097213, -0.10524397215560215, 0.14201607980446673, 0.28216831248466573, 0.2339746379929991, 0.6198301061014652, -0.018963111284849288, -0.08644868625960882], [-0.48565345386511, 0.10077970478527064, 0.07883954128354574, 0.5934733932835403, -0.5442980547024439, -0.008637604623854461, -0.5425310317626788, 0.36233616608095537, -0.5425310317626788, 0.458540626110076, -0.09092285728705343, -0.5015534840430145, 0.4208581292466893, 0.7077089701772215, 0.10326927478103476], [-0.48933299841947453, -0.45169897518848556, -0.6513872632414123, 0.008027850247810817, 0.038301979355346474, -0.3660652175350668, 0.5261882557859324, 0.6501201176701249, 0.5261882557859324, 0.640267775886573, 0.5573378243775111, 0.05894415521602235, 0.17885775231199358, 0.02328226938562898, 0.053701064827918726]], "inverted": true, "swapped": false, "error_lsq": 0.05287313504561305, "error_max": 0.3250622695544459, "target": "891.xyz", "model": "10.xyz", "model_rescale": 4.2482417240324, "target_rescale": 4.38551339631669},
{"mapping": [11, 0, 2, 1, 9, 13, 12, 3, 4, 7, 8, 14], "R": [[-0.6127517699358291, 0.413309348846563, -0.6735804707654008], [-0.0007119280407650586, 0.8520472943766287, 0.523464326677503], [0.7902751176640789, 0.3212332334947566, -0.5217992411833595]], "T": [-0.05308478484346023, -0.04452423434151822, 0.07314050941607333], "aligned_model": [[-0.5204833499174945, 0.013607948222818425, 0.4576855871327342, 0.5913365748074728, -0.5538349675713861, 0.14275522907061222, -0.43868194371883185, 0.6517655654624557, 0.07720204318815217, -0.015214162187275435, -0.4379196614355143, -0.0914532606907365], [-0.3521823004589967, -0.5934707885616104, -0.3761053940442044, -0.3950940009214918, 0.64369649329704, 0.6696500523874536, 0.3240279849478548, 0.3430405472700318, -0.34602910039697554, 0.6603370929485854, 0.015995371914642932, 0.07226543166830984], [0.18403435276257338, 0.06367779466552032, 0.40623451159582114, -0.10889311004164146, 0.08488926150524076, 0.17510906262731965, 0.5608146920953788, -0.16631472442224052, -0.6062857626304974, -0.42297859256655923, -0.5897874752955075, -0.015307720441051664]], "inverted": false, "swapped": true, "error_lsq": 0.047404299446210524, "error_max": 0.26824086420171367, "target": "891.xyz", "model": "11.xyz", "model_rescale": 3.6694154284099745, "target_rescale": 4.38551339631669},
{"mapping": [7, 8, 6, 10, 9, 3, 13, 2, 11, 5, 0, 12, 4, 14], "R": [[0.8240699433462787, 0.26636146434726937, 0.4999602972077275], [0.2684138830912549, -0.9607961750956586, 0.06946004092589218], [0.4988614194715152, 0.07695635277435385, -0.863258364529724]], "T": [-0.015272980439066185, 0.06049868236614301, 0.09232629985556315], "aligned_model": [[0.06493016243830249, -0.019685730738943495, -0.18465750353608432, 0.48703152456073967, 0.6925843766890784, -0.45576020639453707, 0.23854758489632402, -0.3922736300493132, 0.22930357668643916, 0.1493283169615782, -0.336498890318211, 0.6788185826368137, -0.5811090963576748, 0.02770578278129847], [-0.44821054068095717, 0.33527564490010997, 0.7379529501789881, 0.36327513526672195, -0.17493823539604053, -0.6397758855582134, -0.6310045361947106, -0.035004249907409225, 0.5708593134376263, -0.051672841549829186, 0.4507184855513422, -0.058045882862523594, 0.30735958698722726, 0.004198343963921859], [-0.5999021453711518, -0.6258047232817037, -0.2480677747265356, -0.29680217816707577, -0.3176053631606661, -0.048903366195702874, -0.03493024438282802, 0.6672469489604679, 0.16392715690017434, 0.7911115186395224, 0.3168751876925612, 0.25519466341778907, -0.341711814429993, -0.04153240624244239]], "inverted": false, "swapped": true, "error_lsq": 0.04551439507156233, "error_max": 0.27655761972633003, "target": "891.xyz", "model": "12.xyz", "model_rescale": 3.9764082729961374, "target_rescale": 4.38551339631669},
{"mapping": [13, 11, 14, 3, 10, 6, 12, 2, 1, 0, 9, 12, 4, 7, 15], "R": [[-0.8533854046719697, -0.23422647064405036, 0.46569444010261807], [0.4437079976537849, -0.7952812353269593, 0.41309922482969497], [0.27359927615205415, 0.5591651966873992, 0.7826095571245054]], "T": [0.01706704019293598, 0.009200273004843666, 0.09516663527298137], "aligned_model": [[0.0620110907249648, -0.5941266407304289, -0.09220569731443307, -0.4569709566490354, -0.6268430750749772, 0.516061652286377, 0.04413479942335416, -0.3784341903495502, -0.3085116816175571, 0.27843116634007514, 0.3133813876840844, 0.04413479942335416, 0.4963197879710905, -0.051356753122773574, 0.02872483333396688], [-0.4061868427968528, -0.10604680711557801, 0.10744254890322164, 0.5847120346636441, -0.4697725651677517, 0.0323475926538284, -0.6182040742537409, 0.302468546867245, -0.28067586845222753, 0.37918540362810715, -0.17068795114213978, -0.6182040742537409, 0.5434927948911306, 0.7265914651415959, 0.1032160841347592], [-0.35195093599281163, -0.39849832567976423, -0.6904642982059785, -0.2953684298057475, 0.14111968421227494, -0.48287089326129623, 0.2085009036984739, 0.7227269989761604, 0.5570030746962921, 0.662535765719193, 0.5864274222301349, 0.2085009036984739, 0.06848280903482114, 0.3225468474197046, 0.04404131972642566]], "inverted": true, "swapped": false, "error_lsq": 0.04737603574632556, "error_max": 0.4013220644115136, "target": "891.xyz", "model": "13.xyz", "model_rescale": 4.170626492500431, "target_rescale": 4.38551339631669},
{"mapping": [4, 3, 8, 7, 11, 12, 9, 1, 0, 3, 2, 13, 5, 14], "R": [[0.06989008611038268, 0.6587968349645856, 0.7490674910207544], [-0.9791277841696151, 0.1889657526591632, -0.0748380023053512], [-0.1908511412870856, -0.7282023582511943, 0.6582531179620925]], "T": [0.07038225817996954, 0.1512983651660229, 0.024805558427698132], "aligned_model": [[0.3094233303356781, -0.13490866850144764, -0.17538776850441715, -0.652725177034623, 0.24887115311849603, -0.3265934396423109, -0.7220553327658632, 0.5593154842388947, 0.6109139182722667, -0.13490866850144764, 0.568322581724903, -0.5439826665861663, 0.29938454528682834, -0.062486269349147666], [-0.36462095854799614, -0.571053820626746, -0.022607181140504973, -0.2970539633371071, 0.6042284244228003, 0.7157428304518414, 0.4396727951053484, -0.39788568526348533, 0.16359868871000616, -0.571053820626746, 0.044359136165416785, -0.010143790885828341, 0.5175698325049298, 0.10532198099373691], [-0.47136630514567834, 0.3995351147576419, -0.6827168601882522, -0.11835052696437534, -0.27252998364194225, 0.2396421397506405, -0.09103658089208647, 0.1998925877491808, -0.09161612977081401, 0.3995351147576419, 0.496402301562469, 0.41887151507090314, 0.6090828766489217, -0.03147216257338383]], "inverted": true, "swapped": true, "error_lsq": 0.052659609899332, "error_max": 0.4422940655231672, "target": "891.xyz", "model": "14.xyz", "model_rescale": 3.9786697098870705, "target_rescale": 4.38551339631669},
{"mapping": [7, 4, 13, 9, 3, 5, 6, 0, 14, 10, 1, 14], "R": [[-0.7875021306843244, -0.6148899269932862, -0.041842225679816936], [0.11752825243301597, -0.2164725039309645, 0.9691887148135291], [-0.6050020694573621, 0.7583205342887994, 0.24273949663839106]], "T": [0.1013348412860676, 0.0737767067019453, 0.10322031657352805], "aligned_model": [[0.08002917508297017, -0.6386976688358137, 0.5218679293563667, 0.6144546194651006, -0.05929166280117504, 0.56313552136768, -0.4324737664149152, -0.2226465145245605, 0.10427554649580967, 0.2488612936450556, -0.40043542256499165, 0.10427554649580967], [-0.36223726703608383, -0.05054311599060912, 0.05189865689163112, -0.550485610873299, 0.4071278106361897, 0.5773041092435691, -0.31589420589537226, 0.30072471339352747, -0.037833462478209734, -0.5914476492404612, 0.6238939740517664, -0.037833462478209734], [-0.6409810818492397, 0.023243028490232215, -0.5144115167165398, -0.16425155246345224, -0.650062799509047, 0.350560379321961, 0.5115198118869045, 0.48975681724356535, 0.0008993618338678094, 0.279620063449066, -0.026825379647355943, 0.0008993618338678094]], "inverted": true, "swapped": true, "error_lsq": 0.059561766638043974, "error_max": 0.4288690783591422, "target": "891.xyz", "model": "15.xyz", "model_rescale": 3.769337070930944, "target_rescale": 4.38551339631669},
{"mapping": [10, 7, 11, 6, 12, 13, 5, 3, 0, 4, 14], "R": [[0.3506731737941492, 0.6302392567312884, -0.6926953186328977], [0.5748905653823506, -0.7287661011058381, -0.37202259032665863], [-0.739276107429085, -0.2677656608936041, -0.6178773242567749]], "T": [0.06720883120083768, 0.10976340010037675, 0.03492011831546397], "aligned_model": [[-0.36631613579394395, -0.20789862617557905, -0.13250137048651453, -0.6101671281186187, 0.34403748552563174, 0.37764380751225435, 0.7221560163409416, 0.29433165161125596, -0.002185005005290369, -0.4899817418027457, -0.006492822916220692], [0.19295405093285922, -0.6862879281272126, 0.5950959941021579, 0.4674346177208679, 0.16640379042219333, -0.509720499007455, 0.4178549497144223, -0.5897139967314491, 0.5269646518162777, 0.02181620098792228, -0.006737334205241863], [-0.5132949737684859, -0.15220552889667296, -0.18864297638952196, 0.16429027513367023, -0.6302864496442377, -0.24555382512203686, -0.02911582165595763, 0.4392787228421041, 0.39130108591572094, 0.5362222791775249, -0.027775180368330342]], "inverted": false, "swapped": true, "error_lsq": 0.042781723048363564, "error_max": 0.2240909648978185, "target": "891.xyz", "model": "16.xyz", "model_rescale": 3.7852294659196426, "target_rescale": 4.38551339631669},
{"mapping": [4, 10, 9, 8, 0, 11, 5, 12, 7, 3, 2, 13, 14], "R": [[0.49572067950454923, -0.8023590029173336, -0.33238688053088095], [-0.06461433156170565, -0.4157341693675103, 0.9071880117027233], [-0.8660750522145191, -0.4282349014942715, -0.25793191557814166]], "T": [-0.11057629884715447, 0.14759643974038184, -0.05021719772006071], "aligned_model": [[-0.1067641751510888, -0.20779817310352874, 0.27024825435762395, -0.01318779938681472, -0.5512163223494368, -0.6009676482315887, -0.3466422396541803, -0.10296480127398239, 0.6623054368124234, 0.585609054229701, -0.2873053757448442, 0.5514158414815575, 0.0010337982304416127], [-0.16621891882954604, -0.46235997804637563, -0.2999491148870759, -0.5819493590845798, 0.25720136864838006, -0.08971939673780638, 0.7419859652775379, 0.1373781462427851, -0.23576894462580034, 0.46717403732117657, 0.7864429867853968, 0.2740555257333202, 0.04678330590546145], [-0.7365154487737205, 0.28728160842478534, 0.565584868563118, -0.272731074785048, -0.36597487735967554, 0.11892731734957675, 0.29467522521375955, 0.6724028042937915, -0.05930801040072796, -0.39308072533751365, -0.2561928646182458, 0.27315613827339413, -0.032470263700320044]], "inverted": true, "swapped": true, "error_lsq": 0.044288691789191245, "error_max": 0.23615022844746905, "target": "891.xyz", "model": "17.xyz", "model_rescale": 3.901054581598922, "target_rescale": 4.38551339631669},
{"mapping": [7, 1, 6, 4, 0, 11, 3, 8, 2, 5, 13, 12, 9, 10, 14], "R": [[-0.37022904543119894, -0.6382055058936394, -0.6749993971598399], [0.45948692690239523, 0.5057038346709157, -0.7301612120654756], [0.8073426892744472, -0.5804802872158324, 0.10602083865414691]], "T": [-0.07823864846463842, 0.049643854021940964, 0.09356525600018833], "aligned_model": [[-0.11193706023273801, -0.6477090024132195, -0.09026180336878618, -0.521851134703929, -0.5569026358010227, 0.5112146303953027, 0.014598085170391614, -0.5595625567616577, -0.3162316051973657, 0.06494667749881904, 0.3459577656784906, 0.46471471391829194, 0.508548129782622, 0.19472411647856264, -0.025497798115250013], [-0.4007514803568215, -0.056153339933106755, 0.11799066053114415, 0.676137449373931, -0.5387958911833394, 0.1515158441524346, -0.6789741460291426, 0.3328155137793385, -0.2715223476510088, 0.29525530699378566, -0.21574022605122348, -0.4237238250565445, 0.27658720401429604, 0.807696929020315, 0.03734063609744158], [-0.3919092372653124, -0.2939860556486721, -0.6540375148990945, -0.09692806919872887, 0.1046995269446132, -0.43454261043885006, 0.3030957797963951, 0.45211700756723366, 0.8174089721687361, 0.649675877723437, 0.6199974839008082, -0.08836822293683833, 0.2894417836974644, -0.059080125747616674, 0.08514825080278089]], "inverted": true, "swapped": false, "error_lsq": 0.04865765953490513, "error_max": 0.3518180164773128, "target": "891.xyz", "model": "18.xyz", "model_rescale": 3.9405287249114394, "target_rescale": 4.38551339631669},
{"mapping": [13, 4, 7, 0, 12, 9, 14, 1, 3, 2, 10, 11, 5, 6, 15], "R": [[-0.7710306986911781, -0.6135126868642595, 0.17062779589618804], [0.11224307722191817, 0.13281766719096072, 0.9847644179689403], [-0.6268278498053104, 0.7784353861037848, -0.033543946844447226]], "T": [-0.12332835355166866, -0.010268866905674336, 0.01523096392149828], "aligned_model": [[0.04041870881119819, -0.6648513325417795, -0.03566876446021966, -0.5293286234373377, -0.5829834100902878, 0.4776813415273338, -0.045389314570653705, -0.46452347272831773, -0.44621878373306245, 0.32003386870665745, 0.2776306483487487, 0.5150725201094697, 0.5451862692599527, -0.03247516445609454, -0.09983396841709599], [-0.5692668774829156, 0.0984940727107769, 0.09708980094749736, 0.5359433048471336, -0.30055065514758833, 0.010092951641671337, -0.7303386858180667, 0.3105588223241768, -0.2836471217561822, 0.3777096692358476, -0.266657608692493, -0.3421529701797614, 0.4828502374836667, 0.6923393005256402, -0.002785952937903246], [-0.31948976909363, -0.46392299339049414, -0.6749975937450572, -0.08218721835366138, 0.08300097663323106, -0.46161554148986017, 0.2893913625394895, 0.4801770989230756, 0.7544431761759566, 0.6541580946497897, 0.6408512391895874, 0.05409570890286425, 0.0496459422326562, 0.25265656633664174, 0.046525796955766856]], "inverted": true, "swapped": false, "error_lsq": 0.03974576536674419, "error_max": 0.23937491600388278, "target": "891.xyz", "model": "19.xyz", "model_rescale": 4.410303926677745, "target_rescale": 4.38551339631669},
{"mapping": [5, 13, 12, 2, 11, 3, 0, 9, 7, 8, 4, 6, 10, 14], "R": [[-0.4933894136484575, -0.2488437528080582, -0.8334528620072245], [-0.4863508409449069, 0.8733414627781266, 0.027157851622396284], [0.7211308799460839, 0.4187498968130789, -0.5519228006770716]], "T": [-0.08699153578845337, 0.009033648608566319, -0.010096338868204754], "aligned_model": [[-0.2524880900659969, 0.23031845181541516, 0.4622522563653904, -0.6788304813403998, 0.07316631942650265, -0.38053780206720095, -0.49376146806127263, 0.7403649015869893, 0.3235724771061917, 0.2218604728414994, -0.40523534540488204, -0.11609735847861105, 0.5218184398350059, 0.014785115902241977], [0.06488152789678153, -0.6462445865718478, 0.03399439551639651, -0.027341981574266046, 0.5549864075804003, -0.7648411950507358, 0.38166922467214015, -0.19090651962914038, -0.6085309331942435, 0.13146448302164532, 0.07415473507602909, 0.5707729174447997, 0.3023164062270964, -0.06542641523385312], [-0.7154109670844511, -0.17956791460988802, -0.47919146101517174, -0.37091142821919354, -0.05129579464809213, 0.12885545561333372, 0.02940977021567505, -0.01656188505884186, 0.4308673974414306, 0.6833408576009066, 0.6710644517670743, 0.5257258075443049, 0.18672847218824074, 0.07376227698969459]], "inverted": true, "swapped": true, "error_lsq": 0.044385130283905665, "error_max": 0.23929023301630264, "target": "891.xyz", "model": "20.xyz", "model_rescale": 4.121658175737393, "target_rescale": 4.38551339631669},
{"mapping": [9, 12, 5, 13, 3, 10, 0, 7, 6, 4, 1, 3, 14], "R": [[0.2773147162337634, -0.9504784390491927, 0.14031138607681545], [-0.025383498258288673, 0.13874016930489225, 0.9900034562754927], [-0.9604437652337374, -0.27810412137158214, 0.014348222878864336]], "T": [-0.049054905856717734, 0.06675412197681674, 0.10282762621394508], "aligned_model": [[0.13063049659426662, 0.04670478913202625, 0.09441647108116724, 0.6219808121738053, 0.6615430141044498, -0.39566462717999873, -0.4110826032198914, 0.41596507492810697, -0.7360756875188168, -0.2937995300213528, 0.08726512449066154, 0.6615430141044498, -0.0023434440045795382], [-0.6629123393360695, -0.1568690054988468, 0.5732293008183124, -0.22129573374514666, 0.12089991974548941, -0.50165379944978, 0.4510939784721426, -0.6034984074634858, -0.08994156902011302, 0.001705963825873541, 0.5830589721627008, 0.12089991974548941, -0.07389029609338352], [0.502623274026935, 0.7833897419693513, 0.6037025378351752, 0.2626217264320412, -0.3404308920520871, 0.33125377297929537, -0.06178891018347592, -0.1780919394473751, -0.22420820307795203, -0.6080652679863277, -0.4321120335868512, -0.3404308920520871, 0.07164682462514699]], "inverted": true, "swapped": true, "error_lsq": 0.06018632314631782, "error_max": 0.41620319497662983, "target": "891.xyz", "model": "21.xyz", "model_rescale": 4.08911054899281, "target_rescale": 4.38551339631669},
{"mapping": [5, 8, 11, 1, 6, 15, 10, 4, 7, 3, 12, 9, 14, 2, 16], "R": [[0.5463588786303527, 0.3688986174941896, 0.7519346951382544], [-0.20200968851089618, -0.8132322002800072, 0.5457522095012254], [0.8128247421735602, -0.45007465873854124, -0.3697955381989775]], "T": [-0.09211670928792173, 0.02560680988436836, 0.11216114943028732], "aligned_model": [[-0.0010515493699240347, -0.5308979780089973, -0.059061985493353925, -0.5319986345326125, -0.728451497303043, 0.30853185118271553, -0.06987848493004786, -0.26259073958479506, -0.35543655443734434, 0.36297810784197404, 0.3570945823195556, 0.44736600164579465, 0.5219249930128879, -0.06832283567872685, -0.11545475433557056], [-0.5381527110450804, -0.13175795400593915, 0.06406793291540616, 0.5073640850893997, -0.36202877172865494, 0.46630416696920834, -0.7704653957189852, 0.5391772073230097, -0.36865223464751073, 0.4907506455536959, -0.30544829019562664, -0.41842539277839497, 0.15203460130257657, 0.7465157804986018, 0.03839461816979378], [-0.302098905557731, -0.4011315033179712, -0.6515934954056729, -0.3399585259833, 0.13167581008971616, -0.3082833633718381, 0.24219927483263876, 0.5520204880111749, 0.6422730743713582, 0.687320903633248, 0.5954635829410775, -0.026912281406021865, 0.24924283069989295, 0.0808891645260823, 0.15162579240370222]], "inverted": false, "swapped": false, "error_lsq": 0.04137893762977107, "error_max": 0.37130879859642923, "target": "891.xyz", "model": "22.xyz", "model_rescale": 4.204369325754507, "target_rescale": 4.38551339631669},
{"mapping": [13, 4, 7, 0, 12, 9, 14, 1, 3, 2, 10, 11, 5, 6, 15], "R": [[-0.7710306986911781, -0.6135126868642595, 0.17062779589618804], [0.11224307722191817, 0.13281766719096072, 0.9847644179689403], [-0.6268278498053104, 0.7784353861037848, -0.033543946844447226]], "T": [-0.12332835355166866, -0.010268866905674336, 0.01523096392149828], "aligned_model": [[0.04041870881119819, -0.6648513325417795, -0.03566876446021966, -0.5293286234373377, -0.5829834100902878, 0.4776813415273338, -0.045389314570653705, -0.46452347272831773, -0.44621878373306245, 0.32003386870665745, 0.2776306483487487, 0.5150725201094697, 0.5451862692599527, -0.03247516445609454, -0.09983396841709599], [-0.5692668774829156, 0.0984940727107769, 0.09708980094749736, 0.5359433048471336, -0.30055065514758833, 0.010092951641671337, -0.7303386858180667, 0.3105588223241768, -0.2836471217561822, 0.3777096692358476, -0.266657608692493, -0.3421529701797614, 0.4828502374836667, 0.6923393005256402, -0.002785952937903246], [-0.31948976909363, -0.46392299339049414, -0.6749975937450572, -0.08218721835366138, 0.08300097663323106, -0.46161554148986017, 0.2893913625394895, 0.4801770989230756, 0.7544431761759566, 0.6541580946497897, 0.6408512391895874, 0.05409570890286425, 0.0496459422326562, 0.25265656633664174, 0.046525796955766856]], "inverted": true, "swapped": false, "error_lsq": 0.03974576536674419, "error_max": 0.23937491600388278, "target": "891.xyz", "model": "23.xyz", "model_rescale": 4.410303926677745, "target_rescale": 4.38551339631669},
{"mapping": [5, 6, 15, 13, 12, 9, 2, 7, 0, 1, 3, 4, 10, 11, 16], "R": [[-0.37336418690014983, 0.9022914007427615, -0.21556765083392138], [-0.895786622916903, -0.4110684067402083, -0.16908308958378124], [-0.24117526851549337, 0.12997304768963489, 0.9617387882012183]], "T": [-0.02687290079625093, 0.11897582625996604, -0.0049152218643316176], "aligned_model": [[-0.17572914375649729, -0.5868256261474147, 0.034968981189992615, -0.6734091279654479, -0.7144770300275805, 0.38183803946803363, 0.051073194314141285, -0.40709649241718476, -0.33073707643904626, 0.17845745068147864, 0.3951054850277578, 0.389161286360592, 0.6024356104194034, 0.11142804723489394, 0.01855692438539023], [-0.45019970190715863, -0.010875691160746229, 0.022102285262599233, 0.36730113737463566, -0.28191716127285094, 0.39015406031460975, -0.6940486728678219, 0.39802252678791694, -0.2912781254566721, 0.3762950223481091, -0.327024538293976, -0.4291840438277833, 0.2338988783962094, 0.7320472544878871, 0.07438505751654204], [-0.22736312699127842, -0.5023985065635664, -0.7092626429015497, -0.12538127785837488, 0.10760681506504209, -0.3945788156367976, 0.40228193094181325, 0.46358649209372765, 0.5516313340930065, 0.7875250772477977, 0.6525563755063656, 0.012992456189425131, 0.11569753067387194, 0.07083277002341677, 0.09700643458345608]], "inverted": true, "swapped": false, "error_lsq": 0.040690681571736796, "error_max": 0.2394979636065832, "target": "891.xyz", "model": "24.xyz", "model_rescale": 4.28219845311461, "target_rescale": 4.38551339631669},
{"mapping": [9, 12, 13, 14, 11, 7, 5, 6, 8, 0, 1, 3, 4, 2, 15], "R": [[-0.4441313375579224, 0.41760723871486655, 0.792686286731362], [-0.3210626385026298, -0.9001574735308532, 0.29433875892291317], [0.836460481527215, -0.12377688402725091, 0.5338662246516106]], "T": [-0.06479679113421954, 0.0015072481204617214, 0.0462784518887697], "aligned_model": [[0.009393786176346008, -0.539223613468686, -0.03199075953338108, -0.714310052231744, -0.526649393695675, 0.4648333020706409, -0.20870481779988861, -0.4137201321380931, -0.3233936128488252, 0.25377243628712076, 0.2456676524362451, 0.5860573234085301, 0.6077525439972657, -0.10243399881681692, -0.032300141514527037], [-0.525466720999203, -0.01619850626683552, 0.31205487606848586, 0.3941225888361413, -0.2577746652469316, -0.05393777013259899, -0.7718654114301068, 0.4424432345504739, -0.23624449450648763, 0.48811828282575004, -0.271308590671455, -0.41110499280102725, 0.2841756534411186, 0.6848007261844921, 0.047864077849683974], [-0.37045632946198465, -0.5529089951962151, -0.45909308668801313, -0.01798929109165983, -0.07998371250083744, -0.5211401062082963, 0.372569564601045, 0.7505689409163497, 0.6450671037566698, 0.6183601945436328, 0.5352168388348303, 0.12492579821618643, 0.09551804442755593, 0.06803822718486865, 0.09403965513222307]], "inverted": true, "swapped": false, "error_lsq": 0.0472673518787882, "error_max": 0.36155277172773415, "target": "891.xyz", "model": "25.xyz", "model_rescale": 4.100010024507729, "target_rescale": 4.38551339631669},
{"mapping": [11, 0, 2, 1, 9, 13, 12, 3, 4, 7, 8, 14], "R": [[-0.6127517699358291, 0.413309348846563, -0.6735804707654008], [-0.0007119280407650586, 0.8520472943766287, 0.523464326677503], [0.7902751176640789, 0.3212332334947566, -0.5217992411833595]], "T": [-0.05308478484346023, -0.04452423434151822, 0.07314050941607333], "aligned_model": [[-0.5204833499174945, 0.013607948222818425, 0.4576855871327342, 0.5913365748074728, -0.5538349675713861, 0.14275522907061222, -0.43868194371883185, 0.6517655654624557, 0.07720204318815217, -0.015214162187275435, -0.4379196614355143, -0.0914532606907365], [-0.3521823004589967, -0.5934707885616104, -0.3761053940442044, -0.3950940009214918, 0.64369649329704, 0.6696500523874536, 0.3240279849478548, 0.3430405472700318, -0.34602910039697554, 0.6603370929485854, 0.015995371914642932, 0.07226543166830984], [0.18403435276257338, 0.06367779466552032, 0.40623451159582114, -0.10889311004164146, 0.08488926150524076, 0.17510906262731965, 0.5608146920953788, -0.16631472442224052, -0.6062857626304974, -0.42297859256655923, -0.5897874752955075, -0.015307720441051664]], "inverted": false, "swapped": true, "error_lsq": 0.047404299446210524, "error_max": 0.26824086420171367, "target": "891.xyz", "model": "26.xyz", "model_rescale": 3.6694154284099745, "target_rescale": 4.38551339631669},
