[{"mapping": [9, 7, 1, 2, 0, 8, 10, 11, 3, 6, 5, 12], "R": [[-0.6596217482247956, -0.4289197786752565, 0.617192816492572], [-0.2425746044826496, 0.8987213412976961, 0.3653183706798173], [-0.7113766305754996, 0.09125663897623676, -0.6968611879806553]], "T": [-0.10047557603846743, -0.020348550444379165, -0.05498993173726564], "aligned_model": [[-0.36113115702290244, 0.11361726470146469, 0.5805649083027041, -0.11450033826605197, -0.014465346747321334, -0.632077201133822, 0.45519157120207243, -0.12333344546061828, 0.6170579376015617, -0.045423384657545196, -0.5967061250151213, -0.04115222104387177], [-0.2712226044971174, -0.6078251661535017, -0.23031446515944998, 0.6195568881144278, 0.2852620347097394, -0.4960222986794946, -0.489889180314103, -0.2972577454110839, 0.18060579694999043, 0.37955436974096257, 0.032756862156716915, -0.05164945548002937], [-0.5945358541137108, -0.09800680267304207, -0.5114110119694995, -0.09916014553611847, -0.7024903859117543, 0.056433347385978536, 0.43098680380153676, 0.7101794498579442, 0.07793964265616769, 0.45274066504368116, 0.48288114520323255, -0.02360510839085387]], "inverted": true, "swapped": true, "error_lsq": 0.052079979334258224, "error_max": 0.33518221718901775, "target": "892.xyz", "model": "0.xyz", "model_rescale": 3.751011558992144, "target_rescale": 3.8541388709095057},
{"mapping": [8, 10, 1, 6, 2, 3, 7, 9, 13, 5, 11, 12, 14], "R": [[-0.931058162263572, 0.36486563134019917, 0.0019415326673202227], [-0.09834673044457191, -0.24582826228116966, -0.9643113532851739], [-0.35136678712314734, -0.8980208998294743, 0.26476375200585633]], "T": [0.04056757781408047, -0.032009182348321924, -0.06074477675920655], "aligned_model": [[-0.4273150120342057, 0.0322736691101958, 0.37682938288466994, 0.7426599230179042, -0.6044056781085985, 0.02729598666479105, 0.6147053815484954, -0.1387907391125528, -0.3546997350330688, -0.5393968460859031, 0.5895062365612151, 0.3916738950023597, 0.05751592729201292], [-0.30092583088463354, 0.6096254788300763, -0.5542297535073697, 0.02348905422706231, -0.4328048190610465, -0.351311574389218, -0.28233439835871343, 0.5770579597672663, 0.16372945500470312, 0.1985185363238933, 0.5406368332240923, 0.18038013814085038, 0.006265610711261485], [-0.44699336303070497, -0.5713228029038446, -0.3768131600955079, -0.32096012952179503, 0.26653256545172105, 0.6329956190792535, 0.15692490957680497, 0.1154864119637016, 0.5162754443269818, -0.0365727902921323, 0.025706820731015524, 0.5586018423886195, -0.02536673117176033]], "inverted": true, "swapped": false, "error_lsq": 0.04866119167930543, "error_max": 0.32027468130001924, "target": "892.xyz", "model": "1.xyz", "model_rescale": 3.9405287249114394, "target_rescale": 3.8541388709095057},
{"mapping": [11, 10, 5, 9, 0, 1, 2, 3, 7, 6, 8, 4, 12], "R": [[0.24568583748904096, 0.5783238817076386, 0.7779331315119044], [-0.6818190681259719, 0.673552215278638, -0.28539476455091267], [-0.6890291921226125, -0.4602921910480871, 0.559794490204228]], "T": [0.032234819555679736, 0.024996649222602394, 0.08878431923475999], "aligned_model": [[-0.2067787092673551, 0.16591463445963445, 0.18885607398422616, 0.50308222840457, -0.3940907525134575, 0.04682253592965856, 0.43110309608467073, -0.1145421819926611, -0.4694440478098246, -0.5050125119217471, 0.6483398721320797, 0.3718556952311397, 0.10174645898638114], [-0.09573082588246987, 0.6234886341458986, -0.5565873316872207, 0.1500750417596518, -0.696224727585889, -0.33303801139007466, -0.5182908307653771, 0.5773702221316905, 0.40749358299370714, -0.018317329871742834, 0.4680527263307374, 0.3884765565194023, -0.018671016670089798], [-0.5714517740163565, -0.49037383738758084, -0.3177942539673458, -0.5538969551078903, 0.12066253295927401, 0.7950595578558117, 0.1883455546063345, 0.10060067810786419, 0.5693301160644784, 0.019179021844243638, -0.06871376595088305, 0.5829864435520821, 0.12056131794232085]], "inverted": true, "swapped": false, "error_lsq": 0.05366666586691352, "error_max": 0.28293607173963664, "target": "892.xyz", "model": "2.xyz", "model_rescale": 3.932901565614263, "target_rescale": 3.8541388709095057},
{"mapping": [9, 7, 5, 4, 12, 10, 6, 3, 11, 8, 0, 1, 13], "R": [[0.012310177446347381, -0.5375493154523522, -0.8431424511836344], [-0.44743054395116766, 0.7511196401003786, -0.4854123964167378], [0.8942339558923057, 0.383223198295961, -0.2312695665603515]], "T": [0.08016934073519183, 0.1210983787363221, 0.06204691942123122], "aligned_model": [[-0.40332924347686244, 0.011198046139842155, 0.1784886020987377, 0.7928537488038341, -0.11880772858123068, -0.03403806005245097, 0.441241076488841, -0.04038629433148855, -0.5878399199615238, -0.5807378530998368, 0.5738535394108648, 0.46195435841106797, 0.07340211985752038], [-0.20800664563802498, 0.2602535323723323, -0.44048593130522196, 0.08702667654948476, -0.6157784417449795, -0.3339371842199005, -0.4485873463465795, 0.6151359273365402, 0.1985090271784728, 0.4063931784501862, 0.5740181862810978, 0.278094209046015, 0.005461502068801499], [-0.3826011901950639, -0.6348184557306142, -0.3758526937491353, -0.44208248672734474, 0.08550938909409839, 0.6033829946570101, 0.170571741274916, 0.1076398740082675, 0.649822316574448, -0.0814636513575199, 0.052565935581513096, 0.6771575846317724, 0.0646632784400048]], "inverted": false, "swapped": false, "error_lsq": 0.05264136134367737, "error_max": 0.31142452407725335, "target": "892.xyz", "model": "3.xyz", "model_rescale": 3.9243930471874484, "target_rescale": 3.8541388709095057},
{"mapping": [6, 11, 3, 10, 0, 2, 4, 9, 1, 5, 8, 7, 12], "R": [[-0.7582748422357439, -0.5129337291707605, -0.40239067224692826], [0.5960758781478726, -0.7954569508273881, -0.10927848310915167], [-0.26403183732762336, -0.3227184978574539, 0.9089224169410877]], "T": [0.11485318251434751, 0.10535796861719637, -0.03074538363073364], "aligned_model": [[-0.21145168846370715, -0.08058065854537294, 0.14907054536013845, 0.6255605984968609, -0.43530934654356, 0.12867400449268285, 0.564122635617563, 0.061550274467642, -0.31846984283186486, -0.6313169146771767, 0.6004134799518742, 0.3141203207034475, 0.0014689836787878108], [-0.19841181738999886, 0.5612774540225857, -0.5522613154522629, 0.09909455803774592, -0.42818243727665606, -0.5822735914218367, -0.18562199140572372, 0.8085250543452223, 0.2793102329902669, -0.007284037042249253, 0.46641343116706, 0.04287443274371071, 0.07463671671035994], [-0.5988699852999877, -0.6472493316990708, -0.16973969885450596, -0.5168178313865079, 0.3380068099353826, 0.5842231625825721, 0.22587669416748302, -0.010689428919122612, 0.5097470449996516, -0.09528269371638828, 0.14305484488324743, 0.7434039393650627, -0.01116888955546351]], "inverted": true, "swapped": false, "error_lsq": 0.04888047144935891, "error_max": 0.28979518590101677, "target": "892.xyz", "model": "4.xyz", "model_rescale": 3.8936222436046832, "target_rescale": 3.8541388709095057},
{"mapping": [8, 4, 9, 7, 0, 2, 6, 3, 10, 11, 1, 12], "R": [[-0.43419114349706744, -0.8344044087563205, -0.3394809767228854], [-0.05937690313642763, -0.3495285479348523, 0.9350423399785066], [-0.8988617436973476, 0.4261444318849761, 0.10221785015737084]], "T": [-0.14944526884766207, -0.06411211853322152, -0.06113561459445506], "aligned_model": [[0.037320599482140976, -0.7211338375273875, -0.32315921494386773, 0.3749777082747623, -0.6508122076138467, -0.6680980318752958, -0.19459466075834742, 0.07044814754152501, 0.6810955586807356, 0.41254069862952203, 0.09383007163930901, -0.08486678931415242], [-0.5627820069195216, -0.5789139053525202, 0.07165958363833114, 0.10291442293883746, 0.4297925982358487, -0.01974529501952957, -0.33077415263459126, 0.40882414699259695, 0.030343178308508356, -0.5838842294077543, 0.7415838014560859, -0.04009523712648411], [-0.5487089962904329, -0.13910303525995035, -0.6721826136619262, -0.3609649746581066, -0.21843072234614747, 0.313907807444676, 0.5284374005912446, 0.48739463877440536, 0.19710438968999522, 0.21580136758414503, -0.14997942336965903, -0.033991119222725116]], "inverted": true, "swapped": true, "error_lsq": 0.036482461868117946, "error_max": 0.1803605688905375, "target": "892.xyz", "model": "5.xyz", "model_rescale": 3.6523030999806103, "target_rescale": 3.8541388709095057},
{"mapping": [11, 7, 4, 3, 10, 6, 2, 5, 8, 9, 0, 1, 12], "R": [[-0.4418193016442211, 0.036736409948202015, -0.8963515721404913], [0.3340994742830402, 0.9340238542341961, -0.12640008309053202], [0.832570264889642, -0.35531658546374506, -0.4249433822475368]], "T": [0.002304318472539882, 0.015138884516851834, 0.0949180150676806], "aligned_model": [[-0.23966112192339956, -0.05107229704074352, 0.19293827057200724, 0.5315351909719809, -0.3793508061491636, -0.10916008996211941, 0.5502713509364762, 0.028040446025342947, -0.41507995574839623, -0.6996489828521598, 0.7606155058982021, 0.5507627997730444, 0.04766208120624334], [-0.2013816246031113, 0.39539499306869136, -0.43548146000258614, 0.1536533814439209, -0.6643692148515151, -0.2687639003963996, -0.4863919273409397, 0.6857339125064346, 0.3175164369163138, 0.008848959308376193, 0.6435885794447, 0.13359311345265737, 0.0961554410816819], [-0.7230921303005841, -0.4702140832266406, -0.20463432316228264, -0.33329819280224693, 0.1307111765622264, 0.6690254583593706, 0.25115696763409345, 0.21129451682375236, 0.5285783500125124, -0.07795440835742451, -0.036150114044142534, 0.5042305557138356, 0.04484086328988348]], "inverted": true, "swapped": false, "error_lsq": 0.0489531956923862, "error_max": 0.261649878722724, "target": "892.xyz", "model": "6.xyz", "model_rescale": 4.08911054899281, "target_rescale": 3.8541388709095057},
{"mapping": [5, 7, 10, 13, 8, 9, 11, 6, 3, 4, 2, 1, 14], "R": [[-0.755508723406779, 0.2565847269160104, -0.6028024939975741], [-0.5845210177171081, 0.15154322580855417, 0.7971008910787228], [0.29587454892777665, 0.954567403919165, 0.03548693663604663]], "T": [0.08606969508369383, 0.01048889160498695, -0.0026673710709567006], "aligned_model": [[-0.2906915454158034, 0.12958684127536751, -0.047829550322992354, 0.7569885771854161, -0.34690395146665076, 0.12256384823446625, 0.4458918110572642, -0.11776831180211428, -0.46728587767078095, -0.6112024716263951, 0.45087632859853294, 0.6051551836270008, 0.13847151003400365], [-0.044331382274059666, 0.5612672343895284, -0.6477134816604602, 0.11616384177424532, -0.4389436439465764, -0.26550572555695523, -0.4482902571382097, 0.46065756517131656, 0.24556022890619153, 0.0002151294355029476, 0.7255677960384079, 0.17362379773339892, -0.06017441284410628], [-0.6626271689468838, -0.5449204850724327, -0.2636568850542511, -0.27578855460991836, 0.2724565840212412, 0.7301712578175806, 0.06501424010908959, 0.06762628968040879, 0.5121049210609758, -0.10540716396814746, 0.07294892260390402, 0.4891489735553943, 0.13742370530539127]], "inverted": true, "swapped": false, "error_lsq": 0.04734599224327103, "error_max": 0.21419399918040105, "target": "892.xyz", "model": "7.xyz", "model_rescale": 3.964800864290218, "target_rescale": 3.8541388709095057},
{"mapping": [3, 0, 5, 1, 10, 9, 8, 2, 11, 6, 7, 12, 13], "R": [[0.7288529113649503, -0.68427686309006, -0.023207934730675728], [0.4905329286287672, 0.5455349985106058, -0.6795358793551068], [0.4776514205209913, 0.4838974478540476, 0.733275105560402]], "T": [0.010350100550252102, 0.11662788265787546, 0.007010676002597908], "aligned_model": [[-0.39595439538753474, -0.08876327022166142, 0.174865672968807, 0.6272623273152161, -0.24613787670359827, 0.09428023295497492, 0.555917634527601, 0.14740177650654687, -0.5201168843520507, -0.5518874687867731, 0.6610144600797582, 0.2647946426584458, 0.04517554014758374], [-0.09730949482953871, 0.4121089911168664, -0.6517593237483001, 0.18872795545557872, -0.6437234482364605, -0.25727232879808226, -0.3775269155245452, 0.7521124373119961, 0.0879690635964365, 0.2543786877402815, 0.35481624067936046, 0.3044616538238504, 0.051113171440780814], [-0.5543360535656393, -0.6379907401205132, -0.2786227436658455, -0.41410780511982254, 0.18368490767963702, 0.5788595122664572, 0.22887703828053785, -0.11942091288133883, 0.6433413875923686, -0.030664972680355555, 0.17058134055709395, 0.6930510441220615, 0.0312426340377111]], "inverted": false, "swapped": false, "error_lsq": 0.047034578502154575, "error_max": 0.2796140260184675, "target": "892.xyz", "model": "8.xyz", "model_rescale": 4.121658175737393, "target_rescale": 3.8541388709095057},
{"mapping": [9, 6, 7, 8, 5, 10, 11, 1, 0, 4, 2, 3, 12], "R": [[0.9170687709876537, 0.39077269787964797, -0.07925634278123289], [0.05838073779967812, -0.32822539831814646, -0.9427936027322522], [-0.3944319443619649, 0.859979526785816, -0.3238188610567402]], "T": [0.09874980882425723, -0.015843184805403893, 0.021607615912271], "aligned_model": [[-0.37988739565574514, 0.09389735884626625, 0.22449816562046077, 0.6838384201170147, -0.3545400659540337, 0.08934883809465825, 0.6075195932582188, -0.16144257828009823, -0.3489737295374055, -0.7348950228569907, 0.43345322149799215, 0.5537519906456284, 0.06128359591134881], [-0.20585341986321687, 0.28796644042655173, -0.5765439270855924, 0.13110917529804855, -0.38992126043938424, -0.41578739130783504, -0.3721823883626163, 0.6223031760335924, 0.3071826073960454, 0.27055085219470487, 0.5599385733351036, 0.0956812041701589, 0.06365304823266345], [-0.6326036298606754, -0.6011750230875674, -0.3319640722680831, -0.38659534650083727, 0.21216414041152837, 0.666926981831075, 0.15278594113689042, 0.02253473748660733, 0.5819844658015373, -0.08395122029128493, 0.21857320528276886, 0.6566031408346452, 0.0192113157257482]], "inverted": false, "swapped": false, "error_lsq": 0.04077638197004511, "error_max": 0.24820047793399533, "target": "892.xyz", "model": "9.xyz", "model_rescale": 3.833441315466971, "target_rescale": 3.8541388709095057},
{"mapping": [0, 1, 11, 6, 8, 9, 7, 5, 2, 13, 4, 3, 14], "R": [[0.0030796803520697913, 0.5815394003420193, -0.8135124101197067], [-0.8012944980302259, -0.4852632323641564, -0.3499238813541867], [-0.5982621858311097, 0.6529406720103561, 0.4644898662395631]], "T": [0.08829682370097466, -0.047403520664469616, -0.11154017160059385], "aligned_model": [[-0.40791827734479946, 0.07639353719438272, 0.26642285794423315, 0.6398544736923344, -0.2985001934337309, -0.03731681514019605, 0.5064272295726171, -0.16207826141306733, -0.260700441664389, -0.6391974575813121, 0.5515528041655264, 0.43460372674870185, 0.0983092089670147], [0.14312312951979156, 0.3761632161290972, -0.7031313463627926, 0.2395019473433413, -0.6353266615546297, -0.308368198411234, -0.4229818725921713, 0.5766782596991459, 0.18933004148939425, 0.2533695490409868, 0.5652620717799589, 0.16044950366548993, -0.05597294971815439], [-0.5373254822529961, -0.7165678273042123, -0.17178314275316764, -0.38485131152749674, 0.22356251462899032, 0.6461066968271202, 0.24626122866316022, -0.03894919668410199, 0.47053231894081216, 0.014848802033107733, 0.10281315468286484, 0.6573489614517686, -0.017502080203496848]], "inverted": false, "swapped": false, "error_lsq": 0.044628617467008524, "error_max": 0.34036486322492104, "target": "892.xyz", "model": "10.xyz", "model_rescale": 4.2482417240324, "target_rescale": 3.8541388709095057},
{"mapping": [11, 10, 1, 3, 8, 9, 7, 2, 6, 4, 5, 12], "R": [[0.08966732779350622, -0.2928643707157429, -0.9519402453366723], [-0.9471674054742751, -0.3206014021021365, 0.00941525237444979], [-0.3079507693341621, 0.9008025318211624, -0.3061390571800365]], "T": [0.08320677235797398, 0.156149298252159, -0.02153293098803063], "aligned_model": [[-0.5422411488164338, -0.20273725267549753, 0.5666863484269896, 0.5080834542607272, -0.558586457536261, 0.09773986333806944, -0.15230078684824, 0.5060804667706297, 0.07406013823273917, -0.04647062585928942, -0.4498827125034505, 0.07633431557302436], [-0.3296637778213416, -0.6064902542977917, -0.08730384128828875, -0.4687516558238491, 0.4672547190443946, 0.6867930290304454, -0.013122635359269247, 0.23025305570992766, -0.18808741534926637, 0.689338141411908, 0.1970709037918608, 0.08884112100190944], [-0.2099099996483093, 0.29788011905832606, 0.6290053826462837, 0.021893644422928703, 0.09069815610575951, 0.3528932239484326, 0.5340731990127308, -0.49830661287928996, -0.5712245466683239, -0.566345786818559, -0.5240379173558968, 0.008573428030274333]], "inverted": false, "swapped": true, "error_lsq": 0.05767282868029036, "error_max": 0.29478664140702326, "target": "892.xyz", "model": "11.xyz", "model_rescale": 3.6694154284099745, "target_rescale": 3.8541388709095057},
{"mapping": [5, 1, 6, 4, 7, 9, 11, 2, 10, 12, 3, 8, 13], "R": [[0.9958937698449802, 0.007254378821552124, -0.09023842403248923], [-0.05995516970604188, 0.7997059015148925, -0.5973908676133013], [0.06783050058398234, 0.6003481032452478, 0.7968570625403028]], "T": [0.012471522513744171, -0.026486153128074286, -0.0315558481913378], "aligned_model": [[-0.4927508840868636, 0.12613914947172852, 0.16670281417308463, 0.6589716754540256, -0.4263511804985808, 0.07815073907008689, 0.587564325218413, -0.02060613208429598, -0.416358524693884, -0.574498177515032, 0.628136560736996, 0.41485785085743865, 0.03789417560419834], [-0.47931643262952867, 0.7211913134330761, -0.49952046493322216, 0.09802126223205332, -0.5511588325399563, -0.31035732387426473, -0.4041669121289762, 0.5864894734383381, 0.09214072939969059, 0.276651550900892, 0.5742762097296035, 0.2583992901164703, 0.015446826884047943], [-0.4608178314975779, -0.4117289280904835, -0.30045375071531, -0.36951162269271515, 0.2588206888588473, 0.7166350805306169, 0.2361271013307897, 0.19088588214297644, 0.42183277171667183, -0.19074945330996199, 0.004361343883527359, 0.5424854206217413, -0.14339206627676965]], "inverted": false, "swapped": false, "error_lsq": 0.05085175072050981, "error_max": 0.37552374348563383, "target": "892.xyz", "model": "12.xyz", "model_rescale": 3.9764082729961374, "target_rescale": 3.8541388709095057},
{"mapping": [5, 6, 9, 13, 0, 2, 1, 3, 7, 4, 11, 8, 15], "R": [[-0.10908702076885508, -0.6725250159288942, 0.7319905223769062], [-0.14202561019238136, 0.7393750214862902, 0.6581438320394941], [-0.98383369933605, -0.03216645072103386, -0.1761719940817898]], "T": [0.16367793613112552, 0.019576080673969293, -0.05508173533602028], "aligned_model": [[-0.2975804994333101, -0.053225319484554445, 0.04828594858634955, 0.5394152607216649, -0.37750409301197724, 0.06149866143576993, 0.5078103240078922, 0.05529684264119955, -0.39971227975699125, -0.5368101380386217, 0.6985336972218308, 0.4306878962874038, 0.09115609053065894], [-0.3797066055359848, 0.41559843630786564, -0.5610924976598041, 0.24841860499100674, -0.41142185511184826, -0.32687557531511935, -0.41833593875666397, 0.7058687527110383, 0.10670253335670596, 0.12391519172868523, 0.5706244970691808, 0.20666268491097264, 0.09773846133218918], [-0.6300929508338842, -0.6713431062175078, -0.15999988373715657, -0.4804440610780267, 0.16507894276790325, 0.6561075220289014, 0.250087956988455, 0.4199965257913011, 0.440936555463275, -0.1746372857278713, 0.14695701432805408, 0.57210015242937, -0.04025274570046083]], "inverted": false, "swapped": false, "error_lsq": 0.048185730625124164, "error_max": 0.3865221329676444, "target": "892.xyz", "model": "13.xyz", "model_rescale": 4.170626492500431, "target_rescale": 3.8541388709095057},
{"mapping": [5, 4, 12, 8, 11, 9, 10, 2, 3, 6, 0, 1, 13], "R": [[-0.9294018226780618, 0.3632033841742884, -0.06554047396106424], [0.0005608440198203446, 0.17897272338854142, 0.9838538762117444], [0.36906901449008434, 0.9143588278171941, -0.16654127577295963]], "T": [0.13581244589254793, 0.10712394042068732, 0.060048445918223566], "aligned_model": [[-0.4607841950409852, 0.17946060265514432, 0.18648833492042188, 0.7136967875075735, -0.32251764828422247, 0.19145809413692097, 0.4313805907779494, -0.07755167893391873, -0.3352279138375424, -0.6886952355710229, 0.482123553953649, 0.4156947382945377, 0.05232636112880992], [-0.3478613563898857, 0.36346649593742064, -0.36686575880929895, 0.009717104574315155, -0.40495333383206567, -0.4316239345151016, -0.3733163201170976, 0.72578811861922, 0.2443410305509369, 0.13027881122840562, 0.5605152529746408, 0.21809790542178004, 0.05051267438495422], [-0.4540338977478926, -0.5998352280997044, -0.49535396718535196, -0.3961509500168103, 0.2254873805646035, 0.6625106667649033, 0.07208724811017594, -0.008234436909865729, 0.5445750748163859, -0.10469439063478703, 0.23429924408562997, 0.7672719971289349, 0.04656589562613089]], "inverted": true, "swapped": false, "error_lsq": 0.04926224957409774, "error_max": 0.3266597850015993, "target": "892.xyz", "model": "14.xyz", "model_rescale": 3.9786697098870705, "target_rescale": 3.8541388709095057},
{"mapping": [6, 3, 4, 5, 0, 9, 10, 7, 8, 11, 1, 12], "R": [[0.7025488012759118, 0.3205384537261702, -0.6353583882413258], [0.707812684277177, -0.22232713382612285, 0.6705011927961044], [0.07366400615033702, -0.9207745355120858, -0.38307684470662806]], "T": [0.06431130565529408, 0.06398858491179127, -0.12157240116804494], "aligned_model": [[-0.05022730675127593, -0.674919759947033, 0.6969325049375134, 0.5360740548564462, -0.03809823181704464, 0.3668489388581033, -0.4472429405837832, -0.07985804403615557, 0.6435617687577215, 0.09745547420191986, -0.5752836657453709, 0.008111804036295661], [-0.4874845487927516, -0.06283319562361817, -0.025716356616616642, -0.49678385856860574, 0.6706579587248523, 0.6194341410164439, -0.334711290165656, 0.19002864099776187, -0.008723330156263254, -0.6602584537032751, 0.5717094526991563, 0.03935533041301113], [-0.4432892601080308, -0.2233610661165475, -0.5570848116005807, -0.15823864031976306, -0.4977598344630678, 0.026549642930306955, 0.46558893260134204, 0.47520567527045254, 0.30323676551436274, 0.2486343763645714, 0.10059830371083997, -0.08011358991005532]], "inverted": true, "swapped": true, "error_lsq": 0.044262821481305614, "error_max": 0.24865401517372937, "target": "892.xyz", "model": "15.xyz", "model_rescale": 3.769337070930944, "target_rescale": 3.8541388709095057},
{"mapping": [2, 4, 3, 6, 0, 9, 1, 8, 10, 11, 12], "R": [[0.5399713426019228, -0.7311445406110708, 0.41696355944291275], [-0.799402370087277, -0.2904556968999783, 0.5259195174522355], [-0.26341374274612395, -0.6173031255979307, -0.7413164312623217]], "T": [0.016293681707153236, -0.011170908824966165, -0.029557850682298322], "aligned_model": [[-0.36079268890174626, -0.3744740663086886, -0.055912835456848824, -0.6025593424346888, 0.3205367696365882, 0.5198312725656409, 0.634444473785553, 0.12192145073276808, 0.0738397800781132, -0.3798740261614963, 0.025665343155976433], [0.04736526765301911, -0.6265057328472304, 0.7379584007637988, 0.1817726054315508, -0.00273225849929052, -0.3918418606357851, 0.5474215210469568, -0.5701554066153046, 0.5581070459752174, 0.06631694612741088, 0.04835796922499883], [-0.5453156011660516, -0.28761063484236665, -0.11017274431757584, -0.006380640475202672, -0.6833294928364761, -0.18294770135082844, -0.17817186306599364, 0.4150319100358234, 0.6322720563532237, 0.6773595041473907, 0.013482814741834253]], "inverted": true, "swapped": true, "error_lsq": 0.048550735216546154, "error_max": 0.2344989300669704, "target": "892.xyz", "model": "16.xyz", "model_rescale": 3.7852294659196426, "target_rescale": 3.8541388709095057},
{"mapping": [8, 9, 2, 11, 1, 5, 7, 10, 4, 0, 6, 6, 12], "R": [[0.20174497097668126, 0.5344507346220952, 0.8207687731313373], [-0.004924405558808298, 0.8385425475915895, -0.5448138637264099], [-0.9794257077060569, 0.10587165881627397, 0.17180359409505985]], "T": [-0.07760205371128291, -0.09187040420888185, -0.02952746243805706], "aligned_model": [[-0.12994323689570886, -0.13698122341295066, 0.14236602645960644, 0.5278260300313762, -0.21425673746078244, -0.003183790201707462, 0.5395065923219081, 0.08810468500266792, -0.49776659680060653, -0.6909364985424493, 0.5941811646712225, 0.5941811646712225, -0.04524518813648395], [-0.05978783057117275, 0.5655475233325131, -0.6318994393136084, -0.01177663161035386, -0.6393750844555376, -0.11176841221397668, -0.3212809954859889, 0.6769430262240247, 0.141049514619582, 0.17906406772204578, 0.301820097164366, 0.301820097164366, -0.012259242548035398], [-0.677938613070204, -0.587682967888428, -0.2141072716807261, -0.43569725136862286, 0.36521077584701317, 0.6233699275812563, 0.21125190706313404, 0.14575020644737974, 0.49104602251202745, -0.1566593877828563, 0.3960407841806355, 0.3960407841806355, -0.062130279518891746]], "inverted": false, "swapped": false, "error_lsq": 0.05640543421485247, "error_max": 0.3886664323658655, "target": "892.xyz", "model": "17.xyz", "model_rescale": 3.901054581598922, "target_rescale": 3.8541388709095057},
{"mapping": [8, 10, 1, 6, 2, 3, 7, 9, 13, 5, 11, 12, 14], "R": [[-0.931058162263572, 0.36486563134019917, 0.0019415326673202227], [-0.09834673044457191, -0.24582826228116966, -0.9643113532851739], [-0.35136678712314734, -0.8980208998294743, 0.26476375200585633]], "T": [0.04056757781408047, -0.032009182348321924, -0.06074477675920655], "aligned_model": [[-0.4273150120342057, 0.0322736691101958, 0.37682938288466994, 0.7426599230179042, -0.6044056781085985, 0.02729598666479105, 0.6147053815484954, -0.1387907391125528, -0.3546997350330688, -0.5393968460859031, 0.5895062365612151, 0.3916738950023597, 0.05751592729201292], [-0.30092583088463354, 0.6096254788300763, -0.5542297535073697, 0.02348905422706231, -0.4328048190610465, -0.351311574389218, -0.28233439835871343, 0.5770579597672663, 0.16372945500470312, 0.1985185363238933, 0.5406368332240923, 0.18038013814085038, 0.006265610711261485], [-0.44699336303070497, -0.5713228029038446, -0.3768131600955079, -0.32096012952179503, 0.26653256545172105, 0.6329956190792535, 0.15692490957680497, 0.1154864119637016, 0.5162754443269818, -0.0365727902921323, 0.025706820731015524, 0.5586018423886195, -0.02536673117176033]], "inverted": true, "swapped": false, "error_lsq": 0.04866119167930543, "error_max": 0.32027468130001924, "target": "892.xyz", "model": "18.xyz", "model_rescale": 3.9405287249114394, "target_rescale": 3.8541388709095057},
{"mapping": [5, 2, 9, 10, 7, 4, 13, 1, 0, 6, 3, 12, 15], "R": [[-0.3072504866967387, 0.08805371107949767, -0.9475461373409457], [-0.19542366973538372, 0.9686502516713688, 0.15338278666183577], [0.9313467279868295, 0.2322998792555065, -0.28041048191197177]], "T": [0.1379890199842766, -0.034916817830543505, 0.10386321470683044], "aligned_model": [[-0.3091309510289368, -0.03632537713058584, -0.008412297549512254, 0.5748293819778122, -0.16495985285571746, -0.11781239417308387, 0.5777604128079845, -0.039731046354061494, -0.42127896255583097, -0.4621619069608832, 0.6089977783664546, 0.42557650268303193, 0.14050110448064385], [-0.15687760721278707, 0.4367682209398707, -0.6960640653010963, 0.27677801308963784, -0.6452891127007313, -0.1983603954285306, -0.539029957158927, 0.5953528444270352, 0.19046563804771405, 0.3151547555471034, 0.6735374769746689, 0.14118632734834605, -0.01552544854407947], [-0.5864062545102798, -0.6049759759222443, -0.25733038759395455, -0.4705241697799136, 0.2807620305344686, 0.7690826236788958, 0.16551473684817683, 0.18568714053450833, 0.434160550820452, -0.1710044152389029, 0.14475155746235974, 0.535627252420127, 0.06914994724865918]], "inverted": true, "swapped": false, "error_lsq": 0.04449511267835912, "error_max": 0.24189850046175723, "target": "892.xyz", "model": "19.xyz", "model_rescale": 4.410303926677745, "target_rescale": 3.8541388709095057},
{"mapping": [3, 0, 5, 1, 10, 9, 8, 2, 11, 6, 7, 12, 13], "R": [[0.7288529113649503, -0.68427686309006, -0.023207934730675728], [0.4905329286287672, 0.5455349985106058, -0.6795358793551068], [0.4776514205209913, 0.4838974478540476, 0.733275105560402]], "T": [0.010350100550252102, 0.11662788265787546, 0.007010676002597908], "aligned_model": [[-0.39595439538753474, -0.08876327022166142, 0.174865672968807, 0.6272623273152161, -0.24613787670359827, 0.09428023295497492, 0.555917634527601, 0.14740177650654687, -0.5201168843520507, -0.5518874687867731, 0.6610144600797582, 0.2647946426584458, 0.04517554014758374], [-0.09730949482953871, 0.4121089911168664, -0.6517593237483001, 0.18872795545557872, -0.6437234482364605, -0.25727232879808226, -0.3775269155245452, 0.7521124373119961, 0.0879690635964365, 0.2543786877402815, 0.35481624067936046, 0.3044616538238504, 0.051113171440780814], [-0.5543360535656393, -0.6379907401205132, -0.2786227436658455, -0.41410780511982254, 0.18368490767963702, 0.5788595122664572, 0.22887703828053785, -0.11942091288133883, 0.6433413875923686, -0.030664972680355555, 0.17058134055709395, 0.6930510441220615, 0.0312426340377111]], "inverted": false, "swapped": false, "error_lsq": 0.047034578502154575, "error_max": 0.2796140260184675, "target": "892.xyz", "model": "20.xyz", "model_rescale": 4.121658175737393, "target_rescale": 3.8541388709095057},
{"mapping": [11, 7, 4, 3, 10, 6, 2, 5, 8, 9, 0, 1, 12], "R": [[-0.4418193016442211, 0.036736409948202015, -0.8963515721404913], [0.3340994742830402, 0.9340238542341961, -0.12640008309053202], [0.832570264889642, -0.35531658546374506, -0.4249433822475368]], "T": [0.002304318472539882, 0.015138884516851834, 0.0949180150676806], "aligned_model": [[-0.23966112192339956, -0.05107229704074352, 0.19293827057200724, 0.5315351909719809, -0.3793508061491636, -0.10916008996211941, 0.5502713509364762, 0.028040446025342947, -0.41507995574839623, -0.6996489828521598, 0.7606155058982021, 0.5507627997730444, 0.04766208120624334], [-0.2013816246031113, 0.39539499306869136, -0.43548146000258614, 0.1536533814439209, -0.6643692148515151, -0.2687639003963996, -0.4863919273409397, 0.6857339125064346, 0.3175164369163138, 0.008848959308376193, 0.6435885794447, 0.13359311345265737, 0.0961554410816819], [-0.7230921303005841, -0.4702140832266406, -0.20463432316228264, -0.33329819280224693, 0.1307111765622264, 0.6690254583593706, 0.25115696763409345, 0.21129451682375236, 0.5285783500125124, -0.07795440835742451, -0.036150114044142534, 0.5042305557138356, 0.04484086328988348]], "inverted": true, "swapped": false, "error_lsq": 0.0489531956923862, "error_max": 0.261649878722724, "target": "892.xyz", "model": "21.xyz", "model_rescale": 4.08911054899281, "target_rescale": 3.8541388709095057},
{"mapping": [10, 12, 6, 13, 8, 1, 0, 14, 11, 5, 3, 2, 16], "R": [[0.3848226086007136, -0.9125832564371625, -0.13821490505834177], [0.5850293081388231, 0.1253423823507112, 0.8012677428957555], [-0.7138993406134737, -0.38920571328950515, 0.582122533676936]], "T": [0.046706154317525395, 0.06448750781805337, 0.05285559180077482], "aligned_model": [[-0.32654894246227684, 0.12264072274222672, -0.0199182932255291, 0.5682551155385083, -0.3425283835388985, 0.08153756095980338, 0.5624202997561847, 0.08592599856093182, -0.5298859330601109, -0.6272083168784599, 0.6613812539359412, 0.44159737262524157, 0.09018393675375296], [-0.07089850052548682, 0.4869475790323574, -0.6335135650554702, 0.21857945653641409, -0.457630237924776, -0.31237931516108086, -0.5134383470467918, 0.7034027248740424, 0.011054968819991934, -0.020638571022654192, 0.6768439810350682, 0.24025519185981073, 0.04951132460679887], [-0.6496304726073672, -0.547753212315386, -0.199968089464177, -0.3226072138374538, 0.29087145719675145, 0.7505349967676792, 0.06381116811997317, 0.007339274079707699, 0.5534348151093024, -0.1377274351507587, 0.01447727874785252, 0.6311465880330328, 0.04056548182319578]], "inverted": false, "swapped": false, "error_lsq": 0.04184867363907497, "error_max": 0.23008045612382305, "target": "892.xyz", "model": "22.xyz", "model_rescale": 4.204369325754507, "target_rescale": 3.8541388709095057},
{"mapping": [5, 2, 9, 10, 7, 4, 13, 1, 0, 6, 3, 12, 15], "R": [[-0.3072504866967387, 0.08805371107949767, -0.9475461373409457], [-0.19542366973538372, 0.9686502516713688, 0.15338278666183577], [0.9313467279868295, 0.2322998792555065, -0.28041048191197177]], "T": [0.1379890199842766, -0.034916817830543505, 0.10386321470683044], "aligned_model": [[-0.3091309510289368, -0.03632537713058584, -0.008412297549512254, 0.5748293819778122, -0.16495985285571746, -0.11781239417308387, 0.5777604128079845, -0.039731046354061494, -0.42127896255583097, -0.4621619069608832, 0.6089977783664546, 0.42557650268303193, 0.14050110448064385], [-0.15687760721278707, 0.4367682209398707, -0.6960640653010963, 0.27677801308963784, -0.6452891127007313, -0.1983603954285306, -0.539029957158927, 0.5953528444270352, 0.19046563804771405, 0.3151547555471034, 0.6735374769746689, 0.14118632734834605, -0.01552544854407947], [-0.5864062545102798, -0.6049759759222443, -0.25733038759395455, -0.4705241697799136, 0.2807620305344686, 0.7690826236788958, 0.16551473684817683, 0.18568714053450833, 0.434160550820452, -0.1710044152389029, 0.14475155746235974, 0.535627252420127, 0.06914994724865918]], "inverted": true, "swapped": false, "error_lsq": 0.04449511267835912, "error_max": 0.24189850046175723, "target": "892.xyz", "model": "23.xyz", "model_rescale": 4.410303926677745, "target_rescale": 3.8541388709095057},
{"mapping": [0, 3, 7, 1, 13, 14, 11, 4, 15, 5, 10, 9, 16], "R": [[-0.9545604346146096, 0.2733909273292676, 0.11862452327579945], [0.2493028099460968, 0.9506330419846244, -0.18478346365419107], [-0.16328651389918242, -0.1468135563941646, -0.975593816112807]], "T": [-0.0019557017071807, -0.0001916134330089865, 0.08909090523449038], "aligned_model": [[-0.26250970115656436, 0.16917130611378342, 0.15806784012202643, 0.6035705700787612, -0.24164066207182588, 0.02686023615906845, 0.5497172108037275, -0.15101548270275206, -0.303782884359428, -0.583725155502291, 0.4903346569535122, 0.2820339087675554, 0.03077054850174167], [-0.06913603685260762, 0.524105716645242, -0.5222666043180997, -0.07554462957350865, -0.6513005481551627, -0.339653041348129, -0.2549159522730101, 0.6519585522627747, 0.1865178379971517, 0.2372213234573079, 0.42532024187728606, 0.21509108637475177, 0.05069874393422767], [-0.6164189040073351, -0.6215980854647623, -0.29006746093335023, -0.5142292475085489, 0.2022054433324626, 0.6739717227497785, 0.26655638191944686, -0.07328432706300188, 0.7082468818620317, 0.06113677394793787, 0.10842507280725658, 0.6042833391213568, -0.014732954260920458]], "inverted": true, "swapped": false, "error_lsq": 0.043043434659607555, "error_max": 0.22687820946563061, "target": "892.xyz", "model": "24.xyz", "model_rescale": 4.28219845311461, "target_rescale": 3.8541388709095057},
{"mapping": [10, 12, 8, 9, 6, 0, 1, 13, 2, 14, 7, 4, 15], "R": [[-0.19259898812811324, 0.9327331970697775, 0.30481865568895017], [-0.93539045571302, -0.08062938240281416, -0.3443016091370038], [-0.29656420069357037, -0.35143660278538524, 0.8879988677299377]], "T": [0.17158655337222928, 0.0519086439125212, -0.025429800824939307], "aligned_model": [[-0.34380386536154506, -0.08804422432560133, 0.08168629265600036, 0.6347749130679853, -0.46202862163563074, -2.8170774409391752e-05, 0.5261506709705714, 0.038946889525299344, -0.3280044125651107, -0.5567314526268271, 0.6538948268538101, 0.45349527528152167, 0.15754427064125098], [-0.3674198775392058, 0.5684349912194229, -0.6133910595375336, 0.3153821656242524, -0.5398060356357306, -0.3283273218449517, -0.4559312857218966, 0.6230711862184024, 0.21255736832983113, 0.14928781472308586, 0.6370908970773688, 0.15478526390389738, 0.022362583211281144], [-0.459297437555788, -0.5256420478189868, -0.20217907137858945, -0.44125660452816684, 0.22074632102259212, 0.6756573327300571, 0.13662047293999421, 0.06994591295095154, 0.41432112695669293, -0.2259660921151556, 0.1491739381452044, 0.6413478582161621, 0.04102292693738461]], "inverted": true, "swapped": false, "error_lsq": 0.03923814494883396, "error_max": 0.24568317158892852, "target": "892.xyz", "model": "25.xyz", "model_rescale": 4.100010024507729, "target_rescale": 3.8541388709095057},
{"mapping": [11, 10, 1, 3, 8, 9, 7, 2, 6, 4, 5, 12], "R": [[0.08966732779350622, -0.2928643707157429, -0.9519402453366723], [-0.9471674054742751, -0.3206014021021365, 0.00941525237444979], [-0.3079507693341621, 0.9008025318211624, -0.3061390571800365]], "T": [0.08320677235797398, 0.156149298252159, -0.02153293098803063], "aligned_model": [[-0.5422411488164338, -0.20273725267549753, 0.5666863484269896, 0.5080834542607272, -0.558586457536261, 0.09773986333806944, -0.15230078684824, 0.5060804667706297, 0.07406013823273917, -0.04647062585928942, -0.4498827125034505, 0.07633431557302436], [-0.3296637778213416, -0.6064902542977917, -0.08730384128828875, -0.4687516558238491, 0.4672547190443946, 0.6867930290304454, -0.013122635359269247, 0.23025305570992766, -0.18808741534926637, 0.689338141411908, 0.1970709037918608, 0.08884112100190944], [-0.2099099996483093, 0.29788011905832606, 0.6290053826462837, 0.021893644422928703, 0.09069815610575951, 0.3528932239484326, 0.5340731990127308, -0.49830661287928996, -0.5712245466683239, -0.566345786818559, -0.5240379173558968, 0.008573428030274333]], "inverted": false, "swapped": true, "error_lsq": 0.05767282868029036, "error_max": 0.29478664140702326, "target": "892.xyz", "model": "26.xyz", "model_rescale": 3.6694154284099745, "target_rescale": 3.8541388709095057},
{"mapping": [3, 9, 6, 11, 1, 0, 2, 8, 5, 7, 10, 4, 13], "R": [[-0.42316233990120167, -0.36906495459899075, 0.8274809323339026], [-0.07060293201267942, 0.923934572460544, 0.375978898082545], [-0.9032988763861897, 0.10067753025872606, -0.4170313834958353]], "T": [0.061220772849088424, 0.07261866991898505, 0.010141577060988262], "aligned_model": [[-0.3884355694364643, 0.06813569513825338, 0.026532708156345487, 0.7859920385949065, -0.447710965027991, 0.1197126902508612, 0.6075670235161944, -0.05059711215468656, -0.49830719938561086, -0.5377283965925351, 0.5093944754157225, 0.46654258192408254, 0.10675442130823701], [-0.11877793288894287, 0.4653955526487954, -0.586975448957235, 0.046846536952220824, -0.6023763715371323, -0.26122952540075817, -0.3158891200184626, 0.673852284819435, 0.021258113862223732, 0.1880816065792208, 0.47352151994647973, 0.35442737613769915, 0.03996209788467933], [-0.633292751063883, -0.5471214126603283, -0.1767347679272592, -0.448353656018637, 0.2651255645716143, 0.5776426089662671, 0.12282306508452531, 0.19553870038567508, 0.567159567156116, -0.1449607356278539, 0.027690282431555198, 0.667278286031378, 0.021699885173182963]], "inverted": false, "swapped": false, "error_lsq": 0.04012762967825044, "error_max": 0.21835268997691423, "target": "892.xyz", "model": "27.xyz", "model_rescale": 4.103607728864725, "target_rescale": 3.8541388709095057},
{"mapping": [6, 9, 11, 10, 8, 4, 13, 0, 1, 5, 3, 2, 14], "R": [[0.13877666151349027, -0.9878155763484255, -0.07043738597220928], [-0.7027812010621541, -0.04812114311288279, -0.7097766824989007], [0.697738935170459, 0.14800250913054583, -0.7008963087634693]], "T": [0.16473990064756128, -0.023588702122558557, -0.0687374094249423], "aligned_model": [[-0.1566160357857453, -0.037431709952952724, 0.08179548796189684, 0.466178880973974, -0.2511189305917154, 0.1591566131471137, 0.45516461660022073, -0.061990675992652566, -0.4057869737781301, -0.49393495757573713, 0.5449476777811341, 0.3634834905743697, 0.10400490834553902], [-0.11665306827438099, 0.5324147272342129, -0.6379149043981426, 0.0834856872263551, -0.5972915960076868, -0.338488414325205, -0.5385803432990129, 0.6105549003526104, 0.2886173711108421, 0.23114440625446522, 0.5884568281501545, 0.21216988191819536, 0.060181214085816274], [-0.6066376313283187, -0.634520718178121, -0.3650223652718023, -0.4655306712012507, 0.3438233725633022, 0.7812133452014035, 0.19642221577448368, 0.1682159151726619, 0.5476125605345771, -0.2595223276521592, 0.14191198565405966, 0.5992742534569151, 0.04725470177660106]], "inverted": false, "swapped": false, "error_lsq": 0.03760659094571513, "error_max": 0.19549357351448737, "target": "892.xyz", "model": "28.xyz", "model_rescale": 4.137296879288765, "target_rescale": 3.8541388709095057},
