[{"mapping": [11, 10, 6, 14, 7, 0, 15, 4, 2, 13, 9, 16], "R": [[-0.24661691913726763, -0.27829286593955943, 0.928295845063625], [-0.9631073264136174, -0.036094935312855514, -0.2666860203557269], [0.10772359538957504, -0.9598178141772051, -0.25912427633171686]], "T": [-0.03602994252741593, -0.02228833398023447, 0.04825290241274633], "aligned_model": [[-0.33002877425607585, 0.419253389278622, 0.359793134484547, -0.06735388278071477, -0.07719817414655862, -0.7529712283952292, 0.3513371390821915, -0.2560247525918131, 0.6243971062902639, 0.2743858563444935, -0.6240821145682747, -0.08386523628090262], [-0.22647905925553435, -0.5965057957742803, -0.2691779360881969, 0.6811375834700226, 0.3804056800501948, -0.5431928444003297, -0.17079249741053046, -0.5814573398123116, 0.05852868907799466, 0.3912945105992064, -0.002961484702062811, -0.06724446977711518], [-0.45182789723760247, 0.08016975126400427, -0.5930087233055944, -0.045570995778367034, -0.6736766190587604, 0.06087675901747149, 0.6602452724740369, 0.4590710714675564, -0.040702987808241727, 0.358393057673198, 0.29342081257852637, 0.07456224406733523]], "inverted": true, "swapped": true, "error_lsq": 0.04424774965605626, "error_max": 0.24975229096282936, "target": "893.xyz", "model": "0.xyz", "model_rescale": 3.751011558992144, "target_rescale": 4.225892232565773},
{"mapping": [12, 6, 5, 14, 3, 9, 10, 2, 11, 1, 4, 15, 13, 8, 16], "R": [[-0.29117533136037865, -0.6018374643139428, 0.7436454753142369], [-0.6754819375957271, -0.4211159392710037, -0.6052978751605054], [0.677451901162803, -0.6785668959211495, -0.28391176335410984]], "T": [0.008513256861074223, 0.01434006992764315, -0.019749906844175942], "aligned_model": [[0.33121917783700655, 0.1240971752806657, -0.5685428530822892, 0.01925992467454911, -0.23932335345253813, -0.4494550559863494, 0.3834139922577248, 0.5993964172199064, -0.4628202572219916, 0.029296655204989516, -0.10879851272553899, 0.5695919972188666, 0.44968948960977556, -0.10661791680806039, -0.03132066893768247], [0.11427424419359937, -0.6130816592517458, 0.39699491387358066, 0.5591040023733553, -0.6425871120453435, 0.3135838398530504, -0.5716823432799538, -0.1459200508112332, -0.3169754709181816, 0.37751897544207325, -0.1864197091916983, 0.08258778892193323, 0.4215524836363922, 0.7565044452748378, 0.0033030017564396816], [-0.6976280710526821, -0.4907373675047482, -0.4805375066616999, -0.47550082728503973, 0.17538349183318558, 0.30736533112031067, 0.2127462451833189, -0.2950356001450662, -0.23488870488243993, 0.5866324477842284, 0.6700128939565491, 0.45687814463276016, -0.07576093436414563, 0.15310303955650906, 0.03763382268093577]], "inverted": true, "swapped": true, "error_lsq": 0.0378536574790683, "error_max": 0.27855353322358517, "target": "893.xyz", "model": "1.xyz", "model_rescale": 3.9405287249114394, "target_rescale": 4.225892232565773},
{"mapping": [1, 4, 15, 11, 3, 13, 9, 0, 6, 12, 7, 14, 16], "R": [[0.7899446003317462, 0.5673314554766032, -0.2326425327267484], [0.34699092199541814, -0.7264096157317961, -0.5932338242423079], [-0.5055539817462492, 0.38789700926815973, -0.7706822183892202]], "T": [-0.10246929083598465, -0.050104431740923105, -0.014864008242517629], "aligned_model": [[-0.21624096819140265, 0.26082716678009804, -0.4602197859785028, 0.41118745554019753, 0.5392003538443085, -0.7002482776341655, 0.12017114424841734, 0.6748406550746588, 0.10597770257793303, -0.5524128537984953, -0.0805285379792299, -0.5531360353552064, -0.05343473984468028], [0.6476670099562905, 0.4940799128918684, 0.3476196530792461, -0.3361271991149281, -0.13203154101335673, 0.028704041914320133, 0.42007168920019766, 0.35035711193602803, -0.7546089655252355, -0.648619216616805, -0.7338465274328634, -0.22519889360399553, 0.0007655179012503108], [-0.029057233584047243, -0.33379714309092845, -0.5252281322396429, 0.16557350163597742, -0.3504252797984253, -0.02158419033495211, 0.35344542726278805, 0.12979240584836946, -0.3133100994503296, 0.09904647662790753, 0.45102747713314084, 0.5055526990746394, -0.01791555949585313]], "inverted": true, "swapped": true, "error_lsq": 0.0390150575027826, "error_max": 0.22535774034482667, "target": "893.xyz", "model": "2.xyz", "model_rescale": 3.932901565614263, "target_rescale": 4.225892232565773},
{"mapping": [7, 5, 14, 11, 12, 2, 13, 6, 3, 10, 1, 0, 15, 16], "R": [[-0.03332292848022267, -0.612081210959703, -0.7900925095377159], [0.6409142775871538, 0.5934998451062728, -0.48681292366140755], [0.7668888258557683, -0.5226036022158037, 0.37251443425540864]], "T": [0.13209364738267362, -0.09082646741597346, 0.05878465825066756], "aligned_model": [[-0.3077263662409355, 0.258874828999037, 0.261815305387321, -0.15323810075737135, -0.27800855341940267, -0.2831119054397414, 0.31398975086582825, -0.6586590033821421, -0.19386269466976605, -0.24747143958451776, 0.7774004005089683, 0.40188419276299936, 0.3604470892055576, 0.1674764078168686], [0.006504769005105937, 0.2051597382420885, -0.38936155029688824, 0.42823026353121196, -0.5369515570807705, -0.6105597012620665, -0.658034798487382, -0.031878531029109716, 0.42179217013859893, -0.16348418850405055, -0.14774993173447237, 0.7252418096221612, -0.544688815575861, -0.04072303821807692], [-0.6355672066100365, -0.7080676051038549, -0.5725957581223103, -0.10667190730950976, -0.39556470666438104, 0.14872988031581003, -0.034939245453337764, 0.06785343144901307, 0.46131160966333506, 0.6822255064568729, 0.3422795270607557, 0.27500516363525385, 0.5959113453688439, 0.09398632837064286]], "inverted": true, "swapped": true, "error_lsq": 0.041207304658858586, "error_max": 0.28680056141890037, "target": "893.xyz", "model": "3.xyz", "model_rescale": 3.9243930471874484, "target_rescale": 4.225892232565773},
{"mapping": [0, 9, 4, 10, 15, 11, 6, 1, 13, 14, 2, 7, 16], "R": [[-0.3635939666222925, 0.8285306992754496, -0.42583601044768615], [0.8050096984326519, 0.5094880688999508, 0.3039429108861892], [0.4687843991274008, -0.23229030975641987, -0.8522220362839887]], "T": [-0.01924976542830964, -0.02945777123803004, -0.0738755094694688], "aligned_model": [[-0.16855008229832605, -0.16543582080844257, 0.402834256514614, 0.4971041596189912, 0.6960065057265106, -0.4503976765724287, -0.1642091600841094, 0.35636875019882314, 0.19232987893187695, -0.4091536218324691, 0.23540509708983165, -0.7387502903196921, -0.006346109853827112], [-0.5207526750400303, 0.07118287104605941, -0.3337651483981889, -0.4899228442939496, 0.15757169805435364, -0.4657432174443267, -0.5308854624725358, 0.25058441727326297, 0.49957791278955865, 0.5389130953998623, 0.036859823560591275, -0.0268812433267955, -0.05890967346627468], [-0.7962635014751946, -0.686074240808477, -0.5828758632909963, 0.16980015914364943, -0.08223300155879426, -0.11833290109153162, 0.5231202199184664, -0.6035145662184438, 0.12348444731650843, 0.09794321815927373, 0.5436690687166124, 0.3352111346386139, -0.13686385807872248]], "inverted": false, "swapped": true, "error_lsq": 0.04475100561473825, "error_max": 0.266546577557568, "target": "893.xyz", "model": "4.xyz", "model_rescale": 3.8936222436046832, "target_rescale": 4.225892232565773},
{"mapping": [0, 9, 4, 3, 15, 13, 14, 2, 6, 11, 10, 16], "R": [[-0.30679013385735343, -0.8377048640359754, -0.45180789561300844], [-0.1258126472230135, 0.5062268944004086, -0.8531737860391957], [0.9434251382947799, -0.2049021526392183, -0.26069928323125435]], "T": [-0.14308272841102113, -0.09394249515794528, 0.08482887602472525], "aligned_model": [[-0.0011774705809327601, -0.4344855623631837, -0.2827538166835302, 0.3728766851958505, -0.5774599648761827, -0.5687097763571876, -0.3770940894597308, -0.027084810242316654, 0.5803521786611737, 0.3596103333140076, 0.13515394373315778, -0.15167960812602843], [-0.5648800101784361, -0.5624181116196757, 0.006776173625483745, -0.026180013926750276, 0.47482882605094334, 0.13567710732314978, -0.3807407299650892, 0.4501972521126858, 0.16610774036100284, -0.4308175431146995, 0.5152766791174433, -0.11490446467625041], [-0.6524542669128235, -0.23439075599294754, -0.622410120654132, -0.4253156924594781, -0.10079710301726094, 0.44498454741938775, 0.6911106503319702, 0.4604148806252867, 0.2794121918027221, -0.02482904335574143, -0.21427585957727655, 0.01783529106581172]], "inverted": false, "swapped": true, "error_lsq": 0.038861749181783534, "error_max": 0.18961061988679231, "target": "893.xyz", "model": "5.xyz", "model_rescale": 3.6523030999806103, "target_rescale": 4.225892232565773},
{"mapping": [7, 6, 2, 14, 13, 11, 10, 9, 3, 4, 15, 8, 16], "R": [[-0.879651847096419, -0.3347716126635872, -0.33784699977131577], [-0.005634498743730426, -0.7029476227931835, 0.7112192995365908], [-0.47558477722038706, 0.6275289690237679, 0.6164629045710711]], "T": [0.09681076195914745, -0.06709331063157375, 0.0013644233699940077], "aligned_model": [[0.2525044766826813, -0.3403985669877292, 0.14327053491828415, 0.7352702348932119, 0.5857825207514169, -0.2530870089869999, -0.43991836429744086, 0.1942379224910914, -0.6248670259299123, -0.3042396496259363, 0.14668971067141967, 0.7232756031986187, 0.06256251688558867], [-0.5199627840527514, -0.0026454336404230228, 0.4426387906645569, -0.25165555956883284, 0.2852062832870227, -0.5316194038562676, 0.4300527184921863, -0.4541804141437027, -0.1646567154279744, 0.03437471519004934, 0.5883194377297438, -0.2269738804710576, -0.08807085003936664], [0.6764260749555933, 0.6598029781162439, 0.43567203651515773, 0.25215998181049315, 0.021043565959829643, 0.2013569985459796, 0.054231820170987294, -0.4955839753650473, -0.02539195191096937, -0.5975529905255673, -0.33714351338324355, -0.4180653017842063, -0.056845983623461854]], "inverted": true, "swapped": true, "error_lsq": 0.04816439757937528, "error_max": 0.30184850236661426, "target": "893.xyz", "model": "6.xyz", "model_rescale": 4.08911054899281, "target_rescale": 4.225892232565773},
{"mapping": [6, 2, 7, 3, 0, 9, 11, 5, 4, 10, 1, 13, 8, 14, 16], "R": [[-0.9117937600067676, 0.4096103373962461, 0.029180656450025905], [-0.07602395723452485, -0.09854342655623688, -0.9922245466672142], [-0.4035498694574491, -0.9069225791547417, 0.12099148019669353]], "T": [0.010049465200954568, -0.10709870898898702, 0.03861509948378488], "aligned_model": [[0.17336901731531723, 0.21469151133084197, 0.7091056583738109, -0.4561002439945432, -0.5408383432165297, -0.17686533864834134, 0.04429358728228007, 0.5660110944512058, -0.703690903516527, -0.43435762428428853, -0.38261074288919095, 0.2519916107491994, 0.1650917779493683, 0.6543829713809084, -0.04814049248395664], [-0.7579673592716408, -0.6878764301632359, -0.18159068896242048, -0.34198674403812546, 0.3466624457361033, 0.4982052250350767, -0.09136555159128586, 0.400155339387667, 0.03559952182736911, -0.6904961837751646, 0.3112402950514064, -0.13095638205814958, 0.5344733634664077, 0.12821948369811673, -0.07155751817301034], [-0.3839290763364193, 0.30587396271277506, -0.3982039819549462, -0.4698978410730868, -0.4868647908192623, -0.031785126915138164, -0.575216945449013, -0.3154240127210009, 0.0457678995624388, 0.05191983993834661, 0.45194410372031846, 0.590421644450335, 0.4364699038625116, 0.22314643950446206, 0.01984801359975907]], "inverted": true, "swapped": true, "error_lsq": 0.040747217148587915, "error_max": 0.2748853506582278, "target": "893.xyz", "model": "7.xyz", "model_rescale": 3.964800864290218, "target_rescale": 4.225892232565773},
{"mapping": [9, 1, 4, 5, 3, 14, 11, 15, 13, 2, 12, 6, 10, 16], "R": [[0.49634168042464566, -0.7618061963189897, 0.41628866850207713], [0.6724810070069618, 0.6406510724015242, 0.37058804439118104], [-0.5490120504033967, 0.09600793030146215, 0.8302820278863612]], "T": [-0.01115406684856831, -0.029837801134143214, 0.03210922679680102], "aligned_model": [[-0.13601450282794766, 0.3507276499108208, 0.4761607420677298, -0.8115981230338137, 0.15276537266440196, -0.48457451221392017, -0.37489598224828546, 0.6708318661485912, 0.1142681469411497, 0.19764673989927425, -0.3347999043866425, -0.11808702468593393, 0.5496317667737733, 0.009125654451675], [-0.20118096933322993, -0.4317727820940178, 0.13823425070525655, -0.1773963715161803, 0.6524851090554111, -0.5113031200752655, 0.4466464713051496, -0.3063448083837828, -0.5462016239035511, -0.03531709596625598, -0.16610200994309549, 0.5695701177168683, 0.3916623807861267, -0.012031082172231297], [-0.5690043885527328, -0.4234347570490313, -0.48181228857827646, -0.13894479095306905, -0.16440849425221815, 0.25269110051379456, -0.10523897531937136, 0.10338661184951735, 0.317123830366047, 0.6700595609613234, 0.7031756865247377, 0.5401666506083491, 0.2463150538414261, -0.03325976123547443]], "inverted": true, "swapped": true, "error_lsq": 0.040793880160042886, "error_max": 0.22397858757201125, "target": "893.xyz", "model": "8.xyz", "model_rescale": 4.121658175737393, "target_rescale": 4.225892232565773},
{"mapping": [6, 3, 11, 7, 10, 2, 4, 13, 9, 15, 12, 14, 16], "R": [[0.11639884337551076, 0.02402377263183364, 0.992911963675218], [0.783008959175846, -0.6172437783291901, -0.07685758234724888], [0.6110223229238043, 0.7864050969204355, -0.09065729108217707]], "T": [0.08174346631701404, -0.06250023219632189, -0.021923988445755906], "aligned_model": [[-0.5340855141480867, -0.15755686044615083, 0.13126001048448524, 0.0770186925854159, -0.5301584063180678, -0.4969021765585514, 0.17551443750374063, 0.045910230181143666, 0.6759072737207709, -0.15379357693703127, -0.22069188717286078, 0.3501113508426791, 0.11420392269771021], [0.24532967319484295, -0.37673742758826023, 0.11341238089489714, 0.7231115140877562, -0.4510103475182463, 0.11816994140487008, -0.7668700352628568, 0.04439147765843798, -0.274059972420983, -0.5586172571393995, 0.590166797853019, 0.5003432891977773, -0.117242594950145], [-0.415424017301354, -0.6343320956335529, -0.6091316484216216, -0.28236858296891304, -0.13445522610189364, 0.2664090425844598, -0.17975125812612108, 0.5704321501879559, -0.11410877356560994, 0.47308268050011093, 0.21514849198135874, 0.3183376512161576, -0.05276298039188777]], "inverted": false, "swapped": true, "error_lsq": 0.039227092641933345, "error_max": 0.21965224751462684, "target": "893.xyz", "model": "9.xyz", "model_rescale": 3.833441315466971, "target_rescale": 4.225892232565773},
{"mapping": [12, 14, 11, 0, 9, 5, 8, 4, 10, 3, 2, 15, 13, 7, 16], "R": [[-0.21801133003945405, -0.7090053552042385, 0.6706582335781319], [0.9143215634355247, -0.38869932708635413, -0.11370537260584168], [0.3413021221897778, 0.5884082251416337, 0.7329997421380356]], "T": [-0.010779234921103255, 0.03609564263653757, 0.0841565508480018], "aligned_model": [[0.21539474121137805, -0.043597882657386254, -0.5208712354960796, -0.6605691402095965, -0.40495584438320525, -0.6320728349557528, -0.0703115993299713, -0.036157502235301016, 0.36984000970463565, -0.2541672484519471, 0.527795011437007, 0.6149650475829417, 0.43374060171727397, -0.37278146736539103, -0.042405638274072996], [-0.660660175090059, -0.5921627890960552, 0.02181030777225767, 0.6378024837217359, 0.2738298703089264, -0.46566120176445686, -0.07801653555571236, 0.7585582227362041, 0.43080087616747137, 0.4966694024183353, -0.2232442714576684, 0.38058044626521376, -0.22354662165105926, -0.6531909659606115, 0.0975324904804566], [0.2765660597460883, -0.2457016213460019, 0.4273941532205213, 0.049118935492334787, -0.35674414757061357, -0.1481751676421619, -0.6756958010207229, -0.000949415264320852, 0.5713567767654576, 0.5937519175616893, 0.38958906147585903, -0.10667247332421911, -0.22982380340252237, 0.3650086135369873, 0.06909881959371822]], "inverted": true, "swapped": true, "error_lsq": 0.04358717865028071, "error_max": 0.29942605938170436, "target": "893.xyz", "model": "10.xyz", "model_rescale": 4.2482417240324, "target_rescale": 4.225892232565773},
{"mapping": [3, 4, 15, 8, 6, 2, 10, 14, 9, 7, 11, 16], "R": [[0.7226320210007482, 0.6174707989931851, 0.3106972394713088], [0.6442470472359112, -0.4387520306733048, -0.6264522309864186], [-0.2504969148556204, 0.6528602208518827, -0.714860005649391]], "T": [0.06355657345259738, 0.042995344746424365, -0.056246876294384], "aligned_model": [[-0.6350096109057004, -0.15339274293237778, 0.33279522275053697, 0.7210260460560719, -0.49159436988206684, 0.11604645492848367, -0.3493986715654036, 0.5692978087212949, 0.1887511877066589, -0.046157214742734445, -0.41585429439353694, 0.040255786621780046], [-0.14687841276968353, -0.605912842640906, -0.18201239422139803, -0.25505673346268803, 0.5983538114966765, 0.5447850211599474, 0.05240234769022379, 0.39268289792491096, -0.4722066417989537, 0.6650626565248199, 0.09834138544191104, -0.02342970529422097], [0.027458520090151088, 0.1921286861626163, 0.5945399325861593, -0.32613600081417704, 0.054348151019762724, 0.3865401621546789, 0.5498940023781695, -0.4119666431705576, -0.41005389988425206, -0.5910689686758558, -0.4374449968243151, -0.06304665516802377]], "inverted": false, "swapped": true, "error_lsq": 0.04471763631094656, "error_max": 0.19594000730273523, "target": "893.xyz", "model": "11.xyz", "model_rescale": 3.6694154284099745, "target_rescale": 4.225892232565773},
{"mapping": [5, 8, 13, 1, 9, 7, 11, 6, 15, 10, 2, 3, 12, 16], "R": [[-0.8096998188210263, 0.3063066100665146, 0.500562148020361], [0.20070515660325022, 0.9460777863289104, -0.2542720242729305], [-0.5514559307089393, -0.10541860767696151, -0.8275163283231267]], "T": [0.10689304259487398, 0.06433616324038999, -0.030218994114266918], "aligned_model": [[-0.10663792957031432, 0.22565974153841994, -0.17715308364685445, 0.6011708729722647, 0.560427134417326, -0.49394442116641946, 0.15136313088780318, -0.2931292001390788, 0.28959080634298423, 0.22432822736722025, -0.37236009563504147, 0.46273696577072365, -0.6503842720389061, 0.1765969731556826], [-0.4615309555848596, 0.3273457069277792, 0.5552100243902007, 0.48240778919137584, -0.05414206232056282, -0.48635434768775504, -0.5399571243862875, -0.2840293603989588, 0.7553979360320011, 0.24872873398318893, 0.36670257509140686, -0.30315140199697, 0.07186525462822323, 0.05249452026747188], [-0.6381762237188437, -0.7448249970387643, -0.23505137444420654, -0.3147114703490309, -0.462140197509933, -0.1743502867514331, 0.07495707398947386, 0.5592473100972261, 0.158716330247449, 0.669949305741235, 0.3296412717003288, 0.48880060362827144, -0.04113401375521157, -0.031827872184145435]], "inverted": false, "swapped": true, "error_lsq": 0.04330380367112148, "error_max": 0.24627131298944374, "target": "893.xyz", "model": "12.xyz", "model_rescale": 3.9764082729961374, "target_rescale": 4.225892232565773},
{"mapping": [14, 9, 8, 15, 12, 7, 6, 13, 1, 5, 0, 4, 11, 3, 10, 16], "R": [[-0.004851707938040961, 0.9052503435811291, 0.42485088722554437], [-0.2808458459243438, -0.40898976211001986, 0.868247076192157], [0.959740627334867, -0.11510512558282368, 0.2562200973917517]], "T": [-0.06749565168720617, 0.09510448629153746, 0.013970777594908617], "aligned_model": [[-0.07949322780328626, -0.39484450423845674, -0.6402523861015641, -0.590301313428106, 0.29602875657736594, 0.576808615722889, 0.6523620088448147, -0.3851208364984496, -0.7504970692501404, 0.16088319039141394, -0.10924980171696455, -0.42247822722028544, 0.40894446517204935, 0.2620484081799606, 0.047787043784692285, -0.09378480860653926], [0.08901160920755137, -0.45181673859075966, -0.16593601664065327, 0.5543010566194712, 0.5008812375513867, -0.0231239608869334, 0.3852871683939165, 0.46692389633560183, -0.040639857959057876, -0.4559419122495656, -0.6402388745624868, -0.0960992696933075, -0.27531576933771473, -0.06977947747702572, 0.5189603126618146, 0.04899071397100521], [-0.6962482516219118, 0.011502817571736773, -0.43071885268247034, 0.26387906744307377, -0.5121850822629217, -0.491927998325308, 0.1765924739469356, -0.33881842534757367, 0.13690557199042466, -0.5656279343684293, 0.5069539524767392, 0.6199969786202766, 0.13230767290613654, 0.6426736821566114, 0.6014087994039333, 0.06070247094544557]], "inverted": true, "swapped": true, "error_lsq": 0.039114425023610996, "error_max": 0.31402016092607704, "target": "893.xyz", "model": "13.xyz", "model_rescale": 4.170626492500431, "target_rescale": 4.225892232565773},
{"mapping": [13, 14, 2, 7, 10, 3, 6, 8, 1, 5, 9, 11, 4, 16], "R": [[-0.09225689363784584, 0.9079467447126041, 0.4088048120339102], [-0.9196935215003467, 0.07965856489168266, -0.38447150681121833], [-0.3816444576914308, -0.4114452840964191, 0.8276836872309558]], "T": [0.01861002894466436, 0.055982592248928265, 0.02728283244607871], "aligned_model": [[0.3002888042812243, -0.0320998776688491, -0.16371977003239857, -0.666698063155771, -0.048373547647298024, -0.252543626538541, -0.6868022068213304, 0.5523166369307458, 0.7110594950550462, -0.2548075205263385, 0.34964984702227975, -0.44197333400643574, 0.4275254539199548, 0.049360731279354614], [-0.2807659645269575, -0.6490794430408493, 0.07014805378330427, -0.4019067008466155, 0.6935727594122096, 0.6893857770061655, 0.31086617862122295, -0.4623314226031113, 0.10379201323922596, -0.5577741960200269, -0.03398981689231256, 0.17447395124838824, 0.604686336136389, 0.09499694240863352], [-0.3860610080293036, -0.042775473341237935, -0.6185992098306319, 0.1029778809815651, -0.32911479674615446, 0.26462109687803503, -0.23015607598229587, 0.22840251538206802, 0.16240656540993947, 0.5174757987959644, 0.5645014031977877, 0.4171965859099932, 0.275378858664177, 0.0776189598309601]], "inverted": false, "swapped": true, "error_lsq": 0.04703572580468466, "error_max": 0.3666615702445526, "target": "893.xyz", "model": "14.xyz", "model_rescale": 3.9786697098870705, "target_rescale": 4.225892232565773},
{"mapping": [4, 15, 3, 0, 10, 6, 8, 12, 11, 9, 2, 16], "R": [[-0.4411075172925285, -0.8835021351144854, 0.15763291355604458], [0.23963802920443078, -0.28522035125482814, -0.9280209944764659], [0.8648686450248027, -0.37158219612653426, 0.33753355148006214]], "T": [-0.02784210423516919, -0.007083707617282456, 0.11247121515998372], "aligned_model": [[0.0021789675360515473, -0.625217415059681, 0.49235374044179026, 0.5377580025254013, -0.04205874031276318, 0.36336320354394425, -0.40902847539026227, -0.162641039982961, 0.5840021797062281, 0.07251117980267671, -0.32464686126767534, -0.005220144775413139], [-0.3989140090558455, -0.007726536521547991, 0.06785287749206184, -0.6029354335365206, 0.3741619945677952, 0.6788579762508193, -0.5677689536116625, 0.5506327413274534, 0.021181736888537986, -0.6346781848367333, 0.5943281363493913, -0.0603178550893101], [-0.5002334540635518, -0.3231705278725559, -0.3923397816487859, -0.22003881185403773, -0.5140085472539679, 0.03974384726579115, 0.47890032649552616, 0.6068661641911948, 0.167766860380283, 0.16085074457596604, 0.08385026880049391, 0.07177940485747457]], "inverted": false, "swapped": true, "error_lsq": 0.04790188266877018, "error_max": 0.2553343683100181, "target": "893.xyz", "model": "15.xyz", "model_rescale": 3.769337070930944, "target_rescale": 4.225892232565773},
{"mapping": [4, 3, 8, 9, 15, 10, 13, 6, 14, 5, 16], "R": [[0.44785862699028267, 0.3484197861852606, -0.8234235257903408], [0.6204800200730549, 0.5419734471498563, 0.5668062519720855], [0.6437601998574627, -0.7647669155887428, 0.02653996797964519]], "T": [0.01841021654263402, 0.01501141976685462, 0.03210346356160576], "aligned_model": [[-0.2909002075505, -0.2440232872704628, -0.1797240054773221, -0.5308697878630724, 0.40609529041136067, 0.3343685543894423, 0.4354234943723089, 0.3009994348811907, 0.13892902341440894, -0.4114276565059414, -0.03624472211024195], [-0.11911093832309409, -0.6356481547842033, 0.7589846209767742, 0.30775047255319266, 0.18213169410331026, -0.5082251858043753, 0.44991624711662276, -0.647577791786496, 0.5061090533418424, 0.2948371812758319, 0.0068972989559365795], [-0.6130147551950551, -0.16493492160104878, -0.0023638283298835494, -0.10530655082553139, -0.5748664705283945, -0.37338522213206, 0.008579631256827893, 0.36371427001261375, 0.5309926956890942, 0.6868405419777049, -0.01203778310049039]], "inverted": false, "swapped": true, "error_lsq": 0.04389149011907214, "error_max": 0.22005433557703247, "target": "893.xyz", "model": "16.xyz", "model_rescale": 3.7852294659196426, "target_rescale": 4.225892232565773},
{"mapping": [12, 10, 3, 6, 13, 15, 1, 4, 11, 5, 8, 0, 16], "R": [[-0.23479008441880533, -0.865022720506283, 0.4434064831128648], [0.23148015991758553, 0.39327871632487454, 0.8898026673652917], [-0.9440818565268265, 0.31155664700623503, 0.10789765466910259]], "T": [-0.030480637471822263, 0.06458753401417491, -0.08718009892831247], "aligned_model": [[-0.14764487607997792, -0.2959944250408775, 0.30544607018518155, 0.16524864358657868, -0.5225014221343003, -0.7072695072064429, -0.3251403521410687, -0.07994468074307864, 0.551826664496562, 0.5414575360389186, -0.16578025955233336, 0.5424702800092583, -0.008407821202137167], [-0.2106628896067458, -0.4894735917243853, -0.3413478405557966, -0.6875030022000331, 0.23694195158175882, 0.09553512543568327, 0.589616479699314, 0.18393020134109184, -0.13000687659703677, 0.4331327261705904, 0.8071346630085998, 0.2976128389559718, 0.09014583819386218], [-0.7829922155357428, 0.31350180538763117, 0.4162313330649944, -0.24496707689722386, -0.39017375501659257, 0.20886124256414457, 0.2836981638559315, 0.6291647186997668, -0.051666820307803195, -0.5655156117051081, -0.24293330676471625, 0.5475892540872057, -0.02504303428931355]], "inverted": false, "swapped": true, "error_lsq": 0.03781898464436635, "error_max": 0.2235670897760017, "target": "893.xyz", "model": "17.xyz", "model_rescale": 3.901054581598922, "target_rescale": 4.225892232565773},
{"mapping": [12, 6, 5, 14, 3, 9, 10, 2, 11, 1, 4, 15, 13, 8, 16], "R": [[-0.29117533136037865, -0.6018374643139428, 0.7436454753142369], [-0.6754819375957271, -0.4211159392710037, -0.6052978751605054], [0.677451901162803, -0.6785668959211495, -0.28391176335410984]], "T": [0.008513256861074223, 0.01434006992764315, -0.019749906844175942], "aligned_model": [[0.33121917783700655, 0.1240971752806657, -0.5685428530822892, 0.01925992467454911, -0.23932335345253813, -0.4494550559863494, 0.3834139922577248, 0.5993964172199064, -0.4628202572219916, 0.029296655204989516, -0.10879851272553899, 0.5695919972188666, 0.44968948960977556, -0.10661791680806039, -0.03132066893768247], [0.11427424419359937, -0.6130816592517458, 0.39699491387358066, 0.5591040023733553, -0.6425871120453435, 0.3135838398530504, -0.5716823432799538, -0.1459200508112332, -0.3169754709181816, 0.37751897544207325, -0.1864197091916983, 0.08258778892193323, 0.4215524836363922, 0.7565044452748378, 0.0033030017564396816], [-0.6976280710526821, -0.4907373675047482, -0.4805375066616999, -0.47550082728503973, 0.17538349183318558, 0.30736533112031067, 0.2127462451833189, -0.2950356001450662, -0.23488870488243993, 0.5866324477842284, 0.6700128939565491, 0.45687814463276016, -0.07576093436414563, 0.15310303955650906, 0.03763382268093577]], "inverted": true, "swapped": true, "error_lsq": 0.0378536574790683, "error_max": 0.27855353322358517, "target": "893.xyz", "model": "18.xyz", "model_rescale": 3.9405287249114394, "target_rescale": 4.225892232565773},
{"mapping": [5, 9, 1, 0, 7, 13, 8, 12, 14, 2, 4, 10, 11, 6, 3, 16], "R": [[-0.5142545868392482, 0.8481410776476599, -0.12727502630705056], [0.41797983559799023, 0.11826836058678458, -0.9007249590843986], [-0.7488892287570115, -0.516400336261297, -0.41532591510878325]], "T": [0.15334436172360272, 0.045379505057786935, -0.08186270032201803], "aligned_model": [[-0.544223075598514, 0.21508784763011218, 0.6767138460001048, 0.26063144460496424, -0.660681587189091, 0.27712787729189337, 0.20446693273491326, -0.3082294121453851, -0.28299505447248313, 0.18879087485192014, 0.7257754860568486, 0.5698650610882132, -0.2299931226839121, -0.16996210010444074, 0.2578985627241447, 0.18689151718209768], [-0.32264594467942853, -0.5634960653697003, -0.29217902765501513, -0.7404566945409519, 0.19150772919541892, 0.36491004855518644, -0.2913497399730613, 0.6133851277478837, 0.14760406952635638, 0.715537927286254, -0.32940016614276213, 0.38703750167634154, -0.19198005393557138, 0.49478658261703096, -0.11795723105559722, -0.012951934274747369], [-0.3458714776333547, -0.26003247891750053, -0.41677917794442115, 0.3136832860820763, -0.04949260903645403, -0.5780214717556145, -0.7731956060472343, -0.2767062786062757, -0.6329980618607008, -0.06638167146962923, 0.16653630835843986, 0.41594008315514236, 0.33637501238189255, 0.485898752158746, 0.6205921955930536, -0.060103047783287865]], "inverted": false, "swapped": true, "error_lsq": 0.03832068924886998, "error_max": 0.22905557322708348, "target": "893.xyz", "model": "19.xyz", "model_rescale": 4.410303926677745, "target_rescale": 4.225892232565773},
{"mapping": [9, 1, 4, 5, 3, 14, 11, 15, 13, 2, 12, 6, 10, 16], "R": [[0.49634168042464566, -0.7618061963189897, 0.41628866850207713], [0.6724810070069618, 0.6406510724015242, 0.37058804439118104], [-0.5490120504033967, 0.09600793030146215, 0.8302820278863612]], "T": [-0.01115406684856831, -0.029837801134143214, 0.03210922679680102], "aligned_model": [[-0.13601450282794766, 0.3507276499108208, 0.4761607420677298, -0.8115981230338137, 0.15276537266440196, -0.48457451221392017, -0.37489598224828546, 0.6708318661485912, 0.1142681469411497, 0.19764673989927425, -0.3347999043866425, -0.11808702468593393, 0.5496317667737733, 0.009125654451675], [-0.20118096933322993, -0.4317727820940178, 0.13823425070525655, -0.1773963715161803, 0.6524851090554111, -0.5113031200752655, 0.4466464713051496, -0.3063448083837828, -0.5462016239035511, -0.03531709596625598, -0.16610200994309549, 0.5695701177168683, 0.3916623807861267, -0.012031082172231297], [-0.5690043885527328, -0.4234347570490313, -0.48181228857827646, -0.13894479095306905, -0.16440849425221815, 0.25269110051379456, -0.10523897531937136, 0.10338661184951735, 0.317123830366047, 0.6700595609613234, 0.7031756865247377, 0.5401666506083491, 0.2463150538414261, -0.03325976123547443]], "inverted": true, "swapped": true, "error_lsq": 0.040793880160042886, "error_max": 0.22397858757201125, "target": "893.xyz", "model": "20.xyz", "model_rescale": 4.121658175737393, "target_rescale": 4.225892232565773},
{"mapping": [7, 6, 2, 14, 13, 11, 10, 9, 3, 4, 15, 8, 16], "R": [[-0.879651847096419, -0.3347716126635872, -0.33784699977131577], [-0.005634498743730426, -0.7029476227931835, 0.7112192995365908], [-0.47558477722038706, 0.6275289690237679, 0.6164629045710711]], "T": [0.09681076195914745, -0.06709331063157375, 0.0013644233699940077], "aligned_model": [[0.2525044766826813, -0.3403985669877292, 0.14327053491828415, 0.7352702348932119, 0.5857825207514169, -0.2530870089869999, -0.43991836429744086, 0.1942379224910914, -0.6248670259299123, -0.3042396496259363, 0.14668971067141967, 0.7232756031986187, 0.06256251688558867], [-0.5199627840527514, -0.0026454336404230228, 0.4426387906645569, -0.25165555956883284, 0.2852062832870227, -0.5316194038562676, 0.4300527184921863, -0.4541804141437027, -0.1646567154279744, 0.03437471519004934, 0.5883194377297438, -0.2269738804710576, -0.08807085003936664], [0.6764260749555933, 0.6598029781162439, 0.43567203651515773, 0.25215998181049315, 0.021043565959829643, 0.2013569985459796, 0.054231820170987294, -0.4955839753650473, -0.02539195191096937, -0.5975529905255673, -0.33714351338324355, -0.4180653017842063, -0.056845983623461854]], "inverted": true, "swapped": true, "error_lsq": 0.04816439757937528, "error_max": 0.30184850236661426, "target": "893.xyz", "model": "21.xyz", "model_rescale": 4.08911054899281, "target_rescale": 4.225892232565773},
{"mapping": [3, 9, 6, 13, 12, 15, 0, 1, 9, 14, 7, 4, 8, 5, 11, 10, 16], "R": [[0.8962933160376652, -0.4076174730861609, -0.17466049141422657], [-0.3673911786344014, -0.9031040757411315, 0.2223212770775259], [-0.24835863884276627, -0.13509635085600777, -0.9592012106422504]], "T": [0.03236384176194199, -0.10122638841471215, 0.027203540938020996], "aligned_model": [[-0.6496134092275739, 0.08043895937138998, 0.16702193387738493, -0.6243393971415566, -0.5148083438332942, 0.33534187712049174, -0.15078270810934805, 0.5388385715976729, 0.08043895937138998, -0.2361914701344288, -0.40883552835805187, -0.3900356396223056, 0.6335694201291012, 0.44904605716251067, 0.7692338939768515, -0.05538510461672847, -0.0020268881011328496], [-0.3816531362850772, 0.5131133996842414, 0.02541726918905754, -0.13914833625947876, 0.35899412330468156, -0.35337078689348544, -0.5323242408588518, -0.6989751654707093, 0.5131133996842414, 0.0028604833091739057, 0.15528068582083293, -0.652624216340709, -0.10263177942179644, 0.4670703771966099, -0.10530091371502408, 0.6439292091950193, -0.12268845074911174], [0.4860572120643521, 0.3847269938580904, -0.6948717396026832, -0.03630037952009969, 0.21096748173641838, 0.6405016171621556, -0.589798388611286, -0.09998973259451524, 0.3847269938580904, 0.6006724185016094, -0.4681179957250589, -0.034693949742703054, -0.3182119993556953, -0.006616150260330748, 0.23432416919803054, -0.2697453889729215, 0.0022574387926086806]], "inverted": true, "swapped": false, "error_lsq": 0.04202434562734353, "error_max": 0.3687768132084381, "target": "893.xyz", "model": "22.xyz", "model_rescale": 4.204369325754507, "target_rescale": 4.225892232565773},
{"mapping": [5, 9, 1, 0, 7, 13, 8, 12, 14, 2, 4, 10, 11, 6, 3, 16], "R": [[-0.5142545868392482, 0.8481410776476599, -0.12727502630705056], [0.41797983559799023, 0.11826836058678458, -0.9007249590843986], [-0.7488892287570115, -0.516400336261297, -0.41532591510878325]], "T": [0.15334436172360272, 0.045379505057786935, -0.08186270032201803], "aligned_model": [[-0.544223075598514, 0.21508784763011218, 0.6767138460001048, 0.26063144460496424, -0.660681587189091, 0.27712787729189337, 0.20446693273491326, -0.3082294121453851, -0.28299505447248313, 0.18879087485192014, 0.7257754860568486, 0.5698650610882132, -0.2299931226839121, -0.16996210010444074, 0.2578985627241447, 0.18689151718209768], [-0.32264594467942853, -0.5634960653697003, -0.29217902765501513, -0.7404566945409519, 0.19150772919541892, 0.36491004855518644, -0.2913497399730613, 0.6133851277478837, 0.14760406952635638, 0.715537927286254, -0.32940016614276213, 0.38703750167634154, -0.19198005393557138, 0.49478658261703096, -0.11795723105559722, -0.012951934274747369], [-0.3458714776333547, -0.26003247891750053, -0.41677917794442115, 0.3136832860820763, -0.04949260903645403, -0.5780214717556145, -0.7731956060472343, -0.2767062786062757, -0.6329980618607008, -0.06638167146962923, 0.16653630835843986, 0.41594008315514236, 0.33637501238189255, 0.485898752158746, 0.6205921955930536, -0.060103047783287865]], "inverted": false, "swapped": true, "error_lsq": 0.03832068924886998, "error_max": 0.22905557322708348, "target": "893.xyz", "model": "23.xyz", "model_rescale": 4.410303926677745, "target_rescale": 4.225892232565773},
{"mapping": [11, 13, 5, 9, 14, 1, 4, 3, 7, 11, 15, 10, 2, 12, 0, 6, 16], "R": [[-0.4849136142805861, -0.00792980876935806, -0.8745261029941993], [-0.3594750320561291, 0.9133896237568109, 0.1910421328964813], [0.7972681405986222, 0.4070092300504662, -0.44576563196386365]], "T": [-0.06908820156317504, -0.01818267336790201, 0.018981973552153412], "aligned_model": [[-0.4232391920495255, -0.0675261526667023, 0.15680781819329692, -0.6585507755644754, -0.6141165979176023, 0.28047102204948243, 0.11407203235294285, 0.5158806907219062, 0.2450591805179621, -0.4232391920495255, -0.5455360175739853, -0.2769845506872853, 0.6739719558469395, 0.49642954928718824, 0.6848208752355731, -0.15087324040125144, 0.014463778167433702], [-0.1219322272139305, 0.642978808726132, 0.15609978466879765, -0.21815211935587292, 0.3695392469513611, -0.492814757355535, -0.45373529301708027, -0.6993097114615976, 0.1721637490244503, -0.1219322272139305, 0.19088344677330898, -0.6324501411228748, -0.31785243493253085, 0.5343056131911622, 0.008755725325357747, 0.6778504719698034, -0.10333601356740625], [0.5333112383476245, 0.2578327186370336, -0.5415522774145491, -0.05148843265789841, 0.12274010424994555, 0.6425748564551015, -0.4816482464902266, -0.036949570951246076, 0.5730673085830474, 0.5333112383476245, -0.469488114439301, 0.07589007802220774, -0.4180003918263986, -0.12635281743704319, 0.054776354151207345, -0.2755467309459862, 0.03341128615491824]], "inverted": false, "swapped": false, "error_lsq": 0.04160273958611334, "error_max": 0.34275379136106676, "target": "893.xyz", "model": "24.xyz", "model_rescale": 4.28219845311461, "target_rescale": 4.225892232565773},
{"mapping": [15, 1, 2, 8, 13, 0, 10, 14, 4, 5, 3, 11, 7, 12, 6, 16], "R": [[-0.9871072103055141, 0.12948023708099274, 0.09409688394583418], [0.09482656431122116, -0.0005318698530247246, 0.9954936663863762], [0.128946803232169, 0.9915818601204388, -0.011753153461728116]], "T": [-0.07776444473119726, 0.010881615756002699, -0.037535947257506946], "aligned_model": [[-0.25640234468153605, -0.3452619844672283, 0.21400834575699668, 0.16678184589263084, 0.3155252274909111, -0.7720171024151696, -0.4805163076218271, 0.584727931743607, -0.7623164805731298, 0.3343823314688791, -0.6646593836541167, -0.22494737993650496, 0.4650393501561221, 0.5988924420560907, -0.024941795729511586, -0.13997392936520303], [0.26153264264387005, -0.3485322832799149, 0.5990014017263448, -0.6034728260828727, 0.06628757561653316, -0.45225855138865345, 0.6180209565488304, -0.24511874283855165, -0.08936546084427038, -0.5550964401063202, 0.2294043383814869, -0.057485178143285756, 0.008599076192108961, 0.32217434974987946, 0.614096954750952, -0.02267643721190422], [-0.7097739757158068, -0.584616510316586, -0.1775080320171623, -0.4333983220789749, -0.4912418726762129, 0.2608264347368222, -0.12238904790783672, -0.050177227166206984, -0.26376215135821324, 0.41140455093133, 0.33509725237598975, 0.5556530079679629, 0.5872827116121921, 0.09985782063532947, 0.4745069016299943, -0.03983552007487512]], "inverted": true, "swapped": true, "error_lsq": 0.03944640647399016, "error_max": 0.25337044494671745, "target": "893.xyz", "model": "25.xyz", "model_rescale": 4.100010024507729, "target_rescale": 4.225892232565773},
{"mapping": [3, 4, 15, 8, 6, 2, 10, 14, 9, 7, 11, 16], "R": [[0.7226320210007482, 0.6174707989931851, 0.3106972394713088], [0.6442470472359112, -0.4387520306733048, -0.6264522309864186], [-0.2504969148556204, 0.6528602208518827, -0.714860005649391]], "T": [0.06355657345259738, 0.042995344746424365, -0.056246876294384], "aligned_model": [[-0.6350096109057004, -0.15339274293237778, 0.33279522275053697, 0.7210260460560719, -0.49159436988206684, 0.11604645492848367, -0.3493986715654036, 0.5692978087212949, 0.1887511877066589, -0.046157214742734445, -0.41585429439353694, 0.040255786621780046], [-0.14687841276968353, -0.605912842640906, -0.18201239422139803, -0.25505673346268803, 0.5983538114966765, 0.5447850211599474, 0.05240234769022379, 0.39268289792491096, -0.4722066417989537, 0.6650626565248199, 0.09834138544191104, -0.02342970529422097], [0.027458520090151088, 0.1921286861626163, 0.5945399325861593, -0.32613600081417704, 0.054348151019762724, 0.3865401621546789, 0.5498940023781695, -0.4119666431705576, -0.41005389988425206, -0.5910689686758558, -0.4374449968243151, -0.06304665516802377]], "inverted": false, "swapped": true, "error_lsq": 0.04471763631094656, "error_max": 0.19594000730273523, "target": "893.xyz", "model": "26.xyz", "model_rescale": 3.6694154284099745, "target_rescale": 4.225892232565773},
