[{"mapping": [7, 8, 9, 6, 3, 10, 4, 1, 2, 0, 5, 11], "R": [[0.38139110548187993, -0.799335242696056, -0.4643317719512058], [-0.9221927641050851, -0.363792627985124, -0.1312075823110075], [-0.06404163092498658, 0.4782448051026944, -0.8758884494618897]], "T": [-0.10997592881793516, -0.06768636741046236, 0.027932257617771808], "aligned_model": [[-0.07648710110695922, 0.0026273690472326527, -0.5659360034197607, -0.015198920613377465, -0.6788380509223735, -0.6198147902622335, -0.16573890073057995, 0.5242822991958433, 0.5905977670566379, 0.265595829480343, 0.1020365208386699, -0.07271804641804663], [0.32930647179384764, -0.6905736484224856, -0.39560294807451085, -0.4333083861191251, -0.19396222503649044, 0.33649742592799475, -0.02161013353094514, -0.01118219708800014, -0.2894135078344854, 0.3359864417309098, 0.7018033933612002, -0.010015897216573082], [-0.8310662836528506, 0.07728226424945357, -0.20429080523917453, -0.5905273979832639, 0.39465123531400637, -0.1681828680828773, 0.8323674249112497, -0.2825582228352474, 0.3577561764509117, 0.30861982686542166, -0.19927373215380811, 0.03880529559223627]], "inverted": false, "swapped": false, "error_lsq": 0.048725241955713344, "error_max": 0.2671751625876912, "target": "894.xyz", "model": "0.xyz", "model_rescale": 3.751011558992144, "target_rescale": 3.9584724598618903},
{"mapping": [0, 6, 1, 7, 4, 8, 10, 12, 11, 5, 13, 14], "R": [[0.5703263901283363, 0.7285834936124824, 0.37933349648905357], [-0.7618296858595306, 0.641854442041351, -0.08739796894067375], [-0.3071536072820076, -0.23914215033577013, 0.9211230609785178]], "T": [-0.06208665668819142, 0.07423859222903172, -0.0358526735770302], "aligned_model": [[-0.3011253595523028, -0.0393402103999273, -0.5254097873647343, 0.10346823764217206, -0.6822925695976256, -0.6387534666652432, -0.06376272653188658, 0.6255405117103704, 0.49243325744921945, -0.05867301237779011, 0.38624152472995316, -0.007918426896809168], [0.07507476171193771, -0.6744981153732914, -0.3471166317125422, -0.3947723398766858, -0.17012033468355442, 0.3878072954068994, -0.08828513022288752, -0.05173645713544554, -0.41571250317672487, 0.6290308027426289, 0.6383164769360755, 0.06993696487492779], [-0.7558278938819545, 0.015154062647011635, -0.3415927613526922, -0.47436988683761866, 0.3898318461557326, 0.06186278476050219, 0.7679115820098374, -0.2873964437145642, 0.2627885457186549, 0.25099222733909005, -0.12706769444149604, -0.02870345496644598]], "inverted": false, "swapped": false, "error_lsq": 0.042259325303351754, "error_max": 0.22197589376833696, "target": "894.xyz", "model": "1.xyz", "model_rescale": 3.9405287249114394, "target_rescale": 3.9584724598618903},
{"mapping": [5, 3, 11, 9, 6, 0, 7, 8, 4, 1, 2, 12], "R": [[0.3074767451116254, -0.5853401609361898, -0.7502232649090247], [-0.3033776808047499, 0.6869709959069532, -0.6603278228063245], [0.901898017519216, 0.43063644385700206, 0.03364846530086138]], "T": [-0.05416246408022233, -0.06772197359983521, 0.007280396617673851], "aligned_model": [[-0.2956091223853526, 0.04116903319340184, -0.5428411479908355, 0.16029984301138916, -0.5511030860539037, -0.6846611619642391, -0.1556368737335261, 0.5830515665139303, 0.5541414451713867, 0.07458563790743702, 0.10783110673492516, -0.0008192682592173609], [0.2673249853609385, -0.5640565911194425, -0.324585379882708, -0.3915825634750623, -0.16632631937956555, 0.4848955700369145, -0.26256403362276926, -0.40533236489279767, -0.07910220430314784, 0.579027528943025, 0.5220566124137939, -0.001830450587841717], [-0.5906521471204742, 0.2744199325312586, -0.4430845925203958, -0.6994736937508734, 0.2039600717627837, 0.0033777427355496073, 0.7692839195673215, -0.2767394495458112, 0.3558956088806502, 0.44587512931906437, -0.292867783479979, -0.016411824943036963]], "inverted": false, "swapped": false, "error_lsq": 0.05467010801273826, "error_max": 0.3377508255130552, "target": "894.xyz", "model": "2.xyz", "model_rescale": 3.932901565614263, "target_rescale": 3.9584724598618903},
{"mapping": [9, 6, 5, 12, 4, 7, 0, 10, 1, 3, 8, 13], "R": [[-0.8172225397440874, -0.5763202003390097, -0.0015320624750640305], [0.557881220870246, -0.7904033718658489, -0.253043579534081], [0.14462317910538192, -0.20764762561681485, 0.9674536679558107]], "T": [0.029137929814253685, 0.05003678770541496, 0.04106983053218974], "aligned_model": [[-0.2701868005926415, -0.014196556441374297, -0.45437073935703626, 0.06236012291389921, -0.6672432685673299, -0.603770092043969, -0.09838078801515092, 0.5482313387852547, 0.5097977794874948, 0.14165056641929377, 0.11054126403808814, 0.025975145518867055], [0.23799296358491911, -0.6209514012548998, -0.3065496856315795, -0.35847190726045264, -0.3059644325400921, 0.37213725076443227, 0.06028907620754635, -0.3418957612253381, -0.23968563399342702, 0.4721432784980983, 0.7184574864462185, -0.029576444104088245], [-0.6030342923427051, -0.07971606789339783, -0.3537277625759243, -0.6032489897598057, 0.4303547676439603, -0.03255947689237161, 0.6987811625971168, -0.25905739274610673, 0.5245940266063976, 0.3053660566045413, -0.25111845158057344, -0.04305066622507413]], "inverted": true, "swapped": false, "error_lsq": 0.0496787503905696, "error_max": 0.29256474623778994, "target": "894.xyz", "model": "3.xyz", "model_rescale": 3.9243930471874484, "target_rescale": 3.9584724598618903},
{"mapping": [7, 10, 4, 8, 3, 2, 6, 9, 11, 5, 1, 12], "R": [[-0.8570144117265945, 0.4798662874510065, 0.18776220136360616], [-0.3711811406188275, -0.3221476285593918, -0.8708877460743528], [-0.35742252159289783, -0.8160571374490565, 0.45420247629953137]], "T": [-0.018470390289417563, -0.07092099649720986, -0.01060635398242062], "aligned_model": [[-0.3283190053381601, -0.07411489954793882, -0.493712072008895, 0.10978667904325971, -0.5965085922119784, -0.7997371005432546, -0.05122483997853233, 0.636211991458765, 0.611195016965511, 0.13916440491364024, 0.15171864075917602, -0.014052251366196642], [0.23481039716809793, -0.763797992574564, -0.23986686520402928, -0.4025041353632127, -0.0945448340835718, 0.37015929111260815, -0.10623761580767961, -0.10813882830048792, -0.3379741382208242, 0.5004885924524402, 0.5705280292695051, 0.035002889043055194], [-0.6839865657439642, 0.10751594033627586, -0.3236078026107256, -0.5301630064296675, 0.3332935177542521, -0.22574583814273286, 0.7099464873573059, -0.2707855303230047, 0.38731094369330277, 0.4608440175017528, -0.274688047850356, 0.043648797893618474]], "inverted": false, "swapped": false, "error_lsq": 0.03443644754577697, "error_max": 0.1924415841926123, "target": "894.xyz", "model": "4.xyz", "model_rescale": 3.8936222436046832, "target_rescale": 3.9584724598618903},
{"mapping": [4, 3, 2, 10, 0, 1, 9, 7, 8, 6, 5, 11], "R": [[0.40434515749148237, 0.4884460363215085, 0.7732564019877208], [-0.7291901195321383, -0.33816878115333104, 0.59491482165935], [0.5520749615676244, -0.8044018554522844, 0.2194331145361338]], "T": [0.011643169586628768, -0.07805369534639213, 0.0073059834191639556], "aligned_model": [[-0.16985878601756443, -0.17825163421298856, -0.5553327194259877, 0.2022437677713108, -0.7466315761454582, -0.6157751851930932, -0.01937962486387114, 0.6064672387130992, 0.4766068995494042, 0.27963990929216703, 0.03933113485611496, -0.028651452177736958], [0.1287108531542096, -0.5987461878417744, -0.3370921691171806, -0.456047558415166, -0.32097783081434034, 0.4078508502171266, -0.05416723684056972, 0.10387393878780966, -0.5503047474102974, 0.616163136941626, 0.6575379177038594, 0.061123823126033996], [-0.7376302960719389, 0.1592971807630884, -0.40329829725625216, -0.4620120866985876, 0.39295554373151464, 0.12285574692937404, 0.624155209037377, -0.1738960864206014, 0.3338798647606784, 0.29164621163688675, -0.3322661185506942, -0.0821039584247879]], "inverted": false, "swapped": false, "error_lsq": 0.05315369139446583, "error_max": 0.2504491297965374, "target": "894.xyz", "model": "5.xyz", "model_rescale": 3.6523030999806103, "target_rescale": 3.9584724598618903},
{"mapping": [10, 3, 2, 4, 1, 6, 5, 11, 7, 8, 9, 12], "R": [[-0.3874348337607195, 0.5485668749003576, 0.7409241751696722], [0.7991752615786742, -0.2008033121452582, 0.5665659106513131], [0.4595793194536297, 0.8116356409088684, -0.3606028778822891]], "T": [-0.09135479423929725, -0.004547534484604189, 0.02626921978266853], "aligned_model": [[-0.1372680992380616, 0.054912564900890484, -0.6255591302230159, -0.06251479638685134, -0.6570836407154081, -0.5986300498988228, -0.0063971150369712265, 0.6412678252740196, 0.5142599033199752, -0.1674933410806355, 0.38259649523795697, -0.04768264400767984], [0.33927550662957334, -0.6753768412061479, -0.40679406911784455, -0.3221734568534168, -0.27684888865878937, 0.3747480199161515, 0.036077695071639417, -0.2018431397404745, -0.23550362732229735, 0.575318687907368, 0.5191785358065479, -0.068133632940973], [-0.6725517347472327, 0.1322626339253786, -0.33294532196204085, -0.4506098318542737, 0.323216539644553, -0.12012463076951801, 0.7008322735106365, -0.4197213010416469, 0.24238997533039827, 0.3604266504650403, -0.12782183667706506, 0.09822949761182781]], "inverted": true, "swapped": false, "error_lsq": 0.05117417622686395, "error_max": 0.25197639285227696, "target": "894.xyz", "model": "6.xyz", "model_rescale": 4.08911054899281, "target_rescale": 3.9584724598618903},
{"mapping": [2, 5, 7, 6, 12, 13, 10, 3, 8, 11, 1, 14], "R": [[-0.7676744488119225, -0.5960114086564905, -0.23547046819636802], [0.38057014373632253, -0.7196317240302799, 0.5807723714724399], [-0.515598978216429, 0.3562310802281474, 0.7792670345534074]], "T": [0.017800725097330647, -0.03991221810833827, -0.01577226793763499], "aligned_model": [[-0.25101518370952175, -0.2893519749072082, -0.5371837298988952, 0.11348361310790002, -0.5578430082783205, -0.6016965783666606, -0.0035975205500101415, 0.7066269875529863, 0.5622000880410183, -0.05417648642319538, 0.0902222551509921, 0.11273951042631072], [0.20794387415855042, -0.7079406111876442, -0.37677694392381295, -0.22776154289319445, -0.032433563462369516, 0.3466356761042115, -0.20802317394451092, -0.24076725400520205, -0.18451865432984377, 0.35372901906378534, 0.6378029817235127, 0.09003498218785512], [-0.7344132826242363, 0.18396885077138292, -0.4374396436631681, -0.4682105317629947, 0.40444229625692707, -0.06771780511177718, 0.684624562518534, -0.3498786446681832, 0.36876288717149985, 0.4136423573099059, -0.2867026810642455, 0.022504548302412358]], "inverted": false, "swapped": false, "error_lsq": 0.04526082978899997, "error_max": 0.22132513229171102, "target": "894.xyz", "model": "7.xyz", "model_rescale": 3.964800864290218, "target_rescale": 3.9584724598618903},
{"mapping": [2, 8, 1, 7, 5, 0, 10, 12, 9, 6, 4, 13], "R": [[0.4513502049783846, 0.6406059510194609, 0.6212141401999977], [-0.44037719352691973, 0.7653834189147496, -0.46931455280198053], [-0.7761126979294465, -0.061743320034000654, 0.6275642138808226]], "T": [-0.09353780038468341, 0.08241223278942167, 0.005140485412987932], "aligned_model": [[-0.1400259492594395, -0.016906802128449902, -0.5723460291367087, 0.02181551339658115, -0.5084271766244348, -0.6701268939910212, -0.0015428446893142184, 0.5759715045329679, 0.4014973669293506, -0.040406912482458104, 0.32472604572437924, -0.08381985012605646], [0.3221465386330533, -0.670515978926642, -0.3169183442339928, -0.36627316103479496, -0.4020725633989201, 0.43758972465463547, -0.13197074648873003, -0.15830188318113542, -0.2874491341294891, 0.6298407043099303, 0.5870332660667121, 0.014816367220709975], [-0.6104690031184694, 0.140360230700369, -0.41246897509514013, -0.5354408639972572, 0.5457068649762306, -0.22842607668291906, 0.7929925523200072, -0.2488062457921333, 0.3084546446140636, 0.18954493356427152, -0.25080162293586555, 0.042936474882899936]], "inverted": false, "swapped": false, "error_lsq": 0.044904725667647465, "error_max": 0.26970063301653047, "target": "894.xyz", "model": "8.xyz", "model_rescale": 4.121658175737393, "target_rescale": 3.9584724598618903},
{"mapping": [8, 5, 7, 11, 9, 6, 4, 3, 0, 1, 2, 12], "R": [[-0.24916117259547693, 0.7668518212859967, -0.5914871040531626], [0.43757781548164926, -0.45571041203514084, -0.775147518709226], [-0.86397011838903, -0.451958299573215, -0.22201200412980693]], "T": [-0.0438928343130068, -0.10205649667436974, -0.08668388558129717], "aligned_model": [[-0.31950547752176284, -0.025516481514539106, -0.5280806782606233, 0.036852867881189195, -0.776799037590327, -0.5471348715860629, -0.15905071002248508, 0.6451110107982513, 0.5293455638351859, 0.11223089417766541, 0.3503797363994937, -0.027424844450589153], [0.325581180652539, -0.6297076469944172, -0.4633754020216739, -0.3211775484691744, -0.2053454793826066, 0.36702675468802876, -0.046806109992499914, -0.07057355867314223, -0.11253328888535859, 0.401703728142307, 0.4530843162881462, -0.03995215586081134], [-0.6079487180429058, 0.23419690147136116, -0.3870531428717022, -0.6770212220178541, 0.2945899009339419, -0.003675420311073027, 0.791845553966581, -0.47004600878432623, 0.451936777627737, 0.35691811284561814, -0.22348399020830007, -0.026675831173020303]], "inverted": false, "swapped": false, "error_lsq": 0.046633361784457324, "error_max": 0.22302965047818368, "target": "894.xyz", "model": "9.xyz", "model_rescale": 3.833441315466971, "target_rescale": 3.9584724598618903},
{"mapping": [1, 7, 6, 12, 3, 5, 9, 10, 8, 13, 0, 14], "R": [[-0.7668358806074753, 0.13895877252542707, -0.6266204527073663], [0.4341066200893666, 0.8314026899224962, -0.3468731894860486], [0.47277285730839547, -0.5380148945223213, -0.6978723369389213]], "T": [-0.09444551621137562, -0.09055079744104771, -0.07211614609403756], "aligned_model": [[-0.2556582406680472, -0.14506026171687056, -0.5680986893072952, 0.04686967915385365, -0.6561381404769989, -0.44416585923373963, -0.016388733204078937, 0.7183228438102328, 0.496993583556789, 0.07032889855935054, 0.16147444751849685, -0.11807155584629642], [0.25922148135129036, -0.691508538880315, -0.2995260355406526, -0.3069775112734416, -0.3190695148842927, 0.48575260465829545, -0.2510433787716968, -0.0022303696019851105, -0.20510610082472014, 0.6414880750890488, 0.46202784353279186, -0.11510376536298542], [-0.7024166643989946, 0.21108328420808148, -0.5116745489511502, -0.6163675130278938, 0.5496574794091064, -0.017295786080137328, 0.719123006436404, -0.1579138062834622, 0.4224910072194156, 0.19742981057473652, -0.37705020356822605, 0.016516847898177187]], "inverted": true, "swapped": false, "error_lsq": 0.04529316213124957, "error_max": 0.26041127443665546, "target": "894.xyz", "model": "10.xyz", "model_rescale": 4.2482417240324, "target_rescale": 3.9584724598618903},
{"mapping": [4, 8, 9, 10, 7, 5, 3, 0, 1, 2, 6, 11], "R": [[0.5237792843629158, 0.8070658714884655, -0.27258015399297847], [-0.04603441682962006, -0.29270004749047257, -0.9550955526366104], [-0.8506092485621286, 0.512807333486602, -0.11615741467049054]], "T": [-0.009833982419327265, -0.00967466384754992, 0.01920920276499772], "aligned_model": [[-0.21847822986094517, 0.0493234130027392, -0.6214386052012363, 0.005411311661681732, -0.6210804102114215, -0.5562687943852157, -0.11913196884111049, 0.5959204105641964, 0.6309214112955925, 0.08529012156715704, 0.15153251649602695, -0.09159320394206916], [0.30705303342532586, -0.5858278953920799, -0.3983022399067141, -0.5046939375039906, -0.12346821706962224, 0.4554216465259585, -0.2694231433072044, -0.14751884454458655, -0.11787622138521182, 0.4756238689634429, 0.5811233240342698, -0.014186584348250507], [-0.7694546825638466, 0.2226930726478133, -0.37349844250955455, -0.3927687848162879, 0.2875095539609134, -0.20278311392700737, 0.779903822197978, -0.41426521766021923, 0.2964663075069029, 0.569839773362875, -0.19386526470018375, -0.07619411006332594]], "inverted": true, "swapped": false, "error_lsq": 0.04769409564837273, "error_max": 0.23595881584386974, "target": "894.xyz", "model": "11.xyz", "model_rescale": 3.6694154284099745, "target_rescale": 3.9584724598618903},
{"mapping": [1, 6, 0, 4, 5, 12, 7, 8, 11, 10, 2, 13], "R": [[0.6898924069974857, 0.486506304151414, 0.5360597753871738], [-0.5880351781320596, 0.8085078786369115, 0.023013897132773325], [-0.4222121457826768, -0.33109911839655015, 0.8438662676932968]], "T": [-0.019797469006045294, -0.03283323510165996, 0.025505388971830044], "aligned_model": [[-0.2174902290946595, -0.13972262040846486, -0.5467841066822882, 0.13992938877160502, -0.6855232696438796, -0.5103811758428513, -0.09358722089106086, 0.6861788198160581, 0.5442178960095826, 0.05536905250322121, 0.1461906224831011, -0.08798918487496765], [0.22419783651588582, -0.5633179392596932, -0.3517752768068834, -0.4825641648686737, -0.24051178246924154, 0.43736350688356695, 0.006654420681191105, 0.18963289988176724, -0.49559853528292463, 0.5062245946577416, 0.49910367753429724, -0.07148444797569656], [-0.7563680630223167, 0.18061428674736227, -0.3368465424002132, -0.5400987760284531, 0.42331133639480073, 0.022166125695971366, 0.7638556554626514, -0.13167014893911594, 0.138481465561107, 0.3530652117946592, -0.3147954306737207, -0.06813220715667467]], "inverted": false, "swapped": false, "error_lsq": 0.048354833183745144, "error_max": 0.3401752737941642, "target": "894.xyz", "model": "12.xyz", "model_rescale": 3.9764082729961374, "target_rescale": 3.9584724598618903},
{"mapping": [5, 3, 4, 6, 7, 0, 8, 13, 11, 1, 12, 15], "R": [[-0.21345618719243256, 0.36465542107982113, -0.906345894251399], [-0.1357629267506152, 0.907654017615892, 0.39715565213885307], [0.9674734538318747, 0.20782350247945702, -0.14423767866890677]], "T": [-0.01641817781768444, 0.045700004405733435, -0.032395194932663705], "aligned_model": [[-0.33740425060734797, -0.07889578146292074, -0.5628853030605271, 0.12957679343984613, -0.6669485917524958, -0.7022043442329413, 0.05097604683538451, 0.5363825649728682, 0.5482448055418365, 0.04916587250461267, 0.38715573504226714, -0.06275557507518599], [0.3048700507996188, -0.6568784451103896, -0.2630689034152026, -0.37615063077202227, -0.2260644084993836, 0.2833296741693364, -0.07252989996517742, -0.042908973230927405, -0.3226437828780423, 0.5569142874691448, 0.5243697569263008, -0.051313936001919164], [-0.7622052619788634, 0.4268689106012665, -0.3815358032427222, -0.6523841590819208, 0.23961212729806294, -0.05076385040246122, 0.6612419903770671, -0.2794586160198374, 0.38715607528634166, 0.33865906982692684, -0.15575199380923652, -0.03785557541856653]], "inverted": true, "swapped": false, "error_lsq": 0.04225011399476298, "error_max": 0.2591771298368368, "target": "894.xyz", "model": "13.xyz", "model_rescale": 4.170626492500431, "target_rescale": 3.9584724598618903},
{"mapping": [3, 12, 6, 11, 4, 2, 8, 9, 10, 0, 1, 13], "R": [[0.27008760993589775, -0.5786856321115437, 0.7695294810121168], [0.07836516841072555, -0.7833688422629543, -0.6165972407913916], [0.9596413826732741, 0.22683958243494892, -0.16622942128776436]], "T": [-0.08310246836111976, 0.005803080634679433, 0.021394099782544806], "aligned_model": [[-0.14362675725133123, -0.0570283972767435, -0.6119474021783146, 0.10938711638211673, -0.5962919526900955, -0.6347547811903368, 0.021858951585973993, 0.6334755781461812, 0.3888912632421849, -0.10513044789976941, 0.38190360815368785, -0.09632880687815806], [0.24227160468096376, -0.6568373962389149, -0.3345467662628972, -0.42515327481702253, -0.17474014871139573, 0.3602739152103206, -0.15050967579427382, -0.026655871892231568, -0.2522724323117063, 0.5560352967248379, 0.5908768622999373, -0.0708173233962808], [-0.6235036068497471, 0.3311260200167938, -0.5371524826282426, -0.5048036107714905, 0.47648071363145955, -0.03303310317487752, 0.7397990797939561, -0.3551278227246511, 0.19153301925565258, 0.250779546186279, -0.15825135300589993, -0.04426348629317477]], "inverted": false, "swapped": false, "error_lsq": 0.04266636067567723, "error_max": 0.2484801969065791, "target": "894.xyz", "model": "14.xyz", "model_rescale": 3.9786697098870705, "target_rescale": 3.9584724598618903},
{"mapping": [10, 8, 5, 7, 2, 4, 3, 6, 9, 0, 1, 11], "R": [[-0.4702982359980088, -0.7128834425407704, 0.520208387637475], [-0.68468332929093, -0.07716897161021852, -0.7247438778021578], [0.5568018568649435, -0.6970237780534043, -0.45180697761312794]], "T": [-0.024576810880004595, -0.021369596871579, -0.05657923880341795], "aligned_model": [[-0.18509317702307093, -0.21967828470110665, -0.6622888057299754, 0.10622771923754631, -0.6863803642857611, -0.5498136082885632, 0.039746410501662145, 0.7281505389631319, 0.4424994105151203, -0.024595668922231216, 0.2259577162725848, 0.07567608560605907], [0.29562290399193636, -0.4711690386543267, -0.4649287611662107, -0.3947453547135887, -0.04899151203810762, 0.2720498551599056, -0.30975673536984044, 0.017771866095303977, -0.21687969352888375, 0.436378269288799, 0.5603864968241322, -0.017813506397782508], [-0.8089562979256416, 0.12186964213103055, -0.2596513125227413, -0.5860664659839497, 0.5047588970550682, -0.17036000127533907, 0.8139634734413789, -0.2999414656975202, 0.3054012490153706, 0.4671310596906427, -0.3004324521197021, -0.0541334123725396]], "inverted": false, "swapped": false, "error_lsq": 0.04544655377215242, "error_max": 0.23892394761428531, "target": "894.xyz", "model": "15.xyz", "model_rescale": 3.769337070930944, "target_rescale": 3.9584724598618903},
{"mapping": [2, 0, 1, 3, 4, 5, 6, 9, 8, 7, 11], "R": [[-0.23982384141071472, 0.35727818523565524, 0.90268312460449], [0.2418817271869658, -0.8785058248018494, 0.41197177796819107], [0.9402009121161596, 0.31714320762699477, 0.12426757707464292]], "T": [0.0022544661759601858, -0.0017244167794638401, 0.0842128742060571], "aligned_model": [[-0.34889430066043936, -0.5188498495487169, -0.03604062403399426, -0.6345507379581098, 0.5063340575515137, 0.1980466017810907, 0.646358417142691, 0.4901295468616002, 0.09610003091635104, -0.4869419896186277, 0.010934978257812039], [-0.03331802255174474, -0.6090464144545923, 0.5812613996406772, 0.13977482041833292, 0.19656645631057623, -0.5151063107299185, 0.42466645757830523, -0.2940869643347534, 0.5662312701434076, 0.08952725129843361, 0.049594554306618056], [-0.5948497259343448, -0.18912660971498496, -0.18003141630588115, 0.040113947593127766, -0.5290505121897562, -0.4311277471549359, 0.0639023219575174, 0.36735567483806975, 0.5378646837439869, 0.6333124895953622, 0.025854500795615867]], "inverted": false, "swapped": true, "error_lsq": 0.05152710014986628, "error_max": 0.3265106168781355, "target": "894.xyz", "model": "16.xyz", "model_rescale": 3.7852294659196426, "target_rescale": 3.9584724598618903},
{"mapping": [9, 2, 8, 11, 3, 0, 1, 6, 7, 4, 10, 12], "R": [[-0.43432449366885667, 0.6286933291084812, 0.6450635101552297], [-0.5532037380718263, 0.3789878490738749, -0.7418448856989687], [-0.7108641631019595, -0.679052949473642, 0.18319179410797298]], "T": [-0.07809333535494287, -0.03664988035199457, 0.051769664336557095], "aligned_model": [[-0.3437766723424832, -0.11431847742284304, -0.5039440304411814, 0.1622463636240995, -0.7446959891499869, -0.5836002619826601, -0.04384282965166747, 0.770993434721791, 0.5062394515624076, -0.049689263867566835, 0.2932118735126107, -0.05841562641712399], [0.2168498875911979, -0.6258234978995576, -0.2809897072967452, -0.4767834328906657, -0.1828777932143632, 0.41958234450731824, -0.18323541156545253, 0.09412906282286032, -0.4130928816002678, 0.586361910897339, 0.5143375304446433, -0.010533222304969617], [-0.730797915883678, 0.21192336706723808, -0.3761966260598316, -0.48344184474898705, 0.46012449853823045, 0.00635975495498621, 0.7237769106851419, -0.17036038947136845, 0.14272496171398386, 0.38768066709894206, -0.40408161655511626, -0.03412885390348387]], "inverted": false, "swapped": false, "error_lsq": 0.04179103840663597, "error_max": 0.26694646624418217, "target": "894.xyz", "model": "17.xyz", "model_rescale": 3.901054581598922, "target_rescale": 3.9584724598618903},
{"mapping": [0, 6, 1, 7, 4, 8, 10, 12, 11, 5, 13, 14], "R": [[0.5703263901283363, 0.7285834936124824, 0.37933349648905357], [-0.7618296858595306, 0.641854442041351, -0.08739796894067375], [-0.3071536072820076, -0.23914215033577013, 0.9211230609785178]], "T": [-0.06208665668819142, 0.07423859222903172, -0.0358526735770302], "aligned_model": [[-0.3011253595523028, -0.0393402103999273, -0.5254097873647343, 0.10346823764217206, -0.6822925695976256, -0.6387534666652432, -0.06376272653188658, 0.6255405117103704, 0.49243325744921945, -0.05867301237779011, 0.38624152472995316, -0.007918426896809168], [0.07507476171193771, -0.6744981153732914, -0.3471166317125422, -0.3947723398766858, -0.17012033468355442, 0.3878072954068994, -0.08828513022288752, -0.05173645713544554, -0.41571250317672487, 0.6290308027426289, 0.6383164769360755, 0.06993696487492779], [-0.7558278938819545, 0.015154062647011635, -0.3415927613526922, -0.47436988683761866, 0.3898318461557326, 0.06186278476050219, 0.7679115820098374, -0.2873964437145642, 0.2627885457186549, 0.25099222733909005, -0.12706769444149604, -0.02870345496644598]], "inverted": false, "swapped": false, "error_lsq": 0.042259325303351754, "error_max": 0.22197589376833696, "target": "894.xyz", "model": "18.xyz", "model_rescale": 3.9405287249114394, "target_rescale": 3.9584724598618903},
{"mapping": [3, 11, 14, 10, 13, 12, 7, 2, 5, 0, 1, 15], "R": [[0.4440382686542944, -0.08734502244140296, -0.8917403562838273], [-0.7051397755981933, -0.6481057820429821, -0.2876400392014018], [-0.552818155309525, 0.756524779724475, -0.34937421888715336]], "T": [-0.10245041294005733, 0.057269540545945186, 0.12585501343065245], "aligned_model": [[-0.24054053986489476, -0.08741377289265637, -0.5861330949714816, 0.056957900367952896, -0.6056701120264077, -0.5274971868018619, -0.19202506456139937, 0.6210791695930538, 0.6173889720845744, 0.14647675959941434, 0.16368866310751237, -0.07590372148841035], [0.26182863366037334, -0.6591189939114872, -0.32071820913009325, -0.3823935367619949, -0.35722477101687045, 0.34078111079926576, -0.009278469294528122, -0.13053459478342355, -0.31622121683526444, 0.6593319692827695, 0.5301554573472879, 0.04131741013530251], [-0.6893230586149897, 0.049864428133307714, -0.3462840405290025, -0.5059593620364888, 0.28801001799565895, -0.07187078602799479, 0.8209616909374435, -0.3174956750380773, 0.30915410420045925, 0.34546911277532466, -0.2497356225960435, 0.10079210423645987]], "inverted": false, "swapped": false, "error_lsq": 0.039171284683251394, "error_max": 0.24518006535737502, "target": "894.xyz", "model": "19.xyz", "model_rescale": 4.410303926677745, "target_rescale": 3.9584724598618903},
{"mapping": [2, 8, 1, 7, 5, 0, 10, 12, 9, 6, 4, 13], "R": [[0.4513502049783846, 0.6406059510194609, 0.6212141401999977], [-0.44037719352691973, 0.7653834189147496, -0.46931455280198053], [-0.7761126979294465, -0.061743320034000654, 0.6275642138808226]], "T": [-0.09353780038468341, 0.08241223278942167, 0.005140485412987932], "aligned_model": [[-0.1400259492594395, -0.016906802128449902, -0.5723460291367087, 0.02181551339658115, -0.5084271766244348, -0.6701268939910212, -0.0015428446893142184, 0.5759715045329679, 0.4014973669293506, -0.040406912482458104, 0.32472604572437924, -0.08381985012605646], [0.3221465386330533, -0.670515978926642, -0.3169183442339928, -0.36627316103479496, -0.4020725633989201, 0.43758972465463547, -0.13197074648873003, -0.15830188318113542, -0.2874491341294891, 0.6298407043099303, 0.5870332660667121, 0.014816367220709975], [-0.6104690031184694, 0.140360230700369, -0.41246897509514013, -0.5354408639972572, 0.5457068649762306, -0.22842607668291906, 0.7929925523200072, -0.2488062457921333, 0.3084546446140636, 0.18954493356427152, -0.25080162293586555, 0.042936474882899936]], "inverted": false, "swapped": false, "error_lsq": 0.044904725667647465, "error_max": 0.26970063301653047, "target": "894.xyz", "model": "20.xyz", "model_rescale": 4.121658175737393, "target_rescale": 3.9584724598618903},
{"mapping": [10, 3, 2, 4, 1, 6, 5, 11, 7, 8, 9, 12], "R": [[-0.3874348337607195, 0.5485668749003576, 0.7409241751696722], [0.7991752615786742, -0.2008033121452582, 0.5665659106513131], [0.4595793194536297, 0.8116356409088684, -0.3606028778822891]], "T": [-0.09135479423929725, -0.004547534484604189, 0.02626921978266853], "aligned_model": [[-0.1372680992380616, 0.054912564900890484, -0.6255591302230159, -0.06251479638685134, -0.6570836407154081, -0.5986300498988228, -0.0063971150369712265, 0.6412678252740196, 0.5142599033199752, -0.1674933410806355, 0.38259649523795697, -0.04768264400767984], [0.33927550662957334, -0.6753768412061479, -0.40679406911784455, -0.3221734568534168, -0.27684888865878937, 0.3747480199161515, 0.036077695071639417, -0.2018431397404745, -0.23550362732229735, 0.575318687907368, 0.5191785358065479, -0.068133632940973], [-0.6725517347472327, 0.1322626339253786, -0.33294532196204085, -0.4506098318542737, 0.323216539644553, -0.12012463076951801, 0.7008322735106365, -0.4197213010416469, 0.24238997533039827, 0.3604266504650403, -0.12782183667706506, 0.09822949761182781]], "inverted": true, "swapped": false, "error_lsq": 0.05117417622686395, "error_max": 0.25197639285227696, "target": "894.xyz", "model": "21.xyz", "model_rescale": 4.08911054899281, "target_rescale": 3.9584724598618903},
{"mapping": [1, 13, 2, 0, 14, 15, 12, 6, 7, 5, 8, 16], "R": [[-0.07272622709694754, 0.246676246111985, -0.9663652133103422], [-0.6386211170587506, 0.7327288835967256, 0.23509881324611157], [0.7660769966125318, 0.6342390816933279, 0.10424405265494684]], "T": [-0.10088931420706529, 0.01126038792026612, 0.029334392577561673], "aligned_model": [[-0.23209048136472007, -0.056571994413513266, -0.637045288065148, 0.2850377945260315, -0.5801181398007471, -0.7645489518581324, -0.07764824989564079, 0.6090359810044075, 0.45742847019681576, 0.16218397878610877, 0.2116051782511211, -0.08686032522118678], [0.2280702287341046, -0.6124858701489788, -0.20121411216493282, -0.41973880653576895, -0.09954825756453312, 0.29484075210975613, -0.2848372527668938, 0.06177239152994121, -0.3771891329048372, 0.5987372523498821, 0.5018090424707224, -0.03229144561712455], [-0.7228478512495488, 0.243125287470607, -0.40499864540491615, -0.4858154490243123, 0.4415039726692859, -0.07384060581441329, 0.7051713153209516, -0.1920673717821844, 0.23714298094320868, 0.31811186784501067, -0.34811921750202246, 0.016216629964390966]], "inverted": false, "swapped": false, "error_lsq": 0.03806713640089776, "error_max": 0.2077223865955829, "target": "894.xyz", "model": "22.xyz", "model_rescale": 4.204369325754507, "target_rescale": 3.9584724598618903},
{"mapping": [3, 11, 14, 10, 13, 12, 7, 2, 5, 0, 1, 15], "R": [[0.4440382686542944, -0.08734502244140296, -0.8917403562838273], [-0.7051397755981933, -0.6481057820429821, -0.2876400392014018], [-0.552818155309525, 0.756524779724475, -0.34937421888715336]], "T": [-0.10245041294005733, 0.057269540545945186, 0.12585501343065245], "aligned_model": [[-0.24054053986489476, -0.08741377289265637, -0.5861330949714816, 0.056957900367952896, -0.6056701120264077, -0.5274971868018619, -0.19202506456139937, 0.6210791695930538, 0.6173889720845744, 0.14647675959941434, 0.16368866310751237, -0.07590372148841035], [0.26182863366037334, -0.6591189939114872, -0.32071820913009325, -0.3823935367619949, -0.35722477101687045, 0.34078111079926576, -0.009278469294528122, -0.13053459478342355, -0.31622121683526444, 0.6593319692827695, 0.5301554573472879, 0.04131741013530251], [-0.6893230586149897, 0.049864428133307714, -0.3462840405290025, -0.5059593620364888, 0.28801001799565895, -0.07187078602799479, 0.8209616909374435, -0.3174956750380773, 0.30915410420045925, 0.34546911277532466, -0.2497356225960435, 0.10079210423645987]], "inverted": false, "swapped": false, "error_lsq": 0.039171284683251394, "error_max": 0.24518006535737502, "target": "894.xyz", "model": "23.xyz", "model_rescale": 4.410303926677745, "target_rescale": 3.9584724598618903},
{"mapping": [12, 11, 7, 13, 1, 0, 10, 15, 9, 4, 5, 16], "R": [[-0.17291326634832616, -0.10462767230902381, 0.9793641061974592], [-0.8476221883950753, -0.49061747252150867, -0.20206712101910607], [0.5016349549832988, -0.8650708328476935, -0.003850466868003277]], "T": [0.010776892199284432, -0.0540450390679333, -0.01484985795853134], "aligned_model": [[-0.25110475736460536, -0.04918026596889386, -0.5443038347402666, -0.03618666814273794, -0.7167234399363763, -0.5890367489394022, 0.041710843220605365, 0.7120226580983746, 0.4784723803141586, 0.11136616453262842, 0.2090707260390998, -0.07569908496718837], [0.294106511786291, -0.6486357049621173, -0.33801055475633657, -0.3610634090674061, -0.2506051991262618, 0.3589716892961978, -0.10992275286941218, 0.009660614600882814, -0.3110397433278134, 0.5267924953367208, 0.48811656382246243, -0.000445721241870603], [-0.690412093465514, 0.19392889054492526, -0.24545746659791784, -0.6455009249615173, 0.3955678801945416, -0.21491631961942, 0.6329963568564858, -0.13108305603023673, 0.31322732199726866, 0.34066938189962437, -0.26453442944895594, 0.04909737206677347]], "inverted": false, "swapped": false, "error_lsq": 0.04004021902293096, "error_max": 0.230767130140811, "target": "894.xyz", "model": "24.xyz", "model_rescale": 4.28219845311461, "target_rescale": 3.9584724598618903},
{"mapping": [2, 11, 14, 13, 10, 6, 5, 7, 9, 1, 4, 15], "R": [[-0.6714407108787747, 0.7202158739273077, 0.1745178120357062], [0.20523000061792418, -0.04556687738817139, 0.9776524466964005], [0.7120730430377016, 0.6922519444741313, -0.11721444770510037]], "T": [0.004987220523246044, -0.011824629739635231, -0.024411750415048408], "aligned_model": [[-0.29548144251341735, -0.16625638166165127, -0.5878011160234211, 0.19254377917183266, -0.6929340078345056, -0.8131562372126707, 0.011876484211055669, 0.7330338249026875, 0.4930344673613002, 0.06530216373238215, 0.3656100722922132, -0.015363634280409016], [0.15799851660254555, -0.47531090222364736, -0.38534225263438543, -0.2617538283482241, -0.2602356381157402, 0.3645994476039785, -0.0826465112965668, -0.07106890360215225, -0.39243633693003915, 0.4647369949517812, 0.5440220118929741, 0.05536219159081279], [-0.6157312122014178, 0.2043527030697776, -0.32312766618774263, -0.5296586107989326, 0.26002233466100527, -0.058224936022865166, 0.8242445286831017, -0.2927105830928907, 0.24728347788731087, 0.3988240282519109, -0.3336596166865538, -0.04803153412664558]], "inverted": true, "swapped": false, "error_lsq": 0.04191467880255876, "error_max": 0.2172805010945385, "target": "894.xyz", "model": "25.xyz", "model_rescale": 4.100010024507729, "target_rescale": 3.9584724598618903},
{"mapping": [4, 8, 9, 10, 7, 5, 3, 0, 1, 2, 6, 11], "R": [[0.5237792843629158, 0.8070658714884655, -0.27258015399297847], [-0.04603441682962006, -0.29270004749047257, -0.9550955526366104], [-0.8506092485621286, 0.512807333486602, -0.11615741467049054]], "T": [-0.009833982419327265, -0.00967466384754992, 0.01920920276499772], "aligned_model": [[-0.21847822986094517, 0.0493234130027392, -0.6214386052012363, 0.005411311661681732, -0.6210804102114215, -0.5562687943852157, -0.11913196884111049, 0.5959204105641964, 0.6309214112955925, 0.08529012156715704, 0.15153251649602695, -0.09159320394206916], [0.30705303342532586, -0.5858278953920799, -0.3983022399067141, -0.5046939375039906, -0.12346821706962224, 0.4554216465259585, -0.2694231433072044, -0.14751884454458655, -0.11787622138521182, 0.4756238689634429, 0.5811233240342698, -0.014186584348250507], [-0.7694546825638466, 0.2226930726478133, -0.37349844250955455, -0.3927687848162879, 0.2875095539609134, -0.20278311392700737, 0.779903822197978, -0.41426521766021923, 0.2964663075069029, 0.569839773362875, -0.19386526470018375, -0.07619411006332594]], "inverted": true, "swapped": false, "error_lsq": 0.04769409564837273, "error_max": 0.23595881584386974, "target": "894.xyz", "model": "26.xyz", "model_rescale": 3.6694154284099745, "target_rescale": 3.9584724598618903},
{"mapping": [1, 8, 5, 7, 4, 0, 10, 3, 9, 2, 6, 13], "R": [[-0.9189132153681272, 0.0843582108039107, -0.3853338745708367], [0.1187844852741525, 0.9906986080254505, -0.06638157963313278], [0.37614990187419284, -0.10677059673148909, -0.9203864900103855]], "T": [0.006899511100637204, -0.037295543750309135, 0.0565812080076462], "aligned_model": [[-0.2295036956167965, -0.17277469270011292, -0.5280593690562411, 0.18539675340896278, -0.6649100602673419, -0.5631316876544252, -0.02722660520972732, 0.6669259578682195, 0.5642800269889917, -0.12772683923360612, 0.19362484133952956, -0.006486657722056326], [0.3132968576913346, -0.6239594682585097, -0.2666472366135386, -0.4180130414705115, -0.10823916637364356, 0.27327506586336503, -0.18023131435113232, -0.06724470643118041, -0.36925179040689166, 0.5603333638237835, 0.5318929684125082, 0.012713257605753293], [-0.7185608084002151, 0.23518639438041777, -0.47932484462025615, -0.4117364685073819, 0.5247366013508997, -0.068093055668539, 0.6399297261003531, -0.40849873948054344, 0.26633236124418735, 0.35127610248456337, -0.2786031002071725, 0.08093874475974383]], "inverted": true, "swapped": false, "error_lsq": 0.033885802434181565, "error_max": 0.2099799921017559, "target": "894.xyz", "model": "27.xyz", "model_rescale": 4.103607728864725, "target_rescale": 3.9584724598618903},
{"mapping": [6, 0, 9, 5, 3, 10, 2, 7, 1, 13, 11, 14], "R": [[0.6220250022971183, 0.7809123506220201, 0.05710339012056387], [0.5235532961098264, -0.46903948005543217, 0.7112621965786363], [0.5822171782503559, -0.4125262013440131, -0.7006035187999503]], "T": [-0.10348436139451128, 0.13525035244555372, 0.025571919876197245], "aligned_model": [[-0.1081817681048688, -0.153248620978188, -0.5389559845356395, 0.12193641895225119, -0.5735054190742815, -0.568567607726554, -0.02151910573977661, 0.5191865455537281, 0.4428678650092865, 0.09685356073120213, 0.1192316804290646, -0.04568959237082793], [0.16723177792694904, -0.5620846103046278, -0.3210525108299378, -0.36270457069816736, -0.24306602914196945, 0.2710832353929807, -0.10399159650977907, -0.003986919072118067, -0.5322941678698203, 0.6604825264013385, 0.677293606565033, 0.011014047631455512], [-0.6070593990183426, 0.17027578705305732, -0.4962288931342951, -0.4606037445565841, 0.47221246139355955, -0.1326123972895424, 0.7164884799307303, -0.31054587111968956, 0.26794434028619274, 0.3478581487997008, -0.33310329370468633, 0.09895729479595644]], "inverted": false, "swapped": false, "error_lsq": 0.04155483635797095, "error_max": 0.25611735455931717, "target": "894.xyz", "model": "28.xyz", "model_rescale": 4.137296879288765, "target_rescale": 3.9584724598618903},
{"mapping": [2, 4, 6, 9, 7, 1, 3, 5, 10, 0, 11], "R": [[0.13192866991317678, 0.9086272577661269, 0.39622131757308204], [-0.8912282176272056, -0.0662558401289213, 0.44868967867987064], [0.433943648599648, -0.4123186511585668, 0.8010532065642118]], "T": [-0.01967649968344344, 0.06796318501398896, -0.11295507013586471], "aligned_model": [[0.5030944240715239, 0.054914307623949846, -0.1722414591443902, -0.6440902605496868, 0.10027731196432384, 0.47876740605469786, 0.5003502529385612, -0.21888605904261282, -0.49256395452580215, 0.07924254498657778, 0.03255449633275585], [-0.26761856670243284, -0.7300253942851045, -0.3433682227665334, 0.01308502437391175, 0.7976021892777239, -0.1375072693150054, 0.40761157272705356, -0.44835792378546097, 0.43799741189178726, 0.17521461929049714, 0.014514375941516056], [0.3337272291297074, -0.27775168617897955, -0.7490541206281208, -0.21670304285058478, -0.1618266716838579, -0.46008557352003665, 0.09124768878167226, 0.39812178268936416, 0.2640503294142986, 0.7200013168643291, -0.13597323023479296]], "inverted": true, "swapped": true, "error_lsq": 0.0457883258538451, "error_max": 0.2574174622746702, "target": "894.xyz", "model": "29.xyz", "model_rescale": 3.607286011436655, "target_rescale": 3.9584724598618903},
