[{"mapping": [5, 3, 4, 1, 2, 6, 8, 9, 0, 11, 7, 12], "R": [[0.2550020237159414, -0.5812184389642322, -0.7727606965346747], [-0.23776465466513286, 0.7369533738822407, -0.6327461526675233], [0.9372523336288605, 0.3450867295790489, 0.04973140029892386]], "T": [-0.16709673340192066, -0.06160990039805826, 0.023465602217763004], "aligned_model": [[-0.47077387778541885, 0.15077592357514963, 0.3823882750829415, -0.022444141073018398, 0.16951567066408502, -0.404776361628959, 0.5767394913171284, -0.2443011672691894, 0.3951506040769549, -5.729570727586175e-05, -0.6205294687371845, -0.07404519005466484], [-0.06335859726295008, -0.6321245974743205, -0.42503526859968305, 0.6634078696349474, 0.3846916419827758, -0.6898809929673374, -0.1952458720082617, -0.5020983405921866, 0.14968227999513334, 0.37687893484767376, 0.06516675665690926, -0.07852877823564322], [-0.5187576674982683, 0.060400970195005135, -0.5372884780508804, -0.06715042734602086, -0.6808695038244605, -0.050161942789400754, 0.5131565210084772, 0.6058123954486125, -0.13866664858795447, 0.508575083943914, 0.4127030431183048, 0.07419839973623454]], "inverted": false, "swapped": true, "error_lsq": 0.05691611215500039, "error_max": 0.3382047307495669, "target": "895.xyz", "model": "0.xyz", "model_rescale": 3.751011558992144, "target_rescale": 3.835291831055574},
{"mapping": [7, 6, 1, 3, 0, 8, 2, 9, 12, 13, 10, 11, 14], "R": [[-0.44850339955429686, -0.8384637986988582, -0.3095531599898783], [0.061906911857669944, 0.31636683579362496, -0.946614789380652], [0.8916345859445366, -0.44372343129635367, -0.0899848968777795]], "T": [-0.08479054315674868, 0.033002692829197114, -0.038019000498471275], "aligned_model": [[0.021967455866276506, -0.19197741934631857, -0.595897092179879, 0.31334944963750117, -0.28163296431121987, -0.604355859702875, -0.10516941830362321, 0.3755289561830731, 0.5839301939268473, 0.4568336310958205, -0.15668500096615257, 0.36203424605300316, -0.03259186584443201], [-0.2635140451663498, 0.263100432442664, -0.2052002803947388, -0.6184887448257328, -0.6854360484473685, -0.0011599359077267835, -0.5174595656683437, 0.4297957830213857, -0.11594400711589746, -0.1479559352039082, 0.8485644150607454, 0.4903162886015546, 0.0459923651205494], [-0.621420729610002, -0.7446247951730095, -0.4475492051583712, -0.016821304565134858, -0.18155768784956483, 0.3734455165379063, 0.5786771202981839, 0.2166392478218283, -0.3254256121952951, 0.4107564746627471, 0.008284479887600046, -0.5154526312746174, -0.04852513889349544]], "inverted": true, "swapped": false, "error_lsq": 0.05049702734432335, "error_max": 0.29916780277416943, "target": "895.xyz", "model": "1.xyz", "model_rescale": 3.9405287249114394, "target_rescale": 3.835291831055574},
{"mapping": [6, 11, 5, 1, 0, 2, 1, 8, 7, 4, 9, 3, 12], "R": [[0.9761277344941603, -0.17128513278171437, 0.13355167254380754], [-0.18881875877838405, -0.9730939596120538, 0.13204401576718575], [0.10734114907475291, -0.15410888700683315, -0.9822058484151002]], "T": [0.04743774343643811, 0.024927579272906952, -0.14944569784469228], "aligned_model": [[0.10728000857050263, -0.3356129156487522, -0.6782189017718473, 0.11716990381098155, -0.42241447404092436, -0.4434450779964684, 0.11716990381098155, 0.17784033351650722, 0.7328447561802564, 0.5185269710541269, -0.2988529973369556, 0.5418889875196795, 0.011157814439933987], [-0.22621947843736462, 0.26617352806056144, 0.04107414968565282, -0.6301898830232626, -0.6187982750821832, -0.1445966730938416, -0.6301898830232626, 0.6896695414287835, -0.32654802975571146, 0.07987757267722137, 0.752951926968036, 0.2546368870109058, 0.014769338101298435], [-0.6276713267025793, -0.6996155568929031, -0.18463094909733482, 0.29008230895623, -0.40980296477283695, 0.2915364004350166, 0.29008230895623, 0.2271217706909298, -0.33810405651373787, 0.3670338852273255, -0.12836539642950734, -0.32135055447170924, -0.06989013489634771]], "inverted": false, "swapped": false, "error_lsq": 0.06753109316358154, "error_max": 0.4208896308176678, "target": "895.xyz", "model": "2.xyz", "model_rescale": 3.932901565614263, "target_rescale": 3.835291831055574},
{"mapping": [6, 10, 12, 4, 5, 9, 7, 3, 2, 0, 11, 1, 13], "R": [[0.03945025325797735, -0.10905920518712114, 0.993252116676242], [-0.47769495165289094, -0.8751345909702305, -0.07711667039434367], [0.8776395676376629, -0.47142924967732014, -0.08662131299775655]], "T": [0.010596241662085823, 0.06416866258818733, 0.013841137212984453], "aligned_model": [[-0.014118746611118393, -0.21511530721257677, -0.5673783492555263, 0.4264011748760967, -0.3429968294687895, -0.6622103766313636, -0.12675705699505946, 0.21491679115381973, 0.6189154756641888, 0.6560776358122037, -0.3254663559585698, 0.5443856906757804, -0.06131943394106362], [-0.27760872823620536, 0.3429684432291417, -0.11227821106455703, -0.7025140003853293, -0.5420997320356181, -0.14458910907598033, -0.3617481603462937, 0.36262381290005263, -0.31542334029817876, -0.02037232234047985, 0.8870872953527474, 0.3838312990410416, 0.02273347477649227], [-0.5771492562433596, -0.6062156499608913, -0.45300110936644256, 0.06414378474275562, -0.14175532606037028, 0.22251405481176895, 0.5701427448293397, 0.37420638857462285, -0.4104906599294305, 0.17245047116378937, -0.07319651381685922, -0.3882201067409937, -0.06700308751515437]], "inverted": true, "swapped": false, "error_lsq": 0.044478602318838725, "error_max": 0.2557222232755898, "target": "895.xyz", "model": "3.xyz", "model_rescale": 3.9243930471874484, "target_rescale": 3.835291831055574},
{"mapping": [8, 9, 11, 4, 10, 6, 3, 0, 7, 2, 5, 1, 12], "R": [[-0.507905165376276, -0.22299389462491007, 0.8320493170143897], [0.7832815166814312, 0.28240330307782924, 0.5538216680809526], [-0.3584723261415512, 0.9330177369004014, 0.031232899639947354]], "T": [-0.06232220157715403, -0.09063919903950239, -0.17419836242485665], "aligned_model": [[0.10681184762437974, -0.20389100023355844, -0.7864068783164908, 0.3215677604631129, -0.44461681067620323, -0.5970891607300437, -0.048207166640515456, 0.31732835103096185, 0.7290041349902001, 0.6804902418711676, -0.2229622088897396, 0.34881827258568193, -0.055513070970931076], [-0.45625741509090656, 0.09252956848407297, 0.05350588220165105, -0.5228415074628104, -0.6827542936889837, 0.051234710791643226, -0.271610595033064, 0.4172153312770996, -0.13458403569297317, -0.10256176677847355, 0.5931858634117699, 0.46871378085118626, 0.016835198246621733], [-0.6579889807798527, -0.840602796404517, -0.45890462834253776, -0.03930236145239488, -0.19364742566588186, 0.28992727557018694, 0.4738783999926466, 0.3926098831942838, -0.2958134901786307, 0.3728866552373177, 0.10899975160313102, -0.34226993757975904, -0.12334661070521696]], "inverted": true, "swapped": false, "error_lsq": 0.06031335790399207, "error_max": 0.4211330433632171, "target": "895.xyz", "model": "4.xyz", "model_rescale": 3.8936222436046832, "target_rescale": 3.835291831055574},
{"mapping": [8, 11, 9, 3, 7, 10, 1, 5, 4, 0, 6, 12], "R": [[-0.26599582200973454, -0.9508070781580874, -0.15878325729700304], [-0.3367629289239295, -0.06268301008609756, 0.939500702473991], [-0.9032369303654173, 0.30337557642471286, -0.303523157688225]], "T": [-0.10159854112501396, 0.05128873426672795, 0.021104179090228208], "aligned_model": [[0.13541936649403438, -0.5195256430941945, -0.2528186726552021, 0.3762486521429538, -0.6729612418159571, -0.7668204192577883, -0.35000840459103144, 0.032227172227442175, 0.7555838176491448, 0.22140291237157614, 0.13447969858402692, -0.06567919583990779], [-0.5928804755649665, -0.46499841576386236, 0.18889512330172786, 0.11388716004952865, 0.218745211572531, 0.08211022991964756, -0.44099220856212973, 0.4452937352564904, -0.008156375400417498, -0.456049300637554, 0.6091918569307434, -0.026123635991931418], [-0.561833758113453, -0.09843810545398368, -0.6841016998248698, -0.421205400295903, -0.11557919266338995, 0.516007155105827, 0.521842051839368, 0.4827097226270762, 0.12190891153398781, 0.18026290529546457, -0.27830917611247763, -0.04397869466212797]], "inverted": false, "swapped": true, "error_lsq": 0.041597994599252695, "error_max": 0.2343215244997126, "target": "895.xyz", "model": "5.xyz", "model_rescale": 3.6523030999806103, "target_rescale": 3.835291831055574},
{"mapping": [7, 9, 11, 0, 3, 4, 2, 6, 5, 1, 10, 8, 12], "R": [[0.8085591158601155, 0.3551122667241892, -0.4691774016100061], [0.5797168090699183, -0.617350501177169, 0.5317958066571138], [-0.10079968968851283, -0.7019783733978611, -0.7050289255345437]], "T": [0.04007975398006522, 0.03951406460278284, -0.10315351060956664], "aligned_model": [[-0.13440111334214108, -0.1467056463259674, -0.7320887794474606, 0.41563999893775183, -0.14754596628309874, -0.4668607235564468, -0.1330413377255631, 0.27237469911783974, 0.5722540182082756, 0.46577353748406813, -0.4115876662107254, 0.5317945087198676, 0.05972878253162173], [-0.36035326338713836, 0.49036903361395223, -0.0696112829468542, -0.8786712737046124, -0.6265075968648545, -0.04425253849776689, -0.07432593922646272, 0.5248148398985811, -0.22640328253677328, -0.23331744182090958, 0.6507720924326121, 0.42515859026698544, -0.0550612157099256], [-0.6289677426743475, -0.636542567800558, -0.5110951947355378, -0.04789125022009562, -0.041085495500361016, 0.1520446680025967, 0.627107521723343, 0.2617391832510326, -0.4347889233298734, 0.37300049576029315, 0.07300893322786643, -0.3545456394897271, -0.1455582537258564]], "inverted": true, "swapped": false, "error_lsq": 0.05668682571715559, "error_max": 0.3690168330802062, "target": "895.xyz", "model": "6.xyz", "model_rescale": 4.08911054899281, "target_rescale": 3.835291831055574},
{"mapping": [11, 13, 12, 8, 10, 5, 4, 6, 9, 3, 2, 1, 14], "R": [[0.3454817464500963, 0.9250650369887823, 0.15778795965071188], [-0.864795274447308, 0.24855503288049396, 0.4362906473022109], [0.3643782322853506, -0.2871847366604289, 0.885863099392837]], "T": [-0.026149967840715046, 0.008328719494732004, -0.07856572752069438], "aligned_model": [[-0.03119456298538331, -0.36969472814986254, -0.6295718076188889, 0.26911105508812755, -0.3109868282257815, -0.6388357186177455, -0.04579164960686845, 0.09653043727874162, 0.6779839329553932, 0.5646871395244819, 0.05122466697852113, 0.4099599671149768, 0.10191240837231], [-0.23721173258157785, 0.4080211745316453, -0.11946586574350022, -0.5895722554817966, -0.6380736046663221, -0.20955104777397282, -0.3171615787178321, 0.3166050237899971, -0.22327919593212958, -0.0351494699291867, 0.8108472115491415, 0.38786928207817783, -0.03126721960580999], [-0.6116843835543625, -0.5866183442862405, -0.43571071946893547, 0.06455773577625765, -0.2210679969312164, 0.3184806266913168, 0.5463500746552052, 0.29433936075681166, -0.3337333805825017, 0.4462891056194017, -0.08937216488743285, -0.5299005753246048, -0.1755036039749232]], "inverted": true, "swapped": false, "error_lsq": 0.04736877670981175, "error_max": 0.3411052811094975, "target": "895.xyz", "model": "7.xyz", "model_rescale": 3.964800864290218, "target_rescale": 3.835291831055574},
{"mapping": [12, 9, 11, 2, 4, 6, 0, 5, 7, 1, 10, 8, 13], "R": [[0.5887993512969903, -0.7733788619237354, -0.23494778109569633], [-0.46320388112877353, -0.5610665072653606, 0.6860368349675476], [-0.6623877175940723, -0.2951093193286125, -0.6885876859383405]], "T": [-0.014433066990865166, -0.06890407212665674, 0.006740023178564106], "aligned_model": [[0.053803493134630745, -0.0951754493165812, -0.6952656049777755, 0.1680859384890606, -0.40297468473754344, -0.5426657415713187, 0.06899724296303412, 0.19947947530718496, 0.5756197229585375, 0.6937796354575656, -0.3287121161001405, 0.4393997673800147, 0.01096263312135256], [-0.24183731270576986, 0.31324759211559394, -0.04982655898141421, -0.7011983244805579, -0.615733749830591, -0.22406184113183392, -0.3738923847028618, 0.7011443838705622, -0.2855066230686883, -0.12655510218748472, 0.6850800161018045, 0.4438654787355565, -0.0021148522174818246], [-0.7254572203655616, -0.5600910804156725, -0.46573900091052267, 0.08089876395085589, -0.2056419672887247, 0.1895025231654468, 0.649531501883485, 0.2523769964384232, -0.32758647137435565, 0.2480510631166713, -0.08197686921796553, -0.3427749658601585, -0.024667538633145594]], "inverted": false, "swapped": false, "error_lsq": 0.04379607307979713, "error_max": 0.21724762551889398, "target": "895.xyz", "model": "8.xyz", "model_rescale": 4.121658175737393, "target_rescale": 3.835291831055574},
{"mapping": [5, 4, 9, 11, 7, 6, 8, 2, 10, 3, 1, 0, 12], "R": [[0.13192766316018126, -0.9585954615623377, 0.25236844645316225], [0.4089086020965512, 0.2845512110205862, 0.8670780607524113], [-0.9029888409191656, -0.011195953680086412, 0.42951810648289934]], "T": [0.010087143747265456, -0.09638262425773847, -0.08364506421569214], "aligned_model": [[0.10021590528539537, -0.3433172909023699, -0.7316536336299535, 0.3050537805605364, -0.24694842344854975, -0.6135910126064448, -0.23334336048880078, 0.24178396888281842, 0.65957291907584, 0.7335747000673646, -0.11407868661717414, 0.3972352895449868, -0.00916984361562676], [-0.20134748965847893, 0.4848387242158172, -0.19421634092773354, -0.5989634054198578, -0.7159995595553375, 0.05221329224584209, -0.29085395855325624, 0.313479105899269, -0.31985182017239755, -0.06209125015438505, 0.5784589980932502, 0.4876457495060804, -0.010701324001978707], [-0.685788809222467, -0.6540966111215427, -0.44893809740045065, 0.16822656206850423, -0.15588411876336555, 0.1792748113731853, 0.574743747560446, 0.426919715448647, -0.40723520114582323, 0.22952238138186248, -0.019587691290122014, -0.4412082264212714, -0.07952272797882684]], "inverted": true, "swapped": false, "error_lsq": 0.04593926786764817, "error_max": 0.26191353423786745, "target": "895.xyz", "model": "9.xyz", "model_rescale": 3.833441315466971, "target_rescale": 3.835291831055574},
{"mapping": [12, 0, 10, 7, 11, 8, 9, 2, 6, 3, 13, 5, 14], "R": [[-0.681923883679158, 0.1681574623947834, -0.7118306573258004], [-0.5779095851891292, -0.7204097941483284, 0.3834452240433981], [-0.44833060147001214, 0.6728542162579574, 0.5884444540051568]], "T": [0.0908871253105014, -0.06633954257676222, -0.2323075918520467], "aligned_model": [[0.015946236277096335, -0.18760339929028463, -0.7164656971572985, 0.1718566535160802, -0.2683205436778991, -0.5271289232762576, -0.03840135919319278, 0.1333211252028167, 0.6167432989198203, 0.6168342962670089, -0.16163134069631685, 0.38106137377697136, 0.10912259143947721], [-0.3769676706313252, 0.4037255370104272, -0.07621799166081886, -0.6083846787739204, -0.6449699725126021, -0.16393023989344746, -0.11086215152724757, 0.3810982746680718, -0.29039618429275493, -0.1379332953610058, 0.6774971669014528, 0.5444138739652308, -0.07446194637522643], [-0.7431050923578475, -0.6388845345872864, -0.3867031222823053, 0.14656571495246568, -0.1936584374530788, 0.23254892564899032, 0.5671999763420854, 0.32862824251758255, -0.5990547445674188, 0.4551338657810719, -0.09582347053077489, -0.24694901173581402, -0.13947257723889445]], "inverted": false, "swapped": false, "error_lsq": 0.04588055940525547, "error_max": 0.24659004362671752, "target": "895.xyz", "model": "10.xyz", "model_rescale": 4.2482417240324, "target_rescale": 3.835291831055574},
{"mapping": [8, 0, 1, 2, 9, 7, 11, 5, 4, 6, 3, 12], "R": [[-0.9368848805353832, 0.3494311583858387, 0.012024399084012705], [0.15755893560894924, 0.3912417580715472, 0.9067000984619225], [0.31212481867672054, 0.8513681649499327, -0.4216044891551897]], "T": [0.0609083029555957, 0.18900918304469855, -0.0036516762878744113], "aligned_model": [[-0.7086011130486737, 0.02975935057087479, 0.40690587289938995, 0.6530696000647903, -0.5532401170212794, 0.030843326268209514, -0.1744047332392087, 0.6075470360023246, 0.06559356567317647, -0.07305940136769194, -0.38016496981390346, -0.02748281462500203], [-0.2677761631011845, -0.4315576448245622, -0.20319602582108837, -0.4848136846148336, 0.590646958330421, 0.6782570827934036, 0.05814100596898755, 0.2814750646631797, -0.36533972586831714, 0.5787419277263908, 0.10307093471031595, 0.12848166008792689], [0.09709803480718951, 0.02765128942369044, 0.5266757319012008, -0.06601079856487813, -0.02869551471409712, 0.3609192241069912, 0.6152240276032862, -0.28448097755960655, -0.6678295491805537, -0.539187136119755, -0.479007598269411, 0.002835556420299895]], "inverted": false, "swapped": true, "error_lsq": 0.041801158134211557, "error_max": 0.3019136914884114, "target": "895.xyz", "model": "11.xyz", "model_rescale": 3.6694154284099745, "target_rescale": 3.835291831055574},
{"mapping": [10, 8, 9, 5, 7, 11, 6, 4, 12, 0, 3, 2, 13], "R": [[-0.5538036585764059, 0.005132480501909786, -0.8326314703344363], [0.6734103010721431, 0.5908909863316504, -0.44425939346505117], [0.4897142780819376, -0.8067350865779341, -0.3306938552903271]], "T": [0.06026160462274581, -0.06825793874777521, -0.089458283371174], "aligned_model": [[0.011516844125235418, -0.3797502313271855, -0.6450312756147215, 0.3584057685967386, -0.21392672906684185, -0.6024743407946425, -0.0784626223484944, 0.05475619947385084, 0.6130734558553824, 0.5669157672526212, 0.06315227874067018, 0.24852716454815205, 0.14863203266725628], [-0.2710905870428043, 0.4448211313899606, -0.18459225462135526, -0.7652999960120457, -0.7345411552919568, 0.09191236715137836, -0.30042835612789864, 0.4651712868360992, -0.2838841652890068, -0.05213049388150394, 0.7926907018922307, 0.34600159859761725, -0.026019356083881014], [-0.6894679936410226, -0.4296601400998768, -0.45512828067291156, 0.17476363163536773, -0.27126244033577895, 0.19365863358534868, 0.40723812249305313, 0.4234760219325625, -0.42062725509229326, 0.41430686968862573, -0.08663290081459109, -0.5577089513436517, -0.01652958284605649]], "inverted": false, "swapped": false, "error_lsq": 0.051466241088758885, "error_max": 0.35106395626010556, "target": "895.xyz", "model": "12.xyz", "model_rescale": 3.9764082729961374, "target_rescale": 3.835291831055574},
{"mapping": [8, 10, 11, 7, 3, 13, 4, 9, 2, 0, 12, 1, 15], "R": [[0.35976703247519587, 0.2549148007019289, 0.8975444984662809], [-0.4848270631298824, 0.872966150872309, -0.053598678043760145], [-0.7971890623941381, -0.41587082587539315, 0.4376540357232801]], "T": [-0.0824858771732819, 0.010288407572824301, 0.058299726848474856], "aligned_model": [[-0.011566609592921578, -0.22908527228462575, -0.6172984492956118, 0.36359021603889286, -0.28663000573032815, -0.6381053281864513, 0.09197977836860072, 0.3372106578959283, 0.5853800462321983, 0.5874009362360412, -0.17976546772314766, 0.24153685699519575, -0.09931304684574938], [-0.2511057272447444, 0.3521873169274473, -0.1497895892049656, -0.5992927384768255, -0.7356285842429081, 0.26532426224694794, -0.4074484218048524, 0.3865000808875069, -0.13902805740616475, -0.10829514893260582, 0.6352495193314383, 0.3651077244467407, -0.09116991501018094], [-0.5946140503207538, -0.65427353401203, -0.5064083804042175, 0.07976235409560008, -0.2739298073742734, 0.0852122643238352, 0.6159029892107527, 0.2676289456171121, -0.35147974499710627, 0.31186930477352426, -0.026398708793253095, -0.35695332657329965, 0.09010742894288509]], "inverted": true, "swapped": false, "error_lsq": 0.04625607466432305, "error_max": 0.3081013857087804, "target": "895.xyz", "model": "13.xyz", "model_rescale": 4.170626492500431, "target_rescale": 3.835291831055574},
{"mapping": [0, 8, 7, 3, 1, 10, 11, 5, 2, 6, 12, 4, 13], "R": [[0.5690280462268373, -0.43346871735105375, 0.6987932123921214], [-0.4497257159389939, -0.87548155425986, -0.1768582160203456], [0.6884430717426298, -0.21362799261513507, -0.6931155875759831]], "T": [0.003951648988586437, -0.09816659605399453, -0.13369856623565798], "aligned_model": [[-0.025645790572490973, -0.3404579666021451, -0.6518919084870682, 0.2858608117081214, -0.3473120264014553, -0.5092646978042477, -0.023084395930626417, 0.3186799655760889, 0.5583641086822044, 0.6715674387589203, -0.1542725484940832, 0.3281858625175075, 0.034605459157296424], [-0.3728464680385058, 0.4260276909059892, -0.17194045178128714, -0.6501565837507464, -0.7663502919294218, 0.08253291018935044, -0.13486463970896548, 0.46754390451886024, -0.26273474327121105, -0.04346687654425853, 0.5847801629172151, 0.4402002577056336, -0.07611414969581892], [-0.6624077169280622, -0.5313902294775246, -0.6047149663934595, 0.16847337469730497, -0.27847027898742505, 0.015582962437040992, 0.5716963281307315, 0.5051578688386344, -0.44750792985361854, 0.37501192605340106, 0.07667003628824132, -0.4624787909196586, -0.03919684939683074]], "inverted": true, "swapped": false, "error_lsq": 0.04405970714004355, "error_max": 0.25065356752005347, "target": "895.xyz", "model": "14.xyz", "model_rescale": 3.9786697098870705, "target_rescale": 3.835291831055574},
{"mapping": [11, 1, 8, 9, 0, 4, 10, 5, 3, 7, 2, 12], "R": [[-0.5497842388139507, 0.7078054996188142, -0.44356359798920153], [0.5783138491993692, 0.7057052462179758, 0.4093081935224798], [0.6027357485465538, -0.03148777810178689, -0.7973193445880005]], "T": [0.09693117487673383, -0.06470542784118594, 0.10395665762069574], "aligned_model": [[-0.13511773532433086, -0.5758647298414703, 0.5204637556662336, 0.6624669762877947, -0.03031751457066789, 0.3863975587096202, -0.6167771149909844, -0.1237712250569683, 0.7064252779920714, -0.001954143322697388, -0.45561313548316607, 0.1470166267019025], [-0.4131344197430774, 0.002477669145615591, -0.012160399229178609, -0.5242900490835843, 0.36538540641854556, 0.7502740132042748, -0.44706949678228364, 0.1966668265331336, 0.16007945243295918, -0.6565986354450152, 0.6426684395115809, -0.04962431673853176], [-0.42543580786955515, -0.2084829464929373, -0.689017031120951, 0.01412564193287337, -0.32718481112060815, 0.08217054635758729, 0.285112014060354, 0.6228053209995038, 0.02725618233491707, 0.21825222307930292, 0.05012436451135012, 0.010240797201993404]], "inverted": true, "swapped": true, "error_lsq": 0.050515182692058264, "error_max": 0.2623655540732774, "target": "895.xyz", "model": "15.xyz", "model_rescale": 3.769337070930944, "target_rescale": 3.835291831055574},
{"mapping": [0, 4, 11, 1, 8, 3, 9, 6, 7, 10, 12], "R": [[0.732214377451493, -0.30947671625114725, 0.6067011352813918], [0.5648401188970811, 0.7736659330147444, -0.28704819138388027], [-0.3805492682132685, 0.5528699541400601, 0.7412941847009956]], "T": [-0.058850138705528576, -0.01790360273520295, 0.10711079271977078], "aligned_model": [[-0.38126707097655277, -0.17122204093317753, -0.12485953163718658, -0.6987857719939556, 0.26867898047069017, 0.37962088440048924, 0.650315694681557, 0.41441874711261295, 0.1251548495588257, -0.5152925523719497, -0.024136057620181603], [-0.061362284704976185, -0.7269361155795334, 0.6182627781941665, 0.3467891524393881, 0.22022362745914428, -0.36794292733538086, 0.17202795859274864, -0.4435153362083289, 0.4028073831945125, 0.4321817059063346, 0.003528555667266505], [-0.4231834515400681, -0.3756959622655154, -0.1083908023117717, -0.0036501377381935873, -0.697232539688849, -0.2292073604791147, 0.09578820875662716, 0.33406541563496184, 0.5100050496388, 0.6338769698432632, 0.007842217373637217]], "inverted": false, "swapped": true, "error_lsq": 0.06011678821614766, "error_max": 0.3382074947453327, "target": "895.xyz", "model": "16.xyz", "model_rescale": 3.7852294659196426, "target_rescale": 3.835291831055574},
{"mapping": [2, 8, 3, 5, 1, 0, 4, 9, 7, 10, 9, 11, 12], "R": [[-0.0909095673838009, 0.7775791610629512, 0.6221785104282591], [0.837917380952141, 0.3973553498913653, -0.37416999961383246], [-0.5381727541007579, 0.4873185551498608, -0.6876704970770938]], "T": [0.018992900212188423, -0.12170217811106072, -0.13913187076787006], "aligned_model": [[-0.0019621494756529197, -0.19889338872371853, -0.7263781717364879, 0.26199130798720466, -0.16688602081718956, -0.4882892286120544, -0.14460038607181708, 0.0158794352682058, 0.5743427606659314, 0.45924054096851036, 0.0158794352682058, 0.4807534749036784, 0.06425670248320557], [-0.23757192630527985, 0.4380473877969933, -0.26097810795208093, -0.6770992431797223, -0.7563579706185929, 0.08427040162533876, -0.46758126983229004, 0.6947061316372567, -0.40105777768708234, 0.15259119084394407, 0.6947061316372567, 0.308326109897977, -0.04939033634688468], [-0.7393169325415344, -0.3909490659947906, -0.37896421143850734, 0.11522002030492448, -0.3312651734529073, 0.2682835117485468, 0.45701540607107616, 0.14499761313300794, -0.46312876374055145, 0.4774719224696887, 0.14499761313300794, -0.5130100830320704, -0.10492612217111467]], "inverted": false, "swapped": false, "error_lsq": 0.06010021955142368, "error_max": 0.3478618056752461, "target": "895.xyz", "model": "17.xyz", "model_rescale": 3.901054581598922, "target_rescale": 3.835291831055574},
{"mapping": [7, 6, 1, 3, 0, 8, 2, 9, 12, 13, 10, 11, 14], "R": [[-0.44850339955429686, -0.8384637986988582, -0.3095531599898783], [0.061906911857669944, 0.31636683579362496, -0.946614789380652], [0.8916345859445366, -0.44372343129635367, -0.0899848968777795]], "T": [-0.08479054315674868, 0.033002692829197114, -0.038019000498471275], "aligned_model": [[0.021967455866276506, -0.19197741934631857, -0.595897092179879, 0.31334944963750117, -0.28163296431121987, -0.604355859702875, -0.10516941830362321, 0.3755289561830731, 0.5839301939268473, 0.4568336310958205, -0.15668500096615257, 0.36203424605300316, -0.03259186584443201], [-0.2635140451663498, 0.263100432442664, -0.2052002803947388, -0.6184887448257328, -0.6854360484473685, -0.0011599359077267835, -0.5174595656683437, 0.4297957830213857, -0.11594400711589746, -0.1479559352039082, 0.8485644150607454, 0.4903162886015546, 0.0459923651205494], [-0.621420729610002, -0.7446247951730095, -0.4475492051583712, -0.016821304565134858, -0.18155768784956483, 0.3734455165379063, 0.5786771202981839, 0.2166392478218283, -0.3254256121952951, 0.4107564746627471, 0.008284479887600046, -0.5154526312746174, -0.04852513889349544]], "inverted": true, "swapped": false, "error_lsq": 0.05049702734432335, "error_max": 0.29916780277416943, "target": "895.xyz", "model": "18.xyz", "model_rescale": 3.9405287249114394, "target_rescale": 3.835291831055574},
{"mapping": [12, 3, 14, 7, 13, 11, 9, 6, 4, 8, 2, 1, 15], "R": [[0.7607321818209531, 0.14757579314281433, 0.6320663990596256], [-0.527271586570975, 0.7083993416006227, 0.4692068273317554], [-0.3785118512502077, -0.6902113865317451, 0.61671469932625]], "T": [0.03547060000598937, -0.05969299487510355, -0.14029551775160298], "aligned_model": [[0.05999883311508508, -0.262834725315261, -0.637742066939471, 0.32814277841548667, -0.3361137196783567, -0.5842446952600657, -0.1091219336336875, 0.40387267590322085, 0.6064419254419804, 0.5559734485599187, -0.17950262896539268, 0.28491579865881167, 0.015548621805752602], [-0.16914684038382763, 0.4279757173612605, -0.17600818659726145, -0.5996668601387806, -0.6189206784799673, -0.15777149853123956, -0.4313776671719048, 0.49986218535725185, -0.4488449189194464, 0.029788789487526772, 0.7096154602529946, 0.48475001989044525, -0.02764480061021811], [-0.6765391971486575, -0.7716605111307693, -0.5049795499150694, 0.2037927990488757, -0.16308447618825328, 0.21403026713244366, 0.5154127638430507, 0.1905539440009696, -0.3794974286104672, 0.4013149977025212, 0.20216074910167492, -0.4175649183739817, -0.12751370497356185]], "inverted": true, "swapped": false, "error_lsq": 0.04539258296962932, "error_max": 0.2503547358758097, "target": "895.xyz", "model": "19.xyz", "model_rescale": 4.410303926677745, "target_rescale": 3.835291831055574},
{"mapping": [12, 9, 11, 2, 4, 6, 0, 5, 7, 1, 10, 8, 13], "R": [[0.5887993512969903, -0.7733788619237354, -0.23494778109569633], [-0.46320388112877353, -0.5610665072653606, 0.6860368349675476], [-0.6623877175940723, -0.2951093193286125, -0.6885876859383405]], "T": [-0.014433066990865166, -0.06890407212665674, 0.006740023178564106], "aligned_model": [[0.053803493134630745, -0.0951754493165812, -0.6952656049777755, 0.1680859384890606, -0.40297468473754344, -0.5426657415713187, 0.06899724296303412, 0.19947947530718496, 0.5756197229585375, 0.6937796354575656, -0.3287121161001405, 0.4393997673800147, 0.01096263312135256], [-0.24183731270576986, 0.31324759211559394, -0.04982655898141421, -0.7011983244805579, -0.615733749830591, -0.22406184113183392, -0.3738923847028618, 0.7011443838705622, -0.2855066230686883, -0.12655510218748472, 0.6850800161018045, 0.4438654787355565, -0.0021148522174818246], [-0.7254572203655616, -0.5600910804156725, -0.46573900091052267, 0.08089876395085589, -0.2056419672887247, 0.1895025231654468, 0.649531501883485, 0.2523769964384232, -0.32758647137435565, 0.2480510631166713, -0.08197686921796553, -0.3427749658601585, -0.024667538633145594]], "inverted": false, "swapped": false, "error_lsq": 0.04379607307979713, "error_max": 0.21724762551889398, "target": "895.xyz", "model": "20.xyz", "model_rescale": 4.121658175737393, "target_rescale": 3.835291831055574},
{"mapping": [7, 9, 11, 0, 3, 4, 2, 6, 5, 1, 10, 8, 12], "R": [[0.8085591158601155, 0.3551122667241892, -0.4691774016100061], [0.5797168090699183, -0.617350501177169, 0.5317958066571138], [-0.10079968968851283, -0.7019783733978611, -0.7050289255345437]], "T": [0.04007975398006522, 0.03951406460278284, -0.10315351060956664], "aligned_model": [[-0.13440111334214108, -0.1467056463259674, -0.7320887794474606, 0.41563999893775183, -0.14754596628309874, -0.4668607235564468, -0.1330413377255631, 0.27237469911783974, 0.5722540182082756, 0.46577353748406813, -0.4115876662107254, 0.5317945087198676, 0.05972878253162173], [-0.36035326338713836, 0.49036903361395223, -0.0696112829468542, -0.8786712737046124, -0.6265075968648545, -0.04425253849776689, -0.07432593922646272, 0.5248148398985811, -0.22640328253677328, -0.23331744182090958, 0.6507720924326121, 0.42515859026698544, -0.0550612157099256], [-0.6289677426743475, -0.636542567800558, -0.5110951947355378, -0.04789125022009562, -0.041085495500361016, 0.1520446680025967, 0.627107521723343, 0.2617391832510326, -0.4347889233298734, 0.37300049576029315, 0.07300893322786643, -0.3545456394897271, -0.1455582537258564]], "inverted": true, "swapped": false, "error_lsq": 0.05668682571715559, "error_max": 0.3690168330802062, "target": "895.xyz", "model": "21.xyz", "model_rescale": 4.08911054899281, "target_rescale": 3.835291831055574},
{"mapping": [11, 5, 8, 2, 1, 6, 4, 12, 15, 3, 10, 9, 16], "R": [[-0.5282599588670194, 0.05807055705317593, -0.8470945792893193], [-0.600321475093546, -0.7310780330585706, 0.32425150133919284], [-0.6004627735333173, 0.6798181521427222, 0.4210602541417684]], "T": [0.0015733547132546974, -0.023045137199653967, -0.018830386058135848], "aligned_model": [[-0.06170438823448433, -0.2021157519738783, -0.5315673920525962, 0.30903069792832816, -0.26641174350305646, -0.7271424256572229, 0.11688936665529936, 0.3431350355871329, 0.48152670878694415, 0.6822437767394757, -0.2804894440500586, 0.29070213908025333, -0.008762267198115152], [-0.2586374844443013, 0.3969810707784214, -0.18094378149707485, -0.6669489912702667, -0.7348644800360065, 0.10328565922181861, -0.4192267440322481, 0.5662279848494827, -0.3919383098779712, -0.11689893828715225, 0.7317896527715297, 0.5255017105788587, -0.0317166272382567], [-0.7443544748557751, -0.5478084445603046, -0.4330658026114052, 0.0912225020883919, -0.2457567872635853, 0.07378694420964417, 0.5433391058792024, 0.2658840530262901, -0.4251179971896029, 0.5123551407538737, -0.06126182037165205, -0.3696131014322508, 0.026816416815949554]], "inverted": true, "swapped": false, "error_lsq": 0.04179539267969598, "error_max": 0.22724527232122443, "target": "895.xyz", "model": "22.xyz", "model_rescale": 4.204369325754507, "target_rescale": 3.835291831055574},
{"mapping": [12, 3, 14, 7, 13, 11, 9, 6, 4, 8, 2, 1, 15], "R": [[0.7607321818209531, 0.14757579314281433, 0.6320663990596256], [-0.527271586570975, 0.7083993416006227, 0.4692068273317554], [-0.3785118512502077, -0.6902113865317451, 0.61671469932625]], "T": [0.03547060000598937, -0.05969299487510355, -0.14029551775160298], "aligned_model": [[0.05999883311508508, -0.262834725315261, -0.637742066939471, 0.32814277841548667, -0.3361137196783567, -0.5842446952600657, -0.1091219336336875, 0.40387267590322085, 0.6064419254419804, 0.5559734485599187, -0.17950262896539268, 0.28491579865881167, 0.015548621805752602], [-0.16914684038382763, 0.4279757173612605, -0.17600818659726145, -0.5996668601387806, -0.6189206784799673, -0.15777149853123956, -0.4313776671719048, 0.49986218535725185, -0.4488449189194464, 0.029788789487526772, 0.7096154602529946, 0.48475001989044525, -0.02764480061021811], [-0.6765391971486575, -0.7716605111307693, -0.5049795499150694, 0.2037927990488757, -0.16308447618825328, 0.21403026713244366, 0.5154127638430507, 0.1905539440009696, -0.3794974286104672, 0.4013149977025212, 0.20216074910167492, -0.4175649183739817, -0.12751370497356185]], "inverted": true, "swapped": false, "error_lsq": 0.04539258296962932, "error_max": 0.2503547358758097, "target": "895.xyz", "model": "23.xyz", "model_rescale": 4.410303926677745, "target_rescale": 3.835291831055574},
{"mapping": [3, 4, 2, 7, 0, 5, 13, 9, 1, 11, 8, 10, 16], "R": [[-0.9940982441037682, -0.05824089095015195, 0.09152420276155068], [-0.10791747863354595, 0.6169849392021185, -0.7795405073523353], [-0.011067920996424244, -0.7848169107626891, -0.6196288548040079]], "T": [0.012162901481230967, -0.026087800020785493, 0.12594132502659094], "aligned_model": [[-0.05212951450974052, -0.35053528405902534, -0.565035273686503, 0.2993911713760187, -0.269251755630592, -0.6152254758465435, 0.0035878160239445605, 0.25332662214322577, 0.5585963094013771, 0.6288834345004432, -0.10674869308900388, 0.3421837474984871, 0.018291207985933797], [-0.11512461732863451, 0.29445340285882565, -0.20804250520121503, -0.6254682290098149, -0.6063746164838386, 0.0174879066875379, -0.44943626813383086, 0.5305191499179698, -0.385404940671653, 0.015558344668932376, 0.7353877539277207, 0.37485260797075004, -0.05579726768591563], [-0.7669135988237477, -0.36353567796072833, -0.5571609389310982, 0.13912916034827, -0.26707115885652627, 0.1166131308377469, 0.687091185834624, 0.2823022752178821, -0.42960981817590227, 0.2624802183711055, -0.15992871654830648, -0.2666360262167665, 0.009665699392222227]], "inverted": true, "swapped": false, "error_lsq": 0.04456872837310796, "error_max": 0.2777843460656535, "target": "895.xyz", "model": "24.xyz", "model_rescale": 4.28219845311461, "target_rescale": 3.835291831055574},
{"mapping": [4, 13, 7, 1, 3, 9, 8, 14, 0, 6, 12, 2, 15], "R": [[0.43880891623669477, -0.7786368364641014, 0.4485213617347045], [-0.350842455658652, -0.6079860384774203, -0.7122236645351934], [0.8272583069021333, 0.1551697583864491, -0.5399685544026678]], "T": [-0.05972652790253476, -0.01324816990027395, -0.01661891912520312], "aligned_model": [[0.0598516851292827, -0.20542855219099249, -0.5840526118466892, 0.04406287485983594, -0.39706271380049507, -0.729524783026662, 0.23915902885468765, 0.27365770272428513, 0.6267133436976359, 0.7978445237848875, -0.4150816488749733, 0.43461790068459305, 0.0005775621126258706], [-0.3610966276502774, 0.4072858602019926, -0.04960559531876275, -0.6344255175558178, -0.6773974890966412, -0.05030971808106941, -0.30728767424527825, 0.6324028400626327, -0.3475899920179599, -0.004963086349946917, 0.6517374055606749, 0.3063506979271627, -0.04249038191987603], [-0.6485612222152661, -0.410114162528724, -0.5904710787124536, 0.09846305809332208, -0.22911674112496655, 0.06626909543653396, 0.536693154460123, 0.21171056429266588, -0.30396891598682324, 0.2603294220132015, 0.10962220991188344, -0.36627614269738396, -0.04815350645333652]], "inverted": true, "swapped": false, "error_lsq": 0.04903814090902041, "error_max": 0.22726719321834427, "target": "895.xyz", "model": "25.xyz", "model_rescale": 4.100010024507729, "target_rescale": 3.835291831055574},
{"mapping": [8, 0, 1, 2, 9, 7, 11, 5, 4, 6, 3, 12], "R": [[-0.9368848805353832, 0.3494311583858387, 0.012024399084012705], [0.15755893560894924, 0.3912417580715472, 0.9067000984619225], [0.31212481867672054, 0.8513681649499327, -0.4216044891551897]], "T": [0.0609083029555957, 0.18900918304469855, -0.0036516762878744113], "aligned_model": [[-0.7086011130486737, 0.02975935057087479, 0.40690587289938995, 0.6530696000647903, -0.5532401170212794, 0.030843326268209514, -0.1744047332392087, 0.6075470360023246, 0.06559356567317647, -0.07305940136769194, -0.38016496981390346, -0.02748281462500203], [-0.2677761631011845, -0.4315576448245622, -0.20319602582108837, -0.4848136846148336, 0.590646958330421, 0.6782570827934036, 0.05814100596898755, 0.2814750646631797, -0.36533972586831714, 0.5787419277263908, 0.10307093471031595, 0.12848166008792689], [0.09709803480718951, 0.02765128942369044, 0.5266757319012008, -0.06601079856487813, -0.02869551471409712, 0.3609192241069912, 0.6152240276032862, -0.28448097755960655, -0.6678295491805537, -0.539187136119755, -0.479007598269411, 0.002835556420299895]], "inverted": false, "swapped": true, "error_lsq": 0.041801158134211557, "error_max": 0.3019136914884114, "target": "895.xyz", "model": "26.xyz", "model_rescale": 3.6694154284099745, "target_rescale": 3.835291831055574},
{"mapping": [0, 8, 5, 6, 1, 7, 3, 9, 2, 12, 8, 10, 13], "R": [[0.053854962201500156, 0.5745242042702412, -0.8167138922253749], [0.06885905303332251, -0.8180905950836272, -0.5709520199203004], [-0.9961717090249198, -0.02548954576612039, -0.08361943072640354]], "T": [0.06263794386146165, 0.019883494016571232, -0.15080767031412867], "aligned_model": [[-0.009172013480387209, -0.2362813767374598, -0.6304336753756894, 0.2414968942017699, -0.3415397750385056, -0.4539331464758873, -0.07967257688317875, 0.17746735080568918, 0.6062021257635815, 0.6237939941204051, -0.2362813767374598, 0.3764451820411773, 0.1072427059039669], [-0.3471547696302521, 0.5666525445360779, -0.1940336508279769, -0.6129230816137202, -0.7639655505802095, 0.027425996224470187, -0.19639436834584006, 0.45650176957349076, -0.26051885950708037, -0.2144343252528021, 0.5666525445360779, 0.4987617079291835, -0.003959235524585641], [-0.6958393998297858, -0.2923987632427646, -0.46682932379803205, 0.04605711964745643, -0.19402457123590042, 0.20867243206508507, 0.6145698981257086, 0.36011524385286364, -0.44752663919673874, 0.359027460084, -0.2923987632427646, -0.33544621828968646, -0.1775527404506656]], "inverted": true, "swapped": false, "error_lsq": 0.049546415652664426, "error_max": 0.3526614906044033, "target": "895.xyz", "model": "27.xyz", "model_rescale": 4.103607728864725, "target_rescale": 3.835291831055574},
{"mapping": [2, 0, 3, 13, 12, 10, 11, 7, 4, 8, 5, 1, 14], "R": [[0.8025831493431934, 0.5957060439084738, -0.03153724213175602], [-0.5958553110456737, 0.7980078353802409, -0.09022163249690067], [-0.028578605442267733, 0.09120199516818693, 0.9954222518048897]], "T": [-0.16788067695078843, -0.03596846429214076, 0.05150131331452064], "aligned_model": [[0.05103237754497353, -0.26306326355749815, -0.5562933713126621, 0.16565013776808882, -0.28849491345552736, -0.6380409761810463, 0.02327984759443122, 0.33314769436524727, 0.5840560179728872, 0.6333083913386474, -0.12826735604424563, 0.33809111368947387, -0.10907138761474794], [-0.25962444590282946, 0.38633198761543197, -0.14209364671177216, -0.5780894141195559, -0.7599185945991747, -0.1560041219581063, -0.16780308047153827, 0.42856791923959603, -0.3703154695820766, -0.028065114511924956, 0.691458196621532, 0.45158508103243145, 0.026581424864820458], [-0.6143633746613293, -0.5162084228246113, -0.5820631088887455, 0.17288749187239527, -0.3941914417371442, 0.20743723035150685, 0.6981376263156658, 0.28227775291579205, -0.32851523108246766, 0.225609299123263, 0.11799678820273117, -0.5045067078439838, -0.07807216725429712]], "inverted": false, "swapped": false, "error_lsq": 0.04403686404840522, "error_max": 0.2213161872347643, "target": "895.xyz", "model": "28.xyz", "model_rescale": 4.137296879288765, "target_rescale": 3.835291831055574},
