[{"mapping": [10, 8, 9, 3, 12, 11, 2, 7, 0, 1, 6, 15], "R": [[0.5307910590344567, -0.20711422160897658, -0.8218056648967493], [-0.2968192418610806, -0.9536940051913874, 0.04864239018617168], [-0.7938256668249608, 0.218108788610909, -0.5676877372469733]], "T": [-0.07127826725735675, -0.012946798902594883, -0.14486037271152286], "aligned_model": [[-0.28451999713704956, 0.16021452406570547, 0.42037631218386634, -0.13290494809058856, -0.015200974827370484, -0.542694594492607, 0.37378576691850307, -0.21604029903480598, 0.5239703875979933, 0.17953104885292565, -0.5420590295181296, -0.08681573405789395], [-0.47553889446555386, -0.7183284679125445, -0.17778413374206758, 0.8241954503470507, 0.42194928203430865, -0.6700641666480233, -0.26450238631426015, -0.3674140754322034, 0.0025755117992013674, 0.3727325647141817, 0.0881898852315804, 0.01754446636538726], [-0.49417121104493045, 0.021499714036024964, -0.5600870931257305, -0.0024546762832091396, -0.5500187873761448, -0.006269310751599588, 0.4573119953171988, 0.651250520314428, 0.010533263397738107, 0.45380233688510596, 0.30814191434018795, -0.10758692035550636]], "inverted": false, "swapped": true, "error_lsq": 0.041318222611184084, "error_max": 0.23225127206960036, "target": "896.xyz", "model": "0.xyz", "model_rescale": 3.751011558992144, "target_rescale": 4.009787247772545},
{"mapping": [0, 4, 7, 8, 3, 6, 12, 9, 1, 13, 5, 14, 10, 11, 15], "R": [[0.9387831922775018, -0.04426260841168358, 0.34165324437777145], [-0.006643042684552437, 0.9892018709744188, 0.14640877174746286], [-0.3444444626948653, -0.13971571120422865, 0.9283520518432339]], "T": [0.10098050295476058, 0.03584624485375268, -0.07858313989436849], "aligned_model": [[0.08506370866222474, 0.1758611631656385, -0.6092971695831649, 0.1506646103139851, -0.23212772864405962, -0.45779872660671606, 0.4025243514226333, 0.6426513233364629, -0.4949749071309575, 0.004907450986396111, -0.1580824073817515, 0.4814811464776112, 0.4857647540029675, 0.007059285256175718, 0.055389356811589005], [-0.15289771374400066, -0.6853187734523586, 0.5244062566436264, 0.6417321087383727, -0.7064001317763385, 0.15858535958942954, -0.4447885828129323, -0.029029183080684057, -0.32437870063864704, 0.41671275516104767, -0.15855914537414534, -0.02275507769401973, 0.48997035735596706, 0.8238716328252087, 0.01760618808658006], [-0.6641012515973138, -0.2943553749692682, -0.27148309516449265, -0.5360344480061292, 0.17240211478230993, 0.25274013032846954, 0.10714266552616625, -0.45765134350129477, -0.37034684953572844, 0.5098447806972246, 0.6856984339138938, 0.5660201070357356, 0.08632263503770654, 0.1298367819228217, -0.06636888161812543]], "inverted": false, "swapped": true, "error_lsq": 0.04200162155358281, "error_max": 0.251390350328354, "target": "896.xyz", "model": "1.xyz", "model_rescale": 3.9405287249114394, "target_rescale": 4.009787247772545},
{"mapping": [14, 12, 9, 6, 1, 10, 13, 5, 2, 8, 7, 11, 15], "R": [[-0.7611262278388871, -0.6428788096683289, -0.08598663486367547], [0.32177260956734893, -0.48936971865011203, 0.810542821941277], [-0.5631600598657232, 0.5892572566780513, 0.5793329201972663]], "T": [-0.028847079918844803, 0.011107550405576407, -0.16314115816846453], "aligned_model": [[-0.08793454397094916, 0.11523319082621908, -0.4778098355603807, 0.3821281574770148, 0.5499194509256456, -0.5514771875237601, -0.045040703885529436, 0.48960166213518996, -0.019159516748417073, -0.5787631368743977, 0.11245102098022172, -0.41199775706299036, 0.018832478566064473], [0.7188722216422374, 0.5007583748792661, 0.09117089801039657, -0.1343994026673114, -0.4216123692861308, 0.19240225167619865, 0.2312009808850897, 0.4695997186776271, -0.7626929435007685, -0.5065385166860292, -0.7320599976549966, -0.18696780057795293, -0.0009008218256089176], [0.08038716137494412, -0.47284351622918486, -0.6461847444063039, 0.3338511032616627, -0.3818503219119218, 0.11157969275601853, 0.5090443788096113, 0.2951482752906778, -0.3216110784762389, -0.07114784645774189, 0.29307424288807904, 0.5348601204611427, -0.15118711777210095]], "inverted": false, "swapped": true, "error_lsq": 0.05378958363172705, "error_max": 0.3188741240445203, "target": "896.xyz", "model": "2.xyz", "model_rescale": 3.932901565614263, "target_rescale": 4.009787247772545},
{"mapping": [4, 1, 3, 0, 12, 14, 5, 9, 8, 10, 6, 7, 13, 15], "R": [[0.9925826671375683, -0.09419560141308403, -0.07685595339659011], [0.027564236783054648, -0.44134986811492427, 0.8969116493643655], [-0.11840549712170936, -0.8923774328104485, -0.43547979937305303]], "T": [-0.04457857152363104, -0.04884679308171776, 0.06765822342990242], "aligned_model": [[-0.2790927213750012, 0.3408584581709407, 0.2764665260139493, -0.2853069313234017, -0.29795983292459854, -0.13934623848048652, 0.47528778551274814, -0.6962131697859157, -0.205525883789603, -0.27823461077994854, 0.6099426582750087, 0.5786502630959671, 0.320524928400197, -0.00024131895715202162], [-0.10455474526169235, 0.3089638932707298, -0.3804411248614261, 0.41717883638966713, -0.4660877967378931, -0.7709810270507791, -0.6933290483238325, 0.07615951073355327, 0.5235024259017489, -0.1914300382114767, -0.1079134196745545, 0.520973710481741, -0.41935989856477, -0.049184639740527565], [-0.6493797755036905, -0.474061938001572, -0.6477854292242836, -0.25417877699701485, -0.2760574819909405, 0.25005734104826016, 0.009220523062066457, 0.035183985295038266, 0.5423583646515284, 0.6213335954159777, 0.13968127829700422, 0.3270537966122788, 0.5471957305433657, 0.04327514984907878]], "inverted": true, "swapped": true, "error_lsq": 0.043152403053064246, "error_max": 0.2679397533596758, "target": "896.xyz", "model": "3.xyz", "model_rescale": 3.9243930471874484, "target_rescale": 4.009787247772545},
{"mapping": [4, 12, 3, 1, 6, 9, 2, 5, 13, 10, 7, 8, 15], "R": [[-0.9564304012017717, -0.28520832227926224, 0.06242676156639141], [-0.08081710065134459, 0.46408951817530436, 0.8820938245799733], [-0.2805521054979432, 0.8386162006677803, -0.4669190337501874]], "T": [-0.10008501902760705, -0.03137814628574737, -0.127206629445391], "aligned_model": [[-0.06467495823984927, -0.15309381389716137, 0.49283639066319374, 0.38617352560821616, 0.49148797619561113, -0.7127045771325452, -0.06477833919140787, 0.5020931928085373, 0.1327623171313494, -0.4831423085352118, 0.30086232951154346, -0.5000001674695947, -0.05061568114132854], [-0.6093349628027412, -0.10733618426359434, -0.34041469027485394, -0.5937380362631034, 0.18541761303608845, -0.25494380598493593, -0.5233250152684081, 0.39865041494518927, 0.6332562524453069, 0.44379563296118013, -0.040137002660623596, -0.022149381193753544, -0.04191128099416391], [-0.6139876892328872, -0.7169973118464774, -0.6542976956322999, 0.004531392182512584, 0.07308120625430864, -0.25379444331000467, 0.4898148331872617, -0.5033584725087926, -0.05953106674357814, -0.0325570838158368, 0.659914807248884, 0.5199491430035275, -0.12569730341565416]], "inverted": false, "swapped": true, "error_lsq": 0.04772406093846092, "error_max": 0.30912890452085906, "target": "896.xyz", "model": "4.xyz", "model_rescale": 3.8936222436046832, "target_rescale": 4.009787247772545},
{"mapping": [2, 7, 8, 0, 10, 13, 5, 12, 4, 1, 9, 15], "R": [[0.2118482685855242, -0.7679127961988268, -0.6045082700273132], [0.9153438459287897, -0.06082947843655885, 0.39805202960596553], [-0.3424411698636831, -0.6376595580615378, 0.6900176325248195]], "T": [-0.12054327616464999, 0.04330977595881405, 0.04234855377372467], "aligned_model": [[0.06490223971978626, -0.45266351105729186, -0.3929344559980214, 0.347877828379235, -0.5830877935095473, -0.756661517171192, -0.3648947585886242, 0.19785923769490243, 0.6077680670238141, 0.32350762856136006, 0.14855897060973228, -0.11268389344905604], [-0.4131686370917239, -0.6815456657774833, 0.05935916226224791, -0.0078089129789112866, 0.4340491196518408, -0.018686736038176055, -0.16572830639247696, 0.3597364657123694, 0.11025291222820999, -0.566886579649449, 0.5606283024229021, -0.001278219239542508], [-0.5750744681079142, -0.33801494096435286, -0.6678439217008635, -0.35347670292303907, -0.0795402430089176, 0.3457406493841231, 0.8076124327649004, 0.4359557108397903, 0.2355452365110869, 0.019324087579417414, -0.27588771811628005, 0.06494459701756794]], "inverted": false, "swapped": true, "error_lsq": 0.04513104092183718, "error_max": 0.24257744689887842, "target": "896.xyz", "model": "5.xyz", "model_rescale": 3.6523030999806103, "target_rescale": 4.009787247772545},
{"mapping": [2, 0, 9, 8, 10, 1, 12, 6, 3, 5, 14, 13, 15], "R": [[0.17060036624801173, 0.966819460058423, 0.19014638226477837], [0.8184261258922173, -0.2464989831878867, 0.5190538774967336], [0.5487022794677461, 0.06706998538598985, -0.8333231219444367]], "T": [0.10599976882354312, -0.0020535984750201033, 0.08163175624474382], "aligned_model": [[0.210422301142711, -0.0723128803262495, 0.14754810922059494, 0.7186188721954097, 0.6197430164890803, -0.3517376596456346, -0.314742419447996, 0.1190439663034181, -0.6887733412775074, -0.14558840597936584, 0.10660101455218113, 0.45271613426904805, 0.07954419716860482], [-0.5812513835857536, -0.12182030542532551, 0.4384806539841601, -0.166742694243282, 0.3259837928648716, -0.5780979972201339, 0.4132137096622404, -0.4801714116303744, -0.13324756617147587, -0.037030045462015805, 0.5231734322234545, -0.02202216332253685, -0.039641117510645474], [0.608508999404011, 0.6583202513955891, 0.5771235418567019, 0.5016355964549718, -0.01807225258933791, 0.251043153977987, -0.0018049186351654645, -0.3747753347630738, -0.19406413045811188, -0.7086298521989575, -0.45489821067762803, -0.5347494294432267, 0.06047232515802968]], "inverted": false, "swapped": true, "error_lsq": 0.04600644583291465, "error_max": 0.29196103135824975, "target": "896.xyz", "model": "6.xyz", "model_rescale": 4.08911054899281, "target_rescale": 4.009787247772545},
{"mapping": [3, 4, 1, 5, 13, 11, 6, 7, 14, 12, 10, 9, 8, 2, 15], "R": [[-0.27373739801383334, 0.03425917597620641, -0.9611941249248499], [-0.09069961726563869, 0.9939924469753855, 0.06125842622654378], [0.9575183634565363, 0.10394866145034082, -0.26898561193156706]], "T": [0.0028379615625270943, -0.07786597177844787, 0.07459128457729466], "aligned_model": [[0.07478933406137545, 0.20785507467478387, 0.6246652472654138, -0.43828876350358775, -0.453181096809505, -0.19212342931242193, 0.05189591374385051, 0.5232506266187763, -0.731824456184143, -0.27276497892714163, -0.4030711856044515, -0.003925166592609511, 0.2773026013653615, 0.7500491568881984, 0.021704662115655134], [-0.7914850626564477, -0.7910098895783289, -0.356205386377776, -0.2816426333925223, 0.2807943092436437, 0.7040926772509106, 0.0876414089179014, 0.49384663859247435, -0.2099468904594778, -0.5971149517585251, 0.32299131927161984, -0.18164931777398602, 0.5415223950639864, 0.17058588656679624, -0.09166168674115563], [-0.38416264595028027, 0.22168815798880448, -0.2508452245377869, -0.5983988014851873, -0.33031138142844885, -0.079599500841674, -0.5635896077482118, -0.35285578718849564, -0.0063652688910724176, 0.17878399496148265, 0.311303642672049, 0.7307102364297562, 0.420792241234868, 0.13720815576241127, 0.029711821103866186]], "inverted": false, "swapped": true, "error_lsq": 0.03985790415884374, "error_max": 0.23844215706033695, "target": "896.xyz", "model": "7.xyz", "model_rescale": 3.964800864290218, "target_rescale": 4.009787247772545},
{"mapping": [13, 10, 11, 5, 7, 12, 6, 8, 9, 0, 4, 1, 2, 15], "R": [[-0.4009003355838287, -0.774181171057816, 0.4898187780274679], [0.8718617553112332, -0.1582403296647203, 0.4634836326055275], [-0.2813112165456409, 0.6128650034445996, 0.7384175559928559]], "T": [-0.037855233335159055, -0.12682367908029776, 0.09408637919779625], "aligned_model": [[-0.20376997553950024, 0.22778952940815733, 0.3445108434025558, -0.7532893545678271, 0.3110593337037759, -0.4476844508637459, -0.2828808693687632, 0.7104262139789942, 0.2776584763729698, 0.23929243337808004, -0.3721644744982942, -0.1865500742674326, 0.46378613374899536, -0.06699587542709279], [-0.08581025654266103, -0.487570666615448, 0.008325448338565966, -0.00654018312448626, 0.6474663233415174, -0.49714369347362763, 0.38413595228479236, -0.048902173487346934, -0.6082242988612327, -0.03995015080987757, -0.23580576328573996, 0.46984513628983027, 0.39667245436046383, -0.08554966223354755], [-0.59244617298814, -0.33109124842148796, -0.619198253855489, -0.3092983876206936, -0.14907872320566865, 0.3206602177443851, -0.24643809843655753, -0.01918764449704638, 0.42576897453434837, 0.6366278488580792, 0.7638654404758084, 0.532181224492808, 0.40758519258430603, 0.09686466906036971]], "inverted": true, "swapped": true, "error_lsq": 0.04217140037523811, "error_max": 0.20878011382844663, "target": "896.xyz", "model": "8.xyz", "model_rescale": 4.121658175737393, "target_rescale": 4.009787247772545},
{"mapping": [7, 6, 13, 11, 1, 2, 12, 9, 14, 4, 8, 10, 15], "R": [[-0.47328215998541484, 0.0894260749984889, -0.8763600710609225], [-0.16950986261527068, -0.985487238707416, -0.009017140399551038], [-0.8644480340169052, 0.14428402356185452, 0.4815721306607245]], "T": [0.003674523082190316, -0.10784194630333149, 0.013998337114492547], "aligned_model": [[-0.6373552096716741, -0.18992567002174984, 0.33597589549864276, 0.10056586944834209, -0.6485824229031806, -0.7312125251312145, 0.3346367136132584, 0.15494979060149627, 0.7134172623691316, -0.1098740319160667, -0.24025132184415185, 0.41737700192105553, -0.022983855528692268], [0.32049729602620886, -0.11662460094335396, 0.14167437577081113, 0.6102546486847165, -0.47498697307903137, 0.13235615166850379, -0.5755803816664232, -0.03570693100081242, -0.24085008663364843, -0.7616250400691793, 0.5746784918611165, 0.34962669462224144, -0.13332620582943994], [-0.4172811838174601, -0.6180744888115728, -0.5585871592340039, -0.37096064550282243, -0.08507905766773988, 0.17592322399460922, 0.18168074357703562, 0.6568211235748922, -0.19167684202442006, 0.3772037146835108, 0.24528587144619046, 0.04646748537694533, -0.020647351636075964]], "inverted": true, "swapped": true, "error_lsq": 0.046614674835286106, "error_max": 0.28339712284047475, "target": "896.xyz", "model": "9.xyz", "model_rescale": 3.833441315466971, "target_rescale": 4.009787247772545},
{"mapping": [2, 0, 6, 5, 3, 1, 4, 14, 11, 13, 8, 10, 9, 7, 15], "R": [[-0.8667395671028624, -0.49825421739626957, 0.022477937298020362], [-0.09901187993559596, 0.12771597026088238, -0.9868562603398434], [0.48883450210675794, -0.8575729507086569, -0.160029571526283]], "T": [0.01364169845910513, 0.050219078903738244, -0.025919646488843248], "aligned_model": [[0.024021308253706023, 0.13762588367238737, -0.4939202773406044, -0.5808327485327311, -0.7042545323153915, -0.5143382049137925, -0.19263288926780323, 0.032814383516274734, 0.24019847004835237, -0.10631482060358771, 0.5236942837008066, 0.4708563369123445, 0.5543614774637412, -0.23175766337653303, -0.03567598892263711], [-0.712345753170149, -0.4869198344238965, 0.10702301628755578, 0.6216973078163816, 0.11793906266935544, -0.47833371607969066, -0.12393472458383453, 0.7950754701581508, 0.21062874972503406, 0.5445352748161617, -0.3291892348562026, 0.3742346908311549, -0.0559932856267882, -0.4243399471351339, 0.041024462866879996], [0.17989801426181468, -0.2994498915918119, 0.39387599484936925, 0.0691915362245388, -0.4786042842700085, -0.13509880649054667, -0.7325772732927959, -0.11838350555624413, 0.7462104188407575, 0.46581064514769144, 0.3920798530450096, 0.23379211995229598, -0.3969315816101503, 0.6776203552061054, -0.01931168689393263]], "inverted": true, "swapped": true, "error_lsq": 0.03789405911218567, "error_max": 0.20546739823946203, "target": "896.xyz", "model": "10.xyz", "model_rescale": 4.2482417240324, "target_rescale": 4.009787247772545},
{"mapping": [7, 8, 10, 9, 6, 5, 13, 12, 0, 3, 1, 15], "R": [[-0.866335944359391, 0.374454572452372, -0.33052353120531897], [0.4994503014995694, 0.653970227861763, -0.5682185648167639], [0.003380509268055193, -0.6573482442662679, -0.7535793640467761]], "T": [0.09287673255096071, 0.0024733642674040976, -0.03116847561604876], "aligned_model": [[-0.7486305543778219, -0.08666749178306149, 0.3168198821883924, 0.6017985221371724, -0.4540418583569995, -0.041212959964079254, -0.08678959414499846, 0.5459960693043017, 0.10416285580650839, 0.03736031309106081, -0.3686436674551494, 0.05661408591768083], [-0.249298397529814, -0.7110789693158235, -0.21616974412867931, -0.3941194504539465, 0.33308269299590243, 0.7795720227009054, 0.27804398625951166, 0.34459465553316904, -0.3509344660508564, 0.6988102751041387, 0.12006725057461162, 0.03356153436152021], [0.06302343473995917, 0.16231234673769482, 0.5013033085171266, -0.18935050109368945, 0.13809981362772455, 0.22800521276028643, 0.5951841335957136, -0.21574500076744366, -0.5348396126404806, -0.5179098950794179, -0.6170195852936647, -0.047871365249452305]], "inverted": true, "swapped": true, "error_lsq": 0.045129838210268926, "error_max": 0.3455596064327782, "target": "896.xyz", "model": "11.xyz", "model_rescale": 3.6694154284099745, "target_rescale": 4.009787247772545},
{"mapping": [3, 5, 13, 14, 12, 1, 4, 2, 10, 8, 7, 9, 6, 15], "R": [[-0.9012901218050821, 0.2361228552338991, -0.3632108390078297], [0.0961541525321586, -0.7084596146865928, -0.6991704751410396], [-0.4224103399390252, -0.6650796731176768, 0.6158234593763715]], "T": [0.12369159279584219, 0.055365389237925, 0.04910064348476547], "aligned_model": [[-0.049639761138337124, -0.04847404089975174, -0.0063618084239498995, 0.5462597226446015, 0.5200797284537774, -0.41102589200089645, 0.31864832528776094, -0.35427678231731585, 0.4262431936266324, 0.03216279293060334, -0.6754309446851066, 0.6443350103972256, -0.4273661290677613, 0.08311143544832804], [-0.43394017830966736, 0.31446435813862905, 0.6934254208490351, 0.4288148080191791, -0.18730208931482695, -0.4742229458824724, -0.6413780694687197, -0.23414752152344898, 0.5616865489351603, 0.2814180555369211, 0.25229607925143926, -0.15435024232659483, 0.2817412103532853, 0.04248185387833479], [-0.6257479906212704, -0.7204837185011742, -0.22748976960200776, -0.4465806128953298, -0.3256279858946585, -0.01143307592996904, -0.17177076602055077, 0.6074036757050831, 0.23235717432111666, 0.7697604527753905, 0.370063450348802, 0.4044294874790167, -0.23754129666951937, 0.021756435157485952]], "inverted": true, "swapped": true, "error_lsq": 0.0431499348260827, "error_max": 0.2968639421218, "target": "896.xyz", "model": "12.xyz", "model_rescale": 3.9764082729961374, "target_rescale": 4.009787247772545},
{"mapping": [3, 6, 4, 13, 14, 12, 9, 0, 7, 3, 8, 2, 11, 1, 10, 15], "R": [[-0.7936978761721123, 0.38316018703301186, 0.47247428758897125], [-0.5328621679703851, -0.06326838567625881, -0.8438335270181089], [-0.29343072658769, -0.921512551432018, 0.2543875512824335]], "T": [-0.2510106188815769, -0.0131137278333276, -0.011872288848940721], "aligned_model": [[0.5408195371300917, -0.43126011652439183, -0.3815830305306095, -0.3150685170682506, 0.1708136556993874, -0.6041281807013199, -0.7535970012578159, -0.49940886637538745, 0.05206086544913163, 0.5408195371300917, 0.3577252960607276, -0.02641880503369401, 0.3704909154079738, -0.29133647403592045, 0.031013823745441982, -0.1982617146153573], [0.0022623563437575364, -0.5254068633176149, 0.21341495449011802, -0.6149422922156537, -0.6133699380554836, -0.25528602971841446, 0.28143063365671983, 0.6421777376006949, 0.5670742335916178, 0.0022623563437575364, 0.17365976568270858, 0.702118902704498, -0.4433761988959067, 0.24548620674321991, -0.18123575734935204, -0.006760786177795617], [-0.29684952895686156, -0.5492033484708673, -0.6808261909828522, 0.07856835997841542, -0.32899182946264616, 0.4612810675614586, 0.13695537619357506, -0.2016072078111503, -0.38944784913606706, -0.29684952895686156, 0.29506269551699893, 0.2606351702647134, 0.23134520151774388, 0.5667661798895901, 0.7218470688830176, -0.10549850314870034]], "inverted": false, "swapped": false, "error_lsq": 0.05223605266069437, "error_max": 0.46271372436346325, "target": "896.xyz", "model": "13.xyz", "model_rescale": 4.170626492500431, "target_rescale": 4.009787247772545},
{"mapping": [10, 8, 9, 0, 14, 3, 4, 11, 13, 7, 6, 1, 5, 15], "R": [[0.17261434536397938, -0.5239848706879182, -0.8340528418899674], [0.15874435316449742, 0.8504930118103412, -0.5014597363698912], [0.9721134286249474, -0.04584203477095136, 0.22998693383561755]], "T": [-0.07041633852644251, 0.019369746875413537, -0.02645574334030011], "aligned_model": [[0.38473046799652216, -0.024644877999263723, -0.34632322451331504, -0.6384100158640882, 0.4201757639004993, -0.388962935172728, -0.6897427961896259, 0.5843164074872162, 0.6118863057681686, 0.025502132534514846, 0.20459707953373119, -0.5828567462076075, 0.3602911015749425, -0.07737564075732295], [-0.2004229098079141, -0.7345957924573329, -0.14065017885421366, -0.21101633814815712, 0.4990414036567876, 0.7289725352187985, 0.4389876867122045, -0.45735893823859497, 0.09757559458207121, -0.5211229604332845, 0.10348135392131075, 0.0734317525166387, 0.641321914497283, 0.03842934476006877], [-0.381440414272206, -0.11738884387220905, -0.6091888000849441, -0.08136038532851998, -0.33135358097679257, 0.3197758614921757, -0.13870224768136769, 0.10506939919417911, 0.14349629310817458, 0.6656879774465555, 0.5688316532284393, 0.5253893912316523, 0.3151580350063723, 0.019898762629357136]], "inverted": true, "swapped": true, "error_lsq": 0.03906559727000754, "error_max": 0.24362749771543338, "target": "896.xyz", "model": "14.xyz", "model_rescale": 3.9786697098870705, "target_rescale": 4.009787247772545},
{"mapping": [7, 1, 8, 11, 0, 9, 5, 12, 10, 13, 4, 15], "R": [[-0.6210020481897178, -0.7474011555544278, -0.2361100777605256], [-0.7496686820679521, 0.4784282265193912, 0.45727814204924555], [-0.2288084860110641, 0.46097499362266503, -0.8574081478408684]], "T": [0.01882531618349202, 0.04434773577314173, 0.024090291666681234], "aligned_model": [[-0.03385287379438687, -0.6053364424258157, 0.5618974960099067, 0.5455416604577791, -0.07845846772383981, 0.34802589049843274, -0.3699448175113782, -0.17942087261692638, 0.5946851208258319, 0.19309389019319137, -0.46770126482083996, -0.025174722324618235], [-0.5071566403159202, 0.08150073476353194, 0.024020108558341677, -0.567056087677226, 0.49881211853642426, 0.6212420075577599, -0.4677125810048402, 0.3634938252182906, -0.08596547074711168, -0.5803435131978357, 0.6129992698404377, 0.020840718692587287], [-0.6639966079502921, -0.39910313713967743, -0.5083449484732429, -0.12423141401537437, -0.3792793596063714, 0.035438544450844364, 0.5491477994242837, 0.48806963078867643, 0.20543388162865736, 0.30680579405667247, 0.13441287825000295, 0.015613432459650828]], "inverted": true, "swapped": true, "error_lsq": 0.044348569153475736, "error_max": 0.2606124174560731, "target": "896.xyz", "model": "15.xyz", "model_rescale": 3.769337070930944, "target_rescale": 4.009787247772545},
{"mapping": [12, 3, 9, 0, 14, 5, 10, 6, 8, 2, 15], "R": [[-0.15193638886880242, 0.5759710867664489, 0.8032263945778824], [0.8842956877235978, 0.4422317313443841, -0.1498406902867104], [-0.4415161043619557, 0.6875233836032228, -0.576519840584709]], "T": [-0.0011372326385652113, 0.07969542146774906, 0.012227620806530101], "aligned_model": [[-0.16666904578987732, -0.36738663694456736, -0.2602136442327385, -0.5528846579428964, 0.4614970037834115, 0.38590586048654923, 0.4706908979558109, 0.26169288148806774, 0.09297295819592069, -0.39320458147038645, -0.009774904838123155], [0.0179157020332492, -0.6041904222318492, 0.6560734814838299, 0.2862595552469897, 0.018804072119825113, -0.5830032939548759, 0.47457056500198436, -0.46183692462588793, 0.5968563547909477, 0.1631876541401096, 0.0314277536210197], [-0.558048706964086, -0.33855137268837215, -0.19265416627087323, 0.19003403994250329, -0.5759815320832627, -0.30409725644131763, -0.041933068029884404, 0.2856088131169618, 0.5622419214368237, 0.6928787869376168, 0.02472014826766749]], "inverted": false, "swapped": true, "error_lsq": 0.04535763453544174, "error_max": 0.252015536537019, "target": "896.xyz", "model": "16.xyz", "model_rescale": 3.7852294659196426, "target_rescale": 4.009787247772545},
{"mapping": [1, 11, 8, 7, 6, 13, 14, 10, 0, 4, 12, 9, 15], "R": [[-0.6222441345139115, 0.15984758442360614, 0.766329554967686], [-0.41152699618680266, 0.7659552548862987, -0.49392112621503914], [-0.6659262485234386, -0.6227048235448345, -0.41082956838754436]], "T": [0.019389036342738624, 0.13441984813793673, -0.019901209521708405], "aligned_model": [[0.1855256790354521, -0.4161154605297123, 0.2827387011994246, -0.17439959631993482, -0.4976874370029641, -0.6483849486998975, -0.42153427352942835, -0.12747420722500383, 0.5949153101445895, 0.43691363325173915, 0.08284339742133988, 0.5580826962404918, -0.0016576437698129394], [-0.09236792896914373, -0.37481336396982945, -0.4470972657147798, -0.7018559480384149, -0.13873645463402806, 0.065134365982352, 0.6720369499734024, 0.11845561455682824, 0.006777628893455845, 0.583315621959382, 0.7214627493392579, 0.33744896364134586, 0.12529469068304624], [-0.7206271506276084, 0.4536612889112993, 0.3939981625347542, -0.22843036467649838, -0.32827076384718373, 0.20328968317480017, 0.2634407875487782, 0.579813618502021, -0.19649695525185015, -0.4630823796457458, -0.10814394929868967, 0.3116061370519567, -0.06500341723286]], "inverted": true, "swapped": true, "error_lsq": 0.04781615512547592, "error_max": 0.2690634083372811, "target": "896.xyz", "model": "17.xyz", "model_rescale": 3.901054581598922, "target_rescale": 4.009787247772545},
{"mapping": [0, 4, 7, 8, 3, 6, 12, 9, 1, 13, 5, 14, 10, 11, 15], "R": [[0.9387831922775018, -0.04426260841168358, 0.34165324437777145], [-0.006643042684552437, 0.9892018709744188, 0.14640877174746286], [-0.3444444626948653, -0.13971571120422865, 0.9283520518432339]], "T": [0.10098050295476058, 0.03584624485375268, -0.07858313989436849], "aligned_model": [[0.08506370866222474, 0.1758611631656385, -0.6092971695831649, 0.1506646103139851, -0.23212772864405962, -0.45779872660671606, 0.4025243514226333, 0.6426513233364629, -0.4949749071309575, 0.004907450986396111, -0.1580824073817515, 0.4814811464776112, 0.4857647540029675, 0.007059285256175718, 0.055389356811589005], [-0.15289771374400066, -0.6853187734523586, 0.5244062566436264, 0.6417321087383727, -0.7064001317763385, 0.15858535958942954, -0.4447885828129323, -0.029029183080684057, -0.32437870063864704, 0.41671275516104767, -0.15855914537414534, -0.02275507769401973, 0.48997035735596706, 0.8238716328252087, 0.01760618808658006], [-0.6641012515973138, -0.2943553749692682, -0.27148309516449265, -0.5360344480061292, 0.17240211478230993, 0.25274013032846954, 0.10714266552616625, -0.45765134350129477, -0.37034684953572844, 0.5098447806972246, 0.6856984339138938, 0.5660201070357356, 0.08632263503770654, 0.1298367819228217, -0.06636888161812543]], "inverted": false, "swapped": true, "error_lsq": 0.04200162155358281, "error_max": 0.251390350328354, "target": "896.xyz", "model": "18.xyz", "model_rescale": 3.9405287249114394, "target_rescale": 4.009787247772545},
{"mapping": [9, 13, 7, 14, 11, 3, 12, 4, 8, 5, 6, 0, 10, 1, 2, 15], "R": [[-0.6288027301306709, -0.3461522245221692, 0.6962655844134251], [0.7053582815294289, 0.1229010489695444, 0.6981153392098162], [-0.32722594832632934, 0.9300935273511689, 0.16688082310857344]], "T": [-0.19345767344966458, 0.02362544594709548, -0.04265573342145204], "aligned_model": [[0.26022969725877654, -0.4118884229078055, -0.1307761520730943, -0.5118710383236518, 0.14253770969449525, -0.5376053475154019, -0.7268676662674384, -0.6219982542352446, 0.28786990630457737, 0.6361718825040078, 0.3045955159866366, -0.22377362149738456, 0.05121136605542345, -0.24217082168529636, 0.4538725678376584, -0.16685639665615926], [-0.08464009648024835, -0.3721431553194688, 0.31914811204519217, -0.6805586461666556, -0.569894215462855, -0.30235710081536366, 0.00116538630458074, 0.5568513220067846, 0.5884957518770262, 0.06264690046651994, 0.4404902783086699, 0.69038450664465, -0.6090621909806828, 0.2734926118261265, -0.1306686641814968, 0.00615848135409261], [-0.6521277909754548, -0.539631655689955, -0.6785511097543313, 0.0071102746537675815, -0.27515243431297676, 0.6649644701590912, 0.08026044733759155, -0.3008962498715497, -0.18934402191957064, -0.08079716409950309, 0.32673591188837936, 0.12223076156110838, 0.35451860126412094, 0.5662061988620442, 0.5163453124698489, -0.018684418693103506]], "inverted": true, "swapped": false, "error_lsq": 0.039145712176982796, "error_max": 0.3793385619949358, "target": "896.xyz", "model": "19.xyz", "model_rescale": 4.410303926677745, "target_rescale": 4.009787247772545},
{"mapping": [13, 10, 11, 5, 7, 12, 6, 8, 9, 0, 4, 1, 2, 15], "R": [[-0.4009003355838287, -0.774181171057816, 0.4898187780274679], [0.8718617553112332, -0.1582403296647203, 0.4634836326055275], [-0.2813112165456409, 0.6128650034445996, 0.7384175559928559]], "T": [-0.037855233335159055, -0.12682367908029776, 0.09408637919779625], "aligned_model": [[-0.20376997553950024, 0.22778952940815733, 0.3445108434025558, -0.7532893545678271, 0.3110593337037759, -0.4476844508637459, -0.2828808693687632, 0.7104262139789942, 0.2776584763729698, 0.23929243337808004, -0.3721644744982942, -0.1865500742674326, 0.46378613374899536, -0.06699587542709279], [-0.08581025654266103, -0.487570666615448, 0.008325448338565966, -0.00654018312448626, 0.6474663233415174, -0.49714369347362763, 0.38413595228479236, -0.048902173487346934, -0.6082242988612327, -0.03995015080987757, -0.23580576328573996, 0.46984513628983027, 0.39667245436046383, -0.08554966223354755], [-0.59244617298814, -0.33109124842148796, -0.619198253855489, -0.3092983876206936, -0.14907872320566865, 0.3206602177443851, -0.24643809843655753, -0.01918764449704638, 0.42576897453434837, 0.6366278488580792, 0.7638654404758084, 0.532181224492808, 0.40758519258430603, 0.09686466906036971]], "inverted": true, "swapped": true, "error_lsq": 0.04217140037523811, "error_max": 0.20878011382844663, "target": "896.xyz", "model": "20.xyz", "model_rescale": 4.121658175737393, "target_rescale": 4.009787247772545},
{"mapping": [2, 0, 9, 8, 10, 1, 12, 6, 3, 5, 14, 13, 15], "R": [[0.17060036624801173, 0.966819460058423, 0.19014638226477837], [0.8184261258922173, -0.2464989831878867, 0.5190538774967336], [0.5487022794677461, 0.06706998538598985, -0.8333231219444367]], "T": [0.10599976882354312, -0.0020535984750201033, 0.08163175624474382], "aligned_model": [[0.210422301142711, -0.0723128803262495, 0.14754810922059494, 0.7186188721954097, 0.6197430164890803, -0.3517376596456346, -0.314742419447996, 0.1190439663034181, -0.6887733412775074, -0.14558840597936584, 0.10660101455218113, 0.45271613426904805, 0.07954419716860482], [-0.5812513835857536, -0.12182030542532551, 0.4384806539841601, -0.166742694243282, 0.3259837928648716, -0.5780979972201339, 0.4132137096622404, -0.4801714116303744, -0.13324756617147587, -0.037030045462015805, 0.5231734322234545, -0.02202216332253685, -0.039641117510645474], [0.608508999404011, 0.6583202513955891, 0.5771235418567019, 0.5016355964549718, -0.01807225258933791, 0.251043153977987, -0.0018049186351654645, -0.3747753347630738, -0.19406413045811188, -0.7086298521989575, -0.45489821067762803, -0.5347494294432267, 0.06047232515802968]], "inverted": false, "swapped": true, "error_lsq": 0.04600644583291465, "error_max": 0.29196103135824975, "target": "896.xyz", "model": "21.xyz", "model_rescale": 4.08911054899281, "target_rescale": 4.009787247772545},
{"mapping": [4, 14, 13, 15, 2, 11, 9, 12, 7, 0, 6, 10, 1, 5, 8, 16], "R": [[0.3943589371350305, 0.6508894151733712, 0.648709486532297], [-0.5104028509306456, -0.4318842641133193, 0.7436161053750558], [0.7641792711554002, -0.6243548283040374, 0.1618983937839958]], "T": [-0.10644524014420156, -0.019100469195450404, -0.026754306081256927], "aligned_model": [[0.2786895783969613, -0.6243732818616188, -0.016289769625322414, -0.46130174904048715, 0.048268264622596785, -0.2899624907994996, -0.7581043330560153, -0.5120151878715858, 0.15398209463709236, 0.6504662948102868, 0.3991617404850788, -0.3027793275818249, 0.3353657714213426, -0.42403017613554606, 0.15839412852684007, -0.07279063244820001], [-0.2222921179684596, -0.13420627991433623, 0.2563759437446102, -0.6549542581534079, -0.6575692539167415, -0.43460207010310203, 0.22867129773836178, 0.45078379653991535, 0.6145342147335288, 0.061857981180284224, 0.4009715758681206, 0.7273883348707731, -0.604290810389294, 0.24955134515557983, -0.08498721494998117, -0.0077232030089799866], [-0.5714344978304438, -0.3877581590919595, -0.6206521955180143, 0.008936519853751667, -0.3262124362973929, 0.589340547503438, 0.11986489354269242, -0.42636824521355027, -0.21775398835944382, -0.17031633359854467, 0.3246218266403902, 0.20849620024923304, 0.27714316988539733, 0.5430658980405706, 0.6106475009414994, -0.05843356786811707]], "inverted": true, "swapped": false, "error_lsq": 0.039648913124354854, "error_max": 0.26762080128211035, "target": "896.xyz", "model": "22.xyz", "model_rescale": 4.204369325754507, "target_rescale": 4.009787247772545},
{"mapping": [9, 13, 7, 14, 11, 3, 12, 4, 8, 5, 6, 0, 10, 1, 2, 15], "R": [[-0.6288027301306709, -0.3461522245221692, 0.6962655844134251], [0.7053582815294289, 0.1229010489695444, 0.6981153392098162], [-0.32722594832632934, 0.9300935273511689, 0.16688082310857344]], "T": [-0.19345767344966458, 0.02362544594709548, -0.04265573342145204], "aligned_model": [[0.26022969725877654, -0.4118884229078055, -0.1307761520730943, -0.5118710383236518, 0.14253770969449525, -0.5376053475154019, -0.7268676662674384, -0.6219982542352446, 0.28786990630457737, 0.6361718825040078, 0.3045955159866366, -0.22377362149738456, 0.05121136605542345, -0.24217082168529636, 0.4538725678376584, -0.16685639665615926], [-0.08464009648024835, -0.3721431553194688, 0.31914811204519217, -0.6805586461666556, -0.569894215462855, -0.30235710081536366, 0.00116538630458074, 0.5568513220067846, 0.5884957518770262, 0.06264690046651994, 0.4404902783086699, 0.69038450664465, -0.6090621909806828, 0.2734926118261265, -0.1306686641814968, 0.00615848135409261], [-0.6521277909754548, -0.539631655689955, -0.6785511097543313, 0.0071102746537675815, -0.27515243431297676, 0.6649644701590912, 0.08026044733759155, -0.3008962498715497, -0.18934402191957064, -0.08079716409950309, 0.32673591188837936, 0.12223076156110838, 0.35451860126412094, 0.5662061988620442, 0.5163453124698489, -0.018684418693103506]], "inverted": true, "swapped": false, "error_lsq": 0.039145712176982796, "error_max": 0.3793385619949358, "target": "896.xyz", "model": "23.xyz", "model_rescale": 4.410303926677745, "target_rescale": 4.009787247772545},
{"mapping": [13, 11, 14, 1, 7, 3, 10, 9, 15, 12, 5, 8, 0, 4, 2, 16], "R": [[0.8075484717381518, -0.5815249151188522, 0.09845932606608523], [0.31370881221690955, 0.2821348014074855, -0.9066348410315009], [0.49945194656826764, 0.7630391385314196, 0.41026701809723604]], "T": [-0.0798914806289528, 0.035258037924999666, -0.12128687210722189], "aligned_model": [[0.3647596019204395, -0.5175424827350323, -0.06422508348230048, -0.5220044791614566, 0.020231782287899014, -0.32953536438697983, -0.6919535589662407, -0.49366255939873355, 0.039953611196709635, 0.6838909687788742, 0.3704809860374639, -0.4980216557917883, 0.28539103114542524, -0.16097675424702812, 0.18984839695507794, -0.11395351567223061], [-0.13074101443160224, -0.13710884369931542, 0.3144323110127502, -0.68096047578677, -0.5860884280805838, -0.31449837614385584, 0.10686641402548207, 0.4601832761237938, 0.7210663258223363, -0.1984366500325982, 0.3270480465402836, 0.6328106154457582, -0.4728929366005516, 0.2910198170369748, -0.11159419854113999, -0.031596601264090626], [-0.6398583264252365, -0.5449291092430115, -0.7377009206663094, 0.04575350239977996, -0.33537750265315025, 0.6690291196036667, 0.08856116578998263, -0.3229103329042585, -0.27818918901609313, -0.03073855582978352, 0.20677602669273765, 0.2579290834788377, 0.30148621687397337, 0.5126653845642956, 0.7381133665849867, -0.027422796370910857]], "inverted": true, "swapped": false, "error_lsq": 0.04314256683400856, "error_max": 0.35489385133439155, "target": "896.xyz", "model": "24.xyz", "model_rescale": 4.28219845311461, "target_rescale": 4.009787247772545},
{"mapping": [11, 14, 12, 6, 10, 0, 2, 13, 9, 5, 3, 7, 8, 4, 1, 15], "R": [[0.4935006539593446, 0.8478619609322962, -0.19387418535158585], [-0.8670736158278858, 0.4970647876717166, -0.03331578592840888], [0.0681208431895517, 0.18454455305132456, 0.9804605339646424]], "T": [-0.10033743100448224, 0.07661525588626518, -0.015366197565775001], "aligned_model": [[0.13630245696661053, -0.4855276192712335, -0.19653639923656452, -0.3814159944187365, 0.03323833100587793, -0.46567556705149815, -0.7639358560263887, -0.5081627516443374, 0.3288702003708628, 0.7259564235751058, 0.30733730729638503, -0.17197189949692404, 0.2595725239879199, -0.37956371267127786, 0.26075195206456003, -0.13655847097026225], [-0.03695187660648197, -0.30969386328984777, 0.29322820107956227, -0.7664930474176528, -0.5942104880584267, -0.2903126813548257, -0.08441723499377939, 0.4462621705355143, 0.5481782423458221, -0.12907953956193885, 0.4556906518222006, 0.8429781526124394, -0.5090707661180184, 0.3672805296646642, -0.09217690544591355, 0.048297736213553696], [-0.4924208496623645, -0.546909618368845, -0.7421704977173307, 0.13416762820615252, -0.4176784592385712, 0.6150670719064956, 0.03449051288861577, -0.2388748624365013, -0.23960455924677587, -0.02981603921438366, 0.5232881413262066, 0.09909960167355103, 0.08149847532888252, 0.5947116296592241, 0.4856338648636637, 0.04270509291148747]], "inverted": true, "swapped": false, "error_lsq": 0.04101187401194868, "error_max": 0.27533169300246907, "target": "896.xyz", "model": "25.xyz", "model_rescale": 4.100010024507729, "target_rescale": 4.009787247772545},
{"mapping": [7, 8, 10, 9, 6, 5, 13, 12, 0, 3, 1, 15], "R": [[-0.866335944359391, 0.374454572452372, -0.33052353120531897], [0.4994503014995694, 0.653970227861763, -0.5682185648167639], [0.003380509268055193, -0.6573482442662679, -0.7535793640467761]], "T": [0.09287673255096071, 0.0024733642674040976, -0.03116847561604876], "aligned_model": [[-0.7486305543778219, -0.08666749178306149, 0.3168198821883924, 0.6017985221371724, -0.4540418583569995, -0.041212959964079254, -0.08678959414499846, 0.5459960693043017, 0.10416285580650839, 0.03736031309106081, -0.3686436674551494, 0.05661408591768083], [-0.249298397529814, -0.7110789693158235, -0.21616974412867931, -0.3941194504539465, 0.33308269299590243, 0.7795720227009054, 0.27804398625951166, 0.34459465553316904, -0.3509344660508564, 0.6988102751041387, 0.12006725057461162, 0.03356153436152021], [0.06302343473995917, 0.16231234673769482, 0.5013033085171266, -0.18935050109368945, 0.13809981362772455, 0.22800521276028643, 0.5951841335957136, -0.21574500076744366, -0.5348396126404806, -0.5179098950794179, -0.6170195852936647, -0.047871365249452305]], "inverted": true, "swapped": true, "error_lsq": 0.045129838210268926, "error_max": 0.3455596064327782, "target": "896.xyz", "model": "26.xyz", "model_rescale": 3.6694154284099745, "target_rescale": 4.009787247772545},
