[{"mapping": [10, 4, 2, 7, 5, 9, 1, 3, 6, 0, 8, 12], "R": [[-0.31700146546354635, -0.29223900084384435, -0.902278469919213], [-0.016864192917849574, 0.9529304209949774, -0.3027196916944208], [0.9482751024313536, -0.0807463877094646, -0.30700871482855213]], "T": [-0.021172641650557867, -0.08711427965714696, -0.03813026555020219], "aligned_model": [[-0.4816502247848489, 0.19930090375651427, 0.3840679699224904, 0.06156842635832151, -0.18629009632654922, -0.4447562037919742, 0.48562219665175854, -0.3124646929743715, 0.5905169124771908, -0.011023411224543412, -0.4107364642490283, -0.03651285335441106], [-0.20071892943237346, -0.7107487493423148, -0.34710819258504627, 0.6527985971984334, 0.3250299932677125, -0.7953174220763806, -0.23408551165421307, -0.40117156954034094, 0.24511316679001133, 0.32739417242996494, 0.256357921067643, -0.0639884401460385], [-0.429334273787024, 0.12791184529343544, -0.5653793536188891, 0.07068940332382836, -0.6764155260976947, -0.11550086395758738, 0.5432334082121091, 0.5028090750200709, -0.0647686971297044, 0.6307285213338014, 0.23579613732555424, -0.07781793056433717]], "inverted": false, "swapped": true, "error_lsq": 0.055419270730147636, "error_max": 0.3134505987330368, "target": "897.xyz", "model": "0.xyz", "model_rescale": 3.751011558992144, "target_rescale": 3.9079935225529576},
{"mapping": [7, 6, 4, 12, 11, 8, 1, 0, 3, 9, 5, 2, 14], "R": [[0.7883749853026987, 0.5928293454581464, -0.1643722899780714], [-0.3180353216644356, 0.16403267451302703, -0.9337809249850321], [-0.5266103082192451, 0.7884457171269109, 0.3178599289332684]], "T": [-0.027525918009847695, -0.0013246008224674088, 0.07332714158859903], "aligned_model": [[0.43933911595555475, 0.117841390605752, -0.7132108728267426, 0.6963574892619094, 0.3676663012468194, -0.6167551101294902, -0.1567246276861671, 0.16190459742954824, 0.5366125390793816, 0.06931191551534205, -0.2924243126243814, -0.10846825450728084, 0.013906747358657615], [0.08004348013865012, -0.37302571414007324, -0.1893980370088952, -0.13984899465495929, -0.6817436795554513, 0.2948622445144662, 0.25572117637552494, 0.6756766323409293, 0.48418683817302544, -0.43089744805108476, 0.005408649518623021, 0.6769137485564959, -0.03144078263272318], [-0.39045437945167766, -0.5626228353863593, -0.2731385785751574, 0.16702297429839985, -0.059277443783941605, 0.14749292846679163, -0.561433215773524, -0.21178674550757498, 0.2448856836384904, 0.5635099893672012, 0.6388972529506715, 0.5393520138670468, 0.09282489215117852]], "inverted": false, "swapped": false, "error_lsq": 0.05515645065686874, "error_max": 0.3212802172544848, "target": "897.xyz", "model": "1.xyz", "model_rescale": 3.9405287249114394, "target_rescale": 3.9079935225529576},
{"mapping": [9, 8, 1, 3, 4, 0, 2, 5, 11, 7, 6, 11, 12], "R": [[-0.036367410411498324, 0.9299627743627997, -0.3658505839265622], [0.9254124430017737, -0.10684694297747332, -0.3635870475056253], [-0.37721243589978704, -0.35178540202204733, -0.8567133762973099]], "T": [0.044171538672745536, -0.027855761694346184, 0.034295046937658974], "aligned_model": [[0.6443165532392154, 0.6251661595525415, -0.6520634540227488, 0.4185011919241742, 0.1013988669705351, -0.6242906850500287, -0.3294076048369981, -0.10988886903973882, 0.29585576955503107, -0.0814423876921499, -0.07748738242305087, 0.29585576955503107, 0.008842990947089513], [0.35097844294530567, -0.2408381005616757, -0.3744072408328795, -0.3509634206598134, -0.6768730415267719, 0.4290261735829505, 0.1720332395686155, 0.6242467284480339, 0.59541088929878, -0.5787859133745633, 0.11623031139892114, 0.59541088929878, -0.0350108440111548], [-0.3487084960957094, -0.4323670834619554, -0.11532192941016586, 0.3211372160540771, -0.22492942192596174, 0.25188902881389347, -0.49923343236802253, -0.24695931036604432, 0.2705322555272196, 0.590718413295461, 0.5439949624249898, 0.2705322555272196, -0.046011921753455864]], "inverted": true, "swapped": false, "error_lsq": 0.061574914706499194, "error_max": 0.5165397690600699, "target": "897.xyz", "model": "2.xyz", "model_rescale": 3.932901565614263, "target_rescale": 3.9079935225529576},
{"mapping": [8, 9, 6, 7, 5, 1, 10, 11, 3, 4, 0, 0, 13], "R": [[-0.8009683882511788, 0.3875009022793067, 0.4563909417977445], [0.3079047295917852, 0.920369513240887, -0.24106977535921492], [-0.5134630644139057, -0.05256433990316943, -0.8565002461489578]], "T": [0.04138362816395066, 0.07592599120541062, -0.005319607777706591], "aligned_model": [[0.6585901344530559, 0.49147472839553685, -0.49316774854680173, 0.611716851180485, 0.03663827279513373, -0.5357963054399495, -0.44894621574452975, 0.08154177816957889, 0.2947747849395654, -0.06348640120453689, -0.056102209089761886, -0.056102209089761886, -0.005778542139111359], [0.35924234609466676, -0.3097067659381868, -0.3357527894098757, -0.28743436691838875, -0.6283709705543625, 0.4919739021674469, 0.1738190532067676, 0.7219386387016227, 0.47306767709980135, -0.4966812700559294, 0.23112107326974723, 0.23112107326974723, 0.0021205126414717557], [-0.2838419537009207, -0.43948353707054005, -0.11240680556300994, 0.22366033067730035, -0.14934376170003658, 0.2009231640744876, -0.5182903992326549, -0.6207574036843999, 0.1915480662424226, 0.6461016121935308, 0.6391657118231305, 0.6391657118231305, -0.08116819962089514]], "inverted": false, "swapped": false, "error_lsq": 0.05305599059604087, "error_max": 0.37956651126852625, "target": "897.xyz", "model": "3.xyz", "model_rescale": 3.9243930471874484, "target_rescale": 3.9079935225529576},
{"mapping": [2, 7, 9, 4, 8, 5, 1, 0, 3, 10, 6, 6, 12], "R": [[-0.9810774116663283, 0.16550710761310344, 0.10047143697411062], [0.19084026415915417, 0.9141755401553242, 0.35757946719209965], [-0.03266658680919013, 0.3699871337104389, -0.9284623928813551]], "T": [-0.03914215193069138, -0.08811750747637968, 0.08014413731019329], "aligned_model": [[0.6522224395714407, 0.35945671050621775, -0.5776646508909881, 0.5266473588567557, 0.050193580951585125, -0.4379503277710854, -0.2732391886664027, 0.11813743087861445, 0.4191230823305242, 0.13700297112897908, -0.1887255834209462, -0.1887255834209462, -0.08112132137484535], [0.33755436057428656, -0.21408339621280786, -0.5069712164843175, -0.243810189935306, -0.6950696039351415, 0.5519280909321553, 0.11559815608283476, 0.6692524375834068, 0.3178993689300527, -0.4609807218776286, 0.3688612042075551, 0.3688612042075551, 0.017418419501883414], [-0.35807150901125484, -0.6040855760544196, -0.09941777496723195, -0.009350485722264074, -0.06115217669313791, 0.010024449521379097, -0.56317445078957, -0.2733756676683381, 0.35960190067587794, 0.6520476593203085, 0.6189500103553951, 0.6189500103553951, 0.04432614693940541]], "inverted": true, "swapped": false, "error_lsq": 0.05008824521115945, "error_max": 0.3166633398274505, "target": "897.xyz", "model": "4.xyz", "model_rescale": 3.8936222436046832, "target_rescale": 3.9079935225529576},
{"mapping": [1, 6, 0, 3, 7, 5, 2, 10, 9, 4, 8, 12], "R": [[0.45980289247753453, -0.7096879004294117, 0.533783087080685], [0.26862263219252386, 0.68408868534243, 0.6781331374150843], [-0.8464178528027708, -0.16842136019685638, 0.5051841880801377]], "T": [-0.08841386315374755, -0.02391524423571217, 0.022112359758710516], "aligned_model": [[0.014553776010507613, -0.6350271708560349, -0.22284026153410078, 0.47770912254705156, -0.7130011790021384, -0.5778688276266551, -0.21245131310926663, 0.07216315648909374, 0.6628670494057173, 0.40105410026818816, -0.12500833986357446, -0.11460207051369106], [-0.5485092807995703, -0.4254605635886865, 0.1444045639399556, 0.09381094452816996, 0.22802098214649708, 0.3119376206803742, -0.49773857954484485, 0.34228637592976535, 0.04360685098862788, -0.49880381004344543, 0.47495513550770896, 0.0004126653652553429], [-0.5528868006072802, -0.13670842347604495, -0.7347828285705769, -0.35437631232872024, -0.3134136343511332, 0.5242791052288792, 0.541645368163356, 0.4891215579883671, 0.36559262356892985, 0.021418511121017537, -0.28539046499205933, 0.0547860175307832]], "inverted": false, "swapped": true, "error_lsq": 0.057022931387735704, "error_max": 0.3358394497536879, "target": "897.xyz", "model": "5.xyz", "model_rescale": 3.6523030999806103, "target_rescale": 3.9079935225529576},
{"mapping": [2, 6, 5, 10, 8, 3, 1, 2, 4, 9, 7, 11, 12], "R": [[-0.004698556662221409, 0.9520360726222273, -0.305949734419459], [0.902855905692204, 0.13557481744695477, 0.4080081891714129], [0.4299175934083211, -0.27431147497009767, -0.8601883965607345]], "T": [-0.00794516430737794, -0.028565830758272542, 0.020691560231383965], "aligned_model": [[0.3192101614812423, 0.41155030196156067, -0.6124544472985056, 0.7479007046260383, -0.06610671850359767, -0.391855171982803, -0.20155568039360067, 0.3192101614812423, 0.28657681953383213, 0.17971241358686738, -0.4634777752151575, 0.09438358513997225, -0.10773743573818825], [0.49378955007591574, -0.3106482804371178, -0.32332555500482796, -0.08148894115576988, -0.689432719379125, 0.548293068049776, 0.1264494782140966, 0.49378955007591574, 0.44480048727201693, -0.4677800500275996, 0.08724258827950397, 0.3028505432534654, 0.001918394358277925], [-0.42239520681411247, -0.38805959565089265, -0.08695955089335969, 0.20661952603840453, -0.0958214939924453, 0.07056760478786905, -0.6280457425641853, -0.42239520681411247, 0.15601610314804193, 0.5634054611323491, 0.5165710921508778, 0.8295555891104238, 0.0362139566226869]], "inverted": false, "swapped": false, "error_lsq": 0.06233517129131058, "error_max": 0.3911303245197899, "target": "897.xyz", "model": "6.xyz", "model_rescale": 4.08911054899281, "target_rescale": 3.9079935225529576},
{"mapping": [7, 5, 11, 4, 10, 1, 13, 2, 6, 8, 9, 0, 14], "R": [[-0.22228352306630006, 0.5526277881234276, -0.8032387958552811], [0.6924051529062045, -0.49053726055222, -0.5291014082752561], [-0.6864146994362588, -0.6737772063551362, -0.2736039776649804]], "T": [0.04916994281426899, -0.01379403594901834, -0.01278768529207346], "aligned_model": [[0.484504855836743, 0.6108316632431662, -0.46153434079354627, 0.6428825415868863, -0.01223051166713287, -0.5064335800280546, -0.3200822562200468, 0.031822007082380845, 0.37258356571002227, 0.08200105379621611, -0.41504002978704463, 0.08932338691154898, -0.08327143699223585], [0.3437118183490832, -0.37373812389307065, -0.28921449995435555, -0.28216491796942483, -0.7245427041242489, 0.4432498117651073, 0.2257639115860378, 0.7720927199276516, 0.34428222042456197, -0.4839160327277546, -0.04358908778363641, 0.7151482430826461, -0.020625245108068825], [-0.5437886666317981, -0.3808604973039143, -0.1014204426048732, 0.2561582376078825, -0.11447944198157443, 0.12990676283840538, -0.5977315506609965, -0.19228865842241685, 0.11499333677458935, 0.4802198192973079, 0.6182263114872775, 0.580244386244651, 0.08609293961700547]], "inverted": false, "swapped": false, "error_lsq": 0.04842913854378236, "error_max": 0.30522408541596363, "target": "897.xyz", "model": "7.xyz", "model_rescale": 3.964800864290218, "target_rescale": 3.9079935225529576},
{"mapping": [7, 8, 10, 1, 5, 11, 9, 12, 2, 3, 6, 4, 13], "R": [[-0.5487344364291544, 0.5108735303948003, 0.6617391889700441], [-0.6585285887255076, -0.751773222636757, 0.03430917599617363], [0.5150054525031458, -0.416947547862196, 0.7489486806342156]], "T": [0.09536636578455222, 0.03335368079502195, 0.14036284599199797], "aligned_model": [[0.6209524591947095, 0.1908069595634358, -0.5185820137028332, 0.7970372513349688, 0.0173429557304179, -0.6222870751521656, -0.27397385515228173, 0.04998685040977337, 0.5393687047805308, -0.04554755310742205, -0.25632842316203625, -0.06518956082523066, 0.08177021876703616], [0.29847616182248304, -0.21390027703735637, -0.4177936093872324, -0.20792907924018011, -0.7400066087322111, 0.4451590972048744, 0.12120205724041111, 0.6149809242665896, 0.42688043186200514, -0.4814630634225698, 0.13187015122688073, 0.6505321268989889, -0.0015501991281550859], [-0.2600400678702839, -0.5813117030968828, -0.16731803234341955, 0.02828925743035507, -0.16769061208672445, 0.09013175780074775, -0.4338559195868137, -0.3395594253442943, 0.4346541080349897, 0.6313513214556405, 0.5910413385562671, 0.43769423536925334, 0.07188627794271035]], "inverted": true, "swapped": false, "error_lsq": 0.0505528802879926, "error_max": 0.3159809790432813, "target": "897.xyz", "model": "8.xyz", "model_rescale": 4.121658175737393, "target_rescale": 3.9079935225529576},
{"mapping": [11, 8, 1, 7, 6, 0, 2, 3, 11, 9, 5, 10, 12], "R": [[0.6667204765299338, 0.17431292192338535, 0.7246370204635076], [-0.1410506319099161, 0.9842057475501659, -0.10697553798431059], [-0.7318391390281825, -0.03088772797975097, 0.6807770727975037]], "T": [0.008969196929703459, -0.0020654507465984046, 0.06817172664751248], "aligned_model": [[0.5298305556949524, 0.4118182785671496, -0.600865020438028, 0.6034600446947305, 0.009390919100810503, -0.6910145787138926, -0.2551921701149509, -0.0070009075777455534, 0.5298305556949524, 0.07197309718012093, -0.07688316255538791, 0.0592795862863753, -0.06927027914018413], [0.337089248819921, -0.26397552900793547, -0.21685831896985563, -0.1708864298682672, -0.65669230317936, 0.33031603907507534, 0.1380251014268543, 0.6870157960966811, 0.337089248819921, -0.6972939871891187, 0.14307432246829638, 0.6920632728461603, -0.0325083477638442], [-0.06109392718468937, -0.47924864752238094, -0.17036122034607096, 0.33889486796577084, -0.15908486031611946, 0.20370586324024909, -0.5586774260293675, -0.316010498970689, -0.06109392718468937, 0.521909104107397, 0.6625467975225855, 0.3717092208745562, 0.04207719010499318]], "inverted": false, "swapped": false, "error_lsq": 0.05299337811166238, "error_max": 0.3086255886922997, "target": "897.xyz", "model": "9.xyz", "model_rescale": 3.833441315466971, "target_rescale": 3.9079935225529576},
{"mapping": [11, 12, 5, 10, 0, 3, 6, 7, 8, 13, 2, 9, 14], "R": [[0.9292064767109084, 0.011569439547776398, 0.3693798474565861], [-0.01786838258579893, 0.9997473569378327, 0.013636099133760354], [-0.36912876417622614, -0.019270972066000452, 0.9291784463133891]], "T": [0.005419811355658791, -0.007746485832837421, -0.11619769318314073], "aligned_model": [[0.5529718189028164, 0.29565484890443344, -0.49793635739321057, 0.761255270638032, 0.14264336612267564, -0.5678197658794212, -0.304367919810342, 0.0792679384431675, 0.5087219735415803, -0.09508026434778015, -0.3205615818725301, -0.014004001177631578, -0.025388407392886995], [0.36533863716451254, -0.1534357831696182, -0.3987098505257256, -0.2448495377565174, -0.6665145283941255, 0.6058808944042599, -0.012738174414451884, 0.6489681648319718, 0.2757492824513971, -0.4809866751041783, 0.0705225269958497, 0.5522078963969985, 0.06502526069415529], [-0.27846713292057373, -0.6236997216828791, 0.11011053980339087, 0.10345895884395072, -0.011234252782499371, 0.10556721626453498, -0.7205454512736638, -0.20096973167273274, 0.40713436706221456, 0.5175451564464889, 0.5196170186846065, 0.4703037406266917, -0.0635481711379844]], "inverted": false, "swapped": false, "error_lsq": 0.051070295927763625, "error_max": 0.3116991498827308, "target": "897.xyz", "model": "10.xyz", "model_rescale": 4.2482417240324, "target_rescale": 3.9079935225529576},
{"mapping": [9, 3, 1, 0, 2, 6, 4, 7, 8, 5, 10, 12], "R": [[-0.4293282734859142, -0.5901920752489501, 0.6836304176226666], [0.8970242155797495, -0.19065506581503847, 0.39874578686501294], [-0.1049990011816258, 0.7844258793489675, 0.6112701935792878]], "T": [-0.04925035994033565, 0.0880248880309114, -0.055978537589102026], "aligned_model": [[-0.7636065492760581, -0.07040894532228444, 0.3259565487061482, 0.6505953921422886, -0.4226685800675244, 0.37733378207727936, -0.3620383139936533, 0.6021130977968655, 0.2483924740347651, -0.14944952605227302, -0.5005034513267052, -0.05895032635584153], [-0.32855399141826974, -0.5853394837364487, -0.09273547539948364, -0.27175443001747274, 0.6359879702573122, 0.5732519837488025, -0.10372754354123313, 0.29072770759417754, -0.23583662817132323, 0.5963592617629171, 0.07189896190379393, 0.1158530570678673], [-0.00013763410952825905, 0.09312259509873706, 0.6095819322793223, -0.04778670517016438, 0.20879246212745517, 0.20446229676506494, 0.5189068591314835, -0.3734625259594507, -0.4449403100644628, -0.6357121324139846, -0.47322762279012726, -0.09440692503998836]], "inverted": true, "swapped": true, "error_lsq": 0.04996658806986721, "error_max": 0.29142879363750646, "target": "897.xyz", "model": "11.xyz", "model_rescale": 3.6694154284099745, "target_rescale": 3.9079935225529576},
{"mapping": [4, 3, 2, 11, 8, 12, 1, 0, 6, 9, 10, 5, 13], "R": [[-0.8091316032268789, 0.5547821489138852, -0.19370806876842486], [0.3996284763004011, 0.7611874407956822, 0.5107746674461646], [0.4308168167438696, 0.3358726651893721, -0.8376075591762933]], "T": [0.03427311834368715, 0.09864804297228127, 0.144617604532001], "aligned_model": [[0.5074849180275299, 0.14749514283680104, -0.3918367566823271, 0.6817660151916821, 0.10560818553200428, -0.5906538923599021, -0.2840117954845325, 0.11900414031000059, 0.4760871664529468, 0.16570737834383967, -0.4303118066564029, -0.03355087715312652, 0.04256910032038924], [0.13391275250610593, -0.32140114840189116, -0.2591559095443855, -0.23981996614292553, -0.6363632665028922, 0.36553112534771703, 0.18771681147032135, 0.7121909782067929, 0.4154141778851602, -0.512158874197282, -0.18526660249263102, 0.7883652753852577, 0.1774927600551808], [-0.4232781981041569, -0.5983415804835056, -0.19702589293441147, 0.25054684621745166, -0.020511237418516792, 0.14747275800448517, -0.6346352185037373, -0.21192634081810952, 0.3005483459505386, 0.6489252607559728, 0.4718516321966626, 0.5499086572633864, 0.05173750413548621]], "inverted": true, "swapped": false, "error_lsq": 0.05249418103612177, "error_max": 0.33421922293579953, "target": "897.xyz", "model": "12.xyz", "model_rescale": 3.9764082729961374, "target_rescale": 3.9079935225529576},
{"mapping": [3, 14, 12, 4, 6, 1, 11, 8, 7, 5, 9, 2, 15], "R": [[0.16670013987131158, -0.9584819539713726, 0.23135126383511545], [0.9691094870048343, 0.20252245074808398, 0.14075318518675448], [-0.18176321290104896, 0.2007411289552042, 0.9626344755833744]], "T": [-0.0438195771530264, -0.010204578085139436, 0.04428903444075359], "aligned_model": [[0.5231697059618775, 0.2699450771743218, -0.6583448938195468, 0.5533361053665776, 0.2513259591258239, -0.5186181984632886, -0.11464003305465592, -0.038682659800582386, 0.5413214010154356, -0.008399190349487447, -0.3070838147094556, -0.03978384309862707, 0.06181130333050997], [0.3706970333316297, -0.2734958432485194, -0.18194516408263275, -0.2361554427791669, -0.6886740913720136, 0.38397433813286513, 0.20532381256205637, 0.6249048256974312, 0.3908773698181323, -0.5986927402506893, -0.0687319770469765, 0.7122366647050902, -0.013860671892677957], [-0.4475245100723754, -0.6420326765363769, 0.053083421595000194, 0.3732495478124882, -0.14604498157890966, 0.19432846083284944, -0.7166818418747107, -0.2659729418883007, 0.3046292074013689, 0.6403183835708274, 0.5816581918290579, 0.38240421817622283, 0.023858056994404027]], "inverted": true, "swapped": false, "error_lsq": 0.04797675927644563, "error_max": 0.28167368350345384, "target": "897.xyz", "model": "13.xyz", "model_rescale": 4.170626492500431, "target_rescale": 3.9079935225529576},
{"mapping": [8, 7, 3, 10, 1, 6, 2, 4, 12, 9, 11, 5, 13], "R": [[0.8865030263510958, 0.07036828988723572, 0.45734088823184693], [0.04352234086257176, 0.971307174760843, -0.23381227107222505], [-0.4606714557210928, 0.22717983193156802, 0.8580041572436314]], "T": [0.014782716853886265, 0.02075394115226281, -0.09379082420868942], "aligned_model": [[0.6824333673695042, 0.6263657318789114, -0.5917326736493668, 0.47828211179191815, -0.02779511748524408, -0.6269540011748461, -0.426891647207509, 0.1403377327724706, 0.45138893733942936, 0.12035151442750261, -0.17992361510447952, -0.1065993202550509, -0.023906102024337347], [0.25618779616478027, -0.41470799360549926, -0.27416782098320935, -0.11443380880314166, -0.7317178356674795, 0.44758311186178695, 0.1898169918435696, 0.6432055112269012, 0.5013373274673713, -0.5959404325113786, -0.013866949645952587, 0.675517932335887, 0.057644283890892906], [-0.3182230001214596, -0.4000079399921388, 0.04985401465257283, 0.19813534476028585, -0.2447471854793417, 0.2430772668821983, -0.5512551487830274, -0.40978625373627364, 0.24402678666647734, 0.42084469432296867, 0.5848478788924544, 0.5257011816096282, -0.007195103412798956]], "inverted": false, "swapped": false, "error_lsq": 0.048497416741872086, "error_max": 0.31196273306256345, "target": "897.xyz", "model": "14.xyz", "model_rescale": 3.9786697098870705, "target_rescale": 3.9079935225529576},
{"mapping": [2, 4, 7, 5, 6, 0, 9, 3, 8, 10, 1, 12], "R": [[-0.026144003434470875, -0.9936771023941265, -0.10918931844292856], [-0.7217856496594347, -0.0568055878715793, 0.6897815604466913], [-0.6916227056930148, 0.09684493463355309, -0.7157367474188374]], "T": [0.040526507909328914, -0.05124328425619556, -0.042956317951149195], "aligned_model": [[-0.3110080953249843, -0.631451556480901, 0.6738248233064029, 0.539353556246797, 0.10339455549540194, 0.35560579406966103, -0.43122372974147033, -0.17876139361255997, 0.48462142132151204, 0.1544635678903374, -0.3467382017591744, 0.07127385535631411], [-0.4337924717337603, 0.023527944323024137, 0.2625225168090893, -0.5792502578022866, 0.23890450087330123, 0.6529057637052719, -0.4575026128173771, 0.242512689015484, 0.13227839583211218, -0.6021274113681273, 0.621309059068721, -0.08661362568101313], [-0.5327398729895654, 0.0462247502886388, -0.3011096363549475, -0.32029178468637615, -0.6731234895937076, 0.11257985857858722, 0.5041871785652928, 0.5416107484177561, 0.29448745449057845, 0.20509855891950218, -0.1618035411772339, -0.05515373058469488]], "inverted": true, "swapped": true, "error_lsq": 0.06413015070379176, "error_max": 0.33154005746877696, "target": "897.xyz", "model": "15.xyz", "model_rescale": 3.769337070930944, "target_rescale": 3.9079935225529576},
{"mapping": [8, 3, 5, 10, 7, 0, 6, 1, 2, 9, 12], "R": [[0.11722386483404518, -0.09915249555204045, 0.9881433844028771], [0.9347509540239711, -0.3250340040211702, -0.14350453017672282], [0.3354090330695427, 0.9404901269315742, 0.054581147657281226]], "T": [-0.03041593033004219, 0.0776804992486091, 0.04889908350158573], "aligned_model": [[-0.19459869447136793, -0.3171068640249171, -0.13351483387442495, -0.5617389927908432, 0.35678052235592717, 0.26589762950906914, 0.646480488112173, 0.4745275952047344, 0.13423312505764817, -0.7059532071701009, -0.04238063721672715], [-0.11549680681723722, -0.5493490906310674, 0.7927149321378817, 0.3868190241354519, 0.1882147616590693, -0.4445748513767557, 0.24082178232078943, -0.4835538515247404, 0.5378845001316498, -0.07848635932485191, 0.1210704569151527], [-0.48071903091744556, 0.07611328241132616, -0.23855721795357776, 0.038157909991792714, -0.5867265562161508, -0.45976579981599214, 0.027805167400417573, 0.2644757795230818, 0.5693905387898581, 0.5030160667004302, 0.031027467310036597]], "inverted": true, "swapped": true, "error_lsq": 0.05337575286244864, "error_max": 0.3010651641158471, "target": "897.xyz", "model": "16.xyz", "model_rescale": 3.7852294659196426, "target_rescale": 3.9079935225529576},
{"mapping": [1, 3, 9, 2, 8, 10, 0, 4, 5, 11, 6, 6, 12], "R": [[0.2308501389761186, 0.7432054558518535, -0.6279760056934864], [0.9677871714272998, -0.2420400511297423, 0.06931525423641244], [-0.1004798694040428, -0.6237485583479538, -0.7751396853492898]], "T": [0.12473187462428209, -0.0033977489463363486, -0.03117505173015617], "aligned_model": [[0.7436254303130008, 0.5100455216199633, -0.655906078874229, 0.614064489656303, -0.07549454987280269, -0.559939027344081, -0.21290268453889427, 0.002952659170420313, 0.31593694706320696, -0.01281679744391745, -0.09808704104814586, -0.09808704104814586, 0.041965091026224755], [0.2585506241504504, -0.24581238513503584, -0.37143528699077155, -0.3404678629029684, -0.6126024644793343, 0.3335389462868764, 0.01616994134602859, 0.605948896699294, 0.6104014823150878, -0.4486393491272491, 0.4199914529222487, 0.4199914529222487, -0.019177334432347194], [-0.1815345236831767, -0.6832976696195715, -0.08031303764420156, 0.11382271091967255, -0.1451263779968646, 0.22758061426054127, -0.6239373697751135, -0.3712532386423058, 0.10630270842359785, 0.5351926333595641, 0.7161445254666619, 0.7161445254666619, 0.005547035726079622]], "inverted": true, "swapped": false, "error_lsq": 0.05287418158220009, "error_max": 0.40999959151086657, "target": "897.xyz", "model": "17.xyz", "model_rescale": 3.901054581598922, "target_rescale": 3.9079935225529576},
{"mapping": [7, 6, 4, 12, 11, 8, 1, 0, 3, 9, 5, 2, 14], "R": [[0.7883749853026987, 0.5928293454581464, -0.1643722899780714], [-0.3180353216644356, 0.16403267451302703, -0.9337809249850321], [-0.5266103082192451, 0.7884457171269109, 0.3178599289332684]], "T": [-0.027525918009847695, -0.0013246008224674088, 0.07332714158859903], "aligned_model": [[0.43933911595555475, 0.117841390605752, -0.7132108728267426, 0.6963574892619094, 0.3676663012468194, -0.6167551101294902, -0.1567246276861671, 0.16190459742954824, 0.5366125390793816, 0.06931191551534205, -0.2924243126243814, -0.10846825450728084, 0.013906747358657615], [0.08004348013865012, -0.37302571414007324, -0.1893980370088952, -0.13984899465495929, -0.6817436795554513, 0.2948622445144662, 0.25572117637552494, 0.6756766323409293, 0.48418683817302544, -0.43089744805108476, 0.005408649518623021, 0.6769137485564959, -0.03144078263272318], [-0.39045437945167766, -0.5626228353863593, -0.2731385785751574, 0.16702297429839985, -0.059277443783941605, 0.14749292846679163, -0.561433215773524, -0.21178674550757498, 0.2448856836384904, 0.5635099893672012, 0.6388972529506715, 0.5393520138670468, 0.09282489215117852]], "inverted": false, "swapped": false, "error_lsq": 0.05515645065686874, "error_max": 0.3212802172544848, "target": "897.xyz", "model": "18.xyz", "model_rescale": 3.9405287249114394, "target_rescale": 3.9079935225529576},
{"mapping": [14, 10, 5, 3, 2, 7, 11, 13, 12, 1, 0, 4, 15], "R": [[0.0870282979162601, -0.6899929070882034, 0.7185651421616335], [-0.6329432012403731, 0.5187069531565517, 0.5747399418438182], [-0.7692912188276866, -0.504829560262686, -0.39158413619501475]], "T": [-0.028746901577414254, 0.1161352791841531, 0.08301216780304582], "aligned_model": [[0.5533319843412426, 0.32493548766391284, -0.6362223266528741, 0.7521103496205672, -0.09038223934752901, -0.562921544029158, -0.1028235377672525, 0.03652464348272535, 0.41471986876682354, 0.22017033701064764, -0.2361191401882155, -0.13255840891359208, -0.02540855530839546], [0.2870715179004706, -0.33546594153447856, -0.36785129444554193, -0.22074558935136612, -0.7205354634247189, 0.5713622313356581, 0.10190272706899935, 0.6489567019358974, 0.34998021602866297, -0.33660618757648375, -0.006981736847241363, 0.5741967885628094, 0.08117414392186119], [-0.3983441814200622, -0.4544533119559005, -0.21362438967840253, 0.12993581365725884, -0.14394253387402695, 0.13825184862893158, -0.633593224537051, -0.32093189049492715, 0.30390316201066625, 0.49360295750559086, 0.726839173273476, 0.6434297381792933, 0.06419937496669914]], "inverted": false, "swapped": false, "error_lsq": 0.04159362922354707, "error_max": 0.28481815341028976, "target": "897.xyz", "model": "19.xyz", "model_rescale": 4.410303926677745, "target_rescale": 3.9079935225529576},
{"mapping": [7, 8, 10, 1, 5, 11, 9, 12, 2, 3, 6, 4, 13], "R": [[-0.5487344364291544, 0.5108735303948003, 0.6617391889700441], [-0.6585285887255076, -0.751773222636757, 0.03430917599617363], [0.5150054525031458, -0.416947547862196, 0.7489486806342156]], "T": [0.09536636578455222, 0.03335368079502195, 0.14036284599199797], "aligned_model": [[0.6209524591947095, 0.1908069595634358, -0.5185820137028332, 0.7970372513349688, 0.0173429557304179, -0.6222870751521656, -0.27397385515228173, 0.04998685040977337, 0.5393687047805308, -0.04554755310742205, -0.25632842316203625, -0.06518956082523066, 0.08177021876703616], [0.29847616182248304, -0.21390027703735637, -0.4177936093872324, -0.20792907924018011, -0.7400066087322111, 0.4451590972048744, 0.12120205724041111, 0.6149809242665896, 0.42688043186200514, -0.4814630634225698, 0.13187015122688073, 0.6505321268989889, -0.0015501991281550859], [-0.2600400678702839, -0.5813117030968828, -0.16731803234341955, 0.02828925743035507, -0.16769061208672445, 0.09013175780074775, -0.4338559195868137, -0.3395594253442943, 0.4346541080349897, 0.6313513214556405, 0.5910413385562671, 0.43769423536925334, 0.07188627794271035]], "inverted": true, "swapped": false, "error_lsq": 0.0505528802879926, "error_max": 0.3159809790432813, "target": "897.xyz", "model": "20.xyz", "model_rescale": 4.121658175737393, "target_rescale": 3.9079935225529576},
{"mapping": [2, 6, 5, 10, 8, 3, 1, 2, 4, 9, 7, 11, 12], "R": [[-0.004698556662221409, 0.9520360726222273, -0.305949734419459], [0.902855905692204, 0.13557481744695477, 0.4080081891714129], [0.4299175934083211, -0.27431147497009767, -0.8601883965607345]], "T": [-0.00794516430737794, -0.028565830758272542, 0.020691560231383965], "aligned_model": [[0.3192101614812423, 0.41155030196156067, -0.6124544472985056, 0.7479007046260383, -0.06610671850359767, -0.391855171982803, -0.20155568039360067, 0.3192101614812423, 0.28657681953383213, 0.17971241358686738, -0.4634777752151575, 0.09438358513997225, -0.10773743573818825], [0.49378955007591574, -0.3106482804371178, -0.32332555500482796, -0.08148894115576988, -0.689432719379125, 0.548293068049776, 0.1264494782140966, 0.49378955007591574, 0.44480048727201693, -0.4677800500275996, 0.08724258827950397, 0.3028505432534654, 0.001918394358277925], [-0.42239520681411247, -0.38805959565089265, -0.08695955089335969, 0.20661952603840453, -0.0958214939924453, 0.07056760478786905, -0.6280457425641853, -0.42239520681411247, 0.15601610314804193, 0.5634054611323491, 0.5165710921508778, 0.8295555891104238, 0.0362139566226869]], "inverted": false, "swapped": false, "error_lsq": 0.06233517129131058, "error_max": 0.3911303245197899, "target": "897.xyz", "model": "21.xyz", "model_rescale": 4.08911054899281, "target_rescale": 3.9079935225529576},
{"mapping": [11, 15, 4, 9, 14, 0, 2, 1, 8, 12, 7, 6, 16], "R": [[0.3002899116218234, -0.893248889240757, -0.3345629848747644], [0.8526300343685019, 0.09413061528469979, 0.5139663916628121], [-0.42760728884213933, -0.4395973716212122, 0.789877305277723]], "T": [0.0679466541273486, -0.0025566095328139263, 0.08294988838705797], "aligned_model": [[0.6511104823712406, 0.3457660960062968, -0.5899035586004303, 0.6145283076254969, 0.15739960916911627, -0.5533177684741712, -0.2463773415307767, -0.00020771553867179882, 0.35614800532707336, 0.043171508897366165, -0.25946671781541786, -0.025148369285754923, 0.021654380527535447], [0.31869652655477937, -0.17825901728879998, -0.07022853212781655, -0.4029587150345546, -0.6143837111500151, 0.4460600468312402, -0.032117522460234756, 0.5806095742587539, 0.6280759095174814, -0.61313995417661, -0.0006561508368193372, 0.5651979015784503, -0.0004382420913264483], [-0.29468671238180577, -0.5677820376139584, -0.13828707591608727, 0.3031185999051156, -0.0887718414786001, 0.19632100914367195, -0.5663423474772414, -0.4511573716679296, 0.0807992738225804, 0.49712820440144495, 0.7142921570015126, 0.5568193432793225, 0.09382133524351985]], "inverted": true, "swapped": false, "error_lsq": 0.04355561310695964, "error_max": 0.256013997650728, "target": "897.xyz", "model": "22.xyz", "model_rescale": 4.204369325754507, "target_rescale": 3.9079935225529576},
{"mapping": [14, 10, 5, 3, 2, 7, 11, 13, 12, 1, 0, 4, 15], "R": [[0.0870282979162601, -0.6899929070882034, 0.7185651421616335], [-0.6329432012403731, 0.5187069531565517, 0.5747399418438182], [-0.7692912188276866, -0.504829560262686, -0.39158413619501475]], "T": [-0.028746901577414254, 0.1161352791841531, 0.08301216780304582], "aligned_model": [[0.5533319843412426, 0.32493548766391284, -0.6362223266528741, 0.7521103496205672, -0.09038223934752901, -0.562921544029158, -0.1028235377672525, 0.03652464348272535, 0.41471986876682354, 0.22017033701064764, -0.2361191401882155, -0.13255840891359208, -0.02540855530839546], [0.2870715179004706, -0.33546594153447856, -0.36785129444554193, -0.22074558935136612, -0.7205354634247189, 0.5713622313356581, 0.10190272706899935, 0.6489567019358974, 0.34998021602866297, -0.33660618757648375, -0.006981736847241363, 0.5741967885628094, 0.08117414392186119], [-0.3983441814200622, -0.4544533119559005, -0.21362438967840253, 0.12993581365725884, -0.14394253387402695, 0.13825184862893158, -0.633593224537051, -0.32093189049492715, 0.30390316201066625, 0.49360295750559086, 0.726839173273476, 0.6434297381792933, 0.06419937496669914]], "inverted": false, "swapped": false, "error_lsq": 0.04159362922354707, "error_max": 0.28481815341028976, "target": "897.xyz", "model": "23.xyz", "model_rescale": 4.410303926677745, "target_rescale": 3.9079935225529576},
{"mapping": [1, 3, 5, 10, 4, 6, 0, 7, 11, 8, 15, 14, 16], "R": [[0.8679867420361916, -0.43965467326909446, -0.23087395678604292], [0.42762168017121804, 0.8981149365164774, -0.10261217984990037], [0.2524652734475424, -0.009660697627478086, 0.9675577277994364]], "T": [-0.0016244784069916335, 0.14442999613265128, 0.06075807432748154], "aligned_model": [[0.6668000756755298, 0.3539488693622568, -0.5276445232216607, 0.5436652950245883, -0.019460962366140516, -0.6928119421508296, -0.16245938533344034, 0.1277598957805246, 0.4701306346163487, 0.17393053100848677, -0.3582494041671257, -0.11403085134084455, 0.05377868579120882], [0.2628080317707523, -0.4113074282483937, -0.19262756311634038, -0.18426409997759968, -0.5368031649284366, 0.3834222633000396, 0.09473828963878986, 0.6451863870372601, 0.5083659732361572, -0.5458515047255043, -0.028301367102997077, 0.5413258010444365, 0.08976649564636442], [-0.46415201868691663, -0.5507764660973031, -0.012023431800233339, 0.1964164704878976, -0.03664630494698122, 0.26822054311966986, -0.6754814777925169, -0.3568944335862064, 0.27457857034415106, 0.471122004877667, 0.6543039691966843, 0.5974036905230462, -0.030798579377412108]], "inverted": false, "swapped": false, "error_lsq": 0.04038531644825034, "error_max": 0.19806439392683498, "target": "897.xyz", "model": "24.xyz", "model_rescale": 4.28219845311461, "target_rescale": 3.9079935225529576},
{"mapping": [12, 13, 4, 14, 2, 1, 7, 9, 11, 6, 8, 5, 15], "R": [[-0.024852590064423127, -0.43549670091040016, -0.8998471938408474], [0.15728055191639423, 0.8872119241749892, -0.43372552333311915], [0.9872411948232125, -0.1523076659195824, 0.04644564722516756]], "T": [-0.011096038248361285, 0.04609138035316433, 0.0029125921224035026], "aligned_model": [[0.6739696934280462, 0.22790865113143083, -0.5895395106302386, 0.6449569065719254, 0.10478404176753395, -0.5411457035876607, -0.23305195895105915, 0.0384954861202609, 0.4186762515558746, 0.04196544723944048, -0.0824198872134066, -0.13431706079911168, -0.05492543795413318], [0.20957502472804113, -0.15263268461476176, -0.2693711908941558, -0.2958972713700498, -0.624283716651465, 0.19659327999109844, 0.19644250079699344, 0.645066954447053, 0.3457775843731068, -0.5173187019868618, 0.16385353928048516, 0.7392654079569072, -0.010612612481863133], [-0.2943716851907458, -0.5033501473657965, -0.31416009422339, 0.1839731360843532, -0.07421756254788842, 0.3289094162261686, -0.72761880049295, -0.30634882840812844, 0.15110513338253523, 0.7043045601662743, 0.6833470411492085, 0.482085867641077, 0.02161449984082798]], "inverted": true, "swapped": false, "error_lsq": 0.045947310508661146, "error_max": 0.31584304196012475, "target": "897.xyz", "model": "25.xyz", "model_rescale": 4.100010024507729, "target_rescale": 3.9079935225529576},
{"mapping": [9, 3, 1, 0, 2, 6, 4, 7, 8, 5, 10, 12], "R": [[-0.4293282734859142, -0.5901920752489501, 0.6836304176226666], [0.8970242155797495, -0.19065506581503847, 0.39874578686501294], [-0.1049990011816258, 0.7844258793489675, 0.6112701935792878]], "T": [-0.04925035994033565, 0.0880248880309114, -0.055978537589102026], "aligned_model": [[-0.7636065492760581, -0.07040894532228444, 0.3259565487061482, 0.6505953921422886, -0.4226685800675244, 0.37733378207727936, -0.3620383139936533, 0.6021130977968655, 0.2483924740347651, -0.14944952605227302, -0.5005034513267052, -0.05895032635584153], [-0.32855399141826974, -0.5853394837364487, -0.09273547539948364, -0.27175443001747274, 0.6359879702573122, 0.5732519837488025, -0.10372754354123313, 0.29072770759417754, -0.23583662817132323, 0.5963592617629171, 0.07189896190379393, 0.1158530570678673], [-0.00013763410952825905, 0.09312259509873706, 0.6095819322793223, -0.04778670517016438, 0.20879246212745517, 0.20446229676506494, 0.5189068591314835, -0.3734625259594507, -0.4449403100644628, -0.6357121324139846, -0.47322762279012726, -0.09440692503998836]], "inverted": true, "swapped": true, "error_lsq": 0.04996658806986721, "error_max": 0.29142879363750646, "target": "897.xyz", "model": "26.xyz", "model_rescale": 3.6694154284099745, "target_rescale": 3.9079935225529576},
{"mapping": [1, 3, 9, 6, 12, 8, 7, 5, 0, 11, 10, 4, 13], "R": [[0.12517691012638066, 0.8918262802087022, 0.4347144201660691], [0.7131022250701979, -0.38551207015157934, 0.5855473169329505], [0.689794141589464, 0.23669881642406543, -0.6842205145509024]], "T": [0.005997625768221097, 0.07702780529536932, 0.06046948862789232], "aligned_model": [[0.7073104626417411, 0.05159720693674411, -0.4922188993980559, 0.6124659430089726, 0.23146953242959123, -0.5469428885545455, -0.15213674673383265, 0.15768054973436058, 0.4501060206553838, -0.04634790473407897, -0.3726973241176594, -0.12626843168246332, 0.04133939849274475], [0.353057533918807, -0.4090432432168086, -0.3686790237459735, -0.20789515381559706, -0.6832631990113653, 0.39732377446336464, 0.14943366800296778, 0.7657682034676369, 0.521949534302186, -0.5884558559446936, 0.02234001163842808, 0.6070650978331728, 0.06685676568240305], [-0.3995463235440764, -0.58333703069998, -0.0736545288615366, -0.08854567623465902, 0.08967259521251215, 0.06541642558507535, -0.5444101985805588, -0.29814932602596705, 0.2647872112597641, 0.5995120762813596, 0.5246786010422255, 0.6745515097411748, 0.10429720108621185]], "inverted": true, "swapped": false, "error_lsq": 0.050540507285126275, "error_max": 0.3495220169224656, "target": "897.xyz", "model": "27.xyz", "model_rescale": 4.103607728864725, "target_rescale": 3.9079935225529576},
{"mapping": [1, 4, 11, 2, 13, 6, 8, 7, 0, 12, 10, 9, 14], "R": [[-0.11366904904849978, -0.08029138894795923, 0.9902689736375758], [0.7053028856076209, -0.7085160672642538, 0.023512166679383217], [0.6997336542156404, 0.7011121702617944, 0.13716609591595014]], "T": [-0.05331436950229817, 0.05175173735813865, 0.16063084573931027], "aligned_model": [[0.620435666869469, 0.41913097988639586, -0.6668362311295035, 0.6184536261070587, -0.16213025504291123, -0.5353264579679745, -0.08711836153452887, -0.15473445041528858, 0.5239613320517429, 0.3016329772817199, -0.2967393609270975, -0.15462975428049544, 0.08925720778031615], [0.42674247033135304, -0.40955058311409315, -0.0661726417515361, -0.2413960966031497, -0.5240757234218301, 0.46251592811436315, -0.04453111458383273, 0.4529997784441089, 0.4476871691325634, -0.6734261309341059, 0.010105584231002107, 0.6883988229378913, 0.097160650791794], [-0.2957721239575606, -0.4603400457704664, -0.12528172757003844, 0.09649962283756353, -0.11587299043553753, 0.17492731443653173, -0.6529211681794221, -0.42995803180212944, 0.30091498326931265, 0.4529030775281653, 0.6064841262983971, 0.6651500299960088, 0.11853946961072091]], "inverted": true, "swapped": false, "error_lsq": 0.0574390281187293, "error_max": 0.3250471431498279, "target": "897.xyz", "model": "28.xyz", "model_rescale": 4.137296879288765, "target_rescale": 3.9079935225529576},
