[{"mapping": [7, 9, 8, 1, 5, 6, 11, 10, 12, 3, 2, 13], "R": [[-0.4260376768328438, -0.7800394144053963, -0.4582907482079035], [-0.7618814350076385, 0.03616586368059793, 0.6467060455067188], [-0.4878817243037241, 0.6246843541167997, -0.6097055689528366]], "T": [-0.08243618260378158, -0.09079522092733255, 0.03367844852470732], "aligned_model": [[-0.23313290337792056, 0.29260296514384376, 0.4418522812683634, -0.18727667147259594, -0.0521729354045429, -0.630025838118233, 0.342183494111996, -0.3946509286232526, 0.5883001931438131, 0.16714781135678142, -0.3595346422000899, -0.1376503633676141], [-0.45364008947578555, -0.5954436106828078, -0.1859785644228188, 0.5505011471552481, 0.29773039858102374, -0.4895667745636028, -0.24058727533638208, -0.577385229495457, 0.1716837287532973, 0.415964330650423, 0.28297174200076747, -0.12269476718684845], [-0.5874278123266313, -0.08628032969775688, -0.5689165183672343, -0.03252601019505667, -0.6235172894022831, -0.06153382549415555, 0.602178595519509, 0.6127055923858156, -0.07343129338816735, 0.34369367685516483, 0.5435548971427765, 0.11345206232158217]], "inverted": true, "swapped": true, "error_lsq": 0.044464743344363344, "error_max": 0.2948755543892169, "target": "898.xyz", "model": "0.xyz", "model_rescale": 3.751011558992144, "target_rescale": 4.109070375635266},
{"mapping": [6, 7, 11, 12, 1, 0, 4, 8, 2, 5, 10, 9, 13, 14], "R": [[0.7381833170555374, 0.6690729249414725, 0.08617895062686036], [-0.5193142880132727, 0.645143447698328, -0.5604485722679491], [-0.4305787508530256, 0.36895982572927577, 0.8236932598435359]], "T": [-0.014717686017644243, 0.012904408144835108, -0.07686082575972641], "aligned_model": [[0.09617666852093142, 0.3417541886966412, 0.48420672432814493, 0.7274650793888535, -0.29763140925826087, -0.01852154800004268, -0.6949539675452245, -0.6315357514840833, -0.15470732580599683, -0.1775918830981632, -0.24051118665888796, 0.24841175374105637, 0.35604443693338733, 0.03467072136592941], [-0.6569814998611565, -0.17215930221828457, -0.5819052067104729, 0.006637042547797449, -0.17472893073372442, 0.3907988182326456, -0.3904336253493428, 0.25456869285921946, 0.8278442137791862, 0.3425901479987903, -0.5373243335812605, -0.025936788666049496, 0.5265239739556392, 0.003459064381987141], [-0.3972996774250662, -0.6044556034457479, 0.1075488913472169, -0.11003561949303521, -0.6854979136694689, -0.7346494422300099, -0.06378405473672408, -0.0374641285936235, -0.08061794336257255, 0.42798108598883944, 0.4876915411430712, 0.5260022438480116, 0.27843143154648603, -0.05505754296370492]], "inverted": false, "swapped": false, "error_lsq": 0.037697071737388135, "error_max": 0.22670689333227517, "target": "898.xyz", "model": "1.xyz", "model_rescale": 3.9405287249114394, "target_rescale": 4.109070375635266},
{"mapping": [12, 9, 11, 4, 6, 3, 5, 7, 0, 2, 0, 1, 13], "R": [[-0.9811286108808099, 0.05413812794500246, -0.1856224986732563], [-0.0026753446642509456, 0.9561096071936696, 0.29299703336876076], [0.19333776517281864, 0.287964376502681, -0.9379216526039915]], "T": [-0.02190786641116782, 0.087485558580708, -0.1087281084569649], "aligned_model": [[-0.4292018159459541, 0.19794972679695935, -0.4789993607620902, 0.4315980528073473, 0.5410072206805141, -0.6498561249495532, 0.13078754448578256, 0.6645269528068453, -0.05061826024437316, -0.44848037636303195, -0.05061826024437316, -0.3358151710698351, -0.026296848714306226], [0.6626555664575728, 0.581598104498867, 0.25583895112477106, -0.2592063911166301, -0.263668902001732, 0.06209228654918159, 0.30221585075041923, 0.2978923224220591, -0.808353161531562, -0.4546887622522691, -0.808353161531562, -0.12185879291307433, 0.01266868311597541], [0.07442778770908814, -0.4511166286700271, -0.645995683844082, 0.34304996661980486, -0.27532855706795534, 0.033549863441435374, 0.6084533694205091, 0.048355055019257576, 0.13169965820010296, -0.13201311060821866, 0.13169965820010296, 0.42444422461754494, -0.17810525344891842]], "inverted": false, "swapped": true, "error_lsq": 0.05535726793499936, "error_max": 0.41510221210950615, "target": "898.xyz", "model": "2.xyz", "model_rescale": 3.932901565614263, "target_rescale": 4.109070375635266},
{"mapping": [10, 6, 12, 5, 1, 2, 3, 0, 4, 7, 8, 9, 4, 13], "R": [[-0.1924770531178323, 0.8379717144943568, -0.5106427221947487], [0.6295413968001193, 0.5046192904787876, 0.5907935353333174], [0.752748439877513, -0.20775653391427457, -0.6246655175995367]], "T": [-0.11903704144745404, -0.1555670742304972, -0.026545130946866197], "aligned_model": [[0.1722098795546158, 0.40885907232755964, 0.580177641267729, 0.5411547056840089, -0.42608390982339356, -0.03872660713312277, -0.609861160616341, -0.5418545158663268, 0.0643201047255172, -0.06849934924155887, -0.3702824557188719, 0.3060239687941703, 0.0643201047255172, -0.008480977555218608], [-0.6642156472824766, -0.05572992743221894, -0.4612370060728386, 0.08430702842995505, -0.21623688860468948, 0.37032178472239596, -0.1820571374873459, 0.3121079693384639, 0.6931937917750888, 0.25011375677287995, -0.5159581105385731, -0.31060403744341036, 0.6931937917750888, -0.18424710131734562], [-0.43836705901800666, -0.4485054346037095, -0.05473254662371138, 0.12644819422458067, -0.6979690023995299, -0.667786891399012, 0.11156873031243478, -0.2533837654248206, -0.12252197097885811, 0.558785162451702, 0.5614861337732026, 0.5523154887181209, -0.12252197097885811, -0.046021800099862384]], "inverted": true, "swapped": false, "error_lsq": 0.05801360431306448, "error_max": 0.432346580237926, "target": "898.xyz", "model": "3.xyz", "model_rescale": 3.9243930471874484, "target_rescale": 4.109070375635266},
{"mapping": [12, 11, 8, 5, 7, 3, 1, 9, 6, 10, 4, 0, 13], "R": [[0.6884133492869237, -0.663732934253698, 0.2924818840723922], [0.6939938285376037, 0.48552866326787486, -0.5316337866398537], [0.21085451495113636, 0.5689644181601226, 0.7948709734242623]], "T": [-0.035109948693845525, -0.035744784025574655, -0.13706000859098333], "aligned_model": [[0.030693669114096253, -0.470926731901139, 0.6061921525232741, 0.4384253964519629, 0.6585455349901671, -0.48259406576631453, -0.2135424423361632, 0.29155785146146496, 0.1471154445873205, -0.42629235485173633, 0.2713288418423413, -0.4705636892076158, -0.10273372059630631], [-0.5800252980890994, 0.07363301485350346, -0.35426702393678233, -0.5708017463220304, 0.1599884461774741, -0.48698055748580094, -0.558011022578516, 0.19952451165980192, 0.5135768453620282, 0.6820294008769221, -0.026387242854526732, 0.037194262994381694, 0.03835596302423157], [-0.6163131645359798, -0.7062982496980097, -0.503576248351717, 0.13359213548056248, 0.006708764451470617, -0.2436015341620211, 0.21227566301568795, -0.6347054395436672, 0.22760177096678263, -0.17307197880036956, 0.5232233093485164, 0.6791610064769574, -0.1179257192772489]], "inverted": true, "swapped": true, "error_lsq": 0.04255861655786703, "error_max": 0.2561060314814868, "target": "898.xyz", "model": "4.xyz", "model_rescale": 3.8936222436046832, "target_rescale": 4.109070375635266},
{"mapping": [1, 2, 4, 5, 6, 10, 11, 9, 8, 12, 7, 13], "R": [[0.1379936430088431, 0.9617476655141882, -0.23664146375298956], [-0.9877577995524002, 0.15118444429604805, 0.03844207624850261], [0.0727480852844149, 0.22843968937315745, 0.9708362500476315]], "T": [-0.13177328400567495, -0.08729183289792257, -0.004456127512638429], "aligned_model": [[-0.01708946846888665, -0.5879629766622806, -0.20682423248294038, 0.42163165666998687, -0.5399340722615846, -0.8516249583777911, -0.25307038370960233, 0.09952524733646789, 0.6226554660669636, 0.46933333646429815, 0.10255377078911262, -0.23164534314864615], [-0.5228380660751173, -0.5827758176399785, 0.21485228351753188, -0.0367229901487606, 0.43375706779792705, 0.06256628244073352, -0.4054866364307449, 0.26712635650915323, 0.17084210704872227, -0.4249037187549198, 0.5831809463225881, -0.09067490947732774], [-0.4775128803400539, -0.15560465354092204, -0.6625158846163764, -0.5288224335178715, -0.1772316291143543, 0.3545375069282658, 0.635833671843505, 0.47575549720615523, 0.10167156191548246, 0.22994529514592274, -0.19338990233407966, 0.01661856969984484]], "inverted": false, "swapped": true, "error_lsq": 0.03734292491986598, "error_max": 0.21219703899904582, "target": "898.xyz", "model": "5.xyz", "model_rescale": 3.6523030999806103, "target_rescale": 4.109070375635266},
{"mapping": [0, 4, 1, 2, 3, 6, 5, 10, 7, 9, 12, 11, 13], "R": [[-0.8184084380084341, 0.4547304178566013, -0.3513230360687383], [-0.5658903864119126, -0.7440429151236342, 0.35520164839271356], [-0.09987842190969753, 0.4895103548754463, 0.8662585718516979]], "T": [0.04367882267830098, -0.01281302266728497, -0.06828755732331089], "aligned_model": [[0.2958793237310253, -0.3819465579152073, 0.23271927326053865, 0.612658136378796, 0.5697895569850775, -0.2912432168304254, -0.38112630412882603, 0.3141501869761944, -0.6869236284847313, -0.21417482730423615, 0.15983262684520366, 0.5579124571957115, 0.093555877955174], [-0.38470380476008775, -0.12972595668044024, 0.35150634429342204, -0.16502633062056832, 0.34720107730047495, -0.5877153256917426, 0.5197678573496836, -0.7615995879317405, -0.09038076983145407, -0.037081836978916524, 0.6387983273111532, -0.05847857366247204, -0.10173451593412845], [0.7436539206227977, 0.5106258706832522, 0.4398174486326942, 0.29164707730546385, 0.025543130753502494, 0.09062477501201581, 0.27764953171677403, -0.25719027877691536, -0.08678594933987287, -0.6536395778556366, -0.37187596939785283, -0.5776110038037635, -0.06234923607066992]], "inverted": true, "swapped": true, "error_lsq": 0.04782036302188934, "error_max": 0.3304529854408365, "target": "898.xyz", "model": "6.xyz", "model_rescale": 4.08911054899281, "target_rescale": 4.109070375635266},
{"mapping": [3, 6, 0, 2, 4, 5, 8, 10, 12, 11, 9, 1, 13, 14], "R": [[0.8344939512544258, -0.2554674550088072, -0.4882173949698017], [0.5096072758680122, 0.6948085920715048, 0.5074854133529331], [0.20957163382041927, -0.6722926444748126, 0.7100016411832467]], "T": [0.00833799264144249, 0.0649287951043774, -0.10672945794250868], "aligned_model": [[0.008640078238581336, 0.33965438011674737, 0.5534017599729842, 0.8107307087924218, -0.282643069499966, -0.20263472487556836, -0.573190139217279, -0.6518632519241203, -0.15400513500342874, -0.26623060814336524, -0.21925124975417423, 0.373262214423339, 0.3707192049884073, -0.033313666990294116], [-0.6968743461865555, -0.19346126633771854, -0.6949452760198104, 0.037481610630639, -0.20486703225652964, 0.4325075679517605, -0.29069598929069435, 0.35293249592148784, 0.7569898186910348, 0.2903091586907567, -0.4676138837539268, -0.11274271270465645, 0.6137236594904003, -0.009791538191213131], [-0.32145560662806716, -0.3761863079050566, -0.005967021095294928, -0.03221687898047684, -0.6893011039363353, -0.7398784039250695, -0.1292020605031386, -0.12824883274089752, -0.054785579093635434, 0.3605465184674723, 0.42162529016523853, 0.5041790511856069, 0.2148270318273204, 0.03485717111600575]], "inverted": false, "swapped": false, "error_lsq": 0.041251237487760314, "error_max": 0.2167022609609704, "target": "898.xyz", "model": "7.xyz", "model_rescale": 3.964800864290218, "target_rescale": 4.109070375635266},
{"mapping": [7, 8, 12, 9, 1, 5, 2, 0, 3, 6, 4, 11, 10, 13], "R": [[-0.11878240041658136, 0.06455875441725434, -0.9908193117715096], [0.9646795630274381, 0.2438045498274507, -0.09976313026677575], [0.23512567284000807, -0.9676732448050465, -0.09123820066182128]], "T": [-0.06273935718435192, -0.005188648323399769, -0.0557502283647386], "aligned_model": [[-0.02449654050694719, 0.4842252108209298, 0.35846947794654194, 0.6194862510526902, -0.3598442558111771, 0.23982398375851305, -0.556276415519741, -0.750622716203152, -0.3895635746423541, -0.24122988392952038, -0.22272047894896585, 0.3772810670901857, 0.536906762385184, 0.0018376136320980702], [-0.5988748742820114, -0.07814279093982628, -0.6156960148995338, -0.08751146564805562, -0.17313136723104836, 0.5685170113219609, -0.4433986840434771, 0.17515271972376675, 0.6416581587180827, 0.22383407406821465, -0.3416250006760244, -0.02189644673093008, 0.5561070037389582, 0.00795994351489816], [-0.44680945283248047, -0.5910679245313969, 0.08756344806748094, -0.015155893760709707, -0.7240643861904169, -0.583375060775756, -0.0009609557107663202, -0.14208010661458131, -0.028587113565241677, 0.44644051992629125, 0.5411668651318697, 0.6465575390615584, -0.03326166975547731, -0.09757254049670233]], "inverted": true, "swapped": false, "error_lsq": 0.04861482326909664, "error_max": 0.29715662248814795, "target": "898.xyz", "model": "8.xyz", "model_rescale": 4.121658175737393, "target_rescale": 4.109070375635266},
{"mapping": [12, 3, 1, 5, 11, 9, 2, 6, 0, 10, 8, 4, 13], "R": [[0.13429407579236602, 0.6232513394174128, 0.770404354298102], [0.3418802364172271, -0.7588526982077577, 0.5543108210833585], [0.9300983846638889, 0.18894536336519901, -0.3149867370357325]], "T": [-0.09855603890799505, -0.0008438434164924971, 0.017564039907306636], "aligned_model": [[-0.5743718164034737, -0.15547339897559126, 0.2734371925505241, 0.1327805142682492, -0.6248307511011576, -0.6284250290646148, 0.23185675675822368, 0.23935363310479726, 0.7545787196663728, -0.10676869341326786, -0.5204597007345987, 0.5291073231785591, -0.07404725339882506], [0.25146240636109074, -0.22055081687028594, 0.08905189400276997, 0.6756560016789418, -0.4862336802413259, 0.15306459396164093, -0.5268126396406819, -0.04105820770992382, -0.3582597380414943, -0.6619550351490371, 0.6830563692196053, 0.32475859819904873, -0.09179230635863858], [-0.47253379093736536, -0.5855081903372055, -0.5117519170781534, -0.2518902564866901, -0.09803691235767982, 0.3420105135711619, -0.2835065524809699, 0.6109765594958688, -0.05708026414744284, 0.4996271704931608, -0.018997629166968705, 0.190734793152318, 0.05703191023905477]], "inverted": true, "swapped": true, "error_lsq": 0.043329000698801176, "error_max": 0.3000321728892713, "target": "898.xyz", "model": "9.xyz", "model_rescale": 3.833441315466971, "target_rescale": 4.109070375635266},
{"mapping": [3, 9, 7, 11, 2, 8, 5, 13, 10, 0, 6, 12, 10, 14], "R": [[0.6683824746152469, 0.7383817489664006, -0.08976224384739145], [0.6163905371759677, -0.4822853715933877, 0.622465682609853], [0.41632628226803214, -0.47137375100905604, -0.7774826130226524]], "T": [-0.02049631496646745, -0.11789383243857866, 0.06973352979292885], "aligned_model": [[0.006125652303020267, 0.17193716081693025, 0.5288787776429821, 0.6324673119615745, -0.37712632980173766, 0.30503020912807965, -0.6821134866268769, -0.6417839474733422, 0.18277697855038513, -0.4524191108922829, -0.0007794551431120414, 0.22174617115639994, 0.18277697855038513, -0.00424040904812021], [-0.792373876096711, -0.19355302174341527, -0.4078626003874989, 0.07928871362609753, -0.1866823505120428, 0.33435838152224406, -0.2481189905778175, 0.25961343961874717, 0.678613372894016, 0.34858745390978463, -0.5800612297842784, 0.0012907415821904328, 0.678613372894016, -0.15876114031035735], [-0.4767916675340182, -0.7145847544542063, -0.17113800861781853, 0.07946114409446908, -0.5505353048485404, -0.4752983770301457, 0.017394941555364113, -0.25764465923696617, 0.06651118345189738, 0.31398927598955184, 0.5669679919074566, 0.608374108048293, 0.06651118345189738, -0.014423788823562392]], "inverted": false, "swapped": false, "error_lsq": 0.05895450998946716, "error_max": 0.36854104570609514, "target": "898.xyz", "model": "10.xyz", "model_rescale": 4.2482417240324, "target_rescale": 4.109070375635266},
{"mapping": [12, 11, 2, 10, 5, 4, 1, 6, 9, 7, 8, 13], "R": [[-0.44745487897079933, -0.8573269165169874, 0.2545087218558574], [-0.5214939514613709, 0.018939898666077315, -0.8530447460876389], [0.7265178524127491, -0.5144237926593146, -0.45556555145398536]], "T": [0.019028803678805502, -0.004471004397902642, 0.01301919201413821], "aligned_model": [[-0.6543019819276201, 0.04329715064500703, 0.28837187366585815, 0.7553571831726353, -0.4982803910618357, 0.1751022019608463, -0.23866985696284865, 0.5699805123161054, -0.07674809898690835, 0.009696705042308212, -0.6099019265830713, 0.11286223108253057], [-0.2812406998202456, -0.7286067342353659, -0.182183683722082, -0.3477587623745532, 0.5539206623273709, 0.6981082622051542, 0.20886712492312215, 0.33676967999508217, -0.21209045359302509, 0.5183562613005789, 0.14105672701623556, -0.039066993971632394], [-0.0036892022703219965, -0.018132672451709513, 0.6232091673495974, -0.08441976412578567, 0.07908130417652862, 0.12251724843273282, 0.5740128043287894, -0.20594557685156487, -0.584839835960151, -0.5034142013000841, -0.46690452304233854, 0.0337175415686642]], "inverted": false, "swapped": true, "error_lsq": 0.04689747609527408, "error_max": 0.24965496703009052, "target": "898.xyz", "model": "11.xyz", "model_rescale": 3.6694154284099745, "target_rescale": 4.109070375635266},
{"mapping": [9, 8, 10, 2, 11, 3, 6, 4, 4, 0, 5, 12, 1, 13], "R": [[-0.44914663236894153, 0.8929538214329089, -0.03001292088423818], [0.42903705660100744, 0.1860922980700248, -0.8839099844792802], [-0.7837056250243346, -0.40988184808232453, -0.4666930082161457]], "T": [-0.0025799525280082187, -0.15909400701617216, 0.0030755307249104302], "aligned_model": [[0.11360299891457028, 0.31386074153176924, 0.4937282004081015, 0.5842854622000762, -0.41223823955768807, 0.20094231552262812, -0.5586930777175734, -0.3541198990356221, -0.3541198990356221, -0.3264314471439759, -0.3316892972576526, 0.4079661632247607, 0.3319467637127055, -0.03576428464219277], [-0.732168692132591, -0.09251481464683337, -0.555360984020419, 0.09786799684293918, -0.26349206648854956, 0.5248402687403994, -0.23716279868797574, 0.4410976584182158, 0.4410976584182158, 0.28412390991891784, -0.46889590581467244, -0.17040845488024794, 0.5997710242152938, -0.055842533247718776], [-0.547172771374149, -0.6810519059398551, 0.016472827971188042, -0.12291290906644678, -0.602159780499893, -0.47865208261709, 0.07014481738034976, -0.24964621448671928, -0.24964621448671928, 0.4606954078808114, 0.6666119767391061, 0.5444555916583862, 0.1724544981229707, 0.0592000266717319]], "inverted": false, "swapped": false, "error_lsq": 0.05705894421380697, "error_max": 0.4464493117656594, "target": "898.xyz", "model": "12.xyz", "model_rescale": 3.9764082729961374, "target_rescale": 4.109070375635266},
{"mapping": [2, 7, 0, 4, 8, 3, 1, 11, 14, 13, 9, 5, 6, 15], "R": [[0.25691966865284477, 0.7037044257937157, -0.6624140434634892], [0.3179729470157374, 0.5857092654504528, 0.7455453449198232], [0.9126256016710464, -0.40217500852716814, -0.0732787396912137]], "T": [-0.07383803868843518, -0.02534369635186252, 0.03607099492073787], "aligned_model": [[-0.10251744886444052, 0.40720760595275285, 0.40429458107639815, 0.6409259619297282, -0.4277381250808514, -0.009514522773888742, -0.48259462577248136, -0.6069920183726298, -0.12177166599301302, -0.36592139045558464, 0.028824308290515285, 0.4531904053038931, 0.25681632655097736, -0.0009328906670902776], [-0.670989365548348, -0.24445770809305573, -0.569340387809724, 0.03962616941790768, -0.12009209011106574, 0.3449504298791557, -0.5110686791571944, 0.4278997574659945, 0.7536377633261069, 0.4166758190173833, -0.5004426308535072, -0.16393580026675655, 0.5825225798418994, 0.02796640952617847], [-0.43145298862010495, -0.5039455201539533, -0.01457217936740119, 0.008592608115757714, -0.5684373237813625, -0.7170479815317276, 0.018411100947156003, -0.33924474451417586, -0.13626093023091576, 0.34231699055187026, 0.3899644414068202, 0.6731401856607913, 0.359838020285709, -0.022508410814791324]], "inverted": false, "swapped": false, "error_lsq": 0.048691745565209374, "error_max": 0.3374443382743769, "target": "898.xyz", "model": "13.xyz", "model_rescale": 4.170626492500431, "target_rescale": 4.109070375635266},
{"mapping": [5, 11, 6, 3, 12, 10, 4, 8, 7, 0, 2, 2, 1, 13], "R": [[0.8494566079391295, 0.47817857039412903, -0.223089054066702], [-0.5240272880172974, 0.8140186729042049, -0.25053742550069036], [0.06179702777468546, 0.3297254236165367, 0.9420521601159411]], "T": [0.029111505763350927, 0.04735392448626714, -0.06545907858178596], "aligned_model": [[0.043447904286720594, 0.503328295115118, 0.39190799731592213, 0.6757399252910551, -0.37570512767679337, -0.0749906045351651, -0.5512477214547137, -0.6647435197956661, -0.2937291372989676, -0.10229262635028263, 0.021036219951152187, 0.021036219951152187, 0.4032553694002415, 0.07623330692451157], [-0.6880512994890325, -0.16908648524348535, -0.7114877112441103, -0.055786116203527705, -0.19337764607362445, 0.3392509249346152, -0.3347478906646964, 0.2486364240526555, 0.7911154855135679, 0.3815218754153278, -0.22615940073802604, -0.22615940073802604, 0.6789106559339427, -0.021627148820606304], [-0.6004295942024558, -0.5428809432508273, -0.07068828782198641, 0.15065992450562124, -0.6257071713158253, -0.5369325102144518, 0.07682409271478946, -0.2375254950602097, -0.07019853151958708, 0.4109054259346801, 0.5329199132955575, 0.5329199132955575, 0.1625034932613456, -0.12357696166853646]], "inverted": true, "swapped": false, "error_lsq": 0.055837779010649145, "error_max": 0.43525145823807654, "target": "898.xyz", "model": "14.xyz", "model_rescale": 3.9786697098870705, "target_rescale": 4.109070375635266},
{"mapping": [6, 9, 4, 0, 7, 5, 11, 12, 1, 2, 8, 13], "R": [[0.23530255993796695, -0.380090580217155, -0.8945187846640374], [-0.14217198819647264, 0.8969998987241201, -0.4185430771870211], [0.9614675403043527, 0.22565977160119868, 0.1570281389496587]], "T": [-0.04709226508964406, -0.08443031573774996, 0.010643409632026615], "aligned_model": [[-0.004415452367353294, -0.6406066068395914, 0.48139481933846706, 0.7026086749943209, -0.11570931888962033, 0.36125551248178567, -0.5298670194143126, -0.23049031035578596, 0.5240149092599596, 0.3107601823177649, -0.32194906788605404, -0.05364172587224361], [-0.29692665198074053, 0.12391763191973264, 0.0627635886313276, -0.600963343961442, 0.35063493494301606, 0.5611300748631811, -0.4170156578689963, 0.34447763326832787, 0.010571571442771946, -0.6110073019762946, 0.6709555452699487, -0.18386353432639307], [-0.6381728638067151, -0.10787379140954119, -0.4678978236807414, -0.1690756526219122, -0.5777007202194131, -0.0060339323157565135, 0.43754793448226065, 0.5698018038827664, 0.31304517387140535, 0.27732223367131215, 0.04072488728999374, -0.011720755269829589]], "inverted": false, "swapped": true, "error_lsq": 0.04807998169526908, "error_max": 0.24554124172658004, "target": "898.xyz", "model": "15.xyz", "model_rescale": 3.769337070930944, "target_rescale": 4.109070375635266},
{"mapping": [5, 4, 12, 3, 8, 7, 9, 6, 11, 2, 13], "R": [[0.7112463641683711, -0.3338829563050553, -0.6185877310020544], [-0.694146837705889, -0.4723761122922893, -0.5431583344095321], [-0.11085475704807451, 0.8157101078352649, -0.5677395906709284]], "T": [-0.03062655677123783, 0.036332931395885525, 0.09640124269494572], "aligned_model": [[-0.27673467907908433, -0.21300785341643155, -0.10033045608474206, -0.509261295499673, 0.2940034091621359, 0.39004110214603727, 0.5625668354701785, 0.23486745158359645, 0.11314264529297657, -0.54493161281548, -0.027729416068342935], [-0.1199496098353191, -0.6258317825063737, 0.6507937852161452, 0.46175108669737297, 0.27398033603353394, -0.392267593457426, 0.2528374073691296, -0.5633739873414495, 0.6130634420232833, 0.034371808999047224, 0.010689604427398282], [-0.6098429208456945, -0.14493112183165602, -0.2880908991390303, 0.1680604010462845, -0.6001603501588233, -0.3272486108271337, -0.008297751490088698, 0.29083144375953907, 0.511906093690318, 0.556776910024129, 0.1952144129959334]], "inverted": true, "swapped": true, "error_lsq": 0.04410315079287833, "error_max": 0.22628939155439062, "target": "898.xyz", "model": "16.xyz", "model_rescale": 3.7852294659196426, "target_rescale": 4.109070375635266},
{"mapping": [9, 12, 5, 8, 11, 3, 2, 1, 7, 6, 10, 4, 13], "R": [[0.8406677823654426, -0.008169253814083746, 0.5414895594421838], [0.07317022675287227, 0.9924309641188377, -0.0986250443603857], [-0.5365853125176858, 0.1225318111768363, 0.8349024839105594]], "T": [-0.0309711400043272, 0.11671089459917501, -0.016256269994060518], "aligned_model": [[-0.019905441250813907, -0.4298119629159747, 0.32784000578362693, 0.13131930395830937, -0.6659487180063554, -0.5590567738187336, -0.3534057489198201, -0.10508480481938752, 0.6278530046274083, 0.48440584930507113, -0.13386302986901094, 0.5974630695871671, -0.048038903445204145], [-0.20345325016177784, -0.4840954741353159, -0.36227765351382246, -0.6621511341410211, 0.17281722406459182, 0.08438688590015475, 0.6246348399702175, 0.10010399788019733, -0.13863068245466825, 0.5049370050205195, 0.7678441739665071, 0.2581866947199569, 0.21275299658733487], [-0.5704105254313617, 0.08480156916917586, 0.45871614134130745, -0.13497740685270845, -0.36207052906965553, 0.3515583256568495, 0.32213474707752865, 0.6324863336983315, -0.2184698032470859, -0.24342494304837456, -0.5009819954292809, 0.3228917774226123, -0.046498994144164335]], "inverted": true, "swapped": true, "error_lsq": 0.04579474408724486, "error_max": 0.26733620429985067, "target": "898.xyz", "model": "17.xyz", "model_rescale": 3.901054581598922, "target_rescale": 4.109070375635266},
{"mapping": [6, 7, 11, 12, 1, 0, 4, 8, 2, 5, 10, 9, 13, 14], "R": [[0.7381833170555374, 0.6690729249414725, 0.08617895062686036], [-0.5193142880132727, 0.645143447698328, -0.5604485722679491], [-0.4305787508530256, 0.36895982572927577, 0.8236932598435359]], "T": [-0.014717686017644243, 0.012904408144835108, -0.07686082575972641], "aligned_model": [[0.09617666852093142, 0.3417541886966412, 0.48420672432814493, 0.7274650793888535, -0.29763140925826087, -0.01852154800004268, -0.6949539675452245, -0.6315357514840833, -0.15470732580599683, -0.1775918830981632, -0.24051118665888796, 0.24841175374105637, 0.35604443693338733, 0.03467072136592941], [-0.6569814998611565, -0.17215930221828457, -0.5819052067104729, 0.006637042547797449, -0.17472893073372442, 0.3907988182326456, -0.3904336253493428, 0.25456869285921946, 0.8278442137791862, 0.3425901479987903, -0.5373243335812605, -0.025936788666049496, 0.5265239739556392, 0.003459064381987141], [-0.3972996774250662, -0.6044556034457479, 0.1075488913472169, -0.11003561949303521, -0.6854979136694689, -0.7346494422300099, -0.06378405473672408, -0.0374641285936235, -0.08061794336257255, 0.42798108598883944, 0.4876915411430712, 0.5260022438480116, 0.27843143154648603, -0.05505754296370492]], "inverted": false, "swapped": false, "error_lsq": 0.037697071737388135, "error_max": 0.22670689333227517, "target": "898.xyz", "model": "18.xyz", "model_rescale": 3.9405287249114394, "target_rescale": 4.109070375635266},
{"mapping": [4, 1, 8, 6, 12, 3, 13, 14, 10, 11, 9, 5, 2, 15], "R": [[-0.014692788397830357, 0.37677217317300127, 0.9261894252751923], [-0.8530063525693486, 0.4785683705992456, -0.2082125768014983], [-0.5216936691636513, -0.7931046867750043, 0.3143575533848195]], "T": [-0.03795150569536563, -0.1481848335927368, -0.14400186553438582], "aligned_model": [[-0.03008486338300392, 0.4174799399414386, 0.5248740278372378, 0.695714921365717, -0.26996056197589224, -0.07992355984952362, -0.6758260974163748, -0.6599572617887275, -0.13916669273954196, -0.3856156325607536, -0.18496494722471138, 0.403707593969344, 0.48072128792519664, -0.023721652976120396], [-0.7899541864775436, 0.08866186987211833, -0.5294206875728475, -0.06795217644888674, -0.16839179117754083, 0.4863707647564318, -0.2677815518013109, 0.29887856692784776, 0.6163215191014942, 0.1758284665909374, -0.3914840787450674, -0.014054344510023492, 0.48956058510165246, -0.11363068898228729], [-0.4943377647120527, -0.5587370356881123, 0.18789992412597928, -0.027469680609865252, -0.6398874762132785, -0.7105758978971253, 0.029614019690619026, -0.2579409605715265, 0.008279320264461099, 0.3976236860183712, 0.5688812751517571, 0.5475246302274601, 0.13810555568172939, -0.13018632751474382]], "inverted": true, "swapped": false, "error_lsq": 0.04246876312117168, "error_max": 0.2696408902106663, "target": "898.xyz", "model": "19.xyz", "model_rescale": 4.410303926677745, "target_rescale": 4.109070375635266},
{"mapping": [7, 8, 12, 9, 1, 5, 2, 0, 3, 6, 4, 11, 10, 13], "R": [[-0.11878240041658136, 0.06455875441725434, -0.9908193117715096], [0.9646795630274381, 0.2438045498274507, -0.09976313026677575], [0.23512567284000807, -0.9676732448050465, -0.09123820066182128]], "T": [-0.06273935718435192, -0.005188648323399769, -0.0557502283647386], "aligned_model": [[-0.02449654050694719, 0.4842252108209298, 0.35846947794654194, 0.6194862510526902, -0.3598442558111771, 0.23982398375851305, -0.556276415519741, -0.750622716203152, -0.3895635746423541, -0.24122988392952038, -0.22272047894896585, 0.3772810670901857, 0.536906762385184, 0.0018376136320980702], [-0.5988748742820114, -0.07814279093982628, -0.6156960148995338, -0.08751146564805562, -0.17313136723104836, 0.5685170113219609, -0.4433986840434771, 0.17515271972376675, 0.6416581587180827, 0.22383407406821465, -0.3416250006760244, -0.02189644673093008, 0.5561070037389582, 0.00795994351489816], [-0.44680945283248047, -0.5910679245313969, 0.08756344806748094, -0.015155893760709707, -0.7240643861904169, -0.583375060775756, -0.0009609557107663202, -0.14208010661458131, -0.028587113565241677, 0.44644051992629125, 0.5411668651318697, 0.6465575390615584, -0.03326166975547731, -0.09757254049670233]], "inverted": true, "swapped": false, "error_lsq": 0.04861482326909664, "error_max": 0.29715662248814795, "target": "898.xyz", "model": "20.xyz", "model_rescale": 4.121658175737393, "target_rescale": 4.109070375635266},
{"mapping": [0, 4, 1, 2, 3, 6, 5, 10, 7, 9, 12, 11, 13], "R": [[-0.8184084380084341, 0.4547304178566013, -0.3513230360687383], [-0.5658903864119126, -0.7440429151236342, 0.35520164839271356], [-0.09987842190969753, 0.4895103548754463, 0.8662585718516979]], "T": [0.04367882267830098, -0.01281302266728497, -0.06828755732331089], "aligned_model": [[0.2958793237310253, -0.3819465579152073, 0.23271927326053865, 0.612658136378796, 0.5697895569850775, -0.2912432168304254, -0.38112630412882603, 0.3141501869761944, -0.6869236284847313, -0.21417482730423615, 0.15983262684520366, 0.5579124571957115, 0.093555877955174], [-0.38470380476008775, -0.12972595668044024, 0.35150634429342204, -0.16502633062056832, 0.34720107730047495, -0.5877153256917426, 0.5197678573496836, -0.7615995879317405, -0.09038076983145407, -0.037081836978916524, 0.6387983273111532, -0.05847857366247204, -0.10173451593412845], [0.7436539206227977, 0.5106258706832522, 0.4398174486326942, 0.29164707730546385, 0.025543130753502494, 0.09062477501201581, 0.27764953171677403, -0.25719027877691536, -0.08678594933987287, -0.6536395778556366, -0.37187596939785283, -0.5776110038037635, -0.06234923607066992]], "inverted": true, "swapped": true, "error_lsq": 0.04782036302188934, "error_max": 0.3304529854408365, "target": "898.xyz", "model": "21.xyz", "model_rescale": 4.08911054899281, "target_rescale": 4.109070375635266},
{"mapping": [3, 14, 12, 9, 2, 15, 4, 1, 11, 8, 7, 10, 5, 16], "R": [[-0.5575316116853858, -0.7893813367642177, -0.2569739425308189], [0.8276860985065919, -0.5047112715489096, -0.24536147764149707], [0.06398612592142267, -0.3494905399861623, 0.9347524475227376]], "T": [-0.06258076132200338, -0.03319514822279706, -0.0007920703277619623], "aligned_model": [[0.012403852970875956, 0.3446479844173519, 0.496629428962043, 0.6354784667108355, -0.4867742440114037, -0.018392764796080707, -0.5113339846779097, -0.7069216088661395, -0.06231693292442064, -0.31359476914301787, -0.0266248383810484, 0.44439239645521866, 0.35442178767677834, -0.0887382732687982], [-0.6909431636994148, -0.2328826190233257, -0.5124079426495908, 0.10914493376979917, -0.08297971288918246, 0.30246927176081323, -0.5111991219136308, 0.397887842562697, 0.7165219451819724, 0.5282812074030634, -0.49377621011411255, -0.07678841489008142, 0.43141070696753897, -0.07178645583157153], [-0.5629519044055769, -0.4547879388066535, 0.05028205985796862, -0.0012682835743182408, -0.5828876086529311, -0.6464574914355247, -0.23833139661125477, -0.17105865104041118, -0.15512042323068126, 0.3193614678547903, 0.5399189847117718, 0.6254772436335748, 0.3278100103101164, 0.00880719934280238]], "inverted": true, "swapped": false, "error_lsq": 0.04688202380342508, "error_max": 0.3062316119982763, "target": "898.xyz", "model": "22.xyz", "model_rescale": 4.204369325754507, "target_rescale": 4.109070375635266},
{"mapping": [4, 1, 8, 6, 12, 3, 13, 14, 10, 11, 9, 5, 2, 15], "R": [[-0.014692788397830357, 0.37677217317300127, 0.9261894252751923], [-0.8530063525693486, 0.4785683705992456, -0.2082125768014983], [-0.5216936691636513, -0.7931046867750043, 0.3143575533848195]], "T": [-0.03795150569536563, -0.1481848335927368, -0.14400186553438582], "aligned_model": [[-0.03008486338300392, 0.4174799399414386, 0.5248740278372378, 0.695714921365717, -0.26996056197589224, -0.07992355984952362, -0.6758260974163748, -0.6599572617887275, -0.13916669273954196, -0.3856156325607536, -0.18496494722471138, 0.403707593969344, 0.48072128792519664, -0.023721652976120396], [-0.7899541864775436, 0.08866186987211833, -0.5294206875728475, -0.06795217644888674, -0.16839179117754083, 0.4863707647564318, -0.2677815518013109, 0.29887856692784776, 0.6163215191014942, 0.1758284665909374, -0.3914840787450674, -0.014054344510023492, 0.48956058510165246, -0.11363068898228729], [-0.4943377647120527, -0.5587370356881123, 0.18789992412597928, -0.027469680609865252, -0.6398874762132785, -0.7105758978971253, 0.029614019690619026, -0.2579409605715265, 0.008279320264461099, 0.3976236860183712, 0.5688812751517571, 0.5475246302274601, 0.13810555568172939, -0.13018632751474382]], "inverted": true, "swapped": false, "error_lsq": 0.04246876312117168, "error_max": 0.2696408902106663, "target": "898.xyz", "model": "23.xyz", "model_rescale": 4.410303926677745, "target_rescale": 4.109070375635266},
{"mapping": [1, 11, 10, 9, 7, 13, 0, 12, 6, 5, 3, 8, 15, 16], "R": [[0.6434700494479046, -0.2811071407027908, 0.7119867069752164], [-0.49978378400224366, 0.550227161008177, 0.66892917452992], [-0.5797951920393181, -0.786275299583284, 0.21356190801102]], "T": [0.055493256825316875, 0.015300102853980427, -0.08488534756925596], "aligned_model": [[-0.05270584221995571, 0.4640231294220198, 0.47022272676683974, 0.6698128665621114, -0.259439116506449, -0.1593258625171925, -0.6540649744552646, -0.678133033028825, -0.13720973838042083, -0.2620296748211726, -0.2547112715611563, 0.5316234654279651, 0.3864780866066467, 0.008735739829139194], [-0.7852356727207811, -0.18897002462980175, -0.43703094930400455, 0.09117894541406263, -0.20144193729072218, 0.43741084322709356, -0.2414110333421205, 0.33529051348433425, 0.7467081691378775, 0.34305015530916383, -0.7129796038779738, -0.06500650515534878, 0.580879493855404, -0.08949012747220889], [-0.37431716434316104, -0.5231758275304841, 0.132324302978984, 0.011415233804684455, -0.6287340259199817, -0.6043676789874745, -0.05306837000935567, -0.15954751150227964, -0.16108171213729217, 0.34796696491408485, 0.34247024671377874, 0.5803646358358462, 0.19775078912213057, -0.049206614985807806]], "inverted": false, "swapped": false, "error_lsq": 0.039595635578422446, "error_max": 0.22696165120495546, "target": "898.xyz", "model": "24.xyz", "model_rescale": 4.28219845311461, "target_rescale": 4.109070375635266},
{"mapping": [12, 13, 9, 7, 14, 2, 10, 6, 0, 1, 5, 3, 4, 15], "R": [[-0.9029095038440608, 0.41216525721744823, 0.12195994674870606], [-0.060287040868907155, -0.4023699808335815, 0.9134899404083521], [0.42558183768970126, 0.8174461445666366, 0.38815190346280515]], "T": [0.02018261304209948, -0.06531730423293756, -0.06249064622508241], "aligned_model": [[0.14729812143871582, 0.4026700234808057, 0.40257367814057365, 0.7979861903266816, -0.38499153301510824, -0.0520568517631774, -0.7096696879976778, -0.7554591346021592, -0.21244481215782943, -0.12190588585418322, -0.2830642056573488, 0.4165017415628338, 0.4213846156733907, 0.00445424154876746], [-0.6451939657049627, -0.09035254057363036, -0.567807475006455, -0.06904906074019003, -0.21982269934539755, 0.3677770228544822, -0.3478020047425689, 0.3611386182563867, 0.715504146939118, 0.1763323056855814, -0.4932950420462052, 0.0839667713007408, 0.5345184662317151, 0.007037723526359438], [-0.5441592099057035, -0.5163552457856374, 0.17866155776178885, -0.03896034858772026, -0.6886748197256463, -0.5878389002026337, -0.19372643201845796, -0.23193786646242223, -0.020579854414103843, 0.5130905586055653, 0.608446835064377, 0.5861161360555575, 0.05533369158943752, -0.06062283402072911]], "inverted": true, "swapped": false, "error_lsq": 0.04139758878940958, "error_max": 0.27859651649247985, "target": "898.xyz", "model": "25.xyz", "model_rescale": 4.100010024507729, "target_rescale": 4.109070375635266},
{"mapping": [12, 11, 2, 10, 5, 4, 1, 6, 9, 7, 8, 13], "R": [[-0.44745487897079933, -0.8573269165169874, 0.2545087218558574], [-0.5214939514613709, 0.018939898666077315, -0.8530447460876389], [0.7265178524127491, -0.5144237926593146, -0.45556555145398536]], "T": [0.019028803678805502, -0.004471004397902642, 0.01301919201413821], "aligned_model": [[-0.6543019819276201, 0.04329715064500703, 0.28837187366585815, 0.7553571831726353, -0.4982803910618357, 0.1751022019608463, -0.23866985696284865, 0.5699805123161054, -0.07674809898690835, 0.009696705042308212, -0.6099019265830713, 0.11286223108253057], [-0.2812406998202456, -0.7286067342353659, -0.182183683722082, -0.3477587623745532, 0.5539206623273709, 0.6981082622051542, 0.20886712492312215, 0.33676967999508217, -0.21209045359302509, 0.5183562613005789, 0.14105672701623556, -0.039066993971632394], [-0.0036892022703219965, -0.018132672451709513, 0.6232091673495974, -0.08441976412578567, 0.07908130417652862, 0.12251724843273282, 0.5740128043287894, -0.20594557685156487, -0.584839835960151, -0.5034142013000841, -0.46690452304233854, 0.0337175415686642]], "inverted": false, "swapped": true, "error_lsq": 0.04689747609527408, "error_max": 0.24965496703009052, "target": "898.xyz", "model": "26.xyz", "model_rescale": 3.6694154284099745, "target_rescale": 4.109070375635266},
{"mapping": [4, 2, 0, 2, 10, 11, 8, 9, 12, 3, 5, 1, 6, 13], "R": [[0.4358861786768441, 0.8811046523329886, 0.18346070662586544], [-0.819002915753241, 0.4728436269855868, -0.32504327159134494], [-0.3731453647389821, -0.008572984094162822, 0.9277332810229099]], "T": [-0.1169888471081766, -0.06233457090503797, -0.01198216579850691], "aligned_model": [[0.03858595052900733, 0.4526193531253506, 0.4049976334377583, 0.4526193531253506, -0.29160922198877004, -0.01061504987785701, -0.5986869879958945, -0.6618889887069933, 0.0419313955390465, -0.360256625276428, -0.060905278054889087, 0.373476873749345, 0.3614612062968777, -0.06845311277761865], [-0.7345402042255524, 0.03132456732791275, -0.4560929594154062, 0.03132456732791275, -0.1844334478793765, 0.4406738102105839, -0.4682391716216025, 0.3063623846933435, 0.6983668076488849, 0.5592502908432024, -0.6115314502440063, -0.09556401156894173, 0.3524767727599131, -0.05642568922189344], [-0.4585990474333614, -0.3710143513410651, 0.08506312640120706, -0.3710143513410651, -0.5745568797795061, -0.6988902040652285, -0.11952540646239976, -0.19089534610791667, -0.17263888834866417, 0.4433026550379073, 0.554776972396665, 0.7214930107634712, 0.2529848649203544, -0.04169288668672579]], "inverted": true, "swapped": false, "error_lsq": 0.049670107275783894, "error_max": 0.39882372050364967, "target": "898.xyz", "model": "27.xyz", "model_rescale": 4.103607728864725, "target_rescale": 4.109070375635266},
