[{"mapping": [0, 11, 2, 10, 5, 6, 8, 7, 9, 3, 12, 13], "R": [[-0.7517245154303515, -0.6279917540177988, 0.2013370551752764], [0.6489174606074373, -0.6499572985909936, 0.3955523218577958], [-0.11754310792130157, 0.4279975080464217, 0.8961036496333751]], "T": [-0.06413744059842455, -0.06848106056759073, 0.027433790169770066], "aligned_model": [[-0.1411709667959966, 0.1581503540301102, 0.5096627314564117, 0.09306544978247833, -0.36043590503406686, -0.5435852507110643, 0.3706874896223019, -0.2914642894937889, 0.5037160821267243, 0.11452162032450999, -0.4808014584695808, -0.09470339437749015], [-0.47788543225764724, -0.5703620076672441, -0.5584692969495364, 0.8073918114961636, 0.41482701867513927, -0.47705242991082664, -0.3043582736089776, -0.5421633204825822, 0.2718396341486489, 0.47616259626352886, 0.08347484024004082, -0.06985010396965022], [-0.5408062209738764, 0.005235744929787033, -0.5436541065989532, -0.035097024451840965, -0.49311375716762024, -0.0672186898974114, 0.43914474324960234, 0.5978401227514611, 0.036859342772308755, 0.5131440636358492, 0.3748745820408866, -0.10525705493663012]], "inverted": false, "swapped": true, "error_lsq": 0.051806942161856724, "error_max": 0.31117926454174916, "target": "899.xyz", "model": "0.xyz", "model_rescale": 3.751011558992144, "target_rescale": 4.030641621629152},
{"mapping": [7, 12, 11, 5, 0, 3, 1, 4, 10, 9, 13, 6, 8, 14], "R": [[-0.43299561291290584, 0.39187987637110255, -0.8117542495691332], [-0.2074752905712235, -0.9197009080539623, -0.3333230317981398], [-0.8771937089380906, 0.024091538350357794, 0.4795318495984911]], "T": [0.056182624819436436, -0.014587771988136641, -0.020386430157756853], "aligned_model": [[0.016297616960244773, -0.033009047203778744, -0.6243688646189115, 0.21396507895535594, 0.6311772958731191, 0.5838850246311962, 0.12271316234403613, -0.2377404449803956, -0.6188096363460753, -0.21709427863556402, 0.3680160368383817, -0.47451394642610184, 0.34684080482365165, 0.03372105603802181], [0.03326921555612576, -0.5870014996897879, -0.3313573445030733, -0.24806169123613003, 0.22058183641163637, -0.39746522543437934, 0.5862836529665765, 0.6413664578567976, 0.03368203830546386, -0.5289909395288364, -0.6500006194732116, 0.26524276761714866, 0.38428531522079745, -0.0625764419270656], [-0.6805348367213907, -0.48553422823661935, -0.29101107256606834, 0.5370009335252103, -0.4557953207932721, -0.4183071790364816, -0.3671035593645739, 0.3096245504137846, 0.4427649715563589, 0.2876699552596454, 0.1424405783516126, -0.4718083654273945, 0.4232759807324651, -0.03439992111246924]], "inverted": false, "swapped": false, "error_lsq": 0.04327098800630495, "error_max": 0.3112995328775905, "target": "899.xyz", "model": "1.xyz", "model_rescale": 3.9405287249114394, "target_rescale": 4.030641621629152},
{"mapping": [10, 5, 9, 6, 0, 3, 12, 4, 11, 8, 7, 12, 13], "R": [[-0.2733215579861658, -0.36445258481664655, 0.8902076383408988], [-0.8261894060542023, 0.5629142565858529, -0.023207866256965193], [-0.49265240409828476, -0.7418233301486696, -0.45496346620725364]], "T": [-0.058058128686871616, -0.09779741652266757, -0.07614651123129279], "aligned_model": [[-0.47291925963869297, 0.27556891384364246, -0.5529154468570587, 0.46808203470054704, 0.5406485664806839, -0.7191752030376207, -0.0990842782777283, 0.6902398305494774, 0.0271055522617821, -0.5051920603581339, -0.10796592169525303, -0.0990842782777283, 0.050674829590014125], [0.6787899934951054, 0.5856158291179012, 0.06002314928776456, -0.31400984951125444, -0.2703171276708027, 0.19741517810226253, 0.0399750086769918, 0.30502354495751605, -0.606495537047611, -0.5576463743497537, -0.6506019390098151, 0.0399750086769918, -0.04891429115327934], [-0.21959816220061842, -0.1944197571601813, -0.4867235968389209, 0.210538979757521, -0.40512987921332516, 0.12446251325029806, 0.46860133625337175, 0.21785744757835235, -0.2652561924657687, -0.12931484384646003, 0.46545494366977513, 0.46860133625337175, -0.14195377544877177]], "inverted": true, "swapped": true, "error_lsq": 0.06258221164156065, "error_max": 0.4027150662066296, "target": "899.xyz", "model": "2.xyz", "model_rescale": 3.932901565614263, "target_rescale": 4.030641621629152},
{"mapping": [9, 5, 12, 1, 7, 4, 8, 11, 10, 6, 2, 12, 3, 13], "R": [[-0.7446744180391461, 0.1872869352140266, -0.6406119067081073], [-0.14468909815566863, 0.8916961826830861, 0.4288857454652838], [0.6515558886181283, 0.41206980195902476, -0.6369249581547983]], "T": [0.14696803000425746, 0.0399131791810907, -0.004584096834158391], "aligned_model": [[-0.12105684427395891, -0.05617541300371809, -0.5274326134353315, 0.16012743509913024, 0.5372958453613202, 0.6517192778822514, 0.15050072564746736, -0.34185166083523727, -0.5007258403776278, -0.19317328795245164, 0.3646558196883495, -0.5274326134353315, 0.4624945056831095, 0.052134522205208866], [0.2238440018684704, -0.3880631228383675, -0.17758426048021758, -0.12959923415324334, 0.09243087763208549, -0.6356549788136747, 0.7307948695112692, 0.7101068805155355, -0.04208772936874109, -0.5519298497228564, -0.6871553682239996, -0.17758426048021758, 0.4066898702120525, -0.014950173516032776], [-0.6634657695361204, -0.5452953988496442, -0.28920392402225037, 0.7164297675923674, -0.6000911373090259, -0.23275124216175236, -0.25248878730998825, 0.326481472059145, 0.2902276084422233, 0.02221093326907623, 0.3391937482562523, -0.28920392402225037, 0.15852132963375612, -0.04228218946098115]], "inverted": false, "swapped": false, "error_lsq": 0.05904831179745944, "error_max": 0.37489264094454755, "target": "899.xyz", "model": "3.xyz", "model_rescale": 3.9243930471874484, "target_rescale": 4.030641621629152},
{"mapping": [4, 12, 6, 0, 11, 5, 1, 7, 8, 3, 9, 10, 13], "R": [[0.8226458008898077, -0.43930217296275065, 0.36092587481167404], [0.3234995502418838, -0.16037223079328064, -0.9325388938718243], [0.4675488501447369, 0.8839085633823173, 0.010184513132308712]], "T": [0.07040331173766826, -0.009142647606091181, -0.08924215669753785], "aligned_model": [[-0.18600490345661855, -0.20168612448316028, 0.33778042342389913, 0.46550900291122843, 0.6141192248158537, -0.4544056371759102, 0.04762175567712168, 0.4427169747974061, 0.3987490571869672, -0.4241999289994829, -0.10415224733437081, -0.727450286774343, 0.06860857572276205], [-0.6752237080529817, 0.1889767030772926, -0.2790129322725381, -0.5924402540139515, 0.015887656287445345, -0.5710668150653229, -0.526808710802265, 0.42737680919587906, 0.5095044952038669, 0.5373438817365515, 0.2058768507230383, 0.031763405966831526, -0.14434782830225912], [-0.63627390961109, -0.5410503737727128, -0.6005535765309507, -0.07933210407318472, -0.014840599808644633, -0.05509503833209918, 0.4180647009120151, -0.6110170736574437, 0.10417682158522079, 0.05632689985663847, 0.5121409256224633, 0.3076614457818114, -0.07313780260105943]], "inverted": true, "swapped": true, "error_lsq": 0.06100549778998333, "error_max": 0.4047420911920996, "target": "899.xyz", "model": "4.xyz", "model_rescale": 3.8936222436046832, "target_rescale": 4.030641621629152},
{"mapping": [4, 5, 0, 6, 2, 9, 3, 8, 7, 12, 11, 13], "R": [[0.061529244911519114, 0.961918586570707, 0.26632083063559264], [-0.9826940111423541, 0.10509094390800246, -0.1525397455533351], [-0.17471872391237708, -0.25232622994516213, 0.9517378006552498]], "T": [-0.1071897760732801, -0.06849447388328578, 0.048197951199741414], "aligned_model": [[0.049498375073622106, -0.4971151875739256, -0.23018081199651053, 0.3141163432441609, -0.5816961381840601, -0.6033034991739648, -0.162822039925542, 0.011330149548609114, 0.6226332462047753, 0.29195402480045224, -0.013236894380013867, -0.1736295254225056], [-0.6313291268305232, -0.6414803774347644, 0.18226613540607406, -0.06545545920587834, 0.6617919592956377, 0.03549802497018975, -0.3596125026455641, 0.4012229608852027, 0.16213019630213188, -0.44417622119757927, 0.4582937394093659, -0.0902264238444855], [-0.6354092952018572, -0.286457926269245, -0.5986676730942484, -0.4295590756111154, -0.32193977034424276, 0.47413383076232923, 0.7385787064898713, 0.4719139494398692, 0.17304338159651858, 0.17843640325508506, -0.07612475900401, -0.06866305274343626]], "inverted": false, "swapped": true, "error_lsq": 0.03959988521779829, "error_max": 0.2677837595313772, "target": "899.xyz", "model": "5.xyz", "model_rescale": 3.6523030999806103, "target_rescale": 4.030641621629152},
{"mapping": [4, 12, 7, 6, 11, 5, 3, 1, 10, 9, 8, 2, 13], "R": [[-0.5611264747986011, 0.5094936467092531, -0.6523444667068172], [-0.5457201931707439, 0.364852698011762, 0.7543685965887126], [0.6223556459499509, 0.7792937396877027, 0.07331246304534178]], "T": [0.08773897063530753, 0.017006975816630222, 0.061200522387849336], "aligned_model": [[0.18068847199712146, -0.14925945170011798, 0.3745727233862355, 0.5198192066663468, 0.5663043716571659, -0.2078163940958098, -0.5827234969074935, 0.1534094006013126, -0.7330813450736686, -0.2562690363297824, 0.17604211372347947, 0.7095707739741792, 0.12982556676532608], [-0.6534826667912152, 0.14516764152581876, 0.5912905832600744, -0.10782054551853967, 0.21811818666035263, -0.6897691734709989, 0.352325922974335, -0.5145769851284241, -0.24321238022196448, 0.11487307437960617, 0.5998953133438345, -0.16028184207615284, -0.11170022477354294], [0.6531945425882575, 0.555994615936185, 0.4963332611477908, 0.512293215745168, -0.11857305668510215, 0.13511756848681164, 0.01108539472963136, -0.4276381904339678, -0.1718574867018141, -0.4959757131618524, -0.19698628857478878, -0.6297194284639692, 0.04684130486943895]], "inverted": false, "swapped": true, "error_lsq": 0.05347073247772048, "error_max": 0.28080359971229835, "target": "899.xyz", "model": "6.xyz", "model_rescale": 4.08911054899281, "target_rescale": 4.030641621629152},
{"mapping": [12, 10, 10, 3, 7, 5, 13, 1, 9, 8, 4, 11, 6, 14], "R": [[0.314353943704, 0.4442648807137719, -0.8389340342614077], [0.8866980539347036, -0.45303334626388325, 0.09234364256059227], [-0.339040055489248, -0.7729097637740948, -0.5363416241879061]], "T": [0.062313511735292496, 0.042767394787230996, -0.03242097835900208], "aligned_model": [[-0.04152537776683422, -0.2761027970238072, -0.2761027970238072, 0.20751406305485748, 0.7423672195452752, 0.48488340928556645, 0.021950660646962508, -0.24767233763180957, -0.525454260854657, -0.25914024514263123, 0.3708158334639497, -0.4683993026584357, 0.4594099147244713, -0.08146412436592025], [0.06736268570892365, -0.4513718455573812, -0.4513718455573812, -0.21650811598618022, 0.2716776245580473, -0.4126332971079959, 0.6162411442948392, 0.6455308944562658, 0.05406342681416254, -0.5065312102718265, -0.5666196933693457, 0.12145173886091881, 0.11399001167829331, 0.07397600362072243], [-0.7371297655205072, -0.4331399716941056, -0.4331399716941056, 0.7011623132142553, -0.3229653394084256, -0.4734948056136102, -0.48562426743503023, 0.24781284457158048, 0.4861913557335131, 0.21270653530322697, 0.1417145550003086, -0.2705044628621031, 0.26149185230635036, 0.04320161467946024]], "inverted": false, "swapped": false, "error_lsq": 0.0558231888252937, "error_max": 0.46557803861276614, "target": "899.xyz", "model": "7.xyz", "model_rescale": 3.964800864290218, "target_rescale": 4.030641621629152},
{"mapping": [5, 1, 8, 4, 3, 0, 10, 11, 12, 7, 2, 9, 6, 13], "R": [[-0.6088330411897253, 0.22673092677827428, -0.760207481414078], [-0.6565066740736479, 0.39394806791646586, 0.6432759180022528], [0.44533281358151444, 0.8907289187104844, -0.09099823361155762]], "T": [0.07213808259277558, -0.070325673887801, -0.06615791669533967], "aligned_model": [[-0.07503691333612232, 0.04919826726150027, -0.5776472257937477, 0.22807843590338706, 0.6497927730171263, 0.707049097291355, -0.16901297349730432, -0.09927020622526926, -0.5182559365531745, -0.3454947036937788, 0.30294824161289063, -0.5267117035518986, 0.4738247058413998, 0.011617999976816194], [0.12273418454688326, -0.7271316540987471, -0.14026982372611066, -0.0033698545367484706, 0.16035106695262175, -0.38046214468477346, 0.6008129775743921, 0.5719345630840006, -0.1274403742895484, -0.6393699341659296, -0.5648536465315945, 0.2685637406823147, 0.27054822378542387, -0.05278980245012206], [-0.8662442461641597, -0.42837271540475214, -0.47105846042886934, 0.6166985246437117, -0.439073450789047, -0.18389807729809365, -0.4742670830557386, 0.42907365643290435, 0.4016537445993313, 0.026711080417580857, 0.30904533824792524, -0.04641899282860589, 0.17665613925431173, -0.11222297104569116]], "inverted": false, "swapped": false, "error_lsq": 0.055952927121886, "error_max": 0.31412753450995207, "target": "899.xyz", "model": "8.xyz", "model_rescale": 4.121658175737393, "target_rescale": 4.030641621629152},
{"mapping": [3, 9, 8, 7, 10, 12, 1, 4, 0, 5, 7, 6, 13], "R": [[-0.5426008214567573, 0.23074536644009677, -0.807676249756595], [-0.22181867575774103, 0.8880376627513076, 0.40272271430883677], [0.8101733293805309, 0.39767535176525626, -0.43066633367242124]], "T": [0.0006815944553464209, -0.008227237592099108, -0.11748763932221243], "aligned_model": [[-0.7014349157397131, -0.2272081461558249, 0.00704698248472517, 0.04689659702712311, -0.6680255431351777, -0.36096935185579193, 0.29084378614345463, 0.11390462321246429, 0.6482087915285106, -0.13397716660418257, 0.04689659702712311, 0.3413473397726175, 0.07320790272986909], [0.00297314706800254, -0.36814999710135404, 0.30536063140714675, 0.7658595567596466, -0.5969920816581495, 0.3020013156959858, -0.6709183050899795, -0.13568343228168186, -0.19020093954822664, -0.5872330901500349, 0.7658595567596466, 0.2972764447111579, -0.09976536716045002], [-0.38465275722069303, -0.6243273702794293, -0.6794830296158361, -0.12582863348914103, -0.16179183851290946, 0.183147423822229, -0.1675261408237287, 0.7654553683488169, 0.09236210413449866, 0.37135637393841814, -0.12582863348914103, 0.325653657013685, -0.04746108986767997]], "inverted": false, "swapped": true, "error_lsq": 0.062093854025496276, "error_max": 0.4526886773692179, "target": "899.xyz", "model": "9.xyz", "model_rescale": 3.833441315466971, "target_rescale": 4.030641621629152},
{"mapping": [10, 8, 11, 4, 13, 2, 0, 1, 6, 7, 3, 12, 5, 14], "R": [[0.8077310044438117, 0.2248376444069898, -0.5449941817283073], [-0.10141287457439982, 0.9636316747270339, 0.24724365377766355], [0.5807633367652854, -0.14443693821279968, 0.801156612372989]], "T": [-0.050926090666696726, -0.057447548646977924, -0.07369480672640287], "aligned_model": [[-0.2422371423184429, 0.03712177769284886, -0.5600499704745807, 0.15487966492758348, 0.6131880863670818, 0.6273833946520578, 0.09192676969687408, -0.1611891814079403, -0.36780855672680496, -0.2935075845378721, 0.32027815416855215, -0.5920382274981814, 0.4892366456008065, -0.006103971888802198], [0.11136801794345458, -0.4662809363202, -0.38298036112811706, -0.10651014362748701, 0.2442007926642048, -0.28863207936023366, 0.5533918891379125, 0.6339875767329222, 0.10018003222647676, -0.6730573195817274, -0.7021953088998149, 0.20743473987523486, 0.2691174605621879, -0.14076683808275134], [-0.8551393213994052, -0.7314654326878524, -0.39017283764017324, 0.6951676210383337, -0.39563762690044274, -0.12937433450037666, -0.33881968906725674, 0.16161021048507795, 0.5059331916454515, 0.004361618651077995, 0.3744453320838526, -0.06627281833563718, 0.16923463688888196, -0.06558806368072438]], "inverted": true, "swapped": false, "error_lsq": 0.05115235285144197, "error_max": 0.2852054895688992, "target": "899.xyz", "model": "10.xyz", "model_rescale": 4.2482417240324, "target_rescale": 4.030641621629152},
{"mapping": [10, 3, 8, 7, 1, 0, 9, 6, 12, 4, 5, 13], "R": [[-0.44366079753725574, 0.8957283223237673, 0.028911404595003576], [-0.13638938640536538, -0.03559995381222575, -0.9900154435990056], [-0.8857556277013285, -0.4431742500141645, 0.13796214016826752]], "T": [0.07757615258623428, 0.043934277545891846, 0.042294665807440214], "aligned_model": [[-0.7384283611144029, -0.20583457266016758, 0.3730425253549815, 0.7982376395227345, -0.39865557581446853, 0.18410186027158132, -0.33702309839908484, 0.49172254336226173, 0.20040819671236065, -0.0036693094011610583, -0.5114825290901845, 0.024346283618556716], [-0.3125910302016513, -0.6487663075656728, -0.24557137903182474, -0.22827049213784656, 0.545061799874408, 0.7404204445538939, -0.16220924756780797, 0.35022698291002585, -0.30244539331444975, 0.4593009362271991, 0.3065277056322828, 0.16444737067208312], [-0.010643771025059305, 0.1079795417541691, 0.535349212315147, -0.04696533892065543, 0.26122832536806173, 0.040843200847053986, 0.5155566943935904, -0.3324417803778632, -0.3847276005737184, -0.7511299395352659, -0.37770984559055226, 0.007853591199448992]], "inverted": false, "swapped": true, "error_lsq": 0.05778171387151377, "error_max": 0.33617317227479177, "target": "899.xyz", "model": "11.xyz", "model_rescale": 3.6694154284099745, "target_rescale": 4.030641621629152},
{"mapping": [10, 2, 12, 4, 9, 8, 7, 5, 0, 1, 3, 12, 6, 13], "R": [[0.773596174595443, 0.0969545290892953, 0.6262178358529641], [-0.3295244687421102, -0.7825477649478859, 0.5282353832102678], [0.5412601806446941, -0.6149949714137029, -0.573427067711607]], "T": [0.08054038703001183, 0.033769900063685736, -0.04820529833792163], "aligned_model": [[0.00983486644932001, -0.017693339192567506, -0.5399334072052016, 0.29379265460486753, 0.680988776997177, 0.6203768164620935, 0.12392274252896608, -0.38691877452974105, -0.34848233659113065, -0.3264279320724518, 0.3363743539541679, -0.5399334072052016, 0.18903666070657904, 0.016142183346303338], [0.0557544198143488, -0.5343809713415032, -0.010329657662420048, -0.30355685580417047, 0.21704228209597956, -0.4231871575748757, 0.6640513884095758, 0.6744290051008375, 0.0352725914767028, -0.6715885981323951, -0.757345205492619, -0.010329657662420048, 0.4300356989653748, -0.006609760050352825], [-0.6791143231261143, -0.35458463143052543, -0.32176699145705834, 0.5750224127758751, -0.5487642178070856, -0.31721222806914473, -0.43939391671708183, 0.07672922804902381, 0.523349693732546, 0.1827052262620773, 0.17525559696997683, -0.32176699145705834, 0.3404549757740275, 0.047368653081349577]], "inverted": false, "swapped": false, "error_lsq": 0.056285693866947706, "error_max": 0.41031804175071523, "target": "899.xyz", "model": "12.xyz", "model_rescale": 3.9764082729961374, "target_rescale": 4.030641621629152},
{"mapping": [9, 4, 5, 14, 2, 7, 1, 10, 13, 6, 3, 12, 8, 15], "R": [[-0.9307471525284369, 0.3183270347740959, -0.17993786981105053], [-0.3496115080591749, -0.9188880196483785, 0.18280208089425853], [-0.10715190848882022, 0.23305086629020094, 0.9665432024635995]], "T": [-0.03845113372857006, -0.0455576761667087, -0.09318777886468148], "aligned_model": [[-0.2532510998329256, 0.04660337448807083, -0.5641332032945047, -0.06707120744446307, 0.5666955244971675, 0.585719029783784, 0.05438694715773266, 0.02635805228102147, -0.47185185758853326, -0.46434548830862993, 0.604221909180789, -0.49559203900222487, 0.5307070392161816, 0.012632877119714468], [0.12329693999523766, -0.692849268304549, -0.40276441395595425, -0.41052579114575266, 0.29296225684893906, -0.36568081586418255, 0.5535279346814467, 0.6732810983692453, -0.010516971949172484, -0.6289813149769808, -0.31864453466238685, 0.39963912994458994, 0.2841152454966833, -0.13760197233510127], [-0.6287699104560851, -0.3925922664043863, -0.6398920993611993, 0.6172960042044395, -0.48747357736042146, -0.3741975319590951, -0.2823969220714423, 0.2606730477192843, 0.33741239274756724, 0.15558855062316795, 0.3767466579966728, -0.09914860952410696, 0.165709064570429, -0.07067231414401683]], "inverted": false, "swapped": false, "error_lsq": 0.05583988389279696, "error_max": 0.40739419206887206, "target": "899.xyz", "model": "13.xyz", "model_rescale": 4.170626492500431, "target_rescale": 4.030641621629152},
{"mapping": [6, 4, 2, 7, 5, 12, 11, 9, 1, 0, 8, 3, 10, 13], "R": [[0.43242372849631117, 0.64814752068682, 0.6268289323737991], [-0.658009264611, -0.2484560947977955, 0.7108399092931684], [0.6164685934574768, -0.7198432887687133, 0.3190487625664816]], "T": [-0.04865387480345937, -0.09778954961103781, -0.073500816161856], "aligned_model": [[-0.13004013321602276, 0.20001901279050444, -0.5021558843042713, 0.02171368930612963, 0.4940368892874547, 0.6690885281676899, 0.12436078443446755, -0.032527168842664184, -0.5300657996737725, -0.42197105523323675, 0.43823583598269045, -0.5608966333164882, 0.3570369178011349, -0.015755124930435974], [0.18153347755312615, -0.6745776745346009, -0.4416107830829643, -0.3387782454322704, 0.18073773376822122, -0.1384138289318903, 0.5523063953112336, 0.5829155001835786, 0.11284714958267056, -0.45641775781367594, -0.5768046460972991, 0.3211151558176515, 0.0834412929366386, -0.02903624711835691], [-0.8627055997684548, -0.40295549364551303, -0.40373566294352564, 0.6974743178706706, -0.7481333941923101, -0.2109840227473676, -0.2905280983536313, 0.36546046117686465, 0.48747084929085227, 0.22294226033885883, 0.21811406630088898, -0.2674075167953035, 0.2742040406925523, -0.14093372064377466]], "inverted": false, "swapped": false, "error_lsq": 0.057770769525310794, "error_max": 0.3049755817168445, "target": "899.xyz", "model": "14.xyz", "model_rescale": 3.9786697098870705, "target_rescale": 4.030641621629152},
{"mapping": [12, 5, 8, 7, 9, 2, 4, 0, 11, 6, 1, 13], "R": [[0.8489205917574855, -0.467151043489979, -0.24719168969919827], [0.5240823691686705, 0.8045307799250888, 0.27940632505310625], [0.06834836659843771, -0.3667425891812299, 0.9278083714129624]], "T": [0.034797302340936094, -0.04825296713995911, -0.20085880848839807], "aligned_model": [[-0.06349191967191092, -0.719169902209611, 0.5994532464912717, 0.6008687847957451, 0.0062293737872516144, 0.3343125247732877, -0.5502452658490287, 0.018026167548384965, 0.4907205354913124, 0.10547047727077372, -0.29342980632804644, -0.04538961933209356], [-0.5737173711576787, 0.014437934096478588, 0.08173941879396976, -0.5782178411032945, 0.45000071501351413, 0.7044569013281679, -0.4720782506162954, 0.1601453616507108, 0.11467012474800184, -0.4314844540843059, 0.5481003876907805, -0.0033784361356097997], [-0.3787379595467343, -0.05960536997596502, -0.48100579275635846, -0.19008509266679144, -0.635935561767662, 0.28821683036572343, 0.33463181990087754, 0.4719945779019207, 0.05871617782252078, 0.3030248965581558, 0.04911527292038731, -0.10036330488224421]], "inverted": true, "swapped": true, "error_lsq": 0.055388185092493596, "error_max": 0.27606171673506774, "target": "899.xyz", "model": "15.xyz", "model_rescale": 3.769337070930944, "target_rescale": 4.030641621629152},
{"mapping": [11, 7, 1, 0, 9, 3, 10, 12, 5, 4, 13], "R": [[0.3789709343771467, -0.5868794066606005, 0.7155093241426098], [0.044802231754234645, -0.7606398664040478, -0.6476262453504125], [0.9243234233357676, 0.277487937890162, -0.26196689370665405]], "T": [-0.06689636376308354, -0.04451709383853251, -0.11343985528351865], "aligned_model": [[-0.48084919582643176, -0.35285862776576155, -0.11167928723007774, -0.653450592031051, 0.3755023101521901, 0.6374123503897071, 0.7446878595043969, 0.09657546137849911, 0.12580610692436162, -0.3375796628830932, -0.12094059192156843], [-0.08872640130048745, -0.7621473466848533, 0.6756981262403798, 0.3396532451114086, 0.21593976928293954, -0.28547183495084366, 0.29586690434378843, -0.45114307146592225, 0.46604499684735035, 0.12391640229981754, 0.06643370790176414], [-0.47187770467362816, -0.18161732665311914, -0.18514708359194976, -0.04408495672581096, -0.5315430427101376, -0.215225368155805, 0.032319953522957676, 0.240603758044376, 0.4292767723156401, 0.7274011520162965, -0.05588854616504242]], "inverted": false, "swapped": true, "error_lsq": 0.05246117830993875, "error_max": 0.2828994824015546, "target": "899.xyz", "model": "16.xyz", "model_rescale": 3.7852294659196426, "target_rescale": 4.030641621629152},
{"mapping": [12, 8, 11, 7, 3, 9, 1, 2, 6, 4, 5, 0, 13], "R": [[0.12642158817621585, 0.710832851471374, -0.6919062359251285], [0.5366718296410493, -0.6356209010975593, -0.5549499232882693], [-0.834266701548571, -0.30116893491361796, -0.4618401707628572]], "T": [-0.08448352166715585, 0.02518455860703147, -0.06277763784161193], "aligned_model": [[-0.015051493843141542, -0.36243218086867723, 0.09959542891570115, 0.19129108651009424, -0.7227123572370603, -0.6966130226722796, -0.14390344483256973, 0.034021595957042614, 0.540257395550907, 0.5513520381660509, -0.026584178225295643, 0.42345265414380145, -0.018907671348290814], [-0.13335967062459606, -0.49578454686215173, -0.2540764598006969, -0.6799377008750094, -0.10472740859024823, 0.13587915554517394, 0.6081758822471856, 0.1684998632529775, -0.0618033250697811, 0.5136992576034793, 0.7547581629967947, 0.28528978481604544, 0.13844262906370094], [-0.5989282923450052, 0.19325443525519959, 0.3730174119984839, -0.2306071004034338, -0.43728675248737003, 0.1639574934752812, 0.36436143711005053, 0.8650659673148217, -0.15161317633068627, -0.4698641400949417, -0.3009356743088288, 0.35048853133170865, -0.025155443372106373]], "inverted": false, "swapped": true, "error_lsq": 0.03835859050302238, "error_max": 0.24036342201293537, "target": "899.xyz", "model": "17.xyz", "model_rescale": 3.901054581598922, "target_rescale": 4.030641621629152},
{"mapping": [7, 12, 11, 5, 0, 3, 1, 4, 10, 9, 13, 6, 8, 14], "R": [[-0.43299561291290584, 0.39187987637110255, -0.8117542495691332], [-0.2074752905712235, -0.9197009080539623, -0.3333230317981398], [-0.8771937089380906, 0.024091538350357794, 0.4795318495984911]], "T": [0.056182624819436436, -0.014587771988136641, -0.020386430157756853], "aligned_model": [[0.016297616960244773, -0.033009047203778744, -0.6243688646189115, 0.21396507895535594, 0.6311772958731191, 0.5838850246311962, 0.12271316234403613, -0.2377404449803956, -0.6188096363460753, -0.21709427863556402, 0.3680160368383817, -0.47451394642610184, 0.34684080482365165, 0.03372105603802181], [0.03326921555612576, -0.5870014996897879, -0.3313573445030733, -0.24806169123613003, 0.22058183641163637, -0.39746522543437934, 0.5862836529665765, 0.6413664578567976, 0.03368203830546386, -0.5289909395288364, -0.6500006194732116, 0.26524276761714866, 0.38428531522079745, -0.0625764419270656], [-0.6805348367213907, -0.48553422823661935, -0.29101107256606834, 0.5370009335252103, -0.4557953207932721, -0.4183071790364816, -0.3671035593645739, 0.3096245504137846, 0.4427649715563589, 0.2876699552596454, 0.1424405783516126, -0.4718083654273945, 0.4232759807324651, -0.03439992111246924]], "inverted": false, "swapped": false, "error_lsq": 0.04327098800630495, "error_max": 0.3112995328775905, "target": "899.xyz", "model": "18.xyz", "model_rescale": 3.9405287249114394, "target_rescale": 4.030641621629152},
{"mapping": [6, 1, 0, 13, 2, 10, 5, 9, 7, 12, 14, 8, 11, 15], "R": [[0.9101906670399834, -0.15638630743953263, 0.3835313187716725], [0.36694703396319434, 0.7339338596143127, -0.5715688619731248], [-0.19210107729766795, 0.6609723235938602, 0.7254052409129734]], "T": [-0.06453756164163969, -0.1930705098108386, -0.01190244344749515], "aligned_model": [[-0.1705767529309274, -0.06835487496983739, -0.6033875176427792, 0.044552634822822804, 0.4474714523499749, 0.7109896333244656, 0.09461318455827901, -0.08534129955592835, -0.553156679689016, -0.13188515974708176, 0.5014700623773691, -0.5023251044532301, 0.4602196855901157, -0.03320940578104704], [0.09485899857294897, -0.5080224276007935, -0.2635301343317912, -0.17350423998500616, 0.10950173395451271, -0.19426381833385614, 0.5590573729743482, 0.4867377514128738, 0.17410559667054767, -0.7224856209721174, -0.5326028557972905, 0.3285896579443932, 0.18247546893966068, -0.18165996130636802], [-0.6931775301083859, -0.5918249741176032, -0.4330323808609824, 0.6507032730177454, -0.6456390527002526, -0.14019968749154887, -0.328505239834307, 0.34367846073230124, 0.3374664350307066, 0.11188367577801205, 0.3931804093832293, -0.3412728918373444, 0.3087348145589569, -0.03371282496971935]], "inverted": false, "swapped": false, "error_lsq": 0.05098802557460498, "error_max": 0.3066068279869906, "target": "899.xyz", "model": "19.xyz", "model_rescale": 4.410303926677745, "target_rescale": 4.030641621629152},
{"mapping": [5, 1, 8, 4, 3, 0, 10, 11, 12, 7, 2, 9, 6, 13], "R": [[-0.6088330411897253, 0.22673092677827428, -0.760207481414078], [-0.6565066740736479, 0.39394806791646586, 0.6432759180022528], [0.44533281358151444, 0.8907289187104844, -0.09099823361155762]], "T": [0.07213808259277558, -0.070325673887801, -0.06615791669533967], "aligned_model": [[-0.07503691333612232, 0.04919826726150027, -0.5776472257937477, 0.22807843590338706, 0.6497927730171263, 0.707049097291355, -0.16901297349730432, -0.09927020622526926, -0.5182559365531745, -0.3454947036937788, 0.30294824161289063, -0.5267117035518986, 0.4738247058413998, 0.011617999976816194], [0.12273418454688326, -0.7271316540987471, -0.14026982372611066, -0.0033698545367484706, 0.16035106695262175, -0.38046214468477346, 0.6008129775743921, 0.5719345630840006, -0.1274403742895484, -0.6393699341659296, -0.5648536465315945, 0.2685637406823147, 0.27054822378542387, -0.05278980245012206], [-0.8662442461641597, -0.42837271540475214, -0.47105846042886934, 0.6166985246437117, -0.439073450789047, -0.18389807729809365, -0.4742670830557386, 0.42907365643290435, 0.4016537445993313, 0.026711080417580857, 0.30904533824792524, -0.04641899282860589, 0.17665613925431173, -0.11222297104569116]], "inverted": false, "swapped": false, "error_lsq": 0.055952927121886, "error_max": 0.31412753450995207, "target": "899.xyz", "model": "20.xyz", "model_rescale": 4.121658175737393, "target_rescale": 4.030641621629152},
{"mapping": [4, 12, 7, 6, 11, 5, 3, 1, 10, 9, 8, 2, 13], "R": [[-0.5611264747986011, 0.5094936467092531, -0.6523444667068172], [-0.5457201931707439, 0.364852698011762, 0.7543685965887126], [0.6223556459499509, 0.7792937396877027, 0.07331246304534178]], "T": [0.08773897063530753, 0.017006975816630222, 0.061200522387849336], "aligned_model": [[0.18068847199712146, -0.14925945170011798, 0.3745727233862355, 0.5198192066663468, 0.5663043716571659, -0.2078163940958098, -0.5827234969074935, 0.1534094006013126, -0.7330813450736686, -0.2562690363297824, 0.17604211372347947, 0.7095707739741792, 0.12982556676532608], [-0.6534826667912152, 0.14516764152581876, 0.5912905832600744, -0.10782054551853967, 0.21811818666035263, -0.6897691734709989, 0.352325922974335, -0.5145769851284241, -0.24321238022196448, 0.11487307437960617, 0.5998953133438345, -0.16028184207615284, -0.11170022477354294], [0.6531945425882575, 0.555994615936185, 0.4963332611477908, 0.512293215745168, -0.11857305668510215, 0.13511756848681164, 0.01108539472963136, -0.4276381904339678, -0.1718574867018141, -0.4959757131618524, -0.19698628857478878, -0.6297194284639692, 0.04684130486943895]], "inverted": false, "swapped": true, "error_lsq": 0.05347073247772048, "error_max": 0.28080359971229835, "target": "899.xyz", "model": "21.xyz", "model_rescale": 4.08911054899281, "target_rescale": 4.030641621629152},
{"mapping": [15, 11, 1, 7, 9, 5, 14, 3, 4, 0, 6, 2, 12, 16], "R": [[0.34727772707648236, 0.9019154937007755, -0.2568007447401175], [0.7567009767866332, -0.10776582991050315, 0.6448179259557353], [0.553896932656923, -0.4182522780884609, -0.7199050075302056]], "T": [0.05770553125630195, -0.09750867089967317, -0.07562801232187352], "aligned_model": [[-0.21419280825119735, 0.05420568901140058, -0.52886914528213, 0.32786055228335653, 0.6584416665618021, 0.6316425589759489, 0.13669246256757983, -0.24789593770075646, -0.49575276128795887, -0.3515714079863027, 0.21340355840259834, -0.6139327132232544, 0.5042301160845375, 0.03681802809755633], [0.1940674823562818, -0.38278881872191944, -0.5292529524822053, -0.21124826626160342, 0.1792355455809822, -0.3570583372450928, 0.5241897765286411, 0.6710685633723141, 0.09035962262887078, -0.4905604718717909, -0.7466600326061394, 0.11630131069765627, 0.39870612241489817, -0.09710202224883067], [-0.6860063029906178, -0.7859068439233974, -0.3911044859782409, 0.5723501949275756, -0.34034738438451384, -0.3933689647666071, -0.21373916717301017, 0.18927876453479428, 0.30474234478869744, 0.4517068594020194, 0.25592102249614657, -0.23196479524586155, 0.23958014124309088, -0.032858896349268404]], "inverted": false, "swapped": false, "error_lsq": 0.05483049884998909, "error_max": 0.3605624657361107, "target": "899.xyz", "model": "22.xyz", "model_rescale": 4.204369325754507, "target_rescale": 4.030641621629152},
{"mapping": [6, 1, 0, 13, 2, 10, 5, 9, 7, 12, 14, 8, 11, 15], "R": [[0.9101906670399834, -0.15638630743953263, 0.3835313187716725], [0.36694703396319434, 0.7339338596143127, -0.5715688619731248], [-0.19210107729766795, 0.6609723235938602, 0.7254052409129734]], "T": [-0.06453756164163969, -0.1930705098108386, -0.01190244344749515], "aligned_model": [[-0.1705767529309274, -0.06835487496983739, -0.6033875176427792, 0.044552634822822804, 0.4474714523499749, 0.7109896333244656, 0.09461318455827901, -0.08534129955592835, -0.553156679689016, -0.13188515974708176, 0.5014700623773691, -0.5023251044532301, 0.4602196855901157, -0.03320940578104704], [0.09485899857294897, -0.5080224276007935, -0.2635301343317912, -0.17350423998500616, 0.10950173395451271, -0.19426381833385614, 0.5590573729743482, 0.4867377514128738, 0.17410559667054767, -0.7224856209721174, -0.5326028557972905, 0.3285896579443932, 0.18247546893966068, -0.18165996130636802], [-0.6931775301083859, -0.5918249741176032, -0.4330323808609824, 0.6507032730177454, -0.6456390527002526, -0.14019968749154887, -0.328505239834307, 0.34367846073230124, 0.3374664350307066, 0.11188367577801205, 0.3931804093832293, -0.3412728918373444, 0.3087348145589569, -0.03371282496971935]], "inverted": false, "swapped": false, "error_lsq": 0.05098802557460498, "error_max": 0.3066068279869906, "target": "899.xyz", "model": "23.xyz", "model_rescale": 4.410303926677745, "target_rescale": 4.030641621629152},
{"mapping": [11, 7, 1, 5, 14, 13, 9, 8, 4, 0, 12, 10, 15, 16], "R": [[0.27281753322342533, -0.7827567983814645, -0.5593410302789208], [-0.28238874965331706, 0.49063306186609407, -0.8243396100352922], [0.9196886362433327, 0.3828459131184514, -0.08718841192141139]], "T": [0.02220473255018624, -0.05886804978099505, -0.08335643486802921], "aligned_model": [[-0.020902657146888062, 0.0010987241866479217, -0.6337707135368947, 0.18361063774057967, 0.5613687510412504, 0.5944232193871523, 0.06271990136395167, -0.2768574907041635, -0.3707358514338741, -0.2320452205494391, 0.34665617538186094, -0.4758096518266125, 0.4599257074762488, -0.08860167312663927], [0.10833810543953884, -0.591287289702855, -0.3845170540951649, -0.12840877073634338, 0.2190202975522225, -0.40117835857557027, 0.5470269303305568, 0.626328332717101, 0.12675473237432178, -0.7254752975408514, -0.7087531009579519, 0.3400972109611705, 0.43306973790176173, -0.10175795352587393], [-0.6923764191219401, -0.48086767502896466, -0.5305524653629142, 0.5205593335356551, -0.3837398858030233, -0.3060137492417374, -0.23720628959658682, 0.2583662177146494, 0.45052206553663743, 0.16438849377640383, 0.26096393380752014, -0.21216769194732654, 0.19180125082205188, -0.0653946325096173]], "inverted": true, "swapped": false, "error_lsq": 0.04006813602415381, "error_max": 0.2119586638939154, "target": "899.xyz", "model": "24.xyz", "model_rescale": 4.28219845311461, "target_rescale": 4.030641621629152},
{"mapping": [14, 2, 12, 3, 6, 0, 8, 5, 9, 7, 4, 11, 1, 15], "R": [[0.3751242419143578, -0.28246405539402764, 0.8828906277328683], [0.9118149243486688, 0.2839833697547769, -0.29655857673949193], [-0.16695911734077232, 0.9162791622169968, 0.3640839875958689]], "T": [-0.05737734007779212, -0.09323845710803594, -0.09315483237999655], "aligned_model": [[-0.2252500894694684, 0.2138447348155625, -0.7527579525937447, 0.11497211290886607, 0.5488887111391942, 0.7356524938916211, 0.2326857502356759, -0.15402600477653133, -0.5757901765101335, -0.32458581604906894, 0.373592017611079, -0.45480400168861296, 0.36512125334183104, 0.013536825396909827], [-0.040705578384596625, -0.49557424531531113, -0.17566546747025907, -0.12557391660365874, 0.20931768147494548, -0.24303687040582903, 0.5335829122613011, 0.6591434642168836, -0.034159994328054874, -0.6571576733775248, -0.5955942435944717, 0.24054037897372252, 0.19660564761350544, -0.11246457291859], [-0.8342375953419594, -0.5762123072275489, -0.3998655950420014, 0.6613618533031175, -0.6873756609517826, -0.21239530304207788, -0.16318647857351415, 0.29396422035380365, 0.33653290323343515, 0.37175457131209677, 0.21757438984177718, -0.25783879782101704, 0.2907237061752075, -0.10251741963872918]], "inverted": true, "swapped": false, "error_lsq": 0.04780428715307068, "error_max": 0.28557894996184396, "target": "899.xyz", "model": "25.xyz", "model_rescale": 4.100010024507729, "target_rescale": 4.030641621629152},
{"mapping": [10, 3, 8, 7, 1, 0, 9, 6, 12, 4, 5, 13], "R": [[-0.44366079753725574, 0.8957283223237673, 0.028911404595003576], [-0.13638938640536538, -0.03559995381222575, -0.9900154435990056], [-0.8857556277013285, -0.4431742500141645, 0.13796214016826752]], "T": [0.07757615258623428, 0.043934277545891846, 0.042294665807440214], "aligned_model": [[-0.7384283611144029, -0.20583457266016758, 0.3730425253549815, 0.7982376395227345, -0.39865557581446853, 0.18410186027158132, -0.33702309839908484, 0.49172254336226173, 0.20040819671236065, -0.0036693094011610583, -0.5114825290901845, 0.024346283618556716], [-0.3125910302016513, -0.6487663075656728, -0.24557137903182474, -0.22827049213784656, 0.545061799874408, 0.7404204445538939, -0.16220924756780797, 0.35022698291002585, -0.30244539331444975, 0.4593009362271991, 0.3065277056322828, 0.16444737067208312], [-0.010643771025059305, 0.1079795417541691, 0.535349212315147, -0.04696533892065543, 0.26122832536806173, 0.040843200847053986, 0.5155566943935904, -0.3324417803778632, -0.3847276005737184, -0.7511299395352659, -0.37770984559055226, 0.007853591199448992]], "inverted": false, "swapped": true, "error_lsq": 0.05778171387151377, "error_max": 0.33617317227479177, "target": "899.xyz", "model": "26.xyz", "model_rescale": 3.6694154284099745, "target_rescale": 4.030641621629152},
{"mapping": [6, 2, 12, 8, 1, 0, 6, 3, 9, 10, 4, 12, 7, 13], "R": [[0.5748925835535184, -0.15328822695523048, 0.8037420213302792], [-0.8136724184105714, -0.0035805055662276597, 0.5813126314624365], [-0.08623057980237203, -0.9881750348277435, -0.1267848084359272]], "T": [0.07918754897141227, -0.10553254952665106, 0.055821482402075476], "aligned_model": [[0.01234780795961253, -0.03754047584410604, -0.5766001910364367, 0.2218279056238318, 0.6254472773718791, 0.5849381908237967, 0.01234780795961253, -0.24247796704109775, -0.45601609449933517, -0.16804195038215186, 0.42313486137998324, -0.5766001910364367, 0.21693511110421215, 0.07137776586981581], [0.1949957468973171, -0.5066920975636544, 0.08103243775622473, -0.268306899360073, 0.37374974171436937, -0.34217081093720886, 0.1949957468973171, 0.6350757986634904, 0.05592726002738024, -0.5939848093024896, -0.8408910290413699, 0.08103243775622473, 0.4344510531834386, -0.1399570545489043], [-0.5576975669145489, -0.48043893143125765, -0.3502188591072232, 0.657083016279328, -0.44571161533560616, -0.29794675336200654, -0.5576975669145489, 0.026465209937428732, 0.4461435614403562, 0.30518604376134206, 0.18419096079023406, -0.3502188591072232, 0.3483481352888615, 0.010795711255670568]], "inverted": true, "swapped": false, "error_lsq": 0.05973756513318745, "error_max": 0.4512099738307317, "target": "899.xyz", "model": "27.xyz", "model_rescale": 4.103607728864725, "target_rescale": 4.030641621629152},
