[{"mapping": [11, 5, 10, 2, 3, 7, 4, 9, 0, 1, 6, 12], "R": [[-0.8967665642704987, 0.3099907398011648, -0.315777564820574], [0.3375661288182576, 0.017837291081189866, -0.941132796007843], [-0.2861098353449962, -0.9505722341223792, -0.12063826024295843]], "T": [-0.11824467789614967, -0.08549631475216157, -0.022526539674540824], "aligned_model": [[-0.4186830669918941, 0.2722501514182728, 0.2969536087577221, -0.11957467631207955, 0.04890239530115986, -0.5392780194042289, 0.4103515125440419, -0.29456488946194226, 0.6358138088464681, 0.15002167098848657, -0.5213264410766112, -0.08322359214884631], [-0.18309014012898334, -0.5642674749947483, -0.32893967366534826, 0.6011034633656884, 0.3116816520200222, -0.6076856830821423, -0.17321296159526647, -0.5662383327302999, 0.13524022522171467, 0.38797080974332554, 0.0699539370990066, -0.028960785275911713], [-0.5732027550310572, -0.01938477672297593, -0.6097458720846032, -0.12705130540792348, -0.6835828989226076, -0.09505308140156556, 0.6853009640560244, 0.6339703088926465, 0.01614414190818507, 0.40031357643509713, 0.5192689581700902, 0.03497448546225243]], "inverted": false, "swapped": true, "error_lsq": 0.040898047715758404, "error_max": 0.23728713551463912, "target": "9.xyz", "model": "0.xyz", "model_rescale": 3.751011558992144, "target_rescale": 3.833441315466971},
{"mapping": [7, 0, 3, 12, 1, 6, 8, 10, 5, 4, 11, 9, 14], "R": [[0.6823759338882068, -0.6689011898799991, -0.2948462023281274], [-0.721773483524525, -0.5526374881005118, -0.4166951466321981], [0.11578481476890642, 0.49715491038817883, -0.8599016639976064]], "T": [0.047289200753283515, -0.06724992405866986, -0.07525186617065407], "aligned_model": [[-0.4918975765460702, -0.23341263446656357, 0.13333661456167092, -0.005425873385893461, -0.537316329232691, -0.6229494823316908, 0.24712324480779602, 0.1550454128525292, 0.6524544499170587, -0.1718730061150056, -0.19275332005327317, 0.4874162079555477, 0.056989788471782384], [0.18919520088004244, -0.3214541495421009, 0.17586064246666555, 0.6230010488214777, -0.4293538272819299, 0.1297844613543866, -0.6976605279794628, -0.007151962364247755, -0.18380839402107668, -0.6009642043209382, 0.5943516950270669, 0.3319561770562727, -0.013368720684446098], [-0.3636795709390235, -0.7325883172747019, -0.7942087386834591, -0.3449736107032777, -0.18840082558316473, 0.19985412055366167, -0.019870665019784378, 0.7354457234909035, 0.026114752004112146, 0.46575734265536795, 0.30077190269860443, 0.2095503945262692, -0.07269707376641912]], "inverted": true, "swapped": false, "error_lsq": 0.042206216854391895, "error_max": 0.21656493898853044, "target": "9.xyz", "model": "1.xyz", "model_rescale": 3.9405287249114394, "target_rescale": 3.833441315466971},
{"mapping": [3, 6, 11, 9, 7, 4, 0, 2, 5, 1, 8, 9, 12], "R": [[0.9906976025847976, -0.13573682243464655, 0.009683763115620067], [0.1354338289134894, 0.9904167639476507, 0.027061257866091364], [-0.013264170481635876, -0.025498014173826064, 0.9995868711896057]], "T": [-0.10843056103202284, -0.06059364713007098, -0.06180872396832167], "aligned_model": [[-0.5661468218018028, -0.12494511255427625, 0.34913562175685897, 0.27155994202195033, -0.7847330177523412, -0.63342252755554, 0.35355991193646363, 0.317295469624307, 0.6161336903815825, -0.2645095738907101, -0.2463811875051108, 0.27155994202195033, -0.0823688402481347], [0.1542648246979038, -0.38489330682879214, 0.07366191243359588, 0.6488260237404325, -0.41494756738261546, 0.09456152690505695, -0.753926505701783, -0.17169285701655362, -0.07501912674133689, -0.6316494561387986, 0.6611098274712593, 0.6488260237404325, -0.05873387976709166], [-0.3285133176287408, -0.4975984596169898, -0.5911695858871461, -0.11388612080066995, -0.27618721960595843, 0.3763762015354084, -0.15553352531252995, 0.45836811125775373, -0.008191268898397629, 0.4642720085250011, 0.18477491197253226, -0.11388612080066995, 0.02224981921949598]], "inverted": true, "swapped": false, "error_lsq": 0.053086024433038455, "error_max": 0.4452235997539411, "target": "9.xyz", "model": "2.xyz", "model_rescale": 3.932901565614263, "target_rescale": 3.833441315466971},
{"mapping": [1, 10, 6, 2, 11, 3, 9, 7, 5, 8, 0, 4, 13], "R": [[0.3532653160335827, 0.896637589133978, -0.2669169350934869], [0.09589230214198174, 0.24910518930017977, 0.963717422823533], [0.9305956602507901, -0.3660432193276217, 0.002019580814639932]], "T": [-0.0940243775569537, -0.055516370692842966, -0.014143903637297336], "aligned_model": [[-0.5424944391514428, -0.21981608410945366, 0.28634442281511113, 0.08578953526316457, -0.7366144383518674, -0.4760059734483755, 0.3168167387296754, 0.3014111277190257, 0.608856008726812, -0.34146716893817347, -0.25461356877826424, 0.4715679992368683, -0.023036663277882757], [0.3818085730608213, -0.2881674455598824, 0.10596914703898974, 0.6904434664224186, -0.6374302739068664, -0.007705752444253526, -0.6375805453119614, -0.10471827739012612, -0.16255014042118482, -0.5939153887366159, 0.5573207106081135, 0.5861374533934037, -0.09922408734114667], [-0.4096058086754981, -0.679873101004405, -0.5581423079990719, -0.33881409220654496, -0.22899948625324346, 0.32125091335328937, 0.16531030551413503, 0.5782685210227743, -0.12045768623387038, 0.4190826974560335, 0.2040123536381177, 0.1636538406846887, -0.09461071533731599]], "inverted": true, "swapped": false, "error_lsq": 0.04080787134708555, "error_max": 0.256308907577601, "target": "9.xyz", "model": "3.xyz", "model_rescale": 3.9243930471874484, "target_rescale": 3.833441315466971},
{"mapping": [10, 4, 3, 6, 8, 9, 2, 1, 0, 7, 11, 5, 12], "R": [[-0.06238463761326413, -0.8417149090085132, -0.5363060403749447], [-0.7040954121966974, -0.3437269285797739, 0.6213706213627079], [-0.707359744057735, 0.41637460359861667, -0.5712043259330853]], "T": [-0.1454299614678809, 0.03380440271489161, -0.05480933386960893], "aligned_model": [[-0.5928683853799885, -0.20539009383222986, 0.257479534937338, 0.17794262269649613, -0.697653685194597, -0.5902605207266653, 0.4426937458534187, 0.14321865549305224, 0.6790234834650084, -0.0863889268830294, -0.44755957105304467, 0.4380151846960456, -0.04151454763660689], [0.21625311428369803, -0.4563662368019628, -0.0030296164736087067, 0.6084016317291223, -0.2620554852974781, 0.1916546415024577, -0.6496922884740485, -0.19522818812387469, -0.1450174437098404, -0.7382890267123969, 0.7525701183208415, 0.4086524917832135, 0.06253372738558673], [-0.5682672620125522, -0.38420999586433535, -0.5926388264614414, -0.3494017827829018, 0.007257199261658652, 0.4694963665009858, -0.25014818902648417, 0.5570618521186735, 0.05299427339903681, 0.15328836285607605, 0.08020039344254112, 0.24966360633110043, -0.004220563803269385]], "inverted": false, "swapped": false, "error_lsq": 0.052727585036618355, "error_max": 0.30521093351358786, "target": "9.xyz", "model": "4.xyz", "model_rescale": 3.8936222436046832, "target_rescale": 3.833441315466971},
{"mapping": [10, 0, 3, 11, 2, 1, 4, 6, 7, 5, 8, 12], "R": [[-0.24497003223294764, -0.009493264124619538, -0.9694841727661412], [-0.9183078418915723, 0.32299613875942024, 0.2288759530115571], [0.3109668645181215, 0.946352668027499, -0.08784211341379888]], "T": [0.006771242058626628, -0.008604815334941247, 0.004737074906793197], "aligned_model": [[0.10675678452272755, -0.5782046767830322, -0.28049285649686573, 0.3527939790843469, -0.5416083779751589, -0.6091705245934671, -0.3356386769066538, -0.01764884451461201, 0.6743235691079891, 0.19913833506665451, 0.1270131519547144, -0.0697138202515451], [-0.5308128662734335, -0.5330976516789145, 0.007945297060033645, 0.15686692719674936, 0.34179006048222343, 0.039436693199051576, -0.4533139280151367, 0.45429755602827826, 0.07328520757336589, -0.5896147569533425, 0.7070484764864269, -0.004908109995494505], [-0.5372799667335463, -0.03443794419325501, -0.7300346059103406, -0.501147736525868, -0.23785244298621164, 0.310088461451552, 0.692572207923498, 0.5198167814105892, 0.058391758879985704, 0.08923710771151616, -0.05799717998700734, 0.04792827823460608]], "inverted": true, "swapped": true, "error_lsq": 0.04091297369952724, "error_max": 0.21345379132076503, "target": "9.xyz", "model": "5.xyz", "model_rescale": 3.6523030999806103, "target_rescale": 3.833441315466971},
{"mapping": [3, 7, 5, 1, 11, 4, 9, 10, 8, 9, 2, 6, 12], "R": [[-0.9998363643104, -0.010228381075797394, 0.014920617384318534], [0.010617291741348105, 0.33599864869536183, 0.9418026232661331], [-0.01464642340778321, 0.9418069272921382, -0.3358350696188545]], "T": [-0.0017943553299848772, 0.0541358450311882, -0.08326837780354138], "aligned_model": [[-0.53806960329824, -0.31954128734570664, 0.3160614119796124, 0.1462243958208504, -0.6561913822738928, -0.4892355835229681, 0.1520938751327835, -0.04331414683788465, 0.6434787695408629, 0.1520938751327835, -0.2791122869651385, 0.4272882956403824, -0.035038836568247356], [0.2506679166502684, -0.3545795637778285, 0.002103505459102782, 0.6985064779810896, -0.523139113645471, 0.1499818841619329, -0.6201204664206389, -0.11208029012761517, -0.13349603711051283, -0.6201204664206389, 0.6917998876282268, 0.3104302585670643, 0.050433446466730515], [-0.4787740113786888, -0.529145784154052, -0.6834049262768255, -0.29599308885736536, 0.031130732126623803, 0.20369187687919552, 0.1273490815227362, 0.6778632435294604, -0.12931155091166796, 0.1273490815227362, 0.2211835359390402, 0.33245474435669253, -0.18331750033879649]], "inverted": false, "swapped": false, "error_lsq": 0.054917621599995595, "error_max": 0.4624424749807253, "target": "9.xyz", "model": "6.xyz", "model_rescale": 4.08911054899281, "target_rescale": 3.833441315466971},
{"mapping": [7, 6, 4, 5, 2, 13, 9, 11, 8, 1, 12, 10, 14], "R": [[0.9742816009387338, 0.06352767243511187, -0.21619342475485973], [0.013793729843913353, -0.9744508005970172, -0.22417709569183414], [-0.22491130493874958, 0.2154295059893369, -0.9502657695928751]], "T": [-0.01937643724438759, -0.057319517601592214, -0.0867947329934074], "aligned_model": [[-0.633337136176062, -0.2048447459279459, 0.3640988515506789, 0.017645488323956564, -0.7321838407002328, -0.5854260533044442, 0.41126189192056734, 0.127532510913015, 0.6587938004368816, -0.2769753757920169, -0.17152678137435695, 0.4524210954036178, 0.049277791161538714], [0.2595257539748548, -0.24798144049811177, 0.12946005161318908, 0.6246655054434872, -0.4128061571361479, 0.07837288789045219, -0.6541032724850943, -0.0122015603009245, -0.10973951278605418, -0.6363083434673075, 0.5192525067897983, 0.4233581887076829, -0.17110716833411463], [-0.4360085623078094, -0.5091601009924154, -0.6479627872425209, -0.42447362625258445, -0.21199216899838022, 0.35713085266444644, 0.18331096348290654, 0.47969727386764044, -0.13665700443360118, 0.28247587948092734, 0.30361132674637537, 0.16939060879353385, 0.011712779150570327]], "inverted": true, "swapped": false, "error_lsq": 0.045548069143135535, "error_max": 0.3084588226492331, "target": "9.xyz", "model": "7.xyz", "model_rescale": 3.964800864290218, "target_rescale": 3.833441315466971},
{"mapping": [8, 7, 1, 5, 12, 9, 2, 6, 0, 4, 10, 3, 13], "R": [[-0.4666274576386913, -0.140169979587833, -0.8732761262052214], [-0.6753647863500662, -0.5810654960509167, 0.4541423726734065], [-0.5710877525704615, 0.8016952451657976, 0.1764752468267743]], "T": [-0.008399207963912199, -0.049885151467746205, 0.017579607777793486], "aligned_model": [[-0.4794806604504605, -0.23777913458914232, 0.26631898051985026, -0.000635054892059124, -0.6500155177027008, -0.6673264422151364, 0.2616849308968568, 0.19225625051253947, 0.6994483567316147, -0.059220534400447354, -0.33448719548615063, 0.5436044704881989, -0.05763095297776625], [0.30551541364264945, -0.3905231197999732, -0.06973896699813804, 0.7454079683669578, -0.44212906484769066, 0.14423753335289258, -0.6381537136594041, -0.11236474416561092, -0.14756649136330863, -0.613250478535, 0.6568246391311751, 0.34954703009170407, 0.0025814341954566097], [-0.4751985216574079, -0.5639733036185898, -0.6804573784181243, -0.24033373898627047, -0.05417107711186326, 0.06216671341017974, -0.12243247893934733, 0.5582639062907542, -0.033111155814429784, 0.43606508667936683, 0.28094610008947113, 0.26599169889334967, -0.012680416858000275]], "inverted": false, "swapped": false, "error_lsq": 0.04338666184438051, "error_max": 0.3085415750588574, "target": "9.xyz", "model": "8.xyz", "model_rescale": 4.121658175737393, "target_rescale": 3.833441315466971},
{"mapping": [0, 1, 2, 3, 4, 5, 6, 7, 8, 9, 10, 11, 12], "R": [[1.0, 0.0, 0.0], [0.0, 1.0, 0.0], [0.0, 0.0, 1.0]], "T": [0.0, 0.0, 0.0], "aligned_model": [[-0.6127653214677834, -0.20172454365740017, 0.2628710907701083, 0.17331664823439882, -0.7061539690402817, -0.5126985228833705, 0.2589319669496718, 0.22204573644198605, 0.7061539690402817, -0.1919943568799209, -0.28650494676118693, 0.3940326134393939, -0.028772867750700017], [0.20092921388733279, -0.3103346189753991, 0.11119313298997985, 0.6872804441716251, -0.5105458748262042, 0.10952332785322945, -0.6371945594013734, -0.07088916397482266, -0.1706430322438129, -0.6872804441716251, 0.6825596467181779, 0.42858359233806703, -0.04279422495346499], [-0.4505223134711316, -0.5813186290367256, -0.6331518993670412, -0.3468298170199172, -0.16975688329292377, 0.32689871759451816, -0.08437641883154767, 0.6331518993670412, -0.05273391017735547, 0.4289214089089821, 0.16884334380925542, 0.2531530732150466, -0.07120313773911219]], "inverted": false, "swapped": false, "error_lsq": 0.0, "error_max": 0.0, "target": "9.xyz", "model": "9.xyz", "model_rescale": 3.833441315466971, "target_rescale": 3.833441315466971},
{"mapping": [9, 7, 11, 10, 3, 2, 6, 1, 12, 4, 13, 0, 14], "R": [[0.7509764587373082, -0.42472389127335164, -0.5056124747313836], [0.297228407373319, -0.4663215073433226, 0.8331863690911966], [-0.5896521281846544, -0.7759857395407944, -0.22395646844115508]], "T": [0.016046670347197894, -0.008931454239166555, -0.047650896348008245], "aligned_model": [[-0.6762475900726306, -0.17613635272664807, 0.2470742924327877, 0.3418077955506924, -0.7109570601648194, -0.6535249327859739, 0.30798118009632014, 0.5031238206852521, 0.6027222854614591, -0.24685131040592148, -0.29248719257273503, 0.30105620021818724, -0.07082363928077309], [0.1171452167172772, -0.3254854470078314, 0.026900154736213794, 0.6853914334756671, -0.47359648292133116, 0.19464429619794052, -0.5928611963193788, -0.06851373571328886, -0.11575258574765401, -0.6544616412421198, 0.5774808245944739, 0.44428161792916526, -0.024785015287423974], [-0.45106564144666944, -0.6015220294522977, -0.6884936342137687, -0.34353864604602724, -0.14701807749472934, 0.11630347852280014, 0.13951177721857577, 0.504449397318572, -0.13379627233721791, 0.3397610413541014, 0.3957609168454331, 0.3732890528159151, -0.08256592912559772]], "inverted": false, "swapped": false, "error_lsq": 0.04834550554796127, "error_max": 0.30915184963837183, "target": "9.xyz", "model": "10.xyz", "model_rescale": 4.2482417240324, "target_rescale": 3.833441315466971},
{"mapping": [9, 7, 10, 11, 4, 0, 5, 2, 8, 1, 6, 12], "R": [[0.3794581195902895, 0.8571456970043007, -0.34829985584839573], [-0.5770851346321698, -0.07498125870503106, -0.813234626801872], [-0.7231765226164163, 0.509587151476586, 0.4661937925223878]], "T": [0.06908480246054735, 0.0006790219524363469, -0.031109259677114406], "aligned_model": [[-0.7422617554232567, -0.12794719707106553, 0.4866131259327684, 0.4977890800843475, -0.5773569565230764, 0.16570849375070792, -0.14544414197370464, 0.48466880301728754, 0.209141932195337, -0.07099000214165296, -0.3494416404883217, 0.0462858610036363], [-0.18580447787298557, -0.6370459616039591, -0.02247166741599175, -0.4647199240573196, 0.5845235281999882, 0.705611200083324, 0.02249216447131335, 0.3555436706641706, -0.3511518652324463, 0.6131089760757591, -0.03235129147202278, 0.07839703821080893], [-0.042532233804374944, 0.0673597548491565, 0.6026217363106217, 0.02035468841830436, 0.14025748880530148, 0.30438847450209633, 0.5478721088393114, -0.45972035430117875, -0.653324949740014, -0.31437647649136374, -0.5824047022862677, -0.06530324524723627]], "inverted": false, "swapped": true, "error_lsq": 0.05072376164995845, "error_max": 0.29905558860372394, "target": "9.xyz", "model": "11.xyz", "model_rescale": 3.6694154284099745, "target_rescale": 3.833441315466971},
{"mapping": [4, 1, 2, 8, 0, 6, 12, 7, 10, 5, 11, 9, 13], "R": [[0.5406321749878351, -0.6707118716343867, -0.507801572089553], [-0.8089527797068643, -0.24880645081005445, -0.5326262763325162], [0.23089445981326828, 0.6987423955106793, -0.677087005593474]], "T": [-0.05203028107897316, -0.022606564404196828, -0.033430239531877896], "aligned_model": [[-0.6539853578939259, -0.2124044073396164, 0.30125725755892613, 0.23283235530511032, -0.6064801190867112, -0.47416670059372296, 0.24582398207307482, 0.2867207124285926, 0.5773049544537178, -0.21031846478985045, -0.27918375128427647, 0.4111510176310272, -0.14181398202714807], [0.23498381318021133, -0.30069029020886334, -0.010687772587586842, 0.5960570788751558, -0.45657047000872136, 0.00479957910558269, -0.6192561264729398, -0.08529026111925357, -0.08311242027762077, -0.6001759709102679, 0.6457298999492088, 0.5452424485745382, -0.08064206868773356], [-0.378359120060776, -0.8166435407278501, -0.5823923792438295, -0.3631368154258346, -0.1558988893616155, 0.3419423487998472, -0.16404661779975396, 0.624964654914697, 0.028254361710891747, 0.5012932628900921, 0.1828018586782444, 0.2947417426276034, -0.09244543304262723]], "inverted": true, "swapped": false, "error_lsq": 0.03504728277956773, "error_max": 0.23576447278600582, "target": "9.xyz", "model": "12.xyz", "model_rescale": 3.9764082729961374, "target_rescale": 3.833441315466971},
{"mapping": [0, 9, 1, 2, 5, 4, 13, 14, 11, 6, 7, 3, 15], "R": [[0.4653672016228768, 0.2729832438494163, -0.841970020981236], [0.8795795776493666, -0.2488737463060497, 0.4054647025102853], [-0.09885916364128716, -0.9292696094121675, -0.35592816520627174]], "T": [0.02660609561551542, -0.08831417317300289, -0.13140731384869814], "aligned_model": [[-0.5440114267855025, -0.3478973874048117, 0.23326189996222613, 0.021098818691712325, -0.7158514125170715, -0.5636752797419669, 0.3065901479552662, 0.382350529191789, 0.7764537697403182, -0.18836480044378204, -0.25831921711328365, 0.3727650738714712, 0.002336781028832252], [0.29730546308726796, -0.16770552432510688, 0.04997975215142897, 0.5952743626962922, -0.4693340436625062, 0.06296816548652731, -0.6121089601225176, -0.2880844486369175, -0.0744196692668258, -0.564156692070175, 0.5834982366703796, 0.42171900329575723, -0.04454820589189426], [-0.3611921539963492, -0.5950270730107823, -0.7157794102129669, -0.5424254368494699, -0.2114361383085755, 0.24878378769763, 0.015998580832699227, 0.5558668487644742, 0.1295143355409899, 0.4262845515718839, 0.06485615975200407, 0.4417275463610005, -0.036096164183449395]], "inverted": true, "swapped": false, "error_lsq": 0.04702597442634442, "error_max": 0.2807924452414043, "target": "9.xyz", "model": "13.xyz", "model_rescale": 4.170626492500431, "target_rescale": 3.833441315466971},
{"mapping": [3, 2, 0, 1, 6, 11, 4, 12, 8, 5, 9, 10, 13], "R": [[-0.9968825512520776, -0.02363292037865179, 0.07527724811339144], [-0.05751598764800644, 0.8707805000802008, -0.4882962541787001], [-0.054010093260641226, -0.4911036609051613, -0.8694251572570955]], "T": [0.02637440309957962, 0.008223381709336276, -0.13074739314059294], "aligned_model": [[-0.588984776656104, -0.09811344249979592, 0.3038998108200313, 0.0052415891289275054, -0.658549348279304, -0.4940653417655524, 0.3492978477003132, 0.2631135464056455, 0.7306491826306354, -0.34313481373784693, -0.20237104128213634, 0.25810239271512186, -0.04834810874473807], [0.18935245400488177, -0.3367792568517414, 0.14938744309173432, 0.6902337437290194, -0.4715906290793862, 0.1319837127714659, -0.6225086416173617, -0.29315337202685227, -0.11864909775182682, -0.5239679810111711, 0.7213429565905465, 0.29322068911920524, -0.01848458155680393], [-0.38372751783352355, -0.6770148394709271, -0.6395801381280848, -0.48462553624469684, -0.04048534752891804, 0.331297521939374, -0.1617424616261948, 0.49281715966875295, 0.06788971738204544, 0.5075747202740277, 0.17819019288566504, 0.297513016625116, -0.06703105398354696]], "inverted": true, "swapped": false, "error_lsq": 0.04245993828230565, "error_max": 0.26604845867321514, "target": "9.xyz", "model": "14.xyz", "model_rescale": 3.9786697098870705, "target_rescale": 3.833441315466971},
{"mapping": [5, 10, 7, 9, 11, 8, 0, 2, 6, 4, 3, 12], "R": [[-0.44489242995973854, 0.8422692057696589, -0.30439006353142883], [-0.8954813417044257, -0.4132133178557833, 0.16543252584016538], [0.013560694073710272, 0.34617530090802767, 0.9380718355315204]], "T": [0.05920923001738661, 0.021781841161020072, -0.02560670767453866], "aligned_model": [[-0.16162986661221623, -0.591759387325464, 0.41042860397738895, 0.6832269628077695, -0.04941412499156159, 0.5010474781984082, -0.5197764278620857, -0.11022111032762182, 0.6854121139669341, 0.12339143481375399, -0.548130209087874, 0.06077912920990512], [-0.44615330286119015, 0.01933256244758238, 0.08658339055099007, -0.5050965078337788, 0.5098473903614276, 0.592341475242748, -0.36938039966747116, 0.40786839957749926, 0.004311912414033326, -0.7934469073576935, 0.5183540311615146, -0.009887553811222274], [-0.3632229108765042, -0.41639397827567565, -0.5980196887162063, -0.18744270972171073, -0.41679088550361276, 0.07335795333205616, 0.33576837785597524, 0.5262782260205017, 0.27061415556236756, 0.3199517532185694, 0.059474766780493675, 0.05639143419757612]], "inverted": true, "swapped": true, "error_lsq": 0.051424444756258895, "error_max": 0.25353854994472985, "target": "9.xyz", "model": "15.xyz", "model_rescale": 3.769337070930944, "target_rescale": 3.833441315466971},
{"mapping": [5, 0, 7, 11, 9, 4, 6, 1, 8, 3, 12], "R": [[-0.10789193371502845, 0.9689543974376779, 0.2224560772948655], [-0.7486547237376072, 0.06803927609127212, -0.6594594464668341], [-0.6541218810471023, -0.2376931479768883, 0.7180713976619861]], "T": [-0.09283456865333947, 0.08885729128787621, 0.020656929587602443], "aligned_model": [[-0.3269943202342588, -0.2534168228812408, -0.1410377454763364, -0.5219150241307432, 0.45697802347985006, 0.363436234984025, 0.5712846194662755, 0.31541893586098024, 0.1604300438501751, -0.6629241084001928, -0.03863370582736327], [-0.0868523203086947, -0.6806646348926857, 0.6774541292465409, 0.5216353368124466, 0.2747381478687767, -0.5170188218759171, 0.27041936156487834, -0.42440585971932054, 0.5943573490642412, -0.05687064435234519, 0.02327245421742133], [-0.5234140670736063, -0.008899590449807829, -0.3055962334659344, 0.19849168601260742, -0.5762888281856487, -0.4407095266750663, 0.09916150717417167, 0.23236835956593593, 0.47987372519599053, 0.5464375653239169, 0.04279300980121804]], "inverted": true, "swapped": true, "error_lsq": 0.05010074099624509, "error_max": 0.2585814035289216, "target": "9.xyz", "model": "16.xyz", "model_rescale": 3.7852294659196426, "target_rescale": 3.833441315466971},
{"mapping": [11, 9, 10, 6, 8, 2, 0, 1, 4, 3, 7, 5, 12], "R": [[0.8832808577637952, -0.16365299310299808, 0.43935478164745734], [0.3153169118918821, -0.48615733393495364, -0.8150007924758268], [0.3469728683672859, 0.8584105920302291, -0.3778109105191247]], "T": [-0.05796642436274249, -0.05839827109464412, 0.006562769095646216], "aligned_model": [[-0.6284692474300538, -0.23112966481239505, 0.3015603470341288, 0.13221762228926642, -0.5453572576555844, -0.5119161498746675, 0.21947914914619313, 0.11367629945772992, 0.640478846804896, -0.1433835282732251, -0.22958911612596752, 0.4277219436005616, -0.06855174772568526], [0.25937957450882326, -0.4119088733860403, 0.14589589916036452, 0.7220056661793819, -0.42921043338329234, 0.05835312908955954, -0.6620560303083263, 0.039928765375789994, -0.1695538250008794, -0.6502320646635632, 0.6039394370352086, 0.333334114726186, -0.049487919921502505], [-0.3273172155532101, -0.7630517654191274, -0.6850002923296292, -0.37052204760777074, -0.2151452081478352, 0.3994823261209296, -0.14954110407903073, 0.6662026128782218, 0.046629352540664144, 0.5309024016926149, 0.15914526231705342, 0.21359309944520033, -0.0843019878989919]], "inverted": true, "swapped": false, "error_lsq": 0.03416481046799255, "error_max": 0.2102591809377233, "target": "9.xyz", "model": "17.xyz", "model_rescale": 3.901054581598922, "target_rescale": 3.833441315466971},
{"mapping": [7, 0, 3, 12, 1, 6, 8, 10, 5, 4, 11, 9, 14], "R": [[0.6823759338882068, -0.6689011898799991, -0.2948462023281274], [-0.721773483524525, -0.5526374881005118, -0.4166951466321981], [0.11578481476890642, 0.49715491038817883, -0.8599016639976064]], "T": [0.047289200753283515, -0.06724992405866986, -0.07525186617065407], "aligned_model": [[-0.4918975765460702, -0.23341263446656357, 0.13333661456167092, -0.005425873385893461, -0.537316329232691, -0.6229494823316908, 0.24712324480779602, 0.1550454128525292, 0.6524544499170587, -0.1718730061150056, -0.19275332005327317, 0.4874162079555477, 0.056989788471782384], [0.18919520088004244, -0.3214541495421009, 0.17586064246666555, 0.6230010488214777, -0.4293538272819299, 0.1297844613543866, -0.6976605279794628, -0.007151962364247755, -0.18380839402107668, -0.6009642043209382, 0.5943516950270669, 0.3319561770562727, -0.013368720684446098], [-0.3636795709390235, -0.7325883172747019, -0.7942087386834591, -0.3449736107032777, -0.18840082558316473, 0.19985412055366167, -0.019870665019784378, 0.7354457234909035, 0.026114752004112146, 0.46575734265536795, 0.30077190269860443, 0.2095503945262692, -0.07269707376641912]], "inverted": true, "swapped": false, "error_lsq": 0.042206216854391895, "error_max": 0.21656493898853044, "target": "9.xyz", "model": "18.xyz", "model_rescale": 3.9405287249114394, "target_rescale": 3.833441315466971},
{"mapping": [12, 1, 0, 7, 3, 14, 2, 11, 5, 10, 13, 9, 15], "R": [[0.20572477191772492, 0.5263182512967033, -0.8250251005705102], [-0.6704354109114008, 0.6899338395261947, 0.27296090722428457], [0.7128770427047438, 0.49697122193203846, 0.4947988748531218]], "T": [-0.0541297413464706, 0.0848361574806692, -0.17228818184355946], "aligned_model": [[-0.5699189729287667, -0.17903237972530572, 0.11624216335829145, 0.2905446252772313, -0.6797393658912718, -0.6082479612240809, 0.30384611968543207, 0.09237994339007295, 0.7060486659251418, -0.1820333970167095, -0.2511709757653584, 0.48159679170639497, -0.043777760355874516], [0.16781541987760004, -0.399661194780624, 0.07836070477651264, 0.6963748727093979, -0.4928169168329617, 0.019313433300428978, -0.6937824764317999, 0.05311961145710636, -0.1821630291324351, -0.4914553210018564, 0.5386631418475409, 0.44688390803326966, 0.049735285589529867], [-0.3372577936064496, -0.6026148839632872, -0.8383255235560935, -0.22563168857388674, -0.1912121953419927, 0.36473950188592397, -0.02761064780390629, 0.5325112044264273, 0.032901647886870694, 0.3467810078037744, 0.28218477177537604, 0.24114664380553122, -0.15653661077919884]], "inverted": false, "swapped": false, "error_lsq": 0.04216808347663825, "error_max": 0.2543112792606785, "target": "9.xyz", "model": "19.xyz", "model_rescale": 4.410303926677745, "target_rescale": 3.833441315466971},
{"mapping": [8, 7, 1, 5, 12, 9, 2, 6, 0, 4, 10, 3, 13], "R": [[-0.4666274576386913, -0.140169979587833, -0.8732761262052214], [-0.6753647863500662, -0.5810654960509167, 0.4541423726734065], [-0.5710877525704615, 0.8016952451657976, 0.1764752468267743]], "T": [-0.008399207963912199, -0.049885151467746205, 0.017579607777793486], "aligned_model": [[-0.4794806604504605, -0.23777913458914232, 0.26631898051985026, -0.000635054892059124, -0.6500155177027008, -0.6673264422151364, 0.2616849308968568, 0.19225625051253947, 0.6994483567316147, -0.059220534400447354, -0.33448719548615063, 0.5436044704881989, -0.05763095297776625], [0.30551541364264945, -0.3905231197999732, -0.06973896699813804, 0.7454079683669578, -0.44212906484769066, 0.14423753335289258, -0.6381537136594041, -0.11236474416561092, -0.14756649136330863, -0.613250478535, 0.6568246391311751, 0.34954703009170407, 0.0025814341954566097], [-0.4751985216574079, -0.5639733036185898, -0.6804573784181243, -0.24033373898627047, -0.05417107711186326, 0.06216671341017974, -0.12243247893934733, 0.5582639062907542, -0.033111155814429784, 0.43606508667936683, 0.28094610008947113, 0.26599169889334967, -0.012680416858000275]], "inverted": false, "swapped": false, "error_lsq": 0.04338666184438051, "error_max": 0.3085415750588574, "target": "9.xyz", "model": "20.xyz", "model_rescale": 4.121658175737393, "target_rescale": 3.833441315466971},
{"mapping": [3, 7, 5, 1, 11, 4, 9, 10, 8, 9, 2, 6, 12], "R": [[-0.9998363643104, -0.010228381075797394, 0.014920617384318534], [0.010617291741348105, 0.33599864869536183, 0.9418026232661331], [-0.01464642340778321, 0.9418069272921382, -0.3358350696188545]], "T": [-0.0017943553299848772, 0.0541358450311882, -0.08326837780354138], "aligned_model": [[-0.53806960329824, -0.31954128734570664, 0.3160614119796124, 0.1462243958208504, -0.6561913822738928, -0.4892355835229681, 0.1520938751327835, -0.04331414683788465, 0.6434787695408629, 0.1520938751327835, -0.2791122869651385, 0.4272882956403824, -0.035038836568247356], [0.2506679166502684, -0.3545795637778285, 0.002103505459102782, 0.6985064779810896, -0.523139113645471, 0.1499818841619329, -0.6201204664206389, -0.11208029012761517, -0.13349603711051283, -0.6201204664206389, 0.6917998876282268, 0.3104302585670643, 0.050433446466730515], [-0.4787740113786888, -0.529145784154052, -0.6834049262768255, -0.29599308885736536, 0.031130732126623803, 0.20369187687919552, 0.1273490815227362, 0.6778632435294604, -0.12931155091166796, 0.1273490815227362, 0.2211835359390402, 0.33245474435669253, -0.18331750033879649]], "inverted": false, "swapped": false, "error_lsq": 0.054917621599995595, "error_max": 0.4624424749807253, "target": "9.xyz", "model": "21.xyz", "model_rescale": 4.08911054899281, "target_rescale": 3.833441315466971},
{"mapping": [9, 5, 11, 15, 10, 12, 6, 4, 1, 7, 14, 2, 16], "R": [[0.7797258520603291, 0.6229979989590876, -0.062458697727112156], [-0.1798243682418868, 0.1272709862367203, -0.9754308241227252], [-0.5997422714926808, 0.7718002263249899, 0.21126669976476276]], "T": [0.008216111791265815, -0.0332618358697865, 0.009704466826137834], "aligned_model": [[-0.5779408073965054, -0.2849093276465493, 0.3024849995795256, 0.2302766223565142, -0.6101314254651385, -0.6784053148786601, 0.11765020248012617, 0.30500932425792643, 0.7826439062792255, -0.3063221538504759, -0.328986132914637, 0.5088704396144474, 0.016497164019398082], [0.14576771060551547, -0.2346339931379305, 0.13584650405516616, 0.6114770051597909, -0.5135200736339448, 0.044781651529057824, -0.7680946672871806, 0.07167840432128336, -0.01853922351224529, -0.5596367520134521, 0.5028507114333478, 0.42252653303198684, -0.050116371139685326], [-0.3534980925531524, -0.599603160714934, -0.676372220801517, -0.2481869335917743, -0.1855741992988169, 0.2693768306742515, -0.05037063798081769, 0.6319532280865514, -0.16362532598491808, 0.3699700842686962, 0.11314802020917185, 0.26041552796830586, 0.05344231367804252]], "inverted": true, "swapped": false, "error_lsq": 0.04224195643973343, "error_max": 0.20318264007850823, "target": "9.xyz", "model": "22.xyz", "model_rescale": 4.204369325754507, "target_rescale": 3.833441315466971},
{"mapping": [12, 1, 0, 7, 3, 14, 2, 11, 5, 10, 13, 9, 15], "R": [[0.20572477191772492, 0.5263182512967033, -0.8250251005705102], [-0.6704354109114008, 0.6899338395261947, 0.27296090722428457], [0.7128770427047438, 0.49697122193203846, 0.4947988748531218]], "T": [-0.0541297413464706, 0.0848361574806692, -0.17228818184355946], "aligned_model": [[-0.5699189729287667, -0.17903237972530572, 0.11624216335829145, 0.2905446252772313, -0.6797393658912718, -0.6082479612240809, 0.30384611968543207, 0.09237994339007295, 0.7060486659251418, -0.1820333970167095, -0.2511709757653584, 0.48159679170639497, -0.043777760355874516], [0.16781541987760004, -0.399661194780624, 0.07836070477651264, 0.6963748727093979, -0.4928169168329617, 0.019313433300428978, -0.6937824764317999, 0.05311961145710636, -0.1821630291324351, -0.4914553210018564, 0.5386631418475409, 0.44688390803326966, 0.049735285589529867], [-0.3372577936064496, -0.6026148839632872, -0.8383255235560935, -0.22563168857388674, -0.1912121953419927, 0.36473950188592397, -0.02761064780390629, 0.5325112044264273, 0.032901647886870694, 0.3467810078037744, 0.28218477177537604, 0.24114664380553122, -0.15653661077919884]], "inverted": false, "swapped": false, "error_lsq": 0.04216808347663825, "error_max": 0.2543112792606785, "target": "9.xyz", "model": "23.xyz", "model_rescale": 4.410303926677745, "target_rescale": 3.833441315466971},
{"mapping": [11, 7, 13, 14, 1, 10, 0, 4, 5, 3, 9, 15, 16], "R": [[0.928449161175736, -0.2872751363456457, -0.23548917416659068], [-0.283845275004299, -0.1397371306684305, -0.9486334350898074], [0.23961221790594503, 0.9476004064742398, -0.2112805118321358]], "T": [0.0264141043779419, 0.028031207772561677, -0.07269566651562344], "aligned_model": [[-0.5003791910211028, -0.17904970510446117, 0.2767386797336723, 0.0675368395020382, -0.647442699780723, -0.4591704904232215, 0.20006186533722414, 0.15608485853009785, 0.6010409809028694, -0.22798669187219883, -0.19312088275312703, 0.40089380902148, -0.018469875637350065], [0.2776678961587612, -0.31420732326624984, 0.12989957515726316, 0.6215087135301859, -0.49574446629430174, 0.09435086002479426, -0.7014476898115154, -0.169482540969214, -0.07636666126526892, -0.6714882757391321, 0.5673241199616091, 0.6008776331140696, -0.07250440118929175], [-0.31945837509402475, -0.6042860234143099, -0.7216541139746926, -0.39556307092532517, -0.16164171935222071, 0.3557821640573803, -0.16265568085263366, 0.573878526881184, 0.16077182831716524, 0.43248124476287986, 0.15836174608220194, 0.12960637158160787, -0.02454746411012311]], "inverted": true, "swapped": false, "error_lsq": 0.03763241798278128, "error_max": 0.2559716288383353, "target": "9.xyz", "model": "24.xyz", "model_rescale": 4.28219845311461, "target_rescale": 3.833441315466971},
{"mapping": [12, 11, 9, 7, 14, 2, 8, 0, 1, 6, 13, 4, 15], "R": [[0.24270719960763953, 0.7392227015300786, 0.628206186535273], [-0.970081815535737, 0.1810211335959413, 0.16177954245988319], [0.005872514410896368, -0.6486764576691629, 0.761041632790402]], "T": [0.021426181241888338, -0.010917191632510512, -0.12456168294185938], "aligned_model": [[-0.5680278253867579, -0.21298756193033686, 0.18132120128253423, 0.16896107113084616, -0.6804777806516358, -0.37672885852010984, 0.24106201265391639, 0.22798742885280834, 0.6092578698566198, -0.15392073232321946, -0.35491484699149806, 0.3556111288605037, 0.03959438960152639], [0.1323773168802412, -0.2605205428725112, 0.244313866477775, 0.7384839700354244, -0.29810915484061684, 0.08294302663105388, -0.6692512187810129, -0.14090539197072474, -0.23284643377765693, -0.6723300664165371, 0.448562492945265, 0.43457014346219386, -0.01690056836118356], [-0.5897826606852854, -0.5479119342826866, -0.7296768566245024, -0.27348233599719607, -0.0538776717266124, 0.4244764287840547, -0.10717009913801705, 0.6538917137326359, -0.0017662588092569043, 0.46193947130606033, -0.11182171176645998, 0.3492632088494796, -0.05300585968312535]], "inverted": true, "swapped": false, "error_lsq": 0.04484989942450636, "error_max": 0.3717626337391438, "target": "9.xyz", "model": "25.xyz", "model_rescale": 4.100010024507729, "target_rescale": 3.833441315466971},
{"mapping": [9, 7, 10, 11, 4, 0, 5, 2, 8, 1, 6, 12], "R": [[0.3794581195902895, 0.8571456970043007, -0.34829985584839573], [-0.5770851346321698, -0.07498125870503106, -0.813234626801872], [-0.7231765226164163, 0.509587151476586, 0.4661937925223878]], "T": [0.06908480246054735, 0.0006790219524363469, -0.031109259677114406], "aligned_model": [[-0.7422617554232567, -0.12794719707106553, 0.4866131259327684, 0.4977890800843475, -0.5773569565230764, 0.16570849375070792, -0.14544414197370464, 0.48466880301728754, 0.209141932195337, -0.07099000214165296, -0.3494416404883217, 0.0462858610036363], [-0.18580447787298557, -0.6370459616039591, -0.02247166741599175, -0.4647199240573196, 0.5845235281999882, 0.705611200083324, 0.02249216447131335, 0.3555436706641706, -0.3511518652324463, 0.6131089760757591, -0.03235129147202278, 0.07839703821080893], [-0.042532233804374944, 0.0673597548491565, 0.6026217363106217, 0.02035468841830436, 0.14025748880530148, 0.30438847450209633, 0.5478721088393114, -0.45972035430117875, -0.653324949740014, -0.31437647649136374, -0.5824047022862677, -0.06530324524723627]], "inverted": false, "swapped": true, "error_lsq": 0.05072376164995845, "error_max": 0.29905558860372394, "target": "9.xyz", "model": "26.xyz", "model_rescale": 3.6694154284099745, "target_rescale": 3.833441315466971},
{"mapping": [9, 10, 11, 12, 8, 7, 0, 1, 2, 5, 3, 6, 13], "R": [[0.3731810136662693, 0.9254587089378858, -0.0652848304741433], [-0.9157944209264215, 0.35619094184923683, -0.18560331770901783], [-0.148514341526523, 0.12905111776182154, 0.980453619181126]], "T": [-0.09267500756213481, -0.11572933376171954, -0.08157847034287366], "aligned_model": [[-0.5254632522505414, -0.16320551863355814, 0.22985186293550547, 0.21076186672814773, -0.5978846648220137, -0.5506506248296248, 0.3311452894236927, 0.2236996246723686, 0.5465673512033855, -0.24036375519961586, -0.32707019918769964, 0.3780559288585261, -0.03870641246337557], [0.28041849565515364, -0.30804799061017196, 0.24955336214869542, 0.5831176519358348, -0.4734178681443296, 0.05412311420480195, -0.5473007490407752, -0.08470216499394778, -0.1518349489127353, -0.5656193507888201, 0.5975118687291837, 0.27727280925343656, -0.12068679002461627], [-0.4288892360530384, -0.6472017558683619, -0.7877798857482876, -0.30355091741645834, -0.24025835883736876, 0.31533084502612263, 0.18498449128161684, 0.7421879167915422, -0.31004124087177937, 0.5522712800883922, 0.2170468828100158, 0.2268889232118003, -0.09991351045510674]], "inverted": true, "swapped": false, "error_lsq": 0.046509636661578965, "error_max": 0.3033623164143792, "target": "9.xyz", "model": "27.xyz", "model_rescale": 4.103607728864725, "target_rescale": 3.833441315466971},
{"mapping": [10, 6, 0, 3, 11, 13, 7, 4, 1, 8, 12, 2, 14], "R": [[0.059820453722313066, -0.5840338895422799, 0.8095220374903779], [0.11692691575891036, 0.8094912269655422, 0.5753712278494032], [-0.9913372835153359, 0.06023594717390318, 0.1167134138841695]], "T": [-0.16683311866459544, -0.01656140974636345, -0.2058452581832551], "aligned_model": [[-0.5059111859216952, -0.3811067487063611, 0.47116634036371524, 0.12147674952840715, -0.6659160706172355, -0.46101436029288984, 0.08993051805226998, 0.17103911450780085, 0.6955187572449797, -0.032285894771318546, -0.28752640290586784, 0.2758220340736483, -0.014455354120256447], [0.20839379209142173, -0.43920829255834654, 0.18025300665462216, 0.6633155303213362, -0.4700105813822017, 0.003564863338378972, -0.6881361342430475, -0.016313281436705247, -0.19688649561782884, -0.5796929731439053, 0.717049013240292, 0.406887486320673, 0.0011715058270213227], [-0.512759737765212, -0.6262304229665855, -0.4586545079309043, -0.340662240917345, -0.07408301293713615, 0.3711511570217742, -0.149800010030394, 0.635256150457794, -0.04246552383546537, 0.3747233111129759, 0.22373883783186932, 0.2016693481880643, -0.1808079142703469]], "inverted": true, "swapped": false, "error_lsq": 0.04168964066461803, "error_max": 0.2803667540416584, "target": "9.xyz", "model": "28.xyz", "model_rescale": 4.137296879288765, "target_rescale": 3.833441315466971},
