[{"mapping": [4, 5, 0, 7, 2, 8, 6, 9, 1, 3, 11, 12], "R": [[-0.033349912510413, 0.035935235125884396, 0.9987974981005887], [0.4794950392533329, 0.8774066756464332, -0.015557405391632861], [-0.8769106514731091, 0.4783996074491724, -0.04649220284612451]], "T": [-0.10360686024611207, -0.06021667624010251, 0.024301183368700508], "aligned_model": [[-0.0966545430371435, 0.13573417599052948, 0.5283283905231083, -0.13196361981682256, -0.12990355871149234, -0.6282683820926123, 0.48618874435922665, -0.3779289402456626, 0.44473472222917043, 0.17283127784184452, -0.46717023404997216, -0.09828557052962562], [-0.4202101654435545, -0.8027563541425351, -0.30712325726711265, 0.6685225374477151, 0.2959142394446785, -0.4425343885657701, -0.17912298404288932, -0.5610322543835773, 0.2357997182795425, 0.47171651350659394, 0.216320353288934, -0.121938922144968], [-0.5325043428177636, -0.03957779194151141, -0.5291607300319665, -0.06675865388036077, -0.5633543669809108, -0.14669608616744892, 0.5087351208214506, 0.5442759867180413, -0.0892401478771304, 0.4356990323384586, 0.6472961484177084, 0.013237576754995956]], "inverted": true, "swapped": true, "error_lsq": 0.04771499392101695, "error_max": 0.3086556426303551, "target": "90.xyz", "model": "0.xyz", "model_rescale": 3.751011558992144, "target_rescale": 3.8588038653578054},
{"mapping": [12, 7, 6, 0, 11, 9, 3, 1, 10, 5, 4, 8, 14], "R": [[0.7753065670258259, -0.6225290206737901, 0.10657084754078167], [-0.20422348984199698, -0.4067722186587253, -0.8904095284329645], [0.5976558318324892, 0.6685760843362483, -0.44250822153969693]], "T": [0.09889734243309839, -0.016425824395930266, -0.01741596107707214], "aligned_model": [[-0.044749178051287114, -0.3708021921909153, -0.6506084165242831, 0.11308212808428962, -0.40958837832302447, 0.3087313138628178, 0.3382045422819884, -0.30608794163131436, -0.07065589639724956, 0.6507816697277604, -0.13112690801815946, 0.42819776553621874, 0.0929610660409095], [0.3301598159236022, -0.19464125108845504, 0.013592165564400321, -0.6711337757246945, 0.5833892549802924, 0.6079772214520693, -0.18981266794823043, -0.5777042995978705, 0.5084395994360682, 0.1908630046359463, -0.2076946209216228, -0.37608386898929397, 0.028833676833958377], [-0.6586796939937557, -0.450196081530901, 0.015230368557385916, -0.40037915620476, -0.15304461316319226, -0.0006779174618072661, -0.7217418487854742, 0.06406374438439968, 0.589396805924955, 0.18883892405472819, 0.7147582405920105, 0.43272354445788613, -0.04774994555627861]], "inverted": true, "swapped": false, "error_lsq": 0.04828885378153786, "error_max": 0.3274179705383658, "target": "90.xyz", "model": "1.xyz", "model_rescale": 3.9405287249114394, "target_rescale": 3.8588038653578054},
{"mapping": [10, 3, 8, 7, 9, 11, 6, 4, 5, 0, 2, 1, 12], "R": [[0.1349996482755522, -0.8865215254206881, -0.4425547197028334], [0.8654807795700449, 0.32295894656012325, -0.3829367298021997], [0.48240865991429377, -0.33132627997572384, 0.810866685119782]], "T": [0.02384554649428369, -0.04677887092644019, -0.03073624254103159], "aligned_model": [[-0.46212632557019007, -0.16535285912937595, -0.7436848626259631, 0.254180491846587, -0.4776964238753087, 0.24426512429438688, 0.4861289625876291, -0.4272651430489263, 0.19480787737140057, 0.7831484153041496, 0.007750947850440584, 0.26088456282577455, -0.006701193432853494], [0.36484104557445923, -0.21844550278518482, 0.050211714425104706, -0.6594282407369525, 0.5846513100126273, 0.594149912757607, -0.0231353689980187, -0.582120665647862, 0.5122979011927952, 0.06924681201920468, 0.041234321805973514, -0.6286076854669322, -0.05871129959665083], [-0.5838072173845082, -0.542140397182574, -0.07742315225492495, -0.4785268362078422, -0.04225516814642423, -0.2503718339302565, -0.31550056862674625, 0.009314106859527813, 0.4008669602674609, 0.30531015691889885, 0.6446630980872751, 0.4514608827773083, 0.050952340098001495]], "inverted": true, "swapped": false, "error_lsq": 0.04980310774584291, "error_max": 0.28274907754753975, "target": "90.xyz", "model": "2.xyz", "model_rescale": 3.932901565614263, "target_rescale": 3.8588038653578054},
{"mapping": [4, 5, 6, 9, 2, 0, 7, 12, 1, 3, 10, 11, 13], "R": [[0.4940049201185581, -0.8683410323363369, -0.04407936546414443], [0.08151184036429013, -0.004220739926550476, 0.9966634362887499], [-0.8656298046966056, -0.495949631429984, 0.06869500931930561]], "T": [0.1464656854097862, -0.009808228721112837, -0.009061688619057297], "aligned_model": [[-0.18596090254704142, -0.32988329453549836, -0.5359181273121388, 0.16570203961843114, -0.37017258297416955, 0.281631727305221, 0.3832375446225694, -0.38256681125486747, 0.012175856175960953, 0.6233708478488924, -0.24743186287589183, 0.4830567597459169, 0.05109838058036596], [0.48864505866242924, -0.2911861587193033, 0.011516370617756276, -0.6575878183296843, 0.6426132307692118, 0.638997570310104, -0.10566081508619023, -0.558333914205041, 0.4898853727666289, 0.15513539118027758, -0.257393292294149, -0.4348622844239567, -0.0755844566919133], [-0.6448787129693785, -0.46810176908010714, 0.015225227197564126, -0.355189562896983, -0.0494472307850568, -0.10771008143309527, -0.6757654577093404, 0.03966202220724418, 0.5210714713593706, 0.06865926334355205, 0.5356325357410876, 0.7006877015006111, -0.007303035200272751]], "inverted": true, "swapped": false, "error_lsq": 0.04744544659155396, "error_max": 0.32838228057274077, "target": "90.xyz", "model": "3.xyz", "model_rescale": 3.9243930471874484, "target_rescale": 3.8588038653578054},
{"mapping": [2, 0, 1, 6, 7, 4, 3, 5, 8, 10, 9, 11, 12], "R": [[0.3937226525055094, -0.11458841623587768, 0.9120591909347656], [0.7803484057342391, 0.566070338327249, -0.26574562599242424], [-0.4858382843828358, 0.8163540083386787, 0.3122936030361741]], "T": [0.06504002878778904, 9.585726253191588e-05, 0.0613853557500331], "aligned_model": [[-0.23966756117478827, -0.42911031019881557, -0.6490972335987908, 0.36866893561594405, -0.389830977608748, 0.20790778361962808, 0.34045213245829703, -0.31306473635093973, 0.14556876265850888, 0.7467373176312422, -0.14162144189673054, 0.31312525080189535, -0.011728347558952468], [0.4285880239343399, -0.17052431755910968, -0.002776836106440474, -0.5975667538126864, 0.6452149097075245, 0.5228567717675406, -0.03211228126603316, -0.614021641192213, 0.4701619653746602, 0.08988919595140693, -0.059451801229267257, -0.5599670615030239, -0.07410591951052785], [-0.6967453968472187, -0.6094548277391852, 0.07403518129404577, -0.2071763783034293, -0.07944267634746194, -0.1808482099159845, -0.551855363159747, -0.16995764597242272, 0.4723468453591243, 0.2174420192716626, 0.7332726265622805, 0.562301846823681, 0.008624350249851559]], "inverted": false, "swapped": false, "error_lsq": 0.048694223523504054, "error_max": 0.2680942777253707, "target": "90.xyz", "model": "4.xyz", "model_rescale": 3.8936222436046832, "target_rescale": 3.8588038653578054},
{"mapping": [7, 10, 2, 1, 4, 8, 9, 5, 6, 3, 0, 12], "R": [[0.3169955936600662, -0.4701563345084534, -0.8236909704019328], [-0.22108331093928876, 0.8079252300191746, -0.5462407823685319], [0.9222992807241173, 0.3552602480155067, 0.15216501883066508]], "T": [-0.10313323129708311, -0.11207394299170312, -0.0034308432605836374], "aligned_model": [[0.01096506522444081, -0.6016998907340749, -0.31030130739698586, 0.38362218063245257, -0.44508933598981953, -0.7233318128969858, -0.21882546943650982, -0.11326324914859369, 0.5939080261446629, 0.45478568557693716, 0.11581656302194467, -0.11903841278237136], [-0.5168789551916787, -0.5835101860420966, 0.012797483959941972, 0.054935037748552545, 0.4488549665504642, -0.04189659228175177, -0.2605586461922785, 0.5024551834907062, -0.03252660784893033, -0.5457405914054265, 0.6959191391182163, -0.0649273267959116], [-0.6061507800207503, -0.0522878083460645, -0.6471297684495956, -0.37271799454856386, -0.09343540913610247, 0.24376436438276333, 0.7455753262429629, 0.4813177140514062, 0.31980206332344024, -0.1745415469827736, -0.2600108061074534, 0.03509936486624912]], "inverted": false, "swapped": true, "error_lsq": 0.051214978051624456, "error_max": 0.3340038479378963, "target": "90.xyz", "model": "5.xyz", "model_rescale": 3.6523030999806103, "target_rescale": 3.8588038653578054},
{"mapping": [0, 3, 7, 4, 5, 1, 2, 11, 8, 6, 9, 10, 12], "R": [[0.30850206144208336, -0.8834412404361185, -0.3526443715454385], [0.7232896613547002, 0.458642672685763, -0.5162353770995004], [0.6178013789749812, -0.09580435004921409, 0.7804761256106809]], "T": [0.03809929228204867, 0.02167709949743457, 0.03459455386894896], "aligned_model": [[-0.3704032524754164, -0.2863452829659665, -0.6346294999862125, 0.1556278332505759, -0.3285825567273539, 0.33360597922080226, 0.5712139117813909, -0.4403182597696933, 0.08423703246148617, 0.6277282351827452, -0.18563541692828417, 0.4680341052191439, -0.04619325386546683], [0.5187867138517258, -0.0738126760364177, -0.07946113857540883, -0.4764379282696818, 0.59551963893397, 0.4661078308257399, -0.15651066908773298, -0.7149842281643867, 0.46283116544491226, 0.17319686810482798, -0.20912335753393146, -0.5154526276942618, 0.05552466275681513], [-0.722486308880797, -0.5722481961978283, -0.02884903170115522, -0.2246351957688801, 0.046951395165103736, -0.40985115599774746, -0.47555204840517007, 0.08951028346730835, 0.5415043108234132, 0.26263825908152116, 0.6821567548267581, 0.4024542478539137, -0.019050942991244053]], "inverted": true, "swapped": false, "error_lsq": 0.03608911387014207, "error_max": 0.260913156995021, "target": "90.xyz", "model": "6.xyz", "model_rescale": 4.08911054899281, "target_rescale": 3.8588038653578054},
{"mapping": [9, 11, 10, 13, 8, 3, 1, 12, 4, 6, 5, 7, 14], "R": [[0.561862878571011, -0.38159188883866413, -0.7339603095920366], [-0.8158881936166883, -0.4020479738233126, -0.41555250241271147], [-0.13651579103090938, 0.832313076382385, -0.5372321487793666]], "T": [0.058812310440401416, -0.01958775034401137, -0.043911483367709385], "aligned_model": [[-0.04213971190553181, -0.34285503245650545, -0.6496775261789995, 0.15391088122944707, -0.3506969470722077, 0.35822270292682884, 0.36897109407357565, -0.342036690933843, -0.029947135097129818, 0.49550519651140706, -0.17243430623391387, 0.47575980354043984, 0.02575724599418379], [0.4448921954583371, -0.2122130767225229, -0.028562014460695513, -0.7157332548215047, 0.5252389727496802, 0.7125342107485825, -0.11513418846578224, -0.5958517784971141, 0.44807642929125513, 0.1429291614383977, -0.1495194352931866, -0.44649975808878506, 0.03602679121950861], [-0.6673089304586517, -0.42612855813657324, 0.08737641589403408, -0.2494162784000409, -0.0687103361525721, -0.015586808209265217, -0.701648867095309, 0.0795460638508722, 0.475955293428229, 0.1350593050117349, 0.6703321649108588, 0.4492313865780809, -0.19615847994620164]], "inverted": false, "swapped": false, "error_lsq": 0.046804534178650194, "error_max": 0.3041161510882194, "target": "90.xyz", "model": "7.xyz", "model_rescale": 3.964800864290218, "target_rescale": 3.8588038653578054},
{"mapping": [11, 6, 10, 0, 9, 12, 2, 3, 8, 7, 5, 1, 13], "R": [[0.833471326626031, -0.11589841155985187, -0.5402713261780112], [0.5514802231418539, 0.2356477332812723, 0.8002122901348175], [0.03457038003341856, -0.9649029505589158, 0.2603213107431727]], "T": [0.026034980855259668, -0.04985319847929714, -0.11801095263832898], "aligned_model": [[-0.3998115427437059, -0.2669287688465141, -0.7048405667670169, 0.2022489957633694, -0.2127298113856882, 0.3007095010320538, 0.5816666571320034, -0.38019525509414587, 0.04334084562152178, 0.6419729467688351, -0.39112049092838885, 0.5316455622083133, 0.0023815016371139842], [0.4500249939687392, -0.23100225484734896, 0.17354902067442035, -0.7365486346732703, 0.5742816175703684, 0.6409807946005852, -0.23327244998313834, -0.6504102668845715, 0.3567649524794313, 0.21793022999398615, -0.17753781458644435, -0.3293033596530851, -0.009272574103502233], [-0.6238862886127561, -0.5847690097901893, 0.18372799972325013, -0.22076002262476138, 0.04722776004547674, -0.2520901801850386, -0.4282359455866056, -0.10155195232361268, 0.5342311556028342, 0.11813650668116893, 0.5952552488172796, 0.3609310465809562, -0.05567394705280555]], "inverted": false, "swapped": false, "error_lsq": 0.0464796315568989, "error_max": 0.2998049187556764, "target": "90.xyz", "model": "8.xyz", "model_rescale": 4.121658175737393, "target_rescale": 3.8588038653578054},
{"mapping": [10, 5, 0, 9, 3, 11, 7, 4, 2, 8, 1, 6, 12], "R": [[-0.8428481888188217, 0.33113149363693284, -0.4242155873215948], [-0.4557710647356513, -0.8583719668160401, 0.2355213432665788], [-0.28614623386401994, 0.3918539275114349, 0.8743974109861606]], "T": [0.043503840948417624, 0.02524989364612948, -0.06662120621786051], "aligned_model": [[-0.35236735157158394, -0.28621427213500905, -0.7306168789421337, 0.2912170924098765, -0.1851273505488208, 0.34108747007835893, 0.5227212273469162, -0.45463245073102165, -0.04034818936608332, 0.6728191702492193, -0.27036218304275195, 0.4369455744404297, 0.003217716210354507], [0.44079308429591946, -0.19140312875518836, 0.02454881560323241, -0.7532179918121052, 0.775870697955568, 0.5130997466586136, -0.0835181415734193, -0.6948515502331534, 0.3896247846664016, 0.2130392061330201, -0.19615990928432125, -0.3838139077777295, -0.007827451320668033], [-0.5637033787333803, -0.5420844961413362, 0.07323894767877424, -0.22729389647828996, 0.01692625264491253, -0.3431688135896387, -0.528931839235398, 0.07980988048695502, 0.518653282090819, 0.24841962946860074, 0.5055654188126484, 0.33093691381672663, 0.004174470453802967]], "inverted": true, "swapped": false, "error_lsq": 0.03974241895626732, "error_max": 0.24006716819904383, "target": "90.xyz", "model": "9.xyz", "model_rescale": 3.833441315466971, "target_rescale": 3.8588038653578054},
{"mapping": [1, 5, 0, 2, 12, 6, 4, 13, 11, 7, 8, 9, 14], "R": [[0.3660243003151807, -0.8801989130613636, 0.3021193224942362], [-0.6645689547634691, -0.01996971648836615, 0.7469600489905495], [-0.6514401860058776, -0.4741846516590011, -0.5922622731422789]], "T": [-0.005691933663795158, 0.07706561426734763, -0.005383446305076121], "aligned_model": [[-0.4219098588505139, -0.16522431168738969, -0.6646390537397122, 0.1039339745337833, -0.17988680324128156, 0.22493441644744272, 0.4675960347254799, -0.4819350552254642, 0.10814004119964184, 0.5549671266453542, -0.06283753853744124, 0.4016358383169093, 0.06356476381094224], [0.3933003653155644, -0.3068571373779345, 0.026714848912636105, -0.63204255664435, 0.6535129617643606, 0.5391171294878954, 0.03604331998913367, -0.5518609825588043, 0.41595296567471657, 0.18059861951266104, -0.2432834850255829, -0.4819157129020221, 0.016903918407896797], [-0.5272715127489835, -0.5388512921948378, -0.1699326944817723, -0.047786478340027, 0.014229311973990102, -0.4464610494110148, -0.6458740788988268, -0.12084065216303372, 0.5755939418937752, 0.3393719912154239, 0.7029033577528374, 0.4183311847639012, 0.019130341913764295]], "inverted": true, "swapped": false, "error_lsq": 0.04370005628792979, "error_max": 0.24931252892436487, "target": "90.xyz", "model": "10.xyz", "model_rescale": 4.2482417240324, "target_rescale": 3.8588038653578054},
{"mapping": [8, 10, 11, 7, 5, 6, 9, 1, 2, 0, 4, 12], "R": [[-0.15318750482822213, -0.9143001903061927, -0.37495166404559793], [0.4010176182244614, 0.28926738927542645, -0.8692003493875038], [0.9031713338221512, -0.28351285598335474, 0.3223383350674846]], "T": [0.03685015645204044, 0.030782290824708562, -0.0018923238595396907], "aligned_model": [[-0.5555891396894899, -0.04595467536304214, 0.30909882136071204, 0.6333147066341268, -0.53100679122775, 0.30903759267177083, -0.3605969639166827, 0.4824723254181547, 0.1681905724201988, -0.08181184647188038, -0.4325314457808049, -0.0178575536923061], [-0.2801084738849115, -0.6305848853890279, -0.3053393379099372, -0.34459932308891633, 0.5695196427878341, 0.6829636726416772, 0.11187554680759393, 0.35278143147113555, -0.2573905151586785, 0.5990927636751827, 0.1060470935062516, 0.06187377459243567], [0.05323683955359036, 0.16823899676114729, 0.6381675929459247, -0.21040017899022484, 0.0036195673323612676, 0.30995258916371676, 0.6553004281922097, -0.3164289143317468, -0.612274106302575, -0.6573064265571289, -0.4641608193660693, -0.0027532785468490388]], "inverted": false, "swapped": true, "error_lsq": 0.03839636013000531, "error_max": 0.1946676658295901, "target": "90.xyz", "model": "11.xyz", "model_rescale": 3.6694154284099745, "target_rescale": 3.8588038653578054},
{"mapping": [1, 2, 12, 8, 0, 4, 3, 10, 6, 11, 7, 9, 13], "R": [[-0.9392149806930407, 0.020646824650530818, -0.34270822673758794], [-0.22548831005866432, 0.7156314716201205, 0.6610798884051069], [0.2589019931724347, 0.6981728335152201, -0.6674761812024979]], "T": [-0.07270886213894667, 0.04194392844714565, 0.07903460243033494], "aligned_model": [[-0.30076998918403236, -0.2005931620287646, -0.7392750772224445, 0.39831141977956497, -0.29031575679285565, 0.36771951404572434, 0.32893486937862015, -0.34633787611366385, 0.11082104510347413, 0.639001037831372, -0.22970575980483346, 0.3081873670168448, -0.09763805761125496], [0.28872354460826755, -0.2936411855684057, -0.029881777659789326, -0.440403192626042, 0.7126553660209173, 0.5166234605238934, 0.06524795211564355, -0.5270482091276535, 0.4283413105292003, 0.0225838548611794, -0.2536226417152241, -0.5896783209569904, 0.14628409355117414], [-0.6978575634973803, -0.4662559719290405, -0.031866475643728465, -0.2645916482038438, -0.037289390504337494, -0.2792681145967984, -0.6821408937706555, 0.14906243545212208, 0.4489922617933939, 0.27428535080805433, 0.742478417078783, 0.39630052175141045, 0.020693442537216458]], "inverted": true, "swapped": false, "error_lsq": 0.05196543605442397, "error_max": 0.3672641733379848, "target": "90.xyz", "model": "12.xyz", "model_rescale": 3.9764082729961374, "target_rescale": 3.8588038653578054},
{"mapping": [12, 13, 10, 14, 1, 9, 6, 11, 2, 7, 8, 3, 15], "R": [[0.20776100669229514, 0.7869200155524152, -0.5810268954370279], [0.09257757633225039, -0.6071401324617142, -0.7891832815733105], [-0.973788866468831, 0.11017145128098807, -0.19899119293071849]], "T": [0.12048615789426444, 0.1102215315555135, -0.13969932167704086], "aligned_model": [[-0.352575222544718, -0.15362488387087775, -0.6590914157203731, 0.1605200226846511, -0.3290734437878221, 0.14793964937961546, 0.47821905594886005, -0.33426647925505865, 0.07089238855439374, 0.6226622745786605, -0.18851821732660135, 0.2825088001703491, 0.20274704558667184], [0.34823362333960584, -0.21050798553300926, 0.05188403346634722, -0.6745142103419375, 0.4988458800986774, 0.693745912506502, -0.28111503976072694, -0.5129540353660945, 0.5165743117013906, 0.1592871807932651, -0.07898851784934892, -0.5118312647289401, 0.04752436623043932], [-0.4957564932801322, -0.582955748407089, 0.04739007404617032, -0.2859701138184373, 0.08433161037440784, -0.28198329533061783, -0.6897371997355806, 0.04844145154099186, 0.5449008463162921, 0.4228354850857478, 0.4672345214616664, 0.4036628313463175, -0.10985159832454101]], "inverted": false, "swapped": false, "error_lsq": 0.042263744522448785, "error_max": 0.22952654560148822, "target": "90.xyz", "model": "13.xyz", "model_rescale": 4.170626492500431, "target_rescale": 3.8588038653578054},
{"mapping": [9, 11, 3, 5, 1, 7, 12, 6, 0, 8, 2, 4, 13], "R": [[0.8655657406078138, 0.49072603929896064, 0.09991948278489861], [0.4830640739686617, -0.8707538171661056, 0.09185254667920532], [0.13207970747562278, -0.031236905170185465, -0.9907467923887225]], "T": [0.005897910940174076, 0.041848771500859916, 0.011247377676134908], "aligned_model": [[-0.3111086935305606, -0.31288784475031295, -0.6818990879356291, 0.0996350162532612, -0.36919698400169626, 0.37216735321041106, 0.5438112219806075, -0.39634376409716204, 0.009471788802927747, 0.732585394724865, -0.19325186865620012, 0.4815899408716093, -0.02623289847436968], [0.4311141059136994, -0.24026716126654324, -0.005690712958595204, -0.7734508791847359, 0.7127513805910513, 0.7650524435037274, -0.30165024247511085, -0.6968502815469417, 0.44883438965834005, 0.19232307376845967, -0.12560545572897122, -0.325609072622107, -0.03476733309610222], [-0.624587310438845, -0.553062726414487, 0.023449434250782768, -0.38082361466542464, 0.00842270072696033, -0.004656940901729932, -0.347031589595496, 0.0074249544229864, 0.44737618954010505, 0.0402142220447762, 0.6155905039760209, 0.3877509713445517, -0.0475244230150046]], "inverted": false, "swapped": false, "error_lsq": 0.046452020079256424, "error_max": 0.27288110814031535, "target": "90.xyz", "model": "14.xyz", "model_rescale": 3.9786697098870705, "target_rescale": 3.8588038653578054},
{"mapping": [6, 9, 1, 0, 3, 7, 8, 10, 2, 4, 11, 12], "R": [[-0.8483321925161007, -0.11283890636474501, -0.5173005628754274], [-0.07732644303983806, -0.9401457116354741, 0.3318835068216476], [-0.5237872777642011, 0.32154847551160337, 0.7888304415706404]], "T": [0.0014585901449012117, -0.04543058982460577, -0.015796520338018788], "aligned_model": [[-0.11316070800039182, -0.7541509189030451, 0.4998869160738608, 0.5849179452038893, 0.10861692306533452, 0.4152239532270202, -0.3251085043074734, -0.23797859529404844, 0.585339872150029, 0.22325100924796448, -0.48474056144269484, -0.018742734253108087], [-0.1331333798474055, -0.19069897842368153, 0.0014791620183205664, -0.6692263027801924, 0.4963007779244756, 0.5588107296092959, -0.28735744094691323, 0.33553819554773034, 0.037751267506161874, -0.580946995363688, 0.5511037224679758, -0.10494626748764024], [-0.7746406691050369, -0.08208383522403462, -0.40382294970936017, -0.20835612149234603, -0.4887271384660885, 0.046231646987924334, 0.5185272985022185, 0.5045307487936267, 0.3377897045752498, 0.30623817220635186, -0.08310908381558732, -0.012611279379088089]], "inverted": false, "swapped": true, "error_lsq": 0.054335782427042754, "error_max": 0.3497085764734467, "target": "90.xyz", "model": "15.xyz", "model_rescale": 3.769337070930944, "target_rescale": 3.8588038653578054},
{"mapping": [3, 9, 1, 6, 7, 10, 2, 8, 0, 5, 12], "R": [[0.8704121451757043, -0.05450701636625199, -0.48929713129904817], [0.4915031218641812, 0.15356604352725473, 0.8572293459005876], [0.02841441057619566, -0.9866339014255666, 0.16045611808021823]], "T": [0.017037250208325687, -0.013292692114854503, -0.03433113501598733], "aligned_model": [[-0.24138827312871347, -0.4278925598976534, -0.0692512423786345, -0.7056896488724589, 0.3764215714941557, 0.41747332218878375, 0.6155142836721165, 0.2765988148750981, 0.01978813476808005, -0.33842316816886797, -0.0005251038607349476], [0.2468419713550845, -0.6306480671473388, 0.6010554964969723, 0.25030720692432085, 0.25913910048495137, -0.5059469366852305, 0.3251742953835992, -0.5253661223213703, 0.6526753855361316, -0.05073037064603541, -0.026437461755742832], [-0.6621570331994997, 0.09739755586874882, -0.16210605428193742, -0.10400701014255603, -0.6146592054505433, -0.2991907124615623, -0.0455172917941989, 0.31364186404759764, 0.5340912982924824, 0.6620711478394518, 0.02465304850579423]], "inverted": true, "swapped": true, "error_lsq": 0.04923023856494268, "error_max": 0.25945277114591975, "target": "90.xyz", "model": "16.xyz", "model_rescale": 3.7852294659196426, "target_rescale": 3.8588038653578054},
{"mapping": [3, 1, 2, 5, 8, 0, 4, 7, 9, 10, 11, 6, 12], "R": [[0.5292612135825695, -0.6238417543624164, 0.5750687205118432], [-0.59477499564213, 0.21056802303448316, 0.7758246014623754], [-0.6050828640409593, -0.7526503658335469, -0.259599989319372]], "T": [-0.04768363026695151, 0.0301314040641604, -0.07864943878564584], "aligned_model": [[-0.41722085638601886, -0.28183352482368657, -0.6443913722367122, 0.2344222161640191, -0.32280452359155176, 0.26838924555919197, 0.5036363578788103, -0.27465327755033975, 0.24742715196694998, 0.6418339020453343, -0.3262756675506448, 0.32446915652243863, -0.004659233600039225], [0.4275045094259924, -0.3083764045377917, -0.10338102437913657, -0.503457149582063, 0.5494781215447812, 0.5758385562506274, -0.03305582773841323, -0.5917386239862946, 0.6393572814204672, -0.016566181910976974, -0.03159582899502239, -0.6110165385870501, 0.05319336563105041], [-0.6600548264540744, -0.6307730161138048, -0.09283827787811579, -0.3392421428039661, 0.20205216853224534, -0.339511082110702, -0.5189224557849609, 0.15197894758732863, 0.45895193963574016, 0.3356451223386953, 0.5970045406255999, 0.40902345857589056, -0.0007720048746798353]], "inverted": true, "swapped": false, "error_lsq": 0.052059561236472277, "error_max": 0.3123261441945698, "target": "90.xyz", "model": "17.xyz", "model_rescale": 3.901054581598922, "target_rescale": 3.8588038653578054},
{"mapping": [12, 7, 6, 0, 11, 9, 3, 1, 10, 5, 4, 8, 14], "R": [[0.7753065670258259, -0.6225290206737901, 0.10657084754078167], [-0.20422348984199698, -0.4067722186587253, -0.8904095284329645], [0.5976558318324892, 0.6685760843362483, -0.44250822153969693]], "T": [0.09889734243309839, -0.016425824395930266, -0.01741596107707214], "aligned_model": [[-0.044749178051287114, -0.3708021921909153, -0.6506084165242831, 0.11308212808428962, -0.40958837832302447, 0.3087313138628178, 0.3382045422819884, -0.30608794163131436, -0.07065589639724956, 0.6507816697277604, -0.13112690801815946, 0.42819776553621874, 0.0929610660409095], [0.3301598159236022, -0.19464125108845504, 0.013592165564400321, -0.6711337757246945, 0.5833892549802924, 0.6079772214520693, -0.18981266794823043, -0.5777042995978705, 0.5084395994360682, 0.1908630046359463, -0.2076946209216228, -0.37608386898929397, 0.028833676833958377], [-0.6586796939937557, -0.450196081530901, 0.015230368557385916, -0.40037915620476, -0.15304461316319226, -0.0006779174618072661, -0.7217418487854742, 0.06406374438439968, 0.589396805924955, 0.18883892405472819, 0.7147582405920105, 0.43272354445788613, -0.04774994555627861]], "inverted": true, "swapped": false, "error_lsq": 0.04828885378153786, "error_max": 0.3274179705383658, "target": "90.xyz", "model": "18.xyz", "model_rescale": 3.9405287249114394, "target_rescale": 3.8588038653578054},
{"mapping": [9, 11, 13, 10, 7, 8, 2, 14, 4, 1, 12, 3, 15], "R": [[-0.17514255868917122, 0.7232902796056434, 0.6679642621905759], [0.641247364730437, -0.43101071456788287, 0.6348476834280431], [0.7470789124062331, 0.5395191705172978, -0.3883196663603927]], "T": [0.02475549526277668, 0.08678968621831853, 0.023999284698895403], "aligned_model": [[-0.3874791934566494, -0.3179523869420096, -0.6352516508681119, 0.1653472768955243, -0.3624261733262383, 0.30150952983771656, 0.6388358614671048, -0.34077585360695883, -0.10158617135301931, 0.6291547489113016, -0.054778786906285376, 0.3677135629159525, 0.0460288108294237], [0.3885080795658481, -0.23274679895108166, -0.03686579302971649, -0.6007550134148136, 0.6685421738156565, 0.7272455566370054, -0.20367692066865614, -0.5914916184943834, 0.5858371118498064, -0.01918141939340115, -0.09445896327926834, -0.6097463632265674, 0.06497422314574176], [-0.5487470985185965, -0.5234136709571724, 0.003269236940490118, -0.3301479641824731, -0.06132332440489282, -0.2683970865656809, -0.518089026500463, 0.10184699980275766, 0.5432819426640985, 0.26688010103475646, 0.5348439648361615, 0.3742076377250277, -0.0016693405988164566]], "inverted": true, "swapped": false, "error_lsq": 0.03587254389503829, "error_max": 0.22839178908671404, "target": "90.xyz", "model": "19.xyz", "model_rescale": 4.410303926677745, "target_rescale": 3.8588038653578054},
{"mapping": [11, 6, 10, 0, 9, 12, 2, 3, 8, 7, 5, 1, 13], "R": [[0.833471326626031, -0.11589841155985187, -0.5402713261780112], [0.5514802231418539, 0.2356477332812723, 0.8002122901348175], [0.03457038003341856, -0.9649029505589158, 0.2603213107431727]], "T": [0.026034980855259668, -0.04985319847929714, -0.11801095263832898], "aligned_model": [[-0.3998115427437059, -0.2669287688465141, -0.7048405667670169, 0.2022489957633694, -0.2127298113856882, 0.3007095010320538, 0.5816666571320034, -0.38019525509414587, 0.04334084562152178, 0.6419729467688351, -0.39112049092838885, 0.5316455622083133, 0.0023815016371139842], [0.4500249939687392, -0.23100225484734896, 0.17354902067442035, -0.7365486346732703, 0.5742816175703684, 0.6409807946005852, -0.23327244998313834, -0.6504102668845715, 0.3567649524794313, 0.21793022999398615, -0.17753781458644435, -0.3293033596530851, -0.009272574103502233], [-0.6238862886127561, -0.5847690097901893, 0.18372799972325013, -0.22076002262476138, 0.04722776004547674, -0.2520901801850386, -0.4282359455866056, -0.10155195232361268, 0.5342311556028342, 0.11813650668116893, 0.5952552488172796, 0.3609310465809562, -0.05567394705280555]], "inverted": false, "swapped": false, "error_lsq": 0.0464796315568989, "error_max": 0.2998049187556764, "target": "90.xyz", "model": "20.xyz", "model_rescale": 4.121658175737393, "target_rescale": 3.8588038653578054},
{"mapping": [0, 3, 7, 4, 5, 1, 2, 11, 8, 6, 9, 10, 12], "R": [[0.30850206144208336, -0.8834412404361185, -0.3526443715454385], [0.7232896613547002, 0.458642672685763, -0.5162353770995004], [0.6178013789749812, -0.09580435004921409, 0.7804761256106809]], "T": [0.03809929228204867, 0.02167709949743457, 0.03459455386894896], "aligned_model": [[-0.3704032524754164, -0.2863452829659665, -0.6346294999862125, 0.1556278332505759, -0.3285825567273539, 0.33360597922080226, 0.5712139117813909, -0.4403182597696933, 0.08423703246148617, 0.6277282351827452, -0.18563541692828417, 0.4680341052191439, -0.04619325386546683], [0.5187867138517258, -0.0738126760364177, -0.07946113857540883, -0.4764379282696818, 0.59551963893397, 0.4661078308257399, -0.15651066908773298, -0.7149842281643867, 0.46283116544491226, 0.17319686810482798, -0.20912335753393146, -0.5154526276942618, 0.05552466275681513], [-0.722486308880797, -0.5722481961978283, -0.02884903170115522, -0.2246351957688801, 0.046951395165103736, -0.40985115599774746, -0.47555204840517007, 0.08951028346730835, 0.5415043108234132, 0.26263825908152116, 0.6821567548267581, 0.4024542478539137, -0.019050942991244053]], "inverted": true, "swapped": false, "error_lsq": 0.03608911387014207, "error_max": 0.260913156995021, "target": "90.xyz", "model": "21.xyz", "model_rescale": 4.08911054899281, "target_rescale": 3.8588038653578054},
{"mapping": [15, 11, 9, 8, 14, 2, 1, 5, 13, 0, 7, 6, 16], "R": [[0.44349627125595326, 0.7892717504654501, 0.4246894880960327], [-0.5490929043974129, 0.6137687915865274, -0.5672608331401241], [-0.7083841046511983, 0.01838407984148943, 0.705587688303801]], "T": [-0.04297157971268278, 0.06580893832134611, 0.03015123138576193], "aligned_model": [[-0.22826308276710355, -0.1678767420472988, -0.7460299110993792, 0.17467805259264688, -0.4826500658514284, 0.2922111732228034, 0.5042567141484459, -0.4652125860507674, 0.025238258502512968, 0.6786504927326916, 0.06505594824767447, 0.308969734485367, -0.010688411718414136], [0.3581030299150025, -0.2824652893321044, -0.04554154676163581, -0.5266561193659685, 0.5314222998161516, 0.5647220609975632, -0.049859565832296296, -0.494464810174375, 0.46843968314885454, 0.021273516249432148, -0.06916277365832431, -0.5129234844155315, 0.08329725396940224], [-0.6115170947839548, -0.6399209983275752, 0.059437127343665304, -0.25686063428706185, -0.011196227681416974, -0.3698388279023503, -0.533018701059798, -0.04424576627760384, 0.5497336284302929, 0.3082835360894649, 0.7200127234096934, 0.3412303576302309, 0.06044324869160952]], "inverted": true, "swapped": false, "error_lsq": 0.03853888305176047, "error_max": 0.1983679203186254, "target": "90.xyz", "model": "22.xyz", "model_rescale": 4.204369325754507, "target_rescale": 3.8588038653578054},
{"mapping": [9, 11, 13, 10, 7, 8, 2, 14, 4, 1, 12, 3, 15], "R": [[-0.17514255868917122, 0.7232902796056434, 0.6679642621905759], [0.641247364730437, -0.43101071456788287, 0.6348476834280431], [0.7470789124062331, 0.5395191705172978, -0.3883196663603927]], "T": [0.02475549526277668, 0.08678968621831853, 0.023999284698895403], "aligned_model": [[-0.3874791934566494, -0.3179523869420096, -0.6352516508681119, 0.1653472768955243, -0.3624261733262383, 0.30150952983771656, 0.6388358614671048, -0.34077585360695883, -0.10158617135301931, 0.6291547489113016, -0.054778786906285376, 0.3677135629159525, 0.0460288108294237], [0.3885080795658481, -0.23274679895108166, -0.03686579302971649, -0.6007550134148136, 0.6685421738156565, 0.7272455566370054, -0.20367692066865614, -0.5914916184943834, 0.5858371118498064, -0.01918141939340115, -0.09445896327926834, -0.6097463632265674, 0.06497422314574176], [-0.5487470985185965, -0.5234136709571724, 0.003269236940490118, -0.3301479641824731, -0.06132332440489282, -0.2683970865656809, -0.518089026500463, 0.10184699980275766, 0.5432819426640985, 0.26688010103475646, 0.5348439648361615, 0.3742076377250277, -0.0016693405988164566]], "inverted": true, "swapped": false, "error_lsq": 0.03587254389503829, "error_max": 0.22839178908671404, "target": "90.xyz", "model": "23.xyz", "model_rescale": 4.410303926677745, "target_rescale": 3.8588038653578054},
{"mapping": [1, 10, 11, 8, 7, 0, 4, 9, 13, 5, 14, 15, 16], "R": [[0.9769401228391384, 0.2121419359761015, -0.024161858110686232], [0.13716140808037794, -0.5368319965569163, 0.8324651077409332], [0.16362990105863082, -0.8165826390960237, -0.5535504033116733]], "T": [0.028411582084776423, 0.06378878563723453, 0.00447993392593881], "aligned_model": [[-0.43596137098854726, -0.2154154512308964, -0.5998354405122945, 0.22576329897302444, -0.2834113107503922, 0.34390926757406587, 0.47959507774933574, -0.21004142372111304, -0.07298129903993733, 0.6502985993539634, -0.24725390960617413, 0.2737433733247362, 0.03993016327198039], [0.45885079936544115, -0.3069705785209652, -0.008578807798544238, -0.6629626302643724, 0.6505821484299613, 0.6870205101965192, -0.1976554945740643, -0.5119954403147531, 0.4313681042184121, 0.039457220209987216, -0.1695321659923347, -0.4677359313670001, 0.10433652096788323], [-0.5993570600826368, -0.47182859842373487, 0.03258859147111412, -0.32505207753990384, 0.023739465815582055, -0.28262499295607946, -0.44492491092539876, 0.06798326293624463, 0.5950657041894661, 0.09540048222953243, 0.576948151590548, 0.4126563397302313, -0.10805198675976849]], "inverted": true, "swapped": false, "error_lsq": 0.04073348584861526, "error_max": 0.2555406064565146, "target": "90.xyz", "model": "24.xyz", "model_rescale": 4.28219845311461, "target_rescale": 3.8588038653578054},
{"mapping": [6, 8, 1, 11, 0, 2, 14, 5, 4, 13, 3, 9, 15], "R": [[-0.7254339355618598, -0.33594479458379, -0.60073846233389], [-0.2748858273741914, -0.6587615060699821, 0.700336390621832], [-0.631017739088243, 0.6731822733201344, 0.38554148913378716]], "T": [0.11691748135657509, -0.04409910648568635, 0.013266634559017262], "aligned_model": [[-0.24627253079745498, -0.42269307803894185, -0.505419765111772, 0.2717503893675659, -0.3092153818085621, 0.35367206245575655, 0.5057568691543092, -0.4070488726364617, -0.023303556340647513, 0.6663146366094547, -0.29222455980047796, 0.2753641620403836, 0.08165919930459906], [0.3656803314300977, -0.2240412884035032, -0.051091123775029806, -0.48837656729762124, 0.6448172245386561, 0.5520141067262341, 0.028620157410274044, -0.7146679624908842, 0.4882901736873152, 0.13070876993073324, -0.1307815218836018, -0.5758628185638088, 0.020874773247308326], [-0.7025342890880546, -0.3847124004218929, 0.16334948567496704, -0.26081616252966205, -0.08347655028853208, -0.2262669325054546, -0.6376254179736143, -0.019556377997194674, 0.4944612812142967, 0.15651965923853184, 0.6652898656470267, 0.3992662301236349, 0.008643980181143703]], "inverted": true, "swapped": false, "error_lsq": 0.04693253885116629, "error_max": 0.2580136760179073, "target": "90.xyz", "model": "25.xyz", "model_rescale": 4.100010024507729, "target_rescale": 3.8588038653578054},
{"mapping": [8, 10, 11, 7, 5, 6, 9, 1, 2, 0, 4, 12], "R": [[-0.15318750482822213, -0.9143001903061927, -0.37495166404559793], [0.4010176182244614, 0.28926738927542645, -0.8692003493875038], [0.9031713338221512, -0.28351285598335474, 0.3223383350674846]], "T": [0.03685015645204044, 0.030782290824708562, -0.0018923238595396907], "aligned_model": [[-0.5555891396894899, -0.04595467536304214, 0.30909882136071204, 0.6333147066341268, -0.53100679122775, 0.30903759267177083, -0.3605969639166827, 0.4824723254181547, 0.1681905724201988, -0.08181184647188038, -0.4325314457808049, -0.0178575536923061], [-0.2801084738849115, -0.6305848853890279, -0.3053393379099372, -0.34459932308891633, 0.5695196427878341, 0.6829636726416772, 0.11187554680759393, 0.35278143147113555, -0.2573905151586785, 0.5990927636751827, 0.1060470935062516, 0.06187377459243567], [0.05323683955359036, 0.16823899676114729, 0.6381675929459247, -0.21040017899022484, 0.0036195673323612676, 0.30995258916371676, 0.6553004281922097, -0.3164289143317468, -0.612274106302575, -0.6573064265571289, -0.4641608193660693, -0.0027532785468490388]], "inverted": false, "swapped": true, "error_lsq": 0.03839636013000531, "error_max": 0.1946676658295901, "target": "90.xyz", "model": "26.xyz", "model_rescale": 3.6694154284099745, "target_rescale": 3.8588038653578054},
{"mapping": [3, 7, 1, 8, 6, 12, 9, 5, 2, 10, 0, 4, 13], "R": [[0.1290763079939681, -0.32893754966839023, -0.9354888535588234], [-0.44847560391316715, 0.8220245496864561, -0.35092060698610905], [0.8844257681735458, 0.46483946490259886, -0.0414165722833168]], "T": [0.0709541237274348, -0.01901721943846716, -0.045803368376711506], "aligned_model": [[-0.21963588436430614, -0.2386509631057751, -0.7990316957379476, 0.34696290171765626, -0.34712100592697837, 0.18585393532410494, 0.47092075015891294, -0.4928700463222613, 0.17204314005417198, 0.650239159162059, -0.24603724966393659, 0.3869929467770964, 0.07867358632495489], [0.3335759289757848, -0.23873022035434496, 0.058640847163199304, -0.57811707940989, 0.5203074485256691, 0.7431927008314873, 0.07827195845297533, -0.564466162938358, 0.38634604040570275, -0.11337636649370192, -0.13522333928362434, -0.45781259283443987, 0.013575091515711034], [-0.7121866959158313, -0.5477987987881682, 0.08358191794513861, -0.1857451186956538, 0.028577545130795884, -0.23439521362609927, -0.58933354148266, 0.05698892230587996, 0.4904720128873211, 0.08616601815346633, 0.5224799676794556, 0.5731543464153411, 0.0005810092662104013]], "inverted": true, "swapped": false, "error_lsq": 0.05263751993635703, "error_max": 0.37627335973179704, "target": "90.xyz", "model": "27.xyz", "model_rescale": 4.103607728864725, "target_rescale": 3.8588038653578054},
{"mapping": [9, 0, 5, 2, 6, 10, 3, 1, 11, 13, 8, 4, 14], "R": [[-0.4778345222329651, 0.8762965271162086, 0.06147004088551139], [0.4485371204895414, 0.30355083199875776, -0.8406374628434146], [-0.7553069713072595, -0.37411400529375327, -0.5380985877492349]], "T": [0.08178244342754719, 0.13758495146075103, -0.03775022046899975], "aligned_model": [[-0.38614389055070697, -0.23056328051774594, -0.6456809815172434, 0.37377641315563276, -0.3285736971146257, 0.2393118460728736, 0.33672288614749063, -0.3783246332958807, 0.08459409964338975, 0.5478911463445716, -0.062318527863976333, 0.36504716099917967, 0.03260103289479148], [0.4890045946608489, -0.29648910054081223, 0.13280023251366696, -0.5225346380536722, 0.6145286465022305, 0.5385866365282875, -0.15740662141971182, -0.6312380964873752, 0.5673193171100406, 0.0756827573197065, -0.17424926768994073, -0.5843630413814904, -0.005457164505608542], [-0.6101776013617896, -0.5107318343755892, -0.11465589135263271, -0.18023655459906562, 0.03573319624104657, -0.310068806285237, -0.6792455011703306, -0.029181033363780993, 0.4983297204247203, 0.4081010197213073, 0.7067457880133414, 0.43146346490754606, -0.07353359552434008]], "inverted": true, "swapped": false, "error_lsq": 0.04339282161994415, "error_max": 0.3073691513065401, "target": "90.xyz", "model": "28.xyz", "model_rescale": 4.137296879288765, "target_rescale": 3.8588038653578054},
