[{"mapping": [1, 8, 7, 0, 2, 10, 12, 11, 5, 6, 4, 13], "R": [[-0.313878108913576, -0.5422347723915757, 0.7793984759763735], [-0.015333060360915474, -0.8178813516429279, -0.5751825726625472], [0.9493394703712714, -0.1924877820647171, 0.24840093347449427]], "T": [-0.025512655591713576, -0.08805711221140042, -0.019292007255917343], "aligned_model": [[-0.21556374128670802, 0.0936450863184428, 0.42766688998503716, -0.009812018056936003, -0.0862130283570723, -0.5702155298482502, 0.29232207286260403, -0.30016778988206744, 0.5821055341381435, 0.10024867371725903, -0.4953097170342494, 0.018936029904345973], [-0.3220360004091839, -0.7122710358967235, -0.3253912039837288, 0.6301193666096432, 0.2962319699666234, -0.47041589826098174, -0.17344041929567297, -0.6494924737070985, 0.29901402236188623, 0.4455329654035909, 0.06551901408929678, -0.029815270900594153], [-0.49871703518578564, -0.05145114035109927, -0.5967090454894117, -0.09474631153303914, -0.6333796305336403, -0.03580195319874391, 0.723696480838921, 0.57640502482123, -0.20003621084054024, 0.5065972834195673, 0.5512780172401879, -0.06518373383408331]], "inverted": false, "swapped": true, "error_lsq": 0.041800132459974694, "error_max": 0.2345025879555172, "target": "902.xyz", "model": "0.xyz", "model_rescale": 3.751011558992144, "target_rescale": 3.851149754558261},
{"mapping": [12, 0, 3, 7, 6, 13, 11, 2, 8, 5, 1, 4, 10, 14], "R": [[-0.3182726137572162, 0.7015061120877697, -0.6376454485336276], [0.3193754582713592, 0.7126469129428971, 0.6246068316364448], [0.8925815704943214, -0.0048530584645289365, -0.45085983169653826]], "T": [0.04404539507327891, -0.035184413112501915, 0.07026552863005994], "aligned_model": [[-0.08732864814916579, -0.4088917144911147, -0.591107510173936, 0.0923029097193405, 0.6359816350453339, -0.47742763565986396, 0.5584330508035119, -0.7260656616946103, -0.07583863158287148, -0.18293779747390138, 0.19907206076661427, 0.5611591488068226, 0.6941906895515135, 0.047213660301537244], [-0.5831152583186028, 0.4098752210292478, -0.18351520870244675, 0.018834738013075288, 0.047258532940826846, -0.5178464121018614, -0.5689667661062752, 0.12027199747937092, 0.42590482614137976, -0.21489529991020245, 0.5605739832943014, 0.4551294871693385, -0.25429628757352335, -0.087518083528485], [-0.4139738271810163, -0.3447940036500089, -0.3272073025778749, -0.5888476387312829, -0.3842016249948573, 0.22061668841994886, -0.2250524833357899, 0.32814217867392126, 0.5322642144905901, 0.6236809914273096, -0.2564211951140145, 0.4134267368104446, 0.5194367996023336, 0.05429801537338297]], "inverted": true, "swapped": false, "error_lsq": 0.034272367526589895, "error_max": 0.21409675809539233, "target": "902.xyz", "model": "1.xyz", "model_rescale": 3.9405287249114394, "target_rescale": 3.851149754558261},
{"mapping": [4, 11, 12, 1, 8, 6, 3, 10, 9, 5, 7, 0, 13], "R": [[-0.25998339140347954, 0.9638587719200207, 0.05817992769998458], [0.8307006894913389, 0.25397035674298607, -0.4954143945975481], [-0.4922854869615392, -0.08046940840263878, -0.8667062210682293]], "T": [-0.009656371185292282, -0.06740281522973446, 0.07617824154081039], "aligned_model": [[-0.18779364606771454, 0.30922670723724227, -0.3760823523192929, 0.4572403948748552, 0.46711527249422247, -0.7155533800785465, 0.005299150340842985, 0.525469054720447, -0.11689464692058511, -0.4910996231487196, 0.24641483831391908, -0.571661846700057, -0.05569664346268184], [0.6629470187796795, 0.4792210195763331, 0.1359029366283671, -0.22903149465272546, -0.22098374372761506, 0.19264372134745672, 0.4201986259845778, 0.32511483079362574, -0.6754722455422607, -0.6306189286266265, -0.7943395949032234, -0.0799298994795217, -0.12681965260605055], [0.007612290639934252, -0.5112024080153833, -0.6200543983096408, 0.35294072550897393, -0.3162214246237395, -0.02955274055838973, 0.6007878968188901, 0.12854919644100415, -0.38576592155620426, 0.1280665792368565, 0.10934541978128721, 0.5297311430157736, 0.11888399120928174]], "inverted": false, "swapped": true, "error_lsq": 0.05295634769817806, "error_max": 0.3932149738599693, "target": "902.xyz", "model": "2.xyz", "model_rescale": 3.932901565614263, "target_rescale": 3.851149754558261},
{"mapping": [0, 6, 2, 4, 7, 1, 3, 10, 12, 10, 5, 9, 8, 13], "R": [[-0.8114207714355847, 0.36758723958298634, 0.4543962510613847], [-0.03039899878102384, -0.802950995851916, 0.5952693500706447], [0.5836713395019427, 0.46920072416416475, 0.6627054005271357]], "T": [0.1065328628710383, -0.14361221565049948, 0.05282881587127923], "aligned_model": [[0.011037209978692203, -0.4200798542422955, -0.5048543017702487, 0.01904268651121263, 0.6862348471402895, -0.4775890429169431, 0.3530924627949567, -0.3899005641989641, -0.10056207022093067, -0.3899005641989641, 0.11545523828746598, 0.5611064199974489, 0.7153516832738271, 0.06032140533366406], [-0.5718811647459281, 0.28004239351230586, -0.17357691820090393, 0.07420253276909672, 0.06832914042611768, -0.5991756823360691, -0.5906341598846563, 0.008373137688944071, 0.50667538004241, 0.008373137688944071, 0.5497066910082131, 0.38977426825512124, -0.27972534961055234, -0.04278793678689917], [-0.4535471478773652, -0.04661000447259317, -0.5124213099060206, -0.788674962462015, -0.3060151869570248, 0.04715890297989121, 0.06090490029942863, 0.5463870648744232, 0.3954182811721011, 0.5463870648744232, -0.13698417246503697, 0.27340687311425643, 0.43960987049887873, 0.08634737553973894]], "inverted": false, "swapped": false, "error_lsq": 0.04734929090416597, "error_max": 0.3616456516474147, "target": "902.xyz", "model": "3.xyz", "model_rescale": 3.9243930471874484, "target_rescale": 3.851149754558261},
{"mapping": [2, 5, 7, 1, 8, 0, 3, 9, 12, 6, 11, 4, 13], "R": [[-0.3182248883430208, 0.72156532242259, 0.6148791799339577], [0.5680573321869837, -0.37412769338390406, 0.7330343350702249], [0.7589754856302535, 0.5825563959999269, -0.2908337286008924]], "T": [0.06078435027375937, -0.1190908515554835, -0.04570136132222292], "aligned_model": [[-0.13442805137260797, -0.13640394789433435, 0.5352086550365875, 0.3829726546229523, 0.678541173058612, -0.5888426418767516, -0.3429680102646242, 0.408667979238629, -0.013509940483300863, -0.5681932143564542, 0.3646277882472766, -0.33614406061574675, 0.02767750297111536], [-0.6902518830055451, 0.05145290406718321, -0.27764547124923683, -0.5836124951311236, 0.004018495280001935, -0.2589017638565723, -0.5835777860070871, 0.3312644995133518, 0.6703935508201962, 0.3067293855301863, 0.2596719365693264, 0.034544281743082036, -0.13625610059217574], [-0.4508352125298494, -0.7412040552951268, -0.6329761005311928, -0.07929052463496164, 0.044278616704512185, -0.32881793917621055, 0.3209456659298923, -0.5660838438719137, 0.13188201050113235, -0.0331244854762022, 0.6682439989734603, 0.5777480278090192, -0.12369584303159545]], "inverted": false, "swapped": true, "error_lsq": 0.053245554985305046, "error_max": 0.2676271814611125, "target": "902.xyz", "model": "4.xyz", "model_rescale": 3.8936222436046832, "target_rescale": 3.851149754558261},
{"mapping": [7, 5, 2, 1, 0, 6, 12, 4, 10, 8, 3, 13], "R": [[-0.002624068422053205, -0.9998726661737797, -0.015740575067455853], [-0.3055312368009194, -0.014186301080034991, 0.9520763688909454], [-0.9521784379011202, 0.007307550903307314, -0.3054551065148178]], "T": [-0.026195356998727076, -0.08599296890491341, 0.001893644636173121], "aligned_model": [[0.036972835445885394, -0.6350994976193034, -0.1974794637862923, 0.35734203151457344, -0.6143282355174492, -0.6319978991067213, -0.2625180354841357, -0.010013266529085487, 0.58212332224149, 0.43269318613509167, 0.05925806501755865, -0.08940500009651482], [-0.6246694612818795, -0.40334224825039333, 0.13831073036695352, -0.07396550287257124, 0.27848388041096306, 0.11789954564221254, -0.3623702951759857, 0.4218847911931665, 0.17063095208718498, -0.5200556448831757, 0.6210834731895728, -0.09496731531624081], [-0.5466927421003335, -0.281333432589684, -0.6680435526091403, -0.4146016186921275, -0.2054072485186555, 0.41241155096065824, 0.728604235131775, 0.5601439282087345, 0.08712619985866973, 0.07861846541992429, -0.07514362692823093, -0.05639743886607177]], "inverted": true, "swapped": true, "error_lsq": 0.03644106681959033, "error_max": 0.21497901722146262, "target": "902.xyz", "model": "5.xyz", "model_rescale": 3.6523030999806103, "target_rescale": 3.851149754558261},
{"mapping": [2, 3, 10, 1, 8, 0, 4, 5, 6, 12, 11, 9, 13], "R": [[-0.7062523139964263, 0.5187418788320853, 0.48178266066811887], [0.6358734468365846, 0.7639789146542202, 0.10954988622504933], [-0.3112436803902286, 0.38372266170962366, -0.8694160628304652]], "T": [0.1425118946923312, -0.053571215956401845, 0.050339300708546024], "aligned_model": [[0.2575204318025576, -0.24361764285659318, 0.2452226897387943, 0.5559876525732533, 0.6321308779459933, -0.29937313814330757, -0.48318957179450606, 0.18476508541548387, -0.5284023016199928, -0.18154807017979294, 0.05586002115507718, 0.5395333986608472, 0.14619347196648028], [-0.586680649442717, 0.034489464980531244, 0.4930299895084616, -0.02186523201707355, 0.3033545030227212, -0.5993779586329914, 0.36361267698668953, -0.7321425920362513, -0.2378328454367235, 0.197499092938288, 0.7714405890138778, -0.30480664455163003, -0.13989349016999958], [0.5309988593544028, 0.6472843737383482, 0.4161939925917559, 0.43601587625975596, -0.14396222319199736, 0.21930655845203145, 0.11591622247317301, -0.24873920115792353, -0.2546453251560077, -0.6512944758019166, -0.189133111956346, -0.561130710402244, 0.05329890427875698]], "inverted": false, "swapped": true, "error_lsq": 0.05403646687942487, "error_max": 0.3065003857210953, "target": "902.xyz", "model": "6.xyz", "model_rescale": 4.08911054899281, "target_rescale": 3.851149754558261},
{"mapping": [9, 13, 1, 11, 10, 0, 8, 2, 7, 6, 12, 5, 4, 14], "R": [[-0.7730049682270291, 0.6220998309674446, 0.12431862051441359], [0.6286597462006278, 0.7248568854716917, 0.28172578705408075], [0.08514835643329895, 0.2959295454910778, -0.9514070955706354]], "T": [0.05689961193773442, -0.03146415328100708, 0.01482221536601987], "aligned_model": [[-0.060239923801722564, -0.3589939273028713, -0.5772089663813739, 0.08728565096907062, 0.6675589429707748, -0.5410348204960921, 0.5347354189308128, -0.6763612187669583, -0.12718442798205054, -0.12322323271383, 0.24189707667477406, 0.5880864419823454, 0.5677558395643117, 0.015682702122019894], [-0.6745504938810738, 0.5223551274820739, -0.2246146142917691, 0.05835998308286049, 0.1170869240271239, -0.6718744179664643, -0.48925598928562586, 0.0924019202934841, 0.4881876991896517, -0.1725199925566136, 0.5968885254845694, 0.3798633466808466, -0.26048381698104794, -0.1341487314518718], [-0.4179312890775027, -0.22226698857336236, -0.29909699266184947, -0.5644353923661773, -0.3377436045241909, 0.3568825762665913, -0.15024913201982323, 0.32647152671253526, 0.5582962101514876, 0.45844590442506694, -0.2661595761084263, 0.3741987156350512, 0.4431041295722092, -0.10814853821852292]], "inverted": false, "swapped": false, "error_lsq": 0.04104925462595206, "error_max": 0.27291161566994226, "target": "902.xyz", "model": "7.xyz", "model_rescale": 3.964800864290218, "target_rescale": 3.851149754558261},
{"mapping": [3, 9, 10, 5, 1, 6, 0, 11, 12, 4, 8, 7, 2, 13], "R": [[-0.46206423334211094, 0.5296531473137057, 0.7113115968453303], [-0.6824584600181217, 0.2998454043894317, -0.6665907168692287], [-0.5663453845628665, -0.7934483455192434, 0.22291843435910502]], "T": [0.04786281451306626, -0.08702721732137488, 0.02555875666207639], "aligned_model": [[-0.020248094606148487, -0.3681295811182309, -0.5543135690573683, 0.00120922934913531, 0.7543937650905476, -0.2755431401882388, 0.4607271137403469, -0.6984177958656896, -0.07318290975717417, -0.1327709682649001, 0.10663767869079341, 0.5227096361470941, 0.48398447175749404, 0.031699719851550553], [-0.6818445296946589, 0.45895454261157953, 0.06930164031322215, 0.05124859639653022, 0.034535027215071804, -0.5373972476405254, -0.6703333381750589, -0.01730945796098944, 0.49430421324651763, -0.2669063940172638, 0.5756644001243142, 0.4024793714073326, -0.2565916883196585, -0.028409665680269133], [-0.3837283854061591, -0.02650823274640065, -0.51117106768899, -0.7977115302427673, -0.1961539577945757, 0.19609100414800965, -0.024003449916496993, 0.37958984159129444, 0.4925455206697409, 0.681385192027695, -0.3597241483770483, 0.22990395610889158, 0.494231902907451, -0.023379096067557913]], "inverted": true, "swapped": false, "error_lsq": 0.03746518106023555, "error_max": 0.2498832193426646, "target": "902.xyz", "model": "8.xyz", "model_rescale": 4.121658175737393, "target_rescale": 3.851149754558261},
{"mapping": [5, 6, 12, 9, 0, 2, 4, 10, 11, 3, 7, 8, 13], "R": [[-0.6480453677532731, -0.6233462553059655, -0.43758044669472557], [0.6362455138481479, -0.1273072211423124, -0.7609103216234677], [0.4186034489127291, -0.771513005360929, 0.47910211345527975]], "T": [-0.04485408911880936, 0.005551077992114378, 0.03128604628010131], "aligned_model": [[-0.5743562626224996, -0.1640914681495383, 0.40604258859628883, -0.03999891777118161, -0.6476046178342292, -0.7000137062835903, 0.27537819705360994, 0.34928068510254834, 0.8030493021598921, -0.19666476417087717, -0.30127705056236315, 0.3933989263389794, -0.12640541542184175], [0.3188051730798521, -0.41844976671299694, -0.04554624938493998, 0.6655404266232141, -0.33201394888669056, 0.02706369786751714, -0.6669296252543522, -0.17798208123635945, -0.15633711786051357, -0.6022650625558283, 0.7135762375010624, 0.43802263301399713, 0.026903123217748258], [-0.38487704074890244, -0.5876643233434502, -0.6428225253477485, -0.3675013365285351, -0.1795669108875171, 0.3455619222562226, -0.0914577723706933, 0.5354144029718987, 0.012521370502518094, 0.37871543729217055, 0.19878901949470917, 0.1918427289821836, 0.012120461686233056]], "inverted": true, "swapped": true, "error_lsq": 0.04151813069690916, "error_max": 0.21541464848538397, "target": "902.xyz", "model": "9.xyz", "model_rescale": 3.833441315466971, "target_rescale": 3.851149754558261},
{"mapping": [2, 0, 13, 5, 4, 8, 3, 10, 12, 11, 1, 6, 7, 14], "R": [[0.4623911768619472, -0.4884735410203601, 0.7399918913631786], [-0.3101991619315104, 0.6927129733618095, 0.651095397367567], [-0.8306448576240103, -0.5306056315751577, 0.16878028393007266]], "T": [0.031177762416762782, -0.00965378939666391, 0.06666118233432299], "aligned_model": [[-0.03806107513003549, -0.4402630983530456, -0.46252977607516205, 0.07286815940211874, 0.7353952254789393, -0.45730796705786997, 0.6127473394252599, -0.7268638514683253, 0.025009642985589657, -0.08373511379166376, 0.034481005747616526, 0.562855580136357, 0.34380305856708365, 0.0603564259023481], [-0.5269087458034968, 0.3874005809808893, -0.126594412414358, 0.08694154370273767, 0.0412349853970375, -0.5596255604937275, -0.6228308310437539, 0.03288471093041999, 0.4632381303476985, -0.13707455882315348, 0.6913393889167954, 0.4083222661697411, -0.41112995823617743, -0.09950206980450875], [-0.427609541434917, -0.2230184742941213, -0.5483707668676133, -0.6014454363199379, -0.30401479127134096, 0.32448303065741463, -0.13362010097171312, 0.38180802291547805, 0.4399643350854713, 0.7268854316949769, -0.16616189524888603, 0.1286634658648104, 0.4967731292070957, 0.05703114019636846]], "inverted": true, "swapped": false, "error_lsq": 0.04142298102779484, "error_max": 0.3112555082271295, "target": "902.xyz", "model": "10.xyz", "model_rescale": 4.2482417240324, "target_rescale": 3.851149754558261},
{"mapping": [9, 12, 11, 4, 7, 1, 8, 3, 6, 2, 5, 13], "R": [[0.5831536499874301, 0.3383580550852745, -0.7385429216133942], [-0.7997382994614327, 0.3987640003802109, -0.44878271398897146], [0.14265508361384624, 0.8523503379243077, 0.5031385778882842]], "T": [0.041029407332264886, 0.10904206141804292, -0.04232041861250739], "aligned_model": [[-0.6928778577080602, -0.043658994108818086, 0.40338671116901686, 0.679042468013111, -0.5950686498843231, 0.04129377663500976, -0.16788166167765955, 0.6704254472203176, 0.15718856241249984, -0.03563409912178213, -0.5327075126641497, -0.0067425879221552285], [-0.09120448241242794, -0.6902615548103519, -0.3375456754508568, -0.29213220557341024, 0.5266071120287147, 0.6361840268621107, 0.13677691162686284, 0.345124547459245, -0.45857510645864347, 0.6885611224194517, 0.06732157364453448, 0.13527512071541034], [0.08386332712227852, 0.07718991954823769, 0.6016956057144136, -0.0852575851187462, 0.08467681680100987, 0.1646461754994626, 0.5580650768403824, -0.2899487858631532, -0.5336569940357014, -0.47446230238701464, -0.5121903393063602, -0.10942862496045236]], "inverted": false, "swapped": true, "error_lsq": 0.04110892858376715, "error_max": 0.23810485469516135, "target": "902.xyz", "model": "11.xyz", "model_rescale": 3.6694154284099745, "target_rescale": 3.851149754558261},
{"mapping": [4, 8, 3, 11, 6, 1, 0, 2, 10, 12, 9, 7, 5, 13], "R": [[-0.20633455340250045, -0.9298988465709903, 0.30449004453041273], [-0.08173342810185885, 0.3264783253725161, 0.94166424472456], [-0.9750618948574031, 0.16941085622798674, -0.14336757997954577]], "T": [0.08227388158005573, -0.01587192123891801, 0.03993811534299258], "aligned_model": [[-0.074997294596258, -0.46354978846134703, -0.6257470200108702, 0.20107220368857387, 0.5659010542455448, -0.5024191735084457, 0.2723025496839301, -0.5428727706074716, -0.07270601719814061, -0.0013672897853360955, 0.07913230357483898, 0.57086662904249, 0.7583885969229798, 0.07475157277872305], [-0.47678199718253556, 0.3737254732155616, -0.261210220664584, 0.25365743275474884, -0.15387269874842224, -0.6139186933577652, -0.7035797035202929, 0.017051677110310023, 0.44583934891305527, -0.1592774721718817, 0.7614590502205099, 0.4848852467387943, -0.2025865299319471, -0.1376954435494076], [-0.5172928320998607, -0.3106160784243968, -0.3840482315464038, -0.6370179651430549, -0.21874195099383897, 0.17012100128067803, 0.08098657345970076, 0.22546782542410682, 0.44777720284907513, 0.6988823487047601, -0.161141366921281, 0.2903072514512507, 0.4305496091242785, 0.03613416204807217]], "inverted": false, "swapped": false, "error_lsq": 0.047360855189207705, "error_max": 0.2589582461111255, "target": "902.xyz", "model": "12.xyz", "model_rescale": 3.9764082729961374, "target_rescale": 3.851149754558261},
{"mapping": [7, 9, 0, 2, 8, 4, 3, 5, 12, 6, 1, 10, 14, 15], "R": [[-0.6158356293482548, -0.02288408972606211, 0.7875422503349576], [0.13025188117735342, -0.9887809008942239, 0.07312166215676297], [0.7770334131007495, 0.14760978444607498, 0.6119072041255795]], "T": [0.03254188401333584, 0.015541298863387825, 0.11445463206209196], "aligned_model": [[-0.055377713126505204, -0.43452763898390856, -0.4749109303382308, 0.0939358899117239, 0.6121224320746863, -0.4236056912822476, 0.5875210747738264, -0.7756014688156616, 0.0030329167930590456, -0.16553688148788342, 0.1442515652948888, 0.6242246605918773, 0.46551566029099856, 0.03771168007258699], [-0.496543522498769, 0.3530432266990206, -0.08733186114195322, 0.10891900379592682, 0.0038600344193614137, -0.5379402381198728, -0.5940833363232981, 0.0335619082457118, 0.6120732905387408, -0.34770464336521917, 0.5317560764464119, 0.5549568668782714, -0.41488881841096376, -0.0919825173372247], [-0.43424654261520557, -0.057119363380049845, -0.3944821888297073, -0.6753370456399461, -0.290023764169947, 0.07635870642908567, -0.05524907829788382, 0.33672357894967403, 0.33915963581077857, 0.7566975719307963, -0.238200764570199, 0.04311575176702588, 0.6302759797922124, 0.11369507203645107]], "inverted": false, "swapped": false, "error_lsq": 0.04020274405657399, "error_max": 0.2661578286029018, "target": "902.xyz", "model": "13.xyz", "model_rescale": 4.170626492500431, "target_rescale": 3.851149754558261},
{"mapping": [0, 10, 7, 8, 4, 1, 2, 9, 11, 3, 12, 5, 6, 13], "R": [[0.22739657512970313, -0.8141563368111753, 0.5342660918020998], [-0.11234810592139788, -0.5669095902726253, -0.8160829734486554], [0.9672996953970139, 0.12555068971189512, -0.22038222160081739]], "T": [0.03210935614524367, -0.09827087255540401, -0.012632275353157316], "aligned_model": [[-0.11389734630585018, -0.31972410885706903, -0.5483692976379291, 0.023753382051965227, 0.6004455348177166, -0.6074805450832134, 0.43406981434677283, -0.6543436158710035, -0.038058299743084625, -0.023551541218766514, 0.24076228670564803, 0.5678789168992782, 0.6113167640310707, 0.0659536116336759], [-0.5988219382221441, 0.31696327715433015, -0.18152785504830654, 0.1554763061452193, -0.052477823508586485, -0.5118738170230721, -0.6186223055246907, 0.13092759944708882, 0.31673616540262345, -0.40516047209535516, 0.5634289906388453, 0.5597941658614454, -0.009799701575346667, -0.0373471218259066], [-0.3024409709216842, -0.161367337776682, -0.572581032166725, -0.7105569416340891, -0.43448546695420165, 0.09067228635441688, 0.011746885534188142, 0.35145125366959645, 0.5552632340881369, 0.6023427181455419, -0.24570601219075072, 0.3146614938192584, 0.590841748599561, 0.06152569064651931]], "inverted": true, "swapped": false, "error_lsq": 0.04684724772789552, "error_max": 0.30645420680030655, "target": "902.xyz", "model": "14.xyz", "model_rescale": 3.9786697098870705, "target_rescale": 3.851149754558261},
{"mapping": [12, 5, 4, 11, 6, 3, 7, 2, 10, 8, 0, 13], "R": [[0.5803220112509848, 0.7270834353328322, -0.3668460730636476], [-0.0260508590108407, -0.43365263200404097, -0.9007034736808586], [-0.8139703409844912, 0.5322547067152859, -0.23271701952589488]], "T": [0.01774402546313506, -0.04719893528353525, 0.04729010614031992], "aligned_model": [[0.014826886896503334, -0.7159764595618506, 0.5450638080992606, 0.6655125917784173, -0.13196794072213144, 0.4255976734213506, -0.46455587057193665, -0.27718201845320506, 0.6322711508630445, 0.14974915709749217, -0.30185771830582137, -0.05812666377378684], [-0.3901266237205885, 0.041884362411584275, 0.20824525669667532, -0.5097184687270269, 0.2742486668278142, 0.533760458099376, -0.36702397767248673, 0.4175043261496184, -0.12848048409249832, -0.6415783016771952, 0.5851209029640353, -0.00916162703486846], [-0.6894141818800043, -0.026268107312304667, -0.4286585990656317, -0.2873315124566226, -0.6245369513705409, 0.14391157682212058, 0.557396330601805, 0.5221961499334169, 0.2900281599732874, 0.23212412316330844, -0.09322204395049655, 0.06374154941549258]], "inverted": false, "swapped": true, "error_lsq": 0.055655242307308346, "error_max": 0.28656193722384987, "target": "902.xyz", "model": "15.xyz", "model_rescale": 3.769337070930944, "target_rescale": 3.851149754558261},
{"mapping": [12, 9, 4, 6, 11, 8, 10, 7, 3, 0, 13], "R": [[-0.2282337846528963, 0.9680627278006791, -0.10374919077334588], [0.6742388098560185, 0.08028196388347408, -0.7341367948543056], [-0.702361279418901, -0.23750655005309085, -0.6710285179147928]], "T": [0.028860933227149006, -0.00878541083457831, 0.1076749518998722], "aligned_model": [[-0.3972795526220791, -0.1998387964946089, -0.07674505557607408, -0.6525721779880234, 0.3291949864106466, 0.433796762730846, 0.6054699428505171, 0.20730381034432974, 0.16135916594958133, -0.47042538353416535, -0.017637571379799405], [0.027290314201201128, -0.7054478187159144, 0.6854217405343249, 0.3045132174588166, 0.28750247441006416, -0.3377354462168468, 0.302173418603805, -0.7212746687276069, 0.6057785578879624, 0.19353196274430548, -0.04568925455476887], [-0.5832982353983452, -0.13106928939790985, -0.169396996301713, -0.013100514876226765, -0.6456596401049082, -0.2565978140700043, -0.0106411383970349, 0.34352830608859514, 0.45111267577832226, 0.5888175201972519, 0.17052273370575016]], "inverted": false, "swapped": true, "error_lsq": 0.04161107443927112, "error_max": 0.22021062770861297, "target": "902.xyz", "model": "16.xyz", "model_rescale": 3.7852294659196426, "target_rescale": 3.851149754558261},
{"mapping": [12, 5, 7, 9, 6, 0, 3, 2, 8, 11, 4, 1, 13], "R": [[-0.15557672695511218, 0.8956523640054825, 0.416656603069393], [0.4957066018546597, 0.43562584944367927, -0.7513355336826413], [-0.8544418335426005, 0.08964910567241685, -0.5117540336377383]], "T": [0.045902916578637945, 0.11812304985882222, 0.03342350676680537], "aligned_model": [[-0.06784570544434025, -0.35843369458450164, 0.35034654111536845, 0.17690448514029167, -0.5995783313194155, -0.636004969253424, -0.18004809950740258, -0.186968448961574, 0.6448794466327521, 0.49214182556849934, -0.17396621757649977, 0.397961059255928, -0.005622040849398581], [-0.04967642225666441, -0.4855039496997435, -0.4565589377759975, -0.6242919561636937, 0.13686495991546302, 0.13670400043017222, 0.7532594021526231, 0.08080001648876317, -0.047387612647654065, 0.46744725128658493, 0.7019590628575862, 0.19196808616753278, 0.06947172294790221], [-0.753498157268039, 0.18782151555225227, 0.44835036810012324, -0.12874750651748676, -0.366697135471629, 0.2708549711952766, 0.275791152780025, 0.7210601559424137, -0.1033578401420022, -0.6179930269163469, -0.39159194252255003, 0.47082020027151644, 0.08294194213962096]], "inverted": false, "swapped": true, "error_lsq": 0.03896530008431954, "error_max": 0.2160412064209751, "target": "902.xyz", "model": "17.xyz", "model_rescale": 3.901054581598922, "target_rescale": 3.851149754558261},
{"mapping": [12, 0, 3, 7, 6, 13, 11, 2, 8, 5, 1, 4, 10, 14], "R": [[-0.3182726137572162, 0.7015061120877697, -0.6376454485336276], [0.3193754582713592, 0.7126469129428971, 0.6246068316364448], [0.8925815704943214, -0.0048530584645289365, -0.45085983169653826]], "T": [0.04404539507327891, -0.035184413112501915, 0.07026552863005994], "aligned_model": [[-0.08732864814916579, -0.4088917144911147, -0.591107510173936, 0.0923029097193405, 0.6359816350453339, -0.47742763565986396, 0.5584330508035119, -0.7260656616946103, -0.07583863158287148, -0.18293779747390138, 0.19907206076661427, 0.5611591488068226, 0.6941906895515135, 0.047213660301537244], [-0.5831152583186028, 0.4098752210292478, -0.18351520870244675, 0.018834738013075288, 0.047258532940826846, -0.5178464121018614, -0.5689667661062752, 0.12027199747937092, 0.42590482614137976, -0.21489529991020245, 0.5605739832943014, 0.4551294871693385, -0.25429628757352335, -0.087518083528485], [-0.4139738271810163, -0.3447940036500089, -0.3272073025778749, -0.5888476387312829, -0.3842016249948573, 0.22061668841994886, -0.2250524833357899, 0.32814217867392126, 0.5322642144905901, 0.6236809914273096, -0.2564211951140145, 0.4134267368104446, 0.5194367996023336, 0.05429801537338297]], "inverted": true, "swapped": false, "error_lsq": 0.034272367526589895, "error_max": 0.21409675809539233, "target": "902.xyz", "model": "18.xyz", "model_rescale": 3.9405287249114394, "target_rescale": 3.851149754558261},
{"mapping": [7, 11, 9, 13, 12, 8, 4, 5, 10, 6, 14, 3, 1, 15], "R": [[0.517756399193046, 0.7217274395816702, -0.4593885218957238], [-0.7776040293579767, 0.17309626748176882, -0.604458150503506], [-0.3567355948330507, 0.6701844411345035, 0.6508398652820393]], "T": [0.09448813341482458, -0.07162093794617475, 0.0003399790018895465], "aligned_model": [[-0.1926391183863796, -0.38422266114886194, -0.5852365227192066, 0.026014574570728408, 0.6212945378167513, -0.323550750805611, 0.43936366376558705, -0.6592578923971885, -0.03995152827383748, -0.13880772624313037, 0.3069114109880904, 0.6600374202363017, 0.43026109568316206, 0.07853905268280513], [-0.5516546773736866, 0.42135645591678955, -0.15687006826857539, 0.14591866533109543, -0.015997975529326885, -0.650002283048631, -0.6624984016475908, -0.11387325142355809, 0.6558667359532739, -0.34703302404544456, 0.6098396861467634, 0.45758614373909146, -0.11765953762533857, -0.04728299829871835], [-0.4271539966582013, -0.21650666313973999, -0.3456612125846173, -0.6315759474607682, -0.13937458910924289, 0.2513193934030783, -0.25770986128316176, 0.34868508566663486, 0.2660309623564886, 0.6545606453592924, -0.30003766835569934, 0.35463147444575105, 0.5666052782464803, 0.027554648326791074]], "inverted": true, "swapped": false, "error_lsq": 0.043631000143639784, "error_max": 0.2711078792326512, "target": "902.xyz", "model": "19.xyz", "model_rescale": 4.410303926677745, "target_rescale": 3.851149754558261},
{"mapping": [3, 9, 10, 5, 1, 6, 0, 11, 12, 4, 8, 7, 2, 13], "R": [[-0.46206423334211094, 0.5296531473137057, 0.7113115968453303], [-0.6824584600181217, 0.2998454043894317, -0.6665907168692287], [-0.5663453845628665, -0.7934483455192434, 0.22291843435910502]], "T": [0.04786281451306626, -0.08702721732137488, 0.02555875666207639], "aligned_model": [[-0.020248094606148487, -0.3681295811182309, -0.5543135690573683, 0.00120922934913531, 0.7543937650905476, -0.2755431401882388, 0.4607271137403469, -0.6984177958656896, -0.07318290975717417, -0.1327709682649001, 0.10663767869079341, 0.5227096361470941, 0.48398447175749404, 0.031699719851550553], [-0.6818445296946589, 0.45895454261157953, 0.06930164031322215, 0.05124859639653022, 0.034535027215071804, -0.5373972476405254, -0.6703333381750589, -0.01730945796098944, 0.49430421324651763, -0.2669063940172638, 0.5756644001243142, 0.4024793714073326, -0.2565916883196585, -0.028409665680269133], [-0.3837283854061591, -0.02650823274640065, -0.51117106768899, -0.7977115302427673, -0.1961539577945757, 0.19609100414800965, -0.024003449916496993, 0.37958984159129444, 0.4925455206697409, 0.681385192027695, -0.3597241483770483, 0.22990395610889158, 0.494231902907451, -0.023379096067557913]], "inverted": true, "swapped": false, "error_lsq": 0.03746518106023555, "error_max": 0.2498832193426646, "target": "902.xyz", "model": "20.xyz", "model_rescale": 4.121658175737393, "target_rescale": 3.851149754558261},
{"mapping": [2, 3, 10, 1, 8, 0, 4, 5, 6, 12, 11, 9, 13], "R": [[-0.7062523139964263, 0.5187418788320853, 0.48178266066811887], [0.6358734468365846, 0.7639789146542202, 0.10954988622504933], [-0.3112436803902286, 0.38372266170962366, -0.8694160628304652]], "T": [0.1425118946923312, -0.053571215956401845, 0.050339300708546024], "aligned_model": [[0.2575204318025576, -0.24361764285659318, 0.2452226897387943, 0.5559876525732533, 0.6321308779459933, -0.29937313814330757, -0.48318957179450606, 0.18476508541548387, -0.5284023016199928, -0.18154807017979294, 0.05586002115507718, 0.5395333986608472, 0.14619347196648028], [-0.586680649442717, 0.034489464980531244, 0.4930299895084616, -0.02186523201707355, 0.3033545030227212, -0.5993779586329914, 0.36361267698668953, -0.7321425920362513, -0.2378328454367235, 0.197499092938288, 0.7714405890138778, -0.30480664455163003, -0.13989349016999958], [0.5309988593544028, 0.6472843737383482, 0.4161939925917559, 0.43601587625975596, -0.14396222319199736, 0.21930655845203145, 0.11591622247317301, -0.24873920115792353, -0.2546453251560077, -0.6512944758019166, -0.189133111956346, -0.561130710402244, 0.05329890427875698]], "inverted": false, "swapped": true, "error_lsq": 0.05403646687942487, "error_max": 0.3065003857210953, "target": "902.xyz", "model": "21.xyz", "model_rescale": 4.08911054899281, "target_rescale": 3.851149754558261},
{"mapping": [6, 13, 7, 0, 1, 10, 8, 12, 14, 9, 4, 2, 11, 16], "R": [[-0.8763739334558454, -0.2570964861632126, 0.4072715624269128], [0.44815734065515006, -0.7450402374181142, 0.4940344549167237], [0.17641917916154565, 0.6154806588597967, 0.7681535209796786]], "T": [0.06211122686346915, -0.01480029698940762, 0.09143285531956444], "aligned_model": [[-0.018136410635462008, -0.41594707515934426, -0.5034511682188973, 0.11703534985948691, 0.810674930940659, -0.5253224089696795, 0.4672591102538427, -0.6205632108000744, -0.1276083491148943, -0.248376926654228, 0.09146950493526285, 0.5177056924223975, 0.6473737120610907, 0.046642804849050916], [-0.526302136069925, 0.3844213809046388, -0.1401893011546455, 0.06606000105631309, -0.02055024056435865, -0.564888664135392, -0.5534923831661582, 0.12855212636364202, 0.36499149450900853, -0.2510149756555382, 0.5574917937910563, 0.5430588553813618, -0.36811007354022923, 0.0076675921063701045], [-0.4447483769559206, -0.12950215275920296, -0.321135881877743, -0.6770229671532373, -0.172418808221073, 0.15025394879332868, -0.07113419833803805, 0.3330424596685176, 0.5726679990363106, 0.6875430327786868, -0.3059486241262491, 0.041626445676889695, 0.43571915401929473, 0.05242551867152243]], "inverted": false, "swapped": false, "error_lsq": 0.03640534859385193, "error_max": 0.2629037895543493, "target": "902.xyz", "model": "22.xyz", "model_rescale": 4.204369325754507, "target_rescale": 3.851149754558261},
{"mapping": [7, 11, 9, 13, 12, 8, 4, 5, 10, 6, 14, 3, 1, 15], "R": [[0.517756399193046, 0.7217274395816702, -0.4593885218957238], [-0.7776040293579767, 0.17309626748176882, -0.604458150503506], [-0.3567355948330507, 0.6701844411345035, 0.6508398652820393]], "T": [0.09448813341482458, -0.07162093794617475, 0.0003399790018895465], "aligned_model": [[-0.1926391183863796, -0.38422266114886194, -0.5852365227192066, 0.026014574570728408, 0.6212945378167513, -0.323550750805611, 0.43936366376558705, -0.6592578923971885, -0.03995152827383748, -0.13880772624313037, 0.3069114109880904, 0.6600374202363017, 0.43026109568316206, 0.07853905268280513], [-0.5516546773736866, 0.42135645591678955, -0.15687006826857539, 0.14591866533109543, -0.015997975529326885, -0.650002283048631, -0.6624984016475908, -0.11387325142355809, 0.6558667359532739, -0.34703302404544456, 0.6098396861467634, 0.45758614373909146, -0.11765953762533857, -0.04728299829871835], [-0.4271539966582013, -0.21650666313973999, -0.3456612125846173, -0.6315759474607682, -0.13937458910924289, 0.2513193934030783, -0.25770986128316176, 0.34868508566663486, 0.2660309623564886, 0.6545606453592924, -0.30003766835569934, 0.35463147444575105, 0.5666052782464803, 0.027554648326791074]], "inverted": true, "swapped": false, "error_lsq": 0.043631000143639784, "error_max": 0.2711078792326512, "target": "902.xyz", "model": "23.xyz", "model_rescale": 4.410303926677745, "target_rescale": 3.851149754558261},
{"mapping": [7, 10, 1, 11, 14, 0, 13, 3, 4, 2, 9, 15, 6, 16], "R": [[0.19564308064096014, -0.6234823144747315, -0.7569633997324753], [-0.22839662360048282, 0.7216855487439037, -0.6534561584851047], [0.9537079046150422, 0.3007320605978733, -0.001208471490324041]], "T": [0.09362052522356405, -0.013256315808688218, 0.007789086625431815], "aligned_model": [[-0.06956189554527796, -0.28293390453072464, -0.628101108766129, 0.09157548068960124, 0.6846814188173111, -0.32510631321951805, 0.5541177671369417, -0.761903792210713, -0.23284166884299257, -0.4618003642036072, 0.29085478118366753, 0.6472322632431526, 0.7569731274374426, -0.024430235419943422], [-0.5663696693509259, 0.4831168300310762, -0.2084092022488657, 0.08304325774177491, 0.0746358928117209, -0.5543000820827513, -0.5181224960416437, 0.03342951693658405, 0.3330489537666371, -0.1551299676485888, 0.5371764408285917, 0.37699816441690237, -0.26832182699745477, -0.023100342336913368], [-0.3229192627816827, -0.18090221629331255, -0.4133624104817875, -0.617865527788636, -0.31012909426805396, 0.32767232912119887, -0.15725349598976476, 0.2819232872162303, 0.5051616523151384, 0.7179112265984933, -0.21702731029644193, 0.2325771535363197, 0.2776093970134499, 0.027971821311934826]], "inverted": true, "swapped": false, "error_lsq": 0.039715404498247064, "error_max": 0.2541050189719396, "target": "902.xyz", "model": "24.xyz", "model_rescale": 4.28219845311461, "target_rescale": 3.851149754558261},
{"mapping": [3, 13, 7, 4, 0, 9, 1, 12, 14, 11, 2, 6, 8, 15], "R": [[0.7525986874724079, -0.24439463007090542, 0.61144622037209], [-0.2560662624305112, -0.9641087206562354, -0.07017438278649507], [0.6066508755945857, -0.10375759994864125, -0.7881681772269292]], "T": [-0.013910451898611408, -0.07143465167322452, 0.05545216601995065], "aligned_model": [[0.029803469189396598, -0.4615505136536058, -0.5566585221151956, 0.11193799274614134, 0.6427335661573909, -0.5047438116705653, 0.44010196169325055, -0.6305812099446603, -0.04654455217313337, -0.20182396394148333, 0.11391750928076248, 0.7335983286738409, 0.5264618558817332, 0.042103445645338966], [-0.6895572141907427, 0.27275860005167385, -0.2303527240586403, -0.04694106070356685, 0.19537557970293098, -0.5316266402301316, -0.4966481237881275, 0.15484174485752275, 0.5257379949134332, -0.1365899440810956, 0.5737112027307221, 0.3653943465439977, -0.2825426662810055, -0.045865625640826885], [-0.4093692358858917, -0.12911716381583252, -0.4790715325152054, -0.6644164372734697, -0.34850959704689843, 0.12010222775143514, -0.09601938339825478, 0.44652258011055346, 0.5271135599908672, 0.5623252971992948, -0.13488139190940016, 0.3056684409595415, 0.4367358295584366, 0.0142843554879096]], "inverted": true, "swapped": false, "error_lsq": 0.037027489400397504, "error_max": 0.18497994605696513, "target": "902.xyz", "model": "25.xyz", "model_rescale": 4.100010024507729, "target_rescale": 3.851149754558261},
{"mapping": [9, 12, 11, 4, 7, 1, 8, 3, 6, 2, 5, 13], "R": [[0.5831536499874301, 0.3383580550852745, -0.7385429216133942], [-0.7997382994614327, 0.3987640003802109, -0.44878271398897146], [0.14265508361384624, 0.8523503379243077, 0.5031385778882842]], "T": [0.041029407332264886, 0.10904206141804292, -0.04232041861250739], "aligned_model": [[-0.6928778577080602, -0.043658994108818086, 0.40338671116901686, 0.679042468013111, -0.5950686498843231, 0.04129377663500976, -0.16788166167765955, 0.6704254472203176, 0.15718856241249984, -0.03563409912178213, -0.5327075126641497, -0.0067425879221552285], [-0.09120448241242794, -0.6902615548103519, -0.3375456754508568, -0.29213220557341024, 0.5266071120287147, 0.6361840268621107, 0.13677691162686284, 0.345124547459245, -0.45857510645864347, 0.6885611224194517, 0.06732157364453448, 0.13527512071541034], [0.08386332712227852, 0.07718991954823769, 0.6016956057144136, -0.0852575851187462, 0.08467681680100987, 0.1646461754994626, 0.5580650768403824, -0.2899487858631532, -0.5336569940357014, -0.47446230238701464, -0.5121903393063602, -0.10942862496045236]], "inverted": false, "swapped": true, "error_lsq": 0.04110892858376715, "error_max": 0.23810485469516135, "target": "902.xyz", "model": "26.xyz", "model_rescale": 3.6694154284099745, "target_rescale": 3.851149754558261},
{"mapping": [0, 7, 5, 1, 6, 4, 2, 8, 9, 10, 3, 12, 11, 13], "R": [[0.3056094637471131, -0.8855852763030118, 0.349773604011967], [0.9517268910528774, 0.27307426616235003, -0.14016550933349659], [0.028614341072728616, 0.3757248508619204, 0.926289401823081]], "T": [-0.049014463594157454, -0.022556011323810646, 0.03791721727969895], "aligned_model": [[-0.07410934091198124, -0.343182540833886, -0.5697784337051857, 0.05093882755344753, 0.49678880752510574, -0.38709773948232834, 0.4346148507126964, -0.6240660785844228, -0.03904112939508397, -0.12370281484769016, 0.19643900903210526, 0.6740774249424135, 0.5564935438806147, -0.009618830116593952], [-0.5420990389280742, 0.48379224703490403, -0.11371977432699437, 0.0060593076431211396, 0.0561924388330009, -0.7447976932036058, -0.4996471943579422, -0.017126717572277607, 0.4563483979116558, -0.26069547114830466, 0.7285201424685666, 0.2591057592917457, -0.12020552916140961, -0.06403140465824175], [-0.36997815255592487, -0.1927451080112359, -0.5507019766567963, -0.8389163797071705, -0.3708466542131272, 0.2369077236087549, 0.06274332485736682, 0.3165627901792095, 0.5231126777800372, 0.5852763021172156, -0.13080866785266682, 0.20386172928227847, 0.637917295442367, 0.03898264494277848]], "inverted": false, "swapped": false, "error_lsq": 0.04171009560974075, "error_max": 0.24064998575098795, "target": "902.xyz", "model": "27.xyz", "model_rescale": 4.103607728864725, "target_rescale": 3.851149754558261},
