[{"mapping": [0, 1, 3, 12, 7, 9, 8, 10, 5, 13, 11, 14], "R": [[0.3904706596824281, -0.8103715032734039, -0.4368417226062235], [0.8269482677931813, 0.10020670826507128, 0.5532767643887962], [-0.4045852522287808, -0.5772838489868587, 0.7092630903817647]], "T": [-0.03243544709943985, -0.0971507649782214, -0.0004423766730508611], "aligned_model": [[-0.15753616193418005, 0.09831067414738151, 0.5934511067329244, -0.20871008060068008, -0.2617850163417282, -0.6568404781895891, 0.38617161754214013, -0.2391790479118945, 0.631136047211089, 0.19044652005007917, -0.5473428583480229, 0.009520140103029248], [-0.3220520073003772, -0.7722376474924614, -0.26644547944685437, 0.5540430357897397, 0.3918248474820665, -0.5489463429669146, -0.2534473751547142, -0.37373298899862945, 0.09893770275149338, 0.4118600453639508, 0.2044672451803103, -0.07071599923055223], [-0.615812500752592, -0.17056437467559696, -0.48002906162784564, -0.03774760027401136, -0.6033011461027775, 0.033517186137459576, 0.6185339683032657, 0.5680130119808531, -0.008762006168591742, 0.3948606563833741, 0.44427560383584264, 0.038968008314182505]], "inverted": false, "swapped": true, "error_lsq": 0.04202879019144284, "error_max": 0.2459703345925092, "target": "903.xyz", "model": "0.xyz", "model_rescale": 3.751011558992144, "target_rescale": 4.020594185286584},
{"mapping": [6, 1, 0, 7, 12, 3, 10, 11, 2, 4, 8, 5, 9, 13, 14], "R": [[-0.6128418012667299, -0.7415985625439533, -0.2728671813408352], [-0.23652298459863907, 0.5016315564065383, -0.8321193780784739], [0.7539773235162328, -0.44541817840081055, -0.4828258919873726]], "T": [0.0004173139626289235, 0.00911179254833786, -0.010268393082885099], "aligned_model": [[0.028214838480000462, -0.41868735517499345, -0.15479284222261383, 0.2218752857735302, 0.7140596451028277, 0.3962458626432419, -0.09067535930885168, 0.524346988182602, -0.13063617605222178, -0.6606910120937269, -0.588193299572696, -0.03713338823724208, 0.39729351087596954, 0.4478724927939326, 0.053471640339870875], [0.4829972549216937, -0.03687834009424564, -0.5976163447309475, -0.06403925276063932, -0.06467847164886638, -0.6281866889383677, 0.7565032214599937, 0.5809836847904247, -0.7237701758176688, 0.44325383421475634, -0.14068976629576502, -0.07610900172322577, 0.2612973463960672, -0.3512642516984615, 0.0220106185708965], [-0.5919776086296543, -0.5651753523493894, -0.43839838893700256, -0.6309795296744967, -0.20325731554140536, -0.15371279017428036, 0.31463455395593365, -0.19786163459729547, 0.3495191903423958, -0.015785528796723024, 0.257155036596188, 0.6073183684200156, 0.4513389639733161, 0.4340458740419213, -0.0055069664831838856]], "inverted": true, "swapped": false, "error_lsq": 0.03854531136478249, "error_max": 0.3001990927508026, "target": "903.xyz", "model": "1.xyz", "model_rescale": 3.9405287249114394, "target_rescale": 4.020594185286584},
{"mapping": [11, 6, 12, 1, 0, 13, 10, 9, 3, 5, 2, 8, 14], "R": [[0.5902324031870059, -0.5817782781003059, 0.5596067774417453], [0.2923599581338423, -0.49211264598131055, -0.8199699985641251], [0.7524303058144786, 0.6475794768180325, -0.12037215664768089]], "T": [-0.024916952236675796, -0.021389993170597296, -0.059847693393937404], "aligned_model": [[-0.23205734258539423, 0.25223583192572674, -0.4073499716007849, 0.4984714078313377, 0.5025751653416431, -0.6985099405266691, -0.006625371405247285, 0.5780146816133421, 0.050836777022719645, -0.46935834545620925, -0.08252860095969418, -0.40659750813911455, -0.08312350377772425], [0.6908593762976846, 0.5576315404218918, 0.2867638458046281, -0.3823650590285875, -0.22700920934905688, 0.08176399211057585, 0.3228134713898381, 0.41866271707724523, -0.8102510562983752, -0.551697198779211, -0.7241566299503669, -0.1695345003836467, -0.034648695740602684], [0.0007397869698620718, -0.4706528114361142, -0.5238563026970614, 0.2524661995765762, -0.4125287831772981, -0.034067745441864354, 0.5089858192140281, 0.13503995668575652, -0.20937248259393992, -0.06949897028885285, 0.39005113148718557, 0.5844855889913132, -0.03867103770094649]], "inverted": true, "swapped": true, "error_lsq": 0.033070420255847964, "error_max": 0.23478216958388726, "target": "903.xyz", "model": "2.xyz", "model_rescale": 3.932901565614263, "target_rescale": 4.020594185286584},
{"mapping": [1, 8, 2, 9, 3, 4, 5, 0, 6, 7, 13, 11, 12, 14], "R": [[-0.13806927107013456, 0.6638289316098926, -0.7350292687667819], [0.7878852260906077, -0.3760801048497451, -0.4876480546914512], [-0.6001447716129114, -0.6464479130555478, -0.47109590192636275]], "T": [0.05849048743109565, -0.0015718671451868116, -0.01583686591985554], "aligned_model": [[-0.3572003978948902, 0.6261423904688999, 0.12999046562795114, -0.287022356715038, -0.2559734003958335, -0.15384384730814327, 0.3201930567508789, -0.5998184311031105, -0.2189491059070554, -0.2930914007883103, 0.6855873100447645, 0.4335299872185455, 0.2749577305234332, 0.1153079115306118], [0.04663429073619196, -0.01631913358609026, -0.41464347382168293, 0.6844727088420868, -0.6745857206520178, -0.6222043526292615, -0.6204950433284377, -0.09633010197975181, 0.4167810585282515, -0.25028963979422697, -0.183760914611866, 0.5187051014236943, -0.0968071772330461, -0.027660963543354938], [-0.5873747872929485, -0.5260780399452599, -0.739624542897224, -0.0873760393537188, -0.3297841277995497, 0.2699152427144594, -0.18104249133164155, 0.03477333037736487, 0.5576163133121127, 0.6694854785396249, 0.18060546740030187, 0.36170041432485495, 0.6170848991214561, -0.026004754112734778]], "inverted": true, "swapped": true, "error_lsq": 0.048189222673145966, "error_max": 0.36177616867766765, "target": "903.xyz", "model": "3.xyz", "model_rescale": 3.9243930471874484, "target_rescale": 4.020594185286584},
{"mapping": [8, 13, 2, 1, 3, 10, 9, 5, 4, 12, 0, 6, 14], "R": [[-0.11450406578987724, 0.3070296123368925, 0.9447865558240363], [-0.9753799766501279, -0.21518024263554555, -0.048284203724445696], [0.18847471996950538, -0.927054626398879, 0.3241095487714783]], "T": [-0.07810198103539734, -0.06883574736188429, -0.05033213619144852], "aligned_model": [[-0.04449798089051896, -0.36737256691396736, 0.579287693792135, 0.41569746274275265, 0.7001842646875833, -0.4037181523204421, -0.33010625121021836, 0.30505849609752916, 0.2720496665991955, -0.48125144424093724, 0.26853156778997883, -0.5548076910184518, -0.08184917880328615], [-0.4247981673615811, 0.21605685765823135, -0.33342362268158804, -0.5392647629161772, 0.13487918625753598, -0.6190768522049965, -0.5872747674973066, 0.22584396205622753, 0.5509934626570511, 0.47324627870190844, 0.013918873547100558, 0.07428678329081258, -0.05755767782563082], [-0.7248347286868111, -0.5982295682164255, -0.4946755530805754, 0.1410757842749488, -0.10662434293414294, -0.23361063342812768, 0.4623753527940233, -0.5455078111731302, 0.021294628375543162, -0.061967410928034414, 0.5135011749979648, 0.526823002771669, -0.11254957939593774]], "inverted": true, "swapped": true, "error_lsq": 0.037297886932953994, "error_max": 0.20106235293683808, "target": "903.xyz", "model": "4.xyz", "model_rescale": 3.8936222436046832, "target_rescale": 4.020594185286584},
{"mapping": [3, 1, 5, 4, 8, 10, 9, 11, 7, 0, 13, 14], "R": [[-0.7460845527107495, -0.6642100796175183, 0.04672055587095253], [-0.3649574129394846, 0.34923793253941093, -0.8630405281422862], [0.5569236275710696, -0.6609522196120441, -0.502969418993832]], "T": [-0.08192663406935385, -0.008100298421715672, 0.030822181172467468], "aligned_model": [[0.009502678482362664, -0.43331562801157403, -0.09730007107831652, 0.4654033491854501, -0.7242353987237977, -0.6253928539053493, -0.2620198280592593, -0.0864179140764659, 0.7247286220080412, 0.24059822980800488, -0.08164467490066638, -0.10235846851333252], [-0.42318937632666975, -0.6175432086225242, 0.16449474115696633, -0.0896930891831465, 0.3081572552303271, 0.15464430256652958, -0.35204153739791216, 0.48763559484575436, -0.0568275843382612, -0.5914466968233183, 0.6448718869828323, 0.03986061701922977], [-0.6545534860432826, -0.052144411565246095, -0.6391193395742343, -0.4227164889123558, -0.23415485777025005, 0.3780120928303181, 0.6974742678392251, 0.5858923577527081, 0.07631965166018437, 0.05523199298353718, -0.1657995619188776, -0.005157498006207947]], "inverted": true, "swapped": true, "error_lsq": 0.043645463418940565, "error_max": 0.19583359306410109, "target": "903.xyz", "model": "5.xyz", "model_rescale": 3.6523030999806103, "target_rescale": 4.020594185286584},
{"mapping": [3, 5, 8, 1, 10, 4, 13, 0, 12, 6, 11, 9, 14], "R": [[0.9172928386673835, 0.08467051998859217, 0.3891076344334502], [0.3106096966030508, 0.45932701944187543, -0.8321900657823333], [-0.24918961556552632, 0.8842225920295776, 0.3950379010155871]], "T": [0.08933189594189106, -0.04134439278486893, 0.02532759552621512], "aligned_model": [[0.11171734074230194, -0.18384024202656674, 0.28195377438057334, 0.7123485443176546, 0.4676181439150519, -0.3713299747334836, -0.38040125683010506, 0.2365902735525154, -0.5346437739094055, -0.05432234475610101, -0.08133078188739126, 0.6126999642430051, 0.06402323765624554], [-0.6089959785029504, -0.09332769450873893, 0.4941594849146387, -0.3293244872154669, 0.49605492338554, -0.549489230072722, 0.40157359581866425, -0.6664133552339747, 0.04449666653902287, -0.13621576268212007, 0.5004498825162224, -0.008901911390414984, -0.0032392294045166248], [0.5977510717166441, 0.6589850351989975, 0.5341739667192182, 0.20053051338615413, -0.07706215779217764, 0.2290535992170023, 0.24488916964045848, -0.1549913154791681, -0.21921988094883554, -0.7171030944682911, -0.4555157906669638, -0.5405235240545807, 0.06914214701333145]], "inverted": true, "swapped": true, "error_lsq": 0.043128963604573384, "error_max": 0.2046601630447076, "target": "903.xyz", "model": "6.xyz", "model_rescale": 4.08911054899281, "target_rescale": 4.020594185286584},
{"mapping": [7, 2, 0, 6, 4, 3, 12, 5, 9, 13, 1, 11, 10, 8, 14], "R": [[0.8042817989849287, -0.4971728944413105, 0.3254994636776174], [-0.42929498189877763, -0.8648574722255273, -0.26024482944373706], [0.41089731848491684, 0.06957489323399016, -0.9090229523468502]], "T": [0.060332805495655444, 0.03949552174357524, 0.004320615813273067], "aligned_model": [[-0.015682790391896996, -0.500991937140047, -0.18757985528947044, 0.10561959703984963, 0.7358483472253735, 0.39264912402535457, -0.03291572600056334, 0.5754705600759527, -0.05966043722474083, -0.5333280287518798, -0.5805038069622228, -0.15883192646546207, 0.43204002584563483, 0.5302327821400887, 0.0002049034036595357], [0.5240950225607601, -0.0012594723954120687, -0.7090357970309193, -0.12039248501762312, -0.04159269240512708, -0.6196941444116351, 0.6805723260072836, 0.5813618037183109, -0.6317288466464006, 0.46690536969453605, -0.3132277314558354, 0.10787770565803512, 0.3134398958702414, -0.29803689294061775, -0.07547039455995214], [-0.5945732959332453, -0.5730814166120969, -0.5084135848599839, -0.46634688705795674, -0.17994263095621862, -0.2811374104161944, 0.30151947250694716, -0.1423601799582729, 0.39112389512811124, 0.03228770552029412, 0.05780707803812859, 0.5445259102566514, 0.557550333675595, 0.3654505844838376, 0.10694729833074129]], "inverted": true, "swapped": false, "error_lsq": 0.04878928146641324, "error_max": 0.333628562888007, "target": "903.xyz", "model": "7.xyz", "model_rescale": 3.964800864290218, "target_rescale": 4.020594185286584},
{"mapping": [3, 1, 0, 5, 7, 8, 4, 9, 10, 11, 13, 12, 6, 14], "R": [[0.6414557531438664, -0.7671473411800336, -0.004412899165046008], [-0.7649592751855305, -0.6391696257590994, -0.07936936949857226], [0.05806740967413025, 0.05428762683502089, -0.9968355077475716]], "T": [0.026063873260140456, -0.08228144889660736, 0.06367799012700395], "aligned_model": [[-0.3582054418844268, 0.24699568582211875, 0.3477667069581343, -0.6409084861161366, 0.11457758509932471, -0.3808624146420342, -0.3094447951911304, 0.7695400517525687, 0.22910837640214915, 0.25991730395407614, -0.4696208813314723, -0.10691361538856259, 0.5888738838693445, -0.029636069843080464], [-0.06820173385428555, -0.5095685658619695, 0.16580851420947168, -0.10040203091223321, 0.7131546864165323, -0.689442685805543, 0.4337846354979332, -0.27942192798148396, -0.5882832227051072, -0.004857656974910876, -0.007885285632614134, 0.46793043763889475, 0.3762132956999133, -0.09787999355339583], [-0.6452203961483153, -0.4563154667950713, -0.4653492343677167, -0.1198064719086036, -0.0570851989059456, 0.2840378076303564, -0.30106102515377875, 0.12311655141165649, 0.4446206454664955, 0.7659566227193398, 0.5260573789694276, 0.4325975744679077, 0.2957726007448623, 0.08949365059440652]], "inverted": true, "swapped": true, "error_lsq": 0.03766260047811594, "error_max": 0.21068300842203508, "target": "903.xyz", "model": "8.xyz", "model_rescale": 4.121658175737393, "target_rescale": 4.020594185286584},
{"mapping": [1, 10, 8, 2, 9, 0, 11, 7, 13, 6, 3, 5, 14], "R": [[0.6173483861470416, -0.516210048440615, 0.5936397527209419], [0.286337678271288, -0.5554000550774517, -0.7807313960781723], [0.7327289431459983, 0.6519646959068424, -0.19506494089724802]], "T": [-0.01710373746667126, -0.05513971722658226, -0.0053932400391696125], "aligned_model": [[-0.576084488641558, -0.05078423668887533, 0.31778966586118845, -0.022825922371691395, -0.6066307179438484, -0.5329792226340725, 0.22304644851725847, -0.006824348678819234, 0.6582778748186805, -0.2390054322904938, -0.12505011638621705, 0.39882259903231787, 0.03898539384132761], [0.2916150820730087, -0.37081557940696064, 0.146039025955922, 0.6714493600006226, -0.517469226095624, 0.10305799308784747, -0.7509187762175277, -0.17449978672727284, -0.11951295412930366, -0.6684887129871363, 0.7198247407777814, 0.49774607685383154, -0.03763980377347889], [-0.26822392764417863, -0.589855853060271, -0.6612634575820415, -0.4196933364943598, -0.18941362903311101, 0.38672551176243974, -0.11537750091397295, 0.7950969712350219, -0.0743035326430175, 0.38881875163060564, 0.1899928779663316, 0.007630307236388571, -0.029057748500746255]], "inverted": false, "swapped": true, "error_lsq": 0.045260133233079015, "error_max": 0.29890279910479367, "target": "903.xyz", "model": "9.xyz", "model_rescale": 3.833441315466971, "target_rescale": 4.020594185286584},
{"mapping": [7, 11, 8, 9, 3, 2, 6, 4, 13, 12, 0, 1, 4, 5, 14], "R": [[-0.9381676518675254, 0.3443066173502298, -0.035977913199858436], [0.1601838671917611, 0.339622357496678, -0.926821332825206], [-0.30689181429433143, -0.8752768747871964, -0.37377507512124536]], "T": [-0.09822761481621732, 0.0015924353957734467, -0.037269841395466005], "aligned_model": [[0.047488130065659925, -0.4958513594117078, -0.27920263893546826, 0.3003552651285648, 0.6959507549777016, 0.41190781643934515, -0.012161505784751933, 0.5375865267457995, 0.013796345097561252, -0.5618785314457091, -0.42446648129136383, -0.31343655666855164, 0.5375865267457995, 0.2736232965349947, -0.028726756668244716], [0.27896330724029383, 0.1690831271514321, -0.4870120295692457, -0.35688205749776203, 0.10355824454190504, -0.5005558419963131, 0.6188464492517094, 0.3964029009737998, -0.7200902608064675, 0.36974341162723695, -0.3351724503248323, 0.1877355140974581, 0.3964029009737998, -0.2394246447951302, -0.01778490422223939], [-0.6252717954122418, -0.5656440524927164, -0.6169879451648965, -0.6459880457333688, -0.37373015178033153, -0.10253242039366618, 0.23258136816238567, 0.23800757095443376, 0.2825914720235766, 0.07459053371218906, 0.45667405769659214, 0.6443787473304862, 0.23800757095443376, 0.473683060788811, -0.0990030984993489]], "inverted": false, "swapped": false, "error_lsq": 0.05199960627071866, "error_max": 0.34952007188719897, "target": "903.xyz", "model": "10.xyz", "model_rescale": 4.2482417240324, "target_rescale": 4.020594185286584},
{"mapping": [8, 13, 4, 12, 1, 0, 3, 6, 11, 9, 10, 14], "R": [[-0.5733800808482865, -0.7933352885837461, -0.20458348607391735], [0.5291284813336854, -0.5492256867343035, 0.6468185180348043], [-0.6255064612998975, 0.2626219048727218, 0.7346913651004093]], "T": [-0.038211564325080105, 0.044834325088273244, 0.0045568585487830784], "aligned_model": [[-0.692501812098201, -0.02747271631108092, 0.3305791081545305, 0.5059737327530887, -0.4621658725977083, 0.21070171710824237, -0.20798598684831499, 0.56847218866482, 0.18238093816124384, -0.0405577726629979, -0.42727186905204606, -0.06338605290856913], [-0.34167175964949553, -0.6363669964597943, -0.028817459398384995, -0.35128251153098045, 0.5919687901505397, 0.6032101705683085, 0.20855260491934657, 0.2737829563511461, -0.23823374688966403, 0.5907508638036673, 0.006601971176372998, -0.012363492990422442], [-0.06830972288887938, -0.0251466923120413, 0.61323877373127, -0.05436348151505321, 0.1551721399991291, 0.27133343317712894, 0.7757708608251651, -0.3958901357505412, -0.6474313030555, -0.540533745947889, -0.5335440041254479, 0.014896167717015508]], "inverted": true, "swapped": true, "error_lsq": 0.044574567664959146, "error_max": 0.23175282600117217, "target": "903.xyz", "model": "11.xyz", "model_rescale": 3.6694154284099745, "target_rescale": 4.020594185286584},
{"mapping": [9, 6, 12, 7, 0, 10, 1, 8, 4, 5, 13, 3, 11, 14], "R": [[0.31437339719169877, 0.31467271720027407, -0.8956285213122388], [0.8917358940003588, 0.2256494925200624, 0.3922873970405113], [0.32554026247076084, -0.9219888218277027, -0.20966675925199363]], "T": [0.019193141664675763, -0.010297530907498381, -0.007701911284943505], "aligned_model": [[-0.0824094336920759, -0.0061930296282055805, -0.1241042288693111, 0.42917561156897965, 0.6136383636993827, -0.5145918050178084, 0.3514019141916145, -0.424863714957596, 0.5369269891651655, 0.1589049119712194, -0.4001314537133584, 0.668607789730606, -0.5955566106865928, -0.0125404535062092], [-0.455196883613907, 0.2352305858206226, 0.634969420174969, 0.5971468340219497, -0.09833019951111807, -0.4002663138084964, -0.6344922267966349, -0.29726108273047547, 0.4462112940603542, 0.17906422466434152, 0.40157459800388184, -0.07742381787229694, 0.19286967610106928, 0.006891179621994127], [-0.6297112534088406, -0.7287511005539191, -0.14775267965598599, -0.35130457171918367, -0.29717777300490716, -0.08105142436122727, 0.03468504954354071, 0.542986429405716, 0.18064929050326745, 0.6430436443953096, 0.33807416857932154, 0.465745808613276, -0.3746937046250811, 0.044353575941128855]], "inverted": false, "swapped": true, "error_lsq": 0.03869841380522978, "error_max": 0.23013063218158364, "target": "903.xyz", "model": "12.xyz", "model_rescale": 3.9764082729961374, "target_rescale": 4.020594185286584},
{"mapping": [12, 13, 11, 10, 1, 8, 5, 9, 3, 6, 14, 4, 0, 7, 15], "R": [[0.5613577067746776, 0.543392952520857, 0.6241807624361239], [-0.8263752070514832, 0.327490069051063, 0.45809853944708057], [0.04451451690509001, -0.7729646523765468, 0.6328855378037254]], "T": [0.07388504429100888, 0.0429532542620754, -0.032785393320749145], "aligned_model": [[0.12563093868781433, -0.3943021776106364, -0.20877630102955974, 0.2847896098380343, 0.591840972498071, 0.3550237495878945, -0.010416505549998414, 0.4315957253926462, -0.10286400107105283, -0.62867287356688, -0.627422912418887, -0.0626809061636316, 0.5557385895014662, 0.36421208996997373, 0.02887483346437554], [0.37622651578090605, 0.1215946575368032, -0.5768822457509828, -0.27488782692415503, 0.041523439027862576, -0.5881937842270636, 0.8165708157049746, 0.5261836027942346, -0.7313438472748965, 0.2705004189980735, -0.3399513906807682, 0.2040355905627636, 0.2799997727065166, -0.2570301285428605, -0.004531923065762944], [-0.574509336411641, -0.41891594265076537, -0.440769725782841, -0.7403468466942733, -0.40026626401275167, -0.18200764648336928, 0.2790367084556715, -0.02725137119278137, 0.24590300046100777, 0.16290176919899307, -0.05173855431449503, 0.653702730311088, 0.45581878447938395, 0.5970986241866183, 0.05270094259649363]], "inverted": true, "swapped": false, "error_lsq": 0.04475232910449048, "error_max": 0.4296023512314031, "target": "903.xyz", "model": "13.xyz", "model_rescale": 4.170626492500431, "target_rescale": 4.020594185286584},
{"mapping": [12, 6, 13, 10, 5, 2, 8, 7, 4, 9, 0, 1, 3, 14], "R": [[0.8284127958650296, 0.45774719340486314, -0.32279985529280475], [0.22744244636173253, -0.8015619092601328, -0.5529633253808439], [-0.5118614785662965, 0.38466350561656015, -0.768135283792317]], "T": [-0.07513648638257155, -0.05012079091894535, 0.0510583056385353], "aligned_model": [[0.29894882152292956, 0.14395875711517986, -0.10060320781315242, -0.718126291435453, 0.10212917868542785, -0.30608082351323995, -0.6350450355427181, 0.6728709577583775, 0.5945845307517338, -0.41121152450857573, 0.29869324947723186, -0.29485204038316065, 0.28717401018976874, -0.08925756021270599], [-0.3511099049862954, -0.7758393946770382, 0.0589178025814797, -0.2101165775978326, 0.5614506699177292, 0.7358307113372254, 0.37775945224279645, -0.3588187596767069, 0.19869080931545868, -0.573186636858845, -0.1149168686034663, 0.2154458234478469, 0.6070602840030215, -0.015092942519708073], [-0.4243189423495606, 0.12960911453622476, -0.6216191025567075, -0.006800408948788091, -0.21987390682638075, 0.2200374455265489, -0.24256242702517028, 0.03296140078111864, 0.01244009576755297, 0.5077965551938914, 0.5996601140237914, 0.669910299278562, 0.3464262217008784, 0.00020664201890508577]], "inverted": false, "swapped": true, "error_lsq": 0.044142910395498135, "error_max": 0.28925234281458484, "target": "903.xyz", "model": "14.xyz", "model_rescale": 3.9786697098870705, "target_rescale": 4.020594185286584},
{"mapping": [1, 9, 3, 2, 0, 4, 11, 12, 5, 8, 6, 14], "R": [[0.6013814021870296, -0.6384987049228007, -0.4802705621995468], [0.6584556656918455, 0.7365471779087935, -0.15470743690237043], [0.45252242532483533, -0.22319869741219056, 0.8633688644210137]], "T": [-0.0312245393509114, -0.021217881497682875, 0.037600825899123905], "aligned_model": [[0.018046230023061972, -0.7149677461705014, 0.645812177211103, 0.5727117307758476, -0.056750130727262614, 0.44508919186839907, -0.5718069205273247, -0.08363031547282246, 0.641818652150986, 0.2119994110695208, -0.6300498094142024, 0.005082125980531739], [-0.2801140392277143, -0.11915633008485238, 0.10254310520205294, -0.504659957418009, 0.38613592509716765, 0.5124776836517725, -0.07675345432116112, 0.4035591427448588, -0.09070619401512668, -0.7144215424398187, 0.4459060453425597, -0.05013589430729036], [-0.6199123010924106, -0.3059940321292096, -0.3827592216781092, -0.2804459337510451, -0.48996193595718346, 0.02279905141108464, 0.5460923575015938, 0.5604161915754292, 0.18262243901060887, 0.24521348196575793, 0.10119312141827085, 0.08070327559904288]], "inverted": false, "swapped": true, "error_lsq": 0.05042406012452285, "error_max": 0.30723180070961265, "target": "903.xyz", "model": "15.xyz", "model_rescale": 3.769337070930944, "target_rescale": 4.020594185286584},
{"mapping": [9, 1, 11, 10, 6, 0, 12, 3, 13, 8, 14], "R": [[0.8913850926910947, 0.4358760629863523, -0.12427660376597849], [0.12360095193734033, 0.03003401393878003, 0.9918773929709803], [0.4360681382631295, -0.8995054284006532, -0.027102824013108158]], "T": [0.05163441083872826, 0.0019386316302360679, 0.04109433784835223], "aligned_model": [[-0.32452661103748465, -0.3034812432808001, -0.07038028029921184, -0.553614100091459, 0.3073039584752479, 0.3163596874679642, 0.5327845126629386, 0.2977441159823251, 0.14814969156860114, -0.4726285555745426, 0.04491495481759219], [-0.016321407805270513, -0.6013185781603715, 0.6928957749148383, 0.26731405073611375, 0.2884311076055296, -0.48540709232580886, 0.4762514334037529, -0.6700920060593369, 0.49506728886688395, 0.12212101361965395, 0.027122912829357238], [-0.6321987600131703, -0.06731208448525566, -0.2070342370661726, -0.03395430612212033, -0.6172335369703427, -0.32948064851097414, 0.03479053971977469, 0.4128508469262385, 0.5021168885623684, 0.5828477482369258, 0.09882515694650544]], "inverted": false, "swapped": true, "error_lsq": 0.03353717931221553, "error_max": 0.14565121654984078, "target": "903.xyz", "model": "16.xyz", "model_rescale": 3.7852294659196426, "target_rescale": 4.020594185286584},
{"mapping": [13, 6, 9, 11, 12, 7, 3, 0, 10, 8, 5, 1, 14], "R": [[0.8732977289159736, 0.48718684808684604, -0.00022742340880202438], [-0.34903959162023807, 0.6259899653562535, 0.6973578183076846], [0.33988592226183756, -0.608921619196166, 0.716723113568789]], "T": [0.016768337045435445, 0.10684589845676085, 0.014556251080950315], "aligned_model": [[-0.11272991573944598, -0.3093976624826093, 0.3530629522180723, 0.03888359408920671, -0.5183602826658118, -0.7551359749678851, -0.1235223736160609, -0.20717541644773108, 0.5796882860007415, 0.5526163881287784, -0.10403256396750409, 0.4362099287308958, 0.023658890935636508], [0.12829037202986904, -0.5357379581514947, -0.4222886299459614, -0.5516835243993334, -0.15420140314026848, -0.023367585359626408, 0.8590150793938568, 0.19308093651787128, -0.20097255195891778, 0.35888867346118297, 0.7069748227277874, 0.38547261901931706, 0.1315847735085915], [-0.6546247418858839, 0.26263320511084015, 0.46408569583960624, -0.3314597355978814, -0.3048329456326866, 0.22033587130244525, 0.2694250540985211, 0.6369097364426638, -0.16080367781525362, -0.46724612155641637, -0.3080882096506745, 0.512767293834104, -0.04334672734621029]], "inverted": true, "swapped": true, "error_lsq": 0.04670707400567117, "error_max": 0.26767985907721875, "target": "903.xyz", "model": "17.xyz", "model_rescale": 3.901054581598922, "target_rescale": 4.020594185286584},
{"mapping": [6, 1, 0, 7, 12, 3, 10, 11, 2, 4, 8, 5, 9, 13, 14], "R": [[-0.6128418012667299, -0.7415985625439533, -0.2728671813408352], [-0.23652298459863907, 0.5016315564065383, -0.8321193780784739], [0.7539773235162328, -0.44541817840081055, -0.4828258919873726]], "T": [0.0004173139626289235, 0.00911179254833786, -0.010268393082885099], "aligned_model": [[0.028214838480000462, -0.41868735517499345, -0.15479284222261383, 0.2218752857735302, 0.7140596451028277, 0.3962458626432419, -0.09067535930885168, 0.524346988182602, -0.13063617605222178, -0.6606910120937269, -0.588193299572696, -0.03713338823724208, 0.39729351087596954, 0.4478724927939326, 0.053471640339870875], [0.4829972549216937, -0.03687834009424564, -0.5976163447309475, -0.06403925276063932, -0.06467847164886638, -0.6281866889383677, 0.7565032214599937, 0.5809836847904247, -0.7237701758176688, 0.44325383421475634, -0.14068976629576502, -0.07610900172322577, 0.2612973463960672, -0.3512642516984615, 0.0220106185708965], [-0.5919776086296543, -0.5651753523493894, -0.43839838893700256, -0.6309795296744967, -0.20325731554140536, -0.15371279017428036, 0.31463455395593365, -0.19786163459729547, 0.3495191903423958, -0.015785528796723024, 0.257155036596188, 0.6073183684200156, 0.4513389639733161, 0.4340458740419213, -0.0055069664831838856]], "inverted": true, "swapped": false, "error_lsq": 0.03854531136478249, "error_max": 0.3001990927508026, "target": "903.xyz", "model": "18.xyz", "model_rescale": 3.9405287249114394, "target_rescale": 4.020594185286584},
{"mapping": [13, 11, 10, 14, 12, 3, 7, 4, 2, 9, 5, 8, 0, 1, 15], "R": [[-0.6358587710840096, -0.7158012885314823, 0.28863842185718], [-0.7285324669077194, 0.6801196406223893, 0.0817173121255545], [-0.25480201705812, -0.1583217918555188, -0.9539445174258154]], "T": [0.1200722723807853, 0.040358821102788094, -0.028945546778218104], "aligned_model": [[-0.030670455266515156, -0.4590741406771437, -0.1368316297031896, 0.17476404284121563, 0.6155241770206402, 0.5926981262954435, -0.09453878058358797, 0.5565842416638217, -0.2519965013500999, -0.5507757451408448, -0.5864790939803429, -0.15922352366556017, 0.43667233840136455, 0.494452891001557, 0.10146488467287196], [0.39333783436887226, -0.06943483863791305, -0.6155325335739958, -0.1774743232435729, 0.07237155836009715, -0.6110615687915344, 0.6956530430222679, 0.5876311285143787, -0.692703595135552, 0.4122529819078295, -0.143280487044467, 0.24638568019418808, 0.15183645869362664, -0.39136486519678043, 0.005197193208200744], [-0.5803186433535956, -0.4433704331239758, -0.37781651562029167, -0.770090939764147, -0.26055223288945195, -0.3077014843209623, 0.11303025258846768, 0.18227791505573038, 0.25302892817696115, -0.05478190687301342, 0.36895445819198563, 0.6432292423798757, 0.5710639468707422, 0.3011653967975421, -0.026761111969528763]], "inverted": false, "swapped": false, "error_lsq": 0.03896264258802965, "error_max": 0.23919177889028517, "target": "903.xyz", "model": "19.xyz", "model_rescale": 4.410303926677745, "target_rescale": 4.020594185286584},
{"mapping": [3, 1, 0, 5, 7, 8, 4, 9, 10, 11, 13, 12, 6, 14], "R": [[0.6414557531438664, -0.7671473411800336, -0.004412899165046008], [-0.7649592751855305, -0.6391696257590994, -0.07936936949857226], [0.05806740967413025, 0.05428762683502089, -0.9968355077475716]], "T": [0.026063873260140456, -0.08228144889660736, 0.06367799012700395], "aligned_model": [[-0.3582054418844268, 0.24699568582211875, 0.3477667069581343, -0.6409084861161366, 0.11457758509932471, -0.3808624146420342, -0.3094447951911304, 0.7695400517525687, 0.22910837640214915, 0.25991730395407614, -0.4696208813314723, -0.10691361538856259, 0.5888738838693445, -0.029636069843080464], [-0.06820173385428555, -0.5095685658619695, 0.16580851420947168, -0.10040203091223321, 0.7131546864165323, -0.689442685805543, 0.4337846354979332, -0.27942192798148396, -0.5882832227051072, -0.004857656974910876, -0.007885285632614134, 0.46793043763889475, 0.3762132956999133, -0.09787999355339583], [-0.6452203961483153, -0.4563154667950713, -0.4653492343677167, -0.1198064719086036, -0.0570851989059456, 0.2840378076303564, -0.30106102515377875, 0.12311655141165649, 0.4446206454664955, 0.7659566227193398, 0.5260573789694276, 0.4325975744679077, 0.2957726007448623, 0.08949365059440652]], "inverted": true, "swapped": true, "error_lsq": 0.03766260047811594, "error_max": 0.21068300842203508, "target": "903.xyz", "model": "20.xyz", "model_rescale": 4.121658175737393, "target_rescale": 4.020594185286584},
{"mapping": [3, 5, 8, 1, 10, 4, 13, 0, 12, 6, 11, 9, 14], "R": [[0.9172928386673835, 0.08467051998859217, 0.3891076344334502], [0.3106096966030508, 0.45932701944187543, -0.8321900657823333], [-0.24918961556552632, 0.8842225920295776, 0.3950379010155871]], "T": [0.08933189594189106, -0.04134439278486893, 0.02532759552621512], "aligned_model": [[0.11171734074230194, -0.18384024202656674, 0.28195377438057334, 0.7123485443176546, 0.4676181439150519, -0.3713299747334836, -0.38040125683010506, 0.2365902735525154, -0.5346437739094055, -0.05432234475610101, -0.08133078188739126, 0.6126999642430051, 0.06402323765624554], [-0.6089959785029504, -0.09332769450873893, 0.4941594849146387, -0.3293244872154669, 0.49605492338554, -0.549489230072722, 0.40157359581866425, -0.6664133552339747, 0.04449666653902287, -0.13621576268212007, 0.5004498825162224, -0.008901911390414984, -0.0032392294045166248], [0.5977510717166441, 0.6589850351989975, 0.5341739667192182, 0.20053051338615413, -0.07706215779217764, 0.2290535992170023, 0.24488916964045848, -0.1549913154791681, -0.21921988094883554, -0.7171030944682911, -0.4555157906669638, -0.5405235240545807, 0.06914214701333145]], "inverted": true, "swapped": true, "error_lsq": 0.043128963604573384, "error_max": 0.2046601630447076, "target": "903.xyz", "model": "21.xyz", "model_rescale": 4.08911054899281, "target_rescale": 4.020594185286584},
{"mapping": [0, 4, 3, 13, 7, 12, 8, 6, 14, 1, 15, 11, 5, 9, 16], "R": [[0.4421934613324512, 0.6086419030751211, -0.6588019251458826], [-0.7865406635512244, -0.0898736261946742, -0.6109635962109528], [-0.43106696386434684, 0.7883386107097097, 0.4389800764602638]], "T": [0.038136123288468576, 0.0033324864522689557, 0.003810148770840467], "aligned_model": [[-0.012372212641531571, -0.29684025758213195, -0.22490375581984298, 0.2064261623801564, 0.5924222291072424, 0.4965190130291557, 0.030566761858402097, 0.42903794117404703, -0.05403797481798561, -0.5524953209719349, -0.5279043760408025, -0.25049381448196517, 0.4312308455028747, 0.3956780321981137, 0.03973755863583252], [0.49108531376191816, -0.05558668499735238, -0.6780895645675497, -0.30621200691357303, 0.08849201923891774, -0.5576255545855524, 0.6154094870667607, 0.6222701401046316, -0.6269436292104059, 0.528766972941875, -0.2540949859811805, 0.2537775114047145, 0.1310349844305047, -0.39731202765198387, 0.008841691603920105], [-0.5958776747109277, -0.6049685806229217, -0.4660332652269578, -0.5552879064910613, -0.4335809289630939, -0.1382486722226917, 0.32948862234006765, -0.1364612959940403, 0.08177513841680886, 0.07502446421593595, 0.38438375196707963, 0.6670318905417598, 0.5755598014383917, 0.4719931987138439, -0.04344167125585501]], "inverted": false, "swapped": false, "error_lsq": 0.035583448551141275, "error_max": 0.20322924241790535, "target": "903.xyz", "model": "22.xyz", "model_rescale": 4.204369325754507, "target_rescale": 4.020594185286584},
{"mapping": [13, 11, 10, 14, 12, 3, 7, 4, 2, 9, 5, 8, 0, 1, 15], "R": [[-0.6358587710840096, -0.7158012885314823, 0.28863842185718], [-0.7285324669077194, 0.6801196406223893, 0.0817173121255545], [-0.25480201705812, -0.1583217918555188, -0.9539445174258154]], "T": [0.1200722723807853, 0.040358821102788094, -0.028945546778218104], "aligned_model": [[-0.030670455266515156, -0.4590741406771437, -0.1368316297031896, 0.17476404284121563, 0.6155241770206402, 0.5926981262954435, -0.09453878058358797, 0.5565842416638217, -0.2519965013500999, -0.5507757451408448, -0.5864790939803429, -0.15922352366556017, 0.43667233840136455, 0.494452891001557, 0.10146488467287196], [0.39333783436887226, -0.06943483863791305, -0.6155325335739958, -0.1774743232435729, 0.07237155836009715, -0.6110615687915344, 0.6956530430222679, 0.5876311285143787, -0.692703595135552, 0.4122529819078295, -0.143280487044467, 0.24638568019418808, 0.15183645869362664, -0.39136486519678043, 0.005197193208200744], [-0.5803186433535956, -0.4433704331239758, -0.37781651562029167, -0.770090939764147, -0.26055223288945195, -0.3077014843209623, 0.11303025258846768, 0.18227791505573038, 0.25302892817696115, -0.05478190687301342, 0.36895445819198563, 0.6432292423798757, 0.5710639468707422, 0.3011653967975421, -0.026761111969528763]], "inverted": false, "swapped": false, "error_lsq": 0.03896264258802965, "error_max": 0.23919177889028517, "target": "903.xyz", "model": "23.xyz", "model_rescale": 4.410303926677745, "target_rescale": 4.020594185286584},
{"mapping": [11, 10, 8, 9, 14, 15, 7, 13, 4, 1, 3, 0, 12, 5, 16], "R": [[-0.39343314070560753, 0.6975461529994227, 0.5988653673658443], [0.5239526624889719, 0.7053830056861563, -0.4773975521092265], [-0.7554362787589958, 0.12595308541226846, -0.6430022154004531]], "T": [0.1111184996234273, 0.019447035601751893, -0.04612560414873347], "aligned_model": [[-0.014266404588521589, -0.3839216923824735, -0.10658396300626809, 0.15297931554399896, 0.6110332069704436, 0.6040108602152505, 0.010354521579519507, 0.6301154940907429, -0.19126576512553328, -0.6160609765768932, -0.6785077753233171, -0.13062556654172652, 0.4561840854515953, 0.3566078923754554, 0.002517598847357208], [0.39767629763094525, -0.18519165038290064, -0.6996509038119468, -0.2111913245609921, 0.1700537929808582, -0.42773439220895326, 0.6469044221709864, 0.48002261238283384, -0.5699034914231483, 0.4737328073675545, -0.18798464813301477, 0.18110914741031137, 0.17685284435474455, -0.39569814239970824, 0.014816295268074556], [-0.5380023547188076, -0.41604743747687134, -0.37960792534491417, -0.627050386319617, -0.4768840979994452, -0.3038077384268947, 0.14900190659942036, 0.06656371049912449, 0.14126192403511695, -0.01192331570901807, 0.3316487029854988, 0.6508758156243557, 0.6626261067004025, 0.35759641984340507, 0.005105541854582632]], "inverted": false, "swapped": false, "error_lsq": 0.03926526339441261, "error_max": 0.25884707761684816, "target": "903.xyz", "model": "24.xyz", "model_rescale": 4.28219845311461, "target_rescale": 4.020594185286584},
{"mapping": [11, 9, 3, 5, 8, 1, 14, 10, 4, 12, 13, 2, 6, 0, 15], "R": [[-0.924945453070409, 0.1353625839070051, -0.3551800666174768], [-0.25402341391814975, 0.47497851257989576, 0.84253635990903], [0.2827507984528861, 0.8695242282221981, -0.4049439498360811]], "T": [-0.064304561605928, -0.056661428902686876, -0.035244468360497896], "aligned_model": [[-0.08394691957756277, -0.4493191684634401, -0.07902123796775178, 0.3367937966041927, 0.5873616336221216, 0.37645730821097956, -0.03433293254706822, 0.40781217980751083, -0.160942041182997, -0.5621521951006656, -0.5876072504038844, -0.0842097126489814, 0.6596418331067284, 0.4028403705246948, -0.026804832454246183], [0.3926414528433163, -0.10654458510819964, -0.748354201066705, -0.04981809754935309, 0.06631259055720895, -0.47464683609908753, 0.6291915700795708, 0.576054877346401, -0.6962022390978144, 0.5130595240874034, 0.031879809682986156, 0.043269673226284396, 0.2024268530772883, -0.4229962285213533, -0.09246049681230173], [-0.3421942516747165, -0.5885518938593806, -0.3836549636569825, -0.786479422799704, -0.24056036512375129, -0.23746853303390397, 0.2946827813980367, -0.1157471211835251, 0.3057794643211592, -0.14472355211980314, 0.2316472735566113, 0.6418061827559175, 0.43483213676278765, 0.524334479607377, 0.01765465719621541]], "inverted": false, "swapped": false, "error_lsq": 0.040058170496307145, "error_max": 0.25031694657950226, "target": "903.xyz", "model": "25.xyz", "model_rescale": 4.100010024507729, "target_rescale": 4.020594185286584},
{"mapping": [8, 13, 4, 12, 1, 0, 3, 6, 11, 9, 10, 14], "R": [[-0.5733800808482865, -0.7933352885837461, -0.20458348607391735], [0.5291284813336854, -0.5492256867343035, 0.6468185180348043], [-0.6255064612998975, 0.2626219048727218, 0.7346913651004093]], "T": [-0.038211564325080105, 0.044834325088273244, 0.0045568585487830784], "aligned_model": [[-0.692501812098201, -0.02747271631108092, 0.3305791081545305, 0.5059737327530887, -0.4621658725977083, 0.21070171710824237, -0.20798598684831499, 0.56847218866482, 0.18238093816124384, -0.0405577726629979, -0.42727186905204606, -0.06338605290856913], [-0.34167175964949553, -0.6363669964597943, -0.028817459398384995, -0.35128251153098045, 0.5919687901505397, 0.6032101705683085, 0.20855260491934657, 0.2737829563511461, -0.23823374688966403, 0.5907508638036673, 0.006601971176372998, -0.012363492990422442], [-0.06830972288887938, -0.0251466923120413, 0.61323877373127, -0.05436348151505321, 0.1551721399991291, 0.27133343317712894, 0.7757708608251651, -0.3958901357505412, -0.6474313030555, -0.540533745947889, -0.5335440041254479, 0.014896167717015508]], "inverted": true, "swapped": true, "error_lsq": 0.044574567664959146, "error_max": 0.23175282600117217, "target": "903.xyz", "model": "26.xyz", "model_rescale": 3.6694154284099745, "target_rescale": 4.020594185286584},
