[{"mapping": [3, 9, 1, 4, 6, 10, 2, 7, 5, 0, 8, 11], "R": [[0.13748490555423815, 0.5464682634829194, -0.8261176294878986], [0.9873955087944097, -0.1416366385884767, 0.07063406983875584], [-0.07840924663183041, -0.825415955512928, -0.5590532089410712]], "T": [0.07183382650573175, -0.014730450810932496, -0.05343024137726888], "aligned_model": [[0.4576704907279827, -0.08326634911743058, -0.2440137389195244, 0.8471014146171262, -0.45252445304313715, -0.20698733093410251, 0.4413936490622201, -0.852909888278409, -0.3172442372007427, 0.2578505723745299, 0.2552060606119011, 0.06989233692929468], [-0.23577230067398622, 0.10641018526908208, 0.2859379425580539, -0.23534912693235865, 0.46531928089771, -0.5608658470310443, 0.43435776069842824, -0.1784906081241178, -0.5421822263138943, -0.2477344214035145, 0.5680722825786466, -0.04987615903778022], [-0.5790756389010089, -0.6284305076726497, 0.5048881195628008, -0.0020879263349272217, -0.19398321078726488, -0.34627190016965675, 0.5037910444883767, 0.06754489123270546, 0.4555876535842957, 0.48869365031721773, -0.22611228561973626, 0.0065136131831463814]], "inverted": false, "swapped": false, "error_lsq": 0.07950633627355966, "error_max": 0.40726393651116427, "target": "904.xyz", "model": "0.xyz", "model_rescale": 3.751011558992144, "target_rescale": 3.793373922784278},
{"mapping": [5, 9, 6, 13, 11, 8, 7, 4, 1, 0, 12, 14], "R": [[0.0227553481892252, 0.8839388883068859, -0.46704842989520295], [0.8493161821837576, 0.2293537733588472, 0.47545648520854694], [0.527393796711332, -0.4074909672432578, -0.745524576929266]], "T": [0.02461368907235907, -0.08557004748383314, -0.040026773013711915], "aligned_model": [[0.16800358877678373, 0.10099029389132337, -0.43994022619475626, 0.6321793437905787, -0.19248750385070762, -0.13019754155107294, 0.11135643777756585, -0.6934529778690324, -0.24836096699228594, 0.37737430047580994, 0.4432767913976364, 0.04342698717786528], [-0.3480193086879526, 0.21894292660953468, 0.3449347834046406, -0.029157612511020697, 0.6774583683875947, -0.7230832657913159, 0.2524555804392723, -0.41716288167768584, -0.28024458908742533, -0.37287279848197985, 0.5238832211477518, -0.03730766126618937], [-0.588338517326915, -0.6193609461637462, 0.36318656463996907, -0.433960537354671, -0.12596685406322541, -0.1401698281696609, 0.5237918096984048, -0.04067796329112048, 0.5709332988679588, 0.5670330253675068, 0.03251993044594024, -0.05793247976714212]], "inverted": false, "swapped": false, "error_lsq": 0.04511140722568321, "error_max": 0.21905519924373104, "target": "904.xyz", "model": "1.xyz", "model_rescale": 3.9405287249114394, "target_rescale": 3.793373922784278},
{"mapping": [11, 6, 1, 10, 7, 5, 4, 0, 2, 8, 3, 12], "R": [[-0.12805480198958052, 0.9727478251708472, -0.19329675711919234], [-0.9763791259712966, -0.15785018984889665, -0.14753684262649194], [-0.17402807260593414, 0.1698381176004197, 0.9699841461359097]], "T": [0.022338175222263744, -0.015837302062010047, 0.013060405815388913], "aligned_model": [[0.1438439514315643, -0.18420255169198813, -0.5880421550793247, 0.8215192687357521, -0.08832021901099285, -0.1917795570456663, 0.2104311987774786, -0.7301854046682232, -0.30573307192714455, 0.683986769290152, 0.4015422233626577, -0.0008919253445564927], [-0.4194860966301022, 0.15155620552771126, 0.23043339346248326, -0.09933628427205747, 0.7564713007706597, -0.7049930562164988, 0.3789109659334787, -0.23840458519370256, -0.45450663081213355, -0.1284810159278072, 0.38970186843047666, -0.05203930258728342], [-0.5613247315521129, -0.4609396312436455, 0.4535293936738667, -0.24350268399458624, -0.1290803516488509, -0.07234582124649427, 0.5612305812967164, -0.2820701660745146, 0.41816299076068236, 0.4006456245793009, -0.12310842189159643, 0.08986072022453362]], "inverted": true, "swapped": false, "error_lsq": 0.04458560670151751, "error_max": 0.28052487673082027, "target": "904.xyz", "model": "2.xyz", "model_rescale": 3.932901565614263, "target_rescale": 3.793373922784278},
{"mapping": [0, 3, 9, 1, 8, 4, 12, 7, 5, 6, 10, 13], "R": [[0.8966164451040866, -0.03060093982134579, -0.44174940051001915], [0.34524377035558385, 0.6730045226407798, 0.6541189888206251], [0.2772826886041965, -0.7390050710158265, 0.6139917064694944]], "T": [0.04587664055443163, 0.04867884708653915, -0.10890961523664898], "aligned_model": [[0.1398739556838132, -0.06527341644303214, -0.4751979555346427, 0.7144578221552603, -0.40632712404595084, -0.11173810443156418, 0.14177416685711905, -0.6326507558153909, -0.18772444850729927, 0.4065924981078352, 0.5786251105796161, 0.0697567782239445], [-0.3888567413984608, 0.193764723463268, 0.29247730656428544, -0.03762297159133492, 0.5994223613123097, -0.8097168766838971, 0.21460431402061353, -0.17341082262212976, -0.24140647427582462, -0.2535662935269295, 0.362096772297876, 0.052041464925448803], [-0.6075853041373206, -0.5856498289659673, 0.3480767257580584, -0.4160249365970211, -0.2849211556293154, -0.06965686866518238, 0.6302806268737768, -0.1133026018547271, 0.5059730753425659, 0.38629156182860774, 0.2531590414339865, 0.00441716749583769]], "inverted": false, "swapped": false, "error_lsq": 0.052768786968893665, "error_max": 0.3360948935353937, "target": "904.xyz", "model": "3.xyz", "model_rescale": 3.9243930471874484, "target_rescale": 3.793373922784278},
{"mapping": [4, 8, 11, 7, 9, 3, 5, 10, 6, 0, 1, 12], "R": [[-0.14086831062638255, 0.10601080120496892, 0.9843362378217871], [0.7439445899104926, -0.6446759160964406, 0.17589602141073069], [0.6532247440232023, 0.7570697941623982, 0.011948245173507732]], "T": [-0.03469100138550644, -0.014842000561258943, -0.04644244025391279], "aligned_model": [[0.12155031946243675, -0.14513919896394753, -0.6467170056268284, 0.6089967770807114, -0.19234710292136273, 0.010191806992554737, 0.19486898108934927, -0.6447977729610558, -0.3487455618963907, 0.6325712150616496, 0.5514148870690724, 0.030321182443519203], [-0.38016617546698966, 0.20557138465723454, 0.36609592425155646, -0.001245636230778134, 0.6637073359798918, -0.6653030589920463, 0.09553796711627205, -0.2594383575346616, -0.29765129377236504, -0.2841796260702681, 0.3726764673856047, -0.005778168838226228], [-0.48745736781216853, -0.6257139691455242, 0.2798159680043649, -0.5243545050131054, -0.15781004463218126, 0.12040873697259621, 0.666818786055589, -0.3015307954407241, 0.5391385972058574, 0.40692356128103857, 0.08189159459837914, 0.05292694080917749]], "inverted": true, "swapped": false, "error_lsq": 0.05553098152907209, "error_max": 0.31431860022803954, "target": "904.xyz", "model": "4.xyz", "model_rescale": 3.8936222436046832, "target_rescale": 3.793373922784278},
{"mapping": [1, 9, 7, 0, 8, 1, 10, 6, 5, 2, 3, 11], "R": [[-0.09148782173060255, 0.0234622136665269, 0.9955297599795075], [-0.9193925814018802, -0.3860482116036853, -0.07539270243719526], [0.3825536037448566, -0.9221801900103161, 0.05688969515088649]], "T": [-0.012293594330683869, 0.09696124345038562, 0.07703150406608371], "aligned_model": [[0.1211081331557237, -0.09670956490833896, -0.5464305564809444, 0.652727888856595, -0.09958238202362292, 0.1211081331557237, 0.16189693381052458, -0.7060998751908252, -0.4611750688519891, 0.6395397738963965, 0.44536950320116425, -0.0595843917906993], [-0.633886102091663, 0.19145562773169128, 0.2886692859499628, -0.10607381715242123, 0.8114169200238466, -0.633886102091663, 0.40043733088970945, -0.2014268687518845, -0.5146237943457, -0.14561295656304132, 0.40565231705150806, -0.05229507816512055], [-0.22492031953965663, -0.5279318824888276, 0.3895907136471274, -0.4699982026614644, -0.08969155998289229, -0.22492031953965663, 0.6033653560492821, -0.176357539191709, 0.3627586823715482, 0.3480102531917445, -0.08276944260736106, 0.1439217636351649]], "inverted": true, "swapped": false, "error_lsq": 0.05967602455540471, "error_max": 0.4911522119395855, "target": "904.xyz", "model": "5.xyz", "model_rescale": 3.6523030999806103, "target_rescale": 3.793373922784278},
{"mapping": [4, 2, 5, 10, 1, 11, 8, 3, 7, 9, 6, 12], "R": [[0.39800715127253505, -0.7017100511366954, 0.5909258089385317], [0.7215640161462231, -0.15832409254348476, -0.6740021159634559], [0.5665118517196751, 0.6946484620684183, 0.4433146016173238]], "T": [0.00756149332375757, 0.039104322071696965, 0.034186529607824916], "aligned_model": [[0.038501737315099156, -0.04219323599333944, -0.3733375291380362, 0.704220688213535, -0.3293561225179534, 0.04419661758072526, 0.2751654703196088, -0.6033130975723564, -0.3667283441635251, 0.4676811512255138, 0.4478224539461062, -0.09049126238566961], [-0.2705984398973355, 0.2502063569638619, 0.2757174074548026, -0.155027261073877, 0.5996974658907146, -0.838883911955646, 0.3854998261035219, -0.19224052514814616, -0.441139373423249, -0.321323130140256, 0.4989266739916436, 0.018991673719189386], [-0.44774552209389235, -0.6932555862915007, 0.5468596345196016, -0.25847699095446436, -0.19947286616322096, -0.014429637674296954, 0.5461448960293854, -0.2023562758425051, 0.3441722876488761, 0.4596801573920881, -0.09756381497922059, 0.06750122129244887]], "inverted": true, "swapped": false, "error_lsq": 0.05191320215193978, "error_max": 0.2696408724165241, "target": "904.xyz", "model": "6.xyz", "model_rescale": 4.08911054899281, "target_rescale": 3.793373922784278},
{"mapping": [7, 6, 9, 5, 3, 13, 8, 1, 11, 10, 4, 14], "R": [[-0.3394717971522246, 0.9354596245514505, -0.09835745915942773], [-0.7163777684580591, -0.3248897698356216, -0.6174540714216794], [-0.6095586860978116, -0.13914714618064003, 0.7804333923612529]], "T": [0.000687763169385373, -0.08108802997547981, -0.041574129577944416], "aligned_model": [[0.2601658595582908, -0.059334757708918814, -0.5255726492396933, 0.7451654272044705, -0.15947248230185093, -0.1843658112429831, 0.1419061774645192, -0.7185779522472497, -0.1325961047932341, 0.45334632741368486, 0.47197786102534417, -0.12047336830267154], [-0.3446312482249456, 0.18157386597316294, 0.2534261853477334, -0.13409161854401574, 0.6871079401628871, -0.7736125736009303, 0.37284583538548577, -0.22440648057188575, -0.39922565480000133, -0.19266193349747948, 0.4405466070450811, -0.05704416218986772], [-0.7216513708870145, -0.46175146339969325, 0.4335127319384649, -0.1946912642658961, -0.14489442525860874, -0.190098381554485, 0.44745590899576576, -0.03365508921709885, 0.43335210171391814, 0.5079041564089872, -0.09288142755399496, 0.06845602596295475]], "inverted": false, "swapped": false, "error_lsq": 0.04280009018918396, "error_max": 0.2572508545512291, "target": "904.xyz", "model": "7.xyz", "model_rescale": 3.964800864290218, "target_rescale": 3.793373922784278},
{"mapping": [12, 9, 5, 4, 10, 7, 3, 8, 1, 2, 6, 13], "R": [[0.033095582012832955, -0.8645541999452153, 0.5014486193104141], [0.918845895594717, -0.17107929017323437, -0.35560384787367705], [0.39322627404584093, 0.4725229220163939, 0.7887301094602097]], "T": [0.11637011763162332, 0.008138144245581277, 0.06535733245818512], "aligned_model": [[0.13611867197949284, -0.212088008619299, -0.6047249019979122, 0.7591379153560983, -0.32789745360238487, -0.08134566516567286, 0.1719194878845398, -0.5988915554309413, -0.2135650056942353, 0.5351232107911222, 0.5643649439678271, 0.04401688736107369], [-0.37208320768664255, 0.11086852176527832, 0.36487383684586927, -0.07797271751350877, 0.6506870816243188, -0.6674347470014187, 0.5128393352838534, -0.15073598450839187, -0.48535873042629246, -0.4694466434899205, 0.37620339217239696, 0.017386625419682566], [-0.587112326165548, -0.5308124886691578, 0.29302450457321216, -0.2076406028991679, -0.18938018191793207, -0.04123958497723909, 0.5831928960606293, -0.167488822046646, 0.5244036702689101, 0.2528869174496732, 0.08364481514730986, 0.03757870605925562]], "inverted": true, "swapped": false, "error_lsq": 0.043223795957743255, "error_max": 0.2196785480294928, "target": "904.xyz", "model": "8.xyz", "model_rescale": 4.121658175737393, "target_rescale": 3.793373922784278},
{"mapping": [2, 3, 5, 8, 10, 1, 7, 0, 4, 6, 11, 12], "R": [[0.9343904567330539, -0.3140060331366522, 0.16826968092909295], [0.10294080616437404, 0.6901677392400021, 0.7162902220040237], [-0.34105375645552394, -0.6519729310838973, 0.6772101832824488]], "T": [0.06677356996858166, 0.019680585531999844, 0.07766894538526041], "aligned_model": [[0.17094222584681823, -0.04545215650160192, -0.3916708798041313, 0.7713065230215916, -0.3868505495472283, -0.12208727609043138, 0.4030508803164853, -0.6446907299611285, -0.4613004113855854, 0.4946020716886316, 0.3429740367665185, 0.04134479247976973], [-0.3300378538119968, 0.2634299247699396, 0.27664680884421494, -0.06317245562767045, 0.5822090198352948, -0.631660893849183, 0.4471332531694701, -0.22742783728757748, -0.5269689611448891, -0.45387388134330275, 0.5373682604280351, -0.0638186214971109], [-0.5132560542333093, -0.6644062781664557, 0.40249959791828077, -0.08762482146726984, -0.15528544798209942, -0.044877265396374336, 0.4769341427015245, -0.14944384689960089, 0.5364064095774009, 0.3476522598926542, -0.16470441939487102, 0.06716322633341928]], "inverted": false, "swapped": false, "error_lsq": 0.052029595578564174, "error_max": 0.28876865387857525, "target": "904.xyz", "model": "9.xyz", "model_rescale": 3.833441315466971, "target_rescale": 3.793373922784278},
{"mapping": [4, 5, 0, 3, 13, 6, 8, 1, 12, 7, 2, 14], "R": [[-0.3337264938859707, 0.9108435059477543, 0.2428800834802648], [-0.22097556126549386, -0.32606137085611947, 0.919159280951255], [0.916404074959282, 0.2530772413873507, 0.3100894730393012]], "T": [0.0035925290383009203, -0.05489287854133294, 0.15634408132050795], "aligned_model": [[0.19239435661890716, -0.17544282987338253, -0.5964207993954332, 0.7618282372445054, -0.20067797025133413, -0.13621993658455334, 0.332147451892049, -0.6591757138708038, -0.3594731808186478, 0.5641137217582421, 0.35465219963023303, 0.09444299047992633], [-0.4068630484740346, 0.21362711179732907, 0.26575629799609135, -0.11068372396136597, 0.6753986134009307, -0.662993011149422, 0.4159383597432002, -0.2474291409486133, -0.449975358892865, -0.3283611151896854, 0.4772537483481919, -0.031841970184532595], [-0.5338612862839516, -0.43802832425944516, 0.12486276954018624, -0.2635223761585165, -0.08989653541718756, -0.1117907191500728, 0.6835337721346976, -0.10686111764645398, 0.4304119221120243, 0.3907477776183078, -0.17566093385489515, 0.1411225542486058]], "inverted": false, "swapped": false, "error_lsq": 0.04099647423433605, "error_max": 0.2230238057431628, "target": "904.xyz", "model": "10.xyz", "model_rescale": 4.2482417240324, "target_rescale": 3.793373922784278},
{"mapping": [10, 8, 2, 9, 3, 0, 5, 1, 6, 4, 7, 11], "R": [[0.10627935811632228, -0.8721056015854938, 0.4776363865134092], [-0.9941317333825963, -0.0834520069633326, 0.06883210889916613], [-0.020169152686647443, -0.4821489212027713, -0.8758570791304405]], "T": [-0.05246213716718599, -0.012765062102957803, 0.009433159680402224], "aligned_model": [[0.28190033816514565, -0.10061479443200895, -0.5529681865382051, 0.7364975697477498, -0.36509921439197707, -0.23849909350690474, 0.408809263055039, -0.6933825507330793, -0.17328541630721633, 0.5125144023754569, 0.2876062594318569, 0.06868994996385164], [-0.35167018492388685, 0.11050811149772834, 0.36932742943676533, 0.04450432463151509, 0.6570243046948838, -0.7254991358904189, 0.14444586450921526, -0.18169756886049374, -0.27741406553307424, -0.5115982112026083, 0.5708971464031342, -0.03900125227753548], [-0.42455695005697347, -0.5900189862191396, 0.3983500001960311, -0.2220267728061127, -0.32480012489884486, -0.16731487247847612, 0.5810095677067482, -0.2351673010578009, 0.5889543226626293, 0.45418767551806344, -0.037981592155911605, 0.0304225364730863]], "inverted": true, "swapped": false, "error_lsq": 0.057565759491430786, "error_max": 0.3474190725503716, "target": "904.xyz", "model": "11.xyz", "model_rescale": 3.6694154284099745, "target_rescale": 3.793373922784278},
{"mapping": [11, 4, 1, 9, 3, 6, 2, 0, 12, 10, 8, 13], "R": [[0.015676797812532867, 0.39628067939304323, 0.9179955670645327], [0.5141513902313921, 0.784231377178271, -0.3473175707795374], [-0.8575561707162228, 0.47743352436633557, -0.19145402549350585]], "T": [0.029799341803229767, -0.21102122681501093, 0.032238401366087875], "aligned_model": [[0.34035847167859024, -0.3687231830486125, -0.520251775308153, 0.8176591918424004, -0.1146001830233081, -0.13113664334812145, 0.10532697443408687, -0.6735753204847628, -0.1573823042744167, 0.469827201300251, 0.4947843103454024, -0.09011821328364815], [-0.1375600679444643, 0.16666733566833572, 0.36535209489276754, -0.23185872872076496, 0.6181451724159575, -0.5681256893979264, 0.3144568039724779, -0.325195864353124, -0.326086431596437, -0.24733365789137451, 0.370323975318011, -0.1889581798782341], [-0.6334831124033932, -0.46395691975783, 0.3180898605011135, -0.12115300028560819, -0.1490921261783417, -0.3757209654100669, 0.4123462666638189, -0.022223521293244224, 0.6752714722782766, 0.48895021150924184, -0.10349879433884887, 0.025528131598181757]], "inverted": false, "swapped": false, "error_lsq": 0.061234333193523456, "error_max": 0.3074328027800575, "target": "904.xyz", "model": "12.xyz", "model_rescale": 3.9764082729961374, "target_rescale": 3.793373922784278},
{"mapping": [6, 13, 1, 14, 10, 4, 8, 9, 0, 3, 11, 15], "R": [[0.2832904133033993, -0.7278625304709881, -0.6244699179838525], [0.3510417543630552, 0.6846548965844754, -0.6387623652631784], [0.8924775786674409, -0.03825976109794205, 0.44946630825528033]], "T": [-0.11616794855613723, -0.07655379522205516, -0.016913939589212546], "aligned_model": [[0.1864439556756436, 0.04788580217796255, -0.5056119836464649, 0.6100774362514999, -0.13452009811524246, -0.029257270316597042, 0.15965327021401587, -0.7057452250413715, -0.5097969211627769, 0.6320257493483641, 0.45758583587265944, -0.03657202442798431], [-0.45745026213131557, 0.16988828551900872, 0.349507783233735, -0.04138817846592932, 0.7227620307423521, -0.7876640885223456, 0.3345745014048842, -0.19391519457897058, -0.527893912469042, -0.08488685402174478, 0.4719566240158032, -0.14566397224121053], [-0.6059833095385335, -0.5524820621441194, 0.24790194580537622, -0.34878599327683146, 0.06617822567119731, 0.0343930438491679, 0.48761456866114167, -0.0057755595067012395, 0.39352029873695205, 0.36854708030857236, -0.038995913924708955, 0.004925178241786121]], "inverted": true, "swapped": false, "error_lsq": 0.05248403838779483, "error_max": 0.29213741236207813, "target": "904.xyz", "model": "13.xyz", "model_rescale": 4.170626492500431, "target_rescale": 3.793373922784278},
{"mapping": [1, 0, 4, 9, 8, 3, 12, 2, 6, 11, 10, 13], "R": [[-0.06218862022983242, -0.3112363686203311, 0.9482955754204165], [0.9345790293485269, 0.3152972656087706, 0.16477157583029117], [-0.3502779088322223, 0.8965040753658968, 0.27126708137270095]], "T": [-0.031474074990432484, 0.01101188725951064, -0.024575845905529435], "aligned_model": [[0.23321843205740594, -0.3074471751858823, -0.5583776760832944, 0.7280976674537536, -0.09052754838963394, 0.018384311537662228, 0.13176108337671924, -0.6310263457219946, -0.2252620568437148, 0.4409438764829742, 0.43029253629382325, 0.0021114218518894223], [-0.22764207030892436, 0.0710195075285828, 0.387984734588788, -0.19336321752810917, 0.7507188578485725, -0.6728531216328378, 0.49005787141844576, -0.24634977857127427, -0.5249137673940734, -0.32759743760695903, 0.33504129817935624, -0.03227611403634282], [-0.7056020092392148, -0.5500245494019196, 0.26408866200088454, -0.2184521546367164, -0.05461877762608319, -0.09748946147468557, 0.5041730068783049, -0.10963003367882657, 0.5940671673124704, 0.37769850745333056, -0.014336581438683431, 0.06118372673443872]], "inverted": false, "swapped": false, "error_lsq": 0.04167299003696657, "error_max": 0.25846647284736296, "target": "904.xyz", "model": "14.xyz", "model_rescale": 3.9786697098870705, "target_rescale": 3.793373922784278},
{"mapping": [9, 8, 4, 3, 5, 6, 4, 7, 1, 0, 2, 11], "R": [[-0.42324508757711954, 0.6812562272417042, 0.5972884970315735], [-0.6515233449337734, -0.6869652669604188, 0.32186340735832036], [0.6295879023997712, -0.2529202934412344, 0.7346090105065797]], "T": [-0.07131286441457307, -0.0834220372032118, 0.012622140709635899], "aligned_model": [[0.23404824320727724, 0.020328065669738826, -0.11278569588900217, 0.7241672178947739, -0.3418131988233863, -0.3203883864737582, -0.11278569588900217, -0.6666185713937208, -0.20259181874444834, 0.5316846943049504, 0.4895599711008458, -0.07063629813455982], [-0.47088400773854083, 0.22938200622193905, 0.34134126904583556, -0.04318211524257999, 0.6430096170983934, -0.8262791481319424, 0.34134126904583556, -0.12575172313046246, -0.4866381876454831, -0.18971215372417377, 0.5780964204765192, -0.18089648379011586], [-0.3669066241950298, -0.3947888267079745, 0.4516789343081625, -0.44644367116527867, -0.19662940275731408, -0.1034829317785211, 0.4516789343081625, -0.2714470732471987, 0.5425793688563157, 0.34262508219197874, 0.053394788366575005, -0.011201075296578471]], "inverted": true, "swapped": false, "error_lsq": 0.0661308085448018, "error_max": 0.3933620636664011, "target": "904.xyz", "model": "15.xyz", "model_rescale": 3.769337070930944, "target_rescale": 3.793373922784278},
{"mapping": [1, 7, 10, 4, 0, 5, 9, 8, 6, 2, 11], "R": [[0.5990408083809126, -0.723855069007138, 0.34232141178578734], [0.7623579794564249, 0.6463327496835435, 0.03262342479916833], [-0.24486817076431167, 0.24142869704983597, 0.9390163806810606]], "T": [0.005844065929398694, 0.10056679130377981, -0.07082574384530023], "aligned_model": [[-0.3158874816995082, -0.32973145451001323, -0.06203559951760773, -0.7162782230132934, 0.14988001990529817, 0.4613668705830914, 0.6975546995216787, 0.36258659779754715, 0.0186794695758898, -0.4121688943410388, 0.06866012638912673], [0.13130665361234675, -0.6506018131584554, 0.722528209020085, 0.39348859466326314, 0.024260649708686285, -0.4062156714133774, 0.2769483672913824, -0.4302606429922596, 0.5046987360478006, -0.04202599552552329, 0.07193741037139376], [-0.483669700617336, -0.06912266293391299, -0.11548495176896226, -0.014507180019190977, -0.75317176267121, -0.35393690007892076, 0.12515585071517815, 0.4500529940797376, 0.5268854460193401, 0.4091821800500661, 0.02283429444898795]], "inverted": false, "swapped": true, "error_lsq": 0.055350583309657524, "error_max": 0.33963441749565376, "target": "904.xyz", "model": "16.xyz", "model_rescale": 3.7852294659196426, "target_rescale": 3.793373922784278},
{"mapping": [4, 5, 2, 10, 7, 0, 11, 3, 8, 9, 6, 12], "R": [[-0.0538683530943416, 0.9711532005436172, -0.2322921901588444], [-0.14234020104981207, 0.22278622662306882, 0.964419807133882], [0.9883508828852245, 0.08501622375137596, 0.12623301469525944]], "T": [-0.098025522534517, -0.025337461127594295, -0.02560177575555422], "aligned_model": [[0.04800152540040843, -0.01760465063304492, -0.5577957155913574, 0.6984494755859653, -0.0901534759976239, -0.05247252313117376, 0.12260351404249749, -0.7751467110475418, -0.15945002949641165, 0.4373048602726256, 0.5350273623378183, -0.016595104912453196], [-0.30348762792861284, 0.26161740932152067, 0.29046947248078303, -0.08137766608782707, 0.6755637634320915, -0.699586908282667, 0.34803184958467415, -0.44217157468962043, -0.2954649079828642, -0.4833144785590729, 0.5739666151299381, -0.034419183933118186], [-0.6604996187740756, -0.6116038203326373, 0.22532524808129495, -0.13396296842217809, -0.035726471823858394, -0.12078456303959738, 0.5658796360154479, -0.041463333063232674, 0.5638590827010621, 0.47533756015246464, -0.19134828412874608, 0.01604503551735494]], "inverted": false, "swapped": false, "error_lsq": 0.05074531688262246, "error_max": 0.25293968533609973, "target": "904.xyz", "model": "17.xyz", "model_rescale": 3.901054581598922, "target_rescale": 3.793373922784278},
{"mapping": [5, 9, 6, 13, 11, 8, 7, 4, 1, 0, 12, 14], "R": [[0.0227553481892252, 0.8839388883068859, -0.46704842989520295], [0.8493161821837576, 0.2293537733588472, 0.47545648520854694], [0.527393796711332, -0.4074909672432578, -0.745524576929266]], "T": [0.02461368907235907, -0.08557004748383314, -0.040026773013711915], "aligned_model": [[0.16800358877678373, 0.10099029389132337, -0.43994022619475626, 0.6321793437905787, -0.19248750385070762, -0.13019754155107294, 0.11135643777756585, -0.6934529778690324, -0.24836096699228594, 0.37737430047580994, 0.4432767913976364, 0.04342698717786528], [-0.3480193086879526, 0.21894292660953468, 0.3449347834046406, -0.029157612511020697, 0.6774583683875947, -0.7230832657913159, 0.2524555804392723, -0.41716288167768584, -0.28024458908742533, -0.37287279848197985, 0.5238832211477518, -0.03730766126618937], [-0.588338517326915, -0.6193609461637462, 0.36318656463996907, -0.433960537354671, -0.12596685406322541, -0.1401698281696609, 0.5237918096984048, -0.04067796329112048, 0.5709332988679588, 0.5670330253675068, 0.03251993044594024, -0.05793247976714212]], "inverted": false, "swapped": false, "error_lsq": 0.04511140722568321, "error_max": 0.21905519924373104, "target": "904.xyz", "model": "18.xyz", "model_rescale": 3.9405287249114394, "target_rescale": 3.793373922784278},
{"mapping": [0, 8, 11, 4, 9, 1, 13, 2, 3, 12, 7, 15], "R": [[0.9556479035450195, -0.07424323597706163, -0.2850000462485288], [-0.09796516347645583, -0.9927332385446334, -0.06988235709902492], [-0.2777407265689361, 0.09470300417800216, -0.9559766889441503]], "T": [0.006619439973056708, -0.0284964824204728, 0.07134874473650714], "aligned_model": [[0.269984005391528, -0.03956048999885382, -0.43007863287771064, 0.697505759908463, -0.13316341767764298, -0.10065970556282054, 0.20455072481819325, -0.8060810141462598, -0.18283459504694838, 0.35605490434115517, 0.3688425380661676, -0.032391550385562795], [-0.3481409813292893, 0.14007722251860988, 0.44362570220309405, -0.07604808975549443, 0.7095687955863436, -0.6555742231139854, 0.4372974313578439, -0.2654010099319997, -0.7119501850603107, -0.32429819609781285, 0.49713570348524067, -0.036465407377015285], [-0.4774141894666171, -0.6646692411896912, 0.39632357123005685, -0.16334246980303568, -0.08590978464826175, -0.10410528354227146, 0.5131508290894428, -0.1254239661048177, 0.5429702029384211, 0.3722395299672833, -0.22551954472727637, 0.07275784914006642]], "inverted": true, "swapped": false, "error_lsq": 0.046021695890997756, "error_max": 0.27728076932698464, "target": "904.xyz", "model": "19.xyz", "model_rescale": 4.410303926677745, "target_rescale": 3.793373922784278},
{"mapping": [12, 9, 5, 4, 10, 7, 3, 8, 1, 2, 6, 13], "R": [[0.033095582012832955, -0.8645541999452153, 0.5014486193104141], [0.918845895594717, -0.17107929017323437, -0.35560384787367705], [0.39322627404584093, 0.4725229220163939, 0.7887301094602097]], "T": [0.11637011763162332, 0.008138144245581277, 0.06535733245818512], "aligned_model": [[0.13611867197949284, -0.212088008619299, -0.6047249019979122, 0.7591379153560983, -0.32789745360238487, -0.08134566516567286, 0.1719194878845398, -0.5988915554309413, -0.2135650056942353, 0.5351232107911222, 0.5643649439678271, 0.04401688736107369], [-0.37208320768664255, 0.11086852176527832, 0.36487383684586927, -0.07797271751350877, 0.6506870816243188, -0.6674347470014187, 0.5128393352838534, -0.15073598450839187, -0.48535873042629246, -0.4694466434899205, 0.37620339217239696, 0.017386625419682566], [-0.587112326165548, -0.5308124886691578, 0.29302450457321216, -0.2076406028991679, -0.18938018191793207, -0.04123958497723909, 0.5831928960606293, -0.167488822046646, 0.5244036702689101, 0.2528869174496732, 0.08364481514730986, 0.03757870605925562]], "inverted": true, "swapped": false, "error_lsq": 0.043223795957743255, "error_max": 0.2196785480294928, "target": "904.xyz", "model": "20.xyz", "model_rescale": 4.121658175737393, "target_rescale": 3.793373922784278},
{"mapping": [4, 2, 5, 10, 1, 11, 8, 3, 7, 9, 6, 12], "R": [[0.39800715127253505, -0.7017100511366954, 0.5909258089385317], [0.7215640161462231, -0.15832409254348476, -0.6740021159634559], [0.5665118517196751, 0.6946484620684183, 0.4433146016173238]], "T": [0.00756149332375757, 0.039104322071696965, 0.034186529607824916], "aligned_model": [[0.038501737315099156, -0.04219323599333944, -0.3733375291380362, 0.704220688213535, -0.3293561225179534, 0.04419661758072526, 0.2751654703196088, -0.6033130975723564, -0.3667283441635251, 0.4676811512255138, 0.4478224539461062, -0.09049126238566961], [-0.2705984398973355, 0.2502063569638619, 0.2757174074548026, -0.155027261073877, 0.5996974658907146, -0.838883911955646, 0.3854998261035219, -0.19224052514814616, -0.441139373423249, -0.321323130140256, 0.4989266739916436, 0.018991673719189386], [-0.44774552209389235, -0.6932555862915007, 0.5468596345196016, -0.25847699095446436, -0.19947286616322096, -0.014429637674296954, 0.5461448960293854, -0.2023562758425051, 0.3441722876488761, 0.4596801573920881, -0.09756381497922059, 0.06750122129244887]], "inverted": true, "swapped": false, "error_lsq": 0.05191320215193978, "error_max": 0.2696408724165241, "target": "904.xyz", "model": "21.xyz", "model_rescale": 4.08911054899281, "target_rescale": 3.793373922784278},
{"mapping": [5, 9, 13, 11, 14, 6, 2, 7, 0, 1, 15, 16], "R": [[0.8258465667592172, -0.11802267828847296, -0.5514055636114222], [-0.5406691048118304, 0.11202130763319212, -0.833743453190563], [0.1601698076229991, 0.9866721208414506, 0.028701196495026483]], "T": [-0.033756696259466604, 0.0024774384609725017, -0.01079754701027013], "aligned_model": [[0.1418372575119371, -0.06598800282622061, -0.6241505440213176, 0.6897616432350551, -0.10973753085935252, -0.20041021901306305, 0.2634578277884403, -0.6742647618156539, -0.2676985640661162, 0.5619938588473653, 0.5231670498689281, -0.06579948782029404], [-0.23881725979386578, 0.2585113409008243, 0.20005121442171206, -0.0902748704121494, 0.6235715119191129, -0.7239438518437693, 0.33272403855291705, -0.3055026791011889, -0.4561357761211247, -0.25667112839378614, 0.47164485400204814, -0.005330631645505988], [-0.650072672399332, -0.6748422708361124, 0.21085459849211424, -0.2427700709699901, -0.1532463119601383, -0.02093859711268842, 0.5582846431836775, -0.03713863949525023, 0.5680154798620404, 0.445186748391519, 0.024200954200447135, 0.023523641527012064]], "inverted": true, "swapped": false, "error_lsq": 0.04262685721844725, "error_max": 0.2149063323065209, "target": "904.xyz", "model": "22.xyz", "model_rescale": 4.204369325754507, "target_rescale": 3.793373922784278},
{"mapping": [0, 8, 11, 4, 9, 1, 13, 2, 3, 12, 7, 15], "R": [[0.9556479035450195, -0.07424323597706163, -0.2850000462485288], [-0.09796516347645583, -0.9927332385446334, -0.06988235709902492], [-0.2777407265689361, 0.09470300417800216, -0.9559766889441503]], "T": [0.006619439973056708, -0.0284964824204728, 0.07134874473650714], "aligned_model": [[0.269984005391528, -0.03956048999885382, -0.43007863287771064, 0.697505759908463, -0.13316341767764298, -0.10065970556282054, 0.20455072481819325, -0.8060810141462598, -0.18283459504694838, 0.35605490434115517, 0.3688425380661676, -0.032391550385562795], [-0.3481409813292893, 0.14007722251860988, 0.44362570220309405, -0.07604808975549443, 0.7095687955863436, -0.6555742231139854, 0.4372974313578439, -0.2654010099319997, -0.7119501850603107, -0.32429819609781285, 0.49713570348524067, -0.036465407377015285], [-0.4774141894666171, -0.6646692411896912, 0.39632357123005685, -0.16334246980303568, -0.08590978464826175, -0.10410528354227146, 0.5131508290894428, -0.1254239661048177, 0.5429702029384211, 0.3722395299672833, -0.22551954472727637, 0.07275784914006642]], "inverted": true, "swapped": false, "error_lsq": 0.046021695890997756, "error_max": 0.27728076932698464, "target": "904.xyz", "model": "23.xyz", "model_rescale": 4.410303926677745, "target_rescale": 3.793373922784278},
{"mapping": [4, 5, 13, 3, 12, 10, 7, 15, 11, 1, 0, 16], "R": [[0.07959931303340723, -0.46615645733073896, -0.8811141280523566], [-0.6166097341024598, 0.6714939043133776, -0.4109603049931592], [0.7832345658707253, 0.5760157061737392, -0.23398615571538617]], "T": [-0.1462040569842294, -0.08857165235235392, 0.021188155698529502], "aligned_model": [[0.1263496293269471, -0.23793652049095768, -0.49312331078406685, 0.6933811292313596, -0.11295916158890718, 0.09854263561065313, 0.1140313931820301, -0.757074737112585, -0.20505944869861234, 0.572705866391509, 0.4011769971640537, -0.02786594540171533], [-0.28086606901094807, 0.21047500906485023, 0.40421898109627497, -0.21983999516024116, 0.7038017798260323, -0.6910224988027607, 0.24113062195214846, -0.22442368941625432, -0.4163992923693465, -0.24122642650517462, 0.42290786373184014, -0.09892952192119642], [-0.5809926463794428, -0.5244841661780186, 0.38311500847046737, -0.2739665865941652, -0.11001762043840851, -0.009405640252112987, 0.5364597515365891, -0.32187951549748683, 0.5595064332238224, 0.4641332895137441, -0.07445962144218818, 0.0030488169204991034]], "inverted": false, "swapped": false, "error_lsq": 0.0420220044736665, "error_max": 0.18776709391445717, "target": "904.xyz", "model": "24.xyz", "model_rescale": 4.28219845311461, "target_rescale": 3.793373922784278},
{"mapping": [8, 11, 13, 5, 12, 0, 7, 2, 4, 3, 9, 15], "R": [[0.3628438112448549, 0.9318053195671281, 0.009122229316926744], [-0.4703199674334448, 0.19157547188828716, -0.8614510820726757], [-0.8044522962082412, 0.30828182722499653, 0.5077586219140999]], "T": [-0.03320192716582041, -0.03405002781425846, -0.07889133604393504], "aligned_model": [[0.24804104277203956, 0.08077983175469322, -0.41886396224273964, 0.7326372739744387, -0.24359169952270865, -0.31137454529013625, 0.03465429919930837, -0.6887472039134801, -0.13477171569198831, 0.5281140857653716, 0.4057884593952259, -0.06049733937031608], [-0.39193443136255807, 0.32994521170860297, 0.3108424037922697, -0.05083587772887095, 0.6832278107664455, -0.7951029863375269, 0.2701728031282566, -0.226214339539214, -0.419935493445616, -0.24597402240216498, 0.44712420981071616, -0.1014885259051158], [-0.6030737494137789, -0.46746912167594357, 0.2130512306671734, -0.45103275291880474, -0.23910539972635553, 0.015832266530345987, 0.6341233955198885, -0.032920782196631915, 0.5338276521545146, 0.4110657018734314, 0.10175328034935023, -0.06499421827989027]], "inverted": true, "swapped": false, "error_lsq": 0.049324236965035025, "error_max": 0.3106098493918437, "target": "904.xyz", "model": "25.xyz", "model_rescale": 4.100010024507729, "target_rescale": 3.793373922784278},
{"mapping": [10, 8, 2, 9, 3, 0, 5, 1, 6, 4, 7, 11], "R": [[0.10627935811632228, -0.8721056015854938, 0.4776363865134092], [-0.9941317333825963, -0.0834520069633326, 0.06883210889916613], [-0.020169152686647443, -0.4821489212027713, -0.8758570791304405]], "T": [-0.05246213716718599, -0.012765062102957803, 0.009433159680402224], "aligned_model": [[0.28190033816514565, -0.10061479443200895, -0.5529681865382051, 0.7364975697477498, -0.36509921439197707, -0.23849909350690474, 0.408809263055039, -0.6933825507330793, -0.17328541630721633, 0.5125144023754569, 0.2876062594318569, 0.06868994996385164], [-0.35167018492388685, 0.11050811149772834, 0.36932742943676533, 0.04450432463151509, 0.6570243046948838, -0.7254991358904189, 0.14444586450921526, -0.18169756886049374, -0.27741406553307424, -0.5115982112026083, 0.5708971464031342, -0.03900125227753548], [-0.42455695005697347, -0.5900189862191396, 0.3983500001960311, -0.2220267728061127, -0.32480012489884486, -0.16731487247847612, 0.5810095677067482, -0.2351673010578009, 0.5889543226626293, 0.45418767551806344, -0.037981592155911605, 0.0304225364730863]], "inverted": true, "swapped": false, "error_lsq": 0.057565759491430786, "error_max": 0.3474190725503716, "target": "904.xyz", "model": "26.xyz", "model_rescale": 3.6694154284099745, "target_rescale": 3.793373922784278},
{"mapping": [6, 2, 10, 1, 4, 12, 8, 11, 9, 7, 0, 13], "R": [[0.0812961044112766, 0.03192130575888616, -0.9961786856012325], [-0.9541237076677085, 0.29146587099524485, -0.0685244227367803], [0.28816469921552934, 0.9560484696309239, 0.05415191448501616]], "T": [0.09162319961469231, -0.007946088026341263, 0.09659372662301724], "aligned_model": [[0.2886845129430271, -0.20878825536799225, -0.433086699329404, 0.8594543755140267, -0.13321062861851754, -0.24997746406471413, 0.042057067302241825, -0.6885308761428598, -0.24455452166145444, 0.5189622347196624, 0.3537270049565264, 0.06743177657916598], [-0.39320305650030574, 0.10574792008984123, 0.2401609563038749, -0.10514726316635596, 0.781153189088336, -0.650300797326338, 0.3227215333956989, -0.26410731938773635, -0.39673675026082195, -0.25814352804625573, 0.4242454033327709, 0.0034364749625160375], [-0.43626116810532656, -0.5025358724095684, 0.25474914510887625, -0.3284167092067341, 0.048607784639766755, -0.22030093627201375, 0.6411663251814872, -0.152236558654892, 0.5445779854393337, 0.4850665246430051, -0.3293704187639603, 0.04601140128332519]], "inverted": false, "swapped": false, "error_lsq": 0.05027415685469, "error_max": 0.2990318681795183, "target": "904.xyz", "model": "27.xyz", "model_rescale": 4.103607728864725, "target_rescale": 3.793373922784278},
{"mapping": [6, 10, 2, 11, 12, 5, 4, 0, 1, 8, 13, 14], "R": [[0.5187244457982166, 0.13499492243675804, 0.8442163942068567], [0.4770191893859318, -0.8651604785117647, -0.15475800263276474], [0.709491115017603, 0.48298417917938885, -0.5131750582145341]], "T": [0.009222531000367738, -0.016666635610384454, -0.18970163669123147], "aligned_model": [[0.2511954183782563, -0.047843688512726135, -0.3836812473941769, 0.6774540291908929, -0.21998483396294427, -0.11832080554099803, 0.13711406575886198, -0.628372083268941, -0.35406703918938515, 0.5295526724927478, 0.4181733748299111, -0.08905133595179064], [-0.46747983227172857, 0.12021457211915562, 0.33444274769588656, -0.07387018649684363, 0.8041139989950996, -0.7369421558887238, 0.3022526243698947, -0.2702209654172469, -0.4125328120163752, -0.16946615850098237, 0.4316279119504629, -0.052312982053374424], [-0.5631769991207463, -0.6773308584025006, 0.32378597572961526, -0.3388849201090256, -0.08445549268619112, -0.18096764713706726, 0.6490733916001843, 0.007465933341497311, 0.5273558858576324, 0.42526895322794916, 0.037594951299043, -0.07467167071709124]], "inverted": false, "swapped": false, "error_lsq": 0.04171115255352189, "error_max": 0.20765181276335498, "target": "904.xyz", "model": "28.xyz", "model_rescale": 4.137296879288765, "target_rescale": 3.793373922784278},
{"mapping": [6, 10, 1, 0, 7, 4, 2, 9, 5, 8, 11], "R": [[-0.39760392904368147, 0.7608927967574762, 0.5127896912493592], [-0.9079411657434321, -0.4069589156431658, -0.10013630973326434], [0.1324913399339166, -0.5053974602440388, 0.8526543567128422]], "T": [-0.01452230973903855, -0.056884803297432264, -0.04808317095887238], "aligned_model": [[0.5164163694353079, 0.12081244525735434, -0.12567875549244156, -0.6388933528774883, 0.03833275049919814, 0.5315548725682139, 0.5786499088279402, -0.2531493967219848, -0.6139374568558705, 0.054823737295530015, 0.012487888774138894], [-0.42991669074510175, -0.6351101135689899, -0.007511005273586037, -0.04509587761577075, 0.7583088170336456, -0.13116154880348221, 0.2127540385451808, -0.41621825328269585, 0.2911637164951906, 0.3663792528899207, -0.044444519026359264], [0.267665736786802, -0.2500190360563579, -0.5580858505143851, -0.36775002005637103, -0.14572438516290429, -0.601904658211797, -0.017805144235786496, 0.5535142288515763, 0.2049882145003326, 0.6564708178651933, 0.0644041180166961]], "inverted": false, "swapped": true, "error_lsq": 0.055676896538057075, "error_max": 0.3026246101137498, "target": "904.xyz", "model": "29.xyz", "model_rescale": 3.607286011436655, "target_rescale": 3.793373922784278},
