[{"mapping": [0, 2, 4, 10, 5, 1, 7, 3, 6, 9, 12, 13], "R": [[-0.06866104258572761, 0.832111444028893, -0.5503418991383372], [-0.20922525996913913, 0.5273655709883169, 0.8234745564539399], [0.9754539721698238, 0.17168604850807545, 0.13788926327236556]], "T": [-0.07917020989138542, -0.08228336160903293, 0.017436414898296608], "aligned_model": [[-0.2851984118630066, 0.2139834625507661, 0.45125486798551545, -0.2948567685504969, 0.10421328319910982, -0.6497093350385942, 0.5019741715765803, -0.2366506110057099, 0.6044410054605003, 0.16692715146240023, -0.6336020625481547, -0.1051342907683616], [-0.3199145519696619, -0.6200073519357109, -0.24504897774034828, 0.5504956654885413, 0.3425995183860209, -0.545731275584393, -0.46710056709342684, -0.47761356770514907, 0.14852004275669925, 0.5794570847431918, 0.20155999457066825, -0.09366097793937382], [-0.531408646430382, -0.11648950948011533, -0.6235166090042057, -0.10712048148578321, -0.5556986066176943, 0.12666480558623694, 0.5603187266229662, 0.5772875937463312, 0.07479188257584296, 0.3582983841685448, 0.39139223912494703, 0.027431966546874027]], "inverted": false, "swapped": true, "error_lsq": 0.04763134227559499, "error_max": 0.264044364082775, "target": "905.xyz", "model": "0.xyz", "model_rescale": 3.751011558992144, "target_rescale": 4.024952579418496},
{"mapping": [2, 0, 8, 1, 5, 13, 10, 4, 6, 11, 12, 3, 7, 14], "R": [[-0.435566405960984, 0.8897429526792153, 0.1365261299382041], [-0.06993294198082892, 0.1177633300396645, -0.9905761867336987], [-0.8974359529371094, -0.4410093834099692, 0.010928591868193116]], "T": [0.009352411292392485, 0.0880541536439496, -0.01965680599315518], "aligned_model": [[-0.5380795890184458, 0.1502353659661825, -0.014163549594354103, 0.6083194524102716, -0.4999136702839799, -0.6914408262300958, 0.11732434023579051, 0.48726413775648403, 0.6638040513738616, 0.18148695077852664, -0.17719228403306625, -0.32519776930323013, 0.3729718747598511, -0.011613054993755185], [-0.466820557412119, -0.6527181402296899, -0.07989731995279546, -0.2550068959484616, 0.23330285647314364, 0.03057010317446634, 0.8612746327089625, 0.3273849993409056, 0.3037449826238935, 0.6510013140841682, 0.11080288169716633, -0.4495778450774916, -0.1593477950622716, 0.11341891802886232], [-0.29564659213428635, 0.06348716679534325, -0.661262256593544, -0.11574608397401255, -0.35077146812382015, 0.16224047404409575, -0.27050716266735825, -0.6026620357431975, 0.2784979564352871, 0.5190371551711291, 0.6991329241053651, 0.4074660102166555, 0.4765792118060833, 0.02417115761992818]], "inverted": true, "swapped": false, "error_lsq": 0.039296787673607385, "error_max": 0.24973132607360177, "target": "905.xyz", "model": "1.xyz", "model_rescale": 3.9405287249114394, "target_rescale": 4.024952579418496},
{"mapping": [4, 6, 5, 3, 8, 0, 2, 7, 12, 11, 1, 0, 13], "R": [[-0.9076624960037198, -0.36918328913460535, 0.19963089032524875], [0.4037664882667575, -0.6382796385087259, 0.6554172152285141], [-0.1145487507615315, 0.6755018890343124, 0.7284063300178327]], "T": [-0.03052000513562119, -0.06193408977571993, -0.0706552210578967], "aligned_model": [[-0.40684748995615244, 0.22798959392922336, -0.5612724780664935, 0.4924672036242482, 0.6255398895932281, -0.571298992912664, 0.03591916464546336, 0.7371809725107747, 0.0719984806922993, -0.49736411812935233, -0.05832349170513956, -0.571298992912664, -0.02870646202884002], [0.685257064265139, 0.5178088189877159, 0.27101301526782673, -0.3695913179083402, -0.3165029431350751, -0.017572199754441784, 0.32160188258406197, 0.31471855180107666, -0.7455349126910474, -0.5240764552917295, -0.5725124203628832, -0.017572199754441784, -0.08820429043584403], [0.06626516229252655, -0.4184412210982199, -0.4580655434035763, 0.28480335669199186, -0.39988593802677896, 0.254517368619226, 0.4207797322010409, 0.1513859342401985, -0.2942274991557071, -0.16093977712864885, 0.4685724099974268, 0.254517368619226, -0.056161004260061785]], "inverted": true, "swapped": true, "error_lsq": 0.05044329090470982, "error_max": 0.37022787471490937, "target": "905.xyz", "model": "2.xyz", "model_rescale": 3.932901565614263, "target_rescale": 4.024952579418496},
{"mapping": [8, 3, 7, 0, 9, 12, 5, 4, 2, 6, 10, 11, 1, 13], "R": [[0.12302403319205706, 0.14296101484898893, 0.9820525624886414], [-0.13560578525731026, 0.9827093595649924, -0.12606897171037415], [-0.9830951928790559, -0.1176624955400404, 0.14028320954904788]], "T": [0.02817440949253503, -0.05922546967572987, 0.0077546956889663725], "aligned_model": [[-0.45672709176221155, 0.13176447277753542, -0.018507016516320647, 0.6657534111707493, -0.5759625012469828, -0.46281247565677014, -0.1486159916443569, 0.6260973684957669, 0.732438104215016, 0.1193555327977332, -0.2343586792025305, -0.5057871322625763, 0.4780152673277239, -0.026847838668735628], [-0.5437323687305556, -0.5481404100479969, -0.009866494198750242, -0.2369007048875568, 0.1454787702142086, 0.48352252504544296, 0.5899670013415417, 0.4154103303829642, 0.3367731326475442, 0.552791965266324, 0.129719800100187, -0.5760035329927863, -0.2074992204563008, 0.03661134076447314], [-0.25475306492217986, -0.0967285946047991, -0.7029682343989723, -0.09652788461302067, -0.3568103967733258, 0.22566821752059535, -0.24541318397789197, -0.41702218331604524, 0.21121871814048826, 0.29725931182057425, 0.6469115642828721, 0.5032687757797396, 0.5773393850580856, 0.042574026961548606]], "inverted": true, "swapped": false, "error_lsq": 0.04676421564638049, "error_max": 0.31180556314150415, "target": "905.xyz", "model": "3.xyz", "model_rescale": 3.9243930471874484, "target_rescale": 4.024952579418496},
{"mapping": [4, 0, 5, 6, 10, 2, 7, 11, 12, 1, 8, 3, 13], "R": [[-0.2783165665632344, 0.5976090519948284, 0.7519330487153066], [0.20036407438989004, -0.7295176592961902, 0.6539558260837581], [0.939358358918648, 0.3326671095086657, 0.0832974656325996]], "T": [0.033576877166525444, -0.06566699282860813, -0.10198521566997942], "aligned_model": [[-0.031787904666935894, -0.18763946615322058, 0.5114877445413674, 0.32904540568009943, 0.6476640556224673, -0.46136119281750565, -0.32417782810580165, 0.20690782060834503, 0.23406787666766185, -0.4920754860160952, 0.23758350523724608, -0.4114774865610253, 0.01896884227474964], [-0.7068525061292962, 0.02178074400775762, -0.2898924067508778, -0.7010634362702862, 0.1966711132387459, -0.43479605933135135, -0.5915808146032636, 0.48321234138728053, 0.5697884020889775, 0.45952887030018774, 0.02657612897161024, 0.13433112551213103, -0.039873948740028226], [-0.6526872864072172, -0.6881279685512102, -0.6157584017506775, 0.07927113101584976, -0.230515618760499, -0.21062387270822402, 0.511170964315194, -0.43116321223539555, 0.18750483381355298, -0.11139808223960415, 0.6419806798870246, 0.40442050806533625, -0.09700335907316611]], "inverted": false, "swapped": true, "error_lsq": 0.04660242142561758, "error_max": 0.3269556841059155, "target": "905.xyz", "model": "4.xyz", "model_rescale": 3.8936222436046832, "target_rescale": 4.024952579418496},
{"mapping": [7, 2, 3, 8, 1, 0, 5, 10, 9, 6, 12, 13], "R": [[-0.35780236867936954, -0.7923778790715057, -0.49407971191456057], [-0.20482053302256603, 0.582818642141244, -0.7863656780563282], [0.9110576349604809, -0.18016583230673655, -0.3708291502153471]], "T": [-0.1808328460494193, -0.03797416516965399, 0.036405624357302026], "aligned_model": [[0.0417970450927963, -0.5517683641908319, -0.22472184697944342, 0.43111945164383325, -0.6749660698449906, -0.7374016472037784, -0.1127321677869938, 0.14650252053727986, 0.5932502513695467, 0.2720287513599631, 0.03769682074562247, -0.19325670252790636], [-0.5809001618821165, -0.4989009261450682, 0.10775914622713434, 0.13803727331352045, 0.3785916891985637, -0.030902672733547368, -0.20182206766160343, 0.3252257096230241, 0.00042812942959438716, -0.5943989584075092, 0.6408888157856275, -0.01508307163781282], [-0.6240499546152044, -0.1709001427058764, -0.6501473223200475, -0.4087315572386671, -0.33038443785813587, 0.3369522389798513, 0.7513565895348341, 0.5090384817526927, 0.15460813599855727, 0.13228042790983394, -0.10213868761458869, 0.021400947452268948]], "inverted": true, "swapped": true, "error_lsq": 0.036222699090414985, "error_max": 0.19556009200312413, "target": "905.xyz", "model": "5.xyz", "model_rescale": 3.6523030999806103, "target_rescale": 4.024952579418496},
{"mapping": [4, 6, 9, 5, 10, 2, 8, 0, 3, 1, 12, 11, 13], "R": [[-0.8250112712884972, 0.007953147306363206, 0.5650603062460339], [0.537847837585407, 0.31790323876672444, 0.7808055035579149], [-0.17342464026671617, 0.9480898049391475, -0.2665513382423916]], "T": [0.01308174876949715, -0.08368738619587751, 0.029382855828293586], "aligned_model": [[0.24217199967331932, -0.049663851751726426, 0.12974899428831826, 0.6562788872583518, 0.5631936154607963, -0.3076589744529284, -0.3736972575683725, 0.30970543232068587, -0.6079183827185995, -0.22242088523149967, 0.061385683303491215, 0.47500163587289285, 0.004956008209565458], [-0.7447805228673314, -0.02133163655455128, 0.5626655981809097, -0.2178235441405471, 0.31608657542975993, -0.6103100825418615, 0.5828964694407914, -0.5849323512195685, 0.05671952830688723, -0.2168787243406155, 0.48338355969857877, 0.01464865901343243, -0.07951662424270073], [0.5080661639473536, 0.7477552557686751, 0.4574807244387328, 0.36246490624634076, 0.030839869608328574, 0.1425917018599479, 0.12777348154544702, -0.21742674564554, -0.26922077123648314, -0.66273583373726, -0.4221721915266328, -0.43605278206110176, 0.0007459602739812617]], "inverted": false, "swapped": true, "error_lsq": 0.043269323358223505, "error_max": 0.2501051003006638, "target": "905.xyz", "model": "6.xyz", "model_rescale": 4.08911054899281, "target_rescale": 4.024952579418496},
{"mapping": [3, 4, 8, 5, 9, 1, 11, 10, 12, 13, 2, 6, 7, 14], "R": [[9.163810114148907e-05, 0.9777376990036815, 0.20983084508585675], [0.37918442222447507, -0.19419488730648232, 0.9047140541001415], [0.9253211148270364, 0.07948168148076012, -0.3707607001345228]], "T": [0.01997169842801224, 0.03963505328004892, 0.02829102270397736], "aligned_model": [[-0.4696644909921031, 0.206550942346509, -0.04329767679948635, 0.7049817507921737, -0.5869712593028291, -0.5587034177245279, 0.056251840353118594, 0.4897327256682928, 0.5946081716597316, 0.16018792837905163, -0.3220350186090785, -0.16279012156785141, 0.3510078020860304, -0.09605374646499104], [-0.5375984574758027, -0.5745184533404897, -0.11953485357407169, -0.2938818552274429, 0.2316516052974661, 0.4408118305149935, 0.5753210014219495, 0.22026660367528422, 0.4542906178862015, 0.5702689817812572, 0.028236540473206354, -0.34880961612285677, -0.2031794899939755, 0.12480767913301997], [-0.20302977691507218, -0.2630046101962655, -0.6318687308370549, 0.03366963618535364, -0.4292100130544905, 0.23356732968708444, -0.20889114193401498, -0.48743343743918194, 0.10481294364276099, 0.5127098137653019, 0.7583876072039721, 0.28295123243007936, 0.6846028085093181, -0.053247204090122]], "inverted": false, "swapped": false, "error_lsq": 0.04707936088144699, "error_max": 0.24785061173789902, "target": "905.xyz", "model": "7.xyz", "model_rescale": 3.964800864290218, "target_rescale": 4.024952579418496},
{"mapping": [12, 8, 9, 5, 11, 4, 6, 10, 3, 0, 2, 7, 1, 13], "R": [[-0.624348591218692, -0.7810312996380098, -0.013377056066111948], [-0.7167678966098738, 0.5796168614898526, -0.387670061090756], [0.3105360188974734, -0.23245301216033837, -0.9217011327458016]], "T": [0.025106202976467422, 0.08716731624006632, 0.07528514791441303], "aligned_model": [[-0.5610700271881337, 0.2737901596754735, -0.0900511721814517, 0.7898913315894955, -0.43294435893560385, -0.5994655275898105, -0.09348504090241183, 0.4333992137786831, 0.5325236689928461, 0.24595084986814317, -0.33685973961106747, -0.20751480270279113, 0.3109979459619812, 0.05864292906868755], [-0.3390329267393464, -0.5988082814661554, -0.2724267332891658, -0.1388959011972206, 0.34310650771938356, 0.41043449137423793, 0.6432801370929302, 0.08603465380879202, 0.6024497093411294, 0.46801853829655515, 0.15112536074802735, -0.5072683832742808, -0.3120318195698637, 0.032146781603716354], [-0.1378479498505179, -0.16689526095343798, -0.5002907595717506, -0.17585196949883675, -0.5664454322285541, 0.09768786810772313, -0.03952108247779759, -0.6377573104379001, 0.12982198174225362, 0.6403863433830772, 0.6261923567105286, 0.39054191916821496, 0.6427583652856865, 0.031237387578979356]], "inverted": false, "swapped": false, "error_lsq": 0.05383733004135428, "error_max": 0.35758963515690123, "target": "905.xyz", "model": "8.xyz", "model_rescale": 4.121658175737393, "target_rescale": 4.024952579418496},
{"mapping": [0, 11, 10, 5, 1, 2, 8, 7, 9, 3, 4, 6, 13], "R": [[-0.22603719323934748, -0.842520882217544, -0.48894350420048455], [0.8454404079663559, -0.41900352873203733, 0.3311594170302013], [-0.48387777780154345, -0.338518250523472, 0.8070115799741464]], "T": [-0.08312306076008658, -0.0502211783722671, -0.08095656728998832], "aligned_model": [[-0.5963572644101804, -0.2555910405699229, 0.2791786721257409, 0.0850959304244368, -0.6440842155648505, -0.44895988787922236, 0.4555241737133713, 0.08600993785215477, 0.6959754600434901, -0.22266836429305575, -0.2696253916956279, 0.41095021129276704, -0.0987107246039036], [0.23690230243656624, -0.16419638317122087, 0.0013915995809154619, 0.5685590383600123, -0.5314563587150638, 0.1620638291396167, -0.5733910176044335, -0.18955849371819844, -0.09460988042667894, -0.6394409259902313, 0.7535519463861207, 0.3354892470947324, -0.07491746396042734], [-0.31397558573402645, -0.710984139335752, -0.6541214516448128, -0.44351985076573264, -0.15818989963214303, 0.3817753315119643, 0.11845563815404947, 0.7749134108403022, -0.15636445620177417, 0.27662781201589537, 0.11354235907422514, 0.2809871084708363, -0.08807084279394282]], "inverted": true, "swapped": true, "error_lsq": 0.04374726275337122, "error_max": 0.28958631018586417, "target": "905.xyz", "model": "9.xyz", "model_rescale": 3.833441315466971, "target_rescale": 4.024952579418496},
{"mapping": [8, 2, 0, 5, 10, 11, 12, 1, 4, 6, 7, 9, 3, 14], "R": [[0.795784002752696, 0.37956271782408474, 0.47186858785141783], [-0.5390901894946893, 0.08903936337796804, 0.8375283633166257], [0.2758796631748649, -0.9208713998204312, 0.2754746384683764]], "T": [0.024682107575145364, 0.09230716539131179, -0.02383447595005572], "aligned_model": [[-0.6146888101537479, 0.20753291816172392, 0.12912333900277037, 0.60105418065588, -0.6113303954375241, -0.5944210273729903, -0.11791845336068457, 0.43532212644902535, 0.7057466818792242, 0.3939958516882207, -0.2755628616534355, -0.2461878008271383, 0.2924527815722504, 0.018686899220465725], [-0.3535089470675023, -0.5986487144893197, 0.08857214814270051, -0.18132548874918603, 0.048141246393618886, 0.3138590330504361, 0.6587053747589038, 0.5099384788344635, 0.16111379220141925, 0.6233686616370621, 0.11678712467412058, -0.5451548608188191, -0.30078385483245457, 0.027068140713296274], [-0.02732529410098333, 0.0522957286592072, -0.696813703361794, -0.24823502280244994, -0.5427676230225069, 0.15772311622861077, -0.1717473075663314, -0.47390979614083495, 0.38522453424927616, 0.18307278264500232, 0.5704446393049368, 0.39828136643793993, 0.7028705300284407, 0.04490250639915558]], "inverted": true, "swapped": false, "error_lsq": 0.04710262554305642, "error_max": 0.34914775376270357, "target": "905.xyz", "model": "10.xyz", "model_rescale": 4.2482417240324, "target_rescale": 4.024952579418496},
{"mapping": [8, 6, 5, 4, 12, 11, 10, 0, 2, 1, 3, 13], "R": [[-0.8970083454712348, -0.19111013444428204, -0.39856360178476713], [-0.031182659555899772, -0.8720928576423954, 0.48834587066150326], [-0.4409123154301531, 0.45047859456561223, 0.7763152490710279]], "T": [-0.0339903611472718, 0.006152201660269384, -0.06452849233957675], "aligned_model": [[-0.794131694864577, -0.06156657091397606, 0.4376262923565437, 0.6870352616318749, -0.5301066148104983, 0.08157889265160773, -0.09306575238207729, 0.5266420460997671, 0.26044754346172194, -0.09686890585103636, -0.49679151452251213, -0.04403338049383166], [-0.1432856206421304, -0.6904895649124706, -0.13293934622280382, -0.43954126725846515, 0.49958140041904003, 0.5937809635410366, 0.2017994268828315, 0.28468368794473753, -0.24207816786145686, 0.5837238896623818, 0.11952425494646979, 0.03137173355146926], [-0.005653696304576156, 0.12992961784233015, 0.48398768206592896, -0.0765106016786325, 0.13092221045846925, 0.22008787875206698, 0.5840674300734183, -0.15540543703571486, -0.5592105342981968, -0.5278717101149744, -0.5817143979991164, -0.07743615190664604]], "inverted": false, "swapped": true, "error_lsq": 0.03822178286724445, "error_max": 0.19305495379072515, "target": "905.xyz", "model": "11.xyz", "model_rescale": 3.6694154284099745, "target_rescale": 4.024952579418496},
{"mapping": [7, 10, 12, 2, 5, 6, 0, 1, 3, 4, 11, 9, 8, 13], "R": [[-0.20588270140382187, -0.8560539952634314, 0.4741137737465363], [-0.44339757766701227, 0.5135115311889905, 0.7346458299445826], [-0.8723593877420536, -0.05897003077373675, -0.4852954090951757]], "T": [-0.04258866827027518, 0.029506881077007982, -0.003989037703099899], "aligned_model": [[-0.6117928568379236, 0.029872002198673815, 0.07405058613548621, 0.5680811970121107, -0.6680303843441409, -0.4957436301582911, -0.1024616484110632, 0.6436145426200961, 0.6932159258961808, 0.18988110354336912, -0.2171856726403793, -0.18483762886800217, 0.4179923614047733, -0.01285046772684962], [-0.4433520810358315, -0.5780467903154846, -0.1284348805373825, -0.17827537587599623, 0.14478226921504297, 0.33871639611098586, 0.6593268154421874, 0.41635358749510737, 0.30985095099480864, 0.647503964102469, 0.08764627140151242, -0.5839943543282439, -0.2629202272983305, 0.1389755890778948], [-0.07163748288964868, -0.17474258794770248, -0.6545412527760331, -0.10509503517024, -0.49399417763622866, 0.13346964620735036, -0.3363742674452776, -0.313744220385772, 0.34421736986112267, 0.330250487660412, 0.7109685458392772, 0.49407494840228505, 0.5203670938542607, -0.049202610616136525]], "inverted": true, "swapped": false, "error_lsq": 0.0446680838767341, "error_max": 0.2741971968481255, "target": "905.xyz", "model": "12.xyz", "model_rescale": 3.9764082729961374, "target_rescale": 4.024952579418496},
{"mapping": [13, 10, 14, 8, 6, 5, 4, 3, 2, 0, 9, 12, 1, 15], "R": [[-0.9989218665476437, -0.019248617838605618, -0.04224446998454597], [0.019023516218760826, 0.6603466279240556, -0.7507199456654949], [0.042346314640667786, -0.7507142077386257, -0.6592685097406985]], "T": [0.0020125212109848648, 0.03826549369026851, 0.01064829137990297], "aligned_model": [[-0.36241493064105407, 0.3424105990044976, -0.11188475972163725, 0.6664199984603596, -0.5887990198054768, -0.6495626692262684, -0.16976910566210096, 0.5313924266442646, 0.6627969330103124, 0.12788224969179937, -0.17041630528014506, -0.26413860087486585, 0.29197838489590416, 0.01791022932845106], [-0.3770688847781025, -0.6831405202783992, -0.10477800973931949, -0.17130442033835913, 0.19397278634648785, 0.44787498034330947, 0.7238119110275392, 0.184168401260407, 0.20860540921257986, 0.6011187691744969, 0.14843561419320955, -0.442261376225291, -0.2724788522508101, 0.11117632650099123], [-0.2523546222652138, 0.10989248820060149, -0.7674095503631221, -0.1089175564099416, -0.44799728825066115, 0.3430542863396927, -0.11733961478351818, -0.627248804239479, 0.4236952478013104, 0.4516255416220245, 0.5760065590835614, 0.3354113472373475, 0.48253845616839036, -0.06694003318332366]], "inverted": false, "swapped": false, "error_lsq": 0.04053020680906342, "error_max": 0.2426135278618807, "target": "905.xyz", "model": "13.xyz", "model_rescale": 4.170626492500431, "target_rescale": 4.024952579418496},
{"mapping": [11, 9, 12, 7, 5, 6, 4, 8, 0, 2, 3, 9, 1, 13], "R": [[-0.8337256442293601, 0.5012334871857718, 0.23166040118658462], [-0.06514538250743757, -0.5058954501739412, 0.8601313112724505], [0.548322559532524, 0.7020219261653415, 0.45443105735722517]], "T": [0.0745625695777074, 0.11675262781008669, 0.03325541304613474], "aligned_model": [[-0.5009389259382506, 0.023587074518485268, -0.09026300054714015, 0.8261786402794316, -0.6891644434319679, -0.7130146297351951, 0.12304617568964703, 0.5367763905993337, 0.5640126950083291, 0.062196509758358526, -0.27123325062757325, 0.023587074518485268, 0.4525592963216515, -0.02352417658955472], [-0.29210756095781454, -0.6798199938651325, 0.09930111849841314, -0.1695398951315363, 0.20386701442641866, 0.38607190688996007, 0.7182585959776514, 0.22671685397691801, 0.2874239844556955, 0.6655783144064444, -0.00015655332867801908, -0.6798199938651325, -0.2950988356068929, 0.09745717857242514], [-0.0026754348525374685, 0.1717472747738686, -0.6796499786026705, -0.06940751336563791, -0.452905014796369, 0.15441047100257735, -0.3394415694882071, -0.5375532636792997, 0.32849814244785697, 0.3959806720686145, 0.6182606254365067, 0.1717472747738686, 0.5608076062436446, 0.014197164995452899]], "inverted": true, "swapped": false, "error_lsq": 0.05666423782543521, "error_max": 0.4821128725761394, "target": "905.xyz", "model": "14.xyz", "model_rescale": 3.9786697098870705, "target_rescale": 4.024952579418496},
{"mapping": [6, 8, 5, 4, 10, 11, 3, 1, 0, 2, 12, 13], "R": [[0.9538240151084556, 0.19867503581205304, 0.22527311945162032], [0.11670280317816813, 0.4459440448939677, -0.8874200609373019], [-0.27676741848119024, 0.8727325701317022, 0.4021662058136802]], "T": [0.007944968562882827, -0.05092243425641245, -0.03424247541478473], "aligned_model": [[-0.05358714400588456, -0.7442367575729526, 0.5444332255160728, 0.6736417987394158, 0.06933960540926931, 0.22068427678482855, -0.5173735294694688, -0.07253585269799087, 0.5709482866098881, 0.19713923810378414, -0.403497270827044, -0.0016012798225808998], [-0.5168631270626873, -0.018082647075474592, 0.05287260594429764, -0.5435835869755904, 0.47024846999898423, 0.5690247460430891, -0.16050114002361998, 0.1864325422072715, 0.03826972709213651, -0.5710370836303003, 0.5433059028714553, -0.035411919165122624], [-0.5846943123671535, -0.2259634988143995, -0.5282522525651558, -0.2153416382494361, -0.46674218209874263, 0.06614563783810368, 0.42023785849646156, 0.6653396542749548, 0.24001857943403362, 0.26022076259522553, 0.039328276660062333, -0.010330391330124096]], "inverted": true, "swapped": true, "error_lsq": 0.043094736936960594, "error_max": 0.27717045496689985, "target": "905.xyz", "model": "15.xyz", "model_rescale": 3.769337070930944, "target_rescale": 4.024952579418496},
{"mapping": [12, 9, 1, 3, 11, 10, 0, 6, 2, 7, 13], "R": [[0.9977076714811941, 0.057382470105929576, 0.03586996504202661], [-0.06755193813277022, 0.8759894917515104, 0.47757632478530326], [-0.004017203266016952, -0.47890464861543486, 0.8778577331278951]], "T": [0.07922650591144567, 0.045304456435956486, 0.019760458107920917], "aligned_model": [[-0.27042253355960677, -0.14902092601093428, -0.12082605617796466, -0.5391754705132701, 0.33289047696105667, 0.2878062577902729, 0.5777565648648934, 0.08461903944191018, 0.14332702450997223, -0.4909329025024691, 0.06660465588730999], [0.003300211138351078, -0.6970893890284453, 0.7003594733684831, 0.37894824464729965, 0.16396425348073368, -0.38455854698974823, 0.4313988809336355, -0.4857687281500723, 0.39492717937399135, 0.024667909360347073, 0.06591500949076623], [-0.6156810271090551, -0.08703701253602932, -0.2685303686922432, 0.04769268298618784, -0.5812759262010192, -0.4641369427422974, -0.030697243746480876, 0.511508714932468, 0.5361686239811686, 0.6943170977268747, 0.0018890086242031104]], "inverted": true, "swapped": true, "error_lsq": 0.04270425032241906, "error_max": 0.24972102266404717, "target": "905.xyz", "model": "16.xyz", "model_rescale": 3.7852294659196426, "target_rescale": 4.024952579418496},
{"mapping": [6, 5, 0, 4, 9, 10, 12, 11, 2, 7, 8, 1, 13], "R": [[0.22861328593637475, -0.47665386572826285, -0.8488445427636777], [0.9198597909266921, -0.17971509619744352, 0.348655201072702], [-0.3187380280570174, -0.8605251748118978, 0.3973694665991302]], "T": [0.05642767421045855, 0.08758410638171697, 0.038189445012114034], "aligned_model": [[-0.13509631180330242, -0.3714618247336361, 0.26909755698784926, 0.23252354973090153, -0.5824096192419128, -0.5900453159789882, -0.24828486658117158, -0.19851072907770442, 0.6060290328404196, 0.48551184544381654, -0.17058594500740543, 0.4903960986058469, 0.0666023790315701], [-0.13656916228697624, -0.5107955923216496, -0.330951103080344, -0.7131484390209318, 0.2996541964077517, 0.06086031002113583, 0.6538447263852933, 0.0939900529139734, -0.15342877423341467, 0.34897912101545736, 0.7370283675798538, 0.41836086512165116, 0.10723105520107401], [-0.6228385648488489, 0.07680334163157429, 0.4621551315773704, -0.17740698641189695, -0.36376129961877646, 0.24748091837209374, 0.3762779929966355, 0.6502643320026175, -0.1431209425267002, -0.6885111112376616, -0.32278107989896954, 0.542657329152839, 0.05853563595289686]], "inverted": false, "swapped": true, "error_lsq": 0.041608697227197323, "error_max": 0.2747378070968907, "target": "905.xyz", "model": "17.xyz", "model_rescale": 3.901054581598922, "target_rescale": 4.024952579418496},
{"mapping": [2, 0, 8, 1, 5, 13, 10, 4, 6, 11, 12, 3, 7, 14], "R": [[-0.435566405960984, 0.8897429526792153, 0.1365261299382041], [-0.06993294198082892, 0.1177633300396645, -0.9905761867336987], [-0.8974359529371094, -0.4410093834099692, 0.010928591868193116]], "T": [0.009352411292392485, 0.0880541536439496, -0.01965680599315518], "aligned_model": [[-0.5380795890184458, 0.1502353659661825, -0.014163549594354103, 0.6083194524102716, -0.4999136702839799, -0.6914408262300958, 0.11732434023579051, 0.48726413775648403, 0.6638040513738616, 0.18148695077852664, -0.17719228403306625, -0.32519776930323013, 0.3729718747598511, -0.011613054993755185], [-0.466820557412119, -0.6527181402296899, -0.07989731995279546, -0.2550068959484616, 0.23330285647314364, 0.03057010317446634, 0.8612746327089625, 0.3273849993409056, 0.3037449826238935, 0.6510013140841682, 0.11080288169716633, -0.4495778450774916, -0.1593477950622716, 0.11341891802886232], [-0.29564659213428635, 0.06348716679534325, -0.661262256593544, -0.11574608397401255, -0.35077146812382015, 0.16224047404409575, -0.27050716266735825, -0.6026620357431975, 0.2784979564352871, 0.5190371551711291, 0.6991329241053651, 0.4074660102166555, 0.4765792118060833, 0.02417115761992818]], "inverted": true, "swapped": false, "error_lsq": 0.039296787673607385, "error_max": 0.24973132607360177, "target": "905.xyz", "model": "18.xyz", "model_rescale": 3.9405287249114394, "target_rescale": 4.024952579418496},
{"mapping": [4, 13, 12, 14, 0, 8, 1, 3, 10, 2, 5, 9, 11, 15], "R": [[0.6503800688697017, -0.25421370071327065, 0.7158080471653738], [0.34457313773773734, -0.7410729787873743, -0.5762639958046819], [0.6769602047141416, 0.6214388421082734, -0.3943838824705136]], "T": [-0.04270631362321808, -0.0263069629672806, -0.04811775861656767], "aligned_model": [[-0.5462611786292391, 0.19910862112428218, 0.11330015168996416, 0.6831392208821667, -0.6011816147008392, -0.7002481616777422, -0.06493793932725986, 0.5539938220369753, 0.6315175945418626, 0.1698678351074444, -0.23866718141005192, -0.22382631684667512, 0.37132495804128773, -0.023324381008135782], [-0.27963791863967274, -0.6506933100680727, -0.11428980527662, -0.27295339582756767, 0.27774629706319875, 0.15728414487390646, 0.5655108246042017, 0.40329860565873493, 0.2604674194639211, 0.6710869950886328, 0.2490123559810478, -0.43687716851904507, -0.2622872844873298, 0.00046437453340394605], [-0.5138654944596512, 0.006627764115053808, -0.565862931891075, -0.1579028180375743, -0.3095201516948436, 0.27777360167800036, -0.3392824630571811, -0.47802076905332846, 0.23663935224518748, 0.424935284468019, 0.7115277203201054, 0.5744876522995693, 0.4923492578044001, -0.025869547779012875]], "inverted": false, "swapped": false, "error_lsq": 0.04324532413228338, "error_max": 0.38031943924490175, "target": "905.xyz", "model": "19.xyz", "model_rescale": 4.410303926677745, "target_rescale": 4.024952579418496},
{"mapping": [12, 8, 9, 5, 11, 4, 6, 10, 3, 0, 2, 7, 1, 13], "R": [[-0.624348591218692, -0.7810312996380098, -0.013377056066111948], [-0.7167678966098738, 0.5796168614898526, -0.387670061090756], [0.3105360188974734, -0.23245301216033837, -0.9217011327458016]], "T": [0.025106202976467422, 0.08716731624006632, 0.07528514791441303], "aligned_model": [[-0.5610700271881337, 0.2737901596754735, -0.0900511721814517, 0.7898913315894955, -0.43294435893560385, -0.5994655275898105, -0.09348504090241183, 0.4333992137786831, 0.5325236689928461, 0.24595084986814317, -0.33685973961106747, -0.20751480270279113, 0.3109979459619812, 0.05864292906868755], [-0.3390329267393464, -0.5988082814661554, -0.2724267332891658, -0.1388959011972206, 0.34310650771938356, 0.41043449137423793, 0.6432801370929302, 0.08603465380879202, 0.6024497093411294, 0.46801853829655515, 0.15112536074802735, -0.5072683832742808, -0.3120318195698637, 0.032146781603716354], [-0.1378479498505179, -0.16689526095343798, -0.5002907595717506, -0.17585196949883675, -0.5664454322285541, 0.09768786810772313, -0.03952108247779759, -0.6377573104379001, 0.12982198174225362, 0.6403863433830772, 0.6261923567105286, 0.39054191916821496, 0.6427583652856865, 0.031237387578979356]], "inverted": false, "swapped": false, "error_lsq": 0.05383733004135428, "error_max": 0.35758963515690123, "target": "905.xyz", "model": "20.xyz", "model_rescale": 4.121658175737393, "target_rescale": 4.024952579418496},
{"mapping": [4, 6, 9, 5, 10, 2, 8, 0, 3, 1, 12, 11, 13], "R": [[-0.8250112712884972, 0.007953147306363206, 0.5650603062460339], [0.537847837585407, 0.31790323876672444, 0.7808055035579149], [-0.17342464026671617, 0.9480898049391475, -0.2665513382423916]], "T": [0.01308174876949715, -0.08368738619587751, 0.029382855828293586], "aligned_model": [[0.24217199967331932, -0.049663851751726426, 0.12974899428831826, 0.6562788872583518, 0.5631936154607963, -0.3076589744529284, -0.3736972575683725, 0.30970543232068587, -0.6079183827185995, -0.22242088523149967, 0.061385683303491215, 0.47500163587289285, 0.004956008209565458], [-0.7447805228673314, -0.02133163655455128, 0.5626655981809097, -0.2178235441405471, 0.31608657542975993, -0.6103100825418615, 0.5828964694407914, -0.5849323512195685, 0.05671952830688723, -0.2168787243406155, 0.48338355969857877, 0.01464865901343243, -0.07951662424270073], [0.5080661639473536, 0.7477552557686751, 0.4574807244387328, 0.36246490624634076, 0.030839869608328574, 0.1425917018599479, 0.12777348154544702, -0.21742674564554, -0.26922077123648314, -0.66273583373726, -0.4221721915266328, -0.43605278206110176, 0.0007459602739812617]], "inverted": false, "swapped": true, "error_lsq": 0.043269323358223505, "error_max": 0.2501051003006638, "target": "905.xyz", "model": "21.xyz", "model_rescale": 4.08911054899281, "target_rescale": 4.024952579418496},
{"mapping": [7, 12, 4, 14, 0, 6, 1, 2, 15, 11, 5, 10, 9, 16], "R": [[-0.19627906242102863, -0.00014543575690767474, -0.9805480653713834], [0.9556778475517853, 0.22376591902432247, -0.19133391017273227], [0.21944106578739708, -0.9746429050332441, -0.043781575056755284]], "T": [0.03775323150663178, 0.046437575217608086, -0.001257788697186256], "aligned_model": [[-0.48763025937474747, 0.15499142388704082, 0.05882953898620284, 0.5911564223023166, -0.5089760127623213, -0.6956816104434836, -0.0032864474235377514, 0.4213167826932666, 0.6798522320799041, 0.2398630714190157, -0.08045383803465886, -0.3642271217305752, 0.3016910208485923, 0.016360227377026023], [-0.4171569877220258, -0.6802427096636594, 0.04272174681096506, -0.27828717156416233, 0.20882310992740868, 0.13924646907053273, 0.8177843935434232, 0.4044684562970873, 0.387109092118973, 0.6200493150216331, 0.04356472868495104, -0.4426055266528444, -0.3111922655842484, 0.03384948416070549], [-0.12311203249500943, 0.0549603208969579, -0.6982758428034183, -0.012272923364249413, -0.5254690722054546, 0.09373679213127192, -0.18384533448821164, -0.4971879448359337, 0.054945493494349525, 0.46351550531618274, 0.6942620811925446, 0.4991261132612534, 0.5555054930373731, -0.041872192179987604]], "inverted": true, "swapped": false, "error_lsq": 0.03820872606547843, "error_max": 0.23733002177973883, "target": "905.xyz", "model": "22.xyz", "model_rescale": 4.204369325754507, "target_rescale": 4.024952579418496},
{"mapping": [4, 13, 12, 14, 0, 8, 1, 3, 10, 2, 5, 9, 11, 15], "R": [[0.6503800688697017, -0.25421370071327065, 0.7158080471653738], [0.34457313773773734, -0.7410729787873743, -0.5762639958046819], [0.6769602047141416, 0.6214388421082734, -0.3943838824705136]], "T": [-0.04270631362321808, -0.0263069629672806, -0.04811775861656767], "aligned_model": [[-0.5462611786292391, 0.19910862112428218, 0.11330015168996416, 0.6831392208821667, -0.6011816147008392, -0.7002481616777422, -0.06493793932725986, 0.5539938220369753, 0.6315175945418626, 0.1698678351074444, -0.23866718141005192, -0.22382631684667512, 0.37132495804128773, -0.023324381008135782], [-0.27963791863967274, -0.6506933100680727, -0.11428980527662, -0.27295339582756767, 0.27774629706319875, 0.15728414487390646, 0.5655108246042017, 0.40329860565873493, 0.2604674194639211, 0.6710869950886328, 0.2490123559810478, -0.43687716851904507, -0.2622872844873298, 0.00046437453340394605], [-0.5138654944596512, 0.006627764115053808, -0.565862931891075, -0.1579028180375743, -0.3095201516948436, 0.27777360167800036, -0.3392824630571811, -0.47802076905332846, 0.23663935224518748, 0.424935284468019, 0.7115277203201054, 0.5744876522995693, 0.4923492578044001, -0.025869547779012875]], "inverted": false, "swapped": false, "error_lsq": 0.04324532413228338, "error_max": 0.38031943924490175, "target": "905.xyz", "model": "23.xyz", "model_rescale": 4.410303926677745, "target_rescale": 4.024952579418496},
{"mapping": [3, 10, 4, 9, 2, 0, 5, 15, 14, 13, 7, 1, 11, 16], "R": [[-0.36848326007022286, -0.17136959578852845, -0.9137026587940397], [0.7122162736209106, -0.6837174344575726, -0.15899197906906948], [-0.597468046541039, -0.7093397856161965, 0.3739906441402026]], "T": [0.11548568068508269, 0.10699074100420114, 0.051682721969331887], "aligned_model": [[-0.5900954179068317, 0.19453860525947114, -0.12844497326775442, 0.6559934465104789, -0.6524384177040691, -0.6188815063035398, -0.046538715955181, 0.6448796317791116, 0.7215909965692113, 0.23482366637388957, -0.17853978569858814, -0.3483333009542066, 0.4191160274985617, 0.016135173623486793], [-0.3757683170056699, -0.5148216537729684, -0.07251905821729487, -0.16818453979284992, 0.14079972869415053, 0.27008740246825946, 0.5131550850977514, 0.37776585802924534, 0.3132737937353284, 0.623468715358356, 0.14378480970708218, -0.479880934776011, -0.2440383200361801, 0.04100956495954011], [-0.2282279599513668, -0.12405551261077458, -0.5665069261458319, -0.10500136640305821, -0.44029642661622465, 0.1186911153231768, -0.40040206422496954, -0.3429526431208687, 0.2713043015728929, 0.5134137811454546, 0.6467676892710195, 0.47214548846400684, 0.48215768919715757, 0.0369792910570551]], "inverted": true, "swapped": false, "error_lsq": 0.03876806642286078, "error_max": 0.29063170853281217, "target": "905.xyz", "model": "24.xyz", "model_rescale": 4.28219845311461, "target_rescale": 4.024952579418496},
{"mapping": [4, 2, 13, 14, 7, 3, 9, 12, 10, 5, 1, 0, 6, 15], "R": [[0.4170212247308045, -0.55428271225663, -0.7203221314227782], [0.1856061796169265, 0.8277569001450777, -0.5294986877700656], [0.8897435834059325, 0.0871159523603231, 0.4480704929275357]], "T": [0.03404757998425993, 0.08783443327358592, -0.0004994460906499985], "aligned_model": [[-0.5853357165893155, 0.1765026948545801, 0.032556633810196356, 0.7335254579936665, -0.516192326244407, -0.6693421033540475, -0.13357251138752502, 0.4802197278560246, 0.742558850879453, 0.06855655771644839, -0.29826684997254455, -0.18732109681533643, 0.46930042559577995, 0.010615685481067519], [-0.30024582655403964, -0.567619075484004, -0.09941909670125154, -0.1728822982519232, 0.18865632743485589, 0.3642437869157151, 0.6782139106083467, 0.31682636630682837, 0.16996140712210672, 0.778210431864917, 0.18890641669098607, -0.5609464631189496, -0.44301510116584447, 0.027241348780995808], [-0.020664189666632967, -0.13785760017175064, -0.5642816287893172, -0.15183387367651832, -0.5414402903623936, 0.16945986507587749, -0.2837471496811978, -0.5774855891670843, 0.3473104991507724, 0.49696491639076784, 0.5373006772425715, 0.441805233337344, 0.5834105359558432, 0.03507505131938696]], "inverted": true, "swapped": false, "error_lsq": 0.04033316912292602, "error_max": 0.23265588051995034, "target": "905.xyz", "model": "25.xyz", "model_rescale": 4.100010024507729, "target_rescale": 4.024952579418496},
{"mapping": [8, 6, 5, 4, 12, 11, 10, 0, 2, 1, 3, 13], "R": [[-0.8970083454712348, -0.19111013444428204, -0.39856360178476713], [-0.031182659555899772, -0.8720928576423954, 0.48834587066150326], [-0.4409123154301531, 0.45047859456561223, 0.7763152490710279]], "T": [-0.0339903611472718, 0.006152201660269384, -0.06452849233957675], "aligned_model": [[-0.794131694864577, -0.06156657091397606, 0.4376262923565437, 0.6870352616318749, -0.5301066148104983, 0.08157889265160773, -0.09306575238207729, 0.5266420460997671, 0.26044754346172194, -0.09686890585103636, -0.49679151452251213, -0.04403338049383166], [-0.1432856206421304, -0.6904895649124706, -0.13293934622280382, -0.43954126725846515, 0.49958140041904003, 0.5937809635410366, 0.2017994268828315, 0.28468368794473753, -0.24207816786145686, 0.5837238896623818, 0.11952425494646979, 0.03137173355146926], [-0.005653696304576156, 0.12992961784233015, 0.48398768206592896, -0.0765106016786325, 0.13092221045846925, 0.22008787875206698, 0.5840674300734183, -0.15540543703571486, -0.5592105342981968, -0.5278717101149744, -0.5817143979991164, -0.07743615190664604]], "inverted": false, "swapped": true, "error_lsq": 0.03822178286724445, "error_max": 0.19305495379072515, "target": "905.xyz", "model": "26.xyz", "model_rescale": 3.6694154284099745, "target_rescale": 4.024952579418496},
{"mapping": [5, 1, 0, 6, 4, 8, 10, 2, 12, 9, 7, 7, 3, 13], "R": [[-0.4515387625628208, 0.8551763264508039, -0.25453132730833905], [0.08919700593939772, -0.24057559234602988, -0.9665232943384262], [-0.8877818651192891, -0.45912616462739864, 0.032350037401079335]], "T": [0.008796198027168672, 0.13143180982227934, 0.0005182765254527731], "aligned_model": [[-0.47570938361098464, 0.1754559149867589, -0.06969096765792385, 0.5883869902550597, -0.45439596762781603, -0.5766222681884623, -0.14270382181763064, 0.40646449381885336, 0.7537414019420879, 0.06026074849820337, -0.1827302069626797, -0.1827302069626797, 0.38323900554081014, 0.04083969761044401], [-0.4840573037335262, -0.7252542692426326, -0.19167327694679145, -0.2292565416329079, 0.40572247299854114, 0.34831960879901724, 0.6990822424902361, 0.2769072534992254, 0.3216960375433555, 0.5353393722009714, -0.20240941683511163, -0.20240941683511163, -0.12661996157450714, 0.14274533371798076], [-0.11086391315006786, -0.1334972239776079, -0.5707751777165975, -0.07137649723159195, -0.6205680458638733, 0.13690777208436145, -0.1287544977603324, -0.5312960407060558, 0.19695905684184037, 0.5473945116723734, 0.49851044141762935, 0.49851044141762935, 0.6683753626702545, -0.04550973274029296]], "inverted": true, "swapped": false, "error_lsq": 0.04841770543316021, "error_max": 0.3618991584833091, "target": "905.xyz", "model": "27.xyz", "model_rescale": 4.103607728864725, "target_rescale": 4.024952579418496},
