[{"mapping": [11, 7, 0, 4, 10, 9, 1, 8, 2, 6, 5, 12], "R": [[0.6869676127491229, 0.6850365364388773, 0.24248802604994266], [-0.5843088952279387, 0.7190999950701789, -0.37613602864864504], [-0.4320400606324334, 0.11670535906244982, 0.8942713487386409]], "T": [-0.06365159636051128, -0.0747232684025004, -0.07137279286645906], "aligned_model": [[-0.2881627135683866, 0.10291808865444589, 0.4266524774493024, -0.13106869920532888, -0.13589893910862255, -0.593064340498659, 0.5169670197125613, -0.11914164231833903, 0.7097566044309768, -0.0019232756793601535, -0.6573654757733703, 0.007973358365328656], [-0.2162037719683729, -0.7707061775813495, -0.2778973892762677, 0.6950147219140554, 0.4213742084187633, -0.6276743603471389, -0.5105058214486178, -0.23588863647779792, 0.19300511731780537, 0.370917710987803, 0.05719903196454387, -0.0450795975263691], [-0.4799764096132789, -0.09469116618332343, -0.4318137488808951, -0.07499785058399158, -0.6996581649681596, 0.08855211963635931, 0.4444329265952305, 0.6394367866696916, 0.0939473768799681, 0.48844501679706853, 0.2210047647592567, -0.012729905754363766]], "inverted": true, "swapped": true, "error_lsq": 0.05357673993537113, "error_max": 0.3923690546952193, "target": "906.xyz", "model": "0.xyz", "model_rescale": 3.751011558992144, "target_rescale": 4.047839787977945},
{"mapping": [9, 10, 5, 13, 2, 1, 8, 11, 4, 6, 3, 7, 14], "R": [[0.3221331061243787, 0.4973719837866798, 0.8055131108074919], [-0.8600380914123277, 0.5093811855004746, 0.029415798101908697], [-0.3956826294626804, -0.7022477608381774, 0.5918473951444453]], "T": [0.012587560162484513, -0.07404121974774008, -0.03047658027148968], "aligned_model": [[-0.5943911515621467, -0.40667221469191545, -0.14255490356737516, -0.3233636144571816, 0.34757921931269375, 0.5688598913853289, 0.4514222867766712, -0.6145071703899483, 0.3185309004261639, -0.030948797481225653, 0.07089084904203906, 0.10302263666009674, -0.03727722415277866], [-0.31902154815394634, -0.051211293566523076, -0.6657396877744235, -0.5626279908092062, -0.7310124125430055, 0.34037654232556935, -0.46016963335450933, 0.4153106217361606, 0.026080895156811654, 0.6532251971193925, -0.167399989270413, 0.4776130151757951, -0.06517688941124065], [-0.10631261089933998, -0.7348584254296815, -0.15661057996358407, 0.3889539547590156, 0.34356558596791276, -0.09759260987611039, -0.3447172254191928, -0.09386398498538422, -0.7529364093036306, -0.21189843598491276, 0.7253612040260504, 0.3261410382319214, -0.009530473801665981]], "inverted": true, "swapped": false, "error_lsq": 0.04762319168758273, "error_max": 0.2899588409713462, "target": "906.xyz", "model": "1.xyz", "model_rescale": 3.9405287249114394, "target_rescale": 4.047839787977945},
{"mapping": [2, 1, 0, 5, 11, 3, 6, 4, 7, 4, 9, 8, 12], "R": [[-0.3006094939148782, 0.26447307623084704, -0.9163448718235039], [-0.6810449534609142, 0.6130931394939263, 0.40036804776468166], [0.6676913235422954, 0.7444264868034143, -0.004183564492650921]], "T": [0.027405324258839476, -0.1090552332600737, -0.05466847164795372], "aligned_model": [[-0.6181634524847329, -0.5146180722291748, -0.18094911555294838, -0.2729130238529436, 0.38335712798844074, 0.4714441059956981, 0.36973113572074595, -0.16483350275811665, 0.38644590900639164, -0.16483350275811665, 0.08442095301294157, -0.010113646959437294, -0.05838420782832637], [-0.2837490236926645, -0.08456644393456898, -0.8588756863458276, -0.6418953720028551, -0.5918484622268929, 0.24408665127796342, -0.4386526027334662, 0.5408700624307997, 0.1302069207984582, 0.5408700624307997, -0.04306164625776203, 0.4715058586850167, -0.09464349179853926], [0.07530330067093285, -0.6315889767569627, -0.3665782403645968, 0.33771725274671943, 0.3298094867874011, -0.1248115273802308, -0.3183620556286623, -0.23449356803632188, -0.7200655961499675, -0.23449356803632188, 0.7470641344261676, 0.4574163996653948, -0.04121601462215385]], "inverted": true, "swapped": false, "error_lsq": 0.05631012815096589, "error_max": 0.39928898605179247, "target": "906.xyz", "model": "2.xyz", "model_rescale": 3.932901565614263, "target_rescale": 4.047839787977945},
{"mapping": [3, 11, 1, 0, 2, 5, 6, 8, 10, 9, 4, 7, 13], "R": [[0.27514973159775635, -0.955233609292552, 0.10872615545307787], [-0.5152750023558537, -0.051047405866862294, 0.855503263758496], [-0.8116552822158294, -0.2914153634113824, -0.5062536803016393]], "T": [-0.08727288047144861, -0.06591261078643464, -0.08331984518598896], "aligned_model": [[-0.5865160201757671, -0.5257922814508406, -0.1544871336967064, -0.28061219051565456, 0.3308642506515263, 0.5198094072000654, 0.5594481687405355, -0.602335706749939, 0.1921039225652909, 0.0657068647929938, 0.3193817545879842, -0.13975813947236962, 0.012777810823302621], [-0.12262101996763265, -0.014054815957218705, -0.7854263841700387, -0.5061976344861554, -0.7016189881539275, 0.28749209500545236, -0.26526369624052637, 0.4305520099336156, -0.2515697492736507, 0.6476077664113764, -0.21544789585946345, 0.4239491202259268, -0.03715398083729622], [0.007377022827912874, -0.8596704119066907, -0.24626399201799942, 0.38328420348951664, 0.2561482601329737, 0.06950651240437429, -0.17661126985184034, -0.24769712734875982, -0.7162696608546104, -0.16863577717506573, 0.6752957431330112, 0.4334231561447706, -0.13418563165619488]], "inverted": false, "swapped": false, "error_lsq": 0.05311925348576641, "error_max": 0.3295650088505392, "target": "906.xyz", "model": "3.xyz", "model_rescale": 3.9243930471874484, "target_rescale": 4.047839787977945},
{"mapping": [4, 7, 8, 10, 11, 5, 9, 2, 1, 0, 6, 3, 12], "R": [[-0.9934614020671585, -0.11326789558724168, 0.014311758522048426], [0.082545328768142, -0.7992203039973987, -0.5953429048681651], [0.07887148598394139, -0.5902688281686095, 0.8033442594499208]], "T": [-0.00734197680928228, -0.19629235657566158, -0.022044426223384435], "aligned_model": [[-0.595880921097462, -0.44078417917466295, -0.2708966326186259, -0.27036126432692575, 0.5719985648928465, 0.5572107983241978, 0.3834919818522529, -0.5565859881566442, 0.26081548674838606, 0.052184745814137984, 0.27973587261780014, -0.3227667298044277, 0.06242897222954902], [-0.16347092353412598, -0.030272942699751948, -0.6990615734948046, -0.6395849964419615, -0.6115606599517498, 0.30644530256087754, -0.6862712449697794, 0.49888477644559104, 0.09241206513999667, 0.639231897652449, 0.04977699359217433, 0.23445173194622115, -0.1007335996146751], [-0.09212961745042739, -0.675867162396672, -0.29425468840311475, 0.4590379049352131, 0.3215408679015927, 0.02441103577929401, -0.34586057384714447, -0.27948230229640647, -0.6177806359694683, -0.1692794195193601, 0.5932219372428877, 0.38773615624249813, -0.03559247489749406]], "inverted": false, "swapped": false, "error_lsq": 0.05075298598933216, "error_max": 0.39387630366489185, "target": "906.xyz", "model": "4.xyz", "model_rescale": 3.8936222436046832, "target_rescale": 4.047839787977945},
{"mapping": [9, 5, 11, 7, 10, 4, 6, 2, 1, 8, 0, 12], "R": [[0.6279050385898948, -0.1465698309944499, 0.7643641456502792], [0.7213361015507045, 0.4783783440917299, -0.5008277034107504], [-0.2922490224330182, 0.8658356914255227, 0.4061022831019697]], "T": [-0.14426185089624166, -0.0014107991224810885, -0.10476831670156692], "aligned_model": [[0.0657308354691093, -0.4354895468451372, -0.31414473499322954, 0.4613259635769916, -0.8067698248237687, -0.765343499614244, -0.22976765543401517, 0.11695419079199171, 0.690440366922047, 0.23042730558893376, 0.12081652303759516, -0.10663188146117711], [-0.5468100041363403, -0.6091911020327584, 0.11286953170863898, 0.05471299669195971, 0.4450223364341515, 0.03918952958240994, -0.3026090144858652, 0.454720324455708, -0.005230858560933072, -0.5584179227230771, 0.5737908886381027, 0.010876199537810528], [-0.6244331319632893, -0.139029557942476, -0.5468754326065051, -0.4826504873236972, -0.193399765968045, 0.3531224775614292, 0.5415834764844613, 0.543984386387172, 0.20561461745318074, 0.18446304345535933, -0.20710093628055148, -0.015993969981520195]], "inverted": true, "swapped": true, "error_lsq": 0.0343744875387852, "error_max": 0.17186694026215116, "target": "906.xyz", "model": "5.xyz", "model_rescale": 3.6523030999806103, "target_rescale": 4.047839787977945},
{"mapping": [2, 10, 6, 1, 5, 7, 8, 4, 9, 11, 0, 3, 12], "R": [[-0.34448307219038704, -0.8392095758072194, -0.4207834369931159], [0.8918393735896729, -0.1525647185245395, -0.42584802262862287], [0.2931790318038668, -0.5219686719861594, 0.8009961053435606]], "T": [-0.01657673519860931, -0.13907543942710637, -0.11682649511748991], "aligned_model": [[-0.7436425975860607, -0.4078054301910175, -0.31030530881943175, -0.2676690639791676, 0.5156126617135577, 0.439115086374783, 0.364763633217188, -0.4357545918316768, 0.3609333503295741, 0.07650679568601407, 0.16181167425034398, -0.08182964514259775, 0.038854143278912796], [-0.17703916294210617, -0.038696877044528843, -0.6429538463674247, -0.5542150366108418, -0.39274373731532636, 0.33290686557053345, -0.6338277899566678, 0.2515219585934417, 0.01867255031251619, 0.7016622233269556, -0.1288663298809481, 0.2600844918768443, -0.106258482931986], [0.09798882476632653, -0.78431229578709, -0.4039754775814254, 0.38015099257297325, 0.22424588788573938, 0.07395014710430375, -0.36882399059803805, -0.14607028240646086, -0.7128672506353095, -0.3598586778544006, 0.8605358122973417, 0.44802225449009025, -0.03328491693265234]], "inverted": false, "swapped": false, "error_lsq": 0.04380044758463082, "error_max": 0.22977077086004705, "target": "906.xyz", "model": "6.xyz", "model_rescale": 4.08911054899281, "target_rescale": 4.047839787977945},
{"mapping": [4, 12, 10, 8, 9, 1, 11, 7, 13, 2, 3, 6, 14], "R": [[-0.2379024023906646, 0.8724948772838097, -0.4267963636797534], [-0.7751873068129158, 0.09419828641309154, 0.6246689700897392], [0.585223962507422, 0.479457372401705, 0.6539369554909434]], "T": [-0.077160919030447, -0.0847334449701672, -0.06812210066157331], "aligned_model": [[-0.6140456816100832, -0.24868993064764106, -0.31533161935748233, -0.12672395591718283, 0.5136440398222932, 0.6221933730842271, 0.2428373108975672, -0.49159772178732264, 0.15484391734669348, 0.17115879100273126, -0.074364020206584, -0.19036720942612906, 0.06703341409933491], [-0.24526101217796575, -0.24577161428112299, -0.7207335432324936, -0.6518441457365166, -0.42858266194287425, 0.13615798563599463, -0.4515970855222344, 0.5206825395181939, 0.20581639738470947, 0.6817751236873973, -0.04727051273492343, 0.29402551524040843, -0.15715015920811176], [0.3594701602347249, -0.7409121304701322, -0.30906502132541824, 0.30748132282634955, 0.31564153035374143, -0.07564598535908476, -0.3960599988084298, -0.3151091181019599, -0.698716318329953, -0.09880563166477355, 0.7224727022122375, 0.23662197611191782, -0.0316724603578217]], "inverted": true, "swapped": false, "error_lsq": 0.0479477786218122, "error_max": 0.2521076196139346, "target": "906.xyz", "model": "7.xyz", "model_rescale": 3.964800864290218, "target_rescale": 4.047839787977945},
{"mapping": [6, 2, 0, 3, 5, 8, 1, 4, 7, 12, 10, 9, 13], "R": [[0.326232905313021, -0.8758741573957031, 0.3555510538549884], [0.6019673830543967, 0.48249635489553816, 0.6362645183028519], [-0.7288397363135923, 0.006459715077790973, 0.68465386207298]], "T": [-0.09957463404653524, -0.09108182116405827, -0.05726490552109961], "aligned_model": [[-0.6423768096569185, -0.34054670076270227, -0.34231618620836624, -0.31257638202247356, 0.46870616108113783, 0.6274404266348108, 0.3744995203203817, -0.6814226298262827, 0.30530247299294966, 0.0012490420272054381, 0.11188528295287628, 0.1749832001261374, -0.034236690358334154], [-0.16366140322128842, -0.12292412661192853, -0.7000904342591153, -0.710553496013691, -0.4546527135855634, 0.11687793411003747, -0.43999200547233214, 0.24406354463968294, 0.16154402711444654, 0.6339931761322093, -0.03657743395589491, 0.4343676083462048, -0.0721478505923055], [0.13405635727938223, -0.6733227424166266, -0.3459592431047167, 0.25393887839000995, 0.4366418336931681, 0.0815134182046093, -0.5227058476605441, -0.26755967150734494, -0.5855715153024048, -0.24374753722540735, 0.7348512401828597, 0.29256022152149075, -0.01899436473307764]], "inverted": false, "swapped": false, "error_lsq": 0.04845163570247735, "error_max": 0.3178968937268259, "target": "906.xyz", "model": "8.xyz", "model_rescale": 4.121658175737393, "target_rescale": 4.047839787977945},
{"mapping": [7, 6, 8, 11, 3, 0, 2, 9, 1, 4, 10, 5, 12], "R": [[-0.34021069561939155, 0.4432631780485919, -0.8293216731597168], [-0.9036164923822274, -0.3981932829609456, 0.157858620605986], [-0.26025740581395557, 0.8030939324830233, 0.5360095319375797]], "T": [-0.0657407656158421, -0.12112768320432868, -0.029371865628050157], "aligned_model": [[-0.6977922487301051, -0.36630188280480813, -0.33788829680113286, -0.21976488017575813, 0.46757465497271034, 0.6054209913663223, 0.4192020917886766, -0.660782166291309, 0.34742831031146215, 0.08897724287355088, 0.19425939544242873, -0.1138717775572273, -0.015870727094388644], [-0.19359579831883206, -0.11469583054055686, -0.6995956488864791, -0.6078787639610329, -0.6061599978326875, 0.28144967295652823, -0.5028871803308383, 0.39374098245499134, 0.09296094519672468, 0.6934630399458607, -0.10737437735297128, 0.35014748485174274, -0.08932770155198826], [0.19528388279165237, -0.6537144768595801, -0.37846192804261586, 0.34796357144315615, 0.2915678598637225, 0.04998562547031347, -0.34786293656245, -0.3014487033767218, -0.5376917350019159, -0.34659766742458226, 0.6838543210919813, 0.3672400705753329, -0.09441685664689481]], "inverted": false, "swapped": false, "error_lsq": 0.0346139363048069, "error_max": 0.19668687133916724, "target": "906.xyz", "model": "9.xyz", "model_rescale": 3.833441315466971, "target_rescale": 4.047839787977945},
{"mapping": [2, 4, 3, 9, 11, 12, 7, 5, 6, 1, 8, 0, 14], "R": [[-0.8888350867172179, -0.21538969712284012, 0.40444958523124674], [-0.1347429149040365, 0.9664718940358865, 0.21857818949257102], [-0.43796864671293523, 0.13978324796633507, -0.8880563653757698]], "T": [0.041892185523453876, -0.005494209778111464, -0.0027483011852351066], "aligned_model": [[-0.6144617272336551, -0.284177179122564, -0.3853570895146649, -0.27797327883618017, 0.6009347314728168, 0.5700467333147107, 0.2794205835848688, -0.5359510613909048, 0.25848499955140214, 0.10075487009818149, 0.06807298634639715, -0.06701168608419328, -0.0021921748857935547], [-0.24130627319908513, -0.08955872129594257, -0.6727238165157383, -0.6875662574644672, -0.31175964019157965, 0.2645824776029334, -0.6212561236532544, 0.30461444686980077, 0.13058955386586538, 0.6763902634803508, -0.3867612714080937, 0.6145590936637975, -0.08955690512412494], [0.17115531258173386, -0.7256068678722806, -0.35853553903924545, 0.29787427449339254, 0.24017143657948065, -0.10825381711434334, -0.0940253646624048, -0.16817201331414905, -0.6318733525294495, -0.28055701668478683, 0.6765964976916305, 0.25705317945586476, -0.00012570226404471502]], "inverted": true, "swapped": false, "error_lsq": 0.05136382066296818, "error_max": 0.3665550504344558, "target": "906.xyz", "model": "10.xyz", "model_rescale": 4.2482417240324, "target_rescale": 4.047839787977945},
{"mapping": [9, 5, 10, 4, 7, 0, 11, 2, 6, 1, 8, 12], "R": [[-0.047085092292640573, 0.9137001719934863, -0.4036520652528211], [0.9657583759423487, 0.14485534951038626, 0.21523867453462286], [0.25513477493472153, -0.37969583012893104, -0.8892341217034531]], "T": [-0.011396744524699423, 0.03041144273510525, 0.06065007888570447], "aligned_model": [[-0.7737225545205758, -0.2637738822827881, 0.5147355319791361, 0.5998285286944361, -0.505480804982431, 0.14605401422946396, -0.14540422912672085, 0.5572135759409848, 0.2609312718378548, -0.20876746522187967, -0.3400266152930232, 0.035178231108549646], [-0.13503337124825132, -0.5855432439965965, -0.16630154556272847, -0.44027232971610797, 0.5475835053991794, 0.6148022968941106, 0.008950703460882017, 0.48140787376411304, -0.27678531650270327, 0.6321241214814541, -0.07534818859840318, 0.06054688467569089], [0.11629281711658282, -0.05020976224292272, 0.6355967909342108, 0.016886712181318007, 0.0937471357120874, 0.2734694367998161, 0.5285820408184263, -0.352210690328234, -0.5286459848380896, -0.5655021405839405, -0.583648755388115, -0.01916531032678275]], "inverted": true, "swapped": true, "error_lsq": 0.05056353118367715, "error_max": 0.24502279500687918, "target": "906.xyz", "model": "11.xyz", "model_rescale": 3.6694154284099745, "target_rescale": 4.047839787977945},
{"mapping": [10, 5, 7, 9, 11, 4, 6, 12, 0, 1, 8, 2, 13], "R": [[0.8955177439187465, -0.334514588612321, -0.29350972783232976], [-0.1081152046300442, 0.47624207265397644, -0.8726423040181176], [0.4316932624613017, 0.8131995316278623, 0.39031711326272056]], "T": [-0.017211022614514588, -0.09176240497596448, -0.07112976254559238], "aligned_model": [[-0.5968321665965595, -0.2533625065233849, -0.4511889223821234, -0.19544759078513757, 0.464501785889854, 0.6831414374643158, 0.29360709628844706, -0.5395001598934468, 0.26887816123381225, 0.12000998108084092, 0.09510737652786111, -0.22010390719119238, 0.0417801221871351], [-0.16201974284753912, -0.31144204460900066, -0.678353239475565, -0.6632144254390915, -0.5611563269837315, 0.1457616469853718, -0.4134357044191502, 0.2649832416419656, 0.24271374014988362, 0.7431689465867032, -0.08240866505330614, 0.373344547428258, -0.007695147334336558], [0.17913414462559224, -0.8063468223687577, -0.21162778339963056, 0.463996933635282, 0.2332561192099093, -0.04342766602401198, -0.41721243885376746, -0.31955500475353044, -0.6341719915588425, -0.04803152832436762, 0.6771315127283878, 0.33975169676564043, -0.13719614436050526]], "inverted": false, "swapped": false, "error_lsq": 0.04358570740561117, "error_max": 0.24679180998047956, "target": "906.xyz", "model": "12.xyz", "model_rescale": 3.9764082729961374, "target_rescale": 4.047839787977945},
{"mapping": [14, 13, 11, 3, 2, 9, 1, 6, 12, 5, 7, 4, 15], "R": [[0.25073611253814543, 0.6977108214203902, 0.6710670693322265], [-0.837257080708246, -0.1916738181700627, 0.5121149560714039], [0.4859341340893482, -0.6902613686865248, 0.5361037774776833]], "T": [0.03712652833473308, -0.09617825584192713, -0.09588913255931439], "aligned_model": [[-0.7451296392404871, -0.33659505279982493, -0.38976561824127587, -0.41213933439493966, 0.6314564684561487, 0.5311961177847982, 0.5608988217261897, -0.567845291861846, 0.25128561972558155, 0.1800276251310048, 0.145912415274562, -0.10913356263042238, -0.029577861629067212], [-0.25665911569565647, -0.07706520493459712, -0.7370742694064869, -0.5987395620272031, -0.45254582587188946, 0.2325646704457262, -0.3890874759659602, 0.36428412946495514, -0.05714252776333349, 0.7291045564670986, -0.15517004865670733, 0.37632795173879435, -0.08855045116427847], [-0.12949302349780814, -0.5800868372897261, -0.2896933991227567, 0.40813047561553006, 0.29912174224330934, -0.1924419974266858, -0.3037096120669419, -0.17100433864147832, -0.6957438070066246, -0.1321032468857307, 0.6495766936904227, 0.4248887388674357, -0.011740361157547577]], "inverted": true, "swapped": false, "error_lsq": 0.042843232220302875, "error_max": 0.30917327016314805, "target": "906.xyz", "model": "13.xyz", "model_rescale": 4.170626492500431, "target_rescale": 4.047839787977945},
{"mapping": [12, 4, 8, 10, 1, 3, 0, 5, 2, 6, 9, 11, 13], "R": [[0.36290044214585365, 0.8056784724307517, 0.4681724769270339], [0.91304768751557, -0.4078095248410293, -0.005942370857165841], [0.18613755508444305, 0.429620286428125, -0.8836171230100749]], "T": [0.03661692864571585, -0.16871049484726802, -0.10100980820235472], "aligned_model": [[-0.6942067542735018, -0.3346345127065635, -0.42745672352355624, -0.26678030688999027, 0.6432481111898118, 0.5391800951711874, 0.4229518527108143, -0.6011916066380713, 0.37286643256112184, -0.017838675155683582, 0.18401442133035167, -0.10753102394772769, -0.0020306025277711803], [-0.1626833376976487, -0.20923376838222224, -0.7209080923091469, -0.4259816551894689, -0.480947562027268, 0.27292959310212384, -0.5553404031253539, 0.4792737577590896, -0.002202537441138963, 0.6566989345090561, -0.20299199245138475, 0.3222611912321889, -0.08062730134836445], [-0.06143028006902268, -0.7039968413870551, -0.2778423604220341, 0.29910264161681543, 0.2529973840117723, 0.06589705444213928, -0.3400099065294807, -0.0778471432098109, -0.6415128502598683, -0.2534011733592417, 0.6948577665462212, 0.3866661317029876, -0.06777939576202435]], "inverted": true, "swapped": false, "error_lsq": 0.04253445051175631, "error_max": 0.2333173450902548, "target": "906.xyz", "model": "14.xyz", "model_rescale": 3.9786697098870705, "target_rescale": 4.047839787977945},
{"mapping": [11, 3, 7, 9, 0, 1, 4, 6, 8, 5, 2, 12], "R": [[0.03629936337343051, -0.7207311582610791, 0.692263644668942], [0.5965312140077212, 0.5713946373969845, 0.5636121707951692], [-0.8017685868959684, 0.3924981093783918, 0.45067989438317524]], "T": [0.005829151787400268, -0.12824563753726786, -0.08906851198810646], "aligned_model": [[-0.02562125787031421, -0.6801336081615359, 0.5002935151723448, 0.6904785167610525, -0.16637029215541882, 0.44752252717949076, -0.5914584786966529, -0.07850296734625886, 0.5205453941877108, 0.23079595109255993, -0.35521075617861997, -0.008983947217021379], [-0.44552402265305985, 0.19016394243431073, 0.12484389451386607, -0.4919680250862217, 0.249203471935024, 0.6429709646211859, -0.3078118938085532, 0.038165456597182595, 0.06630155676680682, -0.6133208839062085, 0.6088015471944259, -0.04715151838431955], [-0.4574761507911589, -0.252140683148343, -0.5408783154205251, -0.1918790815544183, -0.5784303538028172, -0.03239518678740129, 0.36706548873478956, 0.6044714576848279, 0.3920990871136252, 0.32260641403396995, 0.06449295593886799, -0.03756913812758662]], "inverted": true, "swapped": true, "error_lsq": 0.055921623773483864, "error_max": 0.2757692877347379, "target": "906.xyz", "model": "15.xyz", "model_rescale": 3.769337070930944, "target_rescale": 4.047839787977945},
{"mapping": [11, 5, 0, 7, 10, 4, 3, 6, 2, 1, 12], "R": [[0.25818889264199507, -0.8616106651795914, 0.43699606104069455], [-0.9608105912910359, -0.18176244834231636, 0.20929744392986988], [-0.10090343591409844, -0.47390871908141646, -0.8747736979352664]], "T": [-0.14954344988642462, -0.03781133315997568, -0.09763027050714684], "aligned_model": [[-0.277690828776888, -0.2606768626097397, -0.12459169202657959, -0.7448723998915311, 0.4043123949407974, 0.5499775180030356, 0.4628830306412236, 0.18595932770178777, 0.30855204973100214, -0.47089718892290156, -0.11032921809903612], [0.08466423733716491, -0.6898074218505442, 0.6029303495515742, 0.3429406492187972, 0.0996308530450013, -0.35610887426301346, 0.4348923464444844, -0.4746619353939875, 0.33942455869536325, 0.24192144198077456, -0.02976170714027261], [-0.5514549879616584, -0.23155101219210028, -0.07706338509385588, 0.017664072674264952, -0.6636940853208835, -0.17770443204985176, -0.10030214218715872, 0.3632403031476583, 0.48974617371179047, 0.6843935782460251, -0.009056475750453388]], "inverted": false, "swapped": true, "error_lsq": 0.04706923084387024, "error_max": 0.23528160825365174, "target": "906.xyz", "model": "16.xyz", "model_rescale": 3.7852294659196426, "target_rescale": 4.047839787977945},
{"mapping": [4, 3, 1, 5, 7, 11, 2, 0, 8, 9, 6, 10, 12], "R": [[0.6678191537014092, 0.24116228032800127, 0.7041720901147192], [0.5110618530600437, 0.5392397632532789, -0.6693551076023713], [-0.5411407952616102, 0.8068836547319237, 0.2368658004653389]], "T": [-0.0361699631846468, -0.1109837976576691, -0.11786010227086152], "aligned_model": [[-0.6970205584498763, -0.33769334236122306, -0.25040465394287215, -0.301255303988459, 0.40333872918363856, 0.664711620214153, 0.3423846089242213, -0.5378558620533583, 0.24296738978917296, 0.07573000153310169, 0.24046812386067065, -0.1276844428811495, -0.0070956025275978295], [-0.14560458420350314, -0.31029320136288574, -0.7556751538825964, -0.5035652729555349, -0.5298200100221079, 0.08535772940045937, -0.4824412477646895, 0.27760309877364103, 0.2855245630858429, 0.7454645459243388, -0.13424777066136356, 0.39100588070516584, -0.03306175040630474], [0.13485431553337418, -0.8262772001497632, -0.23069053580570595, 0.33801110531332074, 0.23261862992461996, -0.027598896660992564, -0.4224956545718546, -0.3689748938242397, -0.5526811795977679, -0.15302284083945328, 0.7249467512003092, 0.5057475773661004, -0.0787361505665489]], "inverted": false, "swapped": false, "error_lsq": 0.04227053105491497, "error_max": 0.2510842677783896, "target": "906.xyz", "model": "17.xyz", "model_rescale": 3.901054581598922, "target_rescale": 4.047839787977945},
{"mapping": [9, 10, 5, 13, 2, 1, 8, 11, 4, 6, 3, 7, 14], "R": [[0.3221331061243787, 0.4973719837866798, 0.8055131108074919], [-0.8600380914123277, 0.5093811855004746, 0.029415798101908697], [-0.3956826294626804, -0.7022477608381774, 0.5918473951444453]], "T": [0.012587560162484513, -0.07404121974774008, -0.03047658027148968], "aligned_model": [[-0.5943911515621467, -0.40667221469191545, -0.14255490356737516, -0.3233636144571816, 0.34757921931269375, 0.5688598913853289, 0.4514222867766712, -0.6145071703899483, 0.3185309004261639, -0.030948797481225653, 0.07089084904203906, 0.10302263666009674, -0.03727722415277866], [-0.31902154815394634, -0.051211293566523076, -0.6657396877744235, -0.5626279908092062, -0.7310124125430055, 0.34037654232556935, -0.46016963335450933, 0.4153106217361606, 0.026080895156811654, 0.6532251971193925, -0.167399989270413, 0.4776130151757951, -0.06517688941124065], [-0.10631261089933998, -0.7348584254296815, -0.15661057996358407, 0.3889539547590156, 0.34356558596791276, -0.09759260987611039, -0.3447172254191928, -0.09386398498538422, -0.7529364093036306, -0.21189843598491276, 0.7253612040260504, 0.3261410382319214, -0.009530473801665981]], "inverted": true, "swapped": false, "error_lsq": 0.04762319168758273, "error_max": 0.2899588409713462, "target": "906.xyz", "model": "18.xyz", "model_rescale": 3.9405287249114394, "target_rescale": 4.047839787977945},
{"mapping": [13, 11, 9, 7, 0, 1, 6, 14, 2, 3, 4, 12, 15], "R": [[-0.11316146001395633, -0.6518371067216004, -0.7498685686627511], [0.16307157352956544, -0.7566666606294367, 0.6331376047894243], [-0.9801031302236014, -0.05063547168448734, 0.19192160673876246]], "T": [-0.035582124264928294, -0.10504837899016395, -0.033970669186538974], "aligned_model": [[-0.7003661223849196, -0.52694409585481, -0.4305547514091012, -0.26104344983429734, 0.5277610778903383, 0.5469884233572821, 0.6180313331178122, -0.554026900100028, 0.39298203832121736, 0.1554473480992543, 0.05296404840628051, -0.08576762871445284, -0.02488061359415413], [-0.11406061112504551, -0.18277090647915922, -0.7241740847335575, -0.694071604488015, -0.28883057337187246, 0.20490101932354055, -0.35677652494474854, 0.4452528248747446, -0.057813261263048366, 0.713775927499038, -0.2635029870128177, 0.3056105403759657, -0.09729293202456321], [0.06252213307100483, -0.5552535324151735, -0.25688282957961966, 0.2788301930852164, 0.3146592199073907, -0.041866966266129874, -0.2941741366013066, -0.2016684971698237, -0.7885744627187397, -0.16984962511682677, 0.6743489910783347, 0.3251668104749165, -0.07155627042784549]], "inverted": false, "swapped": false, "error_lsq": 0.03991213118365359, "error_max": 0.2348111626756576, "target": "906.xyz", "model": "19.xyz", "model_rescale": 4.410303926677745, "target_rescale": 4.047839787977945},
{"mapping": [6, 2, 0, 3, 5, 8, 1, 4, 7, 12, 10, 9, 13], "R": [[0.326232905313021, -0.8758741573957031, 0.3555510538549884], [0.6019673830543967, 0.48249635489553816, 0.6362645183028519], [-0.7288397363135923, 0.006459715077790973, 0.68465386207298]], "T": [-0.09957463404653524, -0.09108182116405827, -0.05726490552109961], "aligned_model": [[-0.6423768096569185, -0.34054670076270227, -0.34231618620836624, -0.31257638202247356, 0.46870616108113783, 0.6274404266348108, 0.3744995203203817, -0.6814226298262827, 0.30530247299294966, 0.0012490420272054381, 0.11188528295287628, 0.1749832001261374, -0.034236690358334154], [-0.16366140322128842, -0.12292412661192853, -0.7000904342591153, -0.710553496013691, -0.4546527135855634, 0.11687793411003747, -0.43999200547233214, 0.24406354463968294, 0.16154402711444654, 0.6339931761322093, -0.03657743395589491, 0.4343676083462048, -0.0721478505923055], [0.13405635727938223, -0.6733227424166266, -0.3459592431047167, 0.25393887839000995, 0.4366418336931681, 0.0815134182046093, -0.5227058476605441, -0.26755967150734494, -0.5855715153024048, -0.24374753722540735, 0.7348512401828597, 0.29256022152149075, -0.01899436473307764]], "inverted": false, "swapped": false, "error_lsq": 0.04845163570247735, "error_max": 0.3178968937268259, "target": "906.xyz", "model": "20.xyz", "model_rescale": 4.121658175737393, "target_rescale": 4.047839787977945},
{"mapping": [2, 10, 6, 1, 5, 7, 8, 4, 9, 11, 0, 3, 12], "R": [[-0.34448307219038704, -0.8392095758072194, -0.4207834369931159], [0.8918393735896729, -0.1525647185245395, -0.42584802262862287], [0.2931790318038668, -0.5219686719861594, 0.8009961053435606]], "T": [-0.01657673519860931, -0.13907543942710637, -0.11682649511748991], "aligned_model": [[-0.7436425975860607, -0.4078054301910175, -0.31030530881943175, -0.2676690639791676, 0.5156126617135577, 0.439115086374783, 0.364763633217188, -0.4357545918316768, 0.3609333503295741, 0.07650679568601407, 0.16181167425034398, -0.08182964514259775, 0.038854143278912796], [-0.17703916294210617, -0.038696877044528843, -0.6429538463674247, -0.5542150366108418, -0.39274373731532636, 0.33290686557053345, -0.6338277899566678, 0.2515219585934417, 0.01867255031251619, 0.7016622233269556, -0.1288663298809481, 0.2600844918768443, -0.106258482931986], [0.09798882476632653, -0.78431229578709, -0.4039754775814254, 0.38015099257297325, 0.22424588788573938, 0.07395014710430375, -0.36882399059803805, -0.14607028240646086, -0.7128672506353095, -0.3598586778544006, 0.8605358122973417, 0.44802225449009025, -0.03328491693265234]], "inverted": false, "swapped": false, "error_lsq": 0.04380044758463082, "error_max": 0.22977077086004705, "target": "906.xyz", "model": "21.xyz", "model_rescale": 4.08911054899281, "target_rescale": 4.047839787977945},
{"mapping": [15, 8, 1, 2, 4, 7, 0, 5, 6, 10, 3, 14, 16], "R": [[0.5011961651306769, -0.4667750182418155, -0.7286449659495743], [0.5226608469819836, 0.8343858166519951, -0.17500270855635064], [0.6896579174419583, -0.29312350863643855, 0.6621559979297061]], "T": [-0.07683630864378709, -0.007515086044539029, -0.029545662425408244], "aligned_model": [[-0.6811061724519545, -0.31750211869870365, -0.3390089369995529, -0.2012014476628461, 0.32808350087200633, 0.5578756432195988, 0.48944280880216984, -0.41762715482351953, 0.2706866229630956, 0.1235520179774177, 0.17469956997938857, -0.24435818274019472, -0.032945443136483954], [-0.25809652360761487, -0.13022931760230805, -0.685960544473035, -0.6342334808541477, -0.4878438000566006, 0.2781354090196256, -0.44888112554668486, 0.48321167529303355, 0.04184701427147841, 0.717836733016502, -0.1409489688022127, 0.18045100039743356, -0.025041244425007478], [0.2922833181469675, -0.6681247125858956, -0.3473123286206164, 0.3066257152635473, 0.27313644841857904, -0.17563029830749627, -0.3204122615702618, -0.40474947212809087, -0.6870829797018638, -0.32082674034453595, 0.7909443886976728, 0.5607320332348462, -0.02388208318145393]], "inverted": false, "swapped": false, "error_lsq": 0.04137325159843804, "error_max": 0.2686607969060008, "target": "906.xyz", "model": "22.xyz", "model_rescale": 4.204369325754507, "target_rescale": 4.047839787977945},
{"mapping": [13, 11, 9, 7, 0, 1, 6, 14, 2, 3, 4, 12, 15], "R": [[-0.11316146001395633, -0.6518371067216004, -0.7498685686627511], [0.16307157352956544, -0.7566666606294367, 0.6331376047894243], [-0.9801031302236014, -0.05063547168448734, 0.19192160673876246]], "T": [-0.035582124264928294, -0.10504837899016395, -0.033970669186538974], "aligned_model": [[-0.7003661223849196, -0.52694409585481, -0.4305547514091012, -0.26104344983429734, 0.5277610778903383, 0.5469884233572821, 0.6180313331178122, -0.554026900100028, 0.39298203832121736, 0.1554473480992543, 0.05296404840628051, -0.08576762871445284, -0.02488061359415413], [-0.11406061112504551, -0.18277090647915922, -0.7241740847335575, -0.694071604488015, -0.28883057337187246, 0.20490101932354055, -0.35677652494474854, 0.4452528248747446, -0.057813261263048366, 0.713775927499038, -0.2635029870128177, 0.3056105403759657, -0.09729293202456321], [0.06252213307100483, -0.5552535324151735, -0.25688282957961966, 0.2788301930852164, 0.3146592199073907, -0.041866966266129874, -0.2941741366013066, -0.2016684971698237, -0.7885744627187397, -0.16984962511682677, 0.6743489910783347, 0.3251668104749165, -0.07155627042784549]], "inverted": false, "swapped": false, "error_lsq": 0.03991213118365359, "error_max": 0.2348111626756576, "target": "906.xyz", "model": "23.xyz", "model_rescale": 4.410303926677745, "target_rescale": 4.047839787977945},
{"mapping": [11, 7, 13, 14, 15, 4, 5, 1, 0, 3, 9, 10, 16], "R": [[-0.8608532752338006, -0.4367145591994069, 0.2611743331617912], [0.24842810319639336, -0.8086323924985127, -0.533288975457372], [0.44408908572659234, -0.3942005169775899, 0.8046060131226465]], "T": [0.005194871004607488, -0.1655446950210815, -0.053594956272782726], "aligned_model": [[-0.5631764934301804, -0.48513927184933137, -0.2548399770186328, -0.21678781832485258, 0.38415784570386025, 0.5485428094593894, 0.5913924442456997, -0.5201814656469661, 0.11415989220463073, 0.199573309301675, -0.03127290323912639, -0.06633520471575209, 0.010497540610008425], [-0.1389944152585884, -0.17274290683511556, -0.7542526223465339, -0.7069988372907589, -0.5798956488882754, 0.25055535961653636, -0.3077905162814809, 0.46543169870379597, 0.07884469782496678, 0.6678851945622848, -0.19481385657005773, 0.33841319417390403, -0.055394514780215925], [0.22384073239367858, -0.502428456337864, -0.3364226033422252, 0.28655366928919707, 0.38687586191065754, 0.020689196133100024, -0.23175377555530174, -0.3029618446498448, -0.7598429721322157, -0.3308360544316096, 0.5710916861747023, 0.35222993264014385, -0.10133434477102019]], "inverted": false, "swapped": false, "error_lsq": 0.042999204155053386, "error_max": 0.27059304576445614, "target": "906.xyz", "model": "24.xyz", "model_rescale": 4.28219845311461, "target_rescale": 4.047839787977945},
{"mapping": [13, 3, 9, 12, 10, 6, 8, 4, 1, 0, 14, 2, 15], "R": [[0.9655566837853621, -0.2590709175770519, -0.024136073897773225], [-0.12427586346713765, -0.5406876130860111, 0.8319930377201781], [-0.22859527588493983, -0.8003369070092523, -0.5542608006362635]], "T": [-0.11560764896179823, -0.178659050856794, -0.09109658392738657], "aligned_model": [[-0.577766173336635, -0.3779363875250098, -0.45722358569823995, -0.34569374268091313, 0.5690864205019278, 0.6237816634688198, 0.5432581960023258, -0.4726542219348471, 0.13888558349184713, 0.1394048567148176, 0.1595426902081387, -0.13401468878556433, -0.098079903126246], [-0.12879470839089063, -0.14675663911302184, -0.7186146638877723, -0.6682271761411014, -0.4276664583539144, 0.2776766430269134, -0.2447187571240019, 0.38828065896739117, -0.038276204052060364, 0.585429620958009, -0.21947876358513135, 0.33895471290259693, -0.1075614385765549], [0.2788216538429631, -0.8192526207138637, -0.31159640615609835, 0.44909166142390905, 0.22337783646423048, 0.14819051165462518, -0.299610301645011, -0.38392022228054623, -0.661537860313453, -0.22029138099224777, 0.617966647951177, 0.35669488186856085, -0.10223337378284769]], "inverted": true, "swapped": false, "error_lsq": 0.04137714300485559, "error_max": 0.21642842875650958, "target": "906.xyz", "model": "25.xyz", "model_rescale": 4.100010024507729, "target_rescale": 4.047839787977945},
{"mapping": [9, 5, 10, 4, 7, 0, 11, 2, 6, 1, 8, 12], "R": [[-0.047085092292640573, 0.9137001719934863, -0.4036520652528211], [0.9657583759423487, 0.14485534951038626, 0.21523867453462286], [0.25513477493472153, -0.37969583012893104, -0.8892341217034531]], "T": [-0.011396744524699423, 0.03041144273510525, 0.06065007888570447], "aligned_model": [[-0.7737225545205758, -0.2637738822827881, 0.5147355319791361, 0.5998285286944361, -0.505480804982431, 0.14605401422946396, -0.14540422912672085, 0.5572135759409848, 0.2609312718378548, -0.20876746522187967, -0.3400266152930232, 0.035178231108549646], [-0.13503337124825132, -0.5855432439965965, -0.16630154556272847, -0.44027232971610797, 0.5475835053991794, 0.6148022968941106, 0.008950703460882017, 0.48140787376411304, -0.27678531650270327, 0.6321241214814541, -0.07534818859840318, 0.06054688467569089], [0.11629281711658282, -0.05020976224292272, 0.6355967909342108, 0.016886712181318007, 0.0937471357120874, 0.2734694367998161, 0.5285820408184263, -0.352210690328234, -0.5286459848380896, -0.5655021405839405, -0.583648755388115, -0.01916531032678275]], "inverted": true, "swapped": true, "error_lsq": 0.05056353118367715, "error_max": 0.24502279500687918, "target": "906.xyz", "model": "26.xyz", "model_rescale": 3.6694154284099745, "target_rescale": 4.047839787977945},
{"mapping": [2, 4, 10, 11, 9, 7, 8, 0, 5, 1, 12, 6, 13], "R": [[-0.6869954443235659, -0.6516741732465119, 0.32149343912767714], [-0.0471774122005279, 0.4814912053945445, 0.8751802733755886], [-0.725128644625716, 0.5860776322733906, -0.36152656567960334]], "T": [0.056739526271419316, -0.10621767671916532, -0.06905965550970598], "aligned_model": [[-0.594377954811245, -0.42103355582007396, -0.1344720899107014, -0.3392652478800333, 0.455732313649483, 0.6494952855178141, 0.3280255718598223, -0.3732079259807327, 0.2461604280956929, 0.06308011384154436, -0.04861193063707481, -0.12237610583967445, 0.0014418052156006667], [-0.08287109091063233, -0.37486876709173317, -0.6668828754649518, -0.6223141301611619, -0.5680462444426687, 0.10083769560970068, -0.4594065270901781, 0.2755626657812286, 0.4032107473939575, 0.7765447156499858, -0.16297258179290858, 0.3749158790251422, -0.10346265987531898], [0.12492644956726519, -0.6815056072143049, -0.17386124254447227, 0.490404497800443, 0.23488551244841982, -0.11261659971414105, -0.5273376386953031, -0.39513066237064537, -0.6440213084734919, -0.08741746757180134, 0.7154228265348439, 0.3865921015094831, -0.0546398339548967]], "inverted": true, "swapped": false, "error_lsq": 0.05030027058832492, "error_max": 0.3345527708804717, "target": "906.xyz", "model": "27.xyz", "model_rescale": 4.103607728864725, "target_rescale": 4.047839787977945},
{"mapping": [6, 9, 5, 7, 1, 2, 0, 10, 3, 12, 8, 13, 14], "R": [[-0.3869659073559235, -0.06414673162787998, 0.9198600890166221], [-0.3731311517518429, 0.9231466637809854, -0.09259255230513863], [-0.8432262627175166, -0.37905861548248365, -0.38116143022602983]], "T": [-0.15124785236449392, 0.02875456438802204, -0.022901233615183585], "aligned_model": [[-0.7012678975421008, -0.47521330585846777, -0.2676351867813454, -0.2192531507978806, 0.5049123489199903, 0.5661823471522606, 0.29486504961978455, -0.46089594700817416, 0.29566454713502255, 0.28338942812724455, -0.009653363653342989, -0.0847634210715387, -0.015740740941030146], [-0.2840883355969782, -0.3556782483485125, -0.6851477789629772, -0.5481898638142021, -0.5695937457051896, 0.19143384056227547, -0.3541210596378977, 0.2635807129087733, 0.23153332379324862, 0.7608366423921906, -0.1823603931772326, 0.4683482695210365, -0.04630653730407289], [-0.05247373238799604, -0.6689521011843803, -0.1321616698542944, 0.40440621040466757, 0.09665595827962528, -0.035151464504930195, -0.4279707044366403, -0.3526739034351685, -0.5909513497796561, -0.13443545525401623, 0.7566251945868808, 0.4484900346077034, -0.035705989720397464]], "inverted": true, "swapped": false, "error_lsq": 0.047727184776924274, "error_max": 0.24272915249755636, "target": "906.xyz", "model": "28.xyz", "model_rescale": 4.137296879288765, "target_rescale": 4.047839787977945},
