[{"mapping": [7, 12, 11, 1, 6, 9, 8, 10, 2, 3, 4, 14], "R": [[0.6521985122095685, 0.5696649424774035, -0.5001189398371569], [-0.029982617470619366, 0.6786147181093848, 0.7338822160366953], [0.7574550437624902, -0.4636420145732447, 0.45967155557117884]], "T": [-0.003579881101272305, -0.12493299752593233, 0.02373590913787632], "aligned_model": [[-0.33986892395152246, 0.4231151185247008, 0.3732395160929018, 0.054422495422686706, -0.25947260777261233, -0.6331262591219686, 0.3403455790725085, -0.13202615930527886, 0.6756530207875567, 0.08809135546400529, -0.7458843918445409, -0.006846280907888231], [-0.13186718724728863, -0.6067776984352451, -0.37350725995848333, 0.6788139576959621, 0.4644663042148611, -0.5873005397658502, -0.21408607641701125, -0.508715483309201, -0.10668893923177843, 0.4219585187304279, 0.04212904441502517, -0.02486960471436102], [-0.505348666067615, 0.03683352114506083, -0.6178941291877176, -0.12293106374663204, -0.5715487219134554, 0.03337064639152512, 0.5630223300980646, 0.676925307605887, 0.04941815818302653, 0.529191083348489, 0.15578538212181012, -0.04487210262488066]], "inverted": true, "swapped": true, "error_lsq": 0.05313953502335315, "error_max": 0.3032753246992284, "target": "907.xyz", "model": "0.xyz", "model_rescale": 3.751011558992144, "target_rescale": 4.182284841328424},
{"mapping": [5, 2, 8, 0, 12, 3, 13, 9, 1, 11, 6, 10, 4, 10, 14], "R": [[-0.10262156962131619, -0.7424172018728097, -0.6620313525897435], [-0.9077342224277383, 0.3420762344007898, -0.24290416071299775], [0.4068014194689681, 0.5760213088259183, -0.7090219015633503]], "T": [0.010897208414451617, -0.05652352414786068, -0.0625462731026791], "aligned_model": [[0.3176509765765976, -0.03561666175920043, -0.33367480265959115, -0.48066656815495346, 0.45207498653880474, 0.11383531584529942, 0.5477372125897412, 0.6416717033241826, -0.6491815401363865, 0.43541577258582814, -0.20424688042376665, 0.27624228918289073, -0.4292399136320499, 0.27624228918289073, 0.058371560074631595], [-0.5648737078122071, -0.7949782771012301, -0.5542158892688337, -0.16275313189608054, 0.30217070873692603, -0.18229666147160203, -0.42319568308199046, -0.09385192834600359, 0.16106356875522385, 0.6082260105588122, 0.6511136028361291, 0.1158871655250013, -0.04097487440367152, 0.1158871655250013, -0.03278794704368668], [0.13127906962207886, -0.4316792297865213, 0.20946602629673186, -0.6305118024281556, -0.5407467744215974, -0.8088644046518689, -0.3863618627215829, 0.12432199104532371, -0.11390240369465449, 0.05837946323087009, 0.06663756033617826, 0.6939722596031492, 0.594425205119598, 0.6939722596031492, -0.07620719391149969]], "inverted": true, "swapped": false, "error_lsq": 0.05426861795579849, "error_max": 0.4622570803053885, "target": "907.xyz", "model": "1.xyz", "model_rescale": 3.9405287249114394, "target_rescale": 4.182284841328424},
{"mapping": [11, 12, 2, 4, 10, 0, 7, 9, 3, 1, 5, 6, 14], "R": [[-0.00608295990278368, 0.9947538754071986, -0.102116232603738], [0.24303561823955844, 0.1005269110921318, 0.964794293315], [0.9699982916818652, -0.01894907672247434, -0.24237212427510932]], "T": [0.05151729665223574, 0.018644795413566263, -0.09813650989862392], "aligned_model": [[-0.35954902548018236, 0.08558591175019589, -0.3631649208114161, 0.47455118252820633, 0.6956655137304169, -0.6327249362939511, -0.009204779260884761, 0.7204174142679064, -0.07386947899148115, -0.5417737646794836, -0.007753730795005145, -0.4504713749406218, -0.041724731739768164], [0.6830716673648984, 0.495378936851627, 0.17087201673670355, -0.38453941102073946, -0.09997905193658432, 0.07346086268621807, 0.24165753914542534, 0.2006737866696768, -0.6711038921625431, -0.4987382631024619, -0.5756030569584212, -0.15700465614339107, -0.019313884558391357], [-0.027196121086143374, -0.5293886099434901, -0.6150652189050423, 0.40668781887846245, -0.4999390613144853, -0.007110094302755818, 0.48465593744313223, 0.26192361473881964, -0.3655384242215687, 0.12814899991250067, 0.30844251957449625, 0.5978455733347927, -0.030346584520074354]], "inverted": false, "swapped": true, "error_lsq": 0.04138391097820993, "error_max": 0.23082541968938391, "target": "907.xyz", "model": "2.xyz", "model_rescale": 3.932901565614263, "target_rescale": 4.182284841328424},
{"mapping": [1, 5, 6, 3, 0, 11, 7, 2, 8, 12, 9, 10, 13, 14], "R": [[0.6303826326107164, 0.7249958905042355, -0.277486387512529], [-0.6985750285391488, 0.3739108943977324, -0.6100684982460706], [-0.338541970816486, 0.5784216470730142, 0.7421709588720319]], "T": [0.07140799218224833, -0.025785162687603197, 0.07469083873512732], "aligned_model": [[-0.1989897218544411, 0.3223184311852909, 0.16720957618329943, -0.17119653698374254, -0.38057778041775414, -0.21560741215981952, 0.4043932671555899, -0.5879060924962338, -0.2431805279081312, -0.2098108746868161, 0.8020600284886412, 0.28949013959155256, 0.39306976980789554, 0.048537646147372875], [-0.03450006416182125, 0.15828014489654382, -0.4929304927116974, 0.559942563737929, -0.4141999113338013, -0.7230262063871277, -0.5260202398197982, -0.03983731105578189, 0.4673741807631311, -0.12295453132013517, -0.05697183442403306, 0.5578764562649885, -0.5938323143676109, -0.07570380173029709], [-0.6984157330788923, -0.5773168192673914, -0.6600429317976542, -0.326613225818664, -0.27790083348068834, 0.29136620138286373, -0.10406756052510173, 0.2403930821061553, 0.34835260526114564, 0.6455573280799827, 0.3492454010815443, 0.5243830941636967, 0.4925030239916176, -0.03354726904151656]], "inverted": false, "swapped": true, "error_lsq": 0.04287148551777503, "error_max": 0.27094584930307136, "target": "907.xyz", "model": "3.xyz", "model_rescale": 3.9243930471874484, "target_rescale": 4.182284841328424},
{"mapping": [1, 7, 5, 3, 4, 0, 2, 4, 9, 13, 10, 12, 14], "R": [[0.16618940834940088, -0.46227162726039717, 0.8710258453011027], [-0.5549362198260309, -0.7740038608241682, -0.3048996808041568], [0.8151238387372014, -0.4326926924034031, -0.38516251305523325]], "T": [-0.06209692865840141, -0.09842174347685768, 0.01023418399586909], "aligned_model": [[0.052663510156576526, -0.2575556776479726, 0.41781519795246225, 0.43340511722358643, 0.5276301823278133, -0.4802818340469639, -0.4383619654389995, 0.5276301823278133, 0.16861964761370127, -0.5111025582673772, 0.3744894805034342, -0.45884136928188246, -0.07890402711083908], [-0.6952137949064134, 0.23204791044405637, -0.26035465326519525, -0.6604858629540498, 0.23537031579362738, -0.5329160453289008, -0.5587110930076428, 0.23537031579362738, 0.6476959630441597, 0.5319715485748542, 0.1344829317121778, -0.025680509408344362, -0.1557474728103693], [-0.5389050822012353, -0.4854013437151973, -0.504947488242183, 0.049483737190289256, -0.3601272227117439, -0.33008056660703977, 0.34024644951398453, -0.3601272227117439, -0.006601605471885048, -0.031107438874028642, 0.5981045376111125, 0.5119482934656308, -0.0954147318749959]], "inverted": true, "swapped": true, "error_lsq": 0.051891773412725564, "error_max": 0.3203524000200898, "target": "907.xyz", "model": "4.xyz", "model_rescale": 3.8936222436046832, "target_rescale": 4.182284841328424},
{"mapping": [8, 10, 12, 2, 13, 9, 4, 7, 1, 3, 11, 14], "R": [[0.20286076871090317, 0.917233255729012, 0.34282745383469293], [-0.6488422384802267, 0.38812685443264855, -0.6544931584303891], [-0.7333834318294832, -0.08966994732336309, 0.6738753909032702]], "T": [-0.03518911266685353, -0.036949559183957634, -0.010201024433197096], "aligned_model": [[-0.007818871492302502, -0.5048617741409226, -0.24865465412185558, 0.30603618362274415, -0.5633939448606942, -0.7419062261003176, -0.2640475896844558, -0.1434313680685465, 0.7071912910391104, 0.4261690494142293, 0.004360021113114322, 0.05790592549499401], [-0.5005995800371589, -0.6123272682910423, 0.0989145855215015, 0.019553272124874913, 0.5297869532969658, -0.03386200342765059, -0.29130445353212314, 0.43671311941268537, -0.04580690505826533, -0.6249069269911659, 0.6831754539033197, 0.009586658187866463], [-0.4589129203357108, -0.2071576591932248, -0.6021367327117754, -0.5956260715686432, -0.0330104201705117, 0.3225850974794072, 0.6821068269313078, 0.386026400284997, 0.33574337610456456, 0.05638470395699963, -0.3189516676239018, 0.05223378612200974]], "inverted": true, "swapped": true, "error_lsq": 0.05126848760136684, "error_max": 0.25161750122579857, "target": "907.xyz", "model": "5.xyz", "model_rescale": 3.6523030999806103, "target_rescale": 4.182284841328424},
{"mapping": [6, 0, 11, 7, 13, 5, 2, 4, 3, 10, 12, 9, 14], "R": [[0.8070582782216966, 0.4153487789164054, 0.4196931348098057], [-0.43492616410581, -0.06258540520679194, 0.8982885387398127], [0.3993697125847638, -0.9075067266460084, 0.13013598181214364]], "T": [-0.018103687739204496, 0.007853028475458206, -0.04464256627395008], "aligned_model": [[0.15412985828184889, -0.17160748232003792, 0.3065559266335144, 0.49543088181636435, 0.6987914859088891, -0.14802258657617184, -0.4197995342757736, 0.21717561704668414, -0.6873303969537791, -0.12949786806644736, 0.010455363519555297, 0.5857369077742669, -0.030935268124618057], [-0.4930558400687528, 0.0946628029826099, 0.5261979038448502, -0.18671785571424074, 0.3018359509499003, -0.6912024520195438, 0.5155062081092938, -0.6827261290113673, -0.322990597546068, 0.07736049521268287, 0.6377902297237288, -0.18587405861740675, -0.0499597536825033], [0.6529693082383179, 0.6249682841563267, 0.4466677766876224, 0.2578360411441939, -0.0260350635043457, 0.08339097177591878, 0.1633921776278875, -0.29783587548032614, -0.11985550463982134, -0.8017448590365877, -0.1741724431949938, -0.5007692650039812, 0.061298190711578576]], "inverted": false, "swapped": true, "error_lsq": 0.04560283845400973, "error_max": 0.2404568842154082, "target": "907.xyz", "model": "6.xyz", "model_rescale": 4.08911054899281, "target_rescale": 4.182284841328424},
{"mapping": [6, 2, 7, 13, 9, 1, 0, 3, 12, 8, 10, 4, 5, 4, 14], "R": [[-0.5398552161458885, -0.6980757010415194, -0.4703686439543642], [-0.7148616090839336, 0.08517423628572907, 0.6940592405055007], [-0.44444260085865483, 0.7109399869809928, -0.5450092746490287]], "T": [-0.013730921420507636, -0.008701147946934905, -0.08064452074752974], "aligned_model": [[0.2242865809323791, -0.018784664818155355, -0.4020569614413953, -0.570163303357804, 0.53961233264473, 0.1617848946939182, 0.7243254726202959, 0.7424129205379959, -0.6969371043147068, 0.3657164974567079, -0.273803771509612, 0.25518998518003777, -0.385976536515835, 0.25518998518003777, 0.06581941184632431], [-0.41498082237107203, -0.7567225424117977, -0.6141594621604748, -0.23783515736946864, 0.335006268455983, -0.19182044099503417, -0.5374198795290345, -0.10622448249295433, 0.19412796036524455, 0.5247409308503165, 0.630634729235269, 0.09066040894084346, 0.02965366426336933, 0.09066040894084346, 0.06809853778975411], [0.0849678615702975, -0.38160630634790715, 0.20555834599011374, -0.49750796650544754, -0.5168024772242121, -0.768836050528772, -0.3263790221786281, 0.13192811566890095, -0.09021439470811358, 0.11068811672153868, 0.12644639478517905, 0.5632951633132, 0.5830296010968751, 0.5632951633132, -0.2036823817250244]], "inverted": false, "swapped": false, "error_lsq": 0.057602732559754496, "error_max": 0.4466253669518842, "target": "907.xyz", "model": "7.xyz", "model_rescale": 3.964800864290218, "target_rescale": 4.182284841328424},
{"mapping": [10, 9, 4, 8, 5, 12, 3, 7, 11, 0, 2, 1, 6, 14], "R": [[-0.999063974833085, -0.0006625725408708899, 0.043251996350983556], [0.0389942563960066, 0.4190295550721552, 0.9071348741748133], [-0.01872490744542972, 0.9079723525381487, -0.41861149633938677]], "T": [-0.022038900856237494, -0.1103998479088131, 0.019072503894057694], "aligned_model": [[-0.44013468144608525, 0.36660635120967, 0.39094494455585993, -0.6563815328766054, 0.25675910769851307, -0.3486177944618745, -0.42258960166103826, 0.5937605869220003, 0.18150963333965725, 0.07883824369643012, -0.4973669448870591, 0.096146422787838, 0.6248895369256052, 0.03682361765796113], [-0.28547264792912874, -0.42739741001154796, 0.22213111951929246, -0.1241555730650942, 0.5367920452486052, -0.6452029132121307, 0.5186781220702121, -0.18669737492620814, -0.5795435347399568, 0.07775757866340191, -0.21534926453922482, 0.6043032326214454, 0.34723935280507867, -0.032134266323541674], [-0.6014025286378404, -0.5798203312822006, -0.5423812118943282, -0.10127300990040179, -0.14018953115478106, 0.16653908835975495, -0.06338307854109505, 0.10873057253093063, 0.6140038641874578, 0.6777823242605657, 0.4938341589317693, 0.4013242280258167, 0.3922834024230838, 0.09076709141628929]], "inverted": true, "swapped": true, "error_lsq": 0.045727932337928774, "error_max": 0.2962874991735574, "target": "907.xyz", "model": "8.xyz", "model_rescale": 4.121658175737393, "target_rescale": 4.182284841328424},
{"mapping": [4, 10, 3, 1, 9, 7, 12, 11, 2, 13, 6, 0, 14], "R": [[-0.7268766533730486, -0.6137158081513568, 0.3082259521946911], [0.323239033125124, -0.7017123946321553, -0.6349143585428998], [0.605942949662369, -0.3618737653446763, 0.7084352614810576]], "T": [-0.01144903411528405, -0.0852167084005035, -0.147267378219377], "aligned_model": [[-0.6927294765356401, -0.12048423102849015, 0.2331838453938026, 0.16244588377711328, -0.7037405438891002, -0.4072420637953275, 0.32623291253691183, 0.23534988822462977, 0.6589925512353322, -0.3306698781200932, -0.23638898620634105, 0.35810314959883555, -0.0063155547564356825], [0.13251175229496268, -0.6157980189395311, 0.28286134162612775, 0.7131811022824959, -0.44703199309875036, 0.09869273498752545, -0.602375721255954, -0.19169551604412877, -0.1623541234896733, -0.4815456118584758, 0.6743904717859712, 0.3600079893993579, 0.029543031721782007], [-0.4384959002108315, -0.6922798843054613, -0.7536106660147925, -0.20389014814269082, -0.14203482514047572, 0.30283714890515867, 0.034204229113684786, 0.5897697196135747, -0.06415505414351683, 0.4373113939769142, 0.22641078033979525, 0.23310637862486597, -0.10809773865713619]], "inverted": false, "swapped": true, "error_lsq": 0.04392314189017486, "error_max": 0.3349929510967415, "target": "907.xyz", "model": "9.xyz", "model_rescale": 3.833441315466971, "target_rescale": 4.182284841328424},
{"mapping": [0, 1, 10, 12, 4, 6, 1, 5, 11, 3, 7, 13, 8, 2, 14], "R": [[0.9104690533327325, 0.388302521682406, 0.14236310820743817], [0.392202743607697, -0.9198785178617224, 0.0007213065342105661], [0.13123685012218614, 0.05517847435011128, -0.9898142376923061]], "T": [0.004215148635796848, -0.0170833091182003, -0.037428870113048046], "aligned_model": [[0.1487648410679045, 0.2793332716433028, -0.5433169780748458, -0.31065029699117314, 0.5931325329776771, 0.15816018831916206, 0.2793332716433028, 0.6527794272875058, -0.6640475047876307, 0.3393372045217875, -0.3259179361257038, 0.4058084581001064, -0.4457347710188363, 0.40367998173957786, 0.015954048832781915], [-0.6628476413435238, -0.584451850225229, -0.47664621885021674, -0.318982604910927, 0.3286293429307091, 0.011599877886948474, -0.584451850225229, -0.17254839299632976, 0.11425994366537295, 0.7825187463196756, 0.55459765932045, -0.339935477513888, 0.13355330510142802, 0.25121342578296335, 0.06791185656958354], [0.12355800931205133, -0.42215200415717313, 0.368483245668476, -0.45304482705016824, -0.4492196625349608, -0.6982675551073743, -0.42215200415717313, 0.07495522848975825, -0.07630118714304944, 0.014064919278520577, -0.1274677142455608, 0.570991899231951, 0.5809666688714891, 0.4965139770928846, 0.0032511696915283606]], "inverted": true, "swapped": false, "error_lsq": 0.04695713175913283, "error_max": 0.38479756495935774, "target": "907.xyz", "model": "10.xyz", "model_rescale": 4.2482417240324, "target_rescale": 4.182284841328424},
{"mapping": [9, 4, 3, 6, 12, 2, 8, 0, 7, 11, 13, 14], "R": [[0.0838613994469683, -0.8991654883834052, -0.4294981841440414], [-0.5343181859306114, -0.4043909578834556, 0.7422749014791773], [-0.8411131563984818, 0.16724047859993157, -0.5143532642562398]], "T": [-0.04499800726218871, 0.02607994525809713, 0.08416086907538131], "aligned_model": [[-0.6295653460852461, -0.10752716578513823, 0.34167942567292475, 0.6082505847533104, -0.3922381960113257, 0.12953228276343015, -0.19685226771512238, 0.529239447988998, 0.016663263598339716, -0.0026147563249520472, -0.48627484905374585, 0.066473178561534], [-0.44083762471098936, -0.7433713702895, -0.10608373152489926, -0.31200464219996527, 0.5678182211945622, 0.6629940216558444, 0.3115055020696853, 0.31802295210292925, -0.22584186614098942, 0.5348074734604188, 0.0962921184830056, 0.00283033595053684], [-0.1405038223948157, 0.10409960471996424, 0.7134399841751747, -0.39144559132526147, 0.06523000424211237, 0.2461157879181117, 0.6432095007387125, -0.16980501181355842, -0.4866299679795524, -0.511549706805657, -0.5491288651658813, 0.0421603735450073]], "inverted": false, "swapped": true, "error_lsq": 0.04489783235607169, "error_max": 0.2284518136296414, "target": "907.xyz", "model": "11.xyz", "model_rescale": 3.6694154284099745, "target_rescale": 4.182284841328424},
{"mapping": [2, 1, 5, 6, 0, 8, 12, 10, 7, 9, 4, 13, 3, 14], "R": [[0.6587016721015693, -0.3434752789741875, 0.6694302352778827], [0.6978192187992657, -0.053818483423492006, -0.7142491923106238], [0.28135466060646663, 0.9376184210944236, 0.20423332582960246]], "T": [0.045440123563031155, -0.04266560359868973, 0.011827617097587478], "aligned_model": [[0.08478822813604311, 0.0013061022161037009, -0.19197744131421454, 0.45407995219318265, 0.4150137089459276, -0.419513817449606, 0.19071789045304774, -0.5069216965841619, 0.5242218580933383, 0.08288983479902778, -0.1968084247868373, 0.6368886549954865, -0.5639397618377974, 0.08751976239626931], [-0.5687725506033853, 0.41249978571550017, 0.6143738100090524, 0.6342210496198867, -0.004344552990509287, -0.4848010226421795, -0.659399024138897, -0.31257627852248226, 0.33531702326501933, 0.17833887288302638, 0.6049989251977916, -0.14233814661295383, 0.08993250007718609, 0.033536896879197586], [-0.41713970749402673, -0.6677025891303692, -0.17224351264422902, -0.3650999164860227, -0.572488140846841, -0.061636261289075525, 0.12562016683926136, 0.47279234487544086, 0.1566242866655199, 0.7601322040548573, 0.355643083305601, 0.5027093815799588, -0.40536871255225915, -0.07274716722540031]], "inverted": false, "swapped": true, "error_lsq": 0.05202916852534215, "error_max": 0.3185929087567791, "target": "907.xyz", "model": "12.xyz", "model_rescale": 3.9764082729961374, "target_rescale": 4.182284841328424},
{"mapping": [6, 14, 4, 3, 10, 11, 13, 12, 7, 1, 2, 5, 0, 9, 15], "R": [[0.5247928280705996, -0.7219909521348971, 0.4509119122855452], [-0.6433509121294438, -0.6832807491557734, -0.3452926609346602], [0.5573976062631371, -0.10888747801501436, -0.8230743743208477]], "T": [0.10167422103984469, -0.05991794665838807, -0.01531042352214202], "aligned_model": [[0.16660758287892619, 0.06945015673402088, -0.39361925925100005, -0.4663549873944599, 0.5289097592395857, 0.21992025022880607, 0.5588473503406335, 0.7162307604380735, -0.6367149536729861, 0.3243874904303793, -0.27503663660697475, 0.20548881400024482, -0.3004950445530099, 0.2551634306791224, 0.013831025643557246], [-0.8149675590161987, -0.6620856416328538, -0.4063835498425726, -0.18986146097135947, 0.38640663630315364, -0.12044291384844996, -0.40701993189060887, 0.09145821389507025, 0.08322399207881265, 0.534555939073199, 0.6429273463480278, -0.3432627449394651, 0.2240863265391813, 0.2052830009602442, -0.11949753154439272], [0.08134642878449247, -0.5398709218288889, 0.37264534195999355, -0.6226825901276786, -0.529519583788321, -0.7981892798448147, -0.22742710810889136, 0.06604713818686528, 0.05766567506123243, -0.03325971547371374, 0.003582372349372469, 0.7668418387709747, 0.5182712366951913, 0.501998619917185, -0.03326928931179984]], "inverted": false, "swapped": false, "error_lsq": 0.0349228153660074, "error_max": 0.22078904281797865, "target": "907.xyz", "model": "13.xyz", "model_rescale": 4.170626492500431, "target_rescale": 4.182284841328424},
{"mapping": [2, 1, 8, 3, 12, 9, 10, 0, 11, 5, 7, 4, 13, 14], "R": [[-0.31169295598088265, 0.5945632744866274, -0.7411761017623538], [-0.1150858349344096, -0.7979153874686772, -0.5916808979831617], [-0.943187548576289, -0.09912389758504325, 0.31713041660837343]], "T": [-0.027710706539063594, 0.04882059390651683, 0.04771453779127757], "aligned_model": [[0.2917589132376013, 0.021290691835745952, -0.3016813544236218, -0.4838982326879909, 0.24024648629032386, -0.2939109509617257, -0.599213093641453, 0.4823340287214938, 0.7425466352834955, -0.36802241956431897, 0.25402617168393005, -0.5378553640742091, 0.37955947240589183, 0.01600203798648072], [-0.12737151508036773, -0.747761010674873, 0.06094902977633736, -0.49886107511868916, 0.4177204299067372, 0.6455819584730593, 0.4590220312331531, -0.41950819999037153, 0.1955102901741392, -0.41718135233486997, 0.12843863147876125, 0.06129093628018489, 0.6466877680990198, -0.04844345429655508], [-0.5260844351582079, 0.2319460629053308, -0.5369698408307464, -0.18662839404741663, -0.4067371535362938, 0.47575486064404304, -0.261419147530914, 0.04845733973607069, 0.022084701570012022, 0.4824330628482749, 0.60210987560619, 0.6273348400513459, 0.3259172179204951, 0.10567411094268267]], "inverted": true, "swapped": true, "error_lsq": 0.051755455363703795, "error_max": 0.2749643579265937, "target": "907.xyz", "model": "14.xyz", "model_rescale": 3.9786697098870705, "target_rescale": 4.182284841328424},
{"mapping": [5, 9, 6, 1, 7, 11, 10, 12, 0, 3, 13, 14], "R": [[-0.039657499105359206, -0.9988899387838337, -0.025419932359028174], [0.46565337910375876, -0.040983812622649496, 0.8840176794794112], [-0.8840781714836985, 0.02322105293350607, 0.46676179085985575]], "T": [-0.037169506692844946, -0.055760059373918425, 0.10488275728708822], "aligned_model": [[0.09609051528225163, -0.7292384655757552, 0.47453459040441043, 0.6172720235599588, -0.014814966888552203, 0.2797535303214729, -0.6540599173183602, -0.12931374971583012, 0.6321914604425816, 0.18346810165081456, -0.33194588626836674, 0.05941736087271159], [-0.5226128660236767, 0.1155593766485005, 0.008259692361723359, -0.42012738310779835, 0.30571536484494877, 0.6553113819956711, -0.3518130911417006, 0.2955478118779615, 0.11025454115174455, -0.7661694449451089, 0.6483932277110938, -0.06364412114891976], [-0.43013153730429515, -0.21432786495094364, -0.6031404095820035, -0.22651938742742167, -0.40688348161943894, 0.20187926240746162, 0.4545149307334618, 0.636396354492916, 0.042648594623110464, 0.20294615504395974, -0.029228846228733632, 0.031812723685756925]], "inverted": false, "swapped": true, "error_lsq": 0.05353446602295573, "error_max": 0.244029353558456, "target": "907.xyz", "model": "15.xyz", "model_rescale": 3.769337070930944, "target_rescale": 4.182284841328424},
{"mapping": [2, 1, 12, 11, 8, 3, 10, 5, 9, 7, 14], "R": [[-0.4339475901920214, 0.6855684149437224, -0.5845386534679208], [-0.09480658194321467, 0.6104602337319742, 0.7863523479027379], [0.8959359357603546, 0.3966538181632138, -0.19991134922700654]], "T": [-0.023612756487463443, 0.08418624787051573, 0.03296467478872639], "aligned_model": [[-0.2726060990527016, -0.22063944106001274, -0.15850661841137909, -0.7492947309335014, 0.33683810598401576, 0.3754063835396585, 0.6444868266814304, 0.17030114444451702, 0.25971646631223344, -0.3730461461769976, -0.0900297606360922], [0.1387900645138771, -0.7077021076999696, 0.6089529233849909, 0.3760139894045028, 0.20617227731415272, -0.4530374355200164, 0.4476325212421822, -0.5402765343570483, 0.4762298195352467, 0.05848238869910598, -0.015193408891681831], [-0.5974086250531576, -0.037590002761527616, -0.31465302934215156, -0.027808422570577862, -0.4888182511754127, -0.30637780589884395, -0.07655055881484892, 0.3402002596232758, 0.6463418864472519, 0.5528728482601413, 0.054009308509628075]], "inverted": false, "swapped": true, "error_lsq": 0.042391907343895446, "error_max": 0.18017790728165747, "target": "907.xyz", "model": "16.xyz", "model_rescale": 3.7852294659196426, "target_rescale": 4.182284841328424},
{"mapping": [12, 11, 7, 13, 2, 0, 1, 6, 9, 10, 3, 4, 14], "R": [[-0.31415442193943793, -0.8979524968038366, 0.308201740195693], [0.48703831732802594, 0.12622721434565615, 0.8642108352785336], [-0.8149237244246745, 0.42160171233320626, 0.397682435528055]], "T": [0.022822911021775933, 0.12743783022269292, -0.09931963667036366], "aligned_model": [[-0.16435449186862167, -0.4176626041970021, 0.1488452356124105, 0.22757553467111824, -0.567090023296829, -0.5827750003106325, -0.3750204302261131, -0.16521754769621708, 0.7467796037856348, 0.487134234942436, -0.09962208764515713, 0.6488641541929352, -0.03369072774767948], [-0.22133289298991507, -0.5179935875523152, -0.23750886930334628, -0.6191637980903291, 0.12950595855205968, 0.07433523059385849, 0.5880479338781524, 0.1328017078412912, -0.16499207466329288, 0.32446234725032497, 0.8669220088951557, 0.37037086971356514, 0.14960078957766512], [-0.6069987562108912, -0.029592138803588255, 0.39464511030904165, -0.06226211955278797, -0.4374737603421059, 0.23220611891604548, 0.4488077690312859, 0.7561617664727833, -0.07530563890457072, -0.6790093530001599, -0.13322024282182315, 0.28201837089648774, 0.005777571153457395]], "inverted": true, "swapped": true, "error_lsq": 0.050627248880685496, "error_max": 0.2849471161049754, "target": "907.xyz", "model": "17.xyz", "model_rescale": 3.901054581598922, "target_rescale": 4.182284841328424},
{"mapping": [5, 2, 8, 0, 12, 3, 13, 9, 1, 11, 6, 10, 4, 10, 14], "R": [[-0.10262156962131619, -0.7424172018728097, -0.6620313525897435], [-0.9077342224277383, 0.3420762344007898, -0.24290416071299775], [0.4068014194689681, 0.5760213088259183, -0.7090219015633503]], "T": [0.010897208414451617, -0.05652352414786068, -0.0625462731026791], "aligned_model": [[0.3176509765765976, -0.03561666175920043, -0.33367480265959115, -0.48066656815495346, 0.45207498653880474, 0.11383531584529942, 0.5477372125897412, 0.6416717033241826, -0.6491815401363865, 0.43541577258582814, -0.20424688042376665, 0.27624228918289073, -0.4292399136320499, 0.27624228918289073, 0.058371560074631595], [-0.5648737078122071, -0.7949782771012301, -0.5542158892688337, -0.16275313189608054, 0.30217070873692603, -0.18229666147160203, -0.42319568308199046, -0.09385192834600359, 0.16106356875522385, 0.6082260105588122, 0.6511136028361291, 0.1158871655250013, -0.04097487440367152, 0.1158871655250013, -0.03278794704368668], [0.13127906962207886, -0.4316792297865213, 0.20946602629673186, -0.6305118024281556, -0.5407467744215974, -0.8088644046518689, -0.3863618627215829, 0.12432199104532371, -0.11390240369465449, 0.05837946323087009, 0.06663756033617826, 0.6939722596031492, 0.594425205119598, 0.6939722596031492, -0.07620719391149969]], "inverted": true, "swapped": false, "error_lsq": 0.05426861795579849, "error_max": 0.4622570803053885, "target": "907.xyz", "model": "18.xyz", "model_rescale": 3.9405287249114394, "target_rescale": 4.182284841328424},
{"mapping": [10, 3, 2, 1, 4, 12, 14, 13, 6, 7, 8, 11, 5, 9, 15], "R": [[0.23754310048908805, -0.48721721869698953, -0.8403526981066946], [0.6956750996608035, -0.5184535300976779, 0.4972344445442085], [-0.6779450059716955, -0.7027270586326007, 0.21578982817457254]], "T": [0.12097700797617542, -0.007912821607834283, -0.13249091845631], "aligned_model": [[0.019033679758518274, -0.0030560864843775237, -0.5465538755461286, -0.3797670873470328, 0.281358437898087, 0.35105958165798523, 0.6050408594506366, 0.76767341913983, -0.6084164690825122, 0.37072424065691356, -0.3234908153148831, 0.37118686930752776, -0.3415413521213879, 0.3251602910946959, 0.09820404606704643], [-0.7250733955657115, -0.7342113766690956, -0.42066355002516326, -0.20046628212200857, 0.5289367524469165, -0.14941440215453844, -0.6123180767940424, -0.022011150144673405, 0.12716630683622387, 0.6250106373419951, 0.5637802130213466, -0.2919709184303941, 0.11940102340213192, 0.3303684976620561, -0.034114157293255384], [0.17278323036543558, -0.5597318285625741, 0.24082481754733515, -0.5168058151522317, -0.6023157372872375, -0.6091232444688581, -0.12174674444472705, 0.04893354045836826, -0.042923958726443334, 0.04822920720942678, 0.08634140034359608, 0.48063160178080133, 0.5465750534494443, 0.5254488834135115, -0.1129402426846473]], "inverted": true, "swapped": false, "error_lsq": 0.037259372720344415, "error_max": 0.23685090096560174, "target": "907.xyz", "model": "19.xyz", "model_rescale": 4.410303926677745, "target_rescale": 4.182284841328424},
{"mapping": [10, 9, 4, 8, 5, 12, 3, 7, 11, 0, 2, 1, 6, 14], "R": [[-0.999063974833085, -0.0006625725408708899, 0.043251996350983556], [0.0389942563960066, 0.4190295550721552, 0.9071348741748133], [-0.01872490744542972, 0.9079723525381487, -0.41861149633938677]], "T": [-0.022038900856237494, -0.1103998479088131, 0.019072503894057694], "aligned_model": [[-0.44013468144608525, 0.36660635120967, 0.39094494455585993, -0.6563815328766054, 0.25675910769851307, -0.3486177944618745, -0.42258960166103826, 0.5937605869220003, 0.18150963333965725, 0.07883824369643012, -0.4973669448870591, 0.096146422787838, 0.6248895369256052, 0.03682361765796113], [-0.28547264792912874, -0.42739741001154796, 0.22213111951929246, -0.1241555730650942, 0.5367920452486052, -0.6452029132121307, 0.5186781220702121, -0.18669737492620814, -0.5795435347399568, 0.07775757866340191, -0.21534926453922482, 0.6043032326214454, 0.34723935280507867, -0.032134266323541674], [-0.6014025286378404, -0.5798203312822006, -0.5423812118943282, -0.10127300990040179, -0.14018953115478106, 0.16653908835975495, -0.06338307854109505, 0.10873057253093063, 0.6140038641874578, 0.6777823242605657, 0.4938341589317693, 0.4013242280258167, 0.3922834024230838, 0.09076709141628929]], "inverted": true, "swapped": true, "error_lsq": 0.045727932337928774, "error_max": 0.2962874991735574, "target": "907.xyz", "model": "20.xyz", "model_rescale": 4.121658175737393, "target_rescale": 4.182284841328424},
{"mapping": [6, 0, 11, 7, 13, 5, 2, 4, 3, 10, 12, 9, 14], "R": [[0.8070582782216966, 0.4153487789164054, 0.4196931348098057], [-0.43492616410581, -0.06258540520679194, 0.8982885387398127], [0.3993697125847638, -0.9075067266460084, 0.13013598181214364]], "T": [-0.018103687739204496, 0.007853028475458206, -0.04464256627395008], "aligned_model": [[0.15412985828184889, -0.17160748232003792, 0.3065559266335144, 0.49543088181636435, 0.6987914859088891, -0.14802258657617184, -0.4197995342757736, 0.21717561704668414, -0.6873303969537791, -0.12949786806644736, 0.010455363519555297, 0.5857369077742669, -0.030935268124618057], [-0.4930558400687528, 0.0946628029826099, 0.5261979038448502, -0.18671785571424074, 0.3018359509499003, -0.6912024520195438, 0.5155062081092938, -0.6827261290113673, -0.322990597546068, 0.07736049521268287, 0.6377902297237288, -0.18587405861740675, -0.0499597536825033], [0.6529693082383179, 0.6249682841563267, 0.4466677766876224, 0.2578360411441939, -0.0260350635043457, 0.08339097177591878, 0.1633921776278875, -0.29783587548032614, -0.11985550463982134, -0.8017448590365877, -0.1741724431949938, -0.5007692650039812, 0.061298190711578576]], "inverted": false, "swapped": true, "error_lsq": 0.04560283845400973, "error_max": 0.2404568842154082, "target": "907.xyz", "model": "21.xyz", "model_rescale": 4.08911054899281, "target_rescale": 4.182284841328424},
{"mapping": [13, 4, 7, 0, 15, 2, 3, 14, 6, 11, 8, 12, 10, 9, 16], "R": [[-0.33561976751710154, -0.06576507405354914, -0.9396990617673822], [0.7745916879528857, -0.5869525453006403, -0.23557255043701358], [-0.5360663098965148, -0.8069458870332205, 0.247933956516857]], "T": [0.051013931263889103, 0.03736534517083007, -0.0517235047263361], "aligned_model": [[0.061068292228646584, 0.05038214609685271, -0.3993840959871156, -0.5306120089660324, 0.6337065141513555, 0.35830898579323694, 0.5892175778658486, 0.6475915582353731, -0.684555915903401, 0.17594949628566148, -0.3582133584596445, 0.2816577084673976, -0.2539295308385325, 0.3848593585204479, 0.030569011644824316], [-0.6171882979897778, -0.4878074922023771, -0.3990266160468568, -0.29404445254610384, 0.3531984402091505, -0.07128631915582175, -0.6296926017873805, -0.1395490859080249, 0.11156157802404007, 0.7781550281177196, 0.5840736261787558, -0.38631588589665034, 0.062231080287404844, 0.2432258481334125, -0.003114727905703045], [0.038766296240424665, -0.5105102499584063, 0.2836864850509779, -0.4415416800442081, -0.355410560460725, -0.6959427179403681, -0.19189965633112202, 0.1051809407816919, 0.04312399139270046, -0.19840268010779447, -0.17174474819166274, 0.5070852000309606, 0.6949535267625385, 0.5430170232204289, -0.06618100720423681]], "inverted": true, "swapped": false, "error_lsq": 0.04331286329148843, "error_max": 0.32179574256249244, "target": "907.xyz", "model": "22.xyz", "model_rescale": 4.204369325754507, "target_rescale": 4.182284841328424},
{"mapping": [10, 3, 2, 1, 4, 12, 14, 13, 6, 7, 8, 11, 5, 9, 15], "R": [[0.23754310048908805, -0.48721721869698953, -0.8403526981066946], [0.6956750996608035, -0.5184535300976779, 0.4972344445442085], [-0.6779450059716955, -0.7027270586326007, 0.21578982817457254]], "T": [0.12097700797617542, -0.007912821607834283, -0.13249091845631], "aligned_model": [[0.019033679758518274, -0.0030560864843775237, -0.5465538755461286, -0.3797670873470328, 0.281358437898087, 0.35105958165798523, 0.6050408594506366, 0.76767341913983, -0.6084164690825122, 0.37072424065691356, -0.3234908153148831, 0.37118686930752776, -0.3415413521213879, 0.3251602910946959, 0.09820404606704643], [-0.7250733955657115, -0.7342113766690956, -0.42066355002516326, -0.20046628212200857, 0.5289367524469165, -0.14941440215453844, -0.6123180767940424, -0.022011150144673405, 0.12716630683622387, 0.6250106373419951, 0.5637802130213466, -0.2919709184303941, 0.11940102340213192, 0.3303684976620561, -0.034114157293255384], [0.17278323036543558, -0.5597318285625741, 0.24082481754733515, -0.5168058151522317, -0.6023157372872375, -0.6091232444688581, -0.12174674444472705, 0.04893354045836826, -0.042923958726443334, 0.04822920720942678, 0.08634140034359608, 0.48063160178080133, 0.5465750534494443, 0.5254488834135115, -0.1129402426846473]], "inverted": true, "swapped": false, "error_lsq": 0.037259372720344415, "error_max": 0.23685090096560174, "target": "907.xyz", "model": "23.xyz", "model_rescale": 4.410303926677745, "target_rescale": 4.182284841328424},
{"mapping": [0, 3, 7, 10, 8, 4, 2, 5, 11, 15, 14, 12, 13, 6, 16], "R": [[-0.9456211045326861, -0.2809308517611641, 0.16394689137379034], [0.12636839959542354, 0.14714251313850618, 0.9810097392029172], [-0.29971945923825827, 0.9483812194239357, -0.10364028366371197]], "T": [-0.058082824830052754, -0.0008752917523751347, -0.03923341839201094], "aligned_model": [[0.15059910998918766, 0.10214437453408379, -0.45813159262550673, -0.24806300038584025, 0.24600646231904325, 0.4213777852767644, 0.5547527336094275, 0.5612485948996626, -0.666540956460357, 0.2744784037112945, -0.2842924748788833, 0.32156151735459915, -0.20662481189483495, 0.27300887488396475, -0.054909281197686316], [-0.6972030167782706, -0.7120391830806347, -0.39069049685195745, 0.00494536853726394, 0.31024527480894026, -0.15132438824978375, -0.6466884811403679, -0.005533536485285151, 0.15410162965957636, 0.6305541524479047, 0.5792038406001421, -0.3284480959952648, 0.11434200671894981, 0.3482557777845784, -0.10530073046400318], [0.16562106783303226, -0.5663236847495235, 0.3212329266955814, -0.6618549720545865, -0.7366861879457453, -0.5097299281668044, -0.23986206515776654, 0.07035183024810421, -0.11974641419638843, -0.04298536491942657, 0.22626118503444637, 0.5890516014447904, 0.638148952238457, 0.54931043929768, -0.0986092223606507]], "inverted": false, "swapped": false, "error_lsq": 0.04568234055181812, "error_max": 0.3433972537609793, "target": "907.xyz", "model": "24.xyz", "model_rescale": 4.28219845311461, "target_rescale": 4.182284841328424},
{"mapping": [1, 8, 5, 10, 2, 6, 0, 4, 11, 13, 12, 3, 9, 7, 15], "R": [[0.4381579737956738, 0.2998304853575726, -0.8474191820164989], [0.7674959226330968, 0.3659731936662618, 0.5263208434589003], [0.46793973836471836, -0.8810024412951188, -0.0697646019926985]], "T": [0.06413472147729364, 0.012512152152448108, -0.018831466592758275], "aligned_model": [[0.17431832043246587, -0.2107717922938228, -0.5128045937613347, -0.45658895661527793, 0.4898907657744894, 0.18319689212559848, 0.6917742421187743, 0.7551967233724977, -0.46481463619891356, 0.231239114340759, -0.372872333019902, 0.2838509256898298, -0.2799492617150778, 0.35026051024499877, 0.1246898186398342], [-0.6025986505297396, -0.5538383579146735, -0.5664194739996777, -0.1462347764914002, 0.2896592177740105, -0.34005266615515134, -0.3577616986006334, -0.06584888209313616, 0.12003171404354651, 0.5792604888757913, 0.6396706933197529, -0.3793524216848703, 0.1394439484428268, 0.36580148271842744, -0.017340496193285614], [0.12036506278794057, -0.3114396779637758, 0.2204589002985553, -0.5961971068483651, -0.4778536002090807, -0.8396355743878308, -0.3856012576241671, 0.20687061774468682, -0.09044984463407256, 0.042722588058914504, -0.029643441139863346, 0.6122091741250614, 0.548943326331196, 0.6127258844534677, -0.04929488775146698]], "inverted": false, "swapped": false, "error_lsq": 0.04690801757723573, "error_max": 0.3696608150745861, "target": "907.xyz", "model": "25.xyz", "model_rescale": 4.100010024507729, "target_rescale": 4.182284841328424},
{"mapping": [9, 4, 3, 6, 12, 2, 8, 0, 7, 11, 13, 14], "R": [[0.0838613994469683, -0.8991654883834052, -0.4294981841440414], [-0.5343181859306114, -0.4043909578834556, 0.7422749014791773], [-0.8411131563984818, 0.16724047859993157, -0.5143532642562398]], "T": [-0.04499800726218871, 0.02607994525809713, 0.08416086907538131], "aligned_model": [[-0.6295653460852461, -0.10752716578513823, 0.34167942567292475, 0.6082505847533104, -0.3922381960113257, 0.12953228276343015, -0.19685226771512238, 0.529239447988998, 0.016663263598339716, -0.0026147563249520472, -0.48627484905374585, 0.066473178561534], [-0.44083762471098936, -0.7433713702895, -0.10608373152489926, -0.31200464219996527, 0.5678182211945622, 0.6629940216558444, 0.3115055020696853, 0.31802295210292925, -0.22584186614098942, 0.5348074734604188, 0.0962921184830056, 0.00283033595053684], [-0.1405038223948157, 0.10409960471996424, 0.7134399841751747, -0.39144559132526147, 0.06523000424211237, 0.2461157879181117, 0.6432095007387125, -0.16980501181355842, -0.4866299679795524, -0.511549706805657, -0.5491288651658813, 0.0421603735450073]], "inverted": false, "swapped": true, "error_lsq": 0.04489783235607169, "error_max": 0.2284518136296414, "target": "907.xyz", "model": "26.xyz", "model_rescale": 3.6694154284099745, "target_rescale": 4.182284841328424},
