[{"mapping": [0, 1, 3, 9, 8, 2, 4, 11, 6, 5, 12, 13], "R": [[0.16940231049202287, 0.9614230892848582, -0.21672217373846198], [-0.01298455857136288, -0.21770407129093633, -0.9759284495197678], [-0.9854614444201617, 0.1681385759821663, -0.02439591826552484]], "T": [-0.02896518100687062, -0.02629739928091427, 0.10205352395722338], "aligned_model": [[-0.17668492427067944, 0.059971076001892804, 0.3434311924412339, -0.20568850572713482, 0.028413916730108194, -0.5823826891562631, 0.5227622794104861, -0.39284313488962347, 0.6225369404524745, 0.14003287111653945, -0.5196175806778798, -0.002288978970605683], [-0.4468989901709475, -0.7379246897572842, -0.2545359840529121, 0.7104001803941141, 0.2917360802308715, -0.4148823980708893, -0.1912482834032957, -0.5630970161239053, 0.27302674792523546, 0.3962216723559741, 0.0323573685065354, -0.04159965185643995], [-0.4960553406614457, 0.0380231857979787, -0.527334075273164, -0.05696182392300424, -0.6077513852444575, -0.07887727551642916, 0.3271310487974623, 0.6745634054509896, -0.10699671788550151, 0.6043618157357595, 0.3878914676401864, 0.023957440435187743]], "inverted": true, "swapped": true, "error_lsq": 0.04492326903461207, "error_max": 0.24911037948370562, "target": "908.xyz", "model": "0.xyz", "model_rescale": 3.751011558992144, "target_rescale": 3.78923762234187},
{"mapping": [12, 11, 9, 7, 1, 8, 0, 4, 3, 2, 13, 10, 5, 14], "R": [[-0.7185569927198673, -0.5448457792182168, 0.43222554885322917], [-0.3749501291171645, 0.8269270748394343, 0.4190513257018988], [-0.5857373548685474, 0.1390492350413744, -0.7984842273620729]], "T": [0.00693904257970504, -0.05834362909428882, -0.07822091080634996], "aligned_model": [[-0.6436692194756035, -0.20415284649220222, 0.06977947270204227, -0.5030012000060696, 0.008343911316879171, 0.5009834453867922, -0.37862763573128366, 0.68543487277255, -0.6485420704796486, -0.0544989660477706, -0.25937434951708105, 0.5841525626678843, 0.3083588149702412, -0.02321360662505094], [0.14364658102943595, -0.04613558550243656, 0.4941049425321171, -0.4664672526999022, -0.7333942552743842, -0.09996132798823334, -0.40703870997019104, -0.45936045134587794, 0.11494464563661212, 0.29689301694333303, 0.5993485986521944, 0.05787578652120266, 0.4631796925333903, -0.029866226437717046], [-0.37467318088832396, -0.8476506782097103, -0.4318326716179463, -0.19255848400006992, 0.09495595795368053, 0.3629211834599245, 0.4742775920410913, -0.1445751615516317, 0.27351986558449426, 0.6659365983245734, 0.0767639563657404, -0.6489847391892177, 0.08684147984061161, -0.11404921982642371]], "inverted": false, "swapped": false, "error_lsq": 0.04207689023949883, "error_max": 0.2765999587133513, "target": "908.xyz", "model": "1.xyz", "model_rescale": 3.9405287249114394, "target_rescale": 3.78923762234187},
{"mapping": [12, 11, 2, 4, 1, 10, 5, 7, 3, 8, 6, 9, 13], "R": [[0.4088902173620541, -0.8254509784025316, -0.3891522483552107], [0.859816553645271, 0.4913658599024624, -0.13883474276953486], [0.30581740340141106, -0.27783137687564585, 0.9106511087129922]], "T": [-0.061161614038625065, -0.03677032462054111, 0.022007061772178434], "aligned_model": [[-0.2555508259574608, 0.3081526372729258, -0.29630346032804467, 0.5031535925573534, 0.3560474800852199, -0.6925104061679186, 0.08019574004024803, 0.7682812777165011, -0.03132825080471213, -0.5784744403374218, 0.07865691473719101, -0.6671623902586767, -0.07717458927127308], [0.49784166970792143, 0.6442537142724604, 0.1909290416688956, -0.22015765195189826, -0.1308106787031571, 0.07286691203546648, 0.22877272205623297, 0.34105407175374813, -0.7533392009861729, -0.6198632756730063, -0.6233914561200172, -0.05607280415544964, -0.11325047033300663], [-0.025808615005860305, -0.36288487189328483, -0.5967550124728861, 0.1957577818234906, -0.5572303042105702, -0.08301613636834007, 0.629379530951769, 0.15628733273476608, -0.24732484584974562, 0.04751616316693575, 0.46255035143899276, 0.5032874496597358, -0.008638474386358862]], "inverted": false, "swapped": true, "error_lsq": 0.04674820085718568, "error_max": 0.3032632551081288, "target": "908.xyz", "model": "2.xyz", "model_rescale": 3.932901565614263, "target_rescale": 3.78923762234187},
{"mapping": [5, 9, 12, 7, 3, 1, 0, 11, 4, 2, 6, 11, 10, 13], "R": [[0.7707459223907269, 0.6348335277933662, 0.05419515760192207], [0.6245393484021778, -0.7695964492417431, 0.1329357273718567], [0.1261004576337888, -0.06861266139664612, -0.9896418429313802]], "T": [-0.049871950886100525, -0.12508227542248695, -0.05707510942832472], "aligned_model": [[-0.5491855820218473, -0.31121381970871503, -0.031049510848877155, -0.6502326862544084, 0.0897842452829857, 0.3884968991211958, -0.19707884546238832, 0.7511949622644117, -0.7862698451340967, -0.25318241959685794, -0.14652278574999997, 0.7511949622644117, 0.4431679869273426, -0.05713037564147741], [0.3211742885573056, -0.07470525023103401, 0.49825571248279876, -0.4369591315657783, -0.6072708405823053, -0.008544351469998851, -0.39219648780936556, -0.2662306554399443, 0.009398411268407153, 0.24871837675719777, 0.5371282292257348, -0.2662306554399443, 0.3851779013053247, -0.019946092428855505], [-0.3184955801678053, -0.7418783821439335, -0.497785080661981, -0.28520305900343423, 0.036068932688798294, 0.5286042265024201, 0.5395239660596869, -0.4259621298578672, 0.3933241476670197, 0.6592612493591895, 0.08014050315062837, -0.4259621298578672, -0.15552109496278443, -0.10522307048527763]], "inverted": false, "swapped": false, "error_lsq": 0.05812956181126937, "error_max": 0.4542974015378331, "target": "908.xyz", "model": "3.xyz", "model_rescale": 3.9243930471874484, "target_rescale": 3.78923762234187},
{"mapping": [0, 1, 2, 10, 12, 3, 8, 11, 5, 4, 9, 6, 13], "R": [[-0.4894009344868788, -0.8714905931222939, -0.03147811021523128], [-0.8627882488785378, 0.4891320012504687, -0.1278527393129221], [0.12681941066128738, -0.03541230650584637, -0.9912935012535188]], "T": [0.038891706613156385, 0.03878622190884025, -0.07134257672889165], "aligned_model": [[-0.12276953240486926, -0.2253382197975622, 0.39567113263282766, 0.4737652185676164, 0.5968197574506791, -0.5650298322160032, -0.1802848629984023, 0.4423749009299785, 0.14930137280873665, -0.4270298200248079, 0.3139811485974657, -0.5590145680799306, -0.015240809154376492], [-0.5851818970367603, -0.010819317224950498, -0.3366532782025169, -0.40861662235337304, 0.13532975667811464, -0.4257896705654163, -0.5957450610389945, 0.4305813704955612, 0.5806653247687771, 0.4386101720971641, -0.15043628939595566, 0.08123223609833385, -0.025347170638397032], [-0.4468295473193923, -0.739283276972924, -0.5422553252654662, 0.10856633544285617, -0.1440001649005379, -0.15102115396884522, 0.3256364483696317, -0.7286297527946429, 0.32054142524384316, -0.14434817110838538, 0.627056290957022, 0.3741441071835212, -0.07250689949571623]], "inverted": true, "swapped": true, "error_lsq": 0.04836617304952388, "error_max": 0.25649969212169604, "target": "908.xyz", "model": "4.xyz", "model_rescale": 3.8936222436046832, "target_rescale": 3.78923762234187},
{"mapping": [7, 12, 1, 4, 2, 10, 9, 8, 6, 5, 3, 13], "R": [[0.10333449385038257, 0.894357277180353, -0.4352551471668437], [0.9271423604012718, 0.071852472040637, 0.36775571485866476], [0.3601791581008586, -0.4415453351765761, -0.8217716781768291]], "T": [-0.12494469157348673, -0.06663216115134114, -0.05907717256868144], "aligned_model": [[0.17176109587813768, -0.5713798854742345, -0.205085529968598, 0.38675024590579243, -0.7622807774169568, -0.586374568679411, -0.1375672278664757, -0.03843954795564945, 0.5642103887848798, 0.1656299317355375, 0.14746804063623556, -0.1071441233641603], [-0.588777313598751, -0.4214290225193917, 0.27979869933226087, -0.12701498561360797, 0.1672935356488101, 0.022092341462172885, -0.23251527422444535, 0.46513907895535994, 0.10341113735848807, -0.6626020114221702, 0.6492261384740277, 0.01430058125705419], [-0.7577101891209127, -0.03265192051300419, -0.6851650637566324, -0.4008286647491625, -0.22962533546512454, 0.3890990475527592, 0.6969412151940808, 0.5048349415034745, 0.1730919787614821, 0.08157364813585649, -0.07453222962211284, -0.04574270864518545]], "inverted": true, "swapped": true, "error_lsq": 0.04756593316885887, "error_max": 0.30529056884599753, "target": "908.xyz", "model": "5.xyz", "model_rescale": 3.6523030999806103, "target_rescale": 3.78923762234187},
{"mapping": [11, 1, 0, 12, 10, 7, 3, 5, 4, 6, 8, 9, 13], "R": [[-0.1702686654015313, -0.9526536500509503, -0.25191189854189794], [0.9735874189070161, -0.20209911353137855, 0.10622375466817965], [-0.15210561899008213, -0.22717167815208192, 0.9619027546052725]], "T": [0.11840097730756444, -0.06361123047138367, 0.027616896589993167], "aligned_model": [[0.2056977555225245, -0.28576146498472055, 0.05009818170656416, 0.5858043513545942, 0.6945847948984567, -0.3361971871424367, -0.3257019884689678, 0.16731785434465835, -0.4447509342212351, -0.3280830184945864, 0.2024072963485966, 0.6090563412753639, 0.08661092252548253], [-0.5759519186562325, 0.0469616005922569, 0.5702620056077967, -0.326840453139684, 0.23499998710047848, -0.8315849572061256, 0.5602539778515532, -0.6033201710487734, -0.3047700865511356, 0.08882353960615516, 0.6173543570857705, 0.05075737495332967, 0.01388164796779405], [0.7191476985910685, 0.6131502533145805, 0.41491585532882247, 0.22288069609957664, 0.005367352347886933, 0.2563412727992845, 0.00604334255542785, -0.37946752476465073, -0.05589482483469296, -0.5513197539557906, -0.3431788301901382, -0.5601053797987201, 0.022229581989134273]], "inverted": true, "swapped": true, "error_lsq": 0.05579682154775277, "error_max": 0.2943349448214263, "target": "908.xyz", "model": "6.xyz", "model_rescale": 4.08911054899281, "target_rescale": 3.78923762234187},
{"mapping": [13, 1, 2, 11, 8, 4, 10, 3, 12, 5, 7, 0, 6, 14], "R": [[0.4333100126302442, 0.29922659034557386, 0.8501210975999478], [-0.7722089019654654, -0.3630922533352419, 0.5213994891570444], [0.46468897628378053, -0.8823986985473735, 0.07373392789098815]], "T": [-0.07422977698295974, -0.05367020037012164, -0.04045554410516016], "aligned_model": [[-0.6578047232892692, -0.17532320719197844, 0.01685145261243945, -0.5342283987190231, 0.16720818494911244, 0.40737948754366604, -0.39709621884548574, 0.6869814678881233, -0.7162114259048197, -0.10551785410989109, -0.08949865577514177, 0.6004742285301715, 0.32396299107964455, -0.08520414332586922], [0.3021896236212128, -0.10361121887949268, 0.5490429176441035, -0.4005391561860197, -0.6478953495224952, -0.12751220126616297, -0.4664017059289159, -0.246670002460173, 0.05575951191303068, 0.20284251548958326, 0.7029962037143346, 0.050505403790610096, 0.23685925028724925, -0.17979633758732178], [-0.3025597029124325, -0.7651845085423599, -0.5682629429546036, -0.1527687599315593, 0.19139172445306665, 0.4689061789640615, 0.45420076439619356, -0.1392480202396839, 0.24917632314772575, 0.6762895377860974, 0.12236883615706892, -0.6874316886005902, -0.11905658873462285, -0.14692865470156916]], "inverted": true, "swapped": false, "error_lsq": 0.04912278159014926, "error_max": 0.3116956423437119, "target": "908.xyz", "model": "7.xyz", "model_rescale": 3.964800864290218, "target_rescale": 3.78923762234187},
{"mapping": [9, 10, 8, 11, 6, 0, 4, 3, 12, 2, 7, 5, 1, 13], "R": [[0.5293515555857864, 0.5893860161113832, 0.6102549095347455], [-0.7321206463877822, 0.680804540993301, -0.022461880946090168], [-0.42870303209989513, -0.43488998720969996, 0.7918866139120571]], "T": [0.002021424941998924, -0.02948229462758746, -0.0016320975820583103], "aligned_model": [[-0.4966419316837766, -0.053611487707793275, -0.11709056298925491, -0.6371188774440517, -0.0015770640834991759, 0.5853557097203298, -0.39632037568257134, 0.5780104520499346, -0.6973167168815454, 0.02514976412167503, -0.17825106726719958, 0.41666911674247104, 0.4245655578690997, -0.00984933132213887], [0.08565926672080035, -0.25827284488524577, 0.5372667290101075, -0.5352286750052847, -0.5963042007252141, -0.16031852188574203, -0.36774826269263783, -0.4500852962964197, 0.24471961658380803, 0.0852817271156437, 0.6199449915268045, 0.1455277665359967, 0.569326613656186, 0.008000544970740667], [-0.4619950026880021, -0.7888384721434754, -0.5072658187123493, -0.15280615982292464, 0.12167970567750444, 0.39303531475616477, 0.46952959413112794, -0.1331328631343115, 0.0784579303076818, 0.650213763794848, 0.22771304300857745, -0.7062663950331828, 0.15962619913868278, -0.06905834099354927]], "inverted": true, "swapped": false, "error_lsq": 0.05098861181311539, "error_max": 0.30791846672489376, "target": "908.xyz", "model": "8.xyz", "model_rescale": 4.121658175737393, "target_rescale": 3.78923762234187},
{"mapping": [2, 1, 3, 8, 11, 12, 4, 5, 6, 7, 10, 9, 13], "R": [[0.42433754644993416, 0.6334497296390967, -0.6470541605561358], [0.5196858337628468, -0.7555437126402877, -0.3988487588998436], [-0.7415283412379227, -0.1670183771621734, -0.6498004161517976]], "T": [-0.037701443868935286, 0.0053627405648510665, -0.029241645111674132], "aligned_model": [[-0.6282494408575415, -0.29304815506994164, 0.3429089094650537, 0.3746487391298625, -0.7678760772136072, -0.4965349870947743, 0.2682358581191856, 0.15866328253750386, 0.7052073747195928, -0.16083262138170845, -0.25001726277232916, 0.22379051080911125, -0.00015863395520983314], [0.2121401904484871, -0.39266949667922735, 0.0711452817404262, 0.5944303203452382, -0.4477847583112724, 0.12833105337134243, -0.5310452490544395, -0.17297039833755093, -0.05890593428559326, -0.8671594508337107, 0.617497268540497, 0.6059526556106423, 0.031425956856870794], [-0.3430908816591421, -0.5721885465298142, -0.6908375012145334, -0.33128034645112975, 0.06990928758678641, 0.28735599036965886, -0.05991268787794, 0.5944846677054274, -0.07056945267006423, 0.23964813712234392, 0.013941752574940049, 0.38325568802472626, -0.0996406730221705]], "inverted": true, "swapped": true, "error_lsq": 0.04736345895774848, "error_max": 0.278152563343368, "target": "908.xyz", "model": "9.xyz", "model_rescale": 3.833441315466971, "target_rescale": 3.78923762234187},
{"mapping": [0, 5, 1, 13, 2, 7, 8, 3, 10, 11, 12, 4, 6, 14], "R": [[0.4312127402807156, -0.6958346052669007, 0.5743429069229053], [-0.5664444365603403, 0.28669535214944747, 0.7726231133908326], [-0.7022793410811932, -0.6584982742338519, -0.2705249524934883]], "T": [-0.02430603338713409, 0.03716532667310753, -0.011712752094230214], "aligned_model": [[-0.6062069003201712, -0.07959659935634095, -0.21577451258606573, -0.538509762273527, -0.019353166740025445, 0.4206811318359141, -0.33451800982698787, 0.663155370314506, -0.7315430492047185, -0.03302024825581386, -0.10430590780646347, 0.6024404163965735, 0.3940059245831472, 0.024518498681651697], [0.17547997423339812, -0.1708512097760831, 0.5482592163187032, -0.4252753671430699, -0.6502346093648947, -0.06896601133173182, -0.41257996138496744, -0.4919620261003141, 0.08722850722176302, 0.202168112631531, 0.6185511705440023, 0.03501235067887594, 0.5219714022224972, -0.041032094120166715], [-0.3374172209559868, -0.6528892296302499, -0.5094393742011948, -0.40848683304811056, -0.22172954183867233, 0.4726802068367128, 0.5442162612874957, -0.05346095822567613, 0.4042964123849441, 0.6501295434178894, 0.12470784001045145, -0.5047612613386306, -0.23800403114489277, 0.01105068473271302]], "inverted": true, "swapped": false, "error_lsq": 0.04569864897532128, "error_max": 0.3163998906987187, "target": "908.xyz", "model": "10.xyz", "model_rescale": 4.2482417240324, "target_rescale": 3.78923762234187},
{"mapping": [4, 6, 9, 8, 11, 12, 5, 10, 3, 2, 1, 13], "R": [[0.5444296555757177, -0.705271129154147, -0.4540803723035603], [-0.5383529606717362, -0.7089285314832728, 0.4556275090300698], [-0.6432514592798695, -0.003601614999517222, -0.765646516679671]], "T": [-0.05977850861785805, 0.06777223080121889, 0.0014122279534896157], "aligned_model": [[-0.5709183443644887, -0.0662178536185524, 0.5631427707719867, 0.5569012064062495, -0.5676308002035125, 0.029877466237869632, -0.2165231271802285, 0.5342781319085443, 0.02946934307287083, 0.09737725198266972, -0.48148214078759677, -0.031508301862805024], [-0.27625614747142035, -0.6684997951284942, -0.050579922459690674, -0.35641706651668137, 0.766118836095849, 0.5931641822066837, 0.0018029626414967082, 0.32915494433683623, -0.4440010147553086, 0.5877765436872847, 0.1662639511341885, 0.017603916279895833], [0.05291388031100989, 0.1263682268112301, 0.4454867552149882, -0.21774578169484834, -0.0508048877974998, 0.20588372402825, 0.6575185514393127, -0.019258477007589238, -0.5616362839015219, -0.4400657163416053, -0.5738167440280662, -0.05965095717930322]], "inverted": true, "swapped": true, "error_lsq": 0.049184927687250586, "error_max": 0.2330595337949718, "target": "908.xyz", "model": "11.xyz", "model_rescale": 3.6694154284099745, "target_rescale": 3.78923762234187},
{"mapping": [8, 10, 9, 2, 12, 0, 1, 5, 3, 4, 11, 7, 6, 13], "R": [[0.4006733353503065, 0.9107062045095321, -0.10037473490427454], [-0.7809703022582822, 0.2821836959939977, -0.5571873551201378], [-0.47910986770245956, 0.3016398030482874, 0.8242979824596941]], "T": [0.02740159390735339, -0.009435248951943243, -0.0773385798439383], "aligned_model": [[-0.6407237859068492, -0.10936918729390635, -0.15244720310036244, -0.5372120013802897, 0.1177753734315677, 0.3359115736004138, -0.4033582384146688, 0.7950106182282936, -0.704775926527564, -0.1689223744999466, -0.05466492720622712, 0.4669256874687956, 0.45777158037449317, 0.04005199666792962], [0.298051505962193, -0.2438208652158436, 0.4551313811108913, -0.33162935391843235, -0.670893808572671, -0.24802756332172088, -0.5041109590409847, -0.24243390553204466, 0.08528694698465768, 0.273487543756191, 0.7240688859233827, 0.08495192741306647, 0.3007178976683347, -0.053010178587476336], [-0.25526615980722367, -0.651695545159613, -0.7070357478040838, -0.13829774760008096, -0.2041204955317432, 0.5215213072573092, 0.45765245074196603, -0.10987785287829067, 0.3655978543879337, 0.5777112217325004, -0.061046890545761984, -0.6690098995699982, 0.11872654669182378, 0.03603345637205474]], "inverted": true, "swapped": false, "error_lsq": 0.05188609817235244, "error_max": 0.33901114720198133, "target": "908.xyz", "model": "12.xyz", "model_rescale": 3.9764082729961374, "target_rescale": 3.78923762234187},
{"mapping": [2, 8, 7, 1, 11, 6, 12, 14, 9, 5, 0, 3, 4, 15], "R": [[-0.21665532035365254, -0.8714998668751687, -0.4399414213267715], [0.013424899263617895, -0.4532621258980823, 0.8912761734199525], [-0.9761558503856945, 0.1871935556126726, 0.10990144901168208]], "T": [-0.05750666957296585, -0.09145667698639666, 0.028680402670182806], "aligned_model": [[-0.567652897707182, -0.1652393341438947, 0.02519517794735615, -0.649266379085222, 0.2218972332292944, 0.5589583365774633, -0.4139994650673535, 0.6630755018735988, -0.5152957671360998, -0.1021563680329253, -0.3612193984977061, 0.4420899623520887, 0.2763625712102949, 0.029224011921966067], [0.20335426193556455, -0.29572639864446454, 0.5024763262838112, -0.2635889489965073, -0.708724409882825, -0.07889293113253225, -0.48781279506380903, -0.42675378764315336, 0.1474077539527232, 0.3595439723165903, 0.5676124838625394, -0.08518984160166344, 0.5334035366487705, -0.039339767405501304], [-0.5089968705323431, -0.6393917419719451, -0.43114314062240133, -0.12466073790077835, -0.385395319599524, 0.4797589481379347, 0.3794342328295544, -0.05584900850518083, 0.33669347431176777, 0.7339666740454572, 0.00644635199946994, -0.6486728135006817, 0.14676835825351214, -0.008065908658049362]], "inverted": true, "swapped": false, "error_lsq": 0.050440700726639656, "error_max": 0.3771185212248525, "target": "908.xyz", "model": "13.xyz", "model_rescale": 4.170626492500431, "target_rescale": 3.78923762234187},
{"mapping": [9, 11, 3, 10, 12, 4, 8, 5, 7, 0, 0, 6, 2, 13], "R": [[0.4302349506997424, -0.725426415630164, 0.5372656723655097], [0.3500132737455728, 0.6826605652544632, 0.6414555797936161], [-0.8320989096245094, -0.08792649289281268, 0.5476133092331422]], "T": [-0.05366113161807358, 0.0610300614568726, -0.039366536360591856], "aligned_model": [[-0.6653501005230563, -0.036082470688287197, 0.042330103720685144, -0.45897751098111006, 0.05172075766235483, 0.4100939288303887, -0.2252301416824498, 0.48691274827405756, -0.7293543534901065, -0.21817703931837096, -0.21817703931837096, 0.6293941354593454, 0.38279142606562505, -0.009921258569025905], [0.03797439599332456, -0.16311758404988078, 0.5339306250162026, -0.3284755363755988, -0.6612525463936916, -0.17768022026538308, -0.37631681929201116, -0.5429337743986715, 0.05918252883212182, 0.47395983395092633, 0.47395983395092633, 0.07040857135695258, 0.5085040082964319, 0.019626138007894194], [-0.5700373194963047, -0.7095220965291545, -0.5319356626294748, -0.08766070631968183, 0.014565022067184671, 0.4412703077343496, 0.5358274078788058, -0.4519527621525493, 0.40881318141811396, 0.35848007431925155, 0.35848007431925155, -0.5301178101235209, 0.16608029137721858, -0.12139750357669711]], "inverted": true, "swapped": false, "error_lsq": 0.05302679653960034, "error_max": 0.3538193232444338, "target": "908.xyz", "model": "14.xyz", "model_rescale": 3.9786697098870705, "target_rescale": 3.78923762234187},
{"mapping": [6, 4, 9, 8, 5, 12, 1, 11, 10, 3, 7, 13], "R": [[-0.32152514214084826, 0.8717223748168886, 0.36975895420518373], [0.9465276582268248, 0.30684619362418664, 0.09965342778846678], [-0.026589004925914983, 0.3820281595667419, -0.923768104079751]], "T": [0.08648730725280687, 0.009145778731965488, 0.012805279244414932], "aligned_model": [[-0.1132777723695017, -0.4940630026283027, 0.6856437919192703, 0.5424499238994986, -0.02976027563943698, 0.33382504760396164, -0.335859748187596, -0.21101609237286353, 0.7260546388741416, -0.014220175327913823, -0.7012673440693039, 0.09484560506538288], [-0.4053801565476429, -0.0603781474789672, 0.07520786653240635, -0.586845787610364, 0.45419375192171546, 0.4848805337727504, -0.21150137016977733, 0.5781898095735939, 0.022456306882715753, -0.7487624287700684, 0.4867438793306778, -0.07412976721260078], [-0.5754243739738469, -0.18819133346513794, -0.4728773802136627, -0.19968662446913368, -0.485005054657245, 0.20872356369048958, 0.5525836995324152, 0.5924682645620624, 0.12428600087582228, 0.06111482855221505, 0.02283722688033651, 0.019137676559514996]], "inverted": false, "swapped": true, "error_lsq": 0.056733786484033044, "error_max": 0.2953292710446287, "target": "908.xyz", "model": "15.xyz", "model_rescale": 3.769337070930944, "target_rescale": 3.78923762234187},
{"mapping": [5, 11, 6, 4, 9, 10, 8, 2, 3, 1, 13], "R": [[0.6637729435676528, -0.6992742087831817, -0.26536966729109956], [0.5390581267738409, 0.693232011783477, -0.4783782120850728], [0.5184802940774232, 0.17448483822180214, 0.837098098124766]], "T": [-0.06388104507396604, -0.006911358980439215, -0.0726016524222105], "aligned_model": [[-0.36304882725675264, -0.5353022789314448, -0.11068060646120229, -0.5796805587601976, 0.44316971211478834, 0.5244999959187163, 0.5784941301553949, 0.19613297424215287, 0.13878246709916336, -0.3460595682657632, -0.02368130916368464], [0.06678622932795511, -0.7169433597065938, 0.7310659491445465, 0.3267270653022995, 0.13252481629482177, -0.2556045752072824, 0.42681958870795655, -0.5308080973952405, 0.4970263480452109, -0.12434369559106709, 0.042814228702735456], [-0.6763098858340425, 0.07553725734086714, -0.1772499048098154, -0.002543530389658613, -0.6406662798367468, -0.18926753404773894, 0.013956208807508474, 0.312015184243156, 0.46765286988407895, 0.5793246240337401, -0.018231402167571166]], "inverted": true, "swapped": true, "error_lsq": 0.04557564645131975, "error_max": 0.27987570034372566, "target": "908.xyz", "model": "16.xyz", "model_rescale": 3.7852294659196426, "target_rescale": 3.78923762234187},
{"mapping": [5, 8, 3, 6, 9, 10, 2, 0, 4, 7, 12, 1, 13], "R": [[-0.23115713772830285, 0.8409736735131258, 0.48921330535370494], [-0.6197868341535334, -0.5148842356088217, 0.5922486843644821], [0.7499537705000217, -0.1663054550499119, 0.6402435768779278]], "T": [-0.008743816582060662, 0.12575888215097614, -0.0642732572232596], "aligned_model": [[0.005002152201688346, -0.43338065131698544, 0.16350027347944232, 0.15193284335158277, -0.6671759934430554, -0.6281265086411132, -0.18499068542856037, -0.04386148905040391, 0.5461143129073226, 0.7290195736210459, -0.270665546156765, 0.4952849582603585, -0.008887389568274274], [0.06526923152912789, -0.42347367332572466, -0.36181718794054013, -0.5923854270994198, -0.16387909202716844, 0.23551853491972427, 0.6145347004551927, 0.12103727761731065, -0.08584424486736994, 0.4364227417613635, 0.6019868489036919, 0.354160883039806, 0.07352503073687987], [-0.7392164978129545, 0.29109672274849674, 0.5009720080501551, -0.19156711027617845, -0.35031040629444354, 0.0968769600713831, 0.40481142007062854, 0.6808478673434915, -0.23640242301206513, -0.5202898388916066, -0.23887973017083877, 0.3963898112846085, 0.001425914032497616]], "inverted": true, "swapped": true, "error_lsq": 0.040547548884314624, "error_max": 0.2052492146605678, "target": "908.xyz", "model": "17.xyz", "model_rescale": 3.901054581598922, "target_rescale": 3.78923762234187},
{"mapping": [12, 11, 9, 7, 1, 8, 0, 4, 3, 2, 13, 10, 5, 14], "R": [[-0.7185569927198673, -0.5448457792182168, 0.43222554885322917], [-0.3749501291171645, 0.8269270748394343, 0.4190513257018988], [-0.5857373548685474, 0.1390492350413744, -0.7984842273620729]], "T": [0.00693904257970504, -0.05834362909428882, -0.07822091080634996], "aligned_model": [[-0.6436692194756035, -0.20415284649220222, 0.06977947270204227, -0.5030012000060696, 0.008343911316879171, 0.5009834453867922, -0.37862763573128366, 0.68543487277255, -0.6485420704796486, -0.0544989660477706, -0.25937434951708105, 0.5841525626678843, 0.3083588149702412, -0.02321360662505094], [0.14364658102943595, -0.04613558550243656, 0.4941049425321171, -0.4664672526999022, -0.7333942552743842, -0.09996132798823334, -0.40703870997019104, -0.45936045134587794, 0.11494464563661212, 0.29689301694333303, 0.5993485986521944, 0.05787578652120266, 0.4631796925333903, -0.029866226437717046], [-0.37467318088832396, -0.8476506782097103, -0.4318326716179463, -0.19255848400006992, 0.09495595795368053, 0.3629211834599245, 0.4742775920410913, -0.1445751615516317, 0.27351986558449426, 0.6659365983245734, 0.0767639563657404, -0.6489847391892177, 0.08684147984061161, -0.11404921982642371]], "inverted": false, "swapped": false, "error_lsq": 0.04207689023949883, "error_max": 0.2765999587133513, "target": "908.xyz", "model": "18.xyz", "model_rescale": 3.9405287249114394, "target_rescale": 3.78923762234187},
{"mapping": [6, 2, 1, 5, 11, 13, 9, 14, 8, 7, 0, 3, 12, 15], "R": [[0.09204252588798886, 0.2596204153700424, -0.9613144196105903], [0.8078381725878871, 0.5449641578447181, 0.2245251735874196], [0.5821732219348659, -0.7972523481230296, -0.15957140431259462]], "T": [0.06236001017805437, 0.06203362623351826, 0.006977123185428771], "aligned_model": [[-0.5651707254774322, -0.3494810250908237, -0.010322963823800463, -0.6398611006113732, 0.11683124761312383, 0.44280560206787967, -0.27720103284433883, 0.7294593150469532, -0.6627836260534535, -0.19095222487114444, -0.2873772133475479, 0.5667963871171722, 0.5173540802598697, 0.051876465456594544], [0.22716810347197047, -0.25363017497066775, 0.45710702958121535, -0.3659148077102313, -0.6555751956272232, -0.2731577092396411, -0.4396449381309735, -0.31079501624266787, 0.2091546749875411, 0.08463096581384313, 0.653677162255394, 0.18741873114917437, 0.3668181227504534, 0.040512506541356505], [-0.363454025379439, -0.6902090852919261, -0.5166196827988632, -0.11553121206414751, 0.04280539386302724, 0.44770126094882323, 0.4781742826370349, -0.11838747655860606, 0.16443905313174995, 0.6634432843541624, -0.010800917203932697, -0.6677458658699255, -0.008051818317396264, -0.024870693163769178]], "inverted": true, "swapped": false, "error_lsq": 0.04543600105434107, "error_max": 0.2825165360575897, "target": "908.xyz", "model": "19.xyz", "model_rescale": 4.410303926677745, "target_rescale": 3.78923762234187},
{"mapping": [9, 10, 8, 11, 6, 0, 4, 3, 12, 2, 7, 5, 1, 13], "R": [[0.5293515555857864, 0.5893860161113832, 0.6102549095347455], [-0.7321206463877822, 0.680804540993301, -0.022461880946090168], [-0.42870303209989513, -0.43488998720969996, 0.7918866139120571]], "T": [0.002021424941998924, -0.02948229462758746, -0.0016320975820583103], "aligned_model": [[-0.4966419316837766, -0.053611487707793275, -0.11709056298925491, -0.6371188774440517, -0.0015770640834991759, 0.5853557097203298, -0.39632037568257134, 0.5780104520499346, -0.6973167168815454, 0.02514976412167503, -0.17825106726719958, 0.41666911674247104, 0.4245655578690997, -0.00984933132213887], [0.08565926672080035, -0.25827284488524577, 0.5372667290101075, -0.5352286750052847, -0.5963042007252141, -0.16031852188574203, -0.36774826269263783, -0.4500852962964197, 0.24471961658380803, 0.0852817271156437, 0.6199449915268045, 0.1455277665359967, 0.569326613656186, 0.008000544970740667], [-0.4619950026880021, -0.7888384721434754, -0.5072658187123493, -0.15280615982292464, 0.12167970567750444, 0.39303531475616477, 0.46952959413112794, -0.1331328631343115, 0.0784579303076818, 0.650213763794848, 0.22771304300857745, -0.7062663950331828, 0.15962619913868278, -0.06905834099354927]], "inverted": true, "swapped": false, "error_lsq": 0.05098861181311539, "error_max": 0.30791846672489376, "target": "908.xyz", "model": "20.xyz", "model_rescale": 4.121658175737393, "target_rescale": 3.78923762234187},
{"mapping": [11, 1, 0, 12, 10, 7, 3, 5, 4, 6, 8, 9, 13], "R": [[-0.1702686654015313, -0.9526536500509503, -0.25191189854189794], [0.9735874189070161, -0.20209911353137855, 0.10622375466817965], [-0.15210561899008213, -0.22717167815208192, 0.9619027546052725]], "T": [0.11840097730756444, -0.06361123047138367, 0.027616896589993167], "aligned_model": [[0.2056977555225245, -0.28576146498472055, 0.05009818170656416, 0.5858043513545942, 0.6945847948984567, -0.3361971871424367, -0.3257019884689678, 0.16731785434465835, -0.4447509342212351, -0.3280830184945864, 0.2024072963485966, 0.6090563412753639, 0.08661092252548253], [-0.5759519186562325, 0.0469616005922569, 0.5702620056077967, -0.326840453139684, 0.23499998710047848, -0.8315849572061256, 0.5602539778515532, -0.6033201710487734, -0.3047700865511356, 0.08882353960615516, 0.6173543570857705, 0.05075737495332967, 0.01388164796779405], [0.7191476985910685, 0.6131502533145805, 0.41491585532882247, 0.22288069609957664, 0.005367352347886933, 0.2563412727992845, 0.00604334255542785, -0.37946752476465073, -0.05589482483469296, -0.5513197539557906, -0.3431788301901382, -0.5601053797987201, 0.022229581989134273]], "inverted": true, "swapped": true, "error_lsq": 0.05579682154775277, "error_max": 0.2943349448214263, "target": "908.xyz", "model": "21.xyz", "model_rescale": 4.08911054899281, "target_rescale": 3.78923762234187},
{"mapping": [10, 9, 5, 12, 14, 2, 13, 15, 7, 0, 6, 11, 8, 16], "R": [[-0.7380945614775382, -0.23393696539367412, 0.6328427249638567], [-0.6733723248119695, 0.19666246311184288, -0.7126665333661365], [0.042262637099500955, -0.9521540693738499, -0.3026821727162238]], "T": [0.03550728790819903, -0.03673585303542814, 0.019373007646893925], "aligned_model": [[-0.6046417074753185, -0.17458706919070038, -0.04989898450680531, -0.5495013583157813, 0.013770532561944618, 0.5515909447689027, -0.41017016827209024, 0.6381383379642519, -0.6171206656232793, -0.06173213068811907, -0.2354130843346982, 0.6179181959401963, 0.3077939473450285, 0.01582639526814679], [0.22501859295547555, -0.25007797835812084, 0.27454374685425487, -0.4533972886277448, -0.6503788691614708, -0.34249420918067996, -0.3550006368494518, -0.39517356798169057, 0.1475481236082308, 0.33119395696487763, 0.6449742532449375, 0.20425963805056727, 0.5840624644236002, -0.03730877131324212], [-0.3963544065663199, -0.6270735177831026, -0.6079545250446505, -0.15129520253713702, -0.16715406324045445, 0.4211482136289076, 0.38925014733616586, -0.1802898078862304, 0.23364470020367487, 0.6940963202450754, 0.15142455610563554, -0.4149215211466563, -0.12633712306763328, 0.06270872803951771]], "inverted": false, "swapped": false, "error_lsq": 0.04312833639606555, "error_max": 0.23199199373036378, "target": "908.xyz", "model": "22.xyz", "model_rescale": 4.204369325754507, "target_rescale": 3.78923762234187},
{"mapping": [6, 2, 1, 5, 11, 13, 9, 14, 8, 7, 0, 3, 12, 15], "R": [[0.09204252588798886, 0.2596204153700424, -0.9613144196105903], [0.8078381725878871, 0.5449641578447181, 0.2245251735874196], [0.5821732219348659, -0.7972523481230296, -0.15957140431259462]], "T": [0.06236001017805437, 0.06203362623351826, 0.006977123185428771], "aligned_model": [[-0.5651707254774322, -0.3494810250908237, -0.010322963823800463, -0.6398611006113732, 0.11683124761312383, 0.44280560206787967, -0.27720103284433883, 0.7294593150469532, -0.6627836260534535, -0.19095222487114444, -0.2873772133475479, 0.5667963871171722, 0.5173540802598697, 0.051876465456594544], [0.22716810347197047, -0.25363017497066775, 0.45710702958121535, -0.3659148077102313, -0.6555751956272232, -0.2731577092396411, -0.4396449381309735, -0.31079501624266787, 0.2091546749875411, 0.08463096581384313, 0.653677162255394, 0.18741873114917437, 0.3668181227504534, 0.040512506541356505], [-0.363454025379439, -0.6902090852919261, -0.5166196827988632, -0.11553121206414751, 0.04280539386302724, 0.44770126094882323, 0.4781742826370349, -0.11838747655860606, 0.16443905313174995, 0.6634432843541624, -0.010800917203932697, -0.6677458658699255, -0.008051818317396264, -0.024870693163769178]], "inverted": true, "swapped": false, "error_lsq": 0.04543600105434107, "error_max": 0.2825165360575897, "target": "908.xyz", "model": "23.xyz", "model_rescale": 4.410303926677745, "target_rescale": 3.78923762234187},
{"mapping": [8, 10, 4, 9, 11, 7, 14, 1, 15, 6, 5, 3, 0, 16], "R": [[0.08739430793505637, 0.1711729593599218, -0.9813572504060479], [-0.9755255109047372, -0.18482934583505645, -0.1191137712115449], [-0.2017726753418404, 0.9677488986829959, 0.15083055586731958]], "T": [-0.016351479371346376, -0.016972242497491172, 0.05749524292603954], "aligned_model": [[-0.5591704826062945, -0.11443374572086358, -0.1286905591770187, -0.5246002749784661, -0.0016475969947924891, 0.5472083052965707, -0.42467357888998564, 0.6577365679496262, -0.6992387062102199, -0.29638495175421026, -0.16658014915284527, 0.47044024795636635, 0.6166585293092479, 0.06534958041456422], [0.09994618178746147, -0.2805275773065294, 0.4201693574753371, -0.3335289513421941, -0.6498233711663727, -0.24810250902291808, -0.3536769879829724, -0.38900666266311407, 0.1312999843305246, 0.28202873084629254, 0.5898408878175119, 0.25790864885483844, 0.394953867375065, 0.006287855626612271], [-0.5486270871725921, -0.529618375377141, -0.4622850238336372, -0.12661069255053914, 0.05532006561332474, 0.3237846826025569, 0.4794584728725398, -0.3213596689351687, 0.20239028427157085, 0.6978683857454921, 0.12685809379681057, -0.6472921678644137, 0.05850519422379004, -0.027499665105800777]], "inverted": false, "swapped": false, "error_lsq": 0.04470266787340204, "error_max": 0.2736704574742579, "target": "908.xyz", "model": "24.xyz", "model_rescale": 4.28219845311461, "target_rescale": 3.78923762234187},
{"mapping": [8, 5, 1, 10, 11, 13, 14, 9, 6, 2, 0, 3, 4, 15], "R": [[0.8485721111667595, -0.5247711641557276, -0.06738395521659012], [-0.002316672976148515, 0.12367408764165976, -0.9923201867705428], [0.529074668809905, 0.8422113424293488, 0.10373065847204445]], "T": [0.09753564898911679, -0.0636595435503589, -0.006220939702991715], "aligned_model": [[-0.4699604448737723, -0.09769753306104276, -0.012919383292809464, -0.6100521538168983, -0.062434071232053884, 0.4362692899649733, -0.34751400973715085, 0.548499334735115, -0.7287949140365575, -0.06604300247737649, -0.2058516511210519, 0.5364341886035959, 0.4470309468779835, 0.0750065889087252], [-0.02163824501967032, -0.3021984558956594, 0.3218002748592299, -0.4207514270132257, -0.5760931080470908, -0.19098146060319987, -0.41741642226295006, -0.4493600288354389, 0.24306070572236188, 0.19575591723643526, 0.6790202919501446, 0.290895268879025, 0.5706936408692426, 0.004982502790338808], [-0.4038746217543233, -0.8001125398839182, -0.5053179373716982, -0.045075886787969435, -0.09731760176109651, 0.4649107901202432, 0.500663166307235, -0.32985742353648656, 0.18165568006853228, 0.6059274637720955, 0.1418904376743516, -0.5369791725805105, 0.09426611018899937, 0.010114033831337757]], "inverted": false, "swapped": false, "error_lsq": 0.04484923126053836, "error_max": 0.20799992946512022, "target": "908.xyz", "model": "25.xyz", "model_rescale": 4.100010024507729, "target_rescale": 3.78923762234187},
{"mapping": [4, 6, 9, 8, 11, 12, 5, 10, 3, 2, 1, 13], "R": [[0.5444296555757177, -0.705271129154147, -0.4540803723035603], [-0.5383529606717362, -0.7089285314832728, 0.4556275090300698], [-0.6432514592798695, -0.003601614999517222, -0.765646516679671]], "T": [-0.05977850861785805, 0.06777223080121889, 0.0014122279534896157], "aligned_model": [[-0.5709183443644887, -0.0662178536185524, 0.5631427707719867, 0.5569012064062495, -0.5676308002035125, 0.029877466237869632, -0.2165231271802285, 0.5342781319085443, 0.02946934307287083, 0.09737725198266972, -0.48148214078759677, -0.031508301862805024], [-0.27625614747142035, -0.6684997951284942, -0.050579922459690674, -0.35641706651668137, 0.766118836095849, 0.5931641822066837, 0.0018029626414967082, 0.32915494433683623, -0.4440010147553086, 0.5877765436872847, 0.1662639511341885, 0.017603916279895833], [0.05291388031100989, 0.1263682268112301, 0.4454867552149882, -0.21774578169484834, -0.0508048877974998, 0.20588372402825, 0.6575185514393127, -0.019258477007589238, -0.5616362839015219, -0.4400657163416053, -0.5738167440280662, -0.05965095717930322]], "inverted": true, "swapped": true, "error_lsq": 0.049184927687250586, "error_max": 0.2330595337949718, "target": "908.xyz", "model": "26.xyz", "model_rescale": 3.6694154284099745, "target_rescale": 3.78923762234187},
{"mapping": [4, 2, 10, 0, 6, 3, 1, 12, 5, 7, 8, 11, 9, 13], "R": [[-0.8172454014834952, 0.16521254270615837, -0.5521003255628879], [0.058870857260431925, -0.9290796352406528, -0.3651646937294428], [-0.5732749566477703, -0.33093178619416674, 0.7495598554930992]], "T": [-0.0633265203999607, 0.061126413018527816, -0.0382686323631712], "aligned_model": [[-0.6417322968030326, -0.07928201623850323, -0.004637593956621444, -0.61138346857444, 0.11662315915448512, 0.49370542144957275, -0.40017735223831163, 0.6257188728725533, -0.7081373712957493, -0.013874584650011679, -0.26685642269431087, 0.5130654013920237, 0.48573184347506815, -0.06679040645104328], [0.33282651101721766, -0.3365932009917928, 0.45478866809901697, -0.27676055882326916, -0.5967856779329761, -0.11954958869031859, -0.6071467397512019, -0.29943056261734335, 0.01551788962943821, 0.18690757311908685, 0.663010989754645, 0.0264515191015832, 0.4568425562334003, 0.02769007648205595], [-0.5551403617699829, -0.589353178496803, -0.48935217089069166, -0.18793265258980518, 0.038933862495894464, 0.51842052551525, 0.4303347863959814, -0.19621775926069418, 0.41793014983869564, 0.5764362810162357, 0.030052137460409703, -0.6728909400943001, 0.04423701913038379, -0.08456520046378166]], "inverted": true, "swapped": false, "error_lsq": 0.04095288646898964, "error_max": 0.2561908866645898, "target": "908.xyz", "model": "27.xyz", "model_rescale": 4.103607728864725, "target_rescale": 3.78923762234187},
