[{"mapping": [7, 6, 5, 1, 10, 8, 9, 3, 2, 0, 11], "R": [[0.1742720511685886, 0.6990105357528598, 0.6935513846053464], [-0.9554385412322768, -0.050384133941938, 0.29085844147086404], [0.23825710085836282, -0.7133342203717841, 0.6590810602172901]], "T": [0.023692761374162485, -0.0009599637169144595, 0.10714047613305364], "aligned_model": [[0.007599861781811212, -0.25998637565477173, 0.5211018144421273, 0.4804871224891802, -0.2427201169054865, -0.18576560872171735, -0.5795601080997272, -0.3991656444660455, 0.5757665434311816, 0.6135975033902006, 0.08630567788555164], [-0.5144749308730378, 0.22283823908574232, -0.6157988083458857, 0.17402787365255637, -0.6258634178790647, 0.5979578014421011, 0.021549406291910454, -0.07358838764232167, 0.5834850352485739, -0.11507881715354276, -0.0311548617365276], [-0.6882504384211476, -0.5210274943109804, -0.14434264773662261, -0.40530340171625123, 0.12390941252839499, 0.0841580379482604, 0.03688573849003676, 0.6456090410793415, 0.15601611358068554, 0.2547232550701714, 0.1067574518187906]], "inverted": true, "swapped": false, "error_lsq": 0.04648130872522513, "error_max": 0.235202594900454, "target": "909.xyz", "model": "0.xyz", "model_rescale": 3.751011558992144, "target_rescale": 3.6835942647528386},
{"mapping": [10, 11, 4, 6, 5, 12, 13, 2, 7, 1, 14], "R": [[-0.25415146938827377, 0.8962782399198228, 0.3634451089972268], [-0.8926664636609289, -0.36200849521567274, 0.26850779140795167], [0.3722279076894601, -0.2561936104548842, 0.8920825178755707]], "T": [0.04825626710312137, -0.08542806229652464, 0.059124302143583], "aligned_model": [[0.00959110739278763, -0.008046124558123945, 0.5444925451867961, 0.5753593594907779, -0.4198456505415199, -0.2531105308380681, -0.6390284667127089, -0.2996793707464106, 0.3740911353246396, 0.7188176045843117, 0.015019060989822891], [-0.5063620439888047, 0.3129160852843159, -0.6567797501056524, 0.21645964408578663, -0.49292665650728595, 0.5823804766296807, 0.03156934206872093, -0.27139092966031186, 0.4912885138198596, -0.03165251265755341, -0.05160303687825199], [-0.6435657693745213, -0.6299932275333171, -0.17083390071322113, -0.3821827202350983, 0.1292066637567816, -0.06410277488550292, 0.26272562909426206, 0.7858269276130292, 0.0892349859768155, 0.24117163767008823, 0.03164761696136328]], "inverted": true, "swapped": false, "error_lsq": 0.05127377846364148, "error_max": 0.2491375275947007, "target": "909.xyz", "model": "1.xyz", "model_rescale": 3.9405287249114394, "target_rescale": 3.6835942647528386},
{"mapping": [11, 6, 5, 0, 9, 7, 3, 8, 1, 2, 12], "R": [[-0.5259107572025362, 0.6436521165760727, -0.5559944498695985], [0.8103822897437079, 0.5776863519604675, -0.09777025738102768], [0.25826037235394944, -0.5019864854612615, -0.8254157428144018]], "T": [-0.0074506975637853926, 0.0177606987263677, 0.02232691157063773], "aligned_model": [[-0.09980878290982606, -0.08513774580204142, 0.47552118335913823, 0.6053051041015962, -0.19469865299269826, -0.3483876460999384, -0.5575573685218431, -0.35056286122250907, 0.5088666821898805, 0.6090907213936255, 0.05503003607692039], [-0.4696969897321482, 0.1962986112198758, -0.4900449673519896, 0.1429220450814454, -0.7454513571852461, 0.7213387970733417, 0.17010634889816562, -0.34227560274798385, 0.5833930994315453, -0.15068980966884613, 0.007998957072343915], [-0.48901375283136017, -0.48506310580052725, -0.16989131886872064, -0.5360591136662759, 0.20350822404220278, -0.11052529881915474, 0.05352197544405617, 0.6167490468245846, 0.2240759710357869, 0.2582733725591157, 0.0835590684109715]], "inverted": false, "swapped": false, "error_lsq": 0.0497777434504779, "error_max": 0.29828767308460424, "target": "909.xyz", "model": "2.xyz", "model_rescale": 3.932901565614263, "target_rescale": 3.6835942647528386},
{"mapping": [3, 0, 11, 1, 8, 4, 7, 9, 6, 10, 13], "R": [[-0.9970314264866956, -0.026268010465021484, 0.07237628219323165], [0.017447329074809583, 0.8384743476934826, 0.5446616922165024], [-0.07499283503148872, 0.5443075967559137, -0.8355269683306108]], "T": [0.052180359121548656, -0.014538812723717508, -0.027387364063992163], "aligned_model": [[-0.10636891215347453, -0.10451231896786713, 0.522167298389936, 0.5782581733166815, -0.23034647696061739, -0.3552995929712428, -0.646334360123689, -0.256030479997649, 0.39609850791285894, 0.7206043917999401, 0.09942443932742759], [-0.31049979043583364, 0.27461729489805503, -0.7739295139847485, 0.14687741358236223, -0.6875355015923961, 0.7523502145036054, 0.019964938794722685, -0.2429016107959015, 0.4947669399156118, -0.06991616096836628, 0.020104908173392867], [-0.4120361731497169, -0.6111565643488301, -0.015273812857153561, -0.5233264290799768, 0.05033502136713442, -0.12261190448589121, 0.1162414125653547, 0.5992301033712271, 0.27097519716345614, 0.22418390246018755, 0.072574315324888]], "inverted": true, "swapped": false, "error_lsq": 0.04610479442219697, "error_max": 0.31705689073047644, "target": "909.xyz", "model": "3.xyz", "model_rescale": 3.9243930471874484, "target_rescale": 3.6835942647528386},
{"mapping": [11, 8, 6, 10, 5, 7, 1, 0, 4, 3, 12], "R": [[-0.5864268972916306, 0.39387946036321697, -0.707787019404067], [-0.7454778121773913, -0.6042081560752323, 0.2814166585036827], [-0.3168064482994655, 0.6926698166053934, 0.647952312658678]], "T": [0.049929382160553815, -0.0014428084579584735, -0.14012110937978303], "aligned_model": [[0.05941724993543407, -0.012361796864272384, 0.4054232469724732, 0.6221934793713022, -0.23795105600319882, -0.2849490432191036, -0.6132053284250936, -0.1548551036200936, 0.29929346231532106, 0.5385934637001978, -0.003937904590662025], [-0.5470949143649881, 0.48307533611477416, -0.6196661774087535, 0.07287655171095977, -0.6124069213552789, 0.6513888542947706, 0.01936754730957784, -0.18477536180991508, 0.5054680814517829, -0.0690058806896979, -0.07532798316272837], [-0.7131026457942021, -0.5372336192705206, -0.026364822076949207, -0.5452360995573404, 0.20261903394912348, 0.18327650847620094, 0.12441543760721321, 0.6647234983710547, 0.04215937410530446, 0.31769546638861257, -0.06381706386781794]], "inverted": true, "swapped": false, "error_lsq": 0.04457351569681909, "error_max": 0.24938007279351007, "target": "909.xyz", "model": "4.xyz", "model_rescale": 3.8936222436046832, "target_rescale": 3.6835942647528386},
{"mapping": [8, 7, 3, 10, 9, 5, 6, 1, 4, 2, 11], "R": [[-0.0557669466085941, -0.5458189133459143, 0.836045310673913], [0.769727760693281, -0.5568289668334994, -0.31218692495561884], [0.6359317747086253, 0.6261175732472481, 0.45118462117731284]], "T": [0.06841796957736611, -0.12914731130662618, -0.06683078504263174], "aligned_model": [[0.05029013092610912, -0.1683700786256624, 0.42259747154519545, 0.5511650742743087, -0.30276349327946916, -0.2720946639419945, -0.6972501251167409, -0.12688749899976615, 0.42465946838400526, 0.7011642928546492, 0.03515009155166944], [-0.5616858510338157, 0.23848812373965386, -0.5807000715000196, 0.07569601476162441, -0.6182403836628366, 0.5605623494903499, 0.08417506245421932, -0.07744555413792546, 0.5488773672652945, -0.05821131340764055, 0.012383388121599476], [-0.6655332315445048, -0.5448717189746413, -0.09747417696873642, -0.41962228743048685, 0.004220126463696849, 0.1891430168666518, -0.013402686365535932, 0.709243611784492, 0.14292890765902644, 0.3227313274699656, 0.02177217937075171]], "inverted": true, "swapped": false, "error_lsq": 0.04623638293593144, "error_max": 0.2197248610551948, "target": "909.xyz", "model": "5.xyz", "model_rescale": 3.6523030999806103, "target_rescale": 3.6835942647528386},
{"mapping": [2, 3, 6, 1, 10, 7, 11, 9, 5, 8, 12], "R": [[0.8369029588206309, 0.09011272514413349, -0.5398825189653496], [-0.18622537100740505, 0.9743888296665035, -0.1260417383817587], [0.5146975312845667, 0.20602452618132439, 0.8322501702621232]], "T": [0.08337258097538262, -0.04259881506112576, -0.05046235855642129], "aligned_model": [[0.07078095836485991, -0.1775182973948486, 0.46098356896872644, 0.56497677380831, -0.22301617308974647, -0.2639512135842747, -0.7700424903198728, -0.1563861168443298, 0.4801664132709435, 0.5527437523265194, 0.07892349406601751], [-0.41916928368956874, 0.39104479241490997, -0.5706214853310859, 0.003195994550181866, -0.7337755246841142, 0.5265504301741144, 0.08068529360734097, -0.13282405919425727, 0.4905165152119904, -0.07198773609833416, 0.06028419512932628], [-0.7094371436628827, -0.5264139046473638, -0.015441457657373654, -0.5487946802573632, 0.14208303641357, 0.09871330325883954, 0.12575554001496186, 0.6255835328751842, 0.09868934028315854, 0.4317513881277864, -0.07335388641783831]], "inverted": true, "swapped": false, "error_lsq": 0.04725785413348882, "error_max": 0.21078760238368482, "target": "909.xyz", "model": "6.xyz", "model_rescale": 4.08911054899281, "target_rescale": 3.6835942647528386},
{"mapping": [13, 12, 2, 7, 1, 10, 11, 9, 4, 6, 14], "R": [[-0.16381491059280734, -0.209415409177381, 0.9640071895305244], [0.692453214631173, -0.7204170919381162, -0.0388298749725316], [0.7026188302446962, 0.6611689648210191, 0.2630254347835527]], "T": [0.1005613957700413, 0.05246291367067409, 0.04485498917981474], "aligned_model": [[-0.09587003114330936, -0.21053306911619207, 0.49317604646382446, 0.6529335921363623, -0.13425955439578846, -0.3230190682755163, -0.4797304032109192, -0.30478052775174536, 0.470370457456178, 0.5644171858503794, -0.01504395844096909], [-0.3321840817145417, 0.26380036507863525, -0.6235260090990186, -0.014885344276924915, -0.6299198602819374, 0.6291377889017665, 0.023338965250821898, -0.17696684809817542, 0.5851555161520515, -0.08731312801693786, -0.012738231805235485], [-0.5462083795155681, -0.56058586966664, -0.15271083692511556, -0.4933254019255477, 0.1758470882978575, -0.04058842635431085, -0.0384773972076811, 0.6754239523853768, 0.3211326373142434, 0.1650358139089023, 0.1435918880191626]], "inverted": true, "swapped": false, "error_lsq": 0.04535235442811679, "error_max": 0.2204752996230909, "target": "909.xyz", "model": "7.xyz", "model_rescale": 3.964800864290218, "target_rescale": 3.6835942647528386},
{"mapping": [3, 6, 1, 2, 5, 11, 10, 8, 12, 7, 13], "R": [[0.7781610988528527, -0.017219053569584947, -0.6278286457516005], [0.285361635886209, 0.9001812245430232, 0.3290022792391718], [0.5594944512651288, -0.4351749845457469, 0.7053996681521345]], "T": [0.10232801969474564, -0.0056592838563267744, -0.1399957696714194], "aligned_model": [[-0.25528853638519455, -0.11765885289069605, 0.5669353818996963, 0.703658011206362, -0.38622326503039595, -0.2971435538084965, -0.6745263873390785, 0.00980218348459469, 0.336860417939828, 0.662941667451308, 0.06830360304437703], [-0.3804256649066624, 0.25351531994172394, -0.5751130925661319, 0.09352553875854355, -0.6194085171923687, 0.7205672803523631, -0.06523111159087636, -0.25336249403517885, 0.5229808330296378, -0.046022983482070595, -0.027125976218475838], [-0.6475617793237252, -0.6100384526425924, 0.011603207578590902, -0.3991739709646379, 0.14931417440450584, -0.12771717471248561, 0.12093035132784408, 0.5819042723759436, 0.3460177263148271, 0.2969667855473505, -0.07311007157494173]], "inverted": false, "swapped": false, "error_lsq": 0.047440754803489533, "error_max": 0.3225476640146631, "target": "909.xyz", "model": "8.xyz", "model_rescale": 4.121658175737393, "target_rescale": 3.6835942647528386},
{"mapping": [4, 5, 6, 7, 1, 10, 0, 2, 11, 8, 12], "R": [[-0.7650552265805252, 0.3468725324497768, -0.5425587032881328], [-0.027875684697275027, -0.8595776727477767, -0.5102442265387964], [-0.6433610545288545, -0.37524081700342127, 0.667293700532326]], "T": [0.11723883035934649, 0.014129339452593176, -0.035333768687113784], "aligned_model": [[-0.33801668836639487, -0.13563274400283262, 0.490582215096402, 0.6552276589004041, -0.24484451247188652, -0.24710704413065201, -0.6656921089603857, -0.06374218486631789, 0.40738206781057185, 0.6880657539583778, 0.07143825660501801], [-0.5310264904656239, 0.26077950766714775, -0.5694235517012666, 0.2824463749716164, -0.5548650541194813, 0.6790071918982024, -0.060114056757300055, -0.2060259155981154, 0.5226840492636413, -0.13977424889628223, -0.05978867417203468], [-0.5679456832127476, -0.5422238629630834, -0.05154457967927995, -0.34157697127046727, 0.10634455937063018, -0.07620375357575851, -0.05353556797786556, 0.5980097294719272, 0.21006607533041333, 0.39013496872505526, -0.022389845888144737]], "inverted": true, "swapped": false, "error_lsq": 0.04688441944307023, "error_max": 0.25465690439648486, "target": "909.xyz", "model": "9.xyz", "model_rescale": 3.833441315466971, "target_rescale": 3.6835942647528386},
{"mapping": [6, 11, 3, 7, 5, 10, 0, 13, 8, 9, 14], "R": [[0.2503539659211112, -0.9341911691073648, -0.25418448282573497], [-0.8643957614503865, -0.09743223055992195, -0.4932817937393645], [0.43605373445732326, 0.34321104296035326, -0.8319034322900039]], "T": [-0.054792281853891144, -0.10515709173718535, -0.1509007734656079], "aligned_model": [[-0.20756828943771938, 0.17616554731661635, 0.6653942478450741, 0.5279866262468326, -0.2883535965783021, -0.3065900161726385, -0.660236751456473, -0.2908415495034536, 0.3103856804978877, 0.6572738179366858, 0.03404495287779414], [-0.4942519617849357, 0.44581690863603984, -0.5857881682738961, 0.014292713789579553, -0.6053171627192425, 0.649654659131469, -0.013784617052563966, -0.15920162317898423, 0.4884160093617005, 0.005925078253544103, -0.12186270407220681], [-0.6861523420333104, -0.4801775766284523, -0.082732008954608, -0.4509248808542681, 0.23989868549824336, 0.05552418932332476, 0.14727874763086704, 0.6087349769292748, 0.19820578883478032, 0.2212991023698114, -0.12181961378498381]], "inverted": true, "swapped": false, "error_lsq": 0.042599622295976886, "error_max": 0.25660425669006665, "target": "909.xyz", "model": "10.xyz", "model_rescale": 4.2482417240324, "target_rescale": 3.6835942647528386},
{"mapping": [5, 7, 4, 9, 6, 3, 2, 1, 8, 10, 11], "R": [[-0.5899296619368107, 0.2926324067947875, -0.7525618037481109], [0.6395126568622325, -0.39967281732165955, -0.6567230777178277], [-0.49295695114292537, -0.8686932217921683, 0.04863672205457503]], "T": [0.03219392767764359, -0.056872721943552064, 0.07230092487267759], "aligned_model": [[-0.03848077597460475, -0.01014375072221832, 0.43371696889240874, 0.660038379757009, -0.22172294959401703, -0.3442055531032573, -0.7078911414156291, -0.1861150313077082, 0.25435299136086975, 0.6615909164042582, 0.11652061527519365], [-0.4340422751248033, 0.32193511142378634, -0.7738185350458453, 0.07382374447637682, -0.6533733594824656, 0.6613897512399058, -0.05158104621077784, 0.08431605571618703, 0.48049840710913694, 0.016922153642659775, -0.1021708756536572], [-0.5734036397218839, -0.4874029191936323, -0.22870991991698003, -0.4454255278003646, 0.08627758381730873, 0.050073083412118094, 0.07046379182846141, 0.729228227736459, 0.26911415877437594, 0.18812885524172848, -0.009208625846911608]], "inverted": false, "swapped": false, "error_lsq": 0.03769795021606817, "error_max": 0.18996644379567088, "target": "909.xyz", "model": "11.xyz", "model_rescale": 3.6694154284099745, "target_rescale": 3.6835942647528386},
{"mapping": [1, 8, 0, 4, 12, 9, 10, 7, 11, 6, 13], "R": [[0.6100475845692469, -0.7157952638225409, -0.33982213708121867], [0.6458914601813028, 0.2007957899862118, 0.736549572254765], [-0.4589838409204531, -0.6688185037908507, 0.5848210348139642]], "T": [0.04599833750472719, -0.08811076795926603, -0.00670058226928124], "aligned_model": [[0.06498448578281917, -0.19331840150755958, 0.516574368035444, 0.6274521412323603, -0.3437042563422386, -0.29033528479453435, -0.5724642003898995, -0.2101664178238946, 0.38693750219320705, 0.5129187419917214, 0.11878199119487941], [-0.5458795832009558, 0.4851912970754569, -0.6208500579003413, -0.007797589458084286, -0.6435590070611641, 0.6022853035943228, -0.03319199077700921, 0.043230636042695114, 0.5656923502505253, -0.05044975977238011, -0.1707724667025619], [-0.7184313825493759, -0.4387307802491643, -0.08076077986887656, -0.4574110405903596, 0.030416021751509655, 0.22764793124108465, 0.12752610822923796, 0.6783500524955987, 0.02977704796829459, 0.3101934343825309, -0.05944154447980106]], "inverted": false, "swapped": false, "error_lsq": 0.05243160147076087, "error_max": 0.24835579655686096, "target": "909.xyz", "model": "12.xyz", "model_rescale": 3.9764082729961374, "target_rescale": 3.6835942647528386},
{"mapping": [5, 0, 6, 4, 12, 2, 1, 10, 3, 14, 15], "R": [[0.17266178783400132, 0.9251136561174719, 0.33816065750901614], [-0.8919600326466249, 0.29249324635754603, -0.34475353659716923], [-0.41784591320605036, -0.24210002912058418, 0.8756668137578438]], "T": [0.041532268365241834, -0.0695728634289228, 0.0033463815532771765], "aligned_model": [[0.019882485245087414, -0.18275498849780258, 0.6359213279514785, 0.44017166653336726, -0.3727377106564095, -0.40819051281036833, -0.5592299188386513, -0.3783611829762719, 0.5663740218864829, 0.7214194902740686, 0.13516599146132302], [-0.48776324808284777, 0.2752801322730877, -0.5197426319267494, 0.07789051448926712, -0.5278801816798514, 0.5867666140323631, 0.042018100879904555, -0.08002732749884664, 0.48947809390939, -0.21090325031484378, -0.02121768399036965], [-0.722926291007498, -0.5948839848328342, -0.1631097119790226, -0.5756224467789048, 0.16318480455385162, -0.0534640428742865, 0.17642101681684225, 0.6887127745576233, 0.35040056777421313, 0.39905729472455015, -0.018634912623854957]], "inverted": false, "swapped": false, "error_lsq": 0.049222146338107994, "error_max": 0.20763903432751812, "target": "909.xyz", "model": "13.xyz", "model_rescale": 4.170626492500431, "target_rescale": 3.6835942647528386},
{"mapping": [6, 11, 2, 3, 4, 9, 12, 8, 1, 0, 13], "R": [[0.23580242844279983, 0.7008860523475395, 0.6731685943098955], [0.05731026036761849, 0.6814671219107276, -0.7296013266238661], [-0.9701096581299837, 0.21062123202419986, 0.12052364010240524]], "T": [0.049177476256714016, -0.03817427157732581, 0.0343129566372369], "aligned_model": [[-0.026842411295492717, -0.24840735111437537, 0.4964166572637972, 0.4597510355894072, -0.15557988939039957, -0.004788012118052042, -0.6667116041348873, -0.313518128108603, 0.5696656335038548, 0.5106746842671606, -0.0029999448901054868], [-0.3777096437403661, 0.2826757645082437, -0.5107265507781324, 0.13707968184160585, -0.6856601046825079, 0.7576398996925614, -0.16880061260972304, -0.18959292182771573, 0.5050219776331116, -0.09105092978891188, -0.03497742815766178], [-0.7314715918989312, -0.520807008769839, -0.06368513329609207, -0.49122391991644687, 0.23900699107488965, -0.10736967932911654, 0.11270750230674279, 0.6644562607636482, 0.1919339669897093, 0.4085893151516643, -0.053001634745549676]], "inverted": true, "swapped": false, "error_lsq": 0.055307039782853964, "error_max": 0.35313995000577236, "target": "909.xyz", "model": "14.xyz", "model_rescale": 3.9786697098870705, "target_rescale": 3.6835942647528386},
{"mapping": [10, 4, 6, 1, 7, 2, 5, 8, 0, 9, 11], "R": [[-0.5517187585938035, -0.8311164515847367, -0.06965526054009491], [0.3560713915919158, -0.1591989241740936, -0.9207979510357349], [0.7542012831502669, -0.5328237480133626, 0.3837698243055123]], "T": [0.09523673314049985, -0.035235080438308426, 0.017507083214439494], "aligned_model": [[-0.10802978859634882, -0.2232830479824755, 0.6546482757598885, 0.5120151965576124, -0.1426441364598652, -0.28780265870864385, -0.7050062248392461, -0.23120735807903253, 0.47959154836134554, 0.4898697872916525, 0.1795090762674173], [-0.35718941868057785, 0.2900657400279723, -0.5958601712433856, -0.09207070900068129, -0.6516901956845982, 0.7125622641518146, -0.03594481278121991, 0.002132478515076801, 0.5440967012232968, -0.1068589391393375, -0.08534380529785673], [-0.722323379611249, -0.39193064749498596, 0.006833548284024375, -0.515163091706151, 0.0010210844411107853, 0.2364302934568255, 0.08285455610953618, 0.4228045626881139, -0.0037449485021505483, 0.4934787667055196, 0.03887432396008524]], "inverted": false, "swapped": false, "error_lsq": 0.06398395073605259, "error_max": 0.2959803401438181, "target": "909.xyz", "model": "15.xyz", "model_rescale": 3.769337070930944, "target_rescale": 3.6835942647528386},
{"mapping": [0, 3, 4, 2, 5, 9, 1, 7, 8, 6, 10], "R": [[0.5390265916866289, 0.8376644116411825, -0.08814004155052363], [-0.4497577926566882, 0.3747207392676705, 0.8107418180328891], [0.712157469524318, -0.3973697283796569, 0.578730539688548]], "T": [0.01250186865461194, -0.03880769233093871, 0.008102228821573722], "aligned_model": [[-0.0827928315304649, -0.0601425073680134, 0.4626325606429908, 0.5339408741674818, -0.10214503389519422, -0.22812298347885576, -0.7661124799605715, -0.3248470257579946, 0.4652266300836407, 0.6756559663117978, 0.04436750035748759], [-0.3889303080099416, 0.41315984050173665, -0.6556660698444134, 0.14408878260961772, -0.6317896164825786, 0.7369483596356894, -0.21915066893925628, -0.07037144739431554, 0.5185717446570722, -0.1913769195531282, -0.031584565089979116], [-0.5265034096902006, -0.5114086782959982, -0.14969709550838198, -0.48299460603848154, 0.3001286777667336, -0.024790191052690112, -0.040524444095827235, 0.6376544147347906, 0.22225676498317115, 0.2697435924565275, -0.044729956928963886]], "inverted": false, "swapped": false, "error_lsq": 0.04162345744551016, "error_max": 0.25981608074480483, "target": "909.xyz", "model": "16.xyz", "model_rescale": 3.7852294659196426, "target_rescale": 3.6835942647528386},
{"mapping": [3, 0, 1, 4, 2, 9, 8, 11, 10, 5, 12], "R": [[0.9747947703975492, -0.19370472023906088, -0.110696147009264], [-0.07577274889837965, -0.7541168649251522, 0.6523543857136571], [-0.20984195512330828, -0.6275238922882276, -0.7497867153247386]], "T": [0.08837861510972786, -0.09291914341888848, 0.031931877180134675], "aligned_model": [[-0.16267053572938497, -0.007658168920028713, 0.4226245139496003, 0.6318279098993345, -0.1533842978445911, -0.39614864792974336, -0.5527642707403392, -0.3082774198864555, 0.34447591390885945, 0.7352344991227183, 0.06440117374233503], [-0.492847972767038, 0.25996001207426056, -0.659541038485177, 0.13085408842582058, -0.6322536479107996, 0.6225837076706094, 0.013912652073184012, -0.041497440765974516, 0.6281415278484112, -0.19078287326794924, -0.014629882804843772], [-0.6080107971913554, -0.544262875894193, -0.1717184638146283, -0.36351102614732134, 0.18927229542851745, 0.055400728155844396, -0.009645504270088485, 0.6467097824684227, 0.2844011964616654, 0.09680996483833826, 0.07368976829547755]], "inverted": true, "swapped": false, "error_lsq": 0.03888024958478737, "error_max": 0.24920533191514313, "target": "909.xyz", "model": "17.xyz", "model_rescale": 3.901054581598922, "target_rescale": 3.6835942647528386},
{"mapping": [10, 11, 4, 6, 5, 12, 13, 2, 7, 1, 14], "R": [[-0.25415146938827377, 0.8962782399198228, 0.3634451089972268], [-0.8926664636609289, -0.36200849521567274, 0.26850779140795167], [0.3722279076894601, -0.2561936104548842, 0.8920825178755707]], "T": [0.04825626710312137, -0.08542806229652464, 0.059124302143583], "aligned_model": [[0.00959110739278763, -0.008046124558123945, 0.5444925451867961, 0.5753593594907779, -0.4198456505415199, -0.2531105308380681, -0.6390284667127089, -0.2996793707464106, 0.3740911353246396, 0.7188176045843117, 0.015019060989822891], [-0.5063620439888047, 0.3129160852843159, -0.6567797501056524, 0.21645964408578663, -0.49292665650728595, 0.5823804766296807, 0.03156934206872093, -0.27139092966031186, 0.4912885138198596, -0.03165251265755341, -0.05160303687825199], [-0.6435657693745213, -0.6299932275333171, -0.17083390071322113, -0.3821827202350983, 0.1292066637567816, -0.06410277488550292, 0.26272562909426206, 0.7858269276130292, 0.0892349859768155, 0.24117163767008823, 0.03164761696136328]], "inverted": true, "swapped": false, "error_lsq": 0.05127377846364148, "error_max": 0.2491375275947007, "target": "909.xyz", "model": "18.xyz", "model_rescale": 3.9405287249114394, "target_rescale": 3.6835942647528386},
{"mapping": [5, 11, 6, 10, 8, 13, 7, 4, 12, 1, 15], "R": [[0.36305326654619363, -0.93084130885273, 0.04155458318254998], [0.016692497159492448, 0.051087964462764895, 0.9985546456882728], [-0.9316188524223408, -0.3618348761802658, 0.03408571828336504]], "T": [0.10232826598934651, 0.06461857962252232, 0.02531289085488076], "aligned_model": [[-0.043546499294261534, -0.06493951709314912, 0.3311141417164087, 0.5685547921499594, -0.19663216692440844, -0.2891429924733844, -0.577489439455202, -0.18850452504235582, 0.29186230651946304, 0.6609077959081038, 0.1254767735611309], [-0.5087563216131199, 0.31346495686741366, -0.6428366763765385, 0.270989599760609, -0.6298240848522871, 0.5970825587960769, -0.055833162578698484, 0.023040702155059406, 0.41085569404602235, -0.20864656009121563, 0.05436242597718173], [-0.5588312850514939, -0.6299047609025918, -0.048494557409672616, -0.572974552852489, 0.050694002830218576, -0.0953610916444026, 0.16302568657896185, 0.694904256078544, 0.40522836867252526, 0.24629817577767893, -0.005449173746599558]], "inverted": false, "swapped": false, "error_lsq": 0.04260351524186944, "error_max": 0.19887738427645182, "target": "909.xyz", "model": "19.xyz", "model_rescale": 4.410303926677745, "target_rescale": 3.6835942647528386},
{"mapping": [3, 6, 1, 2, 5, 11, 10, 8, 12, 7, 13], "R": [[0.7781610988528527, -0.017219053569584947, -0.6278286457516005], [0.285361635886209, 0.9001812245430232, 0.3290022792391718], [0.5594944512651288, -0.4351749845457469, 0.7053996681521345]], "T": [0.10232801969474564, -0.0056592838563267744, -0.1399957696714194], "aligned_model": [[-0.25528853638519455, -0.11765885289069605, 0.5669353818996963, 0.703658011206362, -0.38622326503039595, -0.2971435538084965, -0.6745263873390785, 0.00980218348459469, 0.336860417939828, 0.662941667451308, 0.06830360304437703], [-0.3804256649066624, 0.25351531994172394, -0.5751130925661319, 0.09352553875854355, -0.6194085171923687, 0.7205672803523631, -0.06523111159087636, -0.25336249403517885, 0.5229808330296378, -0.046022983482070595, -0.027125976218475838], [-0.6475617793237252, -0.6100384526425924, 0.011603207578590902, -0.3991739709646379, 0.14931417440450584, -0.12771717471248561, 0.12093035132784408, 0.5819042723759436, 0.3460177263148271, 0.2969667855473505, -0.07311007157494173]], "inverted": false, "swapped": false, "error_lsq": 0.047440754803489533, "error_max": 0.3225476640146631, "target": "909.xyz", "model": "20.xyz", "model_rescale": 4.121658175737393, "target_rescale": 3.6835942647528386},
{"mapping": [2, 3, 6, 1, 10, 7, 11, 9, 5, 8, 12], "R": [[0.8369029588206309, 0.09011272514413349, -0.5398825189653496], [-0.18622537100740505, 0.9743888296665035, -0.1260417383817587], [0.5146975312845667, 0.20602452618132439, 0.8322501702621232]], "T": [0.08337258097538262, -0.04259881506112576, -0.05046235855642129], "aligned_model": [[0.07078095836485991, -0.1775182973948486, 0.46098356896872644, 0.56497677380831, -0.22301617308974647, -0.2639512135842747, -0.7700424903198728, -0.1563861168443298, 0.4801664132709435, 0.5527437523265194, 0.07892349406601751], [-0.41916928368956874, 0.39104479241490997, -0.5706214853310859, 0.003195994550181866, -0.7337755246841142, 0.5265504301741144, 0.08068529360734097, -0.13282405919425727, 0.4905165152119904, -0.07198773609833416, 0.06028419512932628], [-0.7094371436628827, -0.5264139046473638, -0.015441457657373654, -0.5487946802573632, 0.14208303641357, 0.09871330325883954, 0.12575554001496186, 0.6255835328751842, 0.09868934028315854, 0.4317513881277864, -0.07335388641783831]], "inverted": true, "swapped": false, "error_lsq": 0.04725785413348882, "error_max": 0.21078760238368482, "target": "909.xyz", "model": "21.xyz", "model_rescale": 4.08911054899281, "target_rescale": 3.6835942647528386},
{"mapping": [0, 13, 1, 4, 8, 12, 10, 5, 14, 15, 16], "R": [[-0.21389403731305767, -0.5615803204569001, 0.7992977445717246], [0.9449745303251664, 0.08838706520836229, 0.3149775606937493], [-0.24753278134148626, 0.8226878328864349, 0.5117736333399464]], "T": [0.070157179250248, -0.04932096034435869, 0.0006077505991909857], "aligned_model": [[-0.012937701050401595, -0.008639022387420675, 0.4972639996623869, 0.40839260130294097, -0.08747248649981301, -0.22004655938107737, -0.6970809731671637, -0.34260381957063846, 0.32888970329008343, 0.6847824927478727, 0.0671124346255351], [-0.403350496216216, 0.39871661162848515, -0.7153595424721085, 0.03918400791860219, -0.6938435516686539, 0.6294321528114887, 0.12005707055785698, -0.17999740064520842, 0.5055416066735917, -0.03180664339430948, -0.044674683103025206], [-0.683378891651557, -0.4787495886962379, -0.06240615533219294, -0.6027626627700495, 0.20186762193029661, -0.006138174076647114, 0.18443405268281973, 0.5576365467586449, 0.1929813420125922, 0.3923168143236513, -0.04666583685064124]], "inverted": false, "swapped": false, "error_lsq": 0.042951634962155455, "error_max": 0.22384199857124745, "target": "909.xyz", "model": "22.xyz", "model_rescale": 4.204369325754507, "target_rescale": 3.6835942647528386},
{"mapping": [5, 11, 6, 10, 8, 13, 7, 4, 12, 1, 15], "R": [[0.36305326654619363, -0.93084130885273, 0.04155458318254998], [0.016692497159492448, 0.051087964462764895, 0.9985546456882728], [-0.9316188524223408, -0.3618348761802658, 0.03408571828336504]], "T": [0.10232826598934651, 0.06461857962252232, 0.02531289085488076], "aligned_model": [[-0.043546499294261534, -0.06493951709314912, 0.3311141417164087, 0.5685547921499594, -0.19663216692440844, -0.2891429924733844, -0.577489439455202, -0.18850452504235582, 0.29186230651946304, 0.6609077959081038, 0.1254767735611309], [-0.5087563216131199, 0.31346495686741366, -0.6428366763765385, 0.270989599760609, -0.6298240848522871, 0.5970825587960769, -0.055833162578698484, 0.023040702155059406, 0.41085569404602235, -0.20864656009121563, 0.05436242597718173], [-0.5588312850514939, -0.6299047609025918, -0.048494557409672616, -0.572974552852489, 0.050694002830218576, -0.0953610916444026, 0.16302568657896185, 0.694904256078544, 0.40522836867252526, 0.24629817577767893, -0.005449173746599558]], "inverted": false, "swapped": false, "error_lsq": 0.04260351524186944, "error_max": 0.19887738427645182, "target": "909.xyz", "model": "23.xyz", "model_rescale": 4.410303926677745, "target_rescale": 3.6835942647528386},
{"mapping": [3, 0, 10, 1, 8, 12, 5, 15, 13, 11, 16], "R": [[0.9602056292281352, 0.23550968008885853, -0.15013440705929088], [-0.2741845468378197, 0.8972155702103836, -0.3461604466824542], [0.0531787915802983, 0.3735497438849346, 0.9260845560582248]], "T": [0.10251733732452395, -0.004452422369741756, 0.09233501914107589], "aligned_model": [[-0.03794251838553614, -0.12198528190753799, 0.32274726617106475, 0.6392369909972898, -0.16439605601498708, -0.3102220773862876, -0.5214473001028685, -0.2239507182521231, 0.21876961966250713, 0.7155103113167373, 0.10134043347404562], [-0.35086111341337844, 0.35236822255657574, -0.5997455554431259, -0.07137174978732655, -0.7706750833193348, 0.6648674456172725, 0.07218207541561666, -0.177503192044831, 0.6313521402038743, -0.08986540157093198, -0.036848656123906746], [-0.725908851802914, -0.5342935888864211, -0.052263772110914375, -0.5738400078223355, 0.2241179526255248, -0.07449700609904486, 0.11226786683580123, 0.7028972441743742, 0.36878499452707547, 0.22524748443655354, -0.023377247547020294]], "inverted": false, "swapped": false, "error_lsq": 0.04350829403186227, "error_max": 0.21360421234936527, "target": "909.xyz", "model": "24.xyz", "model_rescale": 4.28219845311461, "target_rescale": 3.6835942647528386},
{"mapping": [6, 10, 2, 14, 0, 5, 1, 3, 9, 13, 15], "R": [[0.7219526815261647, 0.408839096898685, 0.5582427057152188], [-0.2099666829730657, -0.639294882875615, 0.7397405252994744], [0.659316553469173, -0.6512700250864629, -0.37569806593248484]], "T": [0.15425265104282557, 0.016609588385729054, 0.07568752705667342], "aligned_model": [[-0.15119126134964347, 0.04907631371504548, 0.44431490780353033, 0.5699978505293867, -0.21406037921714674, -0.4182163570034929, -0.4716381175406148, -0.2828349766350955, 0.25781673553780404, 0.710123028979267, 0.12427292475326455], [-0.4290554876588985, 0.253009993568237, -0.562403777235681, -0.03407255112330827, -0.7043578192859439, 0.6441962609889751, -0.022628842909858185, 0.07965678650813234, 0.5638780908325034, -0.11337466545511322, -0.0509488561385414], [-0.6456194750842597, -0.6744841901679479, -0.14654531035169405, -0.5604978820288347, -0.024839488475028204, 0.014901968645222322, 0.20452265486800858, 0.7121031156461, 0.4586305391501854, 0.24009152221263613, 0.07087161391629124]], "inverted": false, "swapped": false, "error_lsq": 0.04850968782578575, "error_max": 0.22399670403983724, "target": "909.xyz", "model": "25.xyz", "model_rescale": 4.100010024507729, "target_rescale": 3.6835942647528386},
{"mapping": [5, 7, 4, 9, 6, 3, 2, 1, 8, 10, 11], "R": [[-0.5899296619368107, 0.2926324067947875, -0.7525618037481109], [0.6395126568622325, -0.39967281732165955, -0.6567230777178277], [-0.49295695114292537, -0.8686932217921683, 0.04863672205457503]], "T": [0.03219392767764359, -0.056872721943552064, 0.07230092487267759], "aligned_model": [[-0.03848077597460475, -0.01014375072221832, 0.43371696889240874, 0.660038379757009, -0.22172294959401703, -0.3442055531032573, -0.7078911414156291, -0.1861150313077082, 0.25435299136086975, 0.6615909164042582, 0.11652061527519365], [-0.4340422751248033, 0.32193511142378634, -0.7738185350458453, 0.07382374447637682, -0.6533733594824656, 0.6613897512399058, -0.05158104621077784, 0.08431605571618703, 0.48049840710913694, 0.016922153642659775, -0.1021708756536572], [-0.5734036397218839, -0.4874029191936323, -0.22870991991698003, -0.4454255278003646, 0.08627758381730873, 0.050073083412118094, 0.07046379182846141, 0.729228227736459, 0.26911415877437594, 0.18812885524172848, -0.009208625846911608]], "inverted": false, "swapped": false, "error_lsq": 0.03769795021606817, "error_max": 0.18996644379567088, "target": "909.xyz", "model": "26.xyz", "model_rescale": 3.6694154284099745, "target_rescale": 3.6835942647528386},
{"mapping": [4, 10, 5, 8, 0, 11, 2, 6, 9, 7, 13], "R": [[0.42561496502216783, 0.8057399416647393, -0.411867755420695], [0.5623625336421088, 0.12106830291318743, 0.8179797349478463], [0.7089430740932637, -0.5797634107425401, -0.4015894735415383]], "T": [0.11907710626647691, -0.020764392305147178, 0.05989212116913208], "aligned_model": [[-0.1413704731413248, -0.0256424510256133, 0.4749029588586733, 0.5226013921488514, -0.1902595113343152, -0.4280878726212939, -0.5602059156886328, -0.19702407783069667, 0.40651847160992527, 0.6942043542773737, 0.062023794319357534], [-0.30394844921924125, 0.2934452951456892, -0.727014524249082, 0.008281225724870243, -0.5994183300672172, 0.6388839150164926, -0.04720977778179003, -0.12848548394616438, 0.5974802880584226, -0.08322748872801292, -0.024887537863462976], [-0.666402872878891, -0.4322656197451666, 0.03586685369171962, -0.4347609847610979, -0.02013175312406241, 0.0192711195611869, 0.05768670197801833, 0.6596142565221836, 0.06370160433545913, 0.307794390015393, 0.05876137273593633]], "inverted": false, "swapped": false, "error_lsq": 0.04262781676119662, "error_max": 0.22336102415272663, "target": "909.xyz", "model": "27.xyz", "model_rescale": 4.103607728864725, "target_rescale": 3.6835942647528386},
{"mapping": [4, 13, 2, 12, 1, 11, 7, 5, 10, 3, 14], "R": [[-0.27651896469794407, -0.8269493505747358, -0.48958353091826945], [-0.18672115931929723, -0.4535069690160183, 0.8714738307696694], [-0.9426942615847596, 0.33239464592247453, -0.029005663882042676]], "T": [0.06100764661955566, 0.13876014875435988, 0.08760703928492183], "aligned_model": [[-0.10303928566074727, 0.004964715604352278, 0.3782883632419842, 0.7191107259805227, -0.20408994812934889, -0.3719721419981331, -0.6268084140867243, -0.3316337530625801, 0.35731119215488766, 0.7319490569399079, 0.06358015858818322], [-0.40360989599238467, 0.2689365435140232, -0.4392002410764079, 0.06053376537370811, -0.7104969321571022, 0.6342770703422539, -0.04652615669312235, -0.06319761906610225, 0.5183353746392836, -0.17926486584477874, -0.0158879109488666], [-0.6198762649034905, -0.5446791531029103, -0.23891316051641728, -0.45835503540848754, 0.19412702733860585, -0.11001056248153551, 0.20012058163205765, 0.670861873516494, 0.25464635532564583, 0.1981898886484812, 0.10302351828223585]], "inverted": false, "swapped": false, "error_lsq": 0.04268041596990711, "error_max": 0.28228036481364166, "target": "909.xyz", "model": "28.xyz", "model_rescale": 4.137296879288765, "target_rescale": 3.6835942647528386},
{"mapping": [5, 6, 2, 4, 1, 9, 0, 7, 8, 3, 10], "R": [[0.6657514270736679, -0.5199028587362959, 0.5352345792521278], [0.06326419520660193, -0.6753939251335003, -0.7347385164108557], [0.7434868384539406, 0.5230144007296467, -0.4167532335509502]], "T": [0.06392170988827864, -0.014978717915436795, -0.013416093465488332], "aligned_model": [[-0.042912758819007774, -0.1070576348235869, 0.4126815142307986, 0.5551204715530041, -0.31344970996190924, -0.2760250360113259, -0.6312688986428431, -0.15571425333144084, 0.37951174443934377, 0.7125459692011056, 0.0842292617381658], [-0.47548489594475557, 0.21571002493989366, -0.7129960914236384, 0.26496136740408405, -0.6334020873024014, 0.68588854424495, -0.07099089858696521, -0.06279697903660446, 0.4279823701939257, -0.06918239421250295, 0.054210171814518024], [-0.49270578011078164, -0.671972537939851, -0.07048991602740784, -0.5425543437825093, 0.19177238955968018, 0.04995193501062428, -0.07739261879885806, 0.6673817342688284, 0.4583277803567526, 0.19205229015928635, -0.055235864365084736]], "inverted": true, "swapped": false, "error_lsq": 0.044618412079940925, "error_max": 0.21578495583113474, "target": "909.xyz", "model": "29.xyz", "model_rescale": 3.607286011436655, "target_rescale": 3.6835942647528386},
{"mapping": [13, 12, 2, 7, 1, 10, 11, 9, 4, 6, 14], "R": [[-0.16381491059280734, -0.209415409177381, 0.9640071895305244], [0.692453214631173, -0.7204170919381162, -0.0388298749725316], [0.7026188302446962, 0.6611689648210191, 0.2630254347835527]], "T": [0.1005613957700413, 0.05246291367067409, 0.04485498917981474], "aligned_model": [[-0.09587003114330936, -0.21053306911619207, 0.49317604646382446, 0.6529335921363623, -0.13425955439578846, -0.3230190682755163, -0.4797304032109192, -0.30478052775174536, 0.470370457456178, 0.5644171858503794, -0.01504395844096909], [-0.3321840817145417, 0.26380036507863525, -0.6235260090990186, -0.014885344276924915, -0.6299198602819374, 0.6291377889017665, 0.023338965250821898, -0.17696684809817542, 0.5851555161520515, -0.08731312801693786, -0.012738231805235485], [-0.5462083795155681, -0.56058586966664, -0.15271083692511556, -0.4933254019255477, 0.1758470882978575, -0.04058842635431085, -0.0384773972076811, 0.6754239523853768, 0.3211326373142434, 0.1650358139089023, 0.1435918880191626]], "inverted": true, "swapped": false, "error_lsq": 0.04535235442811679, "error_max": 0.2204752996230909, "target": "909.xyz", "model": "30.xyz", "model_rescale": 3.964800864290218, "target_rescale": 3.6835942647528386},
