[{"mapping": [15, 6, 14, 11, 13, 12, 2, 1, 4, 0, 10, 16], "R": [[0.3450987996549862, 0.03369530802879078, -0.9379613236661375], [0.4857969659071535, -0.8614870124990244, 0.14778848132012812], [-0.8030617201635823, -0.5066603926816767, -0.3136672123374669]], "T": [-0.08945586079765286, 0.010710605487611227, -0.012225868140108613], "aligned_model": [[-0.3500238456009581, 0.1649978444344762, 0.2175006874864562, -0.09036891551380154, -0.09259592028531702, -0.471589575083491, 0.4732928364505583, -0.24503043066548116, 0.6464914212611045, 0.2880386818857603, -0.5983532812309732, -0.10471704067778474], [-0.33017782141183305, -0.6776291839819257, -0.45066977744927506, 0.6723271303220156, 0.43160998501782494, -0.6491191687761411, -0.22255305572666279, -0.5517875080603344, 0.21268428807881623, 0.5285683304143954, 0.07766402059119258, 0.012637796958984482], [-0.4769781998646875, 0.009001034090449757, -0.5233426050870102, -0.03705251249032497, -0.6719048270728077, -0.09649749425844484, 0.5699400630166044, 0.493591363433446, 0.16183413625223803, 0.4483802967280929, 0.3103224402674173, -0.005341949661410583]], "inverted": false, "swapped": true, "error_lsq": 0.04365071214051639, "error_max": 0.27346616165502735, "target": "91.xyz", "model": "0.xyz", "model_rescale": 3.751011558992144, "target_rescale": 4.300751550267976},
{"mapping": [6, 5, 1, 12, 0, 10, 7, 14, 3, 8, 11, 13, 15, 9, 16], "R": [[0.7943477440093875, 0.6063879706600027, 0.03612880604227889], [-0.3446607050171356, 0.4009217473234393, 0.8488054847491335], [0.5002206113349269, -0.6866989016752278, 0.5274693909922622]], "T": [0.005478303252855012, -0.026884870694083324, 0.016975482765748354], "aligned_model": [[0.14179016876270858, 0.221912960932964, -0.44509800074292555, 0.07301598282946489, -0.40460178184799245, -0.4444691801725081, 0.5583094210200867, 0.6348809383464478, -0.6184061932206778, -0.06208102709995527, -0.0577940426808267, 0.5804195683120824, 0.42679170632941427, -0.06024735075696707, -0.005336958922281056], [0.006266087003603565, -0.44345994544926937, 0.23386344124987776, 0.589473994934541, -0.6565421690249017, 0.3438706756486276, -0.5240528420062793, -0.02646505545184208, -0.2399546237497012, 0.42769243760556264, -0.2775775481941366, -0.0600545579424725, 0.429597921014344, 0.7612975660630394, -0.015198031873886998], [-0.7036693844029432, -0.36980623454019607, -0.5535067328967288, -0.43473639904153416, 0.2582280529056612, 0.18306083007121343, 0.13384115845353428, -0.3979783047493612, -0.20927183426527246, 0.6846211331534183, 0.6264862813251042, 0.546772415656997, -0.10224616545300312, 0.1653775993325789, 0.022493989302508025]], "inverted": false, "swapped": true, "error_lsq": 0.03449463726426857, "error_max": 0.227553037922497, "target": "91.xyz", "model": "1.xyz", "model_rescale": 3.9405287249114394, "target_rescale": 4.300751550267976},
{"mapping": [2, 4, 0, 15, 13, 3, 6, 14, 8, 10, 9, 1, 16], "R": [[0.809749195510012, 0.5770671737448765, 0.10630012867814066], [0.022295240750878742, 0.15077050268041728, -0.9883173466864552], [-0.5863524218511842, 0.802659163348675, 0.1092204416840368]], "T": [0.018733248068040893, -0.07002063693771927, -0.055875405566202685], "aligned_model": [[-0.41683075121819646, -0.022345459029584396, -0.4012259075575711, 0.4504462402903365, 0.6248923631959129, -0.6270007139286761, 0.1093084129151285, 0.6193483858810036, 0.013994106267718485, -0.40333229586825164, -0.0036740592619372223, -0.4564021423467256, 0.00880509994477392], [0.646258766649893, 0.6056057229677662, 0.24680387223742994, -0.3247722407180966, -0.32685809803494714, 0.19051335615552872, 0.35617925171233844, 0.23051804562706524, -0.8420631117379276, -0.49644513440689825, -0.7855304231347617, 0.042011351327555874, -0.08338876507292936], [0.02923053910960824, -0.44900415951615175, -0.6441723800007528, 0.3298976324492398, -0.478898008089472, -0.02476074924702168, 0.5350211417914823, 0.28657525597917993, -0.3026211541812753, 0.030840107199370054, 0.31170895460627857, 0.542584150855139, -0.05328098136698022]], "inverted": false, "swapped": true, "error_lsq": 0.039912350076153055, "error_max": 0.2722949181132971, "target": "91.xyz", "model": "2.xyz", "model_rescale": 3.932901565614263, "target_rescale": 4.300751550267976},
{"mapping": [3, 1, 2, 10, 4, 7, 5, 11, 8, 13, 12, 9, 14, 16], "R": [[-0.4396788474232445, 0.8974636301673291, 0.03523554534056983], [-0.5155732589871853, -0.28432069563570384, 0.8082981854801868], [0.7354364185610476, 0.33722510962279995, 0.587718044383521]], "T": [0.012967740353660589, -0.07524098430977536, 0.039492357860599056], "aligned_model": [[-0.039792684684916785, 0.5321336428562504, 0.08936326406508843, -0.010446016789006744, -0.3186240407154229, -0.2432036450314606, 0.14620957854962896, -0.6334972974979608, -0.30013676310247306, -0.3253492593996932, 0.7291681371841043, 0.30534370682891276, 0.47598230071646974, 0.012658989073182934], [0.027567611700266587, 0.1618416080741442, -0.45668277786716294, 0.5118628074978516, -0.6951722626920607, -0.7110893481567513, -0.6478919166995905, -0.006559438797385339, 0.5457617509318534, -0.22522595841549242, 0.18528530091917764, 0.6060375652176325, -0.5737452489136641, -0.058493054448330015], [-0.6478686558775555, -0.4808126069038014, -0.7079573631118481, -0.1096977530578107, -0.304659870621111, 0.3501833653381337, -0.11638058072004483, 0.1648694770414617, 0.455757513210107, 0.7289766519104572, 0.12716367501844011, 0.3524627008492332, 0.3642161083693989, 0.037643701612037145]], "inverted": false, "swapped": true, "error_lsq": 0.045010687122763196, "error_max": 0.2696703781287464, "target": "91.xyz", "model": "3.xyz", "model_rescale": 3.9243930471874484, "target_rescale": 4.300751550267976},
{"mapping": [1, 10, 12, 6, 15, 3, 2, 9, 13, 11, 7, 0, 16], "R": [[0.30514148348205017, 0.9274924180659085, 0.2159779838053591], [0.6736498510154427, -0.3705329156380292, 0.639453858113041], [0.6731155571558614, -0.04963036226983786, -0.7378700928047696]], "T": [0.02887470621277885, 0.003656008708275371, -0.042701736578770556], "aligned_model": [[-0.008653805826876235, -0.23142548803556426, 0.5284118032325459, 0.4214509412478926, 0.6208119300341846, -0.49019329655778354, -0.319591234418919, 0.2751907722450929, 0.2849428601934151, -0.36108529770357256, 0.21110273787913, -0.6770574992030183, 0.023301463224824997], [-0.6341859222457562, 0.06790697943110566, -0.29345510259834334, -0.6147788657631943, 0.10742046155638639, -0.44907043116329765, -0.7053304634280344, 0.24727164600090915, 0.6820683879937537, 0.507990535915162, 0.21601575977631815, -0.011091035366281199, 0.007067603572859295], [-0.47653111339898335, -0.5864042077978422, -0.543392149715155, 0.006604865157143779, -0.24003035974734604, -0.14959239197923696, 0.2504277123760976, -0.7690311524017829, 0.2514550594844855, 0.13599214100276882, 0.6559770903694491, 0.30983058560537885, -0.05823576358401308]], "inverted": false, "swapped": true, "error_lsq": 0.043523781030379946, "error_max": 0.2522076764267606, "target": "91.xyz", "model": "4.xyz", "model_rescale": 3.8936222436046832, "target_rescale": 4.300751550267976},
{"mapping": [8, 11, 13, 15, 7, 4, 3, 6, 12, 10, 14, 16], "R": [[-0.5387406074359048, 0.5980091958115695, 0.5934168514833331], [0.37489406164630745, 0.8009636555076122, -0.4668100953259452], [-0.7544620603064989, -0.02902110061116195, -0.6557017426218951]], "T": [-0.0885778674373854, -0.09632434977347412, 0.038179171956419004], "aligned_model": [[0.09163540458566631, -0.5424992224920615, -0.3391322091136591, 0.360837275998795, -0.6176777657013318, -0.7692350593745741, -0.17610782750584297, 0.2008140250983148, 0.6469758074171548, 0.21467285894716465, 0.036535415298950616, -0.07927066094347929], [-0.6474043102106074, -0.46463031329783633, 0.028720026710708862, 0.20596996214686222, 0.35793240958372285, 0.12691686561646404, -0.3933550662582408, 0.44007281464926185, 0.10448394661684685, -0.6181171885065518, 0.6386964233546056, -0.11036266529542872], [-0.5282037026183687, -0.27272232776701205, -0.6925252158078025, -0.2885309472206798, -0.24494609512476745, 0.3537386788225453, 0.6626226783090042, 0.44749488114125535, 0.12267788837431395, 0.09534547294218837, -0.07329113186423059, 0.03762454008907214]], "inverted": false, "swapped": true, "error_lsq": 0.04376239890694733, "error_max": 0.2807176330896499, "target": "91.xyz", "model": "5.xyz", "model_rescale": 3.6523030999806103, "target_rescale": 4.300751550267976},
{"mapping": [1, 10, 9, 12, 15, 3, 11, 6, 0, 7, 13, 14, 16], "R": [[0.05498550339584146, -0.9501109562935501, -0.30702730358595387], [-0.6286294324851276, 0.20596075295167135, -0.7499368005752264], [0.7757587453775382, 0.23424205210537283, -0.5859428555718821]], "T": [-0.018869543204070346, -0.023632745869851708, 0.0030899390707687553], "aligned_model": [[0.20394624475899698, -0.1045947834814077, 0.3891104144290482, 0.6589176904908074, 0.5733890189541525, -0.381514766276616, -0.5345633472154184, 0.450410612616406, -0.7826118850050283, -0.107282372982711, -0.0027011217665069698, 0.5384650609108258, -0.019887860768253635], [-0.6023491724586869, 0.062164372638334374, 0.3421964498364272, -0.17321968988920258, 0.1980121838471374, -0.5386656900244167, 0.38536941280131354, -0.5713109034464334, -0.19527697252419068, 0.13016293706103638, 0.6471461637225963, -0.12406742227547393, -0.01933476512525739], [0.46341489876982617, 0.5970485177691165, 0.5924081528971407, 0.3297876978428028, -0.011004202367847531, 0.3014989565100798, -0.06853936065492167, -0.1341460121893206, -0.09727283756140294, -0.7283373519614764, -0.39957209429619556, -0.49452990972158034, 0.019353284445568133]], "inverted": true, "swapped": true, "error_lsq": 0.046606525420724895, "error_max": 0.24904235261579508, "target": "91.xyz", "model": "6.xyz", "model_rescale": 4.08911054899281, "target_rescale": 4.300751550267976},
{"mapping": [9, 10, 8, 12, 14, 7, 15, 13, 6, 1, 2, 3, 4, 11, 16], "R": [[-0.3955351068513812, 0.76859980272019, -0.5027984909549265], [-0.7985670980185394, -0.01736928626939163, 0.6016551319956809], [0.453698764832256, 0.6394940587315701, 0.6206486764963801]], "T": [0.0652414953502635, -0.017574131752612604, 0.0002040690705510939], "aligned_model": [[0.20712843035245357, 0.2834116955837367, 0.7277758050717438, -0.40228022673463804, -0.4300865092710954, 0.11591698918068585, -0.11730305574559932, 0.5139078449561624, -0.667631437352003, -0.4443945775735407, -0.40454775701009604, -0.07174733744421669, -0.02784439785542117, 0.6820791772256145, 0.07194889641576792], [-0.6620775335615489, -0.5751003012753974, -0.36691613701198345, -0.48730743936759036, 0.3451814679272579, 0.7223894091311747, -0.11898696352604685, 0.4037098347203397, -0.00902973959039119, -0.5414915333689881, 0.1205552251251499, -0.25624351465458983, 0.5780538606899406, 0.1810519801648687, -0.033029799233082184], [-0.460293559741284, 0.09540432958287087, -0.3095764316448577, -0.38616010196932954, -0.43728083560554293, -0.12763088355268173, -0.5968622995676174, -0.48307721842687334, -0.04261173556498912, 0.2496840797921328, 0.6859398362815365, 0.6405863130668583, 0.4994745034677245, 0.13589697144848722, 0.0005770645156455943]], "inverted": true, "swapped": true, "error_lsq": 0.051143092357334184, "error_max": 0.3509773242050483, "target": "91.xyz", "model": "7.xyz", "model_rescale": 3.964800864290218, "target_rescale": 4.300751550267976},
{"mapping": [1, 6, 12, 3, 9, 4, 10, 14, 7, 13, 11, 8, 15, 16], "R": [[0.39637420771618226, 0.8959497472762444, 0.20040343762770735], [-0.23481891315968725, -0.11208708066454062, 0.9655550550696754], [0.8875514438498042, -0.4297796373768008, 0.16595751810747703]], "T": [-0.0639593315888027, -0.0657528806257288, 0.09575499242274865], "aligned_model": [[-0.17391819930725905, 0.29133472183826015, 0.3771308692704368, -0.6171124091628131, 0.14248461473930607, -0.3357890614915697, -0.3594435614756381, 0.6100470167376139, 0.18284496476608986, 0.2556569093871739, -0.406880698356074, -0.15173029473522365, 0.5170101618925378, -0.0704471446419683], [-0.011161886254020759, -0.40517103205143845, 0.23498212510019145, -0.21710202406788814, 0.692593409986363, -0.7794076495861337, 0.42812806021519034, -0.39815223433299096, -0.5577319473186028, 0.027978345934766433, 0.01940354419805229, 0.6510021872020149, 0.1763793318215433, -0.05079176466584481], [-0.6667327235667454, -0.44974513528920057, -0.45515435094007717, -0.3003933921766035, -0.07706399943950965, 0.2675517451256109, -0.09468513395966216, 0.03608413562134291, 0.6090775614387516, 0.8038527202773762, 0.6556718982206171, 0.46387716995602685, 0.03297152739181938, 0.09150301606527503]], "inverted": false, "swapped": true, "error_lsq": 0.04264199118703258, "error_max": 0.35790878966260503, "target": "91.xyz", "model": "8.xyz", "model_rescale": 4.121658175737393, "target_rescale": 4.300751550267976},
{"mapping": [1, 6, 15, 9, 2, 3, 7, 11, 13, 4, 10, 8, 16], "R": [[0.84518100094282, 0.09615156569044915, 0.5257603561134749], [-0.5117915340458338, -0.13797262733241125, 0.8479581238398533], [0.15407303892733798, -0.985757795060362, -0.0674022859658943]], "T": [-0.015072836503110927, -0.035425891897782474, -0.055268950676460406], "aligned_model": [[-0.6636726036128194, -0.36354618594354854, 0.313092939815591, 0.182344727047647, -0.7407084839183549, -0.6668448509745601, 0.376704964238229, 0.27551783445419986, 0.7448778690990054, -0.23439469912932964, -0.1748765005815632, 0.445651629500917, -0.0174091435602161], [0.22772723272735032, -0.276307251164712, 0.12067708058814836, 0.6999511667858654, -0.45885582238028666, 0.007428372408485234, -0.6740992845241124, -0.04281215871283929, -0.17601486675042954, -0.7176540414221068, 0.5306004995161634, 0.5687970542227888, -0.019050541882605104], [-0.38165433851812447, -0.6548950264429422, -0.572989347585899, -0.3156945457557438, 0.009346871449783141, 0.18799055325616754, 0.015880715674596778, 0.5395891222179716, 0.06741821949940502, 0.25964584435383153, 0.09161082582215818, 0.22687127089240203, -0.05204473090451757]], "inverted": false, "swapped": true, "error_lsq": 0.04130236259861212, "error_max": 0.23125732098922017, "target": "91.xyz", "model": "9.xyz", "model_rescale": 3.833441315466971, "target_rescale": 4.300751550267976},
{"mapping": [15, 9, 5, 2, 1, 6, 10, 0, 7, 4, 13, 11, 8, 14, 16], "R": [[0.6262531642300484, -0.5032174431681906, 0.5954655146883998], [-0.0722682522300318, -0.7979714037146012, -0.5983468380240389], [0.7762630185777681, 0.33168334860981163, -0.5360987616507928]], "T": [-0.03902155919554709, 0.0015345356625347233, -0.0011776766167018865], "aligned_model": [[-0.024827069972683746, 0.16053959336443477, -0.40563761989980784, -0.6869581166599377, -0.6674948657689023, -0.7080869616619262, 0.05891897093361756, 0.052700082579897584, 0.14922059298255516, -0.2123825592416859, 0.5964518184692501, 0.5184295591675772, 0.6360230601725642, -0.3081128521769495, -0.03493861399347095], [-0.6255247580905715, -0.5651794299844666, 0.13828009523337725, 0.5350776976310251, -0.06612034832583671, -0.2432078435136949, -0.010279446418358209, 0.7852549383081149, 0.11244775723854819, 0.6034613004692451, -0.19152081824731754, 0.35802087600534227, -0.19441808473624536, -0.4345123340063508, -0.0006780622678329018], [0.08061769449575128, -0.5365142351838434, 0.46451768170875674, 0.07315344146360529, -0.44491494785787844, 0.17619647682537148, -0.5993121413983986, 0.013184184118014072, 0.7190437976864462, 0.4682249107542225, 0.4126407535275709, 0.021611830996557363, -0.4047527492379673, 0.5518028859479269, -0.017377676024041763]], "inverted": false, "swapped": true, "error_lsq": 0.039941259175809284, "error_max": 0.2765022372298361, "target": "91.xyz", "model": "10.xyz", "model_rescale": 4.2482417240324, "target_rescale": 4.300751550267976},
{"mapping": [0, 11, 8, 13, 1, 12, 10, 15, 7, 6, 5, 16], "R": [[0.5742259817875656, 0.4595977301925581, 0.6775208101910635], [-0.6602642922566836, 0.7492774284178246, 0.051326402897072076], [-0.4840615520890781, -0.47681575232517276, 0.7337105370128553]], "T": [-0.06301357671564606, 0.046506552616141145, -0.030579780133794088], "aligned_model": [[-0.6485273780446994, -0.051271237851386806, 0.3605621564429982, 0.5292274962263375, -0.446438935714799, 0.18569661539639182, -0.14186470167025444, 0.4739527847710607, 0.11607833410455101, -0.17799530768893462, -0.2598055333103084, -0.06284869029794975], [-0.4826475857972553, -0.5908702202362887, -0.23502989272018351, -0.4449358970783387, 0.6927971373199842, 0.7635457789508879, 0.15331180694045304, 0.3761298179184305, -0.37095021499080827, 0.6454420263077875, 0.10992692519694451, 0.049411708239026096], [-0.028074108592069325, 0.14821224647472098, 0.6005116039357001, -0.17227419314945003, 0.14761146681966175, 0.08122899324439298, 0.5609199183584268, -0.08635570455509153, -0.6306729039757042, -0.4393149451829748, -0.6026196676904985, -0.01398041583275788]], "inverted": false, "swapped": true, "error_lsq": 0.0441387391066325, "error_max": 0.21528716790850688, "target": "91.xyz", "model": "11.xyz", "model_rescale": 3.6694154284099745, "target_rescale": 4.300751550267976},
{"mapping": [11, 4, 5, 2, 3, 8, 10, 9, 6, 12, 15, 1, 13, 16], "R": [[0.8449094663204049, 0.12513764025779428, 0.5200659234297896], [-0.3027509324981462, -0.6896656833292609, 0.6578017316102831], [0.4409873769096706, -0.7132333532783608, -0.5448195271625582]], "T": [-0.027500740282449816, 0.057768803598509305, -0.1004331005579813], "aligned_model": [[-0.30123519470987603, 0.19468801529582652, 0.12656392763870222, 0.6959633010552477, 0.631226758725778, -0.47480892808690517, 0.14129797480004566, -0.22579464693299497, 0.3017993424371947, 0.07326883365826597, -0.3687828536846415, 0.6138882654835635, -0.7848778012692068, -0.024932144155190322], [-0.29342589403437114, 0.42868030560006576, 0.6148702411748579, 0.3789677646411378, -0.10468130617026322, -0.6074153404889866, -0.48222912094001713, -0.38764949182507025, 0.6137129657023667, 0.1648685043189996, 0.22875739851389895, 0.05270792278541847, 0.08112734612307038, 0.04269599273514701], [-0.5904181561325671, -0.7529401657578265, -0.2898556893462285, -0.3893036799074042, -0.2601405736374516, 0.019570842701921748, 0.11729606803194115, 0.5397673931126715, 0.248130350473688, 0.6524801485224567, 0.4039325838640071, 0.32974497542820025, -0.2958220524033336, -0.09334658529765968]], "inverted": true, "swapped": true, "error_lsq": 0.04560913818220131, "error_max": 0.2959698421309098, "target": "91.xyz", "model": "12.xyz", "model_rescale": 3.9764082729961374, "target_rescale": 4.300751550267976},
{"mapping": [11, 8, 13, 14, 4, 0, 2, 7, 15, 11, 9, 12, 10, 1, 6, 16], "R": [[0.6616454892642722, 0.5857747718518137, 0.4680738864732763], [-0.23473590367080982, -0.43105507298975543, 0.871258044196807], [0.7121266053617785, -0.6863377016540417, -0.14770327424995539]], "T": [-0.04014410611471689, 0.018700424981557162, 0.01824337356802931], "aligned_model": [[0.010924924949068292, -0.28044276231826903, -0.6359003514281218, -0.5324538749506481, 0.2931277002557232, 0.5400665175633595, 0.6083032725848639, -0.3560298230383846, -0.5818873604167952, 0.010924924949068292, -0.3257164828201189, -0.27052304260601795, 0.18477839512623467, 0.3591483896617419, -0.04935291629899255, -0.03612719740331762], [-0.23425003068050143, -0.7298759639025407, -0.058518009110029884, 0.5452951943420647, 0.5891921530410205, 0.1017748539630619, 0.5446105674399855, 0.49627846617011634, -0.025420326416349726, -0.23425003068050143, -0.6138058202608097, -0.06408246230208187, -0.5147378780709793, 0.026281039440505194, 0.5138652756334452, 0.0031070887368372466], [-0.5914792214857573, -0.17884912413864956, -0.48320880374058695, 0.23884151379499557, -0.4014919559582091, -0.5102365821135382, 0.13204022068695181, -0.4702146604968566, 0.34175987987975365, -0.5914792214857573, 0.4256238723663405, 0.7452755274385406, 0.19810498939036375, 0.6792779289373562, 0.5602174538943073, 0.023215125883443367]], "inverted": true, "swapped": true, "error_lsq": 0.04110452946021183, "error_max": 0.31921388241541127, "target": "91.xyz", "model": "13.xyz", "model_rescale": 4.170626492500431, "target_rescale": 4.300751550267976},
{"mapping": [15, 12, 14, 6, 13, 0, 4, 9, 8, 1, 10, 3, 11, 16], "R": [[-0.20872877360518943, 0.15546850663192482, -0.96553707464546], [-0.6148028713908307, 0.7469393602656718, 0.25317784542787036], [0.7605588263894273, 0.6464604671064952, -0.06032525233754664]], "T": [-0.04969198464809074, 0.09451535685380837, 0.04688357237042802], "aligned_model": [[0.222065849325179, 0.05443329933499122, -0.2813861870357714, -0.5316659763779986, 0.3704569031350471, -0.3510091873634883, -0.658865214226423, 0.5903591390441322, 0.7356455719442859, -0.3299635491265097, 0.27615807502191647, -0.4250965892930988, 0.21090910221908413, -0.03885821450970286], [-0.30783139641104135, -0.6616351267483358, -0.17428392548768745, -0.4210003641544717, 0.4976436351661756, 0.7067523202272363, 0.5833921654013399, -0.3776989315470323, 0.22121404840991482, -0.4985728941242899, -0.07249036825717879, 0.07744785839942951, 0.6936033211535142, 0.08953412589809287], [-0.35852991279410995, -0.029912162870270764, -0.6182474233539957, -0.1554862572506973, -0.4759022153481492, 0.44338153726274454, -0.0042642329360896986, 0.16904260109667513, 0.20227942361405743, 0.45450204961091295, 0.5300270106653948, 0.633908713551609, 0.15428146074558347, 0.05879250912720159]], "inverted": true, "swapped": true, "error_lsq": 0.04308175267279162, "error_max": 0.25619185310455367, "target": "91.xyz", "model": "14.xyz", "model_rescale": 3.9786697098870705, "target_rescale": 4.300751550267976},
{"mapping": [6, 7, 12, 1, 15, 9, 0, 11, 10, 3, 13, 16], "R": [[0.8364869824574503, -0.132098348727083, -0.5318266206601618], [-0.5448501086650984, -0.09679883130362527, -0.8329275750903455], [0.058548161942628005, 0.9864988659506055, -0.15294476196100845]], "T": [-0.04036602325489578, -0.01272348637152643, -0.010310646060966475], "aligned_model": [[0.07362834214298586, -0.7736094225507758, 0.5133116765090742, 0.551387580811067, 0.11063320012577962, 0.5876296749873097, -0.3628845312552241, -0.34267261372123986, 0.46984075523792346, 0.19504624240731297, -0.512704796766528, -0.02625151116034864], [-0.3882425206901459, 0.07362866586073807, 0.0748976045908483, -0.4704379193447101, 0.3848056836787413, 0.48859262610717114, -0.42226634986632267, 0.20777313804420813, 0.0666691500747354, -0.6030557123208464, 0.6105915936666635, -0.00828146957664162], [-0.630794066285534, -0.15643814456242178, -0.5340154892408975, -0.20210172044732383, -0.47856817951819197, -0.05364840981800233, 0.5822205742932205, 0.5358995569327542, 0.30730958004619996, 0.27588397522402147, 0.016463792412076874, -0.0022449751620715816]], "inverted": true, "swapped": true, "error_lsq": 0.047566080767454944, "error_max": 0.2640026932694556, "target": "91.xyz", "model": "15.xyz", "model_rescale": 3.769337070930944, "target_rescale": 4.300751550267976},
{"mapping": [15, 13, 1, 5, 9, 8, 10, 11, 3, 4, 16], "R": [[-0.4521866652824875, -0.6140507900844135, 0.6468916809925841], [-0.8918489172982446, 0.3019168182422108, -0.3368259841170941], [0.011520783595425521, -0.7292378638408784, -0.6841632915365601]], "T": [-0.10273346784343093, 0.07441598534209576, -0.0022696583255778224], "aligned_model": [[-0.2556708097411372, -0.24077214713516906, 0.02979930933747596, -0.6546929143893992, 0.3850363897371101, 0.5119667038661195, 0.47512859283703246, 0.1541878358056792, 0.11991546356746244, -0.5155209897691244, -0.08675130342487897], [0.012097347537139022, -0.6796799466174059, 0.8279131540537357, 0.2201606392289603, 0.09874661781448985, -0.3793664719094638, 0.23108398783619946, -0.4338767638071834, 0.5674397623115308, 0.05423744190688151, 0.07730872927045862], [-0.6128610773426363, -0.1591999770742437, -0.10779560777665301, 0.2076782305101923, -0.6418501378340458, -0.27278895007984816, -0.09728192803277058, 0.33534483598127296, 0.4372453491034415, 0.6624919107241583, -0.006765040955090861]], "inverted": false, "swapped": true, "error_lsq": 0.04401724190230433, "error_max": 0.23322387981106796, "target": "91.xyz", "model": "16.xyz", "model_rescale": 3.7852294659196426, "target_rescale": 4.300751550267976},
{"mapping": [7, 2, 3, 4, 14, 6, 12, 1, 11, 13, 15, 10, 16], "R": [[0.15781821971499646, -0.8599615099354772, 0.48534483715754506], [0.015142087707432972, 0.49355402951412886, 0.8695833123572618], [-0.9873520783924294, -0.1298869561575034, 0.09091343087954211]], "T": [0.12335353249194597, 0.1128114844614577, 0.0023067402788720303], "aligned_model": [[0.01586394782873135, -0.2346694891192188, 0.14742552695907377, 0.013965826669077641, -0.4989485553825362, -0.5947710017778844, -0.3123814314670547, -0.2307065808969616, 0.7081917168220968, 0.3955901734287644, -0.14064241108231818, 0.45214344459478717, 0.13270468363972554], [-0.145582451117682, -0.57784858166464, -0.3281385216552074, -0.6229227725063716, 0.2760815510489847, 0.09862575778900537, 0.6521273445354211, 0.1284411870277764, -0.06460079075202577, 0.3464471300128757, 0.6669059631505442, 0.32483467284434464, 0.12068513498984876], [-0.6963594073691068, 0.3260711489965614, 0.5415674047622353, -0.24149253883612956, -0.3906531760793941, 0.15430954844419914, 0.3306002946228512, 0.6884960689601148, -0.25233576329338864, -0.6931384933522492, -0.15060099204513416, 0.46538353397689075, 0.013907068355723317]], "inverted": false, "swapped": true, "error_lsq": 0.042832907178724317, "error_max": 0.2684228995024543, "target": "91.xyz", "model": "17.xyz", "model_rescale": 3.901054581598922, "target_rescale": 4.300751550267976},
{"mapping": [6, 5, 1, 12, 0, 10, 7, 14, 3, 8, 11, 13, 15, 9, 16], "R": [[0.7943477440093875, 0.6063879706600027, 0.03612880604227889], [-0.3446607050171356, 0.4009217473234393, 0.8488054847491335], [0.5002206113349269, -0.6866989016752278, 0.5274693909922622]], "T": [0.005478303252855012, -0.026884870694083324, 0.016975482765748354], "aligned_model": [[0.14179016876270858, 0.221912960932964, -0.44509800074292555, 0.07301598282946489, -0.40460178184799245, -0.4444691801725081, 0.5583094210200867, 0.6348809383464478, -0.6184061932206778, -0.06208102709995527, -0.0577940426808267, 0.5804195683120824, 0.42679170632941427, -0.06024735075696707, -0.005336958922281056], [0.006266087003603565, -0.44345994544926937, 0.23386344124987776, 0.589473994934541, -0.6565421690249017, 0.3438706756486276, -0.5240528420062793, -0.02646505545184208, -0.2399546237497012, 0.42769243760556264, -0.2775775481941366, -0.0600545579424725, 0.429597921014344, 0.7612975660630394, -0.015198031873886998], [-0.7036693844029432, -0.36980623454019607, -0.5535067328967288, -0.43473639904153416, 0.2582280529056612, 0.18306083007121343, 0.13384115845353428, -0.3979783047493612, -0.20927183426527246, 0.6846211331534183, 0.6264862813251042, 0.546772415656997, -0.10224616545300312, 0.1653775993325789, 0.022493989302508025]], "inverted": false, "swapped": true, "error_lsq": 0.03449463726426857, "error_max": 0.227553037922497, "target": "91.xyz", "model": "18.xyz", "model_rescale": 3.9405287249114394, "target_rescale": 4.300751550267976},
{"mapping": [4, 7, 14, 13, 0, 6, 5, 3, 2, 1, 15, 12, 11, 10, 8, 16], "R": [[0.04991719706109682, 0.9124176775861988, 0.40620469601639386], [-0.9980439059252736, 0.030242778816044258, 0.05471504523353289], [0.03763821572534157, -0.4081413431125192, 0.9121425375232325]], "T": [0.10052965304111594, 0.002105451752498703, 0.03253156308483583], "aligned_model": [[-0.39592193627367567, 0.04643578391146207, 0.6439722403612183, 0.22166388164134626, -0.6786806069149196, 0.48546477591038617, 0.09299740031068457, -0.33865602248804705, -0.2898306551689298, 0.22852012332161062, 0.7192217113921173, 0.743904297372878, -0.34782283657066476, 0.01988856138259229, 0.11608404591229465, 0.09992433387103286], [-0.25609366574513354, -0.6824799966782847, -0.2801211500498033, -0.7155861700038998, -0.05307864480207423, 0.26409677005210647, -0.14281198405956988, 0.5093918185313348, 0.3449515130559107, 0.7353230615693014, -0.08103542720556241, 0.41990972413651395, -0.3492961636479656, 0.41735651033929083, -0.09062824567733359, 0.012454179162805478], [-0.5148053448141747, -0.275482137493273, -0.4071874365077316, 0.31991234052677353, -0.0798200208087614, -0.5350901732580255, -0.5581638345280034, -0.156134590639863, -0.6308616923226217, -0.17354857293803494, 0.1345269322020085, 0.03597693332848549, 0.3699490665214877, 0.4667669004918075, 0.8375868587283386, 0.04581852818646574]], "inverted": false, "swapped": true, "error_lsq": 0.03321833190937905, "error_max": 0.2643934341129471, "target": "91.xyz", "model": "19.xyz", "model_rescale": 4.410303926677745, "target_rescale": 4.300751550267976},
{"mapping": [1, 6, 12, 3, 9, 4, 10, 14, 7, 13, 11, 8, 15, 16], "R": [[0.39637420771618226, 0.8959497472762444, 0.20040343762770735], [-0.23481891315968725, -0.11208708066454062, 0.9655550550696754], [0.8875514438498042, -0.4297796373768008, 0.16595751810747703]], "T": [-0.0639593315888027, -0.0657528806257288, 0.09575499242274865], "aligned_model": [[-0.17391819930725905, 0.29133472183826015, 0.3771308692704368, -0.6171124091628131, 0.14248461473930607, -0.3357890614915697, -0.3594435614756381, 0.6100470167376139, 0.18284496476608986, 0.2556569093871739, -0.406880698356074, -0.15173029473522365, 0.5170101618925378, -0.0704471446419683], [-0.011161886254020759, -0.40517103205143845, 0.23498212510019145, -0.21710202406788814, 0.692593409986363, -0.7794076495861337, 0.42812806021519034, -0.39815223433299096, -0.5577319473186028, 0.027978345934766433, 0.01940354419805229, 0.6510021872020149, 0.1763793318215433, -0.05079176466584481], [-0.6667327235667454, -0.44974513528920057, -0.45515435094007717, -0.3003933921766035, -0.07706399943950965, 0.2675517451256109, -0.09468513395966216, 0.03608413562134291, 0.6090775614387516, 0.8038527202773762, 0.6556718982206171, 0.46387716995602685, 0.03297152739181938, 0.09150301606527503]], "inverted": false, "swapped": true, "error_lsq": 0.04264199118703258, "error_max": 0.35790878966260503, "target": "91.xyz", "model": "20.xyz", "model_rescale": 4.121658175737393, "target_rescale": 4.300751550267976},
{"mapping": [1, 10, 9, 12, 15, 3, 11, 6, 0, 7, 13, 14, 16], "R": [[0.05498550339584146, -0.9501109562935501, -0.30702730358595387], [-0.6286294324851276, 0.20596075295167135, -0.7499368005752264], [0.7757587453775382, 0.23424205210537283, -0.5859428555718821]], "T": [-0.018869543204070346, -0.023632745869851708, 0.0030899390707687553], "aligned_model": [[0.20394624475899698, -0.1045947834814077, 0.3891104144290482, 0.6589176904908074, 0.5733890189541525, -0.381514766276616, -0.5345633472154184, 0.450410612616406, -0.7826118850050283, -0.107282372982711, -0.0027011217665069698, 0.5384650609108258, -0.019887860768253635], [-0.6023491724586869, 0.062164372638334374, 0.3421964498364272, -0.17321968988920258, 0.1980121838471374, -0.5386656900244167, 0.38536941280131354, -0.5713109034464334, -0.19527697252419068, 0.13016293706103638, 0.6471461637225963, -0.12406742227547393, -0.01933476512525739], [0.46341489876982617, 0.5970485177691165, 0.5924081528971407, 0.3297876978428028, -0.011004202367847531, 0.3014989565100798, -0.06853936065492167, -0.1341460121893206, -0.09727283756140294, -0.7283373519614764, -0.39957209429619556, -0.49452990972158034, 0.019353284445568133]], "inverted": true, "swapped": true, "error_lsq": 0.046606525420724895, "error_max": 0.24904235261579508, "target": "91.xyz", "model": "21.xyz", "model_rescale": 4.08911054899281, "target_rescale": 4.300751550267976},
{"mapping": [15, 12, 3, 14, 2, 4, 13, 1, 5, 10, 9, 11, 7, 8, 0, 6, 16], "R": [[0.954451103218424, 0.2561158861673059, 0.1530612440099372], [-0.25573055573994036, 0.437944851923775, 0.8618620478559225], [0.1537041782973878, -0.8617476193910829, 0.48349360497086874]], "T": [0.003663695969125153, 0.01255415393719661, -0.04002927434010323], "aligned_model": [[0.10463618738209507, -0.7217392727197193, -0.5286775014842425, -0.48786845221950276, 0.23408470161783582, 0.025731902813077894, -0.4246582928432753, 0.7512707666024445, 0.008248971471668908, -0.34392517397588857, -0.4477376912487094, 0.4529662180716713, -0.24918688359534844, 0.5844528757689763, 0.3654066997390104, 0.33397181877208376, 0.0009518895058094881], [-0.6332093121118039, 0.11629872683639184, 0.046765733528293885, -0.3205596793078975, -0.14559527100883135, 0.3598871868999276, 0.43555510076494053, -0.09987099861179204, -0.2547320348641295, 0.22380969883694196, -0.3758382922453293, -0.5686864432416462, 0.6379828384294537, -0.03886562958648701, 0.6695867425075261, 0.5172556612342133, 0.05462714022374675], [-0.36298611323411495, 0.049397246588870666, -0.725391398045721, -0.2834505292561357, -0.7057234600728091, -0.6443180664977619, -0.31268370564621706, -0.28177838867031824, 0.612861315630985, 0.6568842650996158, 0.35104067711191905, 0.1748652162405555, 0.1851411789561237, 0.335206588218191, -0.23375478881712652, 0.3978486322661492, -0.062123625723370164]], "inverted": true, "swapped": false, "error_lsq": 0.03851549172928737, "error_max": 0.22631312956703098, "target": "91.xyz", "model": "22.xyz", "model_rescale": 4.204369325754507, "target_rescale": 4.300751550267976},
{"mapping": [4, 7, 14, 13, 0, 6, 5, 3, 2, 1, 15, 12, 11, 10, 8, 16], "R": [[0.04991719706109682, 0.9124176775861988, 0.40620469601639386], [-0.9980439059252736, 0.030242778816044258, 0.05471504523353289], [0.03763821572534157, -0.4081413431125192, 0.9121425375232325]], "T": [0.10052965304111594, 0.002105451752498703, 0.03253156308483583], "aligned_model": [[-0.39592193627367567, 0.04643578391146207, 0.6439722403612183, 0.22166388164134626, -0.6786806069149196, 0.48546477591038617, 0.09299740031068457, -0.33865602248804705, -0.2898306551689298, 0.22852012332161062, 0.7192217113921173, 0.743904297372878, -0.34782283657066476, 0.01988856138259229, 0.11608404591229465, 0.09992433387103286], [-0.25609366574513354, -0.6824799966782847, -0.2801211500498033, -0.7155861700038998, -0.05307864480207423, 0.26409677005210647, -0.14281198405956988, 0.5093918185313348, 0.3449515130559107, 0.7353230615693014, -0.08103542720556241, 0.41990972413651395, -0.3492961636479656, 0.41735651033929083, -0.09062824567733359, 0.012454179162805478], [-0.5148053448141747, -0.275482137493273, -0.4071874365077316, 0.31991234052677353, -0.0798200208087614, -0.5350901732580255, -0.5581638345280034, -0.156134590639863, -0.6308616923226217, -0.17354857293803494, 0.1345269322020085, 0.03597693332848549, 0.3699490665214877, 0.4667669004918075, 0.8375868587283386, 0.04581852818646574]], "inverted": false, "swapped": true, "error_lsq": 0.03321833190937905, "error_max": 0.2643934341129471, "target": "91.xyz", "model": "23.xyz", "model_rescale": 4.410303926677745, "target_rescale": 4.300751550267976},
{"mapping": [13, 1, 11, 7, 14, 9, 10, 15, 2, 2, 0, 6, 3, 5, 8, 4, 16], "R": [[0.5731629147413216, 0.026813356355001483, -0.8190026355795276], [-0.2777194344498608, 0.9466701148765616, -0.16336342714465693], [0.7709449973208741, 0.3210868068304549, 0.5500427925037653]], "T": [-0.016173218543374845, -0.03468291207439545, -0.16501515269144496], "aligned_model": [[0.007668767256086794, -0.8491716511562782, -0.32450718480227997, -0.550991057373032, 0.2672270803184568, 0.23317293893197838, -0.1801267058901616, 0.6700979303069492, -0.07900427920177196, -0.07900427920177196, -0.3671646543289066, 0.5002537628909448, -0.456082891423036, 0.41067606336954166, 0.37509364851916316, 0.17336975033523824, -0.09357847489313326], [-0.7087063993312467, 0.16629175526610346, 0.0360316428760473, -0.42831915861760683, -0.27393194141567784, 0.3278017786392625, 0.5812818245406665, 0.01447466206518088, 0.14778955353816614, 0.14778955353816614, -0.27187443474160405, -0.5924907082869688, 0.45629583438095256, -0.12565638763194378, 0.6879552880772498, 0.440864350766027, 0.018813954620744457], [-0.3632839655904702, -0.11964838156808416, -0.7133317615772018, -0.1958580020936132, -0.7312255045739537, -0.6109426427376232, -0.29726734930526105, -0.3545662908972539, 0.7269770043862915, 0.7269770043862915, 0.4602296031171822, -0.1722071684663721, 0.4470880533695152, 0.2878927305512078, -0.14474355494703972, 0.2952159161694196, -0.0902706460741993]], "inverted": true, "swapped": false, "error_lsq": 0.049761209870005166, "error_max": 0.5072860672819015, "target": "91.xyz", "model": "24.xyz", "model_rescale": 4.28219845311461, "target_rescale": 4.300751550267976},
{"mapping": [0, 7, 3, 13, 11, 14, 2, 8, 5, 15, 6, 12, 9, 10, 1, 16], "R": [[0.12135838605347177, 0.5408677661073044, -0.8323065551349401], [0.8355117889728593, 0.39704125286863184, 0.3798398267794991], [0.5359031560103648, -0.7414986871914218, -0.40371710921328224]], "T": [-0.03008560678125117, 0.010826069602134142, -0.06438278543353886], "aligned_model": [[-0.022145968083628016, -0.42467242329434174, -0.06694254526201573, 0.12278474929961031, 0.31859751418898097, -0.5891405074479761, -0.5625744225271451, 0.7386874219051927, -0.6267945760760392, -0.04299843207496885, -0.6065006476701504, -0.06781237630818346, 0.5259691181508073, 0.46888694844199763, -0.14155030923695697, -0.015472777884172917], [0.425878785320853, -0.44089776798240254, 0.7031158644931353, -0.6937682752409745, -0.09321399864626846, -0.423727284529935, 0.646604900942173, -0.24592947202198304, 0.02645084199886702, -0.42318946113382483, 0.12833785286428542, -0.014394720943442588, -0.1327326228983153, 0.29476069570438357, 0.5712300169302112, 0.016586020857470293], [-0.7355794760157889, -0.5190284072274564, -0.1364580172857615, -0.3685536912872313, -0.617509685178875, 0.19437482224943842, -0.21356771102134414, -0.0688693241690108, -0.18131491636953329, 0.39557275824952637, 0.3748729677254032, 0.7014134120973654, 0.49932693427796665, 0.13030741156783637, 0.45521483024311454, -0.058275887277903504]], "inverted": true, "swapped": true, "error_lsq": 0.04669855298525193, "error_max": 0.39605919014145685, "target": "91.xyz", "model": "25.xyz", "model_rescale": 4.100010024507729, "target_rescale": 4.300751550267976},
{"mapping": [0, 11, 8, 13, 1, 12, 10, 15, 7, 6, 5, 16], "R": [[0.5742259817875656, 0.4595977301925581, 0.6775208101910635], [-0.6602642922566836, 0.7492774284178246, 0.051326402897072076], [-0.4840615520890781, -0.47681575232517276, 0.7337105370128553]], "T": [-0.06301357671564606, 0.046506552616141145, -0.030579780133794088], "aligned_model": [[-0.6485273780446994, -0.051271237851386806, 0.3605621564429982, 0.5292274962263375, -0.446438935714799, 0.18569661539639182, -0.14186470167025444, 0.4739527847710607, 0.11607833410455101, -0.17799530768893462, -0.2598055333103084, -0.06284869029794975], [-0.4826475857972553, -0.5908702202362887, -0.23502989272018351, -0.4449358970783387, 0.6927971373199842, 0.7635457789508879, 0.15331180694045304, 0.3761298179184305, -0.37095021499080827, 0.6454420263077875, 0.10992692519694451, 0.049411708239026096], [-0.028074108592069325, 0.14821224647472098, 0.6005116039357001, -0.17227419314945003, 0.14761146681966175, 0.08122899324439298, 0.5609199183584268, -0.08635570455509153, -0.6306729039757042, -0.4393149451829748, -0.6026196676904985, -0.01398041583275788]], "inverted": false, "swapped": true, "error_lsq": 0.0441387391066325, "error_max": 0.21528716790850688, "target": "91.xyz", "model": "26.xyz", "model_rescale": 3.6694154284099745, "target_rescale": 4.300751550267976},
