[{"mapping": [10, 11, 8, 5, 7, 6, 1, 4, 3, 2, 0, 12], "R": [[-0.9899699700018882, 0.11965893506778158, -0.07510790739266596], [0.07081377371933285, -0.039749105875789725, -0.9966972549544334], [-0.12224920427588876, -0.9920190259468414, 0.030876920400071173]], "T": [-0.07714652833587382, 0.04242349019332904, 0.008341688630031461], "aligned_model": [[-0.2419695554730797, 0.2507292069034187, 0.41737588139505294, -0.16182756403884102, -0.07769567692397938, -0.5142802408193405, 0.44582104509701587, -0.3853378018777798, 0.6098247630613447, 0.15120408577198402, -0.6218627099825687, -0.03433897065267828], [-0.48646339012955864, -0.6246416704179393, -0.2123055403637759, 0.6917076050101357, 0.3902479300640497, -0.5366177874494281, -0.27099621029684606, -0.3026443571579366, 0.026735203192296088, 0.3854159732291543, 0.10742327055929267, -0.11430599026238648], [-0.5568096492626797, -0.044098839571043574, -0.6831665813167163, 0.07838518469707623, -0.5339936277406597, -0.010828880305486777, 0.5045531964332906, 0.7463587187149826, -0.09811760296526115, 0.5516539144342506, 0.2549846004912478, -0.026968688255438116]], "inverted": false, "swapped": true, "error_lsq": 0.04293431573801079, "error_max": 0.2990141112975324, "target": "910.xyz", "model": "0.xyz", "model_rescale": 3.751011558992144, "target_rescale": 4.010386498075772},
{"mapping": [6, 9, 10, 5, 11, 4, 7, 8, 2, 1, 0, 13, 14], "R": [[0.5934370569381235, -0.6798264092249239, -0.43089269287487897], [-0.5281285800115513, 0.07509852321984542, -0.8458371088957857], [0.6073818094309386, 0.7295178305775294, -0.31446950955832625]], "T": [-0.020270646597769497, 0.04703190035301509, 0.15644737718401885], "aligned_model": [[0.588210239696923, -0.5340636548824799, -0.2163138008301986, -0.6128762738307513, 0.09454022887474853, 0.20894206918299965, 0.5084186840456791, -0.14304828405685496, -0.42125305851222733, 0.6139935786405141, 0.3555305916237605, -0.6057846034029704, -0.03693988149086957], [-0.3909459812186091, -0.3586818562018323, -0.5475360748159125, 0.15396037494609666, -0.7141331156988013, 0.0004919548129251605, -0.014479072548882352, 0.4766223547442471, 0.7557504111607278, 0.2830101813822129, 0.6401731386480688, 0.1464267767671436, 0.009505004636997043], [0.11580095620751962, 0.2312986544890555, -0.3731843370391594, -0.009296156290506341, 0.36663127318641986, -0.5991117100509491, 0.5518977731551047, -0.33426225730034, 0.300215523036535, -0.01001190582903852, 0.44360834125201404, 0.574533807518126, 0.1927472552742446]], "inverted": false, "swapped": false, "error_lsq": 0.04114054324360458, "error_max": 0.2504115952856178, "target": "910.xyz", "model": "1.xyz", "model_rescale": 3.9405287249114394, "target_rescale": 4.010386498075772},
{"mapping": [3, 1, 4, 2, 7, 8, 6, 9, 5, 10, 11, 0, 12], "R": [[-0.31486280799545346, 0.5378355967745999, -0.7820449366777644], [0.9465749941092085, 0.23843922508953075, -0.21712327481377092], [0.06969356260351728, -0.8086282253179234, -0.5841773707965892]], "T": [-0.032420948969429236, -0.014655548123964447, 0.13748164521415837], "aligned_model": [[0.45901201727990804, -0.6551783322348345, -0.10032523443993144, -0.6632094941019729, 0.23651643898422817, 0.1650034861752594, 0.16682776503234817, 0.19226458156948253, -0.36600948668733535, 0.6676379265418565, 0.26979001513183476, -0.46468328892039445, -0.10829055927217629], [-0.28823582371056083, -0.48433315813799704, -0.5365288460983325, 0.20748767393099757, -0.70206627424209, 0.0613352839100209, -0.043125038478173734, 0.595174192621986, 0.6220376432162165, 0.2709237885043311, 0.5715462784075157, 0.1762056149665187, -0.0102572382760504], [0.03527033927283396, 0.2746039140044524, -0.3259112666424079, 0.007374659443910331, 0.42739374936739416, -0.6081313616227298, 0.6423035261553803, -0.3400172623848371, 0.24433082855700847, -0.23648243410521605, 0.40701873131795163, 0.8300502513173683, 0.093063542927917]], "inverted": true, "swapped": false, "error_lsq": 0.04545957562358593, "error_max": 0.30852254888937414, "target": "910.xyz", "model": "2.xyz", "model_rescale": 3.932901565614263, "target_rescale": 4.010386498075772},
{"mapping": [7, 2, 0, 1, 4, 3, 5, 8, 10, 9, 12, 6, 13], "R": [[0.7368126538872993, 0.11956428931769042, -0.6654408266641826], [-0.6117529180533304, -0.30116123988529164, -0.7314781437910426], [-0.287863648842278, 0.9460477198908678, -0.1487556095228016]], "T": [-0.02820284892640968, 0.09255920350229363, -0.02900576178492137], "aligned_model": [[0.5934443769557494, -0.5416146856856581, -0.30745687364254726, -0.7625198306573004, 0.04695656390298663, -0.047442784458153094, 0.34473601647590885, 0.4056200437782372, -0.3973852421067051, 0.6255184977897399, 0.11357654631360417, -0.2566657629107989, -0.017411030696790133], [-0.254037061327246, -0.4358049134146095, -0.47513212149955697, 0.03839251428098234, -0.6919579782839861, 0.009121844399304913, 0.02681344221464127, 0.4165376792213139, 0.6308489896049987, 0.37853242293799444, 0.5542139478734791, 0.09701450955766783, 0.14562082104939772], [-0.08529344344236735, 0.3601465207580641, -0.24967310948387061, -0.1103271060469908, 0.3479693815375916, -0.5323481006238793, 0.5820537960323222, -0.5246087990718831, 0.2661110067058004, 0.1460960885823709, 0.5625204931222354, 0.6147932036254566, 0.07342728591417516]], "inverted": true, "swapped": false, "error_lsq": 0.04628668956106419, "error_max": 0.3691275464952018, "target": "910.xyz", "model": "3.xyz", "model_rescale": 3.9243930471874484, "target_rescale": 4.010386498075772},
{"mapping": [8, 6, 11, 5, 10, 9, 4, 1, 0, 7, 2, 3, 12], "R": [[-0.5531113031745971, -0.8142785722471084, 0.17612010981063408], [-0.055537668733703194, 0.24697007461295262, 0.9674302815176392], [-0.831254145043575, 0.5253153234247823, -0.1818250734167104]], "T": [0.010969117120597584, -0.07415816757960397, 0.07560116957307106], "aligned_model": [[0.5897630816307328, -0.6530171478956915, -0.3532844334640374, -0.6311262060485637, 0.12388077082007748, 0.19163067410234072, 0.4142581827472954, 0.03841218810185086, -0.3602003497896773, 0.5853956685951296, 0.16596386728956075, -0.23837137968398853, -0.07394908134675651], [-0.2837733366573044, -0.2803038658397104, -0.6364187964361885, 0.26463045439833205, -0.7098571449983488, -0.26832581134784217, 0.01947654510326033, 0.5129628735987164, 0.6656893853756161, 0.48274324272400077, 0.6505977639377301, 0.0169327668468707, 0.005810019909249273], [-0.05629043916453877, 0.27090274584751406, -0.34548839039226814, -0.14017409628811278, 0.3589128143858519, -0.5781172099446673, 0.5009924477709425, -0.3302264549712517, 0.2710012171173525, 0.12864563276301696, 0.6250736051547662, 0.694054990551831, 0.05158035477858916]], "inverted": true, "swapped": false, "error_lsq": 0.0368809197082192, "error_max": 0.18748453035407006, "target": "910.xyz", "model": "4.xyz", "model_rescale": 3.8936222436046832, "target_rescale": 4.010386498075772},
{"mapping": [8, 3, 11, 10, 1, 2, 5, 0, 9, 7, 6, 12], "R": [[0.7754704914076395, 0.6198223091792712, 0.12027394563940441], [0.4216302040118695, -0.6501604997705895, 0.6320753875946813], [0.46997179492061414, -0.4394446831874671, -0.7655160889212996]], "T": [-0.1281462606361371, -0.0049651107910868054, 0.09505293607631346], "aligned_model": [[0.03542533902003517, -0.534222011534154, -0.26170807391482775, 0.4340155599619786, -0.8177859751421809, -0.7028661922519285, -0.17627686192354564, 0.074604226992798, 0.6272877937096376, 0.22394283074862198, 0.24438171236506606, -0.11925030581640333], [-0.5508971998955239, -0.4340096351176757, 0.16804962737458334, 0.04180662179413758, 0.1953776075278372, 0.0071591062227183665, -0.2889538871065965, 0.404487230829895, 0.06953316606338122, -0.5368395246056745, 0.5530409347389202, 0.040168857283804774], [-0.5852598346485751, -0.27173383985480304, -0.6173062273161596, -0.45998804409277116, -0.2246542915345531, 0.4618308316155536, 0.6872358901107886, 0.48622353271425356, 0.2034632521622807, 0.18589685483642368, -0.18170391930512877, -0.06471948541179084]], "inverted": false, "swapped": true, "error_lsq": 0.03982111213795613, "error_max": 0.30877158174375646, "target": "910.xyz", "model": "5.xyz", "model_rescale": 3.6523030999806103, "target_rescale": 4.010386498075772},
{"mapping": [6, 11, 9, 7, 10, 8, 2, 5, 0, 1, 1, 3, 12], "R": [[-0.5987864271782511, 0.6406353231143165, 0.4806674499124324], [-0.05636592003445101, -0.6323724921389964, 0.7726111015540645], [0.7989228358770171, 0.43553577805288357, 0.41476606460762255]], "T": [-0.00579436703317749, -0.0648334935132608, 0.08694230486752619], "aligned_model": [[0.60828606233108, -0.7283385880517568, -0.2647232559236785, -0.6675810324202879, 0.20239767088485713, 0.2360359071631293, 0.38709482124506733, -0.12020646980953015, -0.23162635727008263, 0.41334790808323674, 0.41334790808323674, -0.3754191072972153, -0.07325963195978341], [-0.25616583178963703, -0.5082611095804418, -0.5802582271294564, 0.08210362170008338, -0.803622512748827, -0.07407503010956161, -0.017396546117165138, 0.4446724525000552, 0.883722314343264, 0.4594605377482856, 0.4594605377482856, 0.3342706768306172, 0.016253213218879695], [-0.007512047460004084, 0.32331235610627723, -0.34889717206778564, 0.0017017430100801784, 0.22665594797899577, -0.5416559890770002, 0.734707274563264, -0.35034146078369677, 0.27774461634721204, 0.26529697396030705, 0.26529697396030705, 0.51906973462274, 0.08548826644832905]], "inverted": false, "swapped": false, "error_lsq": 0.05662823483933193, "error_max": 0.35241262805607376, "target": "910.xyz", "model": "6.xyz", "model_rescale": 4.08911054899281, "target_rescale": 4.010386498075772},
{"mapping": [13, 5, 7, 4, 12, 2, 11, 0, 3, 1, 9, 8, 14], "R": [[-0.5829065995708501, 0.5322373294799523, -0.6139571005247824], [0.4547023520724128, 0.8398820223026838, 0.29638481680506173], [0.6733985945905772, -0.1064030719519094, -0.7315823392364202]], "T": [-0.048499561724964745, -0.02974889205826943, 0.16667665171994941], "aligned_model": [[0.4940014723448609, -0.6086795666095397, -0.21490374577935892, -0.7403923007813449, 0.11197545660325281, 0.27208821094052066, 0.3447090129300409, 0.03817967462037262, -0.4270050937827825, 0.5863386759152691, 0.23479798479177225, -0.3416479809839854, 0.049894034849194545], [-0.48377015113179117, -0.5443920308444813, -0.5026525936434824, 0.08582320897427509, -0.6813378246674219, -0.00014586329165729162, -0.12086704666617243, 0.7191403217624585, 0.6503121309765404, 0.2926373155413796, 0.6259163292369955, 0.31959237178319455, 0.07990792858454433], [-0.02160995612587549, 0.2095955451250892, -0.4232052865470619, 0.23579261808256433, 0.4068464862225799, -0.5725707250061915, 0.5928404250228733, -0.39573586460010035, 0.022794743836263093, -0.009373352638906512, 0.4897910674138628, 0.6737995746376282, 0.24190194218630048]], "inverted": true, "swapped": false, "error_lsq": 0.047840457497782346, "error_max": 0.30231014707408654, "target": "910.xyz", "model": "7.xyz", "model_rescale": 3.964800864290218, "target_rescale": 4.010386498075772},
{"mapping": [6, 5, 10, 8, 3, 11, 0, 12, 7, 4, 2, 1, 13], "R": [[-0.21157543808699497, 0.8526557796310246, -0.4777174431189488], [0.9758407375647471, 0.15703466619912265, -0.15190447169461682], [-0.05450402652452985, -0.4983153971869022, -0.8652809231799077]], "T": [0.008780882649949345, 0.03091619489427145, 0.12056529116779502], "aligned_model": [[0.5132442685704441, -0.6267904384686489, -0.33330687627794464, -0.7352010274308605, 0.17898846398408005, 0.3498801873448193, 0.3084925951764735, -0.07382935845318257, -0.3069183003648132, 0.6108264582886207, 0.3500424814300793, -0.3736682853092116, -0.06240433343158243], [-0.2348073268439571, -0.50515269543616, -0.556347996619185, 0.1279228232036564, -0.6004366929910657, -0.03630035709849592, -0.10983140773203195, 0.6063233443106035, 0.6555345501527207, 0.3182382544444755, 0.48392725094287525, 0.2723270965625062, 0.018767253718439923], [0.01373118875100246, 0.20859916850964683, -0.34120385847839896, -0.04717919590655112, 0.43423008982654965, -0.6319415353584233, 0.7557994009667806, -0.36188377117352893, 0.2510991989456365, -0.1032215582304041, 0.4625159192559012, 0.7193751956078186, 0.09094697489299634]], "inverted": false, "swapped": false, "error_lsq": 0.04335801774827029, "error_max": 0.23894755897761177, "target": "910.xyz", "model": "8.xyz", "model_rescale": 4.121658175737393, "target_rescale": 4.010386498075772},
{"mapping": [8, 10, 3, 0, 11, 2, 7, 1, 4, 6, 9, 5, 12], "R": [[-0.817725834211136, 0.5533429210870355, -0.15854359572864768], [0.5290918777268148, 0.8310418271932944, 0.17155543237899595], [0.22668534356507336, 0.05640118028993536, -0.9723336165507637]], "T": [0.015618327544655697, -0.008477254118206393, 0.14487205372319872], "aligned_model": [[0.6791221611482159, -0.5695846869400569, -0.2779455865753614, -0.6680658918060829, 0.140811076658728, 0.0686646977530655, 0.3367990584450246, -0.0697799243317034, -0.3062289368219941, 0.5665634441861689, 0.3069240929385418, -0.41240475981392605, 0.0044810902176528385], [-0.2312392974867582, -0.4530914226869054, -0.6118359418716888, 0.22604086966154263, -0.6165573860636316, -0.13134570968770354, -0.17566863725318382, 0.4558829810180834, 0.8185507675197552, 0.3985345092226752, 0.5906803990329609, 0.11568765272141553, 0.05452531248781982], [-0.056853186529344346, 0.3354934154362422, -0.2704140087794493, -0.1656136640672909, 0.277527258129205, -0.5366232698796598, 0.7141706483261745, -0.35713235493688716, 0.16868187447069619, 0.04007246858571423, 0.6442124934570691, 0.5727706618926021, 0.0845748815039539]], "inverted": true, "swapped": false, "error_lsq": 0.03942119620721009, "error_max": 0.20401269541311842, "target": "910.xyz", "model": "9.xyz", "model_rescale": 3.833441315466971, "target_rescale": 4.010386498075772},
{"mapping": [0, 6, 12, 7, 1, 10, 5, 8, 3, 13, 2, 4, 14], "R": [[-0.12651453794134312, -0.7871187978398702, 0.6036870627871747], [-0.44298850766463427, 0.5893527454021368, 0.6755919800915523], [-0.8875557750172935, -0.18195422384237706, -0.4232462718788785]], "T": [-0.08869478621135171, 0.006715619203268984, 0.03214557839557079], "aligned_model": [[0.5013802602340361, -0.4910482776393579, -0.26369381125161, -0.6442687648362163, 0.13335431488517283, 0.3050070450052015, 0.3073191572275822, 0.06560410750820292, -0.482233735634204, 0.6637572991806625, 0.21512127830893016, -0.39556887927100093, -0.11537415865912663], [-0.33215978730066975, -0.41954918516092937, -0.5224869492675867, 0.32732259257240276, -0.6447542613449044, -0.08308598014683807, 0.024312387500395986, 0.5086166089515944, 0.640734350325523, 0.2296396795315721, 0.6006611552955995, 0.014229004719561587, 0.096684480938661], [0.0038991603407104447, 0.3751318063129036, -0.1966338788762328, -0.148028503213961, 0.30026891634771385, -0.6838772455219113, 0.580140570904127, -0.5439157119749184, 0.4765206380252905, 0.1728838600768774, 0.29968016311881135, 0.768137711598868, 0.04665973047074701]], "inverted": false, "swapped": false, "error_lsq": 0.04889010550784637, "error_max": 0.3092832862165514, "target": "910.xyz", "model": "10.xyz", "model_rescale": 4.2482417240324, "target_rescale": 4.010386498075772},
{"mapping": [8, 3, 1, 2, 10, 6, 11, 0, 5, 9, 7, 12], "R": [[0.1802204332648944, -0.9710964226386141, -0.15650026636494935], [0.8268151516248547, 0.06337394651090661, 0.5588921612862374], [-0.5328201389562734, -0.23012057891922466, 0.8143385160242016]], "T": [0.10618288849616628, 0.02672838173141277, -0.10267537766478058], "aligned_model": [[-0.7340991806060578, -0.19108308533395776, 0.3579638815865296, 0.6215120881699556, -0.48611198548630974, 0.09181538702618454, -0.17398234006171834, 0.504714729881997, 0.330356403399796, -0.14340078927274358, -0.3294291849493428, 0.028509678008674544], [-0.16599807340526282, -0.535724057048268, -0.33507965326297995, -0.4195778815797241, 0.515190457276768, 0.6924875049771029, 0.08898025979549866, 0.4225799578209982, -0.23662175844382796, 0.6334881287693634, -0.0675141459166108, 0.07392065106758156], [0.1080508380159576, 0.17801921300910062, 0.5482118086631933, -0.11759370142026665, 0.08935477669196762, 0.18594298494177003, 0.5849732125632907, -0.31772727157824604, -0.6630678917010573, -0.4995809048613998, -0.5679389646447482, 0.0365481901747948]], "inverted": false, "swapped": true, "error_lsq": 0.0457026128986843, "error_max": 0.2765421699447835, "target": "910.xyz", "model": "11.xyz", "model_rescale": 3.6694154284099745, "target_rescale": 4.010386498075772},
{"mapping": [8, 4, 11, 6, 3, 9, 2, 7, 5, 10, 12, 0, 13], "R": [[0.332652031521904, -0.9062396836733974, -0.2609066148258627], [0.9198135016468624, 0.37282758780665043, -0.12224038595493769], [0.20805227254824196, -0.1993219142638743, 0.9575933512622657]], "T": [-0.0343510917811394, 0.0797624827763256, 0.14435847516132258], "aligned_model": [[0.41196394533439307, -0.4326928493272433, -0.26176309744323867, -0.5627228439479142, 0.1311706881287999, 0.3213615540048256, 0.5003413722936828, 0.021341699773543055, -0.43813774404610306, 0.515541584271004, 0.23243789058435835, -0.539398683581655, -0.10008768098617996], [-0.49278194338782433, -0.4968740145461654, -0.38612528917939903, 0.13662616668242902, -0.6893061232733854, -0.03285801796669606, -0.12520075455989982, 0.598754014720421, 0.773660916094999, 0.35538282328629883, 0.5597670795956863, 0.17513035649360498, 0.0639888826543127], [-0.06916814852765685, 0.38204070819741215, -0.381246902027635, -0.049147717035488286, 0.4941940367720904, -0.5666066458751657, 0.45805835338024403, -0.3845190354294681, 0.1500238230964118, -0.01432441625996822, 0.5445930641052994, 0.6409163903178562, 0.24605370689509404]], "inverted": true, "swapped": false, "error_lsq": 0.044165027998936256, "error_max": 0.22471604180039645, "target": "910.xyz", "model": "12.xyz", "model_rescale": 3.9764082729961374, "target_rescale": 4.010386498075772},
{"mapping": [9, 6, 4, 14, 5, 7, 12, 8, 11, 1, 10, 13, 15], "R": [[0.22079475172032464, 0.773286880106695, 0.5943711623788744], [0.7072567528172413, 0.29268899386271124, -0.6435223682717219], [-0.6715933019373942, 0.562459379801322, -0.4822881740892475]], "T": [0.030205485380216425, -0.003114089952344641, 0.06160697467307139], "aligned_model": [[0.5221680455612028, -0.576100903331924, -0.18485690394744095, -0.7389367577215685, 0.15243819126028554, 0.05961835591705892, 0.306591558041629, 0.10255609090035045, -0.3547318162459623, 0.5815216210173876, 0.2639813326157186, -0.2895177081438892, -0.04537527086457526], [-0.32978132489602285, -0.4076564003762373, -0.5636787865079291, 0.1999867284981567, -0.8099110063028793, -0.10249082742728655, 0.06992245358951615, 0.6245714308391965, 0.6844448980305956, 0.2992106728646551, 0.7044202353301215, 0.0954548404115893, -0.0243288174390943], [0.17456928481253034, 0.2905106395257196, -0.3325745970060884, 0.13892648706263974, 0.2538615122403895, -0.6869201430846018, 0.63212422865802, -0.2552985530762416, 0.15974264917547662, 0.15089770562951912, 0.3630882025375505, 0.5739952958480921, -0.012055494713979674]], "inverted": true, "swapped": false, "error_lsq": 0.040275080208240804, "error_max": 0.2244114104090352, "target": "910.xyz", "model": "13.xyz", "model_rescale": 4.170626492500431, "target_rescale": 4.010386498075772},
{"mapping": [6, 12, 4, 8, 5, 2, 11, 0, 7, 3, 9, 10, 13], "R": [[-0.961786256250805, -0.2429938889591468, -0.12617910768257434], [0.24109420148916344, -0.9700270384304714, 0.030350135454581012], [-0.12977204358167266, -0.0012307080557791249, 0.9915430913794508]], "T": [0.0035308815726515855, 0.11835700268275537, 0.03564278260938139], "aligned_model": [[0.5868719952532174, -0.42630405045831443, -0.3558695409027854, -0.7368983604828673, 0.12668628091482273, 0.24325439754059436, 0.38245563964914486, -0.10517754497477269, -0.5411304448696322, 0.6794485346380238, 0.20268979546224247, -0.31113257004897343, 0.05446170333757202], [-0.4874890596072903, -0.36640730656938414, -0.349488016404495, 0.07226425137308351, -0.7048661602792167, 0.028966798970173138, -0.0874208659340878, 0.5236973033667813, 0.7181417681786726, 0.2547109432404586, 0.556963471049316, 0.229977588061966, 0.051113381168404026], [0.0232750452394907, 0.37615947363553903, -0.3580773020100705, 0.0010553775214298886, 0.4021890960978457, -0.5705537157379242, 0.5957598664725018, -0.3883149100521024, 0.06776874478870873, 0.0315766297754527, 0.6870002354639644, 0.49045709868573006, 0.09257157772845953]], "inverted": false, "swapped": false, "error_lsq": 0.04563381053098306, "error_max": 0.20161814974745473, "target": "910.xyz", "model": "14.xyz", "model_rescale": 3.9786697098870705, "target_rescale": 4.010386498075772},
{"mapping": [2, 7, 1, 4, 3, 11, 9, 10, 12, 0, 8, 12], "R": [[0.20098738605402955, 0.6992117116067011, -0.6860809376445288], [0.6795007325302935, -0.6039953321691902, -0.4164953699726133], [-0.7056081243423739, -0.3824821839901264, -0.5965103132320346]], "T": [-0.03075264958431744, -0.12906003932671395, -0.08366744191825157], "aligned_model": [[0.15563540519507557, -0.6649137150499295, 0.5795621296297954, 0.7265553551483185, -0.055140793325536536, 0.3984871613700008, -0.3875601464342948, -0.10464022112304411, 0.05091804126805601, 0.07330627559039413, -0.33977293676955467, 0.05091804126805601], [-0.4066331678292535, -0.02599978327193439, 0.14716560608483964, -0.5522803750634939, 0.42243464451304336, 0.4563526080288536, -0.33541526838031266, 0.29541801460496164, -0.0043736418266419885, -0.6736042971799204, 0.6959837923709398, -0.0043736418266419885], [-0.6779642301139459, -0.0354174202820596, -0.49496795867433185, -0.005616494165192026, -0.5064771987372068, 0.08448026774827436, 0.5629308336650731, 0.5801420229711524, -0.010001708441535126, 0.1496064470992345, 0.023253641245901735, -0.010001708441535126]], "inverted": true, "swapped": true, "error_lsq": 0.0591203520310514, "error_max": 0.4768910169421138, "target": "910.xyz", "model": "15.xyz", "model_rescale": 3.769337070930944, "target_rescale": 4.010386498075772},
{"mapping": [10, 9, 11, 6, 8, 7, 3, 5, 1, 4, 12], "R": [[0.7075057170841034, -0.2245429354010922, 0.6700866589141807], [0.7055960415433642, 0.17128286375987253, -0.687601924619581], [0.03962179263541543, 0.9592927867672507, 0.2796202117241854]], "T": [0.04840494527108773, -0.06763457624753963, 0.13257655475624608], "aligned_model": [[-0.31307377713038403, -0.3775951640140307, -0.09454678898258145, -0.6410519406961255, 0.3863894982722176, 0.3448688124568614, 0.5897554049650857, 0.36687782307944095, 0.18636350293225626, -0.5171712891499358, -0.008189951041633656], [0.05763570393768053, -0.5650532312610396, 0.6091419364739623, 0.07506094309197417, 0.2358629066227155, -0.47181143511767365, 0.34456618172749753, -0.5742425831022012, 0.6259157728233222, 0.19542878461161603, 0.06355951781748828], [-0.5601892695506304, -0.2662742806284463, -0.14449164760635314, -0.043575043788489115, -0.6298398012877692, -0.27221966573695183, -0.010739436095655086, 0.4074768719508213, 0.4759541918640739, 0.7405601139830156, 0.04755557412016162]], "inverted": true, "swapped": true, "error_lsq": 0.04092719573228924, "error_max": 0.2678887504713395, "target": "910.xyz", "model": "16.xyz", "model_rescale": 3.7852294659196426, "target_rescale": 4.010386498075772},
{"mapping": [8, 10, 0, 4, 9, 3, 11, 1, 5, 2, 7, 6, 12], "R": [[-0.7985030482550142, 0.4151173914833515, -0.4359706793071165], [0.5743316468621575, 0.3083279336199758, -0.7583383445153212], [-0.18037749676734294, -0.8559272379342148, -0.48461584994947643]], "T": [0.01827913976719757, 0.04256667925302598, 0.052450490808570505], "aligned_model": [[0.4708521961983554, -0.5174029909372077, -0.22815866616739366, -0.634869109640645, 0.03230283755814144, 0.2867892209606876, 0.45599480744386395, 0.003967729084071447, -0.43828869025048395, 0.5406393963607306, 0.15599465945001262, -0.33391084770678436, 0.005445292704924], [-0.42483417179355193, -0.2993266776883361, -0.4321973681494408, 0.08683575544759337, -0.7859253384751154, 0.0412527588520278, -0.07222703213600157, 0.6226621398421758, 0.5123244414724267, 0.35710236337306384, 0.5658716796200596, 0.2897729867943815, -0.021147440544901634], [0.022119248071678026, 0.5478378772068266, -0.371359210400468, -0.2181493951447399, 0.2987553790525172, -0.6961455157752219, 0.6296501724865635, -0.3184114705398409, 0.1079705051092647, 0.004553864863238666, 0.49811103136132406, 0.8284946197966261, 0.11744011152125743]], "inverted": true, "swapped": false, "error_lsq": 0.05078963708973084, "error_max": 0.29683298592137286, "target": "910.xyz", "model": "17.xyz", "model_rescale": 3.901054581598922, "target_rescale": 4.010386498075772},
{"mapping": [6, 9, 10, 5, 11, 4, 7, 8, 2, 1, 0, 13, 14], "R": [[0.5934370569381235, -0.6798264092249239, -0.43089269287487897], [-0.5281285800115513, 0.07509852321984542, -0.8458371088957857], [0.6073818094309386, 0.7295178305775294, -0.31446950955832625]], "T": [-0.020270646597769497, 0.04703190035301509, 0.15644737718401885], "aligned_model": [[0.588210239696923, -0.5340636548824799, -0.2163138008301986, -0.6128762738307513, 0.09454022887474853, 0.20894206918299965, 0.5084186840456791, -0.14304828405685496, -0.42125305851222733, 0.6139935786405141, 0.3555305916237605, -0.6057846034029704, -0.03693988149086957], [-0.3909459812186091, -0.3586818562018323, -0.5475360748159125, 0.15396037494609666, -0.7141331156988013, 0.0004919548129251605, -0.014479072548882352, 0.4766223547442471, 0.7557504111607278, 0.2830101813822129, 0.6401731386480688, 0.1464267767671436, 0.009505004636997043], [0.11580095620751962, 0.2312986544890555, -0.3731843370391594, -0.009296156290506341, 0.36663127318641986, -0.5991117100509491, 0.5518977731551047, -0.33426225730034, 0.300215523036535, -0.01001190582903852, 0.44360834125201404, 0.574533807518126, 0.1927472552742446]], "inverted": false, "swapped": false, "error_lsq": 0.04114054324360458, "error_max": 0.2504115952856178, "target": "910.xyz", "model": "18.xyz", "model_rescale": 3.9405287249114394, "target_rescale": 4.010386498075772},
{"mapping": [9, 0, 6, 1, 7, 5, 13, 10, 3, 11, 14, 12, 15], "R": [[-0.39340496959731264, -0.8648064559965352, -0.3119973133904369], [-0.5906315228440854, 0.49780506191763046, -0.6350941068472143], [0.704547325677285, -0.06557372946460371, -0.7066209393197237]], "T": [-0.06795132436268393, -0.03607224458497449, 0.19203869779373206], "aligned_model": [[0.5901715626550816, -0.5990394273644717, -0.4234261658530598, -0.6773786466088693, 0.23765081510054703, 0.20968827241721777, 0.4598078731176525, 0.10426508945850436, -0.5001641834564741, 0.5689959151292151, 0.21454695787236483, -0.3196402494701156, -0.06612197793932008], [-0.39527714533788594, -0.47057022593506415, -0.2868757746796933, 0.11122899417900953, -0.6373003865454921, -0.28993060242844715, 0.05968959677792368, 0.6283927417115498, 0.6973865580031865, 0.22840051793465893, 0.6312248292469739, 0.17919083126965465, -0.015395837581992613], [0.02816084140359193, 0.14924630350910645, -0.41543038121493614, -0.013922725627933091, 0.39392382010724547, -0.5494023526018987, 0.5965504338233131, -0.19101720640701925, 0.21770626904380805, -0.01668498051972442, 0.4652571046878352, 0.6284485457133941, 0.15803154569224304]], "inverted": true, "swapped": false, "error_lsq": 0.042826153743210596, "error_max": 0.293759614579761, "target": "910.xyz", "model": "19.xyz", "model_rescale": 4.410303926677745, "target_rescale": 4.010386498075772},
{"mapping": [6, 5, 10, 8, 3, 11, 0, 12, 7, 4, 2, 1, 13], "R": [[-0.21157543808699497, 0.8526557796310246, -0.4777174431189488], [0.9758407375647471, 0.15703466619912265, -0.15190447169461682], [-0.05450402652452985, -0.4983153971869022, -0.8652809231799077]], "T": [0.008780882649949345, 0.03091619489427145, 0.12056529116779502], "aligned_model": [[0.5132442685704441, -0.6267904384686489, -0.33330687627794464, -0.7352010274308605, 0.17898846398408005, 0.3498801873448193, 0.3084925951764735, -0.07382935845318257, -0.3069183003648132, 0.6108264582886207, 0.3500424814300793, -0.3736682853092116, -0.06240433343158243], [-0.2348073268439571, -0.50515269543616, -0.556347996619185, 0.1279228232036564, -0.6004366929910657, -0.03630035709849592, -0.10983140773203195, 0.6063233443106035, 0.6555345501527207, 0.3182382544444755, 0.48392725094287525, 0.2723270965625062, 0.018767253718439923], [0.01373118875100246, 0.20859916850964683, -0.34120385847839896, -0.04717919590655112, 0.43423008982654965, -0.6319415353584233, 0.7557994009667806, -0.36188377117352893, 0.2510991989456365, -0.1032215582304041, 0.4625159192559012, 0.7193751956078186, 0.09094697489299634]], "inverted": false, "swapped": false, "error_lsq": 0.04335801774827029, "error_max": 0.23894755897761177, "target": "910.xyz", "model": "20.xyz", "model_rescale": 4.121658175737393, "target_rescale": 4.010386498075772},
{"mapping": [6, 11, 9, 7, 10, 8, 2, 5, 0, 1, 1, 3, 12], "R": [[-0.5987864271782511, 0.6406353231143165, 0.4806674499124324], [-0.05636592003445101, -0.6323724921389964, 0.7726111015540645], [0.7989228358770171, 0.43553577805288357, 0.41476606460762255]], "T": [-0.00579436703317749, -0.0648334935132608, 0.08694230486752619], "aligned_model": [[0.60828606233108, -0.7283385880517568, -0.2647232559236785, -0.6675810324202879, 0.20239767088485713, 0.2360359071631293, 0.38709482124506733, -0.12020646980953015, -0.23162635727008263, 0.41334790808323674, 0.41334790808323674, -0.3754191072972153, -0.07325963195978341], [-0.25616583178963703, -0.5082611095804418, -0.5802582271294564, 0.08210362170008338, -0.803622512748827, -0.07407503010956161, -0.017396546117165138, 0.4446724525000552, 0.883722314343264, 0.4594605377482856, 0.4594605377482856, 0.3342706768306172, 0.016253213218879695], [-0.007512047460004084, 0.32331235610627723, -0.34889717206778564, 0.0017017430100801784, 0.22665594797899577, -0.5416559890770002, 0.734707274563264, -0.35034146078369677, 0.27774461634721204, 0.26529697396030705, 0.26529697396030705, 0.51906973462274, 0.08548826644832905]], "inverted": false, "swapped": false, "error_lsq": 0.05662823483933193, "error_max": 0.35241262805607376, "target": "910.xyz", "model": "21.xyz", "model_rescale": 4.08911054899281, "target_rescale": 4.010386498075772},
{"mapping": [8, 4, 0, 13, 1, 6, 11, 10, 12, 5, 9, 14, 16], "R": [[0.7323851738085596, -0.6804592887064842, 0.02423042712111212], [-0.6800440454687471, -0.732785279590805, -0.02378718641467367], [0.03394191226060616, 0.0009436249738506517, -0.9994233618262093]], "T": [-0.06760200609539227, -0.006556820460133152, 0.19636533790567198], "aligned_model": [[0.5298697174290733, -0.646696045536043, -0.3192457848104304, -0.6841670008740414, 0.20788494565403756, 0.18374848606693747, 0.5924907096078316, 0.1458774798006725, -0.4355747510798271, 0.5229422821313011, 0.15214771642872596, -0.34564577471985525, -0.10427614504010915], [-0.29261629374962705, -0.3947656871839099, -0.5204782204610642, 0.14200205753273012, -0.7406133484999379, -0.1429837248642482, -0.17601264389853694, 0.609388236901158, 0.6317791724132796, 0.37089568827488945, 0.6394327944608151, 0.33685020040145064, -0.022714134712616886], [-0.008474930084084176, 0.1809979975661796, -0.325783684342167, 0.010602497134585637, 0.3199223463025812, -0.4919476420648018, 0.5448698010575848, -0.2792117900438168, 0.15061902455673337, 0.11564296652924645, 0.40119475089945184, 0.661753204850161, 0.1706826752473713]], "inverted": true, "swapped": false, "error_lsq": 0.03959467243071798, "error_max": 0.2664453614171577, "target": "910.xyz", "model": "22.xyz", "model_rescale": 4.204369325754507, "target_rescale": 4.010386498075772},
{"mapping": [9, 0, 6, 1, 7, 5, 13, 10, 3, 11, 14, 12, 15], "R": [[-0.39340496959731264, -0.8648064559965352, -0.3119973133904369], [-0.5906315228440854, 0.49780506191763046, -0.6350941068472143], [0.704547325677285, -0.06557372946460371, -0.7066209393197237]], "T": [-0.06795132436268393, -0.03607224458497449, 0.19203869779373206], "aligned_model": [[0.5901715626550816, -0.5990394273644717, -0.4234261658530598, -0.6773786466088693, 0.23765081510054703, 0.20968827241721777, 0.4598078731176525, 0.10426508945850436, -0.5001641834564741, 0.5689959151292151, 0.21454695787236483, -0.3196402494701156, -0.06612197793932008], [-0.39527714533788594, -0.47057022593506415, -0.2868757746796933, 0.11122899417900953, -0.6373003865454921, -0.28993060242844715, 0.05968959677792368, 0.6283927417115498, 0.6973865580031865, 0.22840051793465893, 0.6312248292469739, 0.17919083126965465, -0.015395837581992613], [0.02816084140359193, 0.14924630350910645, -0.41543038121493614, -0.013922725627933091, 0.39392382010724547, -0.5494023526018987, 0.5965504338233131, -0.19101720640701925, 0.21770626904380805, -0.01668498051972442, 0.4652571046878352, 0.6284485457133941, 0.15803154569224304]], "inverted": true, "swapped": false, "error_lsq": 0.042826153743210596, "error_max": 0.293759614579761, "target": "910.xyz", "model": "23.xyz", "model_rescale": 4.410303926677745, "target_rescale": 4.010386498075772},
{"mapping": [13, 8, 5, 4, 14, 12, 11, 0, 3, 7, 1, 10, 16], "R": [[-0.3755974202583975, -0.8928143431701699, 0.24861441334897452], [-0.16726451068240655, 0.3291529948337797, 0.9293443330962583], [-0.9115641290449137, 0.30747496584530576, -0.2729651699704859]], "T": [0.004999904510493532, -0.10787407423778207, 0.14116695463731221], "aligned_model": [[0.6083308519215339, -0.7419203414713472, -0.3119744341566035, -0.6528441251719901, 0.3153171327463135, 0.2582227348081909, 0.3272550241908239, 0.07100985515070249, -0.45290691717625364, 0.5630187993849529, 0.1968789825432616, -0.3456519893592846, -0.03537973835202797], [-0.3638390691266394, -0.28081741848855735, -0.26770032955453216, 0.05398528132201334, -0.67385100757666, -0.050181986203365905, -0.09929936960911873, 0.44597917150024535, 0.6651571639053399, 0.24951882258471958, 0.6622404838103443, 0.09369125809875338, 0.005281095951839343], [-0.11311696761649548, 0.4376587978239981, -0.37804867510231155, 0.018990219454096166, 0.3449396682252527, -0.6195732480455423, 0.6859601253829722, -0.3680236576957284, 0.09650117196517488, 0.08809976188882235, 0.4674204396240189, 0.6512636243002446, 0.13879595740452355]], "inverted": true, "swapped": false, "error_lsq": 0.04258871252497251, "error_max": 0.2637228465613677, "target": "910.xyz", "model": "24.xyz", "model_rescale": 4.28219845311461, "target_rescale": 4.010386498075772},
{"mapping": [13, 0, 4, 1, 2, 7, 14, 9, 5, 12, 10, 8, 15], "R": [[-0.5309085648187021, -0.36941609655906615, -0.7626715173685255], [0.4583722601135055, 0.6317816047414745, -0.6250974924511572], [0.7127629107638691, -0.6814570797294208, -0.1660881739500646]], "T": [-0.015258183606814732, 0.042685875586864166, 0.07398317553806127], "aligned_model": [[0.46116034888399005, -0.5071838964042066, -0.3279657687200087, -0.6474741268799606, 0.17719927267733737, 0.14935299632234145, 0.48557528436592434, 0.13486278978935445, -0.4182113080784048, 0.7106129829509729, 0.06780014036074829, -0.4285555320279155, -0.057817348181900076], [-0.23663491720399243, -0.5501610284885068, -0.5058048830416415, 0.13911434838480774, -0.5564211370929121, -0.12176533564188462, -0.026081861444042495, 0.4964775276834879, 0.7919462671421909, 0.2821931826251677, 0.3897241085829448, 0.35211224111712613, -0.014534416008363464], [-0.14492715667812234, 0.342489811308636, -0.2948262968694585, 0.04428554008043928, 0.34381819785070955, -0.6685832957747455, 0.643703686487664, -0.40393994977904774, 0.11294887890760608, 0.06105260446325654, 0.7827642408089499, 0.5380808840344984, 0.09400007276864006]], "inverted": true, "swapped": false, "error_lsq": 0.044609222276155755, "error_max": 0.3372700893388064, "target": "910.xyz", "model": "25.xyz", "model_rescale": 4.100010024507729, "target_rescale": 4.010386498075772},
{"mapping": [8, 3, 1, 2, 10, 6, 11, 0, 5, 9, 7, 12], "R": [[0.1802204332648944, -0.9710964226386141, -0.15650026636494935], [0.8268151516248547, 0.06337394651090661, 0.5588921612862374], [-0.5328201389562734, -0.23012057891922466, 0.8143385160242016]], "T": [0.10618288849616628, 0.02672838173141277, -0.10267537766478058], "aligned_model": [[-0.7340991806060578, -0.19108308533395776, 0.3579638815865296, 0.6215120881699556, -0.48611198548630974, 0.09181538702618454, -0.17398234006171834, 0.504714729881997, 0.330356403399796, -0.14340078927274358, -0.3294291849493428, 0.028509678008674544], [-0.16599807340526282, -0.535724057048268, -0.33507965326297995, -0.4195778815797241, 0.515190457276768, 0.6924875049771029, 0.08898025979549866, 0.4225799578209982, -0.23662175844382796, 0.6334881287693634, -0.0675141459166108, 0.07392065106758156], [0.1080508380159576, 0.17801921300910062, 0.5482118086631933, -0.11759370142026665, 0.08935477669196762, 0.18594298494177003, 0.5849732125632907, -0.31772727157824604, -0.6630678917010573, -0.4995809048613998, -0.5679389646447482, 0.0365481901747948]], "inverted": false, "swapped": true, "error_lsq": 0.0457026128986843, "error_max": 0.2765421699447835, "target": "910.xyz", "model": "26.xyz", "model_rescale": 3.6694154284099745, "target_rescale": 4.010386498075772},
{"mapping": [8, 0, 5, 6, 4, 7, 10, 3, 12, 9, 11, 2, 13], "R": [[-0.14772796565281027, -0.852359894567926, -0.5016563149171317], [-0.8011767057043366, 0.40053732702511347, -0.4446186409681049], [0.5799071774006849, 0.33623274645954937, -0.7420614568938608]], "T": [-0.009738719627907094, -0.021066546978900536, 0.06175757716031002], "aligned_model": [[0.5190086650213133, -0.47566863925871694, -0.22367427621379943, -0.6000357742217564, 0.10904103323760982, 0.11882719034352493, 0.38994925527700963, -0.046411819962726766, -0.17972071175558255, 0.5129564461430555, 0.11068800174401208, -0.39309083282683455, -0.04251270246883593], [-0.37285180323927786, -0.46291954286745196, -0.6354733391058981, 0.3213768073968672, -0.6464791485574254, -0.009604370939875373, -0.06255302448925792, 0.5600429260733832, 0.7385022555795201, 0.40733387083090866, 0.5490117360601983, 0.06929867950631534, -0.015520949633624815], [-0.009168646018986856, 0.21862880827130887, -0.3884805499875885, -0.012217879486404903, 0.5816431589808819, -0.5542521224647134, 0.5094395120123052, -0.4984192559685441, 0.21633496842346803, -0.028388865755646503, 0.6915858277429552, 0.6158378324947473, 0.10832442936524356]], "inverted": true, "swapped": false, "error_lsq": 0.043922221443313356, "error_max": 0.24481919745755076, "target": "910.xyz", "model": "27.xyz", "model_rescale": 4.103607728864725, "target_rescale": 4.010386498075772},
{"mapping": [0, 4, 2, 13, 1, 3, 5, 10, 11, 9, 6, 8, 14], "R": [[-0.9405540685245812, 0.257547756986422, -0.22142085957090873], [-0.29788272338194105, -0.3123276380562521, 0.9020628191078272], [0.16316840163590246, 0.914396303239173, 0.3704800579385065]], "T": [-0.04747456878244907, 0.17192222624165587, 0.03911785419397121], "aligned_model": [[0.4375421672037292, -0.6926341032131182, -0.24016777298456585, -0.6924604919631713, 0.12947070072209396, 0.20774681406148784, 0.4893807720928569, 0.11116475041827492, -0.37467997924647345, 0.7371358343747704, 0.24524783572572442, -0.5471486603274567, -0.011242031805879224], [-0.3479992887111909, -0.4515821916427746, -0.47772734930761585, 0.21022706410503386, -0.6203892858954089, -0.19189588028505067, 0.10094370653594355, 0.5404642494300772, 0.673125426610602, 0.4009827535595519, 0.6219371817974328, -0.039830985437242644, 0.021908695855024113], [-0.02516375347180841, 0.168039160215578, -0.24749244617057162, -0.009855927043267584, 0.41831921417295526, -0.5658856860182818, 0.5309397763323745, -0.2751839432133425, 0.37645033819496776, -0.006067498911919891, 0.37537281181832305, 0.6537448600999618, 0.05765031160405705]], "inverted": false, "swapped": false, "error_lsq": 0.0401267410764831, "error_max": 0.24102837678739011, "target": "910.xyz", "model": "28.xyz", "model_rescale": 4.137296879288765, "target_rescale": 4.010386498075772},
