[{"mapping": [4, 1, 0, 14, 7, 3, 9, 8, 5, 6, 10, 15], "R": [[0.9514830412216106, -0.22547860746038761, -0.2093786518377645], [0.3076047840808549, 0.7140456239856627, 0.6289023323835718], [0.007701887966335766, -0.6627957788373808, 0.7487606002435652]], "T": [-0.048724406126076196, -0.10780447857876868, -0.00438885231096869], "aligned_model": [[-0.31559540318638335, 0.2416925422150279, 0.3621427519173753, 0.10579986389307278, -0.09918966341251728, -0.5348344522026949, 0.4234391757834389, -0.35072113195144045, 0.5194730726904673, 0.30896807004519034, -0.7250671578207462, -0.09846520551024154], [-0.28063155805121476, -0.6665324503030776, -0.27598866068508127, 0.742504070990184, 0.3838055122896071, -0.5739351508815997, -0.12237866445339601, -0.651821987884547, 0.14619923041288263, 0.4161548599284067, -0.03053066015712297, -0.03328950522798421], [-0.5480520184119485, 0.17910531990016634, -0.5990438783669028, -0.02614418202398305, -0.6022340268061537, -0.012259811245289989, 0.497915125352177, 0.6569016235474266, -0.11238055337178633, 0.49590788568953476, 0.2329011254018507, 0.019335135688471453]], "inverted": false, "swapped": true, "error_lsq": 0.045768709838143316, "error_max": 0.28805659318545784, "target": "911.xyz", "model": "0.xyz", "model_rescale": 3.751011558992144, "target_rescale": 3.9878205309023893},
{"mapping": [14, 7, 6, 13, 0, 9, 4, 11, 5, 1, 2, 3, 10, 12, 15], "R": [[0.9248821297574761, -0.38018527436431365, -0.007225179015545008], [0.21788963187825167, 0.5454440095823777, -0.8093299331735229], [0.3116362533070167, 0.7469605006740521, 0.5873098467227792]], "T": [0.0214160271214369, 0.03855060619402164, 0.09331547238109592], "aligned_model": [[-0.1297422062498044, 0.21772972071287305, -0.4559307994635476, 0.2550607475576958, -0.22370350526730104, -0.5625925207232372, 0.4189389156472199, 0.6025765053929172, -0.5029285489155588, -0.3013002648456581, 0.07098683463535771, 0.49755586197371887, 0.6147501461536987, -0.025191324444131233, 0.06287664892479125], [0.022957870473918028, -0.5002547724999215, 0.4584805321919513, 0.4177724688629408, -0.6488896174278089, 0.4030981075226495, -0.4278813430814583, -0.07953445275922288, -0.19662000599630425, 0.11274131109415902, -0.34683235403845436, 0.12984890809143873, 0.4434379449004614, 0.6824334872417024, 0.07799926525105452], [-0.7577331331302325, -0.4289829821262229, -0.4052554717913165, -0.5287339084197308, 0.22768323068400628, 0.13203596141672885, 0.23849038908185818, -0.43605037913577516, -0.16895540925773803, 0.6594771062912351, 0.7103588451839763, 0.5608603475429748, 0.03217497472401104, -0.006119556831032297, 0.020416390619233685]], "inverted": true, "swapped": true, "error_lsq": 0.043424113411677255, "error_max": 0.3841760816321247, "target": "911.xyz", "model": "1.xyz", "model_rescale": 3.9405287249114394, "target_rescale": 3.9878205309023893},
{"mapping": [0, 7, 4, 12, 13, 2, 9, 6, 10, 3, 8, 1, 15], "R": [[-0.3192736850013792, -0.24798303920122872, -0.9146413102053518], [-0.8228578639276365, -0.40620639353541993, 0.3973679675356272], [-0.4700736642677271, 0.8794889300721584, -0.07436378179223241]], "T": [-0.03192335475905098, 0.05296624923232431, -0.02389176708034348], "aligned_model": [[-0.4627782711459104, 0.07070756868953249, -0.47826001594067236, 0.40361106644220723, 0.6369659731378192, -0.7550548009748042, 0.24497047711060257, 0.6954924525457273, 0.11976736167890753, -0.45988246492303103, -0.16581414195718472, -0.3947964772919913, 0.041054551912728936], [0.6551409166129815, 0.4930968904317806, 0.10026351041944867, -0.35134191981927865, -0.16032470246672767, 0.09972735688772358, 0.13289897674003578, 0.2032908367842741, -0.5812141626773069, -0.4558338062846029, -0.7110874967806219, 0.01121979863737365, 0.022996395086937144], [-0.0735108327035772, -0.6542867941952598, -0.4657124553864921, 0.2471975302879972, -0.3279288464267618, 0.057435505220136254, 0.6025271868933272, 0.29398066587480787, -0.33133676379194915, -0.1316704110051652, 0.44807994458103817, 0.520873679981313, -0.07252805974077021]], "inverted": true, "swapped": true, "error_lsq": 0.04953075313693575, "error_max": 0.303051740394348, "target": "911.xyz", "model": "2.xyz", "model_rescale": 3.932901565614263, "target_rescale": 3.9878205309023893},
{"mapping": [3, 2, 1, 4, 8, 12, 9, 10, 11, 13, 5, 7, 6, 15], "R": [[0.9134147393285303, 0.04220283517381133, -0.404836306030827], [-0.2816299770038887, 0.7836175581206677, -0.5537400822207034], [0.2938674361513748, 0.6198083924151837, 0.7276534110835483]], "T": [0.12611980609624665, -0.04889851973532919, -0.019019297688135598], "aligned_model": [[-0.3567237965294211, 0.24834948132538476, 0.3093407930191415, 0.04051651157892047, -0.4041078031286519, -0.18125613038158125, 0.40840473358391005, -0.5851128976725465, -0.2508013328938352, -0.22787564542938685, 0.7120433327103005, 0.29997962883641094, 0.33138353081122784, 0.07566950622283011], [0.06015345153919856, 0.18602094540963532, -0.38579439338365573, 0.5262402214892273, -0.6365228226018179, -0.5818581266671874, -0.6761620422870839, -0.039085280190418875, 0.4606748301855318, -0.12092590537124773, -0.1029106981548284, 0.5886564513299816, -0.5695213647041941, -0.045468628242651986], [-0.47576042296289445, -0.6984253370375558, -0.551109799178343, -0.2609830779452058, -0.46401202504201866, 0.20034073926949408, 0.029103814648853834, 0.09832223684118582, 0.46075694540624734, 0.6554017760381616, 0.21077359200937223, 0.3871117142876048, 0.5637265976942434, 0.05864960902795181]], "inverted": false, "swapped": true, "error_lsq": 0.04275236437924294, "error_max": 0.28665022039821975, "target": "911.xyz", "model": "3.xyz", "model_rescale": 3.9243930471874484, "target_rescale": 3.9878205309023893},
{"mapping": [1, 12, 2, 0, 4, 9, 5, 3, 11, 13, 7, 14, 15], "R": [[-0.43945820744914244, 0.2308817821280172, -0.8680841471810077], [-0.7488666403020747, 0.43952129407056567, 0.49600381762766554], [0.4960597130873154, 0.8680522073815182, -0.020251575538814348]], "T": [0.005481185836222691, -0.08192908606829448, -0.19185418535254634], "aligned_model": [[0.06219303048923806, -0.5362283368709266, 0.6047369511098597, 0.4533277238536759, 0.6100900596532116, -0.5282420987038685, -0.20245574053066, 0.3926851311144408, 0.12449452727041847, -0.45343871873102704, 0.2483409061356135, -0.46052578491153096, -0.03777176356709232], [-0.5551005651969094, 0.1254167721781158, -0.40265908968948927, -0.568764489425177, 0.053650631507476745, -0.48262768544888096, -0.5096938594478038, 0.17819654928255985, 0.5858846020306457, 0.48323190330929905, 0.11423992641446919, 0.1112191051060951, -0.00516424693881419], [-0.6424999215152889, -0.4921926990951016, -0.4559462289254998, 0.14450441659956492, -0.07904808387879722, -0.36517535816741786, 0.22384763076288916, -0.6777044618235435, 0.22260991436330108, 0.04336929550393634, 0.5182041592779556, 0.510219139398147, -0.1631174871291811]], "inverted": false, "swapped": true, "error_lsq": 0.04011517496279692, "error_max": 0.29310530324795053, "target": "911.xyz", "model": "4.xyz", "model_rescale": 3.8936222436046832, "target_rescale": 3.9878205309023893},
{"mapping": [6, 5, 13, 12, 11, 4, 2, 3, 8, 1, 10, 15], "R": [[-0.1906797740983291, -0.9091918959201888, 0.3701504020568704], [-0.9166481782560634, 0.2998424386927583, 0.2642926961885628], [-0.35127957676137495, -0.2889024201211062, -0.8905829835554446]], "T": [-0.18236508161858545, -0.14858777185099042, -0.005409508657332078], "aligned_model": [[-0.01116407814755449, -0.42852419487777715, -0.22806315041404712, 0.3125315577648124, -0.6539298729320326, -0.5633646952060594, -0.1916253824361604, 0.058381005299635996, 0.6731745284632352, 0.22857040695814712, 0.02580783144726531, -0.19424591370436783], [-0.4569569075779445, -0.6881780595102693, 0.22959214170943504, -0.023180046284313027, 0.4314561919559173, 0.10427963728250061, -0.2549063522716315, 0.28936849623909217, 0.09320548600341017, -0.4939886077382056, 0.5301795254793582, -0.09194860017754261], [-0.7323020829170203, -0.22284105888918274, -0.6689124462215212, -0.4128342912317934, -0.27577118317793575, 0.4276682378157354, 0.7159298159335227, 0.44611940672552475, 0.17911735209396132, 0.37144503662902145, -0.13053460065274902, -0.07779946683204461]], "inverted": false, "swapped": true, "error_lsq": 0.04189505246893443, "error_max": 0.26042962325664737, "target": "911.xyz", "model": "5.xyz", "model_rescale": 3.6523030999806103, "target_rescale": 3.9878205309023893},
{"mapping": [8, 1, 2, 3, 4, 12, 5, 10, 6, 14, 7, 11, 15], "R": [[-0.8731073447082248, 0.25675880354000213, -0.41443754827628665], [0.4867290625475039, 0.41042522205724363, -0.771132904738794], [-0.0278995392109046, -0.875000602230632, -0.4833172475795276]], "T": [0.02855129251369999, 0.030288808593033824, 0.08464495794973288], "aligned_model": [[0.13668195946985545, -0.10047565079428712, 0.3829323486547282, 0.5834043741755846, 0.5672050338370128, -0.2293333145234912, -0.46230511027296745, 0.4285486141121559, -0.6832481721656425, -0.37885756580921254, 0.19026271911210824, 0.41516254855840334, 0.031105120310046874], [-0.6666693007979559, 0.053193341615560004, 0.379787431431254, -0.2020169877728115, 0.3553572334200152, -0.5694859081370939, 0.41319815698882034, -0.53347615381191, -0.22459836344900933, 0.09502836659284145, 0.4882829788710894, -0.02839290699364907, -0.01938098379396759], [0.6565009878377456, 0.7273085493986235, 0.6175470076714801, 0.38765454079784606, 0.05563404991875377, 0.0643828409526483, -0.022447942690073996, -0.12002185466272496, -0.20022022697633718, -0.6750934744439028, -0.5201167575056954, -0.6074590662837991, 0.0064410854672256185]], "inverted": false, "swapped": true, "error_lsq": 0.04627582628914921, "error_max": 0.26006027490004596, "target": "911.xyz", "model": "6.xyz", "model_rescale": 4.08911054899281, "target_rescale": 3.9878205309023893},
{"mapping": [14, 11, 7, 6, 9, 1, 5, 0, 12, 13, 8, 10, 3, 4, 15], "R": [[-0.14526997635956262, 0.6566372049169676, -0.7400839243540724], [0.006630086103290522, -0.7473559976286275, -0.6643907395251547], [-0.9893698377890621, -0.10142284716646027, 0.10421482690046457]], "T": [0.05813335899324003, 0.06851949215940978, -0.04363730174613954], "aligned_model": [[0.024307739708514756, 0.39306324183954705, 0.6366322634783605, -0.5059909813917803, -0.50079321247125, -0.1387005667813867, 0.0800008552195848, 0.6001108265442382, -0.5543649547929724, -0.19779369715362483, -0.5347587735015242, -0.09126740470248694, 0.14899753730794915, 0.6387977022550924, 0.038092964241293], [-0.6902456235868505, -0.588413873118124, -0.4128390893296395, -0.3176975415267932, 0.22954153220916793, 0.6897903830525588, 0.00595574173014507, 0.3584180161120428, -0.0965121378410925, -0.6389911713450974, 0.4888559222087919, -0.2176644016427718, 0.35849591543415193, 0.14995778316604946, -0.01789263935342625], [-0.4565622349634225, 0.2533144023516859, -0.2314641143106274, -0.4741884060858556, -0.41395221000789706, -0.11758287158876606, -0.6718379515022632, -0.45948776905397704, 0.11210322435114452, 0.09519537318280354, 0.5006589145742365, 0.6009520908455199, 0.5574451448422028, 0.1862663560500748, -0.01678991660277887]], "inverted": false, "swapped": true, "error_lsq": 0.0389762872990703, "error_max": 0.2078326600340129, "target": "911.xyz", "model": "7.xyz", "model_rescale": 3.964800864290218, "target_rescale": 3.9878205309023893},
{"mapping": [14, 7, 13, 5, 12, 0, 9, 11, 4, 3, 2, 8, 10, 15], "R": [[0.7984191248053387, -0.4761338208465358, -0.3685423799119391], [0.11493775026849236, 0.7213633272196207, -0.6829526072179947], [0.591029791726521, 0.5029229909128413, 0.630676026580199]], "T": [-0.08332605575476947, 0.0013963220208818034, 0.10695696481981101], "aligned_model": [[0.049104659213038734, 0.15203609221999975, 0.4138211823769099, -0.5320312367115025, 0.04268984526773996, -0.49890144885090004, -0.5568937502347207, 0.5986158007099631, 0.13717373256183923, 0.22398828314698604, -0.31900413410881484, -0.005889515640613269, 0.5696211018753462, -0.013142722364399367], [-0.13680145330941618, -0.6445570394187663, 0.22367207000233436, -0.187051350625791, 0.6171030799595549, -0.6029973649582939, 0.4573807320181559, -0.2998978814758757, -0.4912288614864435, 0.09359136845856036, -0.2739000217072194, 0.7480269809286276, 0.2873075559529215, 0.020300651842853526], [-0.7360965059000482, -0.25220162428435067, -0.43042802208049624, -0.2957583215422025, -0.07100346808247354, 0.21972976506778827, -0.10106225913829106, -0.16889969133624003, 0.431547843577339, 0.6991568492088394, 0.7397188326882584, 0.6178467843853019, 0.21480903925762948, 0.04945581690396718]], "inverted": true, "swapped": true, "error_lsq": 0.04581301625777971, "error_max": 0.2966399608855285, "target": "911.xyz", "model": "8.xyz", "model_rescale": 4.121658175737393, "target_rescale": 3.9878205309023893},
{"mapping": [12, 9, 1, 3, 6, 13, 5, 7, 0, 14, 10, 4, 15], "R": [[0.1052302476578626, 0.11207494395785653, -0.9881122415569543], [-0.9781313508889173, -0.16759094351732007, -0.12317603687080014], [-0.17940361029278978, 0.979465406529408, 0.09198837984275543]], "T": [0.048437749351395186, 0.066373708702576, -0.10400899811168984], "aligned_model": [[-0.5638422599092546, -0.21965416046324318, 0.26542867954192745, 0.15515547186158157, -0.5244029412557515, -0.5896769172082981, 0.1670614696884261, 0.27022168488934717, 0.7334597526220883, -0.3231643594541121, -0.3744478948929222, 0.503401231000401, -0.022802259984992475], [0.10916713361373444, -0.3300957635592112, 0.09488324487914888, 0.719927378854271, -0.49905665396989485, 0.027844269953416934, -0.5540271883818342, -0.1414603561771202, -0.21285925123850605, -0.49132311412422536, 0.6170302256396417, 0.37769455148495845, 0.07266296243733016], [-0.32745171516639043, -0.6003947618158371, -0.7223060174061496, -0.22697915907009333, -0.17412440387360928, 0.31631190707814333, -0.09628847460211648, 0.6096175606672346, -0.044965371862922085, 0.44212450242285917, 0.09005909960954148, 0.2005341513121009, -0.045061883333672406]], "inverted": false, "swapped": true, "error_lsq": 0.03674928779775343, "error_max": 0.23617613438481688, "target": "911.xyz", "model": "9.xyz", "model_rescale": 3.833441315466971, "target_rescale": 3.9878205309023893},
{"mapping": [14, 13, 4, 3, 10, 11, 12, 1, 0, 2, 5, 9, 6, 7, 15], "R": [[0.929015087341723, -0.32193523669476676, 0.18245183163162737], [-0.20081961480613233, -0.8527611225230972, -0.48215137687479875], [0.31080934638547764, 0.41128599695033635, -0.8568788589479849]], "T": [-0.0600767346752697, 0.11725527063436696, 0.07551258859224202], "aligned_model": [[0.21915219787432766, -0.14613282529121557, -0.5288098747492982, -0.5888366286407608, -0.5832498468582453, -0.5613755216042121, 0.07895017770666479, 0.17681605602827935, 0.07615821941364792, -0.25162116578211097, 0.4664899247157522, 0.5504338581113312, 0.5364886927330264, -0.23605098985800482, -0.08456725550464972], [-0.6994914793587634, -0.4822186223445429, 0.14814098489037525, 0.519970742796177, 0.020991023458532376, -0.49948308329657715, 0.10256316697032279, 0.7282573216240702, 0.20252047178285676, 0.6708741997177247, -0.093960926578761, 0.28147194596919145, -0.25511156142854036, -0.48783331308020533, 0.044410668173118104], [0.027225701461260243, -0.3920020203486175, 0.49502931376195075, -0.03346426935356378, -0.41104715461590613, 0.059602955691704096, -0.5625316061812127, 0.10285049095196566, 0.8000001477956791, 0.5097206345651784, 0.3532602040016373, -0.19975063196052195, -0.32226467970365325, 0.5277811430518069, 0.02371167870438578]], "inverted": false, "swapped": true, "error_lsq": 0.044183909472224475, "error_max": 0.2757335922236877, "target": "911.xyz", "model": "10.xyz", "model_rescale": 4.2482417240324, "target_rescale": 3.9878205309023893},
{"mapping": [4, 11, 14, 13, 1, 9, 5, 12, 10, 8, 3, 15], "R": [[0.16237040923476742, 0.04990410796313749, 0.9854671127000322], [0.3852772709192738, -0.9226486984849934, -0.016757198362032044], [0.9084036958962304, 0.3823989529174361, -0.16903776527663228]], "T": [-0.15393413646300272, 0.07533197255822616, 0.06782109638333272], "aligned_model": [[-0.6428532120130476, 0.04006879146624148, 0.4207142519310437, 0.5104816548026728, -0.43679591434846177, 0.16064809459066112, -0.08687311616489773, 0.39137158786796933, 0.1107838331549428, -0.05169178500526833, -0.4576018241113775, -0.08148675980747161], [-0.31101144767023886, -0.6900773208222353, -0.3168112618542987, -0.29618308436496976, 0.6614539560518313, 0.6586931933706697, 0.19890404191316796, 0.31197674200613423, -0.2154119061940039, 0.5984666722324679, 0.04632165956854874, 0.01981014581356625], [-0.02358932892658773, -0.024000823475774355, 0.5810253318359813, -0.008812626380701238, -0.01366078248165438, 0.2580521319933622, 0.6836629834330166, -0.20289213725229038, -0.5364219737761773, -0.6672562831262396, -0.5326679291376815, 0.05175372714910356]], "inverted": false, "swapped": true, "error_lsq": 0.04336988607826094, "error_max": 0.26908542989719936, "target": "911.xyz", "model": "11.xyz", "model_rescale": 3.6694154284099745, "target_rescale": 3.9878205309023893},
{"mapping": [5, 0, 4, 2, 1, 6, 9, 13, 3, 10, 11, 8, 7, 15], "R": [[0.2541034731070104, 0.911845297106777, 0.3224431408779054], [0.6633890104537185, -0.40692185897483424, 0.6279567035215898], [0.7038085291925578, 0.054339256828917326, -0.708308406983208]], "T": [0.04790491257547978, 0.0241029948660176, -0.052280868288709856], "aligned_model": [[-0.2100144201209495, 0.0028798158467053664, 0.004374375201151456, 0.5158039212091627, 0.6440047863186902, -0.2486446418729451, 0.257606359638085, -0.45882782857947035, 0.46428546983545005, 0.0403423188732701, -0.5555162809766457, 0.784201853226574, -0.6276892600234418, -0.014541618319826581], [-0.3098581104366771, 0.27597827191169316, 0.6402861465029415, 0.45523468652355464, -0.1120500580067624, -0.7217883046226041, -0.6248936632456356, -0.18848128100518213, 0.4612547819561653, 0.22352744908488334, 0.39333556318263413, -0.12214981995194701, 0.3477249102654061, 0.01286671597778391], [-0.5223617810892955, -0.7488753889108463, -0.17509122046054149, -0.4085333027831424, -0.28959152591520554, 0.039798733556481905, -0.15371450083484817, 0.48004831873978865, 0.24632971279041743, 0.6404600562583623, 0.3103069984020449, 0.4585411120989658, -0.25349554917800066, 0.015273796978234222]], "inverted": true, "swapped": true, "error_lsq": 0.045243464891275606, "error_max": 0.2824192351463943, "target": "911.xyz", "model": "12.xyz", "model_rescale": 3.9764082729961374, "target_rescale": 3.9878205309023893},
{"mapping": [3, 11, 14, 13, 6, 7, 2, 4, 10, 8, 12, 5, 1, 9, 0, 15], "R": [[-0.82039685606291, 0.4150684367502863, -0.39327749919842425], [0.5570832275544246, 0.4251950136989193, -0.7133494780983028], [-0.12886922107174442, -0.8043179676839561, -0.5800563168530384]], "T": [-0.07058653863325696, 0.06413129918878123, 0.08209507637276917], "aligned_model": [[0.5041395243753153, -0.060931286258028225, -0.1763754822089572, -0.579464822289968, -0.4337093556193892, 0.6408822123239708, 0.5349933273030893, 0.17790096260545124, -0.1967903589688645, 0.3739996445572232, -0.5853499217998298, -0.4123097477089428, -0.04360582737795266, -0.2015992252388893, 0.3069230287624911, -0.01029354521702499], [-0.20961958393219038, -0.6177759480172638, -0.1291801822952896, -0.13045152450137348, 0.4285773247197429, 0.3169432193787184, -0.07607434001499432, 0.7004751876796165, -0.6970166847370989, -0.4851946643731814, -0.1342204333292682, 0.8091893837699631, -0.26538959567990295, 0.3461560351784256, 0.5393025849705367, 0.10237031746229318], [-0.4685353385179869, -0.3246652720620984, -0.6861805318035157, -0.19658209049646866, -0.4826878199316189, 0.05156560955414716, 0.5819699793375979, -0.13967989761603408, 0.3076460490076288, 0.09748819565999936, 0.4028578929620058, 0.25798596531802886, 0.624322518804536, 0.5966792296032858, 0.48060067130896267, 0.0015270479777654]], "inverted": false, "swapped": false, "error_lsq": 0.046950395647940575, "error_max": 0.45829365747339235, "target": "911.xyz", "model": "13.xyz", "model_rescale": 4.170626492500431, "target_rescale": 3.9878205309023893},
{"mapping": [1, 3, 0, 4, 5, 14, 7, 8, 9, 10, 12, 11, 6, 15], "R": [[0.33018822083516586, -0.8881928757494738, 0.3195139344216267], [0.8306732157195044, 0.4341812052255337, 0.34852358559374563], [-0.4482831108885609, 0.15033328472691193, 0.8811595519514566]], "T": [-0.014384059456448021, -0.019727178556768445, 0.001204048658935808], "aligned_model": [[0.4533052994791586, -0.08385779141518991, -0.26856386693011663, -0.5279897555577313, 0.06596852291917826, -0.24534294620959946, -0.696530325785995, 0.5800953893201048, 0.6189110391431147, -0.14564164473462832, 0.4105155775676514, -0.6634096251303832, 0.38738254903678887, -0.041659399610709615], [-0.2820115161986379, -0.6864988668114623, 0.11496526609880134, -0.3095776121234005, 0.5338002498752079, 0.7437086032507346, 0.34699648762724056, -0.6472219368028785, 0.2510865735108156, -0.38292624847526807, -0.0007928713346755899, 0.06428099344244809, 0.6028170001594133, 0.007448345707327702], [-0.3765030485374716, 0.06625517364811195, -0.6828740985643258, -0.21982735576005386, -0.29235908780757, 0.33466989931180285, -0.04164687869377959, 0.2792448364176876, -0.03131318880977696, 0.6099529100324972, 0.496932326274247, 0.4524558957951971, 0.3233786283805363, 0.08550708943376388]], "inverted": false, "swapped": true, "error_lsq": 0.04325397941017819, "error_max": 0.2681988464602615, "target": "911.xyz", "model": "14.xyz", "model_rescale": 3.9786697098870705, "target_rescale": 3.9878205309023893},
{"mapping": [10, 13, 8, 3, 12, 9, 7, 5, 1, 4, 6, 15], "R": [[0.1710735650613179, 0.8151822423962072, 0.5533640275795879], [-0.7294010604240184, 0.48235702415545495, -0.4850832859419216], [-0.6623503064010232, -0.3206393814393139, 0.6771133277972644]], "T": [0.06452295444668721, -0.0722519297074104, 0.10962377170291736], "aligned_model": [[-0.07442612652421404, -0.5730374193620834, 0.640220023423501, 0.4550681015731649, -0.00445557097162802, 0.20609156964816233, -0.5000148342054155, -0.1207666982443083, 0.6762200303551311, 0.13006423112494206, -0.3390526756235039, -0.012556034426411344], [-0.3688301310772996, 0.010973567552424318, 0.07065610157893315, -0.504775452163589, 0.302534518523832, 0.601989447430594, -0.4283209089203499, 0.2988105479596898, 0.15436097414181, -0.6656892581648108, 0.6199747081980684, -0.07700962483486339], [-0.5326003462464736, -0.30502643633174437, -0.5778442971314781, -0.22807524092623588, -0.42086827914606617, 0.08103997390182464, 0.5047920209434388, 0.586078227958921, 0.17790510619817163, 0.310111788528381, 0.006071299207672451, 0.058382676917418865]], "inverted": true, "swapped": true, "error_lsq": 0.046161609747265166, "error_max": 0.28586447494471867, "target": "911.xyz", "model": "15.xyz", "model_rescale": 3.769337070930944, "target_rescale": 3.9878205309023893},
{"mapping": [1, 12, 0, 5, 2, 3, 4, 10, 7, 14, 15], "R": [[0.8575581182676189, -0.24829157165082735, 0.45049458292022004], [-0.5129107898911429, -0.47905487370335925, 0.7123404730845374], [0.03894348991223981, -0.8419368880315322, -0.5381688221787236]], "T": [-0.07690250794046466, -0.025513527915122854, -0.034745805940228164], "aligned_model": [[-0.18941246865274702, -0.3542050226114006, -0.031828408177627665, -0.5577621844117813, 0.3013447727949415, 0.4774869061476745, 0.4709777154043779, 0.29979492284030057, 0.08453008809090543, -0.5004567588939732, -0.07784343183949949], [-0.056214221818503836, -0.613191894969112, 0.6868158603895274, 0.3797847045863341, 0.2644139332913841, -0.3002444900616235, 0.2847575194488279, -0.5803691296923992, 0.47960907826015775, 0.11876668355518255, -0.06806354536443299], [-0.6801821216528945, 0.03145228326608723, -0.23788986509812735, 0.02471662663779868, -0.5866433297340056, -0.3008623378162373, -0.019977438354002564, 0.2297378440759433, 0.5313254330845385, 0.7049573040594697, 0.04758320875520655]], "inverted": true, "swapped": true, "error_lsq": 0.0404162028688608, "error_max": 0.17925033278796998, "target": "911.xyz", "model": "16.xyz", "model_rescale": 3.7852294659196426, "target_rescale": 3.9878205309023893},
{"mapping": [1, 3, 10, 8, 2, 4, 7, 11, 12, 6, 5, 13, 15], "R": [[0.1579192994394541, -0.16428043818751648, 0.9736906246305701], [0.7679831114515874, 0.6402566760953023, -0.016532671911527852], [-0.6206959282850912, 0.7503887834611556, 0.22727348782028273]], "T": [-0.06647650870754293, 0.139660012345608, -0.08488089868388925], "aligned_model": [[-0.22104853630321897, -0.3184285942281554, 0.18586401730469645, 0.19771367586468905, -0.708941921539757, -0.6122294961075969, -0.3000755141860695, -0.01932623266193198, 0.5354121556601652, 0.6322658327477708, -0.02843063194236254, 0.5162265721930303, -0.005235476584976209], [-0.1497167485106966, -0.4620386322965877, -0.30871196692854613, -0.6949328519177149, -0.11604479826559272, 0.09843427534842546, 0.7032350362231778, 0.30555889656570756, -0.10940697588259199, 0.4929643364168299, 0.694806945330453, 0.2699125850982784, 0.15099552252173218], [-0.6528224802463277, 0.08281412267991263, 0.42009842905138894, -0.3259627594655717, -0.3163394436972578, 0.22674882069286556, 0.39413963854036116, 0.6911179409339661, -0.13325863985919756, -0.28415286565986836, -0.3838672874571736, 0.39348705119235877, -0.01624782956228274]], "inverted": false, "swapped": true, "error_lsq": 0.04233607592789233, "error_max": 0.2429546268987287, "target": "911.xyz", "model": "17.xyz", "model_rescale": 3.901054581598922, "target_rescale": 3.9878205309023893},
{"mapping": [14, 7, 6, 13, 0, 9, 4, 11, 5, 1, 2, 3, 10, 12, 15], "R": [[0.9248821297574761, -0.38018527436431365, -0.007225179015545008], [0.21788963187825167, 0.5454440095823777, -0.8093299331735229], [0.3116362533070167, 0.7469605006740521, 0.5873098467227792]], "T": [0.0214160271214369, 0.03855060619402164, 0.09331547238109592], "aligned_model": [[-0.1297422062498044, 0.21772972071287305, -0.4559307994635476, 0.2550607475576958, -0.22370350526730104, -0.5625925207232372, 0.4189389156472199, 0.6025765053929172, -0.5029285489155588, -0.3013002648456581, 0.07098683463535771, 0.49755586197371887, 0.6147501461536987, -0.025191324444131233, 0.06287664892479125], [0.022957870473918028, -0.5002547724999215, 0.4584805321919513, 0.4177724688629408, -0.6488896174278089, 0.4030981075226495, -0.4278813430814583, -0.07953445275922288, -0.19662000599630425, 0.11274131109415902, -0.34683235403845436, 0.12984890809143873, 0.4434379449004614, 0.6824334872417024, 0.07799926525105452], [-0.7577331331302325, -0.4289829821262229, -0.4052554717913165, -0.5287339084197308, 0.22768323068400628, 0.13203596141672885, 0.23849038908185818, -0.43605037913577516, -0.16895540925773803, 0.6594771062912351, 0.7103588451839763, 0.5608603475429748, 0.03217497472401104, -0.006119556831032297, 0.020416390619233685]], "inverted": true, "swapped": true, "error_lsq": 0.043424113411677255, "error_max": 0.3841760816321247, "target": "911.xyz", "model": "18.xyz", "model_rescale": 3.9405287249114394, "target_rescale": 3.9878205309023893},
{"mapping": [9, 8, 7, 4, 13, 5, 2, 11, 0, 6, 12, 14, 1, 3, 10, 15], "R": [[0.7658389523165402, 0.21697945869703086, -0.6053186050488186], [0.5739047609727802, 0.19396072168570477, 0.7956208668555248], [0.2900414185034272, -0.9567126804567315, 0.02401713150681742]], "T": [-0.11864200235812276, 0.037178263154597234, 0.04904851231629832], "aligned_model": [[0.24944090516746642, 0.24868793543999718, -0.19522966111037204, -0.653429093932297, -0.34964694835539867, 0.6815015545224421, 0.6205357536565821, 0.2608065942704467, -0.21979090488808944, 0.36371389387558345, -0.6187332415448085, -0.3210403978351187, -0.11112770699987896, -0.30222589254372745, 0.2714576437785436, -0.08651130626167673], [0.16299315255184368, -0.5609320820155016, -0.18180703315972843, -0.40120662877870944, 0.5164686595113614, -0.10093224949093185, 0.0373976526367897, 0.6080813988344029, -0.6358220320366855, -0.48209478081684215, 0.11105300791554448, 0.7640176080481746, -0.2789144303771225, 0.31259661792382204, 0.5791809995009959, 0.048011236031320195], [-0.61253703298378, -0.23309486849156574, -0.6156358635090393, -0.188620336770697, -0.3611310535532589, -0.12972066130761045, 0.5061496826214806, -0.17299106543368464, 0.14658701827871684, 0.28563200870908084, 0.26021275357087914, 0.22362920511821843, 0.6283138819359313, 0.8338225434835499, 0.4637283126726576, 0.06996768476535693]], "inverted": false, "swapped": false, "error_lsq": 0.04328923025129442, "error_max": 0.2697239455060476, "target": "911.xyz", "model": "19.xyz", "model_rescale": 4.410303926677745, "target_rescale": 3.9878205309023893},
{"mapping": [14, 7, 13, 5, 12, 0, 9, 11, 4, 3, 2, 8, 10, 15], "R": [[0.7984191248053387, -0.4761338208465358, -0.3685423799119391], [0.11493775026849236, 0.7213633272196207, -0.6829526072179947], [0.591029791726521, 0.5029229909128413, 0.630676026580199]], "T": [-0.08332605575476947, 0.0013963220208818034, 0.10695696481981101], "aligned_model": [[0.049104659213038734, 0.15203609221999975, 0.4138211823769099, -0.5320312367115025, 0.04268984526773996, -0.49890144885090004, -0.5568937502347207, 0.5986158007099631, 0.13717373256183923, 0.22398828314698604, -0.31900413410881484, -0.005889515640613269, 0.5696211018753462, -0.013142722364399367], [-0.13680145330941618, -0.6445570394187663, 0.22367207000233436, -0.187051350625791, 0.6171030799595549, -0.6029973649582939, 0.4573807320181559, -0.2998978814758757, -0.4912288614864435, 0.09359136845856036, -0.2739000217072194, 0.7480269809286276, 0.2873075559529215, 0.020300651842853526], [-0.7360965059000482, -0.25220162428435067, -0.43042802208049624, -0.2957583215422025, -0.07100346808247354, 0.21972976506778827, -0.10106225913829106, -0.16889969133624003, 0.431547843577339, 0.6991568492088394, 0.7397188326882584, 0.6178467843853019, 0.21480903925762948, 0.04945581690396718]], "inverted": true, "swapped": true, "error_lsq": 0.04581301625777971, "error_max": 0.2966399608855285, "target": "911.xyz", "model": "20.xyz", "model_rescale": 4.121658175737393, "target_rescale": 3.9878205309023893},
{"mapping": [8, 1, 2, 3, 4, 12, 5, 10, 6, 14, 7, 11, 15], "R": [[-0.8731073447082248, 0.25675880354000213, -0.41443754827628665], [0.4867290625475039, 0.41042522205724363, -0.771132904738794], [-0.0278995392109046, -0.875000602230632, -0.4833172475795276]], "T": [0.02855129251369999, 0.030288808593033824, 0.08464495794973288], "aligned_model": [[0.13668195946985545, -0.10047565079428712, 0.3829323486547282, 0.5834043741755846, 0.5672050338370128, -0.2293333145234912, -0.46230511027296745, 0.4285486141121559, -0.6832481721656425, -0.37885756580921254, 0.19026271911210824, 0.41516254855840334, 0.031105120310046874], [-0.6666693007979559, 0.053193341615560004, 0.379787431431254, -0.2020169877728115, 0.3553572334200152, -0.5694859081370939, 0.41319815698882034, -0.53347615381191, -0.22459836344900933, 0.09502836659284145, 0.4882829788710894, -0.02839290699364907, -0.01938098379396759], [0.6565009878377456, 0.7273085493986235, 0.6175470076714801, 0.38765454079784606, 0.05563404991875377, 0.0643828409526483, -0.022447942690073996, -0.12002185466272496, -0.20022022697633718, -0.6750934744439028, -0.5201167575056954, -0.6074590662837991, 0.0064410854672256185]], "inverted": false, "swapped": true, "error_lsq": 0.04627582628914921, "error_max": 0.26006027490004596, "target": "911.xyz", "model": "21.xyz", "model_rescale": 4.08911054899281, "target_rescale": 3.9878205309023893},
{"mapping": [11, 1, 8, 6, 5, 15, 3, 9, 0, 2, 7, 12, 4, 13, 14, 16], "R": [[0.14511411600877244, 0.1912787116279686, -0.9707493743561917], [-0.5995388518776661, -0.7634936859720314, -0.24006365108039948], [-0.7870800838696168, 0.6168385898748442, 0.0038853078399608276]], "T": [-0.03319391107486558, 0.057442931899125006, 0.025798425875336657], "aligned_model": [[0.311974384414858, 0.23263188128957024, -0.19957379202485248, -0.6869811072461113, -0.22135236328431557, 0.6784942547987838, 0.33842561650365066, 0.016781294220275855, -0.4196326347599988, 0.508033843303996, -0.6748937090631046, -0.19809493777835188, 0.06302671461399201, -0.21719552380764393, 0.35978288039970796, -0.053017674340761725], [0.018104950757351114, -0.6091239291656119, -0.22111371431919255, -0.20717294827541985, 0.45106418287302097, 0.08149285739493767, 0.16422886478719367, 0.747151234661749, -0.5756030603963835, -0.36595554476006315, 0.1194942051521749, 0.641011611553325, -0.36681854854006485, 0.11531500444126207, 0.4726497220527404, 0.033366208061713955], [-0.6562605168025349, -0.3133529401991101, -0.5869706563430342, -0.21525108487579744, -0.5286271882444092, -0.1304980025330579, 0.8034709241379557, -0.14552742599333995, 0.24939914737344593, 0.24729352113919698, 0.32607695784018154, 0.4467791303653109, 0.5708084930074502, 0.6578776897019968, 0.31733770062188765, 0.06175645991009357]], "inverted": true, "swapped": false, "error_lsq": 0.04348089166302157, "error_max": 0.31491606506627784, "target": "911.xyz", "model": "22.xyz", "model_rescale": 4.204369325754507, "target_rescale": 3.9878205309023893},
{"mapping": [9, 8, 7, 4, 13, 5, 2, 11, 0, 6, 12, 14, 1, 3, 10, 15], "R": [[0.7658389523165402, 0.21697945869703086, -0.6053186050488186], [0.5739047609727802, 0.19396072168570477, 0.7956208668555248], [0.2900414185034272, -0.9567126804567315, 0.02401713150681742]], "T": [-0.11864200235812276, 0.037178263154597234, 0.04904851231629832], "aligned_model": [[0.24944090516746642, 0.24868793543999718, -0.19522966111037204, -0.653429093932297, -0.34964694835539867, 0.6815015545224421, 0.6205357536565821, 0.2608065942704467, -0.21979090488808944, 0.36371389387558345, -0.6187332415448085, -0.3210403978351187, -0.11112770699987896, -0.30222589254372745, 0.2714576437785436, -0.08651130626167673], [0.16299315255184368, -0.5609320820155016, -0.18180703315972843, -0.40120662877870944, 0.5164686595113614, -0.10093224949093185, 0.0373976526367897, 0.6080813988344029, -0.6358220320366855, -0.48209478081684215, 0.11105300791554448, 0.7640176080481746, -0.2789144303771225, 0.31259661792382204, 0.5791809995009959, 0.048011236031320195], [-0.61253703298378, -0.23309486849156574, -0.6156358635090393, -0.188620336770697, -0.3611310535532589, -0.12972066130761045, 0.5061496826214806, -0.17299106543368464, 0.14658701827871684, 0.28563200870908084, 0.26021275357087914, 0.22362920511821843, 0.6283138819359313, 0.8338225434835499, 0.4637283126726576, 0.06996768476535693]], "inverted": false, "swapped": false, "error_lsq": 0.04328923025129442, "error_max": 0.2697239455060476, "target": "911.xyz", "model": "23.xyz", "model_rescale": 4.410303926677745, "target_rescale": 3.9878205309023893},
{"mapping": [13, 15, 14, 9, 11, 12, 2, 7, 8, 5, 10, 1, 4, 3, 0, 16], "R": [[-0.8272797118834373, 0.5008028209565889, -0.2545678943385826], [0.4519374339853687, 0.32409867332088393, -0.831091213835379], [-0.33370770753576784, -0.802593660873026, -0.4944517989224599]], "T": [-0.018563505746059823, 0.022304188449799353, -0.048355220166916485], "aligned_model": [[0.3675567477945825, 0.0009471787551165838, -0.118089583778179, -0.5010166276844369, -0.4873689553535623, 0.7718508486308235, 0.37993384047742673, 0.12093023763479303, -0.4460391542198635, 0.4363705880414358, -0.6006818873931932, -0.35050568130559345, -0.041274231444152876, -0.11784782840001333, 0.45549263651463223, -0.031849001030121005], [0.21248454136656092, -0.6450169063485223, -0.1732450464997098, -0.33118205845150245, 0.28975201278013674, 0.16863600373560483, 0.028185961442137572, 0.6541877626032456, -0.5778038044048703, -0.3515627471988412, -0.01812491950119397, 0.7487989690193232, -0.3060979946357078, 0.28668226156789195, 0.43329711776110463, 0.0790999430430751], [-0.6041692241280466, -0.30057750400047134, -0.6886715845656735, -0.23465187073243102, -0.3791339956196943, -0.04552979739622809, 0.7726558765776311, -0.200656044048341, 0.31611924276333414, 0.17268893416967296, 0.24024073138892935, 0.26526090738455443, 0.5562277783321228, 0.8057512382816608, 0.37205100853003137, 0.0567065121691841]], "inverted": false, "swapped": false, "error_lsq": 0.035421931888153874, "error_max": 0.20663077507625194, "target": "911.xyz", "model": "24.xyz", "model_rescale": 4.28219845311461, "target_rescale": 3.9878205309023893},
{"mapping": [0, 2, 6, 10, 8, 4, 7, 1, 14, 13, 11, 5, 12, 9, 3, 15], "R": [[-0.6992715898582951, 0.029456537904646585, 0.7142489453906982], [0.41177995160540587, 0.833330899446646, 0.3687775528462838], [-0.5843428061274496, 0.5519890618500661, -0.5948542346869374]], "T": [0.027266646526350854, 0.020170192669101125, 0.1226483108518727], "aligned_model": [[0.3905746393367368, 0.26823374893538277, -0.24890173272574562, -0.6993435021181386, -0.42379029726564416, 0.7303810807229096, 0.5930926316793318, 0.09058272809774634, -0.37658504368666573, 0.2879422588966818, -0.463019342040584, -0.4840070239052581, -0.27756908365504696, -0.03553236556114789, 0.42116705813014826, 0.06518337239898772], [0.040031350379482036, -0.5162384501520932, -0.17203752530240435, -0.11659114458417984, 0.3482165946008503, 0.1306739503696146, 0.05672505530888355, 0.5875304865440121, -0.6089089374133437, -0.42655954653805533, -0.045796392488245644, 0.6957391196346687, -0.44569872132147437, 0.2792758543462053, 0.6716367932308349, 0.020092609663978394], [-0.6075345489923573, -0.22803765671917045, -0.7134045310274418, -0.16551630763451544, -0.29072712209677554, -0.04488552150515018, 0.6556123830868313, -0.16712879244528264, -0.023323896439217534, 0.4148763419513266, 0.35012387065163764, 0.20917310357698427, 0.6465387887335001, 0.7437716673975542, 0.2657534433619324, 0.059020987206380146]], "inverted": true, "swapped": false, "error_lsq": 0.04564793548350423, "error_max": 0.29180379573665954, "target": "911.xyz", "model": "25.xyz", "model_rescale": 4.100010024507729, "target_rescale": 3.9878205309023893},
{"mapping": [4, 11, 14, 13, 1, 9, 5, 12, 10, 8, 3, 15], "R": [[0.16237040923476742, 0.04990410796313749, 0.9854671127000322], [0.3852772709192738, -0.9226486984849934, -0.016757198362032044], [0.9084036958962304, 0.3823989529174361, -0.16903776527663228]], "T": [-0.15393413646300272, 0.07533197255822616, 0.06782109638333272], "aligned_model": [[-0.6428532120130476, 0.04006879146624148, 0.4207142519310437, 0.5104816548026728, -0.43679591434846177, 0.16064809459066112, -0.08687311616489773, 0.39137158786796933, 0.1107838331549428, -0.05169178500526833, -0.4576018241113775, -0.08148675980747161], [-0.31101144767023886, -0.6900773208222353, -0.3168112618542987, -0.29618308436496976, 0.6614539560518313, 0.6586931933706697, 0.19890404191316796, 0.31197674200613423, -0.2154119061940039, 0.5984666722324679, 0.04632165956854874, 0.01981014581356625], [-0.02358932892658773, -0.024000823475774355, 0.5810253318359813, -0.008812626380701238, -0.01366078248165438, 0.2580521319933622, 0.6836629834330166, -0.20289213725229038, -0.5364219737761773, -0.6672562831262396, -0.5326679291376815, 0.05175372714910356]], "inverted": false, "swapped": true, "error_lsq": 0.04336988607826094, "error_max": 0.26908542989719936, "target": "911.xyz", "model": "26.xyz", "model_rescale": 3.6694154284099745, "target_rescale": 3.9878205309023893},
