[{"mapping": [6, 8, 1, 7, 2, 0, 4, 9, 10, 5, 11], "R": [[-0.10623446585371715, 0.45038941200772975, 0.8864894899637034], [0.5135029110445886, -0.7385998476426966, 0.43678945203715563], [0.8514863466982362, 0.5016170278344992, -0.15281151387567116]], "T": [-0.06323694087850021, 0.07618160403576907, -0.09895450801113197], "aligned_model": [[-0.3956686777549755, -0.057918882078271575, 0.290078942130764, -0.43982295351805034, 0.6481498533950073, 0.4709075530777104, 0.34574085709300095, -0.6220045975057227, -0.512364903616674, 0.12321358743208674, -0.016444033235318622], [-0.5503725852659707, -0.11487527424512656, -0.5177163169016208, -0.4995888402848205, -0.13714050845168707, 0.1786567578736736, 0.7391602527682035, 0.07772137188512374, 0.3288398992903743, -0.020432183379437932, 0.07792168497803316], [-0.24752595762607676, -0.7044068002715266, 0.05703813873410561, 0.5516411270780746, -0.41067994945532077, 0.1959690353414847, -0.31236711034481274, -0.33797910810546855, 0.3440005742382525, 0.7039080637306955, -0.04757696621791857]], "inverted": true, "swapped": false, "error_lsq": 0.040744411324916484, "error_max": 0.2187693213967696, "target": "912.xyz", "model": "0.xyz", "model_rescale": 3.751011558992144, "target_rescale": 3.713570480263309},
{"mapping": [2, 5, 12, 0, 9, 11, 10, 8, 1, 6, 14], "R": [[0.5531861146484254, 0.3770830845984764, 0.7428280217317315], [-0.1489752178619551, -0.8325358586264657, 0.5335638936098251], [0.8196288837169919, -0.40582310359415474, -0.40437124225894916]], "T": [-0.056375676387264206, -0.05214437990392847, -0.015144879662670349], "aligned_model": [[-0.5348823764027895, -0.06728308116635798, 0.46733112943615646, -0.5703996911627522, 0.46133309824403596, 0.6735465744645464, 0.322784778535181, -0.5944027816723398, -0.48713121153834466, 0.16802729727014626, -0.005056990587925095], [-0.5843028143125484, -0.10196982368753241, -0.5148141407701261, -0.4657523028197331, -0.06763804622587063, 0.12557253806969015, 0.6164924778866789, 0.15528091124721352, 0.14634451313600913, 0.3243258267904141, -0.07136488104745087], [-0.4293632287445613, -0.6376274100748677, 0.23713071961608773, 0.35930447183209185, -0.42248649588664006, 0.25385548038181066, -0.3008297584290626, -0.3436564239184223, 0.49547961809700697, 0.5944773264251422, -0.014263252197096597]], "inverted": false, "swapped": false, "error_lsq": 0.04727361807305672, "error_max": 0.2872183893759952, "target": "912.xyz", "model": "1.xyz", "model_rescale": 3.9405287249114394, "target_rescale": 3.713570480263309},
{"mapping": [4, 8, 2, 1, 9, 5, 11, 3, 6, 0, 12], "R": [[-0.9655004221229199, -0.1742082635149027, -0.19354693436886572], [-0.19474114522642, -0.010379117149961925, 0.98079975544608], [-0.17287226855793325, 0.9846541295553023, -0.023904474755246652]], "T": [-0.12972323489450088, -0.01568491790230198, -0.03451393934576115], "aligned_model": [[-0.49537025655661343, 0.007453274106450386, 0.3256092299674247, -0.3591047718255078, 0.4351774547962949, 0.5525584156145074, 0.2461250321369598, -0.5382783209337991, -0.32201306111058714, 0.07168540100907322, -0.08997565178464581], [-0.5405184296561655, -0.2759483146174214, -0.45077637340596727, -0.5671345087688185, 0.11186078094474577, 0.06333755941442332, 0.5894502621054204, 0.16540822340005595, 0.4065164654512559, 0.15355078784670662, -0.09357219444749043], [-0.3218252032609516, -0.7515462536931571, 0.22536564683229215, 0.48559546415179794, -0.5957629149194729, 0.2028117394885786, -0.04731171742056692, -0.3910075499667051, 0.24855196820503023, 0.7615537873954851, -0.024403919710841514]], "inverted": false, "swapped": false, "error_lsq": 0.04851122405052683, "error_max": 0.25323118418673113, "target": "912.xyz", "model": "2.xyz", "model_rescale": 3.932901565614263, "target_rescale": 3.713570480263309},
{"mapping": [8, 9, 11, 3, 12, 10, 6, 7, 0, 1, 13], "R": [[0.9178628851815426, -0.20923567887277747, 0.3372657034043963], [-0.002741445125395564, -0.8530768638751539, -0.5217780646975843], [0.3968881561407933, 0.4779961244692052, -0.7835811996899755]], "T": [-0.10882983190420281, 0.039712308852917204, 0.010889784251327573], "aligned_model": [[-0.30649383715370015, -0.08505122812246219, 0.33127587596331803, -0.4206750134731621, 0.4777351364502954, 0.6010834733680114, 0.32185028757523837, -0.6612968833695595, -0.5257276680530076, 0.12258148304068348, -0.021414880806098324], [-0.6343402998763524, -0.1747795914610282, -0.7130428611226904, -0.26894483091198174, 0.14066575282881533, -0.0001145103085118393, 0.5615215828517353, 0.06942883621359516, 0.3103074174967532, 0.19372088984656938, 0.07775187270984082], [-0.20210962238141766, -0.6914069778733092, 0.2042167568776282, 0.2719813982215839, -0.46752400130279564, 0.09796655368034977, -0.08356643277941696, -0.4403746973932388, 0.46025023036945417, 0.6975474727744764, -0.054959633091825166]], "inverted": false, "swapped": false, "error_lsq": 0.05183275177533757, "error_max": 0.23932173670874046, "target": "912.xyz", "model": "3.xyz", "model_rescale": 3.9243930471874484, "target_rescale": 3.713570480263309},
{"mapping": [0, 3, 5, 1, 6, 11, 10, 4, 8, 9, 12], "R": [[-0.6551346520080933, -0.35219035027220125, 0.6684014848228412], [0.42090209317788485, 0.56455009494181, 0.7100173365909234], [-0.6274073761892744, 0.7464885447723478, -0.22161867436421673]], "T": [-0.08615227709667989, 0.026709557382851322, -0.001274750021375469], "aligned_model": [[-0.2890052383202991, -0.09645281481276685, 0.255679451615432, -0.36053930652288707, 0.4994144321120156, 0.628543917346505, 0.13871992895507185, -0.5524893999685795, -0.37367389223723463, 0.04664737110705583, -0.06297770385475633], [-0.7423266612698853, -0.07511027766278278, -0.649040200112952, -0.5031690737783588, -0.1489270095078146, 0.19466381541666664, 0.6528910021252597, 0.257971055643839, 0.49940198415125053, 0.16588914205115948, -0.09006951878963726], [-0.302532652629259, -0.6664664445566525, 0.010405757884323727, 0.39128186284340444, -0.38569631571985485, 0.2939112900351586, -0.23463500525915382, -0.2866080230438506, 0.29910760535089936, 0.6774598729539049, -0.004206900757430859]], "inverted": false, "swapped": false, "error_lsq": 0.03997541331677472, "error_max": 0.19943771783852943, "target": "912.xyz", "model": "4.xyz", "model_rescale": 3.8936222436046832, "target_rescale": 3.713570480263309},
{"mapping": [8, 9, 7, 10, 6, 5, 1, 3, 2, 4, 11], "R": [[0.6069458256860918, 0.16529301307472666, -0.7773641260766456], [0.5892974380058371, 0.562685058094545, 0.5797534432471234], [0.533240371916817, -0.8099776202005937, 0.24411259806121838]], "T": [-0.08811045274243909, -0.06869824680036846, -0.08388799697070505], "aligned_model": [[-0.4243739907670394, -0.09314095644235121, 0.2559726586456067, -0.38413339920283784, 0.64370914988048, 0.6370721598318654, 0.20266271429959995, -0.6454703577605504, -0.4799712297742008, 0.0841681872250831, 0.037371809483901314], [-0.6456106610271348, -0.032257387985228966, -0.590540107000082, -0.35596054982889863, -0.13536401912089996, 0.10701053423736145, 0.6681886205385974, -0.02935543533599161, 0.40511526418411586, 0.16262649137414126, 0.00832150823076469], [-0.40005524011433957, -0.7008828929484578, 0.08650981049429642, 0.394983785360133, -0.39146623437617445, 0.2329833645200498, -0.2086176134727868, -0.21836517639334596, 0.33931922550634874, 0.6559995178761711, 0.0016125006495946448]], "inverted": true, "swapped": false, "error_lsq": 0.03890456940168014, "error_max": 0.24911051058643788, "target": "912.xyz", "model": "5.xyz", "model_rescale": 3.6523030999806103, "target_rescale": 3.713570480263309},
{"mapping": [9, 8, 10, 11, 6, 2, 1, 5, 3, 4, 12], "R": [[-0.19468254256448464, 0.9213247591714913, 0.336540333033384], [0.07908796200414486, -0.3272435520162569, 0.9416245281054516], [0.9776726455653029, 0.20993414634445895, -0.009157090802474677]], "T": [-0.0697987558832544, -0.011658942791732286, -0.062481612679780106], "aligned_model": [[-0.3020110663018878, -0.0990830838714624, 0.3950954541138783, -0.46811509977106763, 0.48680359738913065, 0.5062664969933215, 0.19959239785689947, -0.49644594878913, -0.34871063536938157, 0.11470121899459457, -0.15422658582533816], [-0.6772868793917513, -0.1685774710987253, -0.6145218278692702, -0.4918166800571909, -0.09887294798655498, 0.31090191243740994, 0.6134237658301178, 0.3037090725753023, 0.4216867003525123, -0.0865731536895866, 0.05010176716448153], [-0.22273069407584684, -0.7168684296884491, 0.10811368905541471, 0.5582934195798449, -0.38684560528936335, 0.3121047636224141, -0.20059345019547814, -0.48958665556236947, 0.40341582238226925, 0.47555112071340505, -0.048832933440352166]], "inverted": false, "swapped": false, "error_lsq": 0.049379638276468005, "error_max": 0.3349120315098682, "target": "912.xyz", "model": "6.xyz", "model_rescale": 4.08911054899281, "target_rescale": 3.713570480263309},
{"mapping": [9, 1, 6, 8, 2, 7, 13, 11, 10, 5, 14], "R": [[-0.656922280225438, -0.17969362696781824, 0.732231738024624], [-0.519632690187082, -0.5957790440318047, -0.6123962752838109], [0.5462920327373878, -0.7827883054311041, 0.2980058453251433]], "T": [-0.013652581067208076, -0.08124775006116215, 0.0523937803239201], "aligned_model": [[-0.5219810998346572, -0.022837396836962988, 0.38400328148170565, -0.5336396876439606, 0.6363312286731335, 0.6890098694505202, 0.1844755459795922, -0.46493061890276993, -0.5451033468540727, 0.1558012377643912, -0.1272622678573626], [-0.5285847635820232, -0.17600680742990474, -0.3813286364584174, -0.4261627745115161, -0.1118258177440515, 0.19749348020294388, 0.5014826607707771, 0.21349317395117035, 0.21225292318614797, 0.19554618245121252, -0.13418536256959446], [-0.3426366251510488, -0.674849245810575, 0.08344604357464654, 0.32770452872894085, -0.4237633073514251, 0.21930025629392064, -0.3439205342247594, -0.18000024549601845, 0.44058488899323794, 0.7417208085123196, -0.055565520967749873]], "inverted": true, "swapped": false, "error_lsq": 0.047948840398397745, "error_max": 0.2582017779626997, "target": "912.xyz", "model": "7.xyz", "model_rescale": 3.964800864290218, "target_rescale": 3.713570480263309},
{"mapping": [12, 9, 6, 2, 10, 3, 5, 8, 1, 0, 13], "R": [[0.9621818391374096, -0.2593235071156248, -0.08341119284247481], [0.262946544601963, 0.9641507273068278, 0.03567197381142673], [0.07117038089008623, -0.056255610306596815, 0.9958765401358708]], "T": [-0.031297065971135046, -0.1612341652740245, 0.04004908671692644], "aligned_model": [[-0.5153542207547246, -0.1165200874591977, 0.4207979075433489, -0.36354188904361917, 0.440766563261348, 0.5625726591821898, 0.19929256519881208, -0.38098682064178424, -0.4875728787682969, 0.11762687617965992, -0.04321392927817935], [-0.584571339773846, -0.23962691492878663, -0.48846855011643875, -0.4196078652303045, 0.0888238441664218, 0.13025764931979844, 0.5771579250390313, 0.26908899959252175, 0.3429553990840573, 0.004729956887451953, -0.11856484577316187], [-0.3563714537169583, -0.6385143518786299, 0.19826923549161116, 0.5513857042855569, -0.5842592784983495, 0.33722574675859546, -0.2772461479280404, -0.4924888280505587, 0.3574213555450201, 0.7208111171887944, -0.02421205209555271]], "inverted": true, "swapped": false, "error_lsq": 0.04694145295110681, "error_max": 0.2637566424338286, "target": "912.xyz", "model": "8.xyz", "model_rescale": 4.121658175737393, "target_rescale": 3.713570480263309},
{"mapping": [1, 6, 2, 0, 8, 11, 7, 9, 5, 10, 12], "R": [[-0.8791902303343146, -0.47598805626054563, 0.021445493279533434], [-0.005351328204008937, -0.035141857403170385, -0.9993680068646926], [0.47644086954327064, -0.8787493500171497, 0.028349209394430586]], "T": [0.0007280375256744354, -0.03290923230451737, 0.01221072195046001], "aligned_model": [[-0.3118751178007423, -0.07310901267717793, 0.29834659041229905, -0.4327076673864504, 0.541478567701864, 0.5457293402265192, 0.14862782951974604, -0.5044072392418137, -0.4049102032114351, 0.07010499811910084, -0.0434113402423528], [-0.6258457011254808, -0.13823889622548344, -0.6603467413117495, -0.4793649013308818, -0.0878276664677014, 0.2372536712309558, 0.5985395821286859, 0.37056136503639897, 0.2948881226486197, 0.1582806354424456, -0.10572521175906449], [-0.1479058822341951, -0.6686973496786042, 0.002628440001114559, 0.4934955320409395, -0.47268737809792477, 0.19391834468866226, -0.17382410433810797, -0.512422146140498, 0.3434574849734462, 0.7437256585068381, -0.00966755262018142]], "inverted": true, "swapped": false, "error_lsq": 0.042257062925704136, "error_max": 0.2744024551943623, "target": "912.xyz", "model": "9.xyz", "model_rescale": 3.833441315466971, "target_rescale": 3.713570480263309},
{"mapping": [12, 10, 7, 6, 8, 9, 13, 0, 5, 3, 14], "R": [[-0.02104613601657723, -0.7531008843184497, -0.657568337283313], [0.6423099773761394, 0.49383811490884677, -0.5861414583753142], [0.7661559587458908, -0.4346987167016321, 0.4733308278319923]], "T": [-0.11314672699929645, -0.11878453564758057, 0.00854742771354643], "aligned_model": [[-0.44416356443835037, 0.04056811971844465, 0.35706035757453003, -0.5567400180892375, 0.5473061683991418, 0.6532753613736804, -0.12767653830858866, -0.5157959122319962, -0.4141252843177633, 0.3292473682135889, -0.03508931247389299], [-0.5632924093640035, -0.12432351458733265, -0.52581102257569, -0.47501104975116315, -0.03344474213198029, 0.0872235703298346, 0.6458878340468206, 0.2237092582553752, 0.4400091060530053, -0.01302850667352344, -0.09974426533459838], [-0.22780117255039495, -0.7989766952268871, 0.24760539837622902, 0.37943451402758943, -0.3965185607121352, 0.1760824069218222, -0.216733714470881, -0.4208644916285569, 0.2422069567221068, 0.7484291592112521, 0.05915724643134489]], "inverted": true, "swapped": false, "error_lsq": 0.04494062141533426, "error_max": 0.30216102598217015, "target": "912.xyz", "model": "10.xyz", "model_rescale": 4.2482417240324, "target_rescale": 3.713570480263309},
{"mapping": [0, 4, 8, 1, 9, 7, 5, 6, 2, 3, 11], "R": [[0.3861120260965629, 0.4551527999627287, -0.8023424655280907], [0.573009787235663, 0.5632845615432971, 0.5952900859741541], [0.7228950733237484, -0.6895987466730662, -0.043316065739962877]], "T": [-0.04352582241529124, -0.08900319443246357, 0.0028318670566028735], "aligned_model": [[-0.43700303975081034, -0.07538438197609763, 0.26472971295514036, -0.4815348321759675, 0.677000297258461, 0.5088156492786153, 0.10063020074720752, -0.534644254304016, -0.41611620807948296, 0.20384841521978714, 0.02352518624671969], [-0.6686728403864524, 0.0641421539135062, -0.5073474062363399, -0.4766256108542878, -0.1270537664418992, 0.25850652479722297, 0.5287033895761002, 0.2072461657873132, 0.3707760393422885, -0.01796990923222054, -0.06953048199848656], [-0.2852623136054266, -0.8581972350618725, 0.3296720027781757, 0.39911903996783826, -0.3955463037516711, 0.183696845378183, -0.39946626540236607, -0.2996927444570877, 0.4472829296999362, 0.7721379734927016, -0.10172288193692192]], "inverted": false, "swapped": false, "error_lsq": 0.04727575924042309, "error_max": 0.2590454209509634, "target": "912.xyz", "model": "11.xyz", "model_rescale": 3.6694154284099745, "target_rescale": 3.713570480263309},
{"mapping": [8, 2, 4, 11, 1, 0, 12, 10, 7, 6, 13], "R": [[-0.07088415940342066, 0.27351965131812994, 0.959250976694045], [0.9616407151097139, 0.27421943830474793, -0.007129845657997291], [-0.2649954169206493, 0.9219494020816097, -0.2824654474664362]], "T": [-0.06389629163555274, 0.010398621998432438, 0.042303826857177915], "aligned_model": [[-0.4320207950505742, -0.05993739384644364, 0.39220505324916377, -0.35415240123983627, 0.56667358513373, 0.6136559025036682, 0.09820133190697333, -0.5077446078341304, -0.5839022151936883, 0.04284797135958798, 0.05804031443110648], [-0.55197032791111, -0.10939375932056636, -0.5553460941733864, -0.5392279906553074, -0.13757305110660387, 0.1364121907746072, 0.559477006738163, 0.3008965896469253, 0.45375856453505947, 0.0010423457531119652, 0.0040987839858518515], [-0.3052927287560391, -0.5995276821064567, 0.18224356055820085, 0.44066374754101933, -0.502636085950858, 0.2314637304490283, -0.3237641833813062, -0.30717920607607485, 0.3341790044381322, 0.5976172121326597, 0.04425367825318379]], "inverted": true, "swapped": false, "error_lsq": 0.04233736650756536, "error_max": 0.22579621935705993, "target": "912.xyz", "model": "12.xyz", "model_rescale": 3.9764082729961374, "target_rescale": 3.713570480263309},
{"mapping": [1, 8, 13, 9, 11, 14, 3, 2, 4, 6, 15], "R": [[-0.15225523313815076, -0.24971880474228825, -0.9562734245706771], [0.35469788304890293, -0.9169043420385304, 0.1829640383012917], [-0.9225008161203297, -0.3113309270036832, 0.22817821576205116]], "T": [-0.12205760200823035, -0.13665102851748476, 0.0718354999424644], "aligned_model": [[-0.39124762662395285, -0.040835316218720705, 0.39173257676582385, -0.6074085627199258, 0.5243380504669011, 0.6104650149444807, 0.2108663089894356, -0.6813019298221582, -0.3614251744520107, 0.2810256164767423, -0.10234221238705829], [-0.5405062966058114, 0.007582047352070215, -0.41461840760749047, -0.44439221957509023, -0.11136441040052561, 0.1722298259234412, 0.5247838434341955, -0.02439089765813937, 0.3833889132466265, 0.0417563393815816, -0.03229447922411356], [-0.3377499384531018, -0.6153708713644985, 0.2541383648241152, 0.2485525924386422, -0.38868371372279276, 0.1543659366774326, -0.3283007605562489, -0.4857512276017897, 0.5055696881402352, 0.6958174994860047, 0.08943347723349065]], "inverted": true, "swapped": false, "error_lsq": 0.046765120334343886, "error_max": 0.23171592871694488, "target": "912.xyz", "model": "13.xyz", "model_rescale": 4.170626492500431, "target_rescale": 3.713570480263309},
{"mapping": [12, 11, 10, 4, 9, 1, 3, 6, 2, 0, 13], "R": [[0.1984155213897717, -0.8644174262795596, 0.4619673083843135], [-0.7155134847694846, -0.4498706854589755, -0.534468726379477], [0.6698296305663506, -0.22449694766052813, -0.7077636515860734]], "T": [-0.030042322037749716, -0.09854379572995181, 0.08049293628337979], "aligned_model": [[-0.30213981596986356, 0.012616571283546166, 0.27985817273513897, -0.6078588157966527, 0.6393640785965984, 0.6462363797645999, 0.06455192443041759, -0.6036798349891844, -0.38260433898609375, 0.15542722297773665, -0.06790479862668636], [-0.7390251368834886, -0.06627920522131764, -0.5416057100123062, -0.3533895031614867, -0.10200567516739312, 0.23331589394800334, 0.5216190962693328, 0.26135846744438934, 0.35129080834787024, 0.09289293750775396, -0.09599771480461305], [-0.146338998452898, -0.6243466668541412, -0.08070919902134806, 0.40336271736688234, -0.3757849665832898, 0.23323695008007866, -0.2057299145725343, -0.4184054819612236, 0.4065006362166927, 0.6141702091430234, -0.013934238259752943]], "inverted": false, "swapped": false, "error_lsq": 0.045162001137517234, "error_max": 0.24560537535873814, "target": "912.xyz", "model": "14.xyz", "model_rescale": 3.9786697098870705, "target_rescale": 3.713570480263309},
{"mapping": [5, 2, 8, 7, 3, 9, 0, 4, 1, 6, 11], "R": [[-0.45416379267695567, 0.869187877748892, -0.19557014750636398], [0.6173574358997667, 0.4653028870338109, 0.6343209122023856], [0.642343401741272, 0.16734890645707357, -0.7479233234410281]], "T": [-0.09906815797334573, -0.027734593126568514, 0.05785777177043962], "aligned_model": [[-0.4082750995144532, 0.0079711732929683, 0.11278757544999668, -0.2965647853312695, 0.7154367273194489, 0.4923509690337415, 0.12785198705605363, -0.5665716616569113, -0.38404696917420744, 0.08057625926319745, -0.04764943031900809], [-0.6755760823862338, -0.09641936251474065, -0.4501017810894559, -0.4738736984514775, -0.041195171929262385, 0.025854191890896043, 0.5325403407005209, 0.057913963122669825, 0.514527335447018, 0.16303918468825118, 0.005465338788558961], [-0.30179770201879796, -0.8010207995556746, -0.1633914830757074, 0.5037624547160571, -0.36822888250909286, 0.24431400357766936, -0.28624226075445036, -0.32817270493724093, 0.35010966565402135, 0.8053127469080199, 0.13737600909668551]], "inverted": true, "swapped": false, "error_lsq": 0.054617902526075165, "error_max": 0.4077834532786693, "target": "912.xyz", "model": "15.xyz", "model_rescale": 3.769337070930944, "target_rescale": 3.713570480263309},
{"mapping": [5, 4, 1, 7, 0, 3, 2, 6, 8, 9, 10], "R": [[0.9158238040914406, 0.009529617038898916, 0.40146724182500226], [0.09044982271075831, -0.9789251429240591, -0.1830966797151258], [0.39126153584408896, 0.20399693858046716, -0.8973849004851385]], "T": [-0.030363824659140518, -0.08922671010705575, 0.010261656178266555], "aligned_model": [[-0.2832400136728623, -0.15235496017954792, 0.36055440869966054, -0.43017721418172256, 0.4559247662677351, 0.49851560553164714, 0.17420740903840515, -0.582643596197613, -0.3838926965873834, 0.1750630996669063, 0.0019099370343317462], [-0.606929303773836, -0.037439583054177716, -0.7605384272470959, -0.5802481078981188, -0.170088826180199, 0.28769080503424405, 0.5768317796301974, 0.23580585949064914, 0.48810072889242073, 0.17178171830670141, -0.04279238493404093], [-0.33337853218588714, -0.7581580083693908, 0.20430278495908824, 0.3422010218054743, -0.4074162569801618, 0.250393232230793, -0.23680626326472895, -0.33737006295791405, 0.33151556920981495, 0.7521875702500215, -0.01545000759562018]], "inverted": true, "swapped": false, "error_lsq": 0.04003589638410941, "error_max": 0.18752873330820846, "target": "912.xyz", "model": "16.xyz", "model_rescale": 3.7852294659196426, "target_rescale": 3.713570480263309},
{"mapping": [1, 2, 0, 4, 8, 9, 11, 7, 6, 10, 12], "R": [[-0.7774714966508248, -0.01611359785529326, 0.6287117176096567], [-0.42486952610381246, -0.7236096486661651, -0.543943896137783], [0.4637067582900304, -0.6900213245410517, 0.5557396998548549]], "T": [-0.0364283158063551, -0.16395936808523753, -0.09039550402325688], "aligned_model": [[-0.523908762002631, -0.14357161652562533, 0.384334784866374, -0.258841640541568, 0.5559017258410651, 0.7002985374982179, 0.13200838383241426, -0.5425107087775481, -0.5025695169202893, 0.024164625089636543, 0.008560933059510889], [-0.5554795075051919, -0.0829224400826285, -0.6127310062120668, -0.6063270953757782, -0.04261099555282498, 0.12152693916865631, 0.5170100085145686, 0.27311886929808565, 0.4700141444222022, 0.18223240271001617, -0.10165706111829395], [-0.37906304506645927, -0.6870866724187251, 0.20508645086393182, 0.416190907087054, -0.3325227546543449, 0.2603079283841253, -0.3045026285692283, -0.30080042579758165, 0.3197059492355955, 0.6346802359007606, -0.039974897863638816]], "inverted": true, "swapped": false, "error_lsq": 0.04538979649258315, "error_max": 0.2639847218042562, "target": "912.xyz", "model": "17.xyz", "model_rescale": 3.901054581598922, "target_rescale": 3.713570480263309},
{"mapping": [2, 5, 12, 0, 9, 11, 10, 8, 1, 6, 14], "R": [[0.5531861146484254, 0.3770830845984764, 0.7428280217317315], [-0.1489752178619551, -0.8325358586264657, 0.5335638936098251], [0.8196288837169919, -0.40582310359415474, -0.40437124225894916]], "T": [-0.056375676387264206, -0.05214437990392847, -0.015144879662670349], "aligned_model": [[-0.5348823764027895, -0.06728308116635798, 0.46733112943615646, -0.5703996911627522, 0.46133309824403596, 0.6735465744645464, 0.322784778535181, -0.5944027816723398, -0.48713121153834466, 0.16802729727014626, -0.005056990587925095], [-0.5843028143125484, -0.10196982368753241, -0.5148141407701261, -0.4657523028197331, -0.06763804622587063, 0.12557253806969015, 0.6164924778866789, 0.15528091124721352, 0.14634451313600913, 0.3243258267904141, -0.07136488104745087], [-0.4293632287445613, -0.6376274100748677, 0.23713071961608773, 0.35930447183209185, -0.42248649588664006, 0.25385548038181066, -0.3008297584290626, -0.3436564239184223, 0.49547961809700697, 0.5944773264251422, -0.014263252197096597]], "inverted": false, "swapped": false, "error_lsq": 0.04727361807305672, "error_max": 0.2872183893759952, "target": "912.xyz", "model": "18.xyz", "model_rescale": 3.9405287249114394, "target_rescale": 3.713570480263309},
{"mapping": [2, 11, 8, 1, 9, 7, 13, 10, 12, 4, 15], "R": [[0.40033243693408715, -0.8660065084051267, 0.2996108598471962], [0.2784550849327674, -0.19653149555147717, -0.9401266600471369], [0.8730387766952281, 0.459791364268905, 0.16246598330185538]], "T": [-0.0829591898219644, -0.007475667607790275, 0.06677488365495658], "aligned_model": [[-0.47177850208128314, -0.019194737090831818, 0.3881430750664264, -0.5389715545224759, 0.5320619959558235, 0.6106361776317875, 0.14912004552973038, -0.615899941362871, -0.3374688269558048, 0.24132745891195248, -0.10410844566289691], [-0.6666388858333753, 0.12407505085830844, -0.584312623832894, -0.35362188587630194, -0.03805542357177568, 0.07567616049742507, 0.5645630222554928, -0.05866934826038441, 0.35671122453590887, 0.17205503610384865, -0.029608068609508043], [-0.34510941704819786, -0.6388041019581132, 0.19941702434162922, 0.3950353637589345, -0.39129024984267363, 0.15416360530024797, -0.1982549471000702, -0.5087747661188748, 0.38729292434238377, 0.6970699927061114, 0.04127561872011219]], "inverted": true, "swapped": false, "error_lsq": 0.040813866141083024, "error_max": 0.26525695592754844, "target": "912.xyz", "model": "19.xyz", "model_rescale": 4.410303926677745, "target_rescale": 3.713570480263309},
{"mapping": [12, 9, 6, 2, 10, 3, 5, 8, 1, 0, 13], "R": [[0.9621818391374096, -0.2593235071156248, -0.08341119284247481], [0.262946544601963, 0.9641507273068278, 0.03567197381142673], [0.07117038089008623, -0.056255610306596815, 0.9958765401358708]], "T": [-0.031297065971135046, -0.1612341652740245, 0.04004908671692644], "aligned_model": [[-0.5153542207547246, -0.1165200874591977, 0.4207979075433489, -0.36354188904361917, 0.440766563261348, 0.5625726591821898, 0.19929256519881208, -0.38098682064178424, -0.4875728787682969, 0.11762687617965992, -0.04321392927817935], [-0.584571339773846, -0.23962691492878663, -0.48846855011643875, -0.4196078652303045, 0.0888238441664218, 0.13025764931979844, 0.5771579250390313, 0.26908899959252175, 0.3429553990840573, 0.004729956887451953, -0.11856484577316187], [-0.3563714537169583, -0.6385143518786299, 0.19826923549161116, 0.5513857042855569, -0.5842592784983495, 0.33722574675859546, -0.2772461479280404, -0.4924888280505587, 0.3574213555450201, 0.7208111171887944, -0.02421205209555271]], "inverted": true, "swapped": false, "error_lsq": 0.04694145295110681, "error_max": 0.2637566424338286, "target": "912.xyz", "model": "20.xyz", "model_rescale": 4.121658175737393, "target_rescale": 3.713570480263309},
{"mapping": [9, 8, 10, 11, 6, 2, 1, 5, 3, 4, 12], "R": [[-0.19468254256448464, 0.9213247591714913, 0.336540333033384], [0.07908796200414486, -0.3272435520162569, 0.9416245281054516], [0.9776726455653029, 0.20993414634445895, -0.009157090802474677]], "T": [-0.0697987558832544, -0.011658942791732286, -0.062481612679780106], "aligned_model": [[-0.3020110663018878, -0.0990830838714624, 0.3950954541138783, -0.46811509977106763, 0.48680359738913065, 0.5062664969933215, 0.19959239785689947, -0.49644594878913, -0.34871063536938157, 0.11470121899459457, -0.15422658582533816], [-0.6772868793917513, -0.1685774710987253, -0.6145218278692702, -0.4918166800571909, -0.09887294798655498, 0.31090191243740994, 0.6134237658301178, 0.3037090725753023, 0.4216867003525123, -0.0865731536895866, 0.05010176716448153], [-0.22273069407584684, -0.7168684296884491, 0.10811368905541471, 0.5582934195798449, -0.38684560528936335, 0.3121047636224141, -0.20059345019547814, -0.48958665556236947, 0.40341582238226925, 0.47555112071340505, -0.048832933440352166]], "inverted": false, "swapped": false, "error_lsq": 0.049379638276468005, "error_max": 0.3349120315098682, "target": "912.xyz", "model": "21.xyz", "model_rescale": 4.08911054899281, "target_rescale": 3.713570480263309},
{"mapping": [0, 6, 1, 4, 8, 11, 5, 7, 14, 15, 16], "R": [[0.8955554713014892, -0.36882240425397617, -0.24889843700249406], [-0.42347136408862085, -0.8781979841318667, -0.2223517584001724], [-0.13657379550591184, 0.304529694425753, -0.9426607362111074]], "T": [-0.13485465525483403, 0.06487048504827772, 0.04369193856258717], "aligned_model": [[-0.33607192319533896, -0.05492819222142159, 0.39207546870226667, -0.531596838235968, 0.4414639961064762, 0.6133403337729029, 0.24899210243139563, -0.6204232817092901, -0.36986853339348963, 0.22055820681580768, -0.16967459365378354], [-0.5956416884478422, -0.13453717837928078, -0.5195138501538988, -0.465315750219942, -0.0770014280799052, 0.16444896204004777, 0.568317046020205, 0.07142153447184163, 0.4044978748530095, 0.11142506571146787, 0.03407367045104198], [-0.30746995846678166, -0.6700394344515874, 0.14779753160592024, 0.26230205279163055, -0.3147647400172701, 0.1708981316988954, -0.2676475558923827, -0.4759005755905871, 0.5348582027987595, 0.6785315926392704, 0.03345579998562189]], "inverted": true, "swapped": false, "error_lsq": 0.0355477719338875, "error_max": 0.1601388265833836, "target": "912.xyz", "model": "22.xyz", "model_rescale": 4.204369325754507, "target_rescale": 3.713570480263309},
{"mapping": [2, 11, 8, 1, 9, 7, 13, 10, 12, 4, 15], "R": [[0.40033243693408715, -0.8660065084051267, 0.2996108598471962], [0.2784550849327674, -0.19653149555147717, -0.9401266600471369], [0.8730387766952281, 0.459791364268905, 0.16246598330185538]], "T": [-0.0829591898219644, -0.007475667607790275, 0.06677488365495658], "aligned_model": [[-0.47177850208128314, -0.019194737090831818, 0.3881430750664264, -0.5389715545224759, 0.5320619959558235, 0.6106361776317875, 0.14912004552973038, -0.615899941362871, -0.3374688269558048, 0.24132745891195248, -0.10410844566289691], [-0.6666388858333753, 0.12407505085830844, -0.584312623832894, -0.35362188587630194, -0.03805542357177568, 0.07567616049742507, 0.5645630222554928, -0.05866934826038441, 0.35671122453590887, 0.17205503610384865, -0.029608068609508043], [-0.34510941704819786, -0.6388041019581132, 0.19941702434162922, 0.3950353637589345, -0.39129024984267363, 0.15416360530024797, -0.1982549471000702, -0.5087747661188748, 0.38729292434238377, 0.6970699927061114, 0.04127561872011219]], "inverted": true, "swapped": false, "error_lsq": 0.040813866141083024, "error_max": 0.26525695592754844, "target": "912.xyz", "model": "23.xyz", "model_rescale": 4.410303926677745, "target_rescale": 3.713570480263309},
{"mapping": [12, 7, 3, 5, 1, 10, 11, 13, 15, 8, 16], "R": [[0.6014521658230282, -0.6819332287029829, -0.41619990847850286], [0.7008984912892993, 0.20039326310271327, 0.6845318436796285], [-0.38340135254739693, -0.7034270478832702, 0.598492933267432]], "T": [-0.08875024460189829, 0.019797941421014646, -0.0029560479799906197], "aligned_model": [[-0.6086170557603596, -0.024476597837227138, 0.5607241559131019, -0.44848789774636505, 0.6160520342280059, 0.48140050125690015, 0.17832287254649876, -0.6034117837765932, -0.5071106865507757, 0.18791448358000318, 0.001556719566368131], [-0.5263934159577344, -0.07801623720341577, -0.5910158801242424, -0.36969286543994045, -0.1291393551407224, 0.19632326848177634, 0.5187357335182045, 0.13929506685823073, 0.3168935748099063, 0.14436426305411154, -0.05917989458942972], [-0.2815046695245787, -0.6573505631418282, 0.11679562473910464, 0.33540436003023477, -0.46922504654132813, 0.25694947750640995, -0.2866011013910856, -0.466669926288278, 0.49305092381409876, 0.7610115736829228, -0.009839605784183622]], "inverted": false, "swapped": false, "error_lsq": 0.03671814000793639, "error_max": 0.18813829752097988, "target": "912.xyz", "model": "24.xyz", "model_rescale": 4.28219845311461, "target_rescale": 3.713570480263309},
{"mapping": [14, 6, 2, 12, 0, 4, 1, 10, 9, 7, 15], "R": [[-0.32402971821553894, -0.16927222444568607, 0.9307801328693946], [0.3753087839375548, 0.8801292785957758, 0.2907159604455754], [-0.8684169841801072, 0.44353057052438766, -0.22165868942551953]], "T": [-0.07487906162788993, 0.05836897580036538, 0.0625248800720985], "aligned_model": [[-0.4092911961205316, 0.04982697062672728, 0.2623650436499281, -0.61694341198788, 0.5827816635181848, 0.632657241722398, 0.15290906931022435, -0.5964423639663642, -0.39705985640805996, 0.1852116068848872, -0.01214802180995718], [-0.5696855023534271, -0.20317792272833568, -0.5152356758726329, -0.34743361141052787, -0.0006852362275850329, 0.13236240734920734, 0.5940567582410996, -0.08372127337346319, 0.3761665537903936, 0.12828497840880929, 0.05124278244320668], [-0.20924841087031898, -0.7908441844892724, -0.0987951168978427, 0.4173634356361344, -0.41658799042701805, 0.23153944913272148, -0.20398696955962115, -0.5184113484172106, 0.5645984989541899, 0.7926006312664919, 0.023793052773235478]], "inverted": true, "swapped": false, "error_lsq": 0.04477063632526799, "error_max": 0.2535475704256037, "target": "912.xyz", "model": "25.xyz", "model_rescale": 4.100010024507729, "target_rescale": 3.713570480263309},
{"mapping": [0, 4, 8, 1, 9, 7, 5, 6, 2, 3, 11], "R": [[0.3861120260965629, 0.4551527999627287, -0.8023424655280907], [0.573009787235663, 0.5632845615432971, 0.5952900859741541], [0.7228950733237484, -0.6895987466730662, -0.043316065739962877]], "T": [-0.04352582241529124, -0.08900319443246357, 0.0028318670566028735], "aligned_model": [[-0.43700303975081034, -0.07538438197609763, 0.26472971295514036, -0.4815348321759675, 0.677000297258461, 0.5088156492786153, 0.10063020074720752, -0.534644254304016, -0.41611620807948296, 0.20384841521978714, 0.02352518624671969], [-0.6686728403864524, 0.0641421539135062, -0.5073474062363399, -0.4766256108542878, -0.1270537664418992, 0.25850652479722297, 0.5287033895761002, 0.2072461657873132, 0.3707760393422885, -0.01796990923222054, -0.06953048199848656], [-0.2852623136054266, -0.8581972350618725, 0.3296720027781757, 0.39911903996783826, -0.3955463037516711, 0.183696845378183, -0.39946626540236607, -0.2996927444570877, 0.4472829296999362, 0.7721379734927016, -0.10172288193692192]], "inverted": false, "swapped": false, "error_lsq": 0.04727575924042309, "error_max": 0.2590454209509634, "target": "912.xyz", "model": "26.xyz", "model_rescale": 3.6694154284099745, "target_rescale": 3.713570480263309},
{"mapping": [12, 3, 9, 2, 7, 8, 5, 6, 0, 4, 13], "R": [[0.13722057211793082, 0.9901547803903028, 0.027641010434850177], [-0.48077049525766014, 0.09097337931336681, -0.8721144277822783], [-0.8660428658428705, 0.106383058456401, 0.4885206233068673]], "T": [0.02164737727238037, -0.06501386254187108, 0.033437750557877025], "aligned_model": [[-0.39660711759655815, 0.04958930913770886, 0.3984265776593648, -0.5569614059040153, 0.3728643968620786, 0.6102636711247327, 0.1788490354803366, -0.5616534599430604, -0.32775020007470435, 0.09375268120953936, -0.02690674253586605], [-0.6682017454364451, -0.29606431490101126, -0.6010609217335343, -0.1939848172982935, 0.11605531597856308, 0.02012845498334488, 0.7040982788937717, -0.05825988507027405, 0.4308368241549998, 0.18258216795273324, -0.07395509925711007], [-0.2681586168084099, -0.7402974478412991, -0.15512131169601462, 0.36616589043130365, -0.45644905520331963, 0.2671872677937552, -0.06521645499920452, -0.3283701389311041, 0.29609108211750357, 0.8138399551398292, 0.06234987709844934]], "inverted": false, "swapped": false, "error_lsq": 0.057243346644828656, "error_max": 0.2775465328168625, "target": "912.xyz", "model": "27.xyz", "model_rescale": 4.103607728864725, "target_rescale": 3.713570480263309},
{"mapping": [7, 8, 1, 5, 4, 2, 13, 11, 10, 3, 14], "R": [[0.5493415757426044, -0.12733072839079507, -0.8258394025281804], [0.2101718395052573, -0.9354933811302147, 0.2840421302210913], [-0.8087345862763685, -0.3296043377582107, -0.4871440746754111]], "T": [-0.17100682212404011, 0.0928099405612346, 0.12269926785951722], "aligned_model": [[-0.33572267151164004, -0.008357039161441482, 0.3263246669518956, -0.4698161205576297, 0.5643424133808237, 0.5594435993956013, 0.04847442430410426, -0.5987547787489376, -0.44478278480647293, 0.2528360176650622, -0.060120981491808306], [-0.47907296634182994, -0.19947328416251642, -0.6522972089833436, -0.56299552553045, 0.02117067873852861, 0.07902867104211442, 0.4699417044634761, 0.25889676304961823, 0.4172927598479636, 0.22118689057760701, -0.011504224434423782], [-0.28460881617025713, -0.6258964450950285, 0.10432652321057943, 0.24828829682209458, -0.40240891636772147, 0.20972204961407176, -0.35633324468637795, -0.3886793457510095, 0.40471504499050576, 0.72884071870314, 0.1540551818314922]], "inverted": false, "swapped": false, "error_lsq": 0.0426705771755866, "error_max": 0.22832620089681155, "target": "912.xyz", "model": "28.xyz", "model_rescale": 4.137296879288765, "target_rescale": 3.713570480263309},
{"mapping": [1, 2, 7, 0, 3, 8, 4, 5, 6, 9, 10], "R": [[0.9339225798205216, -0.2531128931049602, -0.2524331163801972], [-0.1970849522011764, -0.9537135474852868, 0.22712989886602208], [-0.29823838873834, -0.1623709724275444, -0.9405793591163331]], "T": [0.010013982435525433, -0.0407703039687631, -0.007107526959330361], "aligned_model": [[-0.3433551325368356, -0.10247722215483962, 0.3085711962367777, -0.4857403773979611, 0.5255840354525335, 0.7039169126934665, 0.07698116642623795, -0.5671517047556223, -0.43921561100197865, 0.13333731876643423, 0.023416163691344243], [-0.6635176276863367, -0.15339673254250683, -0.6735673665116073, -0.35746091754398385, 0.09735047168594987, -0.030538012868265012, 0.7197188609689763, 0.047922841574273865, 0.4706475186628715, 0.07280791386649796, 0.03220730866087471], [-0.24007749342731152, -0.773123253000697, 0.14923725999645981, 0.3729648508144591, -0.4325236723125453, 0.18458989496925143, -0.13672847071022434, -0.3420872918624268, 0.22265845405543733, 0.7562309034884331, 0.030879865090652943]], "inverted": true, "swapped": false, "error_lsq": 0.04270544676720357, "error_max": 0.2323714795215372, "target": "912.xyz", "model": "29.xyz", "model_rescale": 3.607286011436655, "target_rescale": 3.713570480263309},
{"mapping": [9, 1, 6, 8, 2, 7, 13, 11, 10, 5, 14], "R": [[-0.656922280225438, -0.17969362696781824, 0.732231738024624], [-0.519632690187082, -0.5957790440318047, -0.6123962752838109], [0.5462920327373878, -0.7827883054311041, 0.2980058453251433]], "T": [-0.013652581067208076, -0.08124775006116215, 0.0523937803239201], "aligned_model": [[-0.5219810998346572, -0.022837396836962988, 0.38400328148170565, -0.5336396876439606, 0.6363312286731335, 0.6890098694505202, 0.1844755459795922, -0.46493061890276993, -0.5451033468540727, 0.1558012377643912, -0.1272622678573626], [-0.5285847635820232, -0.17600680742990474, -0.3813286364584174, -0.4261627745115161, -0.1118258177440515, 0.19749348020294388, 0.5014826607707771, 0.21349317395117035, 0.21225292318614797, 0.19554618245121252, -0.13418536256959446], [-0.3426366251510488, -0.674849245810575, 0.08344604357464654, 0.32770452872894085, -0.4237633073514251, 0.21930025629392064, -0.3439205342247594, -0.18000024549601845, 0.44058488899323794, 0.7417208085123196, -0.055565520967749873]], "inverted": true, "swapped": false, "error_lsq": 0.047948840398397745, "error_max": 0.2582017779626997, "target": "912.xyz", "model": "30.xyz", "model_rescale": 3.964800864290218, "target_rescale": 3.713570480263309},
