[{"mapping": [0, 1, 8, 10, 6, 2, 4, 3, 7, 11, 9, 13], "R": [[0.34789602881298193, 0.891567920398158, 0.28995688723163787], [0.2617523472481128, -0.3893460161437544, 0.8831168600038677], [0.9002522212392816, -0.23133595273949803, -0.3688219287459037]], "T": [-0.04510973642010984, -0.03393880092774527, -0.018836420146846056], "aligned_model": [[-0.24366871424610415, 0.12611997876366438, 0.38761653401121554, 0.07886742282777537, -0.1862682600423546, -0.5573687852461465, 0.40626232161412595, -0.17925101258473236, 0.6446367028439791, -0.03457308758576554, -0.5946492020368263, -0.010081435858281994], [-0.4031510702510084, -0.7576487367426443, -0.13045022899004227, 0.625478211687815, 0.3197709674694781, -0.5097557568053551, -0.09319388693918237, -0.4354766671872857, -0.07067368590467446, 0.46668092177617904, 0.07946525945941546, -0.03749029159563774], [-0.5769379075254935, -0.09716908276327593, -0.6637891219127033, -0.04435096244202827, -0.5786205120449157, -0.08033444085083202, 0.5661460554378742, 0.7341313434643951, 0.035312262157949574, 0.551014320767751, 0.33833532044975084, -0.0017855293849097127]], "inverted": false, "swapped": true, "error_lsq": 0.048684285137783716, "error_max": 0.2379848671283993, "target": "913.xyz", "model": "0.xyz", "model_rescale": 3.751011558992144, "target_rescale": 4.171489085594144},
{"mapping": [6, 11, 7, 3, 13, 1, 4, 9, 10, 0, 8, 2, 5, 14], "R": [[0.3975444379262457, -0.8687586732033362, 0.29532488484359803], [-0.05761758132908018, -0.34485040210275664, -0.9368876210578054], [0.9157721519000741, 0.35543855714250555, -0.18714913278121725]], "T": [-0.009886000478582005, 0.039871353077334394, 0.016613615840176506], "aligned_model": [[-0.6850347262392857, -0.3877987187113444, -0.22000878366093685, 0.5330209837089018, 0.6545766573465283, -0.4102838371778576, -0.5611860601441268, 0.1727131592487971, -0.44191256392403977, 0.17804920103174823, 0.06341633537397305, 0.7123356053810621, 0.3802255736694976, -0.0003189707483720258], [0.021772508840309963, 0.5754774678646164, -0.23358827256814838, -0.2196993973121195, 0.3109061664785154, -0.5299197756027997, -0.05538469644592849, 0.672919061965967, 0.636397531446345, -0.6621291344226006, -0.2244041323233775, -0.2839541303763727, 0.31388608304633003, 0.07955475651336706], [-0.31136866296635096, -0.4384018301911351, -0.5497301604360157, -0.4537914453310252, -0.0953314804399025, -0.009941825782875797, 0.5756918743620016, 0.026501308796678096, 0.3771178670312435, -0.20105630418234416, 0.6209342985200351, 0.2559274480429934, 0.4201169423089259, -0.01995839363758994]], "inverted": true, "swapped": false, "error_lsq": 0.0477557548050385, "error_max": 0.41439728017277083, "target": "913.xyz", "model": "1.xyz", "model_rescale": 3.9405287249114394, "target_rescale": 4.171489085594144},
{"mapping": [2, 3, 1, 10, 4, 0, 9, 11, 7, 8, 12, 6, 13], "R": [[-0.9538840086080731, 0.23275855349980112, -0.18954881665279238], [0.04168130165800721, 0.7280479765991261, 0.684257855535479], [0.2972675011061382, 0.644801984753923, -0.7041750018592776]], "T": [-0.05746742748936333, 0.019949284013877695, 0.0566973179799094], "aligned_model": [[-0.4427064107467115, 0.349126401816309, -0.460202432328331, 0.2780456628736568, 0.48632513338331723, -0.7508127639428664, 0.20255745646768492, 0.6787829144359512, 0.09317886125824186, -0.572364693759794, 0.04758752749568526, -0.3749125111669442, -0.0386218665022678], [0.5957929853111295, 0.5573709115334025, 0.08239931457168259, -0.3154458304284155, -0.1252757153510441, 0.09968376892995448, 0.5929316828743088, 0.06320367052014056, -0.5416797324701192, -0.5682402934517983, -0.7891220669155168, -0.1902538401953179, -0.0025322613563892593], [-0.05549926222833579, -0.4837158991917907, -0.5702924763169253, 0.5318743458482975, -0.42564254874531005, 0.06832891467779684, 0.2723451507598218, 0.23425149763376024, -0.3200124185240662, 0.01869344276837523, 0.19541936739567656, 0.6165524992675374, 0.030817736243806054]], "inverted": true, "swapped": true, "error_lsq": 0.055491624804128496, "error_max": 0.36448823241376443, "target": "913.xyz", "model": "2.xyz", "model_rescale": 3.932901565614263, "target_rescale": 4.171489085594144},
{"mapping": [9, 7, 5, 4, 0, 12, 10, 3, 8, 6, 1, 2, 11, 13], "R": [[-0.06356514043256178, 0.03951066340310766, -0.9971952569077108], [-0.5824465844391585, 0.8099165854574092, 0.06921777861337253], [0.8103798178613207, 0.5852128092228143, -0.02846961054519581]], "T": [0.020041550309911404, 0.12242869246486678, 0.046052327784921826], "aligned_model": [[-0.6382595344364728, -0.09263544720064289, -0.28666072321296854, 0.48984348611342643, 0.6680165632905792, -0.5379515158849221, -0.21790339359063776, 0.19780122695210273, -0.39351433413888015, 0.027307782808709238, 0.5339555440274689, 0.6593766916793217, -0.37388287215361715, -0.04769961909892173], [0.19039633835238948, 0.43104059006145024, -0.29676635465035206, -0.14884559063370556, 0.25563550237503646, -0.39876685470962214, -0.3230762931433238, 0.5851835304332541, 0.7242995675959771, -0.5588969252388539, -0.07696700251984105, -0.39861593481244184, 0.3885848050951808, 0.028628658898956452], [-0.2730291983539124, -0.5878286848988348, -0.4509475852378403, -0.6387270593043809, -0.060412020657485466, 0.05739912660699172, 0.5540414534280235, 0.1683018078579847, 0.12027971921556688, -0.003292025566556653, 0.5409284585439121, -0.07211250020507921, 0.8021562700201966, 0.039951874646051995]], "inverted": false, "swapped": false, "error_lsq": 0.06283978067810612, "error_max": 0.4922748136404044, "target": "913.xyz", "model": "3.xyz", "model_rescale": 3.9243930471874484, "target_rescale": 4.171489085594144},
{"mapping": [3, 9, 2, 1, 0, 4, 7, 5, 6, 10, 8, 12, 13], "R": [[-0.8777196072448833, 0.03728175664919367, -0.47772205483841557], [-0.42322966505058546, -0.5278031836012994, 0.7364105173077734], [-0.22468854372009503, 0.8485480952789203, 0.47904194839226727]], "T": [-0.026701304807680175, -0.05720720831275819, -0.15024070631789865], "aligned_model": [[-0.17293294271346743, -0.09895972496865035, 0.5389018032543237, 0.43385148987207844, 0.6482564215956428, -0.5367875329107074, -0.31917732706360563, 0.3397756716819263, 0.14416243614230448, -0.5009926922220472, 0.261443943991132, -0.4110004540978951, -0.049335206249682156], [-0.7016059025986776, 0.05996940499547643, -0.17199172324850773, -0.6240783731260786, 0.04406725900669303, -0.5941820561979833, -0.3921576440747261, 0.4478250502523511, 0.5603691833354028, 0.3975073975383894, 0.03810087525253328, 0.1470665606674327, -0.08306047812071804], [-0.7066161406489312, -0.800989597575392, -0.5496286811454651, 0.010258198374795802, -0.003966349214494208, -0.11986885468224931, 0.38107620855995716, -0.4729402876743259, 0.06839035529135543, -0.011913444143270085, 0.5711601206742037, 0.5536507573447752, -0.13154196978999563]], "inverted": false, "swapped": true, "error_lsq": 0.04746938648609982, "error_max": 0.24716765892339584, "target": "913.xyz", "model": "4.xyz", "model_rescale": 3.8936222436046832, "target_rescale": 4.171489085594144},
{"mapping": [3, 4, 1, 2, 8, 12, 10, 6, 5, 9, 0, 13], "R": [[0.3630615275014279, 0.8684402244883997, 0.33763575601358875], [0.9316462990115384, -0.3325559185467234, -0.14642996475328546], [-0.014882902486855337, 0.36772018917933075, -0.9298173808245811]], "T": [-0.10726279641146916, -0.10106318144030044, -0.01302079597288773], "aligned_model": [[0.04772380214653707, -0.5555149194276747, -0.23825916614613946, 0.4305134344745878, -0.5331012820896478, -0.7801744275312872, -0.26733632719053324, 0.014992648407711223, 0.503959381434861, 0.4346890666503348, 0.11212227922703169, -0.142066447740684], [-0.7351875355449311, -0.6471371576542919, 0.15403673152741595, 0.06707884703052666, 0.5542909036031585, 0.06887381010325219, -0.2353975711234125, 0.3533258056365137, 0.1612201078649165, -0.4832244733489045, 0.5272536851578034, -0.11621024814223965], [-0.5787525794603073, -0.2373545728474762, -0.7036550538199065, -0.43149194063043855, 0.028247541954313907, 0.43774317448674094, 0.6250880199064479, 0.47378390123981046, 0.21306083033933004, 0.03861913580466177, -0.2235172126735665, -0.022486525024091736]], "inverted": true, "swapped": true, "error_lsq": 0.0409818339369245, "error_max": 0.2590084881501021, "target": "913.xyz", "model": "5.xyz", "model_rescale": 3.6523030999806103, "target_rescale": 4.171489085594144},
{"mapping": [0, 6, 5, 2, 9, 8, 10, 1, 12, 4, 11, 3, 13], "R": [[-0.08352901038957111, -0.5127949031367859, -0.8544379975985813], [0.43712166947146086, -0.7893932654303636, 0.4310254268273165], [-0.8955152430315308, -0.3374902366145157, 0.2900910024251982]], "T": [0.06065593046682127, -0.04020411345736535, 0.0017285397474705241], "aligned_model": [[0.2192355738806283, -0.24046517482897883, 0.33332116194865075, 0.6890442009468161, 0.5266792496743767, -0.4325581968458797, -0.41982922599574907, 0.32430556092035057, -0.7642455333368524, -0.026719687189766264, -0.031495145798250856, 0.6607027070663504, 0.043107414222598735], [-0.4845490693490316, 0.0703338768017685, 0.19145233397882613, -0.22905486181478676, 0.4343051819565078, -0.5713606324985576, 0.4253685783589735, -0.7266657163500828, -0.08544966756501093, -0.03633911098189866, 0.5947227095927422, 0.00895233366378801, -0.05088905163005475], [0.5161512206012396, 0.5979684170182573, 0.6062836970310351, 0.2508403450143058, 0.01115997569360569, 0.2969285486944918, 0.05854585633815134, -0.13417963773784303, -0.04692550739955587, -0.7343441196608969, -0.4030394223794916, -0.6177183931273256, -0.03156124060418432]], "inverted": false, "swapped": true, "error_lsq": 0.048471394442770044, "error_max": 0.33620566363740434, "target": "913.xyz", "model": "6.xyz", "model_rescale": 4.08911054899281, "target_rescale": 4.171489085594144},
{"mapping": [10, 11, 12, 13, 1, 5, 4, 9, 8, 7, 6, 2, 3, 14], "R": [[0.7136245189456293, -0.6708315045777296, -0.20180470367560616], [-0.5397159283243662, -0.710149264564102, 0.4521003635831683], [-0.4465946290234435, -0.21371269149267913, -0.8688383755465502]], "T": [0.004148364918821623, 0.027064603654276716, 0.015671340766524357], "aligned_model": [[-0.636036068964079, -0.06596466521626378, -0.2543582593252696, 0.35237902735285626, 0.6357038739142218, -0.5432463809262058, -0.4587969364279938, 0.15787755346925195, -0.43654346149347983, 0.16751811379447681, 0.22059018443269537, 0.7382461605755004, 0.062273157834866415, 0.04815155613396834], [0.18037134552818956, 0.36026223947397934, -0.23087873125368236, -0.2258397645699397, 0.3627957810500136, -0.5016622240167306, -0.08425963982407089, 0.7876554403222183, 0.4881253186767792, -0.729334978995074, -0.18056129578038282, -0.3000023718767593, 0.29039467106015154, 0.18476824730941244], [-0.2774767992787755, -0.46244429529508174, -0.5964082939295517, -0.5765020364005744, -0.14671176930785665, 0.05183988380517864, 0.5354194051949883, 0.12714431359930317, 0.25725508293745897, 0.03709471719612315, 0.414654286646355, 0.08099486807667824, 0.7598018537239342, -0.007951580873542155]], "inverted": false, "swapped": false, "error_lsq": 0.04514466492203246, "error_max": 0.25441888713665967, "target": "913.xyz", "model": "7.xyz", "model_rescale": 3.964800864290218, "target_rescale": 4.171489085594144},
{"mapping": [12, 9, 11, 10, 5, 4, 2, 8, 7, 6, 0, 3, 1, 13], "R": [[0.8092863033410074, 0.5871579688575732, -0.017355080861126387], [-0.5502800644487853, 0.7474569864699556, -0.3721557524041422], [-0.20554203923987813, 0.310730708145014, 0.9280080264312429]], "T": [0.005161080211110787, -0.016028452274966545, 0.06679229588431174], "aligned_model": [[-0.6311267301199219, -0.11430142766920703, -0.2926413142068311, 0.49162363193380326, 0.7223115389206757, -0.5243015039174517, -0.40080898582725627, 0.11664067737318318, -0.39875570732493093, 0.03548483366585997, 0.2327909479430051, 0.6070597585295631, 0.11339817742149844, 0.03041995843255582], [0.25997316252840064, 0.3054548435602352, -0.3735734849735752, 0.07996936617600525, 0.383194914956729, -0.47711283910244134, -0.16245208540930645, 0.7088056317921425, 0.5075111643567752, -0.5846171753541385, -0.33332712879501025, -0.39739553977281106, 0.440137089533032, 0.04526611760806751], [-0.23260020291724953, -0.5300610583816212, -0.6192168935331273, -0.5883966979421511, -0.09253957662470089, 0.02027396352298691, 0.569143918649319, -0.16395742003849884, 0.3306306242700217, -0.04408221490221162, 0.6673466778662702, 0.20184717848512174, 0.6527254152988733, 0.025595922341604696]], "inverted": true, "swapped": false, "error_lsq": 0.045484990567376704, "error_max": 0.3632165895933416, "target": "913.xyz", "model": "8.xyz", "model_rescale": 4.121658175737393, "target_rescale": 4.171489085594144},
{"mapping": [1, 4, 7, 8, 3, 2, 11, 5, 10, 9, 0, 6, 13], "R": [[0.06835815104939735, -0.06460113592899319, 0.9955671029226464], [-0.8456704724402246, 0.5256851378697065, 0.0921769378187125], [-0.5293095646479807, -0.8482227473132227, -0.01869640908232617]], "T": [-0.0037253356315403927, -0.016619233328316867, -0.05426947674356883], "aligned_model": [[-0.604754215271901, -0.11339401397976595, 0.12244139180008276, 0.20504006861048688, -0.6271191831870424, -0.555221224675696, 0.29499790904668133, 0.04072132569041151, 0.6434337225710446, -0.14302344867995023, -0.23259272922518737, 0.4492381245464718, -0.0030302308104390085], [0.33906798161098445, -0.4417637723022523, 0.08517147239594489, 0.6950805423032249, -0.5956424249794299, 0.10067937719411575, -0.7095356070556303, 0.10184830254445666, -0.19553207704662087, -0.4937710518951392, 0.582406255078143, 0.3463601962363313, -0.02398175467241817], [-0.32159434195194636, -0.6514941402526249, -0.7278808566685628, -0.3041312460096638, -0.20359880209246933, 0.36368558721929545, -0.1323227710957781, 0.6367355257980315, -0.049028088615335086, 0.3877123500354632, 0.22142749113502205, 0.2942482359332197, -0.0926835094755627]], "inverted": false, "swapped": true, "error_lsq": 0.03939280590789576, "error_max": 0.2504588122871738, "target": "913.xyz", "model": "9.xyz", "model_rescale": 3.833441315466971, "target_rescale": 4.171489085594144},
{"mapping": [1, 4, 6, 7, 9, 12, 0, 2, 5, 11, 10, 8, 13, 14], "R": [[0.033987286632529215, 0.7317832206001278, 0.6806894904399972], [-0.9701218082010563, -0.13955231447371683, 0.19846619051551773], [0.24022602190452064, -0.6670970465930227, 0.7051758566675375]], "T": [-0.026705120151846153, -0.006497568844675731, -0.04991029012362272], "aligned_model": [[-0.7560970227037087, -0.30038395527913486, -0.486831924597968, 0.4296104935788454, 0.7374749172319027, -0.35741917285176, -0.4107848825443241, 0.3214163555597163, -0.3257379974904663, 0.3107720907821816, 0.1511606981051429, 0.6469143415543628, -0.022382807433641384, 0.0500827212433965], [-0.026840633830120923, 0.47956299586760354, -0.07834544893611625, -0.19245243767230832, 0.26247845898105554, -0.5066032174615496, 0.015574545234011507, 0.6012797245823818, 0.5812555175427244, -0.5938721357815425, -0.48556606303969924, -0.1726623708705324, 0.47894958750549704, 0.03907551498269943], [0.06490497503130835, -0.6197853665440513, -0.5442287846203205, -0.49836410514440743, -0.08979629583963941, -0.10943014293818645, 0.5120670400279604, 0.1115469942289857, 0.1002924035262639, -0.13014327124416034, 0.5939928641514239, 0.30531561230338955, 0.5825522917094464, -0.08221457855337486]], "inverted": false, "swapped": false, "error_lsq": 0.05103283245575228, "error_max": 0.34938868467358536, "target": "913.xyz", "model": "10.xyz", "model_rescale": 4.2482417240324, "target_rescale": 4.171489085594144},
{"mapping": [8, 12, 4, 11, 0, 2, 1, 9, 10, 5, 6, 13], "R": [[0.815384671436623, -0.5366179068154064, -0.21723042989241212], [-0.5198211285949497, -0.5134833347784168, -0.6827304440048864], [0.25482117622455036, 0.6696089059965437, -0.697631766161525]], "T": [0.05484744237241029, 0.05777180924884097, 0.027322599823303186], "aligned_model": [[-0.6841010508460963, -0.2703470084143402, 0.4737420494803141, 0.7022307782326138, -0.5027568333078949, 0.019492959253734968, -0.22961622040771712, 0.5577707551222055, 0.15095999041036862, -0.04912577265261121, -0.3524832924547527, 0.06099924794718184], [-0.18942168836651174, -0.6926472074608876, -0.3448722449143532, -0.2764039456004652, 0.4772669338742079, 0.748821871483291, 0.31227898999999976, 0.42160945049233456, -0.39893792345206736, 0.5400147375321095, 0.03970153561711566, 0.028720880845866117], [0.1006776779699094, -0.09915534289258834, 0.4876023740003289, -0.18405946178822252, 0.04526556131203339, 0.14476614866474827, 0.6703764172410308, -0.21166708566656492, -0.4554099582007585, -0.47280668843533435, -0.5131861385602808, 0.05278878621005535]], "inverted": false, "swapped": true, "error_lsq": 0.04577951124644917, "error_max": 0.2617245597375484, "target": "913.xyz", "model": "11.xyz", "model_rescale": 3.6694154284099745, "target_rescale": 4.171489085594144},
{"mapping": [6, 4, 0, 1, 2, 5, 7, 8, 11, 12, 10, 10, 9, 13], "R": [[0.2136756710716235, -0.9609256990248403, 0.17596735079472456], [-0.9354883583183189, -0.2531621220497667, -0.24651667572429187], [0.28143247688031314, -0.11194079199684677, -0.9530293909655309]], "T": [-0.04268496264761601, 0.037534134788275664, -0.022488888128728634], "aligned_model": [[-0.604795989345734, -0.19780103972902074, -0.31182556588389304, 0.43795833207046386, 0.6008430912304468, -0.5293269662745022, -0.30180622243943955, 0.3757481733740128, -0.3736862593254376, 0.27029962610920943, 0.3353298037043423, 0.3353298037043423, 0.009086534980948024, -0.05755946702119355], [0.06774752681722246, 0.4873411516860499, -0.23065005471404149, -0.016144837146748497, 0.0984604746318907, -0.5992406252223261, -0.2422663873328847, 0.640383183054489, 0.6721731010690206, -0.5631760669638997, -0.16659779066416036, -0.16659779066416036, 0.4058025624643991, 0.01459959008925344], [-0.0770157444489214, -0.5893145226325796, -0.627780917331209, -0.7171644133317616, -0.1145388657359523, 0.02513734199850357, 0.6152674595575711, 0.16213122722903955, 0.1583430033693763, -0.07686168443414788, 0.4454467706315306, 0.4454467706315306, 0.6891179865572459, -0.14150477596558791]], "inverted": true, "swapped": false, "error_lsq": 0.04980481686592963, "error_max": 0.40571175277013966, "target": "913.xyz", "model": "12.xyz", "model_rescale": 3.9764082729961374, "target_rescale": 4.171489085594144},
{"mapping": [10, 8, 1, 0, 7, 12, 13, 3, 11, 9, 6, 4, 14, 15], "R": [[0.02550061905609805, 0.7299311995153005, -0.6830447733508472], [-0.7508190805626845, 0.4650980841687038, 0.4689930493787798], [0.6600154745843169, 0.5008834356182644, 0.5599065611622026]], "T": [0.024856247604592235, -0.08234433222911333, 0.005188416853722053], "aligned_model": [[-0.706352623739625, -0.17926251195573864, -0.3330862834394258, 0.5411137359079998, 0.6278112788742094, -0.48192298172874226, -0.35922411279295985, 0.22602917162256211, -0.44442773666919366, 0.08174231737201221, 0.23042574160333196, 0.7213524016817467, -0.0411504851289847, 0.10474594354735296], [0.13740923031081487, 0.4917883994179211, -0.1804710379571746, -0.32924186027434577, 0.23846405043815852, -0.4699709497508959, -0.13907193827159184, 0.7310647970142656, 0.5256530807860905, -0.603411935231837, -0.2011572907210063, -0.15852259899190801, 0.3809524993442459, -0.021650409008632583], [-0.2461855220834535, -0.35308518682873613, -0.5101472721430292, -0.44160879656425783, -0.3181703789135407, -0.006385392078567059, 0.47820512021257255, 0.08480305381954482, 0.20682270615083354, -0.28934792162598794, 0.73133128828519, 0.16315582111161658, 0.6531137186154251, 0.04420839813702783]], "inverted": false, "swapped": false, "error_lsq": 0.041419542139350604, "error_max": 0.29954636235548854, "target": "913.xyz", "model": "13.xyz", "model_rescale": 4.170626492500431, "target_rescale": 4.171489085594144},
{"mapping": [4, 2, 6, 3, 1, 5, 12, 0, 8, 11, 10, 9, 7, 13], "R": [[-0.24769391298662502, -0.9340508539715413, 0.2572872473800603], [0.6022517554195905, -0.35646323406092717, -0.7143016070658432], [0.7589074703568255, -0.021976463725057627, 0.6508275397359466]], "T": [0.0016613684436317666, 0.09573378308236574, -0.02355741363383786], "aligned_model": [[-0.6670215822902703, -0.14578452936383138, -0.26695543032648117, 0.4094466628797039, 0.7263410547253374, -0.5424840977067411, -0.5001951328085398, 0.17856794718787936, -0.3680918764197484, 0.15141071003410816, 0.09200694016350673, 0.6503323746201228, 0.28753732045936076, -0.01731650599986205], [0.33028439281774724, 0.4337537650203586, -0.41365700367209896, -0.10912902361573859, 0.34973882696121733, -0.628270102147386, -0.22640032350762523, 0.6629348687781511, 0.3993021393045864, -0.5935901705009807, -0.08270798938607049, -0.29054018065398185, 0.5711822924595739, -0.0010674547536488055], [-0.05376094759235024, -0.5684742570757839, -0.6366278083017352, -0.5404867980794743, 0.010136204012495719, -0.1068875654184382, 0.4007959658844242, -0.07689967933759274, 0.544496354788187, -0.06902468582591949, 0.5040072899654087, 0.27025339139087134, 0.5677576105951252, -0.04857543891058045]], "inverted": false, "swapped": false, "error_lsq": 0.05102938193815105, "error_max": 0.32954138654079285, "target": "913.xyz", "model": "14.xyz", "model_rescale": 3.9786697098870705, "target_rescale": 4.171489085594144},
{"mapping": [5, 10, 2, 0, 9, 3, 12, 4, 1, 8, 11, 13], "R": [[0.393086168047874, -0.22174432438647285, 0.8923635576892559], [-0.8143346979402719, 0.36673927442330945, 0.44984586729900194], [-0.4270155315910247, -0.9035107963925233, -0.03641396136351149]], "T": [0.015429691154918063, -0.0288010954700129, -0.026969212662495884], "aligned_model": [[0.042889988823705386, -0.6515927825374582, 0.5864415899737293, 0.45797540366051, -0.013863060457995995, 0.3771170241048554, -0.5146119991081808, -0.060430840020730764, 0.6947906207604755, 0.07320511939480774, -0.5192416560948364, 0.010675188268455565], [-0.2315949636278594, -0.10273860824127982, 0.019543032182282056, -0.5280671690508932, 0.41359705934213487, 0.7519613002995413, -0.42951044624398604, 0.4706020319981754, -0.10577482927662123, -0.7346956184899053, 0.5093299569690781, -0.01797725563622727], [-0.6989949230229493, -0.04856523556117491, -0.43218689722743875, -0.232169889616655, -0.5228034236495503, 0.04905280773159584, 0.4663507892035087, 0.5155195824459867, 0.275942431585532, 0.30605539700670503, -0.028555239351058713, 0.010321094329328928]], "inverted": true, "swapped": true, "error_lsq": 0.05041162509547161, "error_max": 0.282534440345527, "target": "913.xyz", "model": "15.xyz", "model_rescale": 3.769337070930944, "target_rescale": 4.171489085594144},
{"mapping": [2, 3, 0, 1, 5, 9, 6, 11, 8, 7, 13], "R": [[0.10379716347247642, 0.5951817129972816, -0.7968593836861619], [0.8761442638042412, -0.4339161681509721, -0.20997139810007903], [-0.4707413067258838, -0.6763693425420753, -0.5665043112026673]], "T": [0.041683078173331924, 0.004484380912993739, 0.08149933456560832], "aligned_model": [[-0.20317405104115813, -0.4659782499580458, -0.08767622095066024, -0.6535756629916729, 0.43689312711340506, 0.23999672760398538, 0.5500918682372334, 0.35058341140263305, -0.03022680272621122, -0.2367494576783116, 0.02244144167997401], [0.09198000501754738, -0.6570223127964997, 0.5941338439160164, 0.2587139717784165, 0.19037176851269785, -0.4434378775260599, 0.45009326326364496, -0.6513674398629136, 0.7102750538563664, 0.058557861619809685, -0.006233640153683752], [-0.5704075738121848, -0.14405745018375854, -0.26892943168909367, -0.024303739840355, -0.468730501633861, -0.36845966835327676, 0.044787146549380485, 0.3048823418993837, 0.41198225908405023, 0.7136251635827244, 0.11382906162076759]], "inverted": true, "swapped": true, "error_lsq": 0.05388043801606673, "error_max": 0.29888546140402317, "target": "913.xyz", "model": "16.xyz", "model_rescale": 3.7852294659196426, "target_rescale": 4.171489085594144},
{"mapping": [11, 5, 2, 9, 10, 6, 8, 0, 3, 4, 7, 1, 13], "R": [[-0.3957058273988094, -0.18152166006309642, 0.90025928770025], [-0.07101375450751438, -0.9712888302486804, -0.22705738240562967], [0.9156276234547374, -0.15377872142168286, 0.37145411561125863]], "T": [-0.03989162717542871, 0.08164980243796349, -0.012713749639190617], "aligned_model": [[-0.05274264746125762, -0.3567120157009695, 0.26329380327650437, 0.08337259588901076, -0.5541748653157395, -0.6766711954123363, -0.36651020183774824, -0.12682979763975824, 0.7475996509221099, 0.4006927579109412, 0.04963277335201885, 0.46763286702876516, -0.024817874795257863], [-0.12723371433120706, -0.4532274199891946, -0.3176114862188523, -0.5493607599412154, 0.10158629377079058, 0.027239840505898866, 0.6686047509504834, 0.08691305454267856, -0.1668951145866605, 0.37978528666382383, 0.7340040363148298, 0.37970022201472753, 0.11155063400677129], [-0.7418663553051681, 0.31443938673441363, 0.47847066918644127, -0.18317594175707927, -0.4439531398759716, 0.21077203539320113, 0.3889511149996362, 0.6798428837143522, -0.26622884621251125, -0.5289046342903913, -0.2282387303264216, 0.4485849906198668, -0.032938735737194316]], "inverted": true, "swapped": true, "error_lsq": 0.03523421932465276, "error_max": 0.2122030654065951, "target": "913.xyz", "model": "17.xyz", "model_rescale": 3.901054581598922, "target_rescale": 4.171489085594144},
{"mapping": [6, 11, 7, 3, 13, 1, 4, 9, 10, 0, 8, 2, 5, 14], "R": [[0.3975444379262457, -0.8687586732033362, 0.29532488484359803], [-0.05761758132908018, -0.34485040210275664, -0.9368876210578054], [0.9157721519000741, 0.35543855714250555, -0.18714913278121725]], "T": [-0.009886000478582005, 0.039871353077334394, 0.016613615840176506], "aligned_model": [[-0.6850347262392857, -0.3877987187113444, -0.22000878366093685, 0.5330209837089018, 0.6545766573465283, -0.4102838371778576, -0.5611860601441268, 0.1727131592487971, -0.44191256392403977, 0.17804920103174823, 0.06341633537397305, 0.7123356053810621, 0.3802255736694976, -0.0003189707483720258], [0.021772508840309963, 0.5754774678646164, -0.23358827256814838, -0.2196993973121195, 0.3109061664785154, -0.5299197756027997, -0.05538469644592849, 0.672919061965967, 0.636397531446345, -0.6621291344226006, -0.2244041323233775, -0.2839541303763727, 0.31388608304633003, 0.07955475651336706], [-0.31136866296635096, -0.4384018301911351, -0.5497301604360157, -0.4537914453310252, -0.0953314804399025, -0.009941825782875797, 0.5756918743620016, 0.026501308796678096, 0.3771178670312435, -0.20105630418234416, 0.6209342985200351, 0.2559274480429934, 0.4201169423089259, -0.01995839363758994]], "inverted": true, "swapped": false, "error_lsq": 0.0477557548050385, "error_max": 0.41439728017277083, "target": "913.xyz", "model": "18.xyz", "model_rescale": 3.9405287249114394, "target_rescale": 4.171489085594144},
{"mapping": [13, 12, 14, 3, 1, 11, 9, 0, 7, 10, 5, 2, 8, 15], "R": [[0.21252151427847227, -0.8109320353270171, -0.5451823915435704], [-0.9675861970648668, -0.09674788809836227, -0.2332740821395632], [0.13642418120822286, 0.5770867181185931, -0.8052076518220488]], "T": [-0.031392760474729414, 0.1591865365637841, -0.03771258815105122], "aligned_model": [[-0.6675451993844904, -0.050401627080751105, -0.29254077796587874, 0.4282008781513108, 0.5967927716084226, -0.36202276104951003, -0.5191922191905046, 0.3326617260504453, -0.5008842252117804, 0.1798039337031412, 0.1395133213163681, 0.5795066616342551, 0.1329510704320665, -0.009049697858548866], [0.017939341785964957, 0.37262541189475407, -0.30113198434248056, -0.08806709556536182, 0.2824526185256576, -0.46706614618796727, -0.03675972752836665, 0.7143434913389638, 0.5018257514394258, -0.5750452496431651, -0.19800220432116042, -0.3883960189563268, 0.4401572403162053, 0.12695860834796133], [-0.2010807301143076, -0.5419164870820272, -0.6030863887001188, -0.7108157924276219, -0.19804921621405652, 0.09534597777377388, 0.521453394917895, 0.14100323197014494, 0.35953001015608527, -0.22265495062708887, 0.6933619342819977, 0.24913323100973106, 0.6451627477717692, -0.030677326621537878]], "inverted": false, "swapped": false, "error_lsq": 0.028947368673780314, "error_max": 0.1709723833940353, "target": "913.xyz", "model": "19.xyz", "model_rescale": 4.410303926677745, "target_rescale": 4.171489085594144},
{"mapping": [12, 9, 11, 10, 5, 4, 2, 8, 7, 6, 0, 3, 1, 13], "R": [[0.8092863033410074, 0.5871579688575732, -0.017355080861126387], [-0.5502800644487853, 0.7474569864699556, -0.3721557524041422], [-0.20554203923987813, 0.310730708145014, 0.9280080264312429]], "T": [0.005161080211110787, -0.016028452274966545, 0.06679229588431174], "aligned_model": [[-0.6311267301199219, -0.11430142766920703, -0.2926413142068311, 0.49162363193380326, 0.7223115389206757, -0.5243015039174517, -0.40080898582725627, 0.11664067737318318, -0.39875570732493093, 0.03548483366585997, 0.2327909479430051, 0.6070597585295631, 0.11339817742149844, 0.03041995843255582], [0.25997316252840064, 0.3054548435602352, -0.3735734849735752, 0.07996936617600525, 0.383194914956729, -0.47711283910244134, -0.16245208540930645, 0.7088056317921425, 0.5075111643567752, -0.5846171753541385, -0.33332712879501025, -0.39739553977281106, 0.440137089533032, 0.04526611760806751], [-0.23260020291724953, -0.5300610583816212, -0.6192168935331273, -0.5883966979421511, -0.09253957662470089, 0.02027396352298691, 0.569143918649319, -0.16395742003849884, 0.3306306242700217, -0.04408221490221162, 0.6673466778662702, 0.20184717848512174, 0.6527254152988733, 0.025595922341604696]], "inverted": true, "swapped": false, "error_lsq": 0.045484990567376704, "error_max": 0.3632165895933416, "target": "913.xyz", "model": "20.xyz", "model_rescale": 4.121658175737393, "target_rescale": 4.171489085594144},
{"mapping": [0, 6, 5, 2, 9, 8, 10, 1, 12, 4, 11, 3, 13], "R": [[-0.08352901038957111, -0.5127949031367859, -0.8544379975985813], [0.43712166947146086, -0.7893932654303636, 0.4310254268273165], [-0.8955152430315308, -0.3374902366145157, 0.2900910024251982]], "T": [0.06065593046682127, -0.04020411345736535, 0.0017285397474705241], "aligned_model": [[0.2192355738806283, -0.24046517482897883, 0.33332116194865075, 0.6890442009468161, 0.5266792496743767, -0.4325581968458797, -0.41982922599574907, 0.32430556092035057, -0.7642455333368524, -0.026719687189766264, -0.031495145798250856, 0.6607027070663504, 0.043107414222598735], [-0.4845490693490316, 0.0703338768017685, 0.19145233397882613, -0.22905486181478676, 0.4343051819565078, -0.5713606324985576, 0.4253685783589735, -0.7266657163500828, -0.08544966756501093, -0.03633911098189866, 0.5947227095927422, 0.00895233366378801, -0.05088905163005475], [0.5161512206012396, 0.5979684170182573, 0.6062836970310351, 0.2508403450143058, 0.01115997569360569, 0.2969285486944918, 0.05854585633815134, -0.13417963773784303, -0.04692550739955587, -0.7343441196608969, -0.4030394223794916, -0.6177183931273256, -0.03156124060418432]], "inverted": false, "swapped": true, "error_lsq": 0.048471394442770044, "error_max": 0.33620566363740434, "target": "913.xyz", "model": "21.xyz", "model_rescale": 4.08911054899281, "target_rescale": 4.171489085594144},
{"mapping": [7, 6, 0, 1, 11, 13, 12, 5, 10, 4, 14, 15, 9, 16], "R": [[0.6611131549443245, -0.06131867034062537, -0.7477763148343356], [0.3256584824747845, -0.8744253180653427, 0.359620516542848], [-0.67592599384236, -0.4812695541938863, -0.5581251356588735]], "T": [0.07071000086049353, -0.014194680531397653, -0.008246966326567445], "aligned_model": [[-0.6281686882368261, -0.278689442005703, -0.2601673150288827, 0.5896870234953022, 0.7397117838304462, -0.4428377338744881, -0.3983069725215379, 0.16242828294918124, -0.4252381913098702, -0.08499545443108672, 0.1548899150732693, 0.7308618385231833, 0.09004969599442408, 0.038569112697133714], [0.07227114765805241, 0.3818119014297459, -0.2549036011216081, -0.1268283479981023, 0.35046018718486865, -0.4075994193044695, -0.04594298772615073, 0.6664061014908319, 0.5846680291011369, -0.6560167981097333, -0.2698241478367527, -0.21461878560258946, 0.36470218677576505, -0.04275142883689022], [-0.1076875339564748, -0.5342345564079422, -0.6660150223747552, -0.5981409298455616, -0.08143488945807888, 0.12677674154615468, 0.5609495109147374, 0.15330607818079348, 0.2074710322490345, -0.23210488208444643, 0.5743248347721244, 0.2274153922102995, 0.5947544861588006, -0.028670625810047135]], "inverted": true, "swapped": false, "error_lsq": 0.035906410867136716, "error_max": 0.251563513160673, "target": "913.xyz", "model": "22.xyz", "model_rescale": 4.204369325754507, "target_rescale": 4.171489085594144},
{"mapping": [13, 12, 14, 3, 1, 11, 9, 0, 7, 10, 5, 2, 8, 15], "R": [[0.21252151427847227, -0.8109320353270171, -0.5451823915435704], [-0.9675861970648668, -0.09674788809836227, -0.2332740821395632], [0.13642418120822286, 0.5770867181185931, -0.8052076518220488]], "T": [-0.031392760474729414, 0.1591865365637841, -0.03771258815105122], "aligned_model": [[-0.6675451993844904, -0.050401627080751105, -0.29254077796587874, 0.4282008781513108, 0.5967927716084226, -0.36202276104951003, -0.5191922191905046, 0.3326617260504453, -0.5008842252117804, 0.1798039337031412, 0.1395133213163681, 0.5795066616342551, 0.1329510704320665, -0.009049697858548866], [0.017939341785964957, 0.37262541189475407, -0.30113198434248056, -0.08806709556536182, 0.2824526185256576, -0.46706614618796727, -0.03675972752836665, 0.7143434913389638, 0.5018257514394258, -0.5750452496431651, -0.19800220432116042, -0.3883960189563268, 0.4401572403162053, 0.12695860834796133], [-0.2010807301143076, -0.5419164870820272, -0.6030863887001188, -0.7108157924276219, -0.19804921621405652, 0.09534597777377388, 0.521453394917895, 0.14100323197014494, 0.35953001015608527, -0.22265495062708887, 0.6933619342819977, 0.24913323100973106, 0.6451627477717692, -0.030677326621537878]], "inverted": false, "swapped": false, "error_lsq": 0.028947368673780314, "error_max": 0.1709723833940353, "target": "913.xyz", "model": "23.xyz", "model_rescale": 4.410303926677745, "target_rescale": 4.171489085594144},
{"mapping": [11, 7, 14, 6, 12, 9, 10, 0, 1, 15, 4, 5, 3, 16], "R": [[-0.9852042981456699, 0.1423316196898139, -0.09546832433730232], [0.12634689933005377, 0.2268155280826633, -0.9657076044281023], [-0.11579702908528966, -0.9634814093987787, -0.24144279197765217]], "T": [-0.03163673653853627, -0.007378683934951346, -0.030102144426512604], "aligned_model": [[-0.6306438088286717, -0.14653649240657388, -0.22733163779497026, 0.44860050782435157, 0.6420783599424716, -0.40669363686419574, -0.4732614499896009, 0.3786602025769821, -0.48414214931471866, 0.13350822548416463, 0.21094199381805984, 0.560047316386037, 0.016964397866849598, -0.034397973545639914], [0.038920350722124256, 0.5792775853144849, -0.3774224694880659, -0.2707647829170299, 0.331373813357835, -0.5074195901043255, -0.12039229947347314, 0.6034853219941962, 0.6654113521698262, -0.6890370672991052, -0.1664973365730179, -0.18431909825097476, 0.4303701983798328, 0.06884805927179712], [-0.22952233735337296, -0.3208999513888351, -0.562005417973866, -0.5572625011961962, -0.30854522502860754, 0.011266893558478996, 0.43463378214662335, 0.13986079005862329, 0.2508387182060465, -0.16194743536493877, 0.594174386409285, 0.08907883024796001, 0.7542860441642695, 0.06275305960916808]], "inverted": false, "swapped": false, "error_lsq": 0.03849807358993651, "error_max": 0.27641269103788363, "target": "913.xyz", "model": "24.xyz", "model_rescale": 4.28219845311461, "target_rescale": 4.171489085594144},
{"mapping": [2, 13, 4, 3, 9, 0, 6, 11, 14, 1, 8, 5, 10, 15], "R": [[-0.195655636738411, -0.9198893622720259, 0.33988591172811566], [0.40042885189213684, 0.24143714219778264, 0.8839484379417801], [-0.8951958480605415, 0.3090496198770243, 0.32111170341336776]], "T": [0.027797989624201574, 0.12230110677517794, -0.10741897238055423], "aligned_model": [[-0.6531930204037402, -0.2124765828445932, -0.24006324071089377, 0.444417989705015, 0.6069096636009329, -0.520838707242028, -0.5115633822502391, 0.28849022579656847, -0.37086283785244567, 0.24240165223961382, 0.17735544033138817, 0.7471728299081618, 0.013564629568234815, -0.023520804691429892], [0.18743564266744703, 0.5211169112791144, -0.31118125782138173, -0.38009458063240775, 0.35465109342592993, -0.4791634244834705, -0.1695009173156781, 0.48622551005654, 0.6109740197232806, -0.4746023105253834, -0.20203680419620515, -0.10775361139380818, 0.296865602091698, 0.068898164228429], [-0.13550385947560784, -0.47637769749736236, -0.6318157438168935, -0.5246379720279182, -0.36725899363619696, -0.05457614386680365, 0.552988495950341, 0.20254176375283076, 0.3196793227238396, -0.02064929303555743, 0.48788225000481145, 0.28609766860017527, 0.6665509671289102, -0.10821112870993019]], "inverted": false, "swapped": false, "error_lsq": 0.04735126547872211, "error_max": 0.2950113141983172, "target": "913.xyz", "model": "25.xyz", "model_rescale": 4.100010024507729, "target_rescale": 4.171489085594144},
{"mapping": [8, 12, 4, 11, 0, 2, 1, 9, 10, 5, 6, 13], "R": [[0.815384671436623, -0.5366179068154064, -0.21723042989241212], [-0.5198211285949497, -0.5134833347784168, -0.6827304440048864], [0.25482117622455036, 0.6696089059965437, -0.697631766161525]], "T": [0.05484744237241029, 0.05777180924884097, 0.027322599823303186], "aligned_model": [[-0.6841010508460963, -0.2703470084143402, 0.4737420494803141, 0.7022307782326138, -0.5027568333078949, 0.019492959253734968, -0.22961622040771712, 0.5577707551222055, 0.15095999041036862, -0.04912577265261121, -0.3524832924547527, 0.06099924794718184], [-0.18942168836651174, -0.6926472074608876, -0.3448722449143532, -0.2764039456004652, 0.4772669338742079, 0.748821871483291, 0.31227898999999976, 0.42160945049233456, -0.39893792345206736, 0.5400147375321095, 0.03970153561711566, 0.028720880845866117], [0.1006776779699094, -0.09915534289258834, 0.4876023740003289, -0.18405946178822252, 0.04526556131203339, 0.14476614866474827, 0.6703764172410308, -0.21166708566656492, -0.4554099582007585, -0.47280668843533435, -0.5131861385602808, 0.05278878621005535]], "inverted": false, "swapped": true, "error_lsq": 0.04577951124644917, "error_max": 0.2617245597375484, "target": "913.xyz", "model": "26.xyz", "model_rescale": 3.6694154284099745, "target_rescale": 4.171489085594144},
{"mapping": [7, 9, 3, 12, 11, 1, 5, 10, 8, 6, 0, 2, 4, 13], "R": [[-0.2702515960984909, -0.6335757052862532, 0.7249454465525287], [-0.13759377909953, 0.7706503290304552, 0.622226664743935], [-0.9529071448778881, 0.06840976564993023, -0.29544555709029324]], "T": [-0.0398456482994313, 0.08552466786534065, 0.033242061540230114], "aligned_model": [[-0.6226853315681969, -0.08068054850977055, -0.3314356200886799, 0.4103518370878557, 0.7107916850935679, -0.3551832244525571, -0.6231832584431526, 0.26515299725688113, -0.3450790907175426, 0.143813122560028, 0.04444091783328494, 0.5785014788056607, 0.18148305359992642, 0.01150583669724007], [0.03189943354680942, 0.4949988423101882, -0.19013019602598408, -0.14013648424311825, 0.2965403309752747, -0.7211720689848446, -0.1571787251902842, 0.59703323157815, 0.6171557110103417, -0.5440897472635117, -0.2493398569969285, -0.13453779877983668, 0.43399724174922627, 0.06679412341862155], [-0.19816831543083685, -0.5103818404893579, -0.6680573785697297, -0.5800540186180373, -0.324796278423682, 0.20484987463999427, 0.5094676334200368, 0.11824521059901756, 0.2136808933481223, -0.16935501630823602, 0.5968863357872624, 0.21029851405807076, 0.7439537056373362, 0.05014031644467708]], "inverted": false, "swapped": false, "error_lsq": 0.04080388278969058, "error_max": 0.27541457002631525, "target": "913.xyz", "model": "27.xyz", "model_rescale": 4.103607728864725, "target_rescale": 4.171489085594144},
