[{"mapping": [5, 1, 2, 9, 6, 0, 3, 11, 4, 8, 10, 12], "R": [[0.9022636097064475, -0.28870968807438646, 0.32026097890858], [-0.19185883083417601, -0.9339804251993805, -0.30144776392490824], [0.38614837514928696, 0.21054045064161592, -0.8980880530400073]], "T": [-0.04522977374610872, -0.14198289757563148, -0.028773727871479617], "aligned_model": [[-0.389408275311124, 0.11943488152826594, 0.5381704156842476, -0.24881695284080763, 0.14084210941471692, -0.5219340355511977, 0.4861193101659941, -0.4143782246147947, 0.48897259878388755, 0.148815123192796, -0.41356319483456716, -0.09661129315686792], [-0.22069508801522858, -0.761467169586973, -0.23279849417086718, 0.5851216505024035, 0.31641421118486884, -0.6716795112571956, -0.25617403270403255, -0.46389612008784925, 0.2613445555505145, 0.4337651145529406, 0.19932207893543874, -0.13570215892696252], [-0.5183590852872821, -0.006255648235790563, -0.6038804206945171, -0.11378368639425365, -0.6194490993402809, -0.000909952706058037, 0.435169270863824, 0.6280193063658014, -0.05058405473029525, 0.5211447606842522, 0.5389484221105357, -0.028108067282372515]], "inverted": true, "swapped": true, "error_lsq": 0.04873458112058058, "error_max": 0.28124433256791176, "target": "914.xyz", "model": "0.xyz", "model_rescale": 3.751011558992144, "target_rescale": 3.7711820993372123},
{"mapping": [1, 7, 11, 12, 9, 4, 10, 8, 13, 5, 2, 0, 14], "R": [[-0.7621077297574584, -0.6397619230134046, -0.09948110426670581], [-0.4789165230102636, 0.45363635123585266, 0.7515670461277435], [-0.4356957335477275, 0.6204181998455658, -0.6521123254997524]], "T": [0.03314739196597902, 0.014670326201328479, 0.04847387917424315], "aligned_model": [[0.30237226517320503, -0.3355761344268735, -0.48657457105109947, -0.7090186181972479, -0.22515254767828904, 0.697324269377367, 0.24315164059298655, 0.6592436057862688, -0.31378420323249057, 0.21380757263409614, 0.20459719385007877, 0.0449239451610441, -0.01634617347365005], [-0.6162104118388497, -0.5260200382148899, 0.1336176049187292, -0.008061239135048883, 0.6123157271157098, -0.030849926869419855, 0.5056265272719246, 0.07371191693888904, 0.43453436662098927, 0.5530089754234927, 0.10679333660156894, -0.5929312298935152, 0.03590718069702489], [-0.07478605532301832, -0.05817467782077992, -0.5452193201889256, 0.0739295931293848, -0.05296939206613851, -0.3785752421013321, -0.5738716617576374, 0.26045471260724296, 0.5289474519293961, 0.30854972363166133, 0.8521258053069491, 0.5025511637034887, 0.03831536380194277]], "inverted": false, "swapped": false, "error_lsq": 0.0448181095903828, "error_max": 0.25813654265582875, "target": "914.xyz", "model": "1.xyz", "model_rescale": 3.9405287249114394, "target_rescale": 3.7711820993372123},
{"mapping": [5, 11, 10, 6, 3, 9, 8, 2, 7, 4, 1, 0, 12], "R": [[0.3917423219143166, 0.13497829927878774, 0.9101202184024844], [-0.8557607675819154, 0.41678773908555705, 0.30653138373674016], [-0.33795186327166626, -0.8989264926965694, 0.2787825296525114]], "T": [0.008571601937466478, 0.07091411714822965, 0.1207397346595237], "aligned_model": [[0.32815034657073644, -0.2668314072226224, -0.2371377341720004, -0.45892043764038487, -0.3596300289632168, 0.25545422406408486, 0.33108865423455913, 0.6149989951483932, -0.5155470187763787, 0.23746109775626598, 0.302832904138617, -0.047528449318237576, 0.09457709869558009], [-0.5701469344850232, -0.463146782102034, 0.2419986222038306, -0.1470159294467724, 0.46716197032615847, -0.07109815202546893, 0.4912528679604919, -0.18698277966754256, 0.5065497616079737, 0.7260754294698206, 0.19889853984808759, -0.5859101218480611, 0.07380629779514505], [-0.001679358762376959, -0.26207409408070115, -0.6678312092579499, 0.29195124452922994, -0.06423290229754286, -0.633755191357929, -0.44493495600017297, 0.29366930095113747, 0.5262407948964866, 0.2210840191189619, 0.8447953995992665, 0.6387790107689029, 0.13926540674492108]], "inverted": true, "swapped": false, "error_lsq": 0.05217158136971163, "error_max": 0.3621814473982358, "target": "914.xyz", "model": "2.xyz", "model_rescale": 3.932901565614263, "target_rescale": 3.7711820993372123},
{"mapping": [12, 10, 11, 1, 3, 9, 8, 5, 0, 7, 4, 6, 13], "R": [[-0.5543255349006151, -0.5362101169114382, 0.6365547202550375], [-0.7943701795688642, 0.5691024921530002, -0.21236377100855752], [-0.24839327520864513, -0.6233787483922325, -0.7414173702335657]], "T": [-0.04696705735540273, 0.12041746319402533, 0.08129616907315677], "aligned_model": [[0.3256342967230692, -0.2660683911082505, -0.4109968940519112, -0.7390967669745271, -0.283970118240091, 0.6063203881068668, 0.1112119105502634, 0.5598692305669014, -0.3749876964397476, 0.4973316369462518, 0.21459486334378203, 0.03296097430888564, 0.006164810783902991], [-0.5156436761578136, -0.5070170006748482, 0.019811979105538863, -0.0652419765474071, 0.5543908322172219, 0.09195168146479027, 0.5270879873429546, -0.19651280703550036, 0.4584336355630234, 0.561943206384707, 0.21624799516184287, -0.48174060448538536, 0.01773153729748106], [-0.11801330913815362, -0.1860351598027063, -0.7280674778331415, 0.26906107103728183, -0.045912880098528494, -0.2536637572774009, -0.5089454970540681, 0.30062379872246703, 0.5578440225933637, 0.21744497306559957, 0.9093229049462769, 0.3938812486349126, 0.07373752705633069]], "inverted": false, "swapped": false, "error_lsq": 0.04533990272458234, "error_max": 0.2268471851410813, "target": "914.xyz", "model": "3.xyz", "model_rescale": 3.9243930471874484, "target_rescale": 3.7711820993372123},
{"mapping": [1, 9, 11, 8, 10, 5, 6, 0, 4, 3, 2, 7, 12], "R": [[0.21795256282928338, 0.8140363446337857, 0.538369306305079], [-0.45808157613055994, 0.5724190062074543, -0.6800718718945908], [-0.8617760439730786, -0.09839365298501263, 0.49765524119251026]], "T": [-0.07873819823545483, 0.06769940779227063, 0.009583330328154213], "aligned_model": [[0.25879654802688357, -0.43807246457104676, -0.2895535730489679, -0.6456613624184151, -0.5655999534428543, 0.571806896254574, 0.2611718532776477, 0.7309970120005479, -0.22678101840129025, 0.24948742827341772, 0.4105776682229564, -0.07112678156516819, 0.032925991907111374], [-0.5565141065474357, -0.42334773116576174, 0.1259160273600164, -0.12800345253814518, 0.570458217834098, -0.05890711808759991, 0.5469682190488787, -0.014905489599572719, 0.2301137833873822, 0.6038124803433349, 0.10262656225885075, -0.35409709899524794, 0.03732249633780755], [0.09075034064501185, -0.34740264157419853, -0.7508782297364294, 0.20098574746937398, -0.07601415655439629, -0.3570022223256188, -0.41027269043818965, 0.256215999679827, 0.5610107176036435, 0.2500081250299269, 0.7909696413334723, 0.6914546760454344, -0.01854784232562348]], "inverted": true, "swapped": false, "error_lsq": 0.04476096787494767, "error_max": 0.2567426634745399, "target": "914.xyz", "model": "4.xyz", "model_rescale": 3.8936222436046832, "target_rescale": 3.7711820993372123},
{"mapping": [6, 5, 2, 4, 1, 0, 7, 11, 8, 9, 3, 12], "R": [[-0.32566458615658583, 0.7592193693456057, 0.5634966961162422], [-0.8086811593046541, -0.5324614578387665, 0.25003915393773085], [0.48987484106569545, -0.3742602638895512, 0.7873702400803471]], "T": [-0.12261972564729873, 0.002152001846913429, -0.027347513350120624], "aligned_model": [[0.03474681893893239, -0.5324213013789885, -0.27418905940498217, 0.3740508603629451, -0.5630263018438766, -0.7004892495957509, -0.19321974971815292, -0.1982284687545991, 0.6715482630096739, 0.36321756816089806, 0.1798237253353927, -0.1342650628963947], [-0.5534301240369205, -0.4407892911186671, -0.029372458472875354, 0.020121730825328008, 0.4559084852744702, 0.08954641796236118, -0.4596335019041904, 0.43110040160733887, 0.12297020354887454, -0.5735631268443089, 0.6325816949857017, -0.026517526717304583], [-0.5374576206075616, -0.04197459689748909, -0.8369053600837398, -0.4762532021671283, -0.1347224511465875, 0.3813465960504795, 0.5524887372776941, 0.6665994440884649, 0.13467010138203148, 0.07199870407521336, -0.17465987317869436, 0.014154240482835707]], "inverted": false, "swapped": true, "error_lsq": 0.04077518703841499, "error_max": 0.25440213996914557, "target": "914.xyz", "model": "5.xyz", "model_rescale": 3.6523030999806103, "target_rescale": 3.7711820993372123},
{"mapping": [11, 3, 0, 2, 1, 7, 5, 9, 6, 8, 10, 4, 12], "R": [[-0.21454824756801488, -0.37848208238397174, -0.9004001126053829], [-0.9607297978438897, -0.08431547600344791, 0.264365572722983], [-0.17597529656270688, 0.9217603885070156, -0.3455292768768849]], "T": [0.04826623840707657, 0.10702813224050187, 0.12211212401197019], "aligned_model": [[0.4725768799556648, -0.2336002996951963, -0.3850352385760308, -0.6473579274394755, -0.54040140398623, 0.40534950063241026, 0.19483377294112536, 0.7281286522681216, -0.13547968220535633, 0.3662599457517085, 0.16346067426728544, -0.1599336889527153, 0.05016705955408404], [-0.6638321203059884, -0.3083651568388418, 0.12376609130675756, -0.073414938883922, 0.4183154891281924, -0.21701336476167835, 0.49542293898819334, 0.08123091703787153, 0.5111212625549029, 0.697570669545888, -0.08534067249150143, -0.38759340596863123, 0.08957508032536243], [0.13954639066030122, -0.35813819929251695, -0.7718304923059067, 0.3665685663132371, -0.07523390263773, -0.3619402613310661, -0.41786098818786704, 0.36662076820980616, 0.5970549003157133, 0.18410096485146235, 0.8693721367115805, 0.32492712866874085, 0.01809045287647884]], "inverted": false, "swapped": false, "error_lsq": 0.05277009568881329, "error_max": 0.37195623378749704, "target": "914.xyz", "model": "6.xyz", "model_rescale": 4.08911054899281, "target_rescale": 3.7711820993372123},
{"mapping": [1, 2, 3, 7, 4, 9, 8, 11, 5, 10, 12, 13, 14], "R": [[0.2634893771760254, 0.3921715275230042, -0.8813483086247254], [0.8398422691047356, -0.5427460357012891, 0.009576207785145785], [-0.47459278454312764, -0.7427167924120263, -0.4723700404648795]], "T": [-0.013639117015341536, 0.038759183069884795, 0.04694262650118208], "aligned_model": [[0.2880766855083408, -0.3938953679922759, -0.223789812224724, -0.6621419347582261, -0.35051139726325736, 0.5307068999087623, 0.2730380983421572, 0.5362976044668847, -0.4108850500896745, 0.3431762699442051, 0.1470142204527462, 0.07752989822347797, 0.12435212999698009], [-0.5905720233592019, -0.6703756695515711, 0.1985770930656112, -0.16063433112853143, 0.6157852124537257, -0.03093260176038254, 0.5563639438477834, -0.0005112939450812592, 0.5411628022457275, 0.5856409026029881, 0.10725875074440122, -0.4704705387733916, 0.0001505431945274735], [-0.1785698254330642, -0.004753482460394309, -0.69921175244019, 0.41973651917191207, -0.1775735598113939, -0.5128678565141198, -0.29224826237985563, 0.24833402392806864, 0.4596016887768645, 0.35170165093099026, 0.7379565427141381, 0.5648883991486926, -0.03571662077941523]], "inverted": true, "swapped": false, "error_lsq": 0.048126267573254604, "error_max": 0.2792775725179481, "target": "914.xyz", "model": "7.xyz", "model_rescale": 3.964800864290218, "target_rescale": 3.7711820993372123},
{"mapping": [6, 11, 10, 12, 8, 3, 5, 0, 7, 1, 2, 4, 13], "R": [[0.5639808388198334, 0.1728951196400345, 0.8074855361235491], [-0.2918365175007371, 0.9564677296170057, -0.0009639783882401803], [-0.7725005245934267, -0.23511010145450828, 0.5898865820621213]], "T": [0.03876598478845035, 0.03488906627901073, 0.07606677655492579], "aligned_model": [[0.25291902661396115, -0.42240779279809615, -0.1930865222245307, -0.6459853724842265, -0.40825738893472885, 0.6426335750001053, 0.12707974311605907, 0.7280728485807819, -0.2517868545713969, 0.2805645101490946, 0.23366375572406461, -0.05911683182944116, -0.005324451826250298], [-0.4927557094763015, -0.6196098604338229, 0.043842665984064486, -0.03711178402867167, 0.6238134456133713, -0.055140375082633336, 0.5611733901847316, 0.04502963520777024, 0.4559965323662083, 0.6784189447547442, -0.046490901789211087, -0.5578403818172497, 0.08211718815360516], [-0.03454646168329768, -0.1386032639537202, -0.7121579763241938, 0.38688246720899655, -0.1346362376097177, -0.3153426368250875, -0.5675916837091586, 0.27077832966188603, 0.5711432499479396, 0.376936615214138, 0.7037616765147997, 0.4423783250819866, 0.032275061327662655]], "inverted": true, "swapped": false, "error_lsq": 0.042666714282953086, "error_max": 0.20680155520011034, "target": "914.xyz", "model": "8.xyz", "model_rescale": 4.121658175737393, "target_rescale": 3.7711820993372123},
{"mapping": [4, 5, 10, 7, 11, 0, 3, 1, 8, 2, 6, 9, 12], "R": [[-0.32873802297897964, -0.2420210948361191, -0.9128839476637753], [0.7735689612748522, 0.48550065836757667, -0.4072838971489005], [0.5417770523010534, -0.8400683902986568, 0.02761748035222894]], "T": [-0.03632843392749799, 0.07324636951912758, 0.07728220254473192], "aligned_model": [[0.474342431126609, -0.1927124826516188, -0.2614715753785608, -0.6701608426241463, -0.5006875833450293, 0.5277563061044704, 0.05697480075335842, 0.6357700629162885, -0.17902894004030584, 0.42833896497491764, 0.10979118637402266, -0.19843169206814118, 0.04848760837353183], [-0.6517435361710567, -0.40332823017043473, 0.11423101823550008, -0.0472752496282762, 0.4830302150172824, -0.11972811450331575, 0.6822520567172469, 0.003292578710955202, 0.558135529798455, 0.5884521984893732, -0.0014451191751845283, -0.5836423968226381, 0.059211839138698014], [0.11890938057726963, -0.28346505872160377, -0.646673358952317, 0.2746192931209802, -0.062288048133825547, -0.4359365594872271, -0.41575995673625465, 0.21264022190605456, 0.6017556580465875, 0.10880383085342131, 0.7505223440793407, 0.5624723708180891, 0.09567734748171858]], "inverted": false, "swapped": false, "error_lsq": 0.03815959222103826, "error_max": 0.22476656269096523, "target": "914.xyz", "model": "9.xyz", "model_rescale": 3.833441315466971, "target_rescale": 3.7711820993372123},
{"mapping": [1, 5, 3, 2, 9, 6, 7, 12, 8, 11, 10, 0, 14], "R": [[0.6756630395227706, -0.05415156943020079, -0.7352190588872797], [0.3851621203088672, 0.8762910874058193, 0.2894202329007163], [0.6285933487573893, -0.47872908587360063, 0.6129346329231186]], "T": [0.07300162886655143, -0.008750387112322622, 0.04247210031904092], "aligned_model": [[0.42958970124167584, -0.2870097278354297, -0.38421651701463144, -0.6411632632891544, -0.522928553676921, 0.5261703977007947, 0.1281648244412766, 0.6600690573117298, -0.2571128142569984, 0.3904403182153451, 0.15526143637148787, 0.07424960965833168, 0.007453775647889543], [-0.6538598657980919, -0.5643148577864308, 0.2791379987276603, -0.02538078467064689, 0.535373722405164, -0.22663381748042516, 0.5904097121212541, -0.053867642850808126, 0.5353115322468689, 0.5592297315907309, 0.16733469915567284, -0.5072388678776071, 0.04594122985326389], [0.09030138071707122, -0.09600224184299139, -0.6375232629909265, -0.03716577770966939, -0.039419886518625435, -0.414030304679224, -0.2436715246705981, 0.17028573419338955, 0.4925614744672887, 0.24733386909534516, 0.8412095477841723, 0.5065094251022187, 0.0008890319047830247]], "inverted": false, "swapped": false, "error_lsq": 0.04143511477660071, "error_max": 0.2536056683264198, "target": "914.xyz", "model": "10.xyz", "model_rescale": 4.2482417240324, "target_rescale": 3.7711820993372123},
{"mapping": [9, 7, 11, 0, 4, 3, 8, 1, 5, 2, 6, 12], "R": [[0.12734888812341127, 0.9909054117878839, 0.04345947058139561], [0.9483524762588347, -0.13448067930915975, 0.2873021539534349], [0.29053371829697694, 0.004627286681333442, -0.9568535659914226]], "T": [0.039939995998545884, 0.06045286393147737, -0.045582472889800635], "aligned_model": [[-0.6468571403640728, -0.03530947914463641, 0.5516895410831059, 0.6311123339522732, -0.4372543374360304, 0.16784379201948857, -0.4247269096396012, 0.6155463390234949, 0.0627610930210564, -0.09016679044493447, -0.5599904156949003, 0.042117575987763736], [-0.25111835939578886, -0.6747676555789817, -0.20523673910047707, -0.33186886874071286, 0.5280450328803501, 0.638008042213291, 0.21349409239626688, 0.3132510705896819, -0.30692996134495165, 0.6030275524830365, 0.13130695609104556, 0.008920227557879863], [0.04709180970252244, 0.04512913936041854, 0.5364804355453906, -0.11769884167480597, 0.0009366768789556279, 0.3552731188074403, 0.6118462979653473, -0.1726756688381688, -0.5239728253028648, -0.6522420917921181, -0.5238201211697996, -0.041155639627960705]], "inverted": true, "swapped": true, "error_lsq": 0.03956200958103253, "error_max": 0.2331893555417866, "target": "914.xyz", "model": "11.xyz", "model_rescale": 3.6694154284099745, "target_rescale": 3.7711820993372123},
{"mapping": [0, 6, 7, 11, 9, 12, 10, 1, 8, 2, 3, 4, 13], "R": [[-0.5176137803014231, 0.3485784737505603, -0.7813891617368391], [-0.20752078202950475, 0.8348348370369759, 0.5098881444937791], [0.8300669246921799, 0.4260796199153112, -0.35978473845466413]], "T": [0.008939978547788201, -0.00381312872360845, -0.05632560896883036], "aligned_model": [[0.34882807054171966, -0.3060525474430179, -0.3345915250829014, -0.6588664473092674, -0.5761322265186848, 0.5754548773659651, 0.08745593141013973, 0.7097922577048711, -0.2053121827562864, 0.39984057529505235, 0.18697650187706108, -0.02883969905369434, 0.08041465848443924], [-0.6318854241468976, -0.45969619386988264, 0.16684567372766823, -0.04829530371814236, 0.5418571964945713, 0.11253700806368905, 0.551554420258231, -0.09077744907045332, 0.5167741697069992, 0.4332281376953712, 0.10200168214133196, -0.41844531820498565, -0.09425580944089527], [-0.02913846002114183, -0.16948555301458929, -0.6927429230235925, 0.2552583485752879, -0.12430117755806609, -0.4131056747700138, -0.35453848258843706, 0.41027570252578555, 0.4493251869371428, 0.23091162451917724, 0.7793508372504964, 0.5555007496955375, -0.01603271367535334]], "inverted": false, "swapped": false, "error_lsq": 0.03772502404767616, "error_max": 0.2123984343457411, "target": "914.xyz", "model": "12.xyz", "model_rescale": 3.9764082729961374, "target_rescale": 3.7711820993372123},
{"mapping": [0, 9, 5, 12, 13, 4, 6, 7, 11, 14, 8, 2, 15], "R": [[0.37411042811670103, -0.8737772946991398, 0.3107324039146731], [-0.2859567372973797, -0.427424911330931, -0.8576343565692688], [0.882196198115009, 0.231993931907709, -0.4097666208824545]], "T": [-0.04883822702070992, 0.05597769403067053, 0.10895858617174625], "aligned_model": [[0.2438808733277871, -0.2881462565552828, -0.11616671276146309, -0.6849000841817348, -0.39445101449729436, 0.4979610834137216, 0.071770785434892, 0.6262603730488938, -0.1106314926085559, 0.1574411861313597, 0.08451633289489605, 0.13960119293494647, 0.051831977933229814], [-0.5715272746822188, -0.42056277416852916, -0.16539908521127056, 0.031077620111407148, 0.5541115630293285, -0.019592771153451385, 0.5964892799405505, -0.26632056244289315, 0.5939784018824714, 0.8246810394745814, 0.015813658035168834, -0.5838943882281195, 0.09258808304958013], [-0.10935535299399674, -0.16878225649708006, -0.6968224650171237, 0.06402713691900687, 0.02592247429268335, -0.3505665390167614, -0.41731082896740346, 0.2157266196890515, 0.6897180281340461, 0.18211601906852565, 0.8019638157413477, 0.5463529359965877, 0.09828787750335033]], "inverted": true, "swapped": false, "error_lsq": 0.05542403294605617, "error_max": 0.42470551077133795, "target": "914.xyz", "model": "13.xyz", "model_rescale": 4.170626492500431, "target_rescale": 3.7711820993372123},
{"mapping": [8, 0, 1, 2, 3, 10, 9, 12, 6, 11, 5, 4, 13], "R": [[-0.4032956772486198, -0.3559708765293589, -0.8429930793164898], [0.8552795967875614, 0.18090156910112976, -0.4855630068442779], [0.32534505994633467, -0.9168202426646511, 0.23149780692016664]], "T": [-0.032520831958212634, -0.023451190364748714, 0.006189863943233689], "aligned_model": [[0.3806541447027482, -0.39156685420469384, -0.2836389939828635, -0.6265586525564905, -0.4585815082326449, 0.481546754032816, 0.26430550568584504, 0.5916136630314027, -0.24619071065929332, 0.23182224661986872, 0.3661491770361561, -0.028028539513021852, -0.0025579874444333177], [-0.6394707358199176, -0.3687399036451503, 0.1294104051056603, -0.18825097588703424, 0.5162662582857868, -0.009074670456032524, 0.515957352506863, -0.1600273392901327, 0.44866082086460624, 0.6169463587787327, 0.3061259718467835, -0.5387384777400399, 0.052377725086479754], [-0.030724240181685673, -0.322017486550363, -0.7040125517291919, 0.2361730494742667, -0.04529780627608989, -0.22587938796985363, -0.5203450234306412, 0.36327418016972696, 0.6687188812843058, 0.146451644161618, 0.7542947673045541, 0.49355211255408143, 0.06708932604150628]], "inverted": true, "swapped": false, "error_lsq": 0.042177107146510025, "error_max": 0.28495339431839867, "target": "914.xyz", "model": "14.xyz", "model_rescale": 3.9786697098870705, "target_rescale": 3.7711820993372123},
{"mapping": [5, 0, 9, 6, 10, 8, 1, 3, 4, 2, 11, 12], "R": [[0.14563499935685917, -0.9883044455058007, 0.04521913262988747], [0.17125102697084413, -0.019833926794030704, -0.9850277666692244], [0.974404193712116, 0.15119834106695995, 0.16635963733682635]], "T": [-0.020567018040322002, -0.053282144237662775, -0.044000650652634074], "aligned_model": [[-0.14414418420115432, -0.6984113601720976, 0.5489345924155136, 0.5774168219684087, 0.012197362843547749, 0.46478821708271906, -0.4999603569523778, 0.018614772657307384, 0.5695139906508221, 0.26163252675595366, -0.5899124927539273, -0.037315293527378904], [-0.48553956279175636, -0.10260329222813654, 0.10333183037583107, -0.5117508543694825, 0.6377490608113799, 0.5998546843715253, -0.23259496990311623, 0.2711335627150317, -0.04286833804666051, -0.7138984745521806, 0.5347621678092809, -0.04290132396727685], [-0.4467791011287077, -0.2600939590547279, -0.5220126118204671, -0.20484162304862047, -0.3536284992966415, 0.052912291756739616, 0.3425368158821784, 0.5914785439334358, 0.2725698082380318, 0.36010384422552294, -0.08040681664057356, -0.09187219917234035]], "inverted": true, "swapped": true, "error_lsq": 0.04696953630335391, "error_max": 0.24748368192843945, "target": "914.xyz", "model": "15.xyz", "model_rescale": 3.769337070930944, "target_rescale": 3.7711820993372123},
{"mapping": [5, 2, 7, 9, 0, 1, 11, 3, 10, 8, 12], "R": [[-0.2938812112761767, -0.8928643261943879, 0.34121419763586747], [0.7627986174313462, -0.003959048193019815, 0.6466239983036758], [-0.5759966170939494, 0.4503083620663145, 0.6822391634533151]], "T": [-0.07381329235175493, -0.06495348545641197, -0.06378430837485843], "aligned_model": [[-0.2743828355826149, -0.41135931622752653, -0.1489068076638379, -0.6772998470916933, 0.40880643345382583, 0.41090532291428344, 0.6165590968210314, 0.2439962436855423, 0.040082608637606654, -0.212656076278292, -0.07311869197715419], [0.07650965921645025, -0.7836740904558277, 0.6490376571943768, 0.338611960985958, 0.1915854070747043, -0.41523134368211256, 0.3458127383306875, -0.44668963044173093, 0.5434043661481385, 0.11327764365035456, -0.016579870395657094], [-0.6152444692992236, -0.28481447703313667, -0.2613138114620751, 0.16047974371872686, -0.5218976596511279, -0.29559363072389616, 0.0972525355246378, 0.4499171465648321, 0.3737033872133365, 0.7239376511529367, -0.08220880878123348]], "inverted": false, "swapped": true, "error_lsq": 0.04626607259481086, "error_max": 0.3041001423181616, "target": "914.xyz", "model": "16.xyz", "model_rescale": 3.7852294659196426, "target_rescale": 3.7711820993372123},
{"mapping": [9, 0, 3, 4, 1, 8, 2, 11, 5, 7, 6, 10, 12], "R": [[-0.8070582369111354, -0.3630062240793791, -0.46570750854320686], [0.28841071169507504, 0.4458768305444888, -0.8473565444151249], [0.5152438875071007, -0.8181811127514694, -0.25515368530228466]], "T": [0.0026725692583367995, 0.07294584255287466, 0.005041928096126316], "aligned_model": [[0.3645742676537659, -0.35253653793610445, -0.3204630810107838, -0.646811576715336, -0.3891603191178827, 0.4012267296552977, 0.264065185932682, 0.7268154264383409, -0.3820109571772182, 0.2862377798353956, 0.23156330292131536, 0.043254419950654474, 0.052213604085269455], [-0.7116840970982299, -0.44618362755496604, 0.17599036612423158, -0.0907217356070457, 0.6254403397183601, -0.22164631620446734, 0.5408636552509237, 0.09301370933321661, 0.36789195681244163, 0.6022280323959351, 0.17468013524612125, -0.43546394410021344, 0.007034315320297205], [-0.020351063327676736, -0.2596810198521045, -0.7143053794331786, 0.23562803582534197, -0.11934043574889718, -0.4175405519967332, -0.2895999588416972, 0.1197000178732554, 0.4491527078939948, 0.36681276722186906, 0.8563071051328783, 0.6288429200069181, 0.04565232009826351]], "inverted": true, "swapped": false, "error_lsq": 0.04106632092391341, "error_max": 0.22133305571633063, "target": "914.xyz", "model": "17.xyz", "model_rescale": 3.901054581598922, "target_rescale": 3.7711820993372123},
{"mapping": [1, 7, 11, 12, 9, 4, 10, 8, 13, 5, 2, 0, 14], "R": [[-0.7621077297574584, -0.6397619230134046, -0.09948110426670581], [-0.4789165230102636, 0.45363635123585266, 0.7515670461277435], [-0.4356957335477275, 0.6204181998455658, -0.6521123254997524]], "T": [0.03314739196597902, 0.014670326201328479, 0.04847387917424315], "aligned_model": [[0.30237226517320503, -0.3355761344268735, -0.48657457105109947, -0.7090186181972479, -0.22515254767828904, 0.697324269377367, 0.24315164059298655, 0.6592436057862688, -0.31378420323249057, 0.21380757263409614, 0.20459719385007877, 0.0449239451610441, -0.01634617347365005], [-0.6162104118388497, -0.5260200382148899, 0.1336176049187292, -0.008061239135048883, 0.6123157271157098, -0.030849926869419855, 0.5056265272719246, 0.07371191693888904, 0.43453436662098927, 0.5530089754234927, 0.10679333660156894, -0.5929312298935152, 0.03590718069702489], [-0.07478605532301832, -0.05817467782077992, -0.5452193201889256, 0.0739295931293848, -0.05296939206613851, -0.3785752421013321, -0.5738716617576374, 0.26045471260724296, 0.5289474519293961, 0.30854972363166133, 0.8521258053069491, 0.5025511637034887, 0.03831536380194277]], "inverted": false, "swapped": false, "error_lsq": 0.0448181095903828, "error_max": 0.25813654265582875, "target": "914.xyz", "model": "18.xyz", "model_rescale": 3.9405287249114394, "target_rescale": 3.7711820993372123},
{"mapping": [5, 8, 4, 1, 12, 9, 13, 11, 3, 14, 10, 2, 15], "R": [[0.571615541570862, 0.7694557607396941, 0.28494474007980686], [-0.24542291608983668, -0.17104156561548486, 0.954207721143444], [0.7829580224332662, -0.6153719323273547, 0.09107205944243585]], "T": [-0.06916149505518243, 0.0759009734124167, -0.05908120048898792], "aligned_model": [[0.280200044420452, -0.17246852957285208, -0.4750132840097139, -0.6148675638205564, -0.35230598990990036, 0.5513243032392982, 0.3995532261810678, 0.6218917963176054, -0.3968475875342585, 0.25667418495214034, 0.24735033984939453, -0.007087602325238071, -0.059435093272042466], [-0.667789678525937, -0.6014859505832122, 0.22120980184186007, -0.04826510690408603, 0.5448987489801976, -0.22225324242040362, 0.4944605657901424, 0.07978437052029805, 0.4749632956647855, 0.683820542422271, 0.12778337620836772, -0.4645472127765032, 0.05886327941882455], [0.0679360098157142, -0.3796225665478195, -0.6497034980692158, 0.29064311235030454, -0.062137956176424834, -0.39836174023819326, -0.29666113040097203, 0.14498611587881133, 0.6182663341107225, 0.29306063077396244, 0.6585764557733713, 0.61870038151181, -0.024404683929836746]], "inverted": false, "swapped": false, "error_lsq": 0.04397088730364478, "error_max": 0.3158923352105883, "target": "914.xyz", "model": "19.xyz", "model_rescale": 4.410303926677745, "target_rescale": 3.7711820993372123},
{"mapping": [6, 11, 10, 12, 8, 3, 5, 0, 7, 1, 2, 4, 13], "R": [[0.5639808388198334, 0.1728951196400345, 0.8074855361235491], [-0.2918365175007371, 0.9564677296170057, -0.0009639783882401803], [-0.7725005245934267, -0.23511010145450828, 0.5898865820621213]], "T": [0.03876598478845035, 0.03488906627901073, 0.07606677655492579], "aligned_model": [[0.25291902661396115, -0.42240779279809615, -0.1930865222245307, -0.6459853724842265, -0.40825738893472885, 0.6426335750001053, 0.12707974311605907, 0.7280728485807819, -0.2517868545713969, 0.2805645101490946, 0.23366375572406461, -0.05911683182944116, -0.005324451826250298], [-0.4927557094763015, -0.6196098604338229, 0.043842665984064486, -0.03711178402867167, 0.6238134456133713, -0.055140375082633336, 0.5611733901847316, 0.04502963520777024, 0.4559965323662083, 0.6784189447547442, -0.046490901789211087, -0.5578403818172497, 0.08211718815360516], [-0.03454646168329768, -0.1386032639537202, -0.7121579763241938, 0.38688246720899655, -0.1346362376097177, -0.3153426368250875, -0.5675916837091586, 0.27077832966188603, 0.5711432499479396, 0.376936615214138, 0.7037616765147997, 0.4423783250819866, 0.032275061327662655]], "inverted": true, "swapped": false, "error_lsq": 0.042666714282953086, "error_max": 0.20680155520011034, "target": "914.xyz", "model": "20.xyz", "model_rescale": 4.121658175737393, "target_rescale": 3.7711820993372123},
{"mapping": [11, 3, 0, 2, 1, 7, 5, 9, 6, 8, 10, 4, 12], "R": [[-0.21454824756801488, -0.37848208238397174, -0.9004001126053829], [-0.9607297978438897, -0.08431547600344791, 0.264365572722983], [-0.17597529656270688, 0.9217603885070156, -0.3455292768768849]], "T": [0.04826623840707657, 0.10702813224050187, 0.12211212401197019], "aligned_model": [[0.4725768799556648, -0.2336002996951963, -0.3850352385760308, -0.6473579274394755, -0.54040140398623, 0.40534950063241026, 0.19483377294112536, 0.7281286522681216, -0.13547968220535633, 0.3662599457517085, 0.16346067426728544, -0.1599336889527153, 0.05016705955408404], [-0.6638321203059884, -0.3083651568388418, 0.12376609130675756, -0.073414938883922, 0.4183154891281924, -0.21701336476167835, 0.49542293898819334, 0.08123091703787153, 0.5111212625549029, 0.697570669545888, -0.08534067249150143, -0.38759340596863123, 0.08957508032536243], [0.13954639066030122, -0.35813819929251695, -0.7718304923059067, 0.3665685663132371, -0.07523390263773, -0.3619402613310661, -0.41786098818786704, 0.36662076820980616, 0.5970549003157133, 0.18410096485146235, 0.8693721367115805, 0.32492712866874085, 0.01809045287647884]], "inverted": false, "swapped": false, "error_lsq": 0.05277009568881329, "error_max": 0.37195623378749704, "target": "914.xyz", "model": "21.xyz", "model_rescale": 4.08911054899281, "target_rescale": 3.7711820993372123},
{"mapping": [10, 9, 3, 15, 2, 7, 4, 6, 1, 0, 8, 5, 16], "R": [[0.10206877071457687, -0.020002101748624906, -0.9945762323575066], [-0.31228260403653396, -0.9499010555561112, -0.012944491861302282], [-0.9444900959041215, 0.311910084125255, -0.10320154146135557]], "T": [-0.03848125930720296, 0.0005444741082878124, 0.03302103505098216], "aligned_model": [[0.4413163336984847, -0.23682268182503574, -0.34687360806564815, -0.7531497295811599, -0.4639433526098573, 0.6051418478544097, 0.0019908162196400556, 0.6276799072084526, -0.20225333055579403, 0.4825265067206517, 0.11854437048443524, 0.015820849303885373, -0.011009684337068067], [-0.6476029826892163, -0.6785033492610024, 0.24702623748712546, 0.07797285363372909, 0.5796140446347958, -0.0917254526916986, 0.5950319369066375, 0.020614395045058916, 0.552465445965121, 0.5733437802536642, 0.011444123077493696, -0.5888083864595295, 0.030570143734426427], [0.004132400472438132, -0.05125437805124045, -0.7405548971259346, 0.15451523875848397, -0.03708081247118936, -0.25513125896277394, -0.32924799970894525, 0.3667733789400726, 0.5794277798570786, 0.05607013041964847, 0.7082885133889817, 0.4170048116471924, 0.008334557688421482]], "inverted": false, "swapped": false, "error_lsq": 0.04083151445333238, "error_max": 0.22391142829379918, "target": "914.xyz", "model": "22.xyz", "model_rescale": 4.204369325754507, "target_rescale": 3.7711820993372123},
{"mapping": [5, 8, 4, 1, 12, 9, 13, 11, 3, 14, 10, 2, 15], "R": [[0.571615541570862, 0.7694557607396941, 0.28494474007980686], [-0.24542291608983668, -0.17104156561548486, 0.954207721143444], [0.7829580224332662, -0.6153719323273547, 0.09107205944243585]], "T": [-0.06916149505518243, 0.0759009734124167, -0.05908120048898792], "aligned_model": [[0.280200044420452, -0.17246852957285208, -0.4750132840097139, -0.6148675638205564, -0.35230598990990036, 0.5513243032392982, 0.3995532261810678, 0.6218917963176054, -0.3968475875342585, 0.25667418495214034, 0.24735033984939453, -0.007087602325238071, -0.059435093272042466], [-0.667789678525937, -0.6014859505832122, 0.22120980184186007, -0.04826510690408603, 0.5448987489801976, -0.22225324242040362, 0.4944605657901424, 0.07978437052029805, 0.4749632956647855, 0.683820542422271, 0.12778337620836772, -0.4645472127765032, 0.05886327941882455], [0.0679360098157142, -0.3796225665478195, -0.6497034980692158, 0.29064311235030454, -0.062137956176424834, -0.39836174023819326, -0.29666113040097203, 0.14498611587881133, 0.6182663341107225, 0.29306063077396244, 0.6585764557733713, 0.61870038151181, -0.024404683929836746]], "inverted": false, "swapped": false, "error_lsq": 0.04397088730364478, "error_max": 0.3158923352105883, "target": "914.xyz", "model": "23.xyz", "model_rescale": 4.410303926677745, "target_rescale": 3.7711820993372123},
{"mapping": [8, 10, 1, 11, 7, 4, 0, 5, 13, 12, 6, 15, 16], "R": [[0.9375105804233552, 0.347542328542607, -0.01697767550184215], [0.2604579124087123, -0.6685698435229042, 0.6965457918869761], [0.2307283845953046, -0.657441019562167, -0.7173114514205801]], "T": [-0.04491671327368715, -0.0020470918448175918, 0.0839000273942788], "aligned_model": [[0.2427485353721672, -0.20194496901587092, -0.46008900755563265, -0.6650824540818824, -0.3982776330069512, 0.4749980176301173, 0.2572292900058122, 0.5615240278315003, -0.24326416630143552, 0.34822854615378696, 0.19880639006824438, 0.18691301536723878, -0.022821347951698472], [-0.7582417840259463, -0.4833875344091796, 0.21588064975922638, -0.12704240612384735, 0.5438138234908376, -0.30482532253130895, 0.5772253174491486, 0.05226866551236579, 0.4663226567808212, 0.6719632071906948, 0.22539312129269684, -0.41365438882571787, 0.015726784076814083], [-0.06144425179503128, -0.32529118894122144, -0.6347617950718679, 0.061716431047620736, -0.05431291771753062, -0.2506121377099705, -0.2949628496722869, 0.24163860688084204, 0.5691573717785733, 0.2770910120893743, 0.7671043073173025, 0.6188286215310108, -0.03287374488458164]], "inverted": true, "swapped": false, "error_lsq": 0.04298213948467088, "error_max": 0.2566063179581377, "target": "914.xyz", "model": "24.xyz", "model_rescale": 4.28219845311461, "target_rescale": 3.7711820993372123},
{"mapping": [5, 9, 4, 13, 2, 1, 0, 8, 14, 6, 10, 11, 15], "R": [[0.9357809715702629, 0.21065797514241658, 0.28273165856676236], [0.06443659953244292, -0.8905638847859354, 0.4502709092931488], [0.34664376222241594, -0.4031366823099585, -0.8469468209329374]], "T": [-0.11393009327703682, -0.05162266977839193, -0.004363404835975235], "aligned_model": [[0.5117596171127992, -0.2854432196050375, -0.25386580784543433, -0.7023530226373123, -0.36828298310644725, 0.4086914258124663, 0.17434075846928818, 0.553035918047901, -0.26475848479951836, 0.38201641136287434, 0.29186048425155675, -0.07522694927717768, -0.09280590327056282], [-0.6198282867809161, -0.7048189797670277, 0.1971871051100202, 0.026199630804620636, 0.5830034212651941, -0.11659155836271683, 0.6104179162488304, -0.015313342583012202, 0.30935018424567995, 0.6512775871240573, 0.07134431437543141, -0.319412328260296, 0.008627126216740319], [0.10020926861749273, -0.032497227777319324, -0.6775351992049325, 0.02050831951205076, 0.03216543842637583, -0.368400752023553, -0.3840426780679846, 0.18480326618391074, 0.6491609021818175, 0.2642728331196423, 0.6663958268000881, 0.46814885606660267, -0.04191138898195782]], "inverted": true, "swapped": false, "error_lsq": 0.046874251863398046, "error_max": 0.2831531575148225, "target": "914.xyz", "model": "25.xyz", "model_rescale": 4.100010024507729, "target_rescale": 3.7711820993372123},
{"mapping": [9, 7, 11, 0, 4, 3, 8, 1, 5, 2, 6, 12], "R": [[0.12734888812341127, 0.9909054117878839, 0.04345947058139561], [0.9483524762588347, -0.13448067930915975, 0.2873021539534349], [0.29053371829697694, 0.004627286681333442, -0.9568535659914226]], "T": [0.039939995998545884, 0.06045286393147737, -0.045582472889800635], "aligned_model": [[-0.6468571403640728, -0.03530947914463641, 0.5516895410831059, 0.6311123339522732, -0.4372543374360304, 0.16784379201948857, -0.4247269096396012, 0.6155463390234949, 0.0627610930210564, -0.09016679044493447, -0.5599904156949003, 0.042117575987763736], [-0.25111835939578886, -0.6747676555789817, -0.20523673910047707, -0.33186886874071286, 0.5280450328803501, 0.638008042213291, 0.21349409239626688, 0.3132510705896819, -0.30692996134495165, 0.6030275524830365, 0.13130695609104556, 0.008920227557879863], [0.04709180970252244, 0.04512913936041854, 0.5364804355453906, -0.11769884167480597, 0.0009366768789556279, 0.3552731188074403, 0.6118462979653473, -0.1726756688381688, -0.5239728253028648, -0.6522420917921181, -0.5238201211697996, -0.041155639627960705]], "inverted": true, "swapped": true, "error_lsq": 0.03956200958103253, "error_max": 0.2331893555417866, "target": "914.xyz", "model": "26.xyz", "model_rescale": 3.6694154284099745, "target_rescale": 3.7711820993372123},
{"mapping": [2, 6, 1, 3, 7, 0, 5, 4, 9, 8, 10, 11, 13], "R": [[0.9757916134439386, -0.14217956812086002, -0.16617971459068376], [-0.06537324440110144, -0.9147254475529538, 0.3987526733647343], [-0.2087032966892216, -0.37823580741121576, -0.9018761599815337]], "T": [0.010915566672918745, 0.0754248082463328, 0.11293086667182031], "aligned_model": [[0.27402055069268944, -0.33410102408190406, -0.20912695079570134, -0.7950426231694919, -0.38518111619087697, 0.42133477132942426, 0.17914520152952748, 0.8298761195692868, -0.3429899592902872, 0.2664227009157005, 0.35392164443134017, -0.013872512392850997, 0.03456144196853996], [-0.5502498692491067, -0.3932313004566253, 0.013912269207439765, 0.1275956195632037, 0.5406469953190556, -0.08267636287979815, 0.5399801687120116, 0.11924680074109711, 0.2307914665039334, 0.6053352114365135, 0.04421179164611655, -0.5376401028443628, 0.023520101937126593], [0.07502820808146721, -0.251095829716936, -0.7399724993332683, 0.08967526506646831, -0.03807992498895449, -0.3805196772237245, -0.5050218877841863, 0.1669106393870728, 0.6746030269797043, 0.3624669589949761, 0.6061481596656236, 0.7126911814399607, 0.10844384428403016]], "inverted": true, "swapped": false, "error_lsq": 0.0483150499792032, "error_max": 0.265076703354203, "target": "914.xyz", "model": "27.xyz", "model_rescale": 4.103607728864725, "target_rescale": 3.7711820993372123},
{"mapping": [6, 5, 3, 1, 2, 10, 12, 11, 4, 13, 8, 7, 14], "R": [[0.04557224090386203, -0.4520350112224437, 0.8908352931311857], [0.706282517857692, -0.616070920963515, -0.34874292152209396], [0.70646172991012, 0.6450743902623105, 0.29118869346200427]], "T": [0.1241746876541569, -0.01903805044096299, -0.07297633939711108], "aligned_model": [[0.41335161350447647, -0.17063990673774898, -0.25970715430327346, -0.7054791556566531, -0.3903315493639396, 0.4346447780842863, 0.11835722724710884, 0.6819611125117941, -0.23619086897454078, 0.3935184597335366, 0.05851153326741265, -0.029186249521714308, -0.029841595275348964], [-0.5811095004216972, -0.6797158534201903, 0.2608874557916784, -0.10641199711773108, 0.5061683540599674, -0.07846148055915299, 0.7820945725850799, -0.13644632878486587, 0.5950150797109811, 0.4774908531689738, 0.06919323571815489, -0.4203933609832996, -0.006868240111293], [-0.031507634037728535, 0.03532696602772836, -0.6541882585303811, 0.2539810367187914, -0.10058559459830398, -0.47279186586781746, -0.3819201766921129, 0.31062610308747923, 0.487991312148685, 0.24449100266450374, 0.7395404709553334, 0.506226201353002, -0.05591209837694548]], "inverted": false, "swapped": false, "error_lsq": 0.042899292893160114, "error_max": 0.31089117977438946, "target": "914.xyz", "model": "28.xyz", "model_rescale": 4.137296879288765, "target_rescale": 3.7711820993372123},
