[{"mapping": [3, 11, 4, 0, 2, 12, 8, 13, 7, 10, 6, 14], "R": [[-0.0553258959797312, -0.5382580169915371, 0.8409621587077379], [0.2160396394503482, -0.8287535848801217, -0.5162309267513046], [0.9748158387204241, 0.1531202230036432, 0.16213660255201795]], "T": [-0.21479117436225031, -0.10178627486061297, 0.025343344861100535], "aligned_model": [[-0.3258563518852583, 0.2372433943483901, 0.4605984945015454, -0.13695862685815252, -0.00022916955237675674, -0.47104486116094496, 0.46020263587913407, -0.5706346217502732, 0.4685085378823189, 0.32682796263710917, -0.5192646588388037, -0.09175027274213914], [-0.18388679464085528, -0.6447958553253613, -0.2854974509374025, 0.5600843261971643, 0.34592161450956666, -0.7513123352758297, -0.21400832027929134, -0.5349551985785067, 0.21990652986910064, 0.4545616541712104, 0.19667499358457252, -0.10913812731731064], [-0.4873015544537381, 0.010502989371144751, -0.6085136170791595, -0.112825273127, -0.6597840167049317, 0.007538577794098333, 0.44659762446513057, 0.5652222219770642, -0.10074478588264243, 0.5419622426041762, 0.4597569039377799, 0.11954043245163998]], "inverted": false, "swapped": true, "error_lsq": 0.049295408572858045, "error_max": 0.30109030216656, "target": "915.xyz", "model": "0.xyz", "model_rescale": 3.751011558992144, "target_rescale": 3.9668366237281325},
{"mapping": [0, 2, 3, 13, 12, 5, 8, 7, 6, 4, 1, 11, 9, 10, 14], "R": [[0.34294596536998, 0.9390868746395058, -0.022447866630433466], [0.36724863543554115, -0.15603435882118147, -0.9169415022988086], [-0.8645903680976244, 0.30621744030519893, -0.3983897270836016]], "T": [0.06927181937017793, -0.07169748778810248, 0.05532141077195017], "aligned_model": [[0.024838242216410164, -0.16576650986634262, -0.5262312730185905, -0.5470601883605889, -0.5747655371786076, -0.02368238718853917, 0.49827160807634185, -0.06762926488835228, 0.32449128804524163, 0.842810532641398, 0.5104818196242591, -0.14089433103994414, -0.2537723778372222, 0.40834271586385273, 0.026060019305228027], [-0.7941502754710379, -0.24440923330945324, -0.5101607180358645, 0.12648731133328456, -0.16758755466996073, 0.3594129582752972, -0.03313744715271136, -0.5740554100341477, -0.24349892074158735, 0.09039050621215558, -0.5961142948109335, 0.19597095474910575, 0.4992418384759082, 0.6187026542596947, -0.052755472658177975], [-0.17181763318562437, -0.7184135171825667, -0.13581192538081777, -0.2738591475001873, 0.4130868122856466, -0.3869334317947267, -0.4495454594979622, 0.4658961723960901, 0.7402104789534245, 0.08596959475543325, 0.18183740827269645, 0.7770656750499362, 0.11745315555767034, 0.33963166232862185, 0.08320963124820137]], "inverted": true, "swapped": false, "error_lsq": 0.04324681967891729, "error_max": 0.3309969958371972, "target": "915.xyz", "model": "1.xyz", "model_rescale": 3.9405287249114394, "target_rescale": 3.9668366237281325},
{"mapping": [13, 6, 5, 7, 0, 12, 8, 10, 2, 3, 4, 11, 14], "R": [[0.4263695566976812, -0.9042906634431228, -0.021619369348330378], [0.9044143295631294, 0.42659677209529745, -0.0070650207889147686], [0.015611585515180942, -0.0165405576529184, 0.9997413107150432]], "T": [-0.1115008635354811, 0.01392774135469163, -0.10782408971636452], "aligned_model": [[-0.491463402385536, 0.12639949070491746, -0.4417264725578532, 0.43235233633167575, 0.4497029709335884, -0.7842545936702635, 0.2084404715594193, 0.7452847625886273, 0.17824407360565825, -0.37122048843340194, -0.14108582925779206, -0.37744797253386475, -0.03724206760124406], [0.6931078055316772, 0.4656441838852974, 0.1394944090496634, -0.3501808909498366, -0.24124638333479578, 0.17062970368561975, 0.2369174712331643, 0.2619072785329898, -0.7645268203436755, -0.42653310356892404, -0.7500874178623581, -0.04530983512578183, 0.06901619283897725], [-0.09933957587814923, -0.439266466036378, -0.48434239073876617, 0.28958196831296634, -0.39619466251891255, -0.004315739917336511, 0.5947274898087708, 0.16456154355961466, -0.2688677994688601, -0.25072518254627235, 0.4463250016961869, 0.5442326077303428, 0.016743555585437386]], "inverted": false, "swapped": true, "error_lsq": 0.04708559869293262, "error_max": 0.37383623105731306, "target": "915.xyz", "model": "2.xyz", "model_rescale": 3.932901565614263, "target_rescale": 3.9668366237281325},
{"mapping": [10, 8, 9, 7, 6, 5, 13, 1, 2, 3, 11, 4, 12, 14], "R": [[0.03466226953277825, -0.4847442487486726, -0.8739688440533347], [0.45608263842233665, 0.7857947695235368, -0.4177501730929287], [0.8892621402042017, -0.38412184719765274, 0.24832086602802023]], "T": [-0.029780113197739665, -0.16552402433570787, 0.0801670268539702], "aligned_model": [[-0.15656460688352392, 0.4647810184485131, 0.20261351291278712, -0.004293708255282757, -0.35237261921545043, -0.17840917396755995, 0.271874265553837, -0.7250941912376205, -0.43764527365760586, -0.10537743608423288, 0.649874984827429, 0.3343031301199823, 0.4038534707629071, 0.052266538728524436], [0.19816134718284142, 0.12687234964368624, -0.4162276295823236, 0.5518912838646048, -0.5243420057332197, -0.5867002450161857, -0.864439006848936, -0.24314860801605526, 0.4975512821220286, -0.02711325739371065, 0.02024110953456401, 0.6276794900257163, -0.5804660644419202, -0.11646340699060188], [-0.7692021719703421, -0.48159737836882804, -0.5818008484661756, -0.18619493140169208, -0.2908883640351782, 0.3392074972886157, -0.08185630627567192, 0.2966891280435603, 0.41161213321065243, 0.5871268538292913, 0.13471200557376758, 0.44064896255052494, 0.4374513437511503, -0.04201156067257729]], "inverted": true, "swapped": true, "error_lsq": 0.04679312773611336, "error_max": 0.2977401859876622, "target": "915.xyz", "model": "3.xyz", "model_rescale": 3.9243930471874484, "target_rescale": 3.9668366237281325},
{"mapping": [5, 3, 1, 6, 0, 12, 9, 2, 7, 4, 10, 8, 14], "R": [[-0.2406196467057862, 0.6559543424535149, 0.7154202165409917], [0.5891942603421053, 0.6844500975952863, -0.42939281256411654], [-0.7713315170528832, 0.3182011384614768, -0.5511766742912094]], "T": [-0.06666612510820936, -0.19232618735187304, -0.165495782913766], "aligned_model": [[-0.04491056404373607, -0.12609275903228823, 0.5242572381364559, 0.3089373345337947, 0.54910556430246, -0.6266279529457449, -0.12375163735705692, 0.29673351589926733, 0.06251634028686974, -0.43229448501179646, 0.33769409314851806, -0.3440858054320998, -0.10427499617329056], [-0.5770812120165076, 0.017585354510245926, -0.2798676236463441, -0.6240111405198379, 0.09568665171677568, -0.518549384012416, -0.5268643292339731, 0.4865337309746536, 0.4755008368330905, 0.6686550204101515, 0.026991355385252463, 0.04082716429134914, -0.1575768710108523], [-0.5091121947061864, -0.6495271678191723, -0.5891880522775891, 0.04203376711273052, -0.13240505846945672, -0.426049505228701, 0.4977432682688956, -0.5161646037178182, 0.18607487923758148, -0.2947355273365218, 0.6457760719821874, 0.5516816254123513, -0.019057187087336225]], "inverted": true, "swapped": true, "error_lsq": 0.05177373150682189, "error_max": 0.3571936787198084, "target": "915.xyz", "model": "4.xyz", "model_rescale": 3.8936222436046832, "target_rescale": 3.9668366237281325},
{"mapping": [10, 8, 7, 0, 4, 11, 12, 3, 1, 6, 2, 14], "R": [[0.18478607644411055, -0.18768680468380505, -0.9646905044105983], [-0.9579646970241082, -0.25358296712106343, -0.13416153711696402], [-0.21944873024900413, 0.9489306308332877, -0.22665593453170152]], "T": [-0.012621173537402719, -0.1268866918140544, 0.16363192347771377], "aligned_model": [[-0.01962185869519062, -0.5788689008639392, -0.2811994676112875, 0.3909839083679449, -0.6234352588412668, -0.7147840471200568, -0.27833635101272625, 0.013035828111349762, 0.668373145791189, 0.4115363345596574, 0.1467038451960247, -0.10683913566660132], [-0.5587861429968838, -0.5021710814395642, 0.07419465025311131, 0.06443597418456187, 0.541903399985124, -0.11681757684533578, -0.1758910828750569, 0.36843379427184764, 0.14256459551736253, -0.5605940670761859, 0.6033079655132035, -0.2116575233823772], [-0.6629170754827183, -0.26554256041873725, -0.524637622490769, -0.3499045799255615, -0.10339170006382087, 0.2428834460049256, 0.8077290271839355, 0.3530523451062857, 0.1670676494828251, 0.1137651731424873, -0.23299133667615984, 0.07417195341282591]], "inverted": false, "swapped": true, "error_lsq": 0.04390779574979584, "error_max": 0.22897381785710486, "target": "915.xyz", "model": "5.xyz", "model_rescale": 3.6523030999806103, "target_rescale": 3.9668366237281325},
{"mapping": [1, 6, 10, 0, 7, 5, 9, 3, 13, 11, 8, 4, 14], "R": [[0.5462004591044899, 0.837052984387561, -0.03173893195937483], [-0.6455897836031504, 0.39651749747641096, -0.6526773364398997], [-0.5337404704360369, 0.37698299102601673, 0.7569708942197158]], "T": [0.01903802605192071, -0.18686975051788787, 0.00884274774915346], "aligned_model": [[0.23113403967846735, -0.2532778681399003, 0.2664403939541947, 0.5193010089711292, 0.6283634733935245, -0.2746365858414373, -0.39855730399869815, 0.2527785386373563, -0.7576944330356563, -0.04556367041092118, 0.02268335102682807, 0.6744908106715239, 0.015621149757884497], [-0.649156510479633, -0.07596594982944121, 0.628060551093286, -0.13669556157412435, 0.26676068816915555, -0.5919646756995578, 0.4113179540610402, -0.6240841451069662, -0.138118526587804, 0.06034515422737943, 0.5729643297074366, -0.14773264204856554, -0.03490376176902285], [0.5357917927082951, 0.541799380679298, 0.3889086171448006, 0.4675808687691029, -0.08720358690962764, 0.13626054798269477, 0.15999225488307112, -0.1811301654261931, 0.002591136357775709, -0.6500398697350961, -0.25250851312556777, -0.6697776049508439, -0.0221551188959202]], "inverted": true, "swapped": true, "error_lsq": 0.042953590860949326, "error_max": 0.22903545017179025, "target": "915.xyz", "model": "6.xyz", "model_rescale": 4.08911054899281, "target_rescale": 3.9668366237281325},
{"mapping": [1, 0, 2, 6, 7, 3, 9, 13, 12, 10, 11, 5, 4, 8, 14], "R": [[0.5219731063353915, 0.17559621490882982, -0.8346915870980576], [0.8349568991788132, -0.30519286569586823, 0.4579348111271355], [-0.17433029792977356, -0.935961155197178, -0.3059177392464853]], "T": [0.04526744115557489, -0.08848958211874304, 0.12533723398982838], "aligned_model": [[0.11498474527254347, -0.3562752971407189, -0.5514035095451305, -0.39041893827699803, -0.6264513778912595, -0.11119727170823197, 0.525682101107091, -0.031118296923454206, 0.23071717693011756, 0.5695729887009071, 0.5534284210640877, -0.15395422918883794, -0.08235903122108947, 0.483295520113921, 0.16099135510159626], [-0.6412796266815673, -0.12118935922877207, -0.5710539154940821, 0.03415041587928096, -0.20939532969018637, 0.40243546713682177, -0.09826663468894527, -0.7596902005893114, -0.3441998860397797, 0.1621605962338719, -0.3672107513541173, 0.3104652613088029, 0.6030608880088228, 0.4064296703671403, -0.13207969874640657], [-0.3516415108136357, -0.7245747243931311, -0.12216020849228237, -0.0850903690508758, 0.49066529598338415, -0.47546458517156626, -0.4940685067443846, 0.4073823919600939, 0.764260198032412, 0.5514276931730575, 0.218170370722584, 0.7431130740436562, 0.1734924052312035, -0.04299371636648422, 0.015461668191803696]], "inverted": true, "swapped": false, "error_lsq": 0.048650890594436724, "error_max": 0.3323471730364844, "target": "915.xyz", "model": "7.xyz", "model_rescale": 3.964800864290218, "target_rescale": 3.9668366237281325},
{"mapping": [12, 9, 11, 5, 4, 6, 3, 8, 10, 0, 1, 2, 7, 14], "R": [[0.23328096068231186, -0.47926889019878127, 0.8460977037380296], [-0.9701407980719291, -0.17410817290948633, 0.1688584497218932], [0.06638392350184175, -0.8602253629216876, -0.5055744254674603]], "T": [-0.11027922689349862, -0.05870256676276885, -0.01618247130934085], "aligned_model": [[-0.3676189545135135, 0.2476141994047616, 0.3119444852410868, -0.6029792664751044, 0.3492308086729066, -0.2718088120437937, -0.366695893487842, 0.6568772831005325, 0.564290134552005, -0.0689037067114629, -0.6359610201729187, -0.09970019146354275, 0.5101260789141466, 0.03477274444361128], [-0.01700448738920221, -0.698174528587925, 0.16892740287994032, -0.1514883071355739, 0.7637483863693643, -0.6028366021743297, 0.40611781947820313, -0.24433537028844196, -0.47498584303823976, -0.006523242697785113, -0.013219338066539153, 0.5825683151170333, 0.20914409702854048, -0.11098983531384268], [-0.6641829340034332, -0.15052706014080963, -0.5351493544230275, -0.13954960337767813, -0.08021844658424125, 0.20364636312503104, -0.02474187709263903, -0.16677115234420842, 0.4751766679152851, 0.6611553686657266, 0.4917141633885586, 0.5356675533724004, 0.3438708515532866, -0.0332755013292297]], "inverted": false, "swapped": true, "error_lsq": 0.04803546412286278, "error_max": 0.3092490087704796, "target": "915.xyz", "model": "8.xyz", "model_rescale": 4.121658175737393, "target_rescale": 3.9668366237281325},
{"mapping": [7, 8, 11, 4, 10, 0, 9, 5, 12, 6, 2, 3, 14], "R": [[0.27232271256834123, -0.957087583374346, -0.0991145699182234], [0.9618407748922151, 0.27360905764862337, 0.0006382220422527299], [0.026507809682497798, -0.09550623709101982, 0.9950758235946394]], "T": [0.07675998063623207, -0.05201165814872112, 0.10242356588412671], "aligned_model": [[-0.48558132713002794, -0.1465044968909316, 0.3803443470385244, 0.02641151802711323, -0.7045740014557194, -0.53925993118934, -0.033447373807742195, 0.392121663614423, 0.772027095934096, -0.11059709088893244, -0.3465596506253527, 0.24992065608510225, 0.022436087723984886], [0.2143371464113522, -0.3318785488211067, 0.04243692969020517, 0.7004257496344979, -0.4390720443582414, 0.11166950093763105, -0.7357614452113751, -0.11799237434421897, -0.09833601277498573, -0.5326929718324386, 0.670687407482347, 0.426392496955425, -0.11982839435738227], [-0.34379783877053977, -0.6169463639897438, -0.5287110383552035, -0.46588852170944917, -0.22844024153951809, 0.3410636953403119, -0.1721690975549277, 0.5058780563715966, 0.05420782736865855, 0.42544241091593044, 0.2223621335064828, 0.25416547392901456, -0.02609106155352428]], "inverted": true, "swapped": true, "error_lsq": 0.045321107879185835, "error_max": 0.3207938034274487, "target": "915.xyz", "model": "9.xyz", "model_rescale": 3.833441315466971, "target_rescale": 3.9668366237281325},
{"mapping": [0, 13, 10, 8, 11, 2, 5, 12, 6, 4, 1, 7, 9, 3, 14], "R": [[-0.7159009696897247, -0.29340103210195256, -0.6335626535385595], [-0.5796191030536122, 0.755654208833233, 0.30500559346993406], [0.3892653297850167, 0.5855788170982021, -0.7110344239157711]], "T": [0.02579727106556787, -0.15225300971752126, 0.13245025199685967], "aligned_model": [[0.05897246498338993, 0.0513375767696114, -0.6579075635520002, -0.6773101236848473, -0.5246033590922652, 0.09472321947510773, 0.5210606923829213, -0.03226978127668781, 0.4995207794303004, 0.7466727816129468, 0.4537333121115861, -0.20374238386401028, -0.3055587480821179, 0.2950867767038298, 0.015778712476779012], [-0.6660617222151792, -0.168742628948584, -0.5440877176063826, 0.10872793972923628, -0.17175630079748705, 0.3509746837828767, -0.13403552547992775, -0.6305313269540808, -0.31863612557712145, 0.14050975585668163, -0.7523467566376938, 0.2816680015044565, 0.5701643228389337, 0.6664389814331126, -0.05794868450726885], [-0.31333329993577985, -0.6642694770527059, -0.10157411496966895, -0.07988980039527105, 0.5349621760469192, -0.3761373580151711, -0.3277860658226854, 0.4942487124750924, 0.5897600642952352, 0.3072102058668432, 0.0837966540313081, 0.5829367441547517, -0.029495765951496444, 0.23991389946214303, 0.12763690211632142]], "inverted": false, "swapped": false, "error_lsq": 0.044638025106998554, "error_max": 0.27899842632363164, "target": "915.xyz", "model": "10.xyz", "model_rescale": 4.2482417240324, "target_rescale": 3.9668366237281325},
{"mapping": [8, 7, 0, 2, 13, 5, 6, 3, 4, 12, 11, 14], "R": [[-0.7158719235555288, -0.2714739245791984, -0.6432956531319598], [0.07238235733251128, 0.8875040252838168, -0.455079552882802], [0.6944697138190374, -0.37234193072845023, -0.6156892911278499]], "T": [-0.003992844467871303, 0.1458146657686254, 0.059250534148944746], "aligned_model": [[-0.6443677176368902, -0.010903554277857785, 0.35127944406707934, 0.6779987244454752, -0.5073942490207783, 0.1605389102840857, -0.1422406486019244, 0.43495054808755074, 0.21693447278503736, -0.15931512765171746, -0.3705772471078484, -0.130137953009205], [-0.3273498975374815, -0.6175758580905415, -0.2607755192067636, -0.34767113411527883, 0.735105528416963, 0.6299681329405338, 0.3218982224729628, 0.21362426666423953, -0.43300361510131763, 0.6799553823343574, 0.01643727416111354, 0.055518607111852594], [-0.04892024412295345, 0.0003427735839693427, 0.4736020606009661, -0.025825754691254928, 0.13033064791674379, 0.1307116690312964, 0.6252721746639814, -0.23162971261634938, -0.6533757125230376, -0.3631660234573461, -0.5309123740543008, 0.058762785522641546]], "inverted": false, "swapped": true, "error_lsq": 0.046307680529940866, "error_max": 0.27314626372729384, "target": "915.xyz", "model": "11.xyz", "model_rescale": 3.6694154284099745, "target_rescale": 3.9668366237281325},
{"mapping": [11, 12, 5, 13, 9, 4, 7, 2, 6, 0, 1, 10, 3, 14], "R": [[-0.9689440774273922, 0.059592184567583445, -0.23999197144246942], [-0.23630061295126276, -0.5091225701128328, 0.827620824363767], [-0.07286559638977444, 0.8586285460780854, 0.5073929687358663]], "T": [0.03249213379198789, 0.1152819365312062, -0.08083101060378675], "aligned_model": [[0.02631919734278928, -0.11862935222564358, -0.10978765579845023, 0.43595320332610715, 0.765617854869351, -0.4880943719846932, 0.07620726111925744, -0.5360004507082975, 0.4410999108504201, 0.0011406532122195945, -0.25144747449260907, 0.7085089383775437, -0.49808604900309894, 0.14546318537091402], [-0.3623042243683211, 0.3275024302970408, 0.5962936537716605, 0.5347066084269845, 0.09023193691194929, -0.6694206594044662, -0.5603020956260382, -0.18971858690571364, 0.5070729414738702, 0.05200694396212692, 0.5599114367083894, -0.2958825978346824, 0.13058321509686927, 0.010306285626584713], [-0.6016843927660126, -0.7288987720117691, -0.20316727361072112, -0.5975816153014571, -0.21106056834775774, -0.15088224298868655, 0.27688141190869986, 0.4665898254539548, 0.14286043937643636, 0.5960992110388444, 0.42715714854456377, 0.41284337480102273, -0.09238196796859531, -0.09767911847610689]], "inverted": true, "swapped": true, "error_lsq": 0.05386169249087348, "error_max": 0.30868825832112906, "target": "915.xyz", "model": "12.xyz", "model_rescale": 3.9764082729961374, "target_rescale": 3.9668366237281325},
{"mapping": [3, 7, 8, 2, 10, 0, 4, 11, 13, 6, 14, 12, 9, 5, 15], "R": [[-0.7196333372232635, -0.6859499305821388, -0.10770586191692699], [-0.5214494002954217, 0.4314657426217543, 0.736157480350097], [-0.4584957828469681, 0.5859266214110923, -0.6681853121951491]], "T": [0.016928006074065943, -0.024696441557424273, 0.12153487134992288], "aligned_model": [[0.0376125996837665, -0.053437060029202677, -0.4869163678998012, -0.6335379786215719, -0.5672585116690466, -0.10359802554776355, 0.4790419501605484, -0.11874696682273078, 0.2712285629706741, 0.766968857571219, 0.4778400844934606, -0.15280952778797183, -0.12760402181485017, 0.47026514962550714, 0.07644561208230607], [-0.7693670740568563, -0.11225396129630709, -0.5021817777850353, 0.04781367305390631, -0.3063884446962583, 0.43756683487541853, 0.14195801165397592, -0.7463612512585822, -0.183186722734624, -0.07827681077295538, -0.6563836082922987, 0.240012383567293, 0.5589044850850313, 0.6790886114502117, -0.07660745237134667], [-0.2702319521480717, -0.6257375937740426, -0.011887155133848776, -0.33442104750529456, 0.5964270978740814, -0.42517718491491596, -0.4024314612372699, 0.42375482919165064, 0.6551008032846241, 0.25654105942804317, 0.28688123183194314, 0.6768113272237458, 0.11711018446755797, 0.07685893516076889, 0.048380402556863905]], "inverted": true, "swapped": false, "error_lsq": 0.03563264041731028, "error_max": 0.2346305736192139, "target": "915.xyz", "model": "13.xyz", "model_rescale": 4.170626492500431, "target_rescale": 3.9668366237281325},
{"mapping": [0, 7, 10, 8, 6, 13, 9, 2, 1, 4, 3, 11, 5, 14], "R": [[0.4439343761669854, 0.2245863098595789, 0.8674579292858456], [-0.4905461927035229, -0.7492155527303137, 0.44501740232387443], [0.7498577881714027, -0.6230867074257549, -0.22243257978098474]], "T": [0.030846149094563187, 0.14586772054360903, 0.1712256026700533], "aligned_model": [[0.42547013212050616, -0.118522226995636, -0.30015295990746993, -0.6797984871206347, 0.10522317795078473, -0.32251223181894595, -0.5180303887650508, 0.5628232527821311, 0.7351355060754864, -0.07720714541121237, 0.3631219750468989, -0.5163004148037468, 0.28615658883708023, -0.1022237558985474], [-0.17748245516665667, -0.5613622845264825, -0.1795882343485931, -0.14589053939063173, 0.531965219895999, 0.836887492955974, 0.41133154243214004, -0.5112553789666492, 0.24488283070055536, -0.6752782426389723, -0.008311950208556518, -0.0707223982657404, 0.5628857571093484, 0.09801310834393145], [-0.2792605135213153, -0.08135662599136093, -0.6376547373508088, -0.06441590090170188, -0.2934195849658704, 0.22917908619996408, -0.2569379975482473, 0.2039105062339928, -0.0035358719734095156, 0.6247886544269174, 0.5555459981922936, 0.5625493177518376, 0.33704028366166583, 0.10744048690690924]], "inverted": true, "swapped": true, "error_lsq": 0.04935198002625813, "error_max": 0.27778246842563714, "target": "915.xyz", "model": "14.xyz", "model_rescale": 3.9786697098870705, "target_rescale": 3.9668366237281325},
{"mapping": [3, 5, 4, 2, 11, 8, 6, 9, 7, 0, 13, 14], "R": [[0.29862305990560817, 0.7739144038054884, -0.5584628579189553], [-0.36596900905344076, -0.44757092846899355, -0.8159331764316522], [-0.8814141776174549, 0.4480365605302749, 0.14957368726867398]], "T": [-0.0971473131816277, -0.05179151600711913, -0.054605246322701556], "aligned_model": [[-0.05753861045854683, -0.5713666695401964, 0.6617717798888391, 0.44433666764160507, 0.1589557779909815, 0.34540353734094165, -0.4244802426656056, -0.20079382238718232, 0.6527516653037686, 0.2081971367292519, -0.7156326253519677, -0.018249997724552547], [-0.3262911334858225, -0.20552669051389783, 0.012832829163785302, -0.6618593387016498, 0.5192592855458515, 0.5499936276004056, -0.15180194804520608, 0.44171288666307357, -0.06107448618411527, -0.5677128464678457, 0.4068753245650067, 0.05826698008485396], [-0.5073323964612417, -0.189005655805884, -0.6127639633628754, -0.2793074045307289, -0.382823284636455, 0.24148424194370985, 0.44873304804785685, 0.49382101925085553, 0.09982377495919331, 0.2675920731518071, 0.05866313174040144, 0.02108190957719072]], "inverted": true, "swapped": true, "error_lsq": 0.054641836540253626, "error_max": 0.2610743930699308, "target": "915.xyz", "model": "15.xyz", "model_rescale": 3.769337070930944, "target_rescale": 3.9668366237281325},
{"mapping": [3, 11, 1, 5, 2, 7, 0, 8, 6, 13, 14], "R": [[0.2572901177768214, -0.9638158818849938, 0.06971901548818382], [0.08655548119832202, -0.048872266277063175, -0.9950475618097214], [0.9624499695926624, 0.26205046730581516, 0.0708491962966949]], "T": [-0.09755304159369553, 0.039128702479006, 0.013146901056875354], "aligned_model": [[-0.28600591469888764, -0.2890540253526445, 0.00574288011972468, -0.4773254030006368, 0.31119867586577477, 0.5360851613794216, 0.47210358748925757, 0.2389988139256422, 0.02497834213152729, -0.5906092426695637, -0.023486744498444775], [0.12593286740842596, -0.639230593284227, 0.7274809738914212, 0.387081700574344, 0.17853506194294672, -0.3230146412369075, 0.3665108211548894, -0.6110410668081815, 0.4216589990700143, 0.03550031645129995, -0.0733499415386832], [-0.4755568060799017, -0.03755744794742909, -0.21460332707538352, 0.04897477460350603, -0.714428943851207, -0.21845145907999736, -0.1644296692035038, 0.344323166931078, 0.470481575024691, 0.6153192143322133, 0.090146529569711]], "inverted": false, "swapped": true, "error_lsq": 0.04611583784675104, "error_max": 0.1957999276816881, "target": "915.xyz", "model": "16.xyz", "model_rescale": 3.7852294659196426, "target_rescale": 3.9668366237281325},
{"mapping": [6, 12, 11, 13, 5, 3, 2, 4, 8, 10, 0, 7, 14], "R": [[-0.5434675420609474, 0.3960484248145083, -0.7401274727559973], [0.23077425865468726, 0.9182203119535555, 0.3218923737187559], [0.8070850464905247, 0.004135688317863623, -0.5904207176357597]], "T": [-0.12332930309097756, 0.016489531957383938, -0.0751535688274232], "aligned_model": [[-0.09369059907716876, -0.3815223454228063, 0.19754008023609415, -0.11943944004069841, -0.557245953159983, -0.5200330701052897, -0.3256727856121532, 0.03560879432896419, 0.6614415042867637, 0.6526821560592381, -0.09996487237817447, 0.37325090266571126, 0.0308114784357853], [0.024901235453389653, -0.6064518139050334, -0.3468699279504987, -0.6731500298388333, -0.18581769256894765, 0.1323756943282189, 0.746175803036807, 0.2797153813846177, -0.09843508016594175, 0.41674037407162323, 0.6732563673202955, 0.5128508978125226, -0.0002355852753456386], [-0.6830591225851989, 0.1069109730067853, 0.43907170639321536, -0.4358628995230354, -0.2684670437647816, 0.25812901458722093, 0.30232990174867425, 0.8176658320625, 0.05365913568123752, -0.40283462086064015, -0.25216371638161145, 0.2303238735801918, -0.06994833680138385]], "inverted": true, "swapped": true, "error_lsq": 0.052289737114254636, "error_max": 0.2859916080839775, "target": "915.xyz", "model": "17.xyz", "model_rescale": 3.901054581598922, "target_rescale": 3.9668366237281325},
{"mapping": [0, 2, 3, 13, 12, 5, 8, 7, 6, 4, 1, 11, 9, 10, 14], "R": [[0.34294596536998, 0.9390868746395058, -0.022447866630433466], [0.36724863543554115, -0.15603435882118147, -0.9169415022988086], [-0.8645903680976244, 0.30621744030519893, -0.3983897270836016]], "T": [0.06927181937017793, -0.07169748778810248, 0.05532141077195017], "aligned_model": [[0.024838242216410164, -0.16576650986634262, -0.5262312730185905, -0.5470601883605889, -0.5747655371786076, -0.02368238718853917, 0.49827160807634185, -0.06762926488835228, 0.32449128804524163, 0.842810532641398, 0.5104818196242591, -0.14089433103994414, -0.2537723778372222, 0.40834271586385273, 0.026060019305228027], [-0.7941502754710379, -0.24440923330945324, -0.5101607180358645, 0.12648731133328456, -0.16758755466996073, 0.3594129582752972, -0.03313744715271136, -0.5740554100341477, -0.24349892074158735, 0.09039050621215558, -0.5961142948109335, 0.19597095474910575, 0.4992418384759082, 0.6187026542596947, -0.052755472658177975], [-0.17181763318562437, -0.7184135171825667, -0.13581192538081777, -0.2738591475001873, 0.4130868122856466, -0.3869334317947267, -0.4495454594979622, 0.4658961723960901, 0.7402104789534245, 0.08596959475543325, 0.18183740827269645, 0.7770656750499362, 0.11745315555767034, 0.33963166232862185, 0.08320963124820137]], "inverted": true, "swapped": false, "error_lsq": 0.04324681967891729, "error_max": 0.3309969958371972, "target": "915.xyz", "model": "18.xyz", "model_rescale": 3.9405287249114394, "target_rescale": 3.9668366237281325},
{"mapping": [7, 13, 9, 11, 5, 14, 12, 8, 6, 1, 0, 2, 10, 3, 15], "R": [[0.6480895846038761, 0.7610065064370015, -0.02913738987152506], [-0.6622485077273372, 0.5442677856361735, -0.5149752339012152], [-0.3760409609881487, 0.35304627838180963, 0.8567097063649176]], "T": [0.11641797217783531, -0.14261229829382344, -0.04300680387117377], "aligned_model": [[-0.08233103862053676, -0.18643281945701637, -0.5537742931205157, -0.5447160199131617, -0.45507712985432736, -0.01250047845715374, 0.5335531658241338, 0.01126712963765615, 0.17454492538825309, 0.581474159463441, 0.5719090520705786, -0.1384644956081125, -0.19327146885036292, 0.5287796025341105, 0.10053406535755757], [-0.780371916306789, -0.12998312039759352, -0.507805275624706, 0.11635413217506901, -0.3048501259504528, 0.46565141043081754, 0.022376261654150464, -0.728037403377356, -0.28903913374591284, 0.06174766664646786, -0.5401905741125319, 0.24618763448992376, 0.5591242894408548, 0.6007179677619037, -0.11754491666227196], [-0.2652387756483408, -0.6425497524943528, -0.12354414799801422, -0.16569109093287532, 0.5386588031483348, -0.5046714611827384, -0.35751605257039987, 0.42442543954703776, 0.6873793232986819, 0.3782759650340082, 0.284305965038193, 0.6912920609623118, 0.1289299533875885, 0.010346698819855074, -0.016423452103453987]], "inverted": true, "swapped": false, "error_lsq": 0.03675731943034143, "error_max": 0.240848688572784, "target": "915.xyz", "model": "19.xyz", "model_rescale": 4.410303926677745, "target_rescale": 3.9668366237281325},
{"mapping": [12, 9, 11, 5, 4, 6, 3, 8, 10, 0, 1, 2, 7, 14], "R": [[0.23328096068231186, -0.47926889019878127, 0.8460977037380296], [-0.9701407980719291, -0.17410817290948633, 0.1688584497218932], [0.06638392350184175, -0.8602253629216876, -0.5055744254674603]], "T": [-0.11027922689349862, -0.05870256676276885, -0.01618247130934085], "aligned_model": [[-0.3676189545135135, 0.2476141994047616, 0.3119444852410868, -0.6029792664751044, 0.3492308086729066, -0.2718088120437937, -0.366695893487842, 0.6568772831005325, 0.564290134552005, -0.0689037067114629, -0.6359610201729187, -0.09970019146354275, 0.5101260789141466, 0.03477274444361128], [-0.01700448738920221, -0.698174528587925, 0.16892740287994032, -0.1514883071355739, 0.7637483863693643, -0.6028366021743297, 0.40611781947820313, -0.24433537028844196, -0.47498584303823976, -0.006523242697785113, -0.013219338066539153, 0.5825683151170333, 0.20914409702854048, -0.11098983531384268], [-0.6641829340034332, -0.15052706014080963, -0.5351493544230275, -0.13954960337767813, -0.08021844658424125, 0.20364636312503104, -0.02474187709263903, -0.16677115234420842, 0.4751766679152851, 0.6611553686657266, 0.4917141633885586, 0.5356675533724004, 0.3438708515532866, -0.0332755013292297]], "inverted": false, "swapped": true, "error_lsq": 0.04803546412286278, "error_max": 0.3092490087704796, "target": "915.xyz", "model": "20.xyz", "model_rescale": 4.121658175737393, "target_rescale": 3.9668366237281325},
{"mapping": [1, 6, 10, 0, 7, 5, 9, 3, 13, 11, 8, 4, 14], "R": [[0.5462004591044899, 0.837052984387561, -0.03173893195937483], [-0.6455897836031504, 0.39651749747641096, -0.6526773364398997], [-0.5337404704360369, 0.37698299102601673, 0.7569708942197158]], "T": [0.01903802605192071, -0.18686975051788787, 0.00884274774915346], "aligned_model": [[0.23113403967846735, -0.2532778681399003, 0.2664403939541947, 0.5193010089711292, 0.6283634733935245, -0.2746365858414373, -0.39855730399869815, 0.2527785386373563, -0.7576944330356563, -0.04556367041092118, 0.02268335102682807, 0.6744908106715239, 0.015621149757884497], [-0.649156510479633, -0.07596594982944121, 0.628060551093286, -0.13669556157412435, 0.26676068816915555, -0.5919646756995578, 0.4113179540610402, -0.6240841451069662, -0.138118526587804, 0.06034515422737943, 0.5729643297074366, -0.14773264204856554, -0.03490376176902285], [0.5357917927082951, 0.541799380679298, 0.3889086171448006, 0.4675808687691029, -0.08720358690962764, 0.13626054798269477, 0.15999225488307112, -0.1811301654261931, 0.002591136357775709, -0.6500398697350961, -0.25250851312556777, -0.6697776049508439, -0.0221551188959202]], "inverted": true, "swapped": true, "error_lsq": 0.042953590860949326, "error_max": 0.22903545017179025, "target": "915.xyz", "model": "21.xyz", "model_rescale": 4.08911054899281, "target_rescale": 3.9668366237281325},
{"mapping": [6, 10, 5, 9, 11, 12, 13, 8, 2, 4, 0, 15, 14, 3, 16], "R": [[0.2672769159293623, -0.90441017354768, -0.33257373347085617], [0.7110713866979678, -0.047815557735854546, 0.701492092227588], [-0.6503387834280824, -0.4239763087978674, 0.6303202014432168]], "T": [0.022439037898118817, -0.1424510724584903, 0.09979446371785074], "aligned_model": [[0.12171542036803362, -0.28815474778188876, -0.6088688067506427, -0.5396256313260225, -0.5435407013657441, 0.02146551763679096, 0.5082478519557586, -0.2477736986401197, 0.349110379120727, 0.6825379899712555, 0.6536304465169926, -0.24676037307072426, -0.08066181882185702, 0.4856336209951923, 0.06853890758679207], [-0.8152523982809167, -0.299623104549703, -0.3583006267066614, 0.17141145070184782, -0.36180545821339266, 0.333397019674239, 0.15253318774218833, -0.7549499248406046, 0.06876092843048603, -0.0031881787265359562, -0.5915094665290224, 0.19702851390714926, 0.4909427649676772, 0.5913311647739786, -0.14643897592915672], [-0.20524111520146404, -0.6281917049970618, -0.1295272080970235, -0.20536325898944296, 0.5661029650893642, -0.4645964925403335, -0.23740584536564668, 0.28032770415623304, 0.7080124796278944, 0.27633739268728974, 0.09496097845449065, 0.686132510811177, 0.10204079433120496, 0.13575596822084457, 0.08863430811830918]], "inverted": false, "swapped": false, "error_lsq": 0.04690752338560196, "error_max": 0.2749383831706967, "target": "915.xyz", "model": "22.xyz", "model_rescale": 4.204369325754507, "target_rescale": 3.9668366237281325},
{"mapping": [7, 13, 9, 11, 5, 14, 12, 8, 6, 1, 0, 2, 10, 3, 15], "R": [[0.6480895846038761, 0.7610065064370015, -0.02913738987152506], [-0.6622485077273372, 0.5442677856361735, -0.5149752339012152], [-0.3760409609881487, 0.35304627838180963, 0.8567097063649176]], "T": [0.11641797217783531, -0.14261229829382344, -0.04300680387117377], "aligned_model": [[-0.08233103862053676, -0.18643281945701637, -0.5537742931205157, -0.5447160199131617, -0.45507712985432736, -0.01250047845715374, 0.5335531658241338, 0.01126712963765615, 0.17454492538825309, 0.581474159463441, 0.5719090520705786, -0.1384644956081125, -0.19327146885036292, 0.5287796025341105, 0.10053406535755757], [-0.780371916306789, -0.12998312039759352, -0.507805275624706, 0.11635413217506901, -0.3048501259504528, 0.46565141043081754, 0.022376261654150464, -0.728037403377356, -0.28903913374591284, 0.06174766664646786, -0.5401905741125319, 0.24618763448992376, 0.5591242894408548, 0.6007179677619037, -0.11754491666227196], [-0.2652387756483408, -0.6425497524943528, -0.12354414799801422, -0.16569109093287532, 0.5386588031483348, -0.5046714611827384, -0.35751605257039987, 0.42442543954703776, 0.6873793232986819, 0.3782759650340082, 0.284305965038193, 0.6912920609623118, 0.1289299533875885, 0.010346698819855074, -0.016423452103453987]], "inverted": true, "swapped": false, "error_lsq": 0.03675731943034143, "error_max": 0.240848688572784, "target": "915.xyz", "model": "23.xyz", "model_rescale": 4.410303926677745, "target_rescale": 3.9668366237281325},
{"mapping": [9, 8, 15, 5, 6, 4, 10, 14, 7, 1, 11, 0, 2, 3, 16], "R": [[0.8464723994097827, -0.25213023342941365, -0.4689507675953575], [-0.5307154535774301, -0.4702295077345431, -0.705142054759062], [-0.04272685773080234, 0.8457627063465017, -0.5318457108804142]], "T": [0.001993094372355564, -0.18941941253775202, 0.16811392484607507], "aligned_model": [[0.07078144719114082, -0.054824361442575104, -0.5109181045795552, -0.5443561552637344, -0.6626948527813665, -0.11698439999058191, 0.42951935867947344, -0.1598410863841324, 0.3166014479887142, 0.7860234921680054, 0.46800780675425424, 0.014383436619035517, -0.15115089564765183, 0.38439339059777655, 0.0665538324857411], [-0.6109876273314363, -0.14028201906338017, -0.5390618792482123, 0.11203882617624156, -0.4327171458015616, 0.28427972940183555, -0.15959285027810816, -0.843750948813679, -0.15108676491059336, 0.10745755323217021, -0.6159224117293796, 0.4515160011963661, 0.7058796966116394, 0.5951809380619484, -0.08861420108227841], [-0.2901091501081753, -0.6504604215218752, -0.1840031555364124, 0.08919966022002068, 0.4454120237523969, -0.31700240321552103, -0.3219020093713613, 0.2298385438266486, 0.7524794685282759, 0.35113237227140176, 0.20869675538961457, 0.5674059056403962, 0.07934245051204347, -0.04965496163589844, 0.15760439755428113]], "inverted": false, "swapped": false, "error_lsq": 0.0409597793107547, "error_max": 0.3139501415988251, "target": "915.xyz", "model": "24.xyz", "model_rescale": 4.28219845311461, "target_rescale": 3.9668366237281325},
{"mapping": [1, 5, 3, 9, 7, 11, 8, 4, 2, 6, 0, 13, 12, 10, 15], "R": [[-0.6707594519231953, 0.7076376353762299, -0.22210523329006127], [-0.021387782864478733, 0.28088474490496035, 0.9595031645720704], [0.7413665223085251, 0.6483461552896055, -0.17327129745387776]], "T": [-0.012920506181011919, -0.04734245757670893, 0.11986120507019452], "aligned_model": [[0.09976864382742354, -0.07915487593167223, -0.42516433667960735, -0.6202533180114517, -0.696307999672436, -0.04330469334099376, 0.4386286025143479, -0.11817725507087556, 0.352248901913684, 0.8877946188029275, 0.5300195801893152, -0.2631095069539233, -0.2832494888025634, 0.5230191428184978, 0.03273634079187137], [-0.5376114576854849, -0.0414149534258151, -0.6460073562062436, 0.09755459543516884, -0.2545272731512304, 0.42997625386723304, -0.08439981004460116, -0.6770835511913321, -0.04884720638122802, -0.07746802800179414, -0.6106928320753225, 0.14449134507262876, 0.6496814765220266, 0.4305051654600505, -0.09981947177248271], [-0.27613735786834515, -0.7291726893488772, -0.1479086741629986, -0.13903140506279912, 0.4290569225131846, -0.14037084546301068, -0.40613899644433016, 0.4762258285275556, 0.6990235860228287, 0.12122083470764157, 0.35095986408893465, 0.6233706021923849, 0.2795477000575374, -0.2179777515589659, 0.14531185810509525]], "inverted": false, "swapped": false, "error_lsq": 0.04570113878985768, "error_max": 0.31450573723165515, "target": "915.xyz", "model": "25.xyz", "model_rescale": 4.100010024507729, "target_rescale": 3.9668366237281325},
{"mapping": [8, 7, 0, 2, 13, 5, 6, 3, 4, 12, 11, 14], "R": [[-0.7158719235555288, -0.2714739245791984, -0.6432956531319598], [0.07238235733251128, 0.8875040252838168, -0.455079552882802], [0.6944697138190374, -0.37234193072845023, -0.6156892911278499]], "T": [-0.003992844467871303, 0.1458146657686254, 0.059250534148944746], "aligned_model": [[-0.6443677176368902, -0.010903554277857785, 0.35127944406707934, 0.6779987244454752, -0.5073942490207783, 0.1605389102840857, -0.1422406486019244, 0.43495054808755074, 0.21693447278503736, -0.15931512765171746, -0.3705772471078484, -0.130137953009205], [-0.3273498975374815, -0.6175758580905415, -0.2607755192067636, -0.34767113411527883, 0.735105528416963, 0.6299681329405338, 0.3218982224729628, 0.21362426666423953, -0.43300361510131763, 0.6799553823343574, 0.01643727416111354, 0.055518607111852594], [-0.04892024412295345, 0.0003427735839693427, 0.4736020606009661, -0.025825754691254928, 0.13033064791674379, 0.1307116690312964, 0.6252721746639814, -0.23162971261634938, -0.6533757125230376, -0.3631660234573461, -0.5309123740543008, 0.058762785522641546]], "inverted": false, "swapped": true, "error_lsq": 0.046307680529940866, "error_max": 0.27314626372729384, "target": "915.xyz", "model": "26.xyz", "model_rescale": 3.6694154284099745, "target_rescale": 3.9668366237281325},
