[{"mapping": [6, 7, 1, 8, 4, 5, 0, 10, 10, 3, 9, 11], "R": [[-0.3609476090887058, -0.08482722121890435, -0.9287201763897596], [-0.8475193966635238, 0.4453736953536758, 0.288709445231894], [0.3891371169295518, 0.8913173475408692, -0.23264928583699998]], "T": [-0.03606813419249371, -0.1449715001794851, 0.08444638321515432], "aligned_model": [[-0.6716514381871898, -0.5149602885056924, -0.026575608924321356, -0.25855340817240186, 0.6064866084188705, 0.23333902749475421, 0.5190977216690539, -0.18015786728099542, -0.18015786728099542, -0.011049531674741604, -0.5449210827773062, 0.014054500220013616], [-0.4436291803154232, 0.046344743767096325, -0.6324145450083931, -0.5981567647499202, -0.06123706130031728, 0.126918943917162, -0.2115764997058195, 0.5019573478989887, 0.5019573478989887, 0.2495104383915385, 0.03177600796710581, -0.14157137530909045], [-0.09441652863065611, -0.7096969975451768, -0.4295475170705507, 0.46944886311563505, 0.5665878699561017, -0.651883502210161, -0.1804045947424773, -0.06549547320661983, -0.06549547320661983, 0.648175559731885, 0.3658454228518916, 0.036400399423392876]], "inverted": false, "swapped": false, "error_lsq": 0.0633487248919407, "error_max": 0.39892772373165397, "target": "916.xyz", "model": "0.xyz", "model_rescale": 3.751011558992144, "target_rescale": 3.8578439005437306},
{"mapping": [1, 0, 8, 4, 10, 3, 5, 7, 12, 11, 6, 14], "R": [[0.509038917126585, -0.6476855208355956, -0.5669063828803811], [-0.8048012415629273, -0.5917101475185802, -0.046626847441268604], [-0.30524472547345494, 0.4799818407226087, -0.8224616040564883]], "T": [0.03289482217241883, -0.08807023995630747, -0.062209546786043665], "aligned_model": [[-0.6286622439395831, -0.43830101368184066, 0.09176843777382114, -0.17442063587051154, 0.33058633380686614, 0.008221209512682334, 0.6027555277124215, -0.4846964227869485, 0.07891830840769277, 0.03980354963967113, -0.49590178367248067, 0.05487949809725721], [-0.3029316745275462, -0.05633488628671138, -0.7197944647186693, -0.7402601883358064, -0.32891046003053437, 0.37502020685795806, -0.3158586881374953, 0.3251833250220877, 0.6530341586085457, 0.42838226085099784, 0.09269693596572706, -0.04034712181663645], [-0.10536463509676162, -0.6559029610164498, -0.2568287991078123, 0.3343286506161798, 0.6629314742741751, -0.6691233301362459, -0.17821491800771172, -0.09379780364367772, -0.0871336961153595, 0.5460338854196314, 0.4392115567050509, -0.04662139542437395]], "inverted": true, "swapped": false, "error_lsq": 0.03992871964216781, "error_max": 0.1923288667945367, "target": "916.xyz", "model": "1.xyz", "model_rescale": 3.9405287249114394, "target_rescale": 3.8578439005437306},
{"mapping": [9, 5, 11, 10, 3, 0, 6, 2, 1, 4, 8, 12], "R": [[-0.6217549696413606, -0.5599792545779019, -0.5475801239715045], [-0.24456171790639855, -0.525378271252343, 0.8149645625612015], [-0.7440499471547203, 0.6406254026638943, 0.1897070626012149]], "T": [0.021026677518305226, -0.0008297066777061546, 0.022098672193716244], "aligned_model": [[-0.6225402041499692, -0.3927630468369019, -0.038398523948325436, -0.19798697658980044, 0.27013744008032864, 0.2714978522012469, 0.47072081738395766, -0.4114913815812617, 0.20329239959524514, -0.02410130858571996, -0.5049005307246198, -0.038515771845132135], [-0.4830831443907864, -0.06675647585716363, -0.5868359570407227, -0.7177900907124288, -0.2620658114454347, 0.21436271964575032, -0.18805796058076452, 0.42118789537987583, 0.7654035022038961, 0.3665846544336188, -0.15687690028483317, 0.06380697210091012], [0.08238463841926938, -0.5716251739674004, -0.37874993888446934, 0.40873538326933073, 0.4653809796575295, -0.7485415801820924, -0.21889189795442587, -0.29254223364645365, -0.060920653996276296, 0.617636978268281, 0.569583480299754, 0.017068047183597532]], "inverted": true, "swapped": false, "error_lsq": 0.046651673617989435, "error_max": 0.2713754681713711, "target": "916.xyz", "model": "2.xyz", "model_rescale": 3.932901565614263, "target_rescale": 3.8578439005437306},
{"mapping": [6, 2, 5, 12, 9, 0, 7, 1, 3, 11, 10, 13], "R": [[0.8981745092118014, -0.2813905721439951, -0.3377897229203621], [-0.11353185494957042, -0.8907282529400713, 0.44012918254307853], [-0.4247270522510305, -0.3569629186943707, -0.8319762050463623]], "T": [0.021373378973162077, 0.03813018013450116, -0.027287084549027243], "aligned_model": [[-0.4799477972919731, -0.48619560478877255, 0.06381370097513864, -0.23885707796731945, 0.43362143297756894, 0.011448460264846722, 0.6537288021608822, -0.5545647475813806, 0.26196407301130975, -0.09978945933649006, -0.5506953357106993, -0.0295756817140638], [-0.41506610410887557, -0.06289159022799816, -0.6780061399791675, -0.5409357484662715, -0.4264250260506737, 0.3572566553137859, -0.2183297997650976, 0.4631679484652729, 0.4867653756202645, 0.49368874869992696, -0.03342245739594214, -0.055922458653308124], [-0.12719938037840134, -0.6802558294472828, -0.07362579123241088, 0.39708606466497304, 0.3651832223082873, -0.6163627316193213, -0.23728100070404112, -0.21809272069585156, -0.06637745925831286, 0.7313265559734706, 0.3978752915423014, 0.01724180731323366]], "inverted": true, "swapped": false, "error_lsq": 0.047072357861586284, "error_max": 0.24173366888736314, "target": "916.xyz", "model": "3.xyz", "model_rescale": 3.9243930471874484, "target_rescale": 3.8578439005437306},
{"mapping": [4, 7, 8, 10, 11, 1, 9, 0, 5, 6, 3, 12], "R": [[-0.892059694356952, 0.40148592629424645, 0.2074573515000918], [-0.4494804114287509, -0.7406250086313936, -0.4994416445708039], [-0.04687068855502949, -0.538779776511145, 0.8411417781664268]], "T": [-0.0794396811112115, -0.12103300715860933, 0.006733320172845201], "aligned_model": [[-0.583144386226753, -0.43916325013279633, -0.0030666084767924234, -0.13940040708950902, 0.5761421909292331, 0.0810657688774363, 0.5496889076892965, -0.4413200128227338, 0.12992174297590728, -0.0512524323809289, -0.6263529439579805, -0.06816780438533121], [-0.4010706651279375, -0.2066932075241264, -0.6875201447532923, -0.6361850499583112, -0.1715794244901439, 0.26501746593320874, -0.3342160290353661, 0.6220432664136366, 0.6028229955402747, 0.23918344437489492, 0.08117525487901488, -0.0030985027999358844], [-0.13549097312332622, -0.7047299908108549, -0.25707692533022064, 0.48438466127675356, 0.4469509369652796, -0.5723723115835814, -0.23083269110454788, -0.19377261623537004, 0.0830444021720528, 0.6320061420596903, 0.3428152626373258, -0.00540786845655657]], "inverted": false, "swapped": false, "error_lsq": 0.04052818681839122, "error_max": 0.22882040473749035, "target": "916.xyz", "model": "4.xyz", "model_rescale": 3.8936222436046832, "target_rescale": 3.8578439005437306},
{"mapping": [2, 4, 1, 0, 9, 5, 6, 10, 7, 8, 3, 11], "R": [[0.006906999602727171, 0.5338217875151795, -0.845568798224359], [-0.3332156183955878, -0.7960330745819081, -0.505270913301885], [-0.942825352339305, 0.2852466359937894, 0.17237955691001366]], "T": [-0.07304843037490077, 0.012485688274495144, 0.05385868576883835], "aligned_model": [[-0.7236527370679671, -0.4567718701722229, 0.08727754390142001, -0.30059895762557537, 0.3082725545131935, 0.23676052263465025, 0.6833613906437543, -0.5457614308205376, 0.1736502231359286, -0.01718017382266747, -0.4128262874526133, -0.04758001286831531], [-0.30920665581768103, 0.06017287230633862, -0.7038649204076876, -0.7626160302545424, -0.23405072436020685, -0.0005140795268433196, 0.012383926106166676, 0.42886696029418836, 0.5804208882962985, 0.42466966319606975, -0.10347253824774293, -0.022909958132440997], [-0.12045865929193855, -0.6397599797355403, -0.26901304506875534, 0.4146306254458232, 0.4732034693901962, -0.6951541817568809, -0.19604689723943053, 0.0025122642186436103, -0.13676374292252383, 0.6644698018308445, 0.5026200141636586, -0.11072164056745284]], "inverted": true, "swapped": false, "error_lsq": 0.052712648255831135, "error_max": 0.265430041154696, "target": "916.xyz", "model": "5.xyz", "model_rescale": 3.6523030999806103, "target_rescale": 3.8578439005437306},
{"mapping": [1, 0, 2, 6, 10, 3, 4, 5, 7, 9, 8, 12], "R": [[0.7750221217207075, 0.42073696804371824, -0.4715094002932628], [0.11270404508598184, -0.8262026941014659, -0.5519845165226438], [-0.621802628705275, 0.3746591944432421, -0.6877441231696212]], "T": [-0.048629841648855116, -0.03660254686068193, 0.06993495532302127], "aligned_model": [[-0.4703199599901675, -0.47708992484123036, 0.14702585968734258, -0.2356189729419541, 0.44644618590262, 0.10027570377265346, 0.46228039847411895, -0.6092415478353498, 0.07932590105308732, 0.14334651367310788, -0.5257259535630195, -0.0757534383921614], [-0.4398980868357245, 0.1479601645283587, -0.6941288233008496, -0.5360457225392108, -0.35199578160459544, 0.10230871191051888, -0.22866735574776884, 0.3257997640270571, 0.5896100495177516, 0.35778678422273513, 0.06759607862345297, 0.029553620650191584], [-0.3067678685620292, -0.80728924245894, -0.25501069633966356, 0.4417091355971602, 0.583841441065919, -0.5942724698668085, -0.10673829576941013, -0.06527824646082184, -0.17152554195087916, 0.6446218350284066, 0.5338584933226522, -0.007630515138940919]], "inverted": false, "swapped": false, "error_lsq": 0.050242143162857585, "error_max": 0.29605648845569504, "target": "916.xyz", "model": "6.xyz", "model_rescale": 4.08911054899281, "target_rescale": 3.8578439005437306},
{"mapping": [3, 9, 8, 4, 5, 11, 10, 1, 13, 7, 6, 14], "R": [[-0.04443068149811613, 0.7990577081975714, 0.599610451469667], [0.9444693045106536, -0.1620110114608353, 0.2858848806820663], [0.3255820132912369, 0.5790157261555872, -0.747487218275833]], "T": [-0.07277556674745536, 0.02167335085449315, 0.02080099249871454], "aligned_model": [[-0.6845106265423418, -0.4607277538323452, -0.05715614053640955, -0.07281549035818277, 0.42395592016087025, 0.2059974509144111, 0.5233526066177293, -0.4901005220403336, 0.15414613924056245, 0.006343112897502251, -0.4333671550273146, -0.13016677649510033], [-0.47902526326105677, -0.13961746283338455, -0.573748595830933, -0.6147354252443741, -0.25781960033425133, 0.1862675730873321, -0.29683269179717864, 0.4936280606472462, 0.7176286819053329, 0.32728033942306234, -0.01987344188728421, 0.026727229577405538], [0.05994879839237361, -0.641041648816986, -0.3114304211502043, 0.32384118424347624, 0.5264122559541264, -0.46881662318562756, -0.22911899513061237, -0.3547581805348175, 0.02767404749828182, 0.72764861936517, 0.3634240170142243, -0.13426502518276018]], "inverted": false, "swapped": false, "error_lsq": 0.041121276162298104, "error_max": 0.23756213079382119, "target": "916.xyz", "model": "7.xyz", "model_rescale": 3.964800864290218, "target_rescale": 3.8578439005437306},
{"mapping": [11, 9, 12, 4, 2, 8, 7, 10, 5, 3, 6, 13], "R": [[0.5560259655742785, -0.6028977029758709, -0.5721446367428519], [-0.6845653718243165, -0.7225833933433935, 0.09614307756350537], [-0.4713866537209415, 0.33821235845362796, -0.8144980192014024]], "T": [0.023172260320638988, -0.027140538045015553, 0.11866287922476096], "aligned_model": [[-0.7108342156660614, -0.28631787025937816, -0.00864452249641573, -0.21016239924499916, 0.40481167067648927, 0.21332703018693808, 0.5702604632530477, -0.5216577833193732, 0.03160783300790429, -0.13547824869592964, -0.38148362811661574, 0.01952243567344148], [-0.38648228088555475, -0.07695259535921231, -0.5940799163494677, -0.6375730935813293, -0.4568471402386642, 0.22772036259890105, -0.32010551808746707, 0.4722261394094559, 0.7560066738780897, 0.4860001932549916, -0.11007623152384319, 0.010042810336017116], [-0.020050240398399227, -0.494192197288688, -0.3795763915553567, 0.37947013909425753, 0.4477712568885942, -0.5812975955360268, -0.23021988567288545, -0.24040140193188111, -0.17404859738469033, 0.6059813598635364, 0.5259479217671806, 0.05013366062100294]], "inverted": false, "swapped": false, "error_lsq": 0.052583233527762174, "error_max": 0.2737612414764971, "target": "916.xyz", "model": "8.xyz", "model_rescale": 4.121658175737393, "target_rescale": 3.8578439005437306},
{"mapping": [0, 3, 5, 4, 9, 11, 7, 2, 8, 6, 1, 12], "R": [[-0.3015568113718803, 0.24252149446430035, -0.9220882898280549], [-0.9372023514174861, 0.10237091042478294, 0.33342457797279446], [0.17525764466281982, 0.9647297660078722, 0.19642106955629124]], "T": [-0.039209690413041315, -0.06240729487307642, -0.09662983339341824], "aligned_model": [[-0.6881442496655988, -0.47343286788767747, 0.08105029613522127, -0.2848677153011042, 0.46507679237296873, 0.20910227910114323, 0.6287638119243635, -0.5707277993541967, 0.16649513097664884, 0.11560387697089577, -0.5608053854895554, -0.10316340478406083], [-0.5070464893399179, 0.1453095359732484, -0.66311762582653, -0.6153502919309233, -0.3150002725618015, 0.17859904783748604, -0.05815692514119433, 0.3836815720983092, 0.634453529688451, 0.27362771241271233, -0.02586885549227777, -0.06125153426564542], [-0.0945883452486168, -0.721920119418247, -0.17664570804951668, 0.5530116789281904, 0.5158093455758944, -0.62887900729862, -0.19152053286100915, -0.12560695351756768, -0.04540625117035085, 0.48928422457606957, 0.35229620621532937, -0.03631650926491088]], "inverted": true, "swapped": false, "error_lsq": 0.04353897344609453, "error_max": 0.26985314092389256, "target": "916.xyz", "model": "9.xyz", "model_rescale": 3.833441315466971, "target_rescale": 3.8578439005437306},
{"mapping": [9, 8, 2, 3, 4, 10, 5, 11, 12, 6, 7, 14], "R": [[0.3633429474835329, 0.8868803846010548, 0.28535081202594065], [-0.8590605711378015, 0.20039786504951548, 0.47101553137873314], [0.360550742102097, -0.4162738030353114, 0.8346971206827936]], "T": [0.05619532777083722, 0.05682198652209611, -0.047830590412169714], "aligned_model": [[-0.49685102887619925, -0.48219289145163313, 0.06232476480212493, -0.2517104008472679, 0.32156755081972843, -0.10182635133623974, 0.6042084463689948, -0.5033416833019767, 0.11125366930346293, 0.26988373769118246, -0.5481926409427382, -0.00017240723039121247], [-0.5200392998825226, -0.08609293087775308, -0.6407378216685994, -0.6025222124138876, -0.2647171073034381, 0.41463344801744895, -0.33933055971052695, 0.4363462167744726, 0.6507750743761168, 0.31906506223849096, 0.020537058219616072, -0.018037524317500747], [-0.1866863075424405, -0.5930578954545634, -0.22110205063073596, 0.42628030311512705, 0.6319508262698271, -0.7708480524935567, -0.03441480028479965, -0.13847700752069794, 0.03707150477471866, 0.5410627791798431, 0.23022077900394736, -0.0324820499500251]], "inverted": true, "swapped": false, "error_lsq": 0.04716059042521222, "error_max": 0.304311499185478, "target": "916.xyz", "model": "10.xyz", "model_rescale": 4.2482417240324, "target_rescale": 3.8578439005437306},
{"mapping": [3, 7, 8, 1, 0, 9, 10, 5, 4, 6, 2, 11], "R": [[0.9020157436172193, -0.022568103548137104, 0.43111283786140686], [0.1959790845952143, -0.8683933780794436, -0.4555053669376403], [0.38465542589166346, 0.49536211160121346, -0.7788816224061844]], "T": [-0.1107244258214117, -0.08622323362343731, 0.04256293628761477], "aligned_model": [[-0.6620556395106114, -0.4881189306789516, -0.0021232137589346223, -0.07645400036005756, 0.5141352125230972, 0.18243923244886015, 0.45701429561488793, -0.31845884950623404, 0.3312790329334967, -0.14366016873371368, -0.7518873565410722, -0.05715884943171927], [-0.636406549670986, -0.023881151129394096, -0.6199401025241428, -0.618583118851522, -0.2247774751866552, 0.15892034625497198, -0.199825318784362, 0.6132886388433603, 0.6690727676459792, 0.3582803552974775, -0.10907470773494538, 0.0028057192921350227], [-0.18416120889031415, -0.5162242317370187, -0.24065060425061968, 0.5057745988100949, 0.44776983460829123, -0.6876908530574972, -0.23987231817517024, -0.13552614202955587, 0.04325079337552878, 0.5135342033710935, 0.41154151667756694, -0.02822756023575502]], "inverted": true, "swapped": false, "error_lsq": 0.05650258383243665, "error_max": 0.2838101108438562, "target": "916.xyz", "model": "11.xyz", "model_rescale": 3.6694154284099745, "target_rescale": 3.8578439005437306},
{"mapping": [6, 5, 0, 4, 3, 12, 1, 7, 10, 8, 11, 13], "R": [[-0.15285936808284478, 0.7679539739376388, -0.621997353292361], [-0.47423833590494213, 0.4951873303978579, 0.7279337253978239], [0.8670248060738661, 0.40624647903315003, 0.2884991922445257]], "T": [-0.11905242243756879, 0.029486805731532117, -0.020382702762980806], "aligned_model": [[-0.5915337880806578, -0.5045193286912851, -0.04784814199689373, -0.03851364912455789, 0.42127956016594664, 0.24283159819335964, 0.6316015623538239, -0.6143684984874961, 0.01740020049930259, 0.10212896549095295, -0.5589013713190579, -0.07460634400438988], [-0.2752675993226711, -0.05861105028270988, -0.5884004107754237, -0.6029239954413648, -0.27542197693641063, 0.20544894302961814, -0.3603623705667917, 0.5148759836965763, 0.6406044036557377, 0.2966534490933826, -0.04765886753172327, -0.07905710516630318], [-0.08154596930238651, -0.7191135697107381, -0.37235315969036337, 0.3554480228348372, 0.5765434932035127, -0.5679644611479477, -0.05215862065505937, -0.28726216842204133, -0.12736284348750765, 0.652148805509951, 0.5675034224106643, -0.054364923076277]], "inverted": false, "swapped": false, "error_lsq": 0.04362875638488703, "error_max": 0.22582100874622513, "target": "916.xyz", "model": "12.xyz", "model_rescale": 3.9764082729961374, "target_rescale": 3.8578439005437306},
{"mapping": [14, 6, 13, 11, 10, 5, 12, 4, 0, 2, 3, 15], "R": [[-0.13526963475823722, 0.9720801562544961, 0.19173496219679964], [0.15568531785340195, -0.17025666916644522, 0.9730235086621666], [0.978501000365998, 0.1614708531611284, -0.12830805065216672]], "T": [0.0005235816703605123, 0.008642345428247149, 0.0037132467964743846], "aligned_model": [[-0.5868747478041572, -0.40792174023326677, 0.01907239279086355, -0.2226987648199451, 0.4065739980765093, 0.15467465280807888, 0.5473120566075941, -0.43079925721508294, 0.0881270112295966, 0.2005661614617145, -0.678890426931812, -0.10419057097104531], [-0.5280615719915025, -0.20737280362990557, -0.5440344792001005, -0.631324241124325, -0.48115298167281645, 0.3952641790343159, -0.281748097955975, 0.48634384224545213, 0.729348151123784, 0.4889228229556086, -0.08991860688026582, 0.03361319054764731], [-0.07191840750190852, -0.6047016446153467, -0.25836463344457467, 0.4174272190925788, 0.49500796063392344, -0.7240126019136658, -0.15091304144455353, -0.3150744731264106, -0.0003750619575734523, 0.6083396960050986, 0.4906688822590676, 0.003434134480009175]], "inverted": true, "swapped": false, "error_lsq": 0.04093272711332654, "error_max": 0.1980395745960842, "target": "916.xyz", "model": "13.xyz", "model_rescale": 4.170626492500431, "target_rescale": 3.8578439005437306},
{"mapping": [12, 5, 4, 8, 0, 6, 2, 11, 3, 1, 10, 13], "R": [[0.1754984095996287, 0.30321414758757836, 0.9366223833171716], [0.7815117161203248, 0.535665582561801, -0.31984655887689506], [-0.5986983763086933, 0.7881139285417206, -0.14295695101627523]], "T": [-0.042160594803757105, -0.04443590507571497, 0.10435064220028686], "aligned_model": [[-0.6138284337024599, -0.5135693806791831, 0.08024424716507345, -0.28817466507121764, 0.39309774172818535, 0.044084430236229995, 0.5732711785383074, -0.45868434327812824, 0.2357532568520493, 0.16569146981053828, -0.5425690471646212, -0.09036568943572619], [-0.4286264588501411, -0.06777957972974244, -0.6713975720081702, -0.6976848220083095, -0.17545981817300257, 0.2347006329773995, -0.1273222270519435, 0.43907366159675454, 0.5690952405861123, 0.37641004138454753, -0.0804919975322766, -0.0006376977393109592], [-0.14323696157978763, -0.6731123201389683, -0.2038688468864401, 0.35792355589919234, 0.49066828508500293, -0.6844039811203383, -0.11314822498443833, -0.19960020419466049, -0.04335524390654227, 0.713038311271122, 0.36245845683866196, 0.026155202183840445]], "inverted": true, "swapped": false, "error_lsq": 0.032876399804944015, "error_max": 0.19114849579697646, "target": "916.xyz", "model": "14.xyz", "model_rescale": 3.9786697098870705, "target_rescale": 3.8578439005437306},
{"mapping": [4, 2, 5, 10, 7, 3, 8, 0, 9, 6, 1, 11], "R": [[-0.46104171890991064, 0.06544368804277013, -0.8849619523572503], [0.11480144626350564, 0.9932947204015417, 0.013646477869077342], [0.8799211108732437, -0.09530331640496241, -0.4654633353141934]], "T": [-0.07800156674407008, -0.047057912986054606, 0.03930887870791445], "aligned_model": [[-0.4986580634198795, -0.29848999098882445, 0.1790040560928017, -0.35299285345833875, 0.3670349124721122, 0.13032133360039627, 0.2761853486138969, -0.5648431405647432, 0.2083674140379688, 0.1269007044287113, -0.5353460601245965, -0.052532895690457555], [-0.4673572215909438, -0.1950562787629154, -0.7306470585392391, -0.5933514156184925, -0.3459714095129268, 0.5063214444182136, -0.1553978663213793, 0.3608657213468494, 0.5030056600416937, 0.37327546646476417, 0.0834204373608671, 0.030771924165425762], [-0.10667513782072688, -0.7873281364132797, -0.2943280161973805, 0.6034579633563794, 0.425921422673628, -0.6646244194770534, -0.3281720181051073, -0.24422097268553045, -0.01395593634881883, 0.6785980153210798, 0.523543848487667, 0.09730141567578762]], "inverted": true, "swapped": false, "error_lsq": 0.059993524667150716, "error_max": 0.35259648422189316, "target": "916.xyz", "model": "15.xyz", "model_rescale": 3.769337070930944, "target_rescale": 3.8578439005437306},
{"mapping": [0, 3, 7, 10, 1, 2, 5, 6, 8, 9, 11], "R": [[0.534401039243364, 0.022303155948202286, -0.844936742301081], [-0.43204456223302823, 0.8663968771732866, -0.250387594479536], [0.7264661213714538, 0.4988577156455814, 0.4726393488066654]], "T": [0.014568608660799521, 0.003700501103175831, 0.11601729361955446], "aligned_model": [[-0.24703069683188056, -0.4757079976152762, -0.1143243258294709, -0.6115812115651255, 0.3432448592422174, 0.26041617159714275, 0.6511222157666664, 0.43364889373619303, 0.13830990587349723, -0.5187135766796019, 0.06324189299680918], [-0.09029903194991515, -0.6090848721818893, 0.6825605478527925, 0.17862520709003799, 0.2708604857384115, -0.465344062706251, 0.31041965140504574, -0.3976205892773323, 0.5491574238175148, 0.1120458647334151, 0.054743873103512725], [-0.5195741863236211, -0.20709124475744836, -0.11980720572763884, -0.10195852626231905, -0.6074078141883359, -0.28938811806117204, -0.02680123389822142, 0.35167438949726126, 0.5724465192227476, 0.6725980806923398, 0.019526947030184857]], "inverted": false, "swapped": true, "error_lsq": 0.04057216269310668, "error_max": 0.22114939648152304, "target": "916.xyz", "model": "16.xyz", "model_rescale": 3.7852294659196426, "target_rescale": 3.8578439005437306},
{"mapping": [8, 9, 0, 3, 1, 10, 4, 11, 6, 7, 2, 12], "R": [[0.9849172642745182, -0.08768245475575567, 0.14916356680504808], [0.03867823716937151, -0.7287000799685459, -0.683739853616348], [0.1686474918386545, 0.679196569913188, -0.7143178864586068]], "T": [-0.052163336701822494, -0.0934739795492909, 0.047079769677619045], "aligned_model": [[-0.6475805288559227, -0.4602301642537636, 0.038747355773319, -0.16020449811975593, 0.2722461052681164, 0.19134083377340788, 0.5939233498802879, -0.5906018183801824, 0.2300073440268987, -0.029707265509680544, -0.37374384941606814, -0.07924609918760885], [-0.2859202569696231, -0.12228801076065152, -0.6366315675113076, -0.8131004576399639, -0.2612446213717251, 0.2870490143285931, -0.31298605153668957, 0.4020358463571262, 0.7328410846528854, 0.48957794341461347, -0.05791205828933324, -0.051541461222007943], [-0.13360976750384965, -0.7144404213671665, -0.3559862749995478, 0.36795390486591145, 0.6309168016911005, -0.6201256300086558, -0.14311257707361963, -0.002780919360623045, -0.11095933153353124, 0.4356324497238751, 0.5661253790695225, -0.030095585036771268]], "inverted": true, "swapped": false, "error_lsq": 0.04980594882234996, "error_max": 0.30047813124790823, "target": "916.xyz", "model": "17.xyz", "model_rescale": 3.901054581598922, "target_rescale": 3.8578439005437306},
{"mapping": [1, 0, 8, 4, 10, 3, 5, 7, 12, 11, 6, 14], "R": [[0.509038917126585, -0.6476855208355956, -0.5669063828803811], [-0.8048012415629273, -0.5917101475185802, -0.046626847441268604], [-0.30524472547345494, 0.4799818407226087, -0.8224616040564883]], "T": [0.03289482217241883, -0.08807023995630747, -0.062209546786043665], "aligned_model": [[-0.6286622439395831, -0.43830101368184066, 0.09176843777382114, -0.17442063587051154, 0.33058633380686614, 0.008221209512682334, 0.6027555277124215, -0.4846964227869485, 0.07891830840769277, 0.03980354963967113, -0.49590178367248067, 0.05487949809725721], [-0.3029316745275462, -0.05633488628671138, -0.7197944647186693, -0.7402601883358064, -0.32891046003053437, 0.37502020685795806, -0.3158586881374953, 0.3251833250220877, 0.6530341586085457, 0.42838226085099784, 0.09269693596572706, -0.04034712181663645], [-0.10536463509676162, -0.6559029610164498, -0.2568287991078123, 0.3343286506161798, 0.6629314742741751, -0.6691233301362459, -0.17821491800771172, -0.09379780364367772, -0.0871336961153595, 0.5460338854196314, 0.4392115567050509, -0.04662139542437395]], "inverted": true, "swapped": false, "error_lsq": 0.03992871964216781, "error_max": 0.1923288667945367, "target": "916.xyz", "model": "18.xyz", "model_rescale": 3.9405287249114394, "target_rescale": 3.8578439005437306},
{"mapping": [14, 13, 12, 3, 1, 7, 0, 11, 5, 2, 10, 15], "R": [[-0.5867782700558581, -0.23943435807031985, -0.77353891302617], [0.49698805230886367, 0.6477025282549764, -0.577481004669724], [0.6392919033215553, -0.7232929026802112, -0.2610617537670692]], "T": [0.025020265852883403, -0.07200279236901616, -0.14617693516988536], "aligned_model": [[-0.6870963776539368, -0.46250441285361954, -0.023694419636726208, -0.2123203797809463, 0.3637795967216438, 0.21945417899987923, 0.7043831169673019, -0.5666115752709909, 0.12925941609049318, 0.018761890782613352, -0.5124420948585212, 0.013981825491857522], [-0.36899768215041095, -0.09569964427305991, -0.6143694132995366, -0.6292961628372711, -0.33358212591649705, 0.19724314910518928, -0.17509835809553545, 0.33930289409044767, 0.7188909934547049, 0.3478970933013549, 0.03837900386595379, -0.05479034379342278], [-0.07967217172768468, -0.60779148458739, -0.2062135084186173, 0.4525902249484819, 0.35615541695333197, -0.7669245693654239, -0.12355661666707575, -0.1426274627724413, 0.08809611462891387, 0.6147239793837349, 0.41672101901452263, -0.11198291292370806]], "inverted": false, "swapped": false, "error_lsq": 0.035980391783300876, "error_max": 0.2203955019423872, "target": "916.xyz", "model": "19.xyz", "model_rescale": 4.410303926677745, "target_rescale": 3.8578439005437306},
{"mapping": [11, 9, 12, 4, 2, 8, 7, 10, 5, 3, 6, 13], "R": [[0.5560259655742785, -0.6028977029758709, -0.5721446367428519], [-0.6845653718243165, -0.7225833933433935, 0.09614307756350537], [-0.4713866537209415, 0.33821235845362796, -0.8144980192014024]], "T": [0.023172260320638988, -0.027140538045015553, 0.11866287922476096], "aligned_model": [[-0.7108342156660614, -0.28631787025937816, -0.00864452249641573, -0.21016239924499916, 0.40481167067648927, 0.21332703018693808, 0.5702604632530477, -0.5216577833193732, 0.03160783300790429, -0.13547824869592964, -0.38148362811661574, 0.01952243567344148], [-0.38648228088555475, -0.07695259535921231, -0.5940799163494677, -0.6375730935813293, -0.4568471402386642, 0.22772036259890105, -0.32010551808746707, 0.4722261394094559, 0.7560066738780897, 0.4860001932549916, -0.11007623152384319, 0.010042810336017116], [-0.020050240398399227, -0.494192197288688, -0.3795763915553567, 0.37947013909425753, 0.4477712568885942, -0.5812975955360268, -0.23021988567288545, -0.24040140193188111, -0.17404859738469033, 0.6059813598635364, 0.5259479217671806, 0.05013366062100294]], "inverted": false, "swapped": false, "error_lsq": 0.052583233527762174, "error_max": 0.2737612414764971, "target": "916.xyz", "model": "20.xyz", "model_rescale": 4.121658175737393, "target_rescale": 3.8578439005437306},
{"mapping": [1, 0, 2, 6, 10, 3, 4, 5, 7, 9, 8, 12], "R": [[0.7750221217207075, 0.42073696804371824, -0.4715094002932628], [0.11270404508598184, -0.8262026941014659, -0.5519845165226438], [-0.621802628705275, 0.3746591944432421, -0.6877441231696212]], "T": [-0.048629841648855116, -0.03660254686068193, 0.06993495532302127], "aligned_model": [[-0.4703199599901675, -0.47708992484123036, 0.14702585968734258, -0.2356189729419541, 0.44644618590262, 0.10027570377265346, 0.46228039847411895, -0.6092415478353498, 0.07932590105308732, 0.14334651367310788, -0.5257259535630195, -0.0757534383921614], [-0.4398980868357245, 0.1479601645283587, -0.6941288233008496, -0.5360457225392108, -0.35199578160459544, 0.10230871191051888, -0.22866735574776884, 0.3257997640270571, 0.5896100495177516, 0.35778678422273513, 0.06759607862345297, 0.029553620650191584], [-0.3067678685620292, -0.80728924245894, -0.25501069633966356, 0.4417091355971602, 0.583841441065919, -0.5942724698668085, -0.10673829576941013, -0.06527824646082184, -0.17152554195087916, 0.6446218350284066, 0.5338584933226522, -0.007630515138940919]], "inverted": false, "swapped": false, "error_lsq": 0.050242143162857585, "error_max": 0.29605648845569504, "target": "916.xyz", "model": "21.xyz", "model_rescale": 4.08911054899281, "target_rescale": 3.8578439005437306},
{"mapping": [8, 6, 5, 11, 15, 7, 14, 0, 4, 2, 1, 16], "R": [[-0.8054681325197904, -0.14486729773975152, -0.5746603810431546], [-0.3278514408753487, 0.9166946499445171, 0.2284389447512334], [0.49369476421270575, 0.37240352416254274, -0.7858632800813887]], "T": [0.06224903088680103, -0.07016053403875411, -0.10534252096546595], "aligned_model": [[-0.5426151924841515, -0.5322305547698335, -0.028293445331579584, -0.1938145414378266, 0.2891791529105576, 0.0053148315682488845, 0.6864841607977459, -0.43922770423473, 0.08727845045974561, 0.09634516692373699, -0.4994176528774956, 0.055948093474629534], [-0.40419849364096233, -0.059728823961066685, -0.7292441104157523, -0.6429246519952554, -0.27932363320846054, 0.2030620408682764, -0.09851143884789416, 0.503841304654346, 0.6069045960670296, 0.29789620577849696, -0.002678473689928601, -0.025215118156912394], [-0.0477236795095565, -0.5548414978427665, -0.3401615008170047, 0.3331386557893734, 0.5551576952026893, -0.7594863197731601, 0.04077152602739659, -0.24362618409334388, 0.05972874733534589, 0.5148393226543708, 0.4514115442611244, -0.11969028076782443]], "inverted": true, "swapped": false, "error_lsq": 0.04347439846865373, "error_max": 0.24970682106388856, "target": "916.xyz", "model": "22.xyz", "model_rescale": 4.204369325754507, "target_rescale": 3.8578439005437306},
{"mapping": [14, 13, 12, 3, 1, 7, 0, 11, 5, 2, 10, 15], "R": [[-0.5867782700558581, -0.23943435807031985, -0.77353891302617], [0.49698805230886367, 0.6477025282549764, -0.577481004669724], [0.6392919033215553, -0.7232929026802112, -0.2610617537670692]], "T": [0.025020265852883403, -0.07200279236901616, -0.14617693516988536], "aligned_model": [[-0.6870963776539368, -0.46250441285361954, -0.023694419636726208, -0.2123203797809463, 0.3637795967216438, 0.21945417899987923, 0.7043831169673019, -0.5666115752709909, 0.12925941609049318, 0.018761890782613352, -0.5124420948585212, 0.013981825491857522], [-0.36899768215041095, -0.09569964427305991, -0.6143694132995366, -0.6292961628372711, -0.33358212591649705, 0.19724314910518928, -0.17509835809553545, 0.33930289409044767, 0.7188909934547049, 0.3478970933013549, 0.03837900386595379, -0.05479034379342278], [-0.07967217172768468, -0.60779148458739, -0.2062135084186173, 0.4525902249484819, 0.35615541695333197, -0.7669245693654239, -0.12355661666707575, -0.1426274627724413, 0.08809611462891387, 0.6147239793837349, 0.41672101901452263, -0.11198291292370806]], "inverted": false, "swapped": false, "error_lsq": 0.035980391783300876, "error_max": 0.2203955019423872, "target": "916.xyz", "model": "23.xyz", "model_rescale": 4.410303926677745, "target_rescale": 3.8578439005437306},
{"mapping": [4, 3, 10, 15, 14, 1, 11, 0, 7, 13, 5, 16], "R": [[0.8896065849780311, 0.4114022085145659, 0.19836417719200955], [-0.12464230387431453, 0.6365134262823845, -0.7611274231343677], [-0.4393909649146513, 0.6523793995763487, 0.6175246545359744]], "T": [-0.06770176287996427, -0.09982950709804816, 0.0862803300944506], "aligned_model": [[-0.6146071372938695, -0.5314629735898565, 0.04591889385843234, -0.14338756486557505, 0.3819279630853774, 0.16673141831826405, 0.5433579905835315, -0.49542377103189866, 0.19589984597183224, 0.18169510700348476, -0.6305681684351618, -0.11513083860551321], [-0.42697727659168155, -0.03343876086243541, -0.5166603078382188, -0.5865778267575075, -0.2546222166612222, 0.23517336607275946, -0.14842121824260646, 0.4745654864221135, 0.4946684778158239, 0.3383533140279025, -0.1328563194648666, -0.0733273144681443], [-0.17401415955847524, -0.6816837269350661, -0.40067590632958217, 0.6026735170375366, 0.5679672788579169, -0.6681396511434006, -0.07172697959702656, -0.15353227642909628, -0.05162265909138225, 0.5761615814111122, 0.3650143836117621, -0.020903373367654465]], "inverted": false, "swapped": false, "error_lsq": 0.0419815766483422, "error_max": 0.23799731795011253, "target": "916.xyz", "model": "24.xyz", "model_rescale": 4.28219845311461, "target_rescale": 3.8578439005437306},
{"mapping": [0, 6, 2, 4, 7, 14, 13, 8, 11, 9, 1, 15], "R": [[0.7728074112756934, 0.09827903350579721, 0.6269847977826317], [-0.5470447974744187, -0.3976769663219515, 0.736610494096535], [0.3217307797422144, -0.9122468207837919, -0.253564672887078]], "T": [-0.032638749059064984, 0.03899119417226937, 0.06354596674349955], "aligned_model": [[-0.5750549216345844, -0.5800691226646646, 0.05749683608698232, -0.16839772798975555, 0.40557041572226254, 0.21586478767509637, 0.49788287805572545, -0.5986244508291609, 0.14026241562033853, 0.2765958711278297, -0.6083748438395362, -0.0782013723314856], [-0.5280361978943272, -0.050692392002764736, -0.4485673460331448, -0.6167976685186827, -0.27794673974499395, 0.17258426479712757, -0.2233624457376293, 0.397328370731271, 0.5368409260311104, 0.3791235741928766, 0.04595286444483093, -0.016547806813757164], [-0.15965529761332398, -0.6467173473772849, -0.4086216629719061, 0.35707456881817934, 0.6230717299538565, -0.643945028680657, 0.012225135431966315, -0.11866465373828983, -0.07330396197106076, 0.5590836521098637, 0.343468961798603, 0.045501932706698195]], "inverted": false, "swapped": false, "error_lsq": 0.044371996915087884, "error_max": 0.24136991878566652, "target": "916.xyz", "model": "25.xyz", "model_rescale": 4.100010024507729, "target_rescale": 3.8578439005437306},
{"mapping": [3, 7, 8, 1, 0, 9, 10, 5, 4, 6, 2, 11], "R": [[0.9020157436172193, -0.022568103548137104, 0.43111283786140686], [0.1959790845952143, -0.8683933780794436, -0.4555053669376403], [0.38465542589166346, 0.49536211160121346, -0.7788816224061844]], "T": [-0.1107244258214117, -0.08622323362343731, 0.04256293628761477], "aligned_model": [[-0.6620556395106114, -0.4881189306789516, -0.0021232137589346223, -0.07645400036005756, 0.5141352125230972, 0.18243923244886015, 0.45701429561488793, -0.31845884950623404, 0.3312790329334967, -0.14366016873371368, -0.7518873565410722, -0.05715884943171927], [-0.636406549670986, -0.023881151129394096, -0.6199401025241428, -0.618583118851522, -0.2247774751866552, 0.15892034625497198, -0.199825318784362, 0.6132886388433603, 0.6690727676459792, 0.3582803552974775, -0.10907470773494538, 0.0028057192921350227], [-0.18416120889031415, -0.5162242317370187, -0.24065060425061968, 0.5057745988100949, 0.44776983460829123, -0.6876908530574972, -0.23987231817517024, -0.13552614202955587, 0.04325079337552878, 0.5135342033710935, 0.41154151667756694, -0.02822756023575502]], "inverted": true, "swapped": false, "error_lsq": 0.05650258383243665, "error_max": 0.2838101108438562, "target": "916.xyz", "model": "26.xyz", "model_rescale": 3.6694154284099745, "target_rescale": 3.8578439005437306},
{"mapping": [12, 11, 9, 3, 7, 10, 8, 2, 0, 1, 6, 13], "R": [[0.29199695298700035, -0.8933934833873746, 0.3414467210082422], [0.8858814533970348, 0.3871993059633645, 0.25552054318321726], [-0.36048832154934646, 0.22787009742935072, 0.9045017350586306]], "T": [0.06315219120966958, 0.00798172724857478, -0.03349089745268455], "aligned_model": [[-0.6540733045019724, -0.5369977794961951, 0.06520179468537723, -0.17366933282479083, 0.36177678318132467, 0.14055459154570163, 0.6412638709604939, -0.4267681494020677, 0.07650914707665482, -0.046064034236569296, -0.48597999788058505, 0.02319717589167561], [-0.32925506960246514, -0.15779078084872955, -0.6271715442473021, -0.6132438902842728, -0.3552714792819947, 0.0036398739978023426, -0.10063105331628897, 0.42514292466193776, 0.6489988030194175, 0.3374577943293829, 0.09326574279120584, 0.0447380822332234], [-0.07338757035017554, -0.6238424515846872, -0.2813611383127561, 0.4256665028018145, 0.38483790353221725, -0.6300483017527284, -0.2831853949164822, -0.25277209005891643, 0.12729480910516436, 0.77839825201046, 0.36946183848822034, -0.051544330495485936]], "inverted": true, "swapped": false, "error_lsq": 0.042657931323224145, "error_max": 0.2147176957817625, "target": "916.xyz", "model": "27.xyz", "model_rescale": 4.103607728864725, "target_rescale": 3.8578439005437306},
{"mapping": [3, 0, 2, 12, 13, 1, 4, 5, 7, 11, 10, 14], "R": [[0.9478004969664383, 0.3113081653590919, 0.06900321826501168], [-0.2909921394750845, 0.7559756569180726, 0.5863653988009537], [0.13037558327342383, -0.5758368105010699, 0.8071023323953844]], "T": [-0.19256802798478295, 0.04214611955767328, 0.15777390412879222], "aligned_model": [[-0.569328265223299, -0.4583655550106837, 0.0396122932700706, -0.10410727886007473, 0.30562982285082546, 0.08887211596322014, 0.5984763904213644, -0.38515276255671027, 0.14669890597188706, 0.07566306380699639, -0.5867488889446932, -0.16629907668985527], [-0.5304364458362427, -0.046308424759569866, -0.5164156725581504, -0.8003165061997595, -0.20385069421926702, 0.1278632209613917, -0.30190053968496106, 0.6204342238213891, 0.6302443263396715, 0.41202707272551325, -0.034899621767663175, 0.013438464629565654], [-0.14838256242010772, -0.49889892856507767, -0.261059868437883, 0.2982197555838034, 0.49117606667138175, -0.6885740479431324, -0.12059619395464083, -0.24674358481180586, -0.08537150970174276, 0.6709029281949891, 0.47155835068770857, 0.007287623163152485]], "inverted": false, "swapped": false, "error_lsq": 0.043522938854857245, "error_max": 0.2255172328244978, "target": "916.xyz", "model": "28.xyz", "model_rescale": 4.137296879288765, "target_rescale": 3.8578439005437306},
{"mapping": [10, 9, 4, 6, 2, 3, 0, 8, 5, 1, 11], "R": [[0.8367611314631628, 0.36630546438421263, -0.40700259905159586], [0.04728078533640717, 0.6921811508055699, 0.7201734386989357], [0.5455229932921805, -0.6218565439325564, 0.5618710728964399]], "T": [-0.05535428502331417, -0.07443510884568244, 0.023688413100032227], "aligned_model": [[0.5653822007047531, 0.03162869208064452, -0.09449291527659838, -0.5080971388670855, 0.017780650472699874, 0.5651791641025719, 0.5393930618013572, -0.4588128604168247, -0.496379378677863, 0.09931579986981094, -0.039478265083567374], [-0.34279834843888723, -0.8212104496382313, -0.2572982777036289, 0.15394544136957966, 0.5441873789539853, 0.1243085180964012, 0.272176238226409, -0.5504300930499912, 0.26746456078420033, 0.526489434766173, 0.002313413281942553], [0.13701579332093186, -0.17798293250580416, -0.752466143631275, -0.34385396858860956, -0.21454440088552632, -0.5201087928615864, 0.10961166810525258, 0.38674867546894875, 0.48006078995659685, 0.5873490196865246, 0.11392431371754533]], "inverted": true, "swapped": true, "error_lsq": 0.05418610159344862, "error_max": 0.2982020941396438, "target": "916.xyz", "model": "29.xyz", "model_rescale": 3.607286011436655, "target_rescale": 3.8578439005437306},
