[{"mapping": [0, 5, 1, 9, 12, 3, 7, 6, 4, 8, 13, 14], "R": [[-0.7515127125622202, 0.2824154359803104, 0.5962131870207379], [-0.6541928027286791, -0.4357417256966961, -0.6181916574533024], [0.0852080965364782, -0.8546172652169606, 0.512219591852668]], "T": [-0.0428276581463216, -0.045817734981475025, -0.11405368911699583], "aligned_model": [[-0.31168216018980577, 0.08972825005469535, 0.4075328502356136, 0.12156194307896857, -0.19882689836651218, -0.44700273559846404, 0.4700301818837893, -0.19764149336120607, 0.5884211434502401, 0.021573625269523028, -0.6053311541780714, -0.10072108981822175], [-0.46802257092098315, -0.6496902508594551, -0.46059145710391064, 0.7368690705397141, 0.5707593523211909, -0.531312803480609, -0.16571267178302873, -0.6619256981128865, 0.18657228020442074, 0.39080547186580183, 0.1402208027127086, -0.0344164894059055], [-0.5021436353068675, 0.04368088799140603, -0.4765096001907116, -0.06012922666323696, -0.49138963722062245, -0.0011059610634841094, 0.49867282576296185, 0.5788569251968464, -0.0015212024978569494, 0.4073692229831973, 0.22844619393313526, -0.04227504757120465]], "inverted": true, "swapped": true, "error_lsq": 0.04758912461105255, "error_max": 0.2634493223553975, "target": "917.xyz", "model": "0.xyz", "model_rescale": 3.751011558992144, "target_rescale": 4.157386246227121},
{"mapping": [12, 7, 6, 13, 1, 3, 2, 0, 8, 4, 11, 9, 10, 5, 14], "R": [[-0.11270059026350593, 0.9846993447043052, 0.1329126686707095], [0.9919978678742053, 0.1038429758973961, 0.07181132563742404], [0.05691051824828784, 0.139942262721757, -0.9885228151221532]], "T": [0.026076584891428077, 0.050592086589423865, 0.0329691859924484], "aligned_model": [[-0.3884800077780741, 0.20645067925564523, 0.5428883183591696, -0.6949065499986028, 0.6256719561577544, -0.426986008682956, -0.3944766251441403, 0.13719506844635543, 0.21800508195690482, 0.6684142986736932, 0.005394150038356679, -0.4186357580422884, 0.20508793733921418, -0.34566212285423836, -0.008436073617157674], [-0.5630473477340133, -0.5017358280951232, -0.47182302554065786, 0.11902380033741325, -0.01312059672675503, -0.1695517252349789, 0.5604832503022998, 0.021381016084220043, 0.6799656906798095, 0.4075005445469312, -0.5822283971951309, 0.017773046237831214, 0.15039766534586518, 0.5096381979475318, 0.013263694389213578], [-0.026734919349443595, -0.286524295223918, 0.18696213400735967, -0.021826964038697348, -0.31647556525799614, -0.5412057681215827, -0.4639051448845017, -0.7169000789276968, -0.05346327682297068, 0.3255312888034165, 0.5186042970767962, 0.5180912984209577, 0.826976446836307, 0.23588061446852499, 0.053445513343428945]], "inverted": true, "swapped": false, "error_lsq": 0.045093878489917166, "error_max": 0.32786953615035236, "target": "917.xyz", "model": "1.xyz", "model_rescale": 3.9405287249114394, "target_rescale": 4.157386246227121},
{"mapping": [10, 11, 12, 5, 13, 2, 0, 3, 8, 4, 7, 1, 14], "R": [[0.8605295698805272, -0.4788791650361504, 0.17367672456467592], [0.46324135792907356, 0.5938484639610698, -0.6578384650923857], [0.21188747878358188, 0.6465436931448311, 0.7328607979619185]], "T": [-0.020252221082732263, -0.0966634147225616, 0.00988397064526253], "aligned_model": [[-0.31067131873418263, 0.2445588431128646, -0.414730009452754, 0.2587526521506355, 0.4712151879000389, -0.7227628818077599, 0.1352376838483317, 0.542620846617702, 0.0325068887817196, -0.4914529691866694, 0.03737752158554006, -0.3414526695433397, 0.05478350401180465], [0.5880800391210996, 0.538389000045193, 0.20076385485328593, -0.205858437991951, -0.0791307673344567, 0.05448519572308011, 0.435205547789447, 0.11917865397387412, -0.6210257882952803, -0.5847788597425473, -0.8649854117021321, 0.0015719263384930404, -0.123062359206088], [-0.09289932073453794, -0.42945020541245355, -0.5403975746227314, 0.5732186923273137, -0.4660142145036307, 0.015189995278793611, 0.3166277876560418, 0.2298981862796609, -0.42477656452413687, 0.07957540870700758, 0.2531777512999512, 0.6371129601067946, -0.038142552269428746]], "inverted": true, "swapped": true, "error_lsq": 0.05244596263345686, "error_max": 0.35621694036332124, "target": "917.xyz", "model": "2.xyz", "model_rescale": 3.932901565614263, "target_rescale": 4.157386246227121},
{"mapping": [12, 11, 10, 9, 2, 1, 0, 4, 8, 7, 3, 13, 5, 14], "R": [[-0.9851399320173123, 0.011065308834192635, 0.17139682985787533], [0.07404710550417992, 0.9277808473447745, 0.3657044236356256], [-0.15497206364818908, 0.37296147018239867, -0.9148133149708773]], "T": [0.05522353556475966, -0.10864088188757892, 0.08360181110225978], "aligned_model": [[-0.1440328276026766, 0.5970982247448262, 0.19351443849672484, -0.5012068203284235, -0.4377048274269238, -0.10629766598881059, 0.5057354005474035, -0.6019921262433908, -0.22933814590911006, -0.3110575073922011, 0.6567567586878708, 0.43354216175727367, 0.2662936021053306, 0.09849924660481019], [0.14996768375380332, 0.14459921613512539, -0.34593031033881005, 0.3851851272569189, -0.38816683442635613, -0.7985303250102549, -0.5136940126605534, -0.15136835740141164, 0.47287336054327755, -0.04049945856072057, -0.19896791219292456, 0.4616211812105493, -0.48027602032328054, -0.0333166996348742], [-0.5799522535988559, -0.4719810013159523, -0.6152190587641486, -0.2148132620959684, -0.3583055950192074, 0.1484059256489977, -0.10112635094750955, 0.2607618120341078, 0.3016271275521722, 0.8005583551028632, 0.28809864021756115, 0.0819027197099027, 0.5573633882038647, 0.11657591632927033]], "inverted": false, "swapped": true, "error_lsq": 0.0526901162809865, "error_max": 0.36039023010945387, "target": "917.xyz", "model": "3.xyz", "model_rescale": 3.9243930471874484, "target_rescale": 4.157386246227121},
{"mapping": [7, 8, 6, 5, 3, 4, 1, 13, 11, 12, 0, 2, 14], "R": [[0.9755439437983422, -0.05889926199090885, 0.2117661225392378], [0.1897688001890424, -0.26045946152896904, -0.9466512934417041], [0.11091355279310319, 0.9636865392008783, -0.2429124080195281]], "T": [-0.04052050661480073, -0.0322958962928465, -0.06241717587213742], "aligned_model": [[-0.12291993788719335, -0.2791304116394781, 0.681684175333797, 0.36393409058666903, 0.5997492265259525, -0.5796535693070287, -0.10065442252722984, 0.25475880988619787, 0.2330356059437747, -0.492931502518746, 0.3471062338894802, -0.6322383862241893, 0.004465974249346395], [-0.6523185252212588, 0.039961969824877513, -0.43598878992960116, -0.5215500655321007, -0.023551673943897844, -0.4192102040028513, -0.5329379672459097, 0.4293722460664466, 0.7146273303396827, 0.5366077040718359, 0.03050472823070638, -0.03946540148434023, 0.0017782025079979835], [-0.5738993508603035, -0.6984307899830944, -0.5086614029892769, 0.002081798786133446, -0.020010201890788407, -0.2198229839646874, 0.4395564733311617, -0.4722944038586492, 0.1211685922956718, 0.07381229797431506, 0.4345285602992204, 0.34527613277451363, -0.13623440654325247]], "inverted": true, "swapped": true, "error_lsq": 0.04327827696236568, "error_max": 0.24523181775577138, "target": "917.xyz", "model": "4.xyz", "model_rescale": 3.8936222436046832, "target_rescale": 4.157386246227121},
{"mapping": [11, 13, 0, 10, 5, 7, 8, 4, 2, 12, 1, 14], "R": [[0.5618382737544116, -0.5406512380094138, 0.6261261797621555], [0.14579698825827248, -0.6803162878485438, -0.7182708310260095], [0.8142978523608423, 0.4948393550707799, -0.3034024065719563]], "T": [-0.16219514152894954, -0.025443613450745188, -0.028303097756799057], "aligned_model": [[0.012922519681226041, -0.46353582358957324, -0.11317547469909861, 0.43213001684194974, -0.5799197559026317, -0.6299794987536731, -0.35570278185081716, -0.007783453044613614, 0.5059662638802787, 0.4398061503796693, 0.014391433684848631, -0.22757155441246824], [-0.6092317141134751, -0.6334286850951366, 0.13834649992227618, -0.11991201609654062, 0.42523234746296606, 0.2878288238069329, -0.3778967076243566, 0.2599954750558998, 0.18833028864317494, -0.4518149746361522, 0.6527472009731774, -0.09127363318895884], [-0.5714018417545672, -0.11704224603694993, -0.6381582806638212, -0.4773404925005455, -0.20008961017330273, 0.5512397541346072, 0.5239656890406837, 0.5715512899339095, 0.12744137204704, 0.02353696559613151, -0.15122793752033062, -0.023189942827336624]], "inverted": false, "swapped": true, "error_lsq": 0.04741461252410983, "error_max": 0.31158913834742585, "target": "917.xyz", "model": "5.xyz", "model_rescale": 3.6523030999806103, "target_rescale": 4.157386246227121},
{"mapping": [11, 12, 2, 0, 1, 13, 9, 3, 8, 7, 4, 5, 14], "R": [[-0.4122155815062826, -0.8783824707129487, -0.24191434332766037], [0.9099348844858243, -0.3835715034175409, -0.1577701104828713], [0.04579105108214154, -0.28516159788832585, 0.9573850023530605]], "T": [0.11065577072978583, -0.061941831522675274, 0.010353352894823135], "aligned_model": [[0.09002489969628796, -0.17344205566154974, 0.21551542899060702, 0.6566756723246471, 0.6948967389332509, -0.287594146744829, -0.5353715471086774, 0.3998304955675983, -0.5426834175192464, -0.1133892249328746, -0.09020402869778124, 0.5125562281120412, 0.05426786170482042], [-0.5746693246270277, 0.12610665847538133, 0.5538690583816039, -0.31384180341298284, 0.31767782711010645, -0.6100888679130787, 0.3250016112803342, -0.6172899585367625, -0.02973563009303152, 0.15407810502761912, 0.5377915312640836, -0.1952993488443822, -0.13277295394868027], [0.6452674198758582, 0.6667158104716928, 0.36556692909103017, 0.20925570159240486, -0.13382542986401327, 0.10657455727600182, 0.285042087387331, -0.13031142727347267, -0.18657269671218626, -0.7352812552875383, -0.24483082324916533, -0.4669359471917057, -0.010555186634448401]], "inverted": false, "swapped": true, "error_lsq": 0.04894775308864541, "error_max": 0.25272862321188133, "target": "917.xyz", "model": "6.xyz", "model_rescale": 4.08911054899281, "target_rescale": 4.157386246227121},
{"mapping": [2, 7, 12, 0, 5, 6, 3, 4, 8, 10, 13, 1, 11, 9, 14], "R": [[-0.26438256753730605, 0.8647121679048504, 0.4270535383996672], [-0.9160005544330545, -0.3636901593579993, 0.16932941937091261], [0.30173637874926384, -0.3464135312938096, 0.8882301633449711]], "T": [0.05164289651613923, 0.003176206710616367, 0.03075299898880004], "aligned_model": [[-0.513527339730875, 0.11311033701843468, 0.6123853414999892, -0.8551142993763542, 0.6509433518402649, -0.2502765631020729, -0.39709454400226213, 0.2508810390706642, 0.19432584898344551, 0.6846180773416862, 0.08355223325317843, -0.5106430901451875, 0.22815552339293912, -0.3402654632121324, -0.019526108722082693], [-0.5716901439749175, -0.6892754570495876, -0.30388239428886965, 0.09094974788469222, -0.1799865023201685, -0.12953346417224898, 0.44850230478837083, 0.292907307402045, 0.6631672558737731, 0.3148842565349761, -0.5622589540107868, -0.05392506290382732, 0.1481787154517981, 0.6034933928580068, 0.10638898327120037], [0.014915505460918653, -0.3098661602657452, 0.3458479750785015, -0.20322002567608374, -0.40259630105924205, -0.34391451976814247, -0.445451591616551, -0.5801557843379836, -0.06517595068079712, 0.17722965458805914, 0.49460577261485783, 0.49821419852103094, 0.5714457287059398, 0.34790347037259817, 0.13867360839262258]], "inverted": false, "swapped": false, "error_lsq": 0.048505672306834634, "error_max": 0.2804977481426465, "target": "917.xyz", "model": "7.xyz", "model_rescale": 3.964800864290218, "target_rescale": 4.157386246227121},
{"mapping": [7, 4, 8, 5, 13, 1, 3, 9, 2, 10, 0, 11, 12, 14], "R": [[0.7155894748744965, 0.3729113470802847, 0.5906511920479038], [-0.6746551442176125, 0.5881124995333905, 0.44605394771630513], [-0.18103077039430318, -0.7176773753653902, 0.6724336733530603]], "T": [-0.03957071974276452, -0.009067466894941388, 0.0200053023271399], "aligned_model": [[-0.14523550107887453, 0.2374828894095725, 0.37700335248663985, -0.6373090317915752, 0.08515670809627615, -0.40017514801124066, -0.5605278605255157, 0.7505834999343851, 0.3104086647387584, 0.08948617538695056, -0.4641821360919983, 0.07580195188274194, 0.5787783925479135, -0.03608406752316092], [-0.2983424347452725, -0.5434540297415175, 0.1429538923549232, -0.13598138398096393, 0.6495953269784309, -0.5897770585132961, 0.36391395096334855, -0.07459826845374914, -0.5245383166717194, -0.0031977729269478603, 0.07642535686309279, 0.6096267031074476, 0.06818848969046895, 0.07013401125695656], [-0.7269797637540504, -0.3006440830216697, -0.49963375702491464, -0.16361127918521953, -0.11759223818963149, 0.2174310657452429, 0.05618075592145724, -0.09786092418561071, 0.3780549053679976, 0.7596613841391492, 0.48211956880804985, 0.5399453547583033, 0.4182029640085999, -0.028458914662682175]], "inverted": false, "swapped": true, "error_lsq": 0.04606162946984691, "error_max": 0.28645241480278766, "target": "917.xyz", "model": "8.xyz", "model_rescale": 4.121658175737393, "target_rescale": 4.157386246227121},
{"mapping": [3, 13, 11, 10, 6, 5, 8, 4, 9, 7, 1, 2, 14], "R": [[0.7424848685280245, 0.1431506116973253, 0.6543883574587828], [-0.08253454321165227, -0.9499056223641962, 0.30144213006435094], [0.6647588052698257, -0.2778258644755214, -0.6934756807882043]], "T": [-0.02396505742257613, 0.042311413647556216, -0.062228856500075744], "aligned_model": [[-0.569148535462033, -0.012972140683243736, 0.11633608341168686, 0.250708324158085, -0.8219440891035884, -0.6259047062268266, 0.25621181261809456, 0.24677091859595526, 0.7277099617009525, -0.24202633808349502, -0.26163805419066327, 0.4529331797839907, -0.04029892008371813], [0.05995138848909911, -0.35350421342964233, 0.25479280929407844, 0.6750106794429287, -0.4529482906323278, 0.0645562494591587, -0.57905275207412, -0.11431874988204768, -0.2254241048173873, -0.4980446052592584, 0.5186967794790718, 0.4719546656658481, -0.031282416323691546], [-0.40028794985989774, -0.6203828098030426, -0.8378564951642631, -0.35892302119216213, -0.1025867002321194, 0.1482161660699401, -0.01665805030277598, 0.5438344672391731, 0.014143795390838224, 0.49749999990777155, 0.4097930130933381, 0.26083465445990633, -0.1165516356476177]], "inverted": false, "swapped": true, "error_lsq": 0.04768386375817184, "error_max": 0.2924485334790443, "target": "917.xyz", "model": "9.xyz", "model_rescale": 3.833441315466971, "target_rescale": 4.157386246227121},
{"mapping": [8, 13, 0, 9, 5, 2, 3, 4, 6, 1, 10, 11, 12, 7, 14], "R": [[-0.09085247733254789, -0.8656129066051964, -0.4924023997515071], [-0.11082314203503246, 0.5001641128577048, -0.8588096945183774], [0.9896787653334908, -0.023455407218151147, -0.14137109082202348]], "T": [0.033841943740497815, 0.05468390274832282, 0.08323750936180847], "aligned_model": [[-0.5651683927612328, 0.21542941559912904, 0.5266194720015542, -0.6871121432951857, 0.4210785026759586, -0.20319037223964684, -0.4322422927130982, 0.2350738654730719, 0.3699455713408904, 0.7642577467166398, -0.058083796744389515, -0.3761277979494429, 0.2871766926000176, -0.5236954348978493, -0.04243669169678067], [-0.4161417054805675, -0.6216022288115574, -0.40566006372964464, -0.11239813739926521, -0.10192301929324066, -0.2593383422467422, 0.42307940961630774, 0.601455349050148, 0.6439824035678027, 0.10865612406271127, -0.543215939634069, 0.1351097438726001, 0.25208377440855995, 0.41106806807933227, 0.06276454928208078], [0.24776478909595917, -0.29800991651595193, 0.17850923587037082, -0.24875484413353766, -0.4486998185815329, -0.5183071404830581, -0.5503018223269047, -0.4612432334336229, 0.1147207825506889, 0.17909514861363712, 0.6398519003321521, 0.6224903035332496, 0.5930167292203458, 0.16106022393934216, 0.02726324264884692]], "inverted": false, "swapped": false, "error_lsq": 0.0537626984679533, "error_max": 0.3605668477184042, "target": "917.xyz", "model": "10.xyz", "model_rescale": 4.2482417240324, "target_rescale": 4.157386246227121},
{"mapping": [1, 0, 12, 11, 7, 8, 4, 13, 3, 6, 5, 14], "R": [[0.2596566353768037, -0.5119973257811783, -0.8188022777800023], [-0.24891624442340626, -0.8547178411311096, 0.45551961024123055], [-0.9330697374617533, 0.08553449856693784, -0.34937761031290754]], "T": [-0.0054600149281927995, -0.007678160424562756, 0.08800299474690493], "aligned_model": [[-0.6249470858446297, -0.03468997933171572, 0.4534137975959767, 0.6912348979616528, -0.47245089910018057, 0.2064756422737028, -0.39354435398334886, 0.5781110319675388, 0.062120174710593265, -0.19403418476617118, -0.446663301680457, 0.051739862560045154], [-0.35669030261058127, -0.5389976107661651, -0.24082658040725335, -0.40163364211290803, 0.6508727899890318, 0.6085544243795523, 0.29449220755746913, 0.24013436117485304, -0.1121887239365375, 0.45551262406067855, 0.016609375635779224, 0.050292467086721034], [0.11374030462404053, -0.2555064286508825, 0.6190040528496994, -0.07276473919304735, 0.05541616001944394, 0.292966118157662, 0.5604724050938701, -0.16960228044800113, -0.541544941573809, -0.707971593336489, -0.3722828473104856, 0.04326607962235536]], "inverted": true, "swapped": true, "error_lsq": 0.05523564781036083, "error_max": 0.3961169087777279, "target": "917.xyz", "model": "11.xyz", "model_rescale": 3.6694154284099745, "target_rescale": 4.157386246227121},
{"mapping": [3, 11, 12, 10, 0, 6, 5, 7, 2, 4, 8, 1, 13, 14], "R": [[-0.07829278884218002, 0.9955135227159377, -0.05313252586709838], [-0.6045553356099931, -0.08978883344459712, -0.7914864569745631], [-0.7927061784802755, -0.02984613003996439, 0.6088728300070838]], "T": [0.03552374448262976, 0.09023216446698101, 0.008963723151249298], "aligned_model": [[-0.019219779839783936, 0.005213655363593667, 0.10561496771465381, 0.5396819638180148, 0.44361952665960425, -0.40973708962833955, 0.1480363712724339, -0.30648872799072996, 0.5165235844089697, 0.0493168482486844, -0.5586046849637729, 0.6400828591983035, -0.5059617144034306, -0.049812929602391455], [-0.3839161338914581, 0.38301142537281596, 0.81005051663373, 0.4757545269719913, -0.14075883914680762, -0.7357914413539168, -0.5333512178545521, -0.2755068429359917, 0.5463110263862367, 0.23506169318894685, 0.2926276417524226, -0.17450873993083327, 0.15604262965005497, 0.07596104329361474], [-0.4199962770252612, -0.7524774041567664, -0.14541971370958554, -0.39225722936048446, -0.4167761762148684, -0.04679699303954224, 0.08378320692826266, 0.6430726957454603, 0.286500226102927, 0.6752803799433145, 0.27862403432848304, 0.27477690171551805, -0.4043027416532692, -0.024915449951773125]], "inverted": true, "swapped": true, "error_lsq": 0.0386084582748338, "error_max": 0.2492244398546094, "target": "917.xyz", "model": "12.xyz", "model_rescale": 3.9764082729961374, "target_rescale": 4.157386246227121},
{"mapping": [7, 2, 8, 4, 1, 0, 5, 9, 12, 10, 3, 14, 11, 6, 15], "R": [[-0.4407876653247293, -0.8376654768602615, 0.3225256314993359], [0.8805496367152387, -0.3338067997199457, 0.3364600388476907], [-0.17417971000732507, 0.4323072626468344, 0.8847439512562746]], "T": [-0.014456223430926604, 0.11224390787399442, 0.010201903097041597], "aligned_model": [[-0.3216688259148121, 0.30545814023645784, 0.4006407473355509, -0.6923519087317739, 0.5512774265201321, -0.235752289959953, -0.5000202411751345, 0.04540940473011355, 0.3829796479245532, 0.7554966419787715, -0.15089368714688645, -0.2592501077070567, 0.33060193437063384, -0.5835450959734102, -0.09685744237755052], [-0.5657607337089036, -0.5245610852389612, -0.3896234058339333, -0.05656480206290444, 0.027888042344458977, -0.22712857180903911, 0.5255141584643929, 0.2523384253950193, 0.5891257798721838, 0.14588683975620037, -0.46623409746912314, 0.22717905775223657, 0.04493667708105324, 0.5351796449935694, 0.059744055808206444], [-0.12004333401401153, -0.3481187836792323, 0.2849318449319853, -0.15660571387281544, -0.2657548027914212, -0.5922616264836551, -0.5340950659224175, -0.5714240585338484, -0.1375882970776695, 0.23864803928680078, 0.6061813181296547, 0.7623148634417892, 0.722205627221424, 0.2946698681030827, 0.05539570159031758]], "inverted": false, "swapped": false, "error_lsq": 0.04877631620701416, "error_max": 0.28057263425232704, "target": "917.xyz", "model": "13.xyz", "model_rescale": 4.170626492500431, "target_rescale": 4.157386246227121},
{"mapping": [12, 2, 8, 4, 13, 6, 7, 10, 11, 1, 0, 5, 3, 14], "R": [[-0.4657325277055916, -0.15068736401131116, 0.8720014512397802], [-0.7163010060445496, 0.6428102677307327, -0.2714918570408877], [-0.5196210940450037, -0.7510581056264996, -0.40731516126484557]], "T": [-0.02876218211562198, -0.005201065066893641, 0.03352714062177931], "aligned_model": [[0.40649330612703294, -0.022736036662582393, -0.28772876440641937, -0.5721031564205733, 0.28451718815442417, -0.3758582678559529, -0.8015718855199494, 0.5671112212441627, 0.7708831891581089, -0.27716219252004015, 0.33035732074774093, -0.32482645805048227, 0.16320371462256633, -0.01739615652639286], [-0.4206597788849277, -0.7224878390183815, 0.19406355110732754, -0.3558968042060673, 0.4990620595570957, 0.820027495259294, 0.2105670431062052, -0.4371113212135114, 0.135412194633118, -0.3803405257556387, 0.004404785509802379, 0.25423022317378424, 0.47796876418081785, 0.0768346204767473], [-0.39639401765551646, -0.009584971998929957, -0.5663887912585278, -0.18312191525167154, -0.306915846899389, 0.3202388350508219, -0.06155717883971467, 0.18242197818535666, -0.05147979363717805, 0.5847112617744611, 0.5551538111355514, 0.5356771503243711, 0.40971347030045685, -0.008600890109224942]], "inverted": false, "swapped": true, "error_lsq": 0.03953296531972089, "error_max": 0.25779448673894245, "target": "917.xyz", "model": "14.xyz", "model_rescale": 3.9786697098870705, "target_rescale": 4.157386246227121},
{"mapping": [1, 0, 4, 7, 2, 9, 3, 13, 8, 5, 11, 14], "R": [[-0.7333559283581198, -0.5542362994706281, 0.3937146259552778], [-0.36007269438509826, -0.1745758063610151, -0.9164447296982273], [0.5766599839595736, -0.8138460617232878, -0.07153915513366577]], "T": [8.334377762504036e-05, 0.01737297195903587, -0.03509332611828612], "aligned_model": [[-0.13682221108870168, -0.6087131305722404, 0.5773694298916444, 0.6410544117586507, 0.06748927609832892, 0.5106089894611272, -0.4170639947186863, -0.05512239070750167, 0.5688112980560844, -0.10839982554180874, -0.5689431418770808, 0.013085886007520878], [-0.36609106924605817, -0.12980477331138482, -0.02325760765005541, -0.4696545156488964, 0.3338074295607225, 0.6323359272431803, -0.31720873496182966, 0.24343008581082437, 0.1968927876031901, -0.6113710263374199, 0.50457726950179, 0.02101871766037618], [-0.6185728147852082, -0.1292157847012554, -0.39597233631376555, 0.03413136827256604, -0.676748185914172, -0.09604045817989085, 0.3196788873120188, 0.6084726756264002, 0.29805882101509323, -0.030027003195160114, 0.2893628628416394, 0.05683846189556426]], "inverted": true, "swapped": true, "error_lsq": 0.06155054252164721, "error_max": 0.33914052814628975, "target": "917.xyz", "model": "15.xyz", "model_rescale": 3.769337070930944, "target_rescale": 4.157386246227121},
{"mapping": [4, 9, 1, 2, 7, 8, 5, 13, 0, 10, 14], "R": [[-0.6912394095379965, 0.49531344525844767, -0.5261679101273365], [-0.21444962007306245, -0.8359384026470654, -0.5051913968293521], [-0.6900720535944643, -0.23637169442655245, 0.6840533480086471]], "T": [0.06386538507288404, 0.04579494328943862, 0.07322408706375695], "aligned_model": [[-0.2002553078693008, -0.39201443923156104, -0.13130946624000478, -0.6320934756848037, 0.41453062038260496, 0.18833859189780855, 0.47578253659627107, 0.41126991317871675, 0.10219215792591516, -0.44524499372458687, 0.13142999346011164], [0.044175980874372356, -0.5552967252522649, 0.7125190309516924, 0.1806298270828835, 0.06864273224503942, -0.5146903224828212, 0.5199375765754054, -0.4675382384704471, 0.45928794470233336, 0.1650833595882465, -0.016686668189097614], [-0.5555694941219304, -0.1976869979453273, -0.08047003738977847, -0.044487862264442304, -0.654335953945201, -0.2969541010580884, -0.03914274357977514, 0.3632686160597716, 0.5514584118028351, 0.6120729998277262, 0.08606476983798714]], "inverted": false, "swapped": true, "error_lsq": 0.04711712146050242, "error_max": 0.23854090984336393, "target": "917.xyz", "model": "16.xyz", "model_rescale": 3.7852294659196426, "target_rescale": 4.157386246227121},
{"mapping": [13, 7, 5, 6, 8, 4, 2, 1, 3, 11, 12, 0, 14], "R": [[0.8999968408782899, 0.3828348674131065, -0.20843020582892385], [-0.37250183423436706, 0.42715071388375014, -0.8238838820614436], [-0.22638036553802643, 0.8191335250869616, 0.5270409833945342]], "T": [-0.036043178928362604, 0.14055648068734874, 0.010478039034950558], "aligned_model": [[0.11453935929956323, -0.5349572233202289, 0.19427987976472005, 0.20976169296907843, -0.5405699023327879, -0.6590392475678746, -0.30627794497874244, 0.04152090362803501, 0.5077796175042556, 0.4817104306182991, -0.17964086069663304, 0.5533992646917688, -0.028740119363170703], [0.016562283274691836, -0.47559359139638446, -0.3429335225224581, -0.7620254629470232, -0.044709293432661695, 0.12293759041260355, 0.7019899780265465, 0.1613898144793864, -0.1905089076000516, 0.5379157161855826, 0.8131828654572482, 0.24335363687240094, 0.09349451689299318], [-0.6454770117372122, 0.16628435138364742, 0.3573238066000279, -0.08229730905572571, -0.41118365194107503, 0.2874423009625171, 0.3684736871265837, 0.7174334130479824, -0.0699745482521846, -0.4798971492043555, -0.2612551712455236, 0.21818895216377104, -0.0693069727052793]], "inverted": true, "swapped": true, "error_lsq": 0.0389023646380336, "error_max": 0.20962340069250276, "target": "917.xyz", "model": "17.xyz", "model_rescale": 3.901054581598922, "target_rescale": 4.157386246227121},
{"mapping": [12, 7, 6, 13, 1, 3, 2, 0, 8, 4, 11, 9, 10, 5, 14], "R": [[-0.11270059026350593, 0.9846993447043052, 0.1329126686707095], [0.9919978678742053, 0.1038429758973961, 0.07181132563742404], [0.05691051824828784, 0.139942262721757, -0.9885228151221532]], "T": [0.026076584891428077, 0.050592086589423865, 0.0329691859924484], "aligned_model": [[-0.3884800077780741, 0.20645067925564523, 0.5428883183591696, -0.6949065499986028, 0.6256719561577544, -0.426986008682956, -0.3944766251441403, 0.13719506844635543, 0.21800508195690482, 0.6684142986736932, 0.005394150038356679, -0.4186357580422884, 0.20508793733921418, -0.34566212285423836, -0.008436073617157674], [-0.5630473477340133, -0.5017358280951232, -0.47182302554065786, 0.11902380033741325, -0.01312059672675503, -0.1695517252349789, 0.5604832503022998, 0.021381016084220043, 0.6799656906798095, 0.4075005445469312, -0.5822283971951309, 0.017773046237831214, 0.15039766534586518, 0.5096381979475318, 0.013263694389213578], [-0.026734919349443595, -0.286524295223918, 0.18696213400735967, -0.021826964038697348, -0.31647556525799614, -0.5412057681215827, -0.4639051448845017, -0.7169000789276968, -0.05346327682297068, 0.3255312888034165, 0.5186042970767962, 0.5180912984209577, 0.826976446836307, 0.23588061446852499, 0.053445513343428945]], "inverted": true, "swapped": false, "error_lsq": 0.045093878489917166, "error_max": 0.32786953615035236, "target": "917.xyz", "model": "18.xyz", "model_rescale": 3.9405287249114394, "target_rescale": 4.157386246227121},
{"mapping": [0, 4, 7, 1, 13, 12, 3, 14, 11, 9, 8, 6, 5, 2, 15], "R": [[-0.017486517750341324, 0.9424753979292444, 0.3338178335485982], [0.9648643964341297, -0.07163597493746876, 0.2527943503889306], [0.2621658219348397, 0.3265094353810789, -0.9081082922297095]], "T": [0.009385524737765473, -0.005539502422772629, -0.08113529765097159], "aligned_model": [[-0.3721833420228324, 0.03667722682997657, 0.511604074508879, -0.6498639314915208, 0.5906609064360389, -0.14252983294157687, -0.5731719866592218, 0.17331981528907733, 0.45504203146810124, 0.6550920015085652, -0.0032567005169088434, -0.4361550565494937, 0.10073935037767456, -0.4094315775913761, -0.005018634535746623], [-0.5273340237128661, -0.719639204937873, -0.44708703461537586, -0.030145412219311857, 0.07245386284779452, -0.16118664460826704, 0.37199707015137384, 0.47946985769665545, 0.5552060806109514, 0.06312440543627455, -0.33921899833603647, -0.03132927619230514, 0.28513292050152245, 0.5782477241692423, 0.028228658552677144], [0.15297992062120025, -0.23599590103618934, 0.1389507174016989, -0.06369604182069975, -0.40880252362461933, -0.58396206050279, -0.5746142507562492, -0.6621950459163, -0.002599503156363245, 0.32795914202072596, 0.597665353264772, 0.5181241900397513, 0.6924451208260867, 0.4078534464706815, -0.06565698350172243]], "inverted": false, "swapped": false, "error_lsq": 0.04587978969949374, "error_max": 0.3672941133166088, "target": "917.xyz", "model": "19.xyz", "model_rescale": 4.410303926677745, "target_rescale": 4.157386246227121},
{"mapping": [7, 4, 8, 5, 13, 1, 3, 9, 2, 10, 0, 11, 12, 14], "R": [[0.7155894748744965, 0.3729113470802847, 0.5906511920479038], [-0.6746551442176125, 0.5881124995333905, 0.44605394771630513], [-0.18103077039430318, -0.7176773753653902, 0.6724336733530603]], "T": [-0.03957071974276452, -0.009067466894941388, 0.0200053023271399], "aligned_model": [[-0.14523550107887453, 0.2374828894095725, 0.37700335248663985, -0.6373090317915752, 0.08515670809627615, -0.40017514801124066, -0.5605278605255157, 0.7505834999343851, 0.3104086647387584, 0.08948617538695056, -0.4641821360919983, 0.07580195188274194, 0.5787783925479135, -0.03608406752316092], [-0.2983424347452725, -0.5434540297415175, 0.1429538923549232, -0.13598138398096393, 0.6495953269784309, -0.5897770585132961, 0.36391395096334855, -0.07459826845374914, -0.5245383166717194, -0.0031977729269478603, 0.07642535686309279, 0.6096267031074476, 0.06818848969046895, 0.07013401125695656], [-0.7269797637540504, -0.3006440830216697, -0.49963375702491464, -0.16361127918521953, -0.11759223818963149, 0.2174310657452429, 0.05618075592145724, -0.09786092418561071, 0.3780549053679976, 0.7596613841391492, 0.48211956880804985, 0.5399453547583033, 0.4182029640085999, -0.028458914662682175]], "inverted": false, "swapped": true, "error_lsq": 0.04606162946984691, "error_max": 0.28645241480278766, "target": "917.xyz", "model": "20.xyz", "model_rescale": 4.121658175737393, "target_rescale": 4.157386246227121},
{"mapping": [11, 12, 2, 0, 1, 13, 9, 3, 8, 7, 4, 5, 14], "R": [[-0.4122155815062826, -0.8783824707129487, -0.24191434332766037], [0.9099348844858243, -0.3835715034175409, -0.1577701104828713], [0.04579105108214154, -0.28516159788832585, 0.9573850023530605]], "T": [0.11065577072978583, -0.061941831522675274, 0.010353352894823135], "aligned_model": [[0.09002489969628796, -0.17344205566154974, 0.21551542899060702, 0.6566756723246471, 0.6948967389332509, -0.287594146744829, -0.5353715471086774, 0.3998304955675983, -0.5426834175192464, -0.1133892249328746, -0.09020402869778124, 0.5125562281120412, 0.05426786170482042], [-0.5746693246270277, 0.12610665847538133, 0.5538690583816039, -0.31384180341298284, 0.31767782711010645, -0.6100888679130787, 0.3250016112803342, -0.6172899585367625, -0.02973563009303152, 0.15407810502761912, 0.5377915312640836, -0.1952993488443822, -0.13277295394868027], [0.6452674198758582, 0.6667158104716928, 0.36556692909103017, 0.20925570159240486, -0.13382542986401327, 0.10657455727600182, 0.285042087387331, -0.13031142727347267, -0.18657269671218626, -0.7352812552875383, -0.24483082324916533, -0.4669359471917057, -0.010555186634448401]], "inverted": false, "swapped": true, "error_lsq": 0.04894775308864541, "error_max": 0.25272862321188133, "target": "917.xyz", "model": "21.xyz", "model_rescale": 4.08911054899281, "target_rescale": 4.157386246227121},
{"mapping": [1, 0, 6, 2, 7, 4, 3, 13, 12, 10, 8, 11, 5, 14, 16], "R": [[-0.31427800873176104, -0.42878949337397254, 0.8469763300114657], [-0.7673734791936816, -0.4105093194436701, -0.49256475927544713], [0.5588982704014958, -0.8047494448721209, -0.2000276338914943]], "T": [-0.05402684735132542, 0.04785628003166791, 0.09206505767392387], "aligned_model": [[-0.5101041909889548, 0.11211891836074975, 0.48760880518036204, -0.7034649620981214, 0.5707095043035558, -0.28553301692403077, -0.3843971405503781, 0.13007737115366838, 0.27912230867459165, 0.6841091897764764, 0.025445500338060735, -0.38472824972743874, 0.25536039761158, -0.3015813768668202, -0.0432187141336648], [-0.5882289551026123, -0.5500534112301808, -0.4606754134451149, -0.09641091410307384, 0.022954472510991523, -0.11260743373226187, 0.5215044142158862, 0.2669218284904918, 0.6675696722582076, 0.27734816908784776, -0.4622732220042162, -0.12565635817338502, 0.15120858681188523, 0.6331031188880202, 0.03321543087197093], [0.22392639215318136, -0.3715932042069394, 0.1519855482224602, -0.1884183485801162, -0.2468753189597625, -0.5458600757724863, -0.5566195634246944, -0.5036243649578183, -0.13139960926109526, 0.32363377914905556, 0.5548977003920357, 0.7602139760357227, 0.7176263154941622, 0.0024800228071990005, 0.0480823312390803]], "inverted": true, "swapped": false, "error_lsq": 0.0414060184180066, "error_max": 0.29180632900915204, "target": "917.xyz", "model": "22.xyz", "model_rescale": 4.204369325754507, "target_rescale": 4.157386246227121},
{"mapping": [0, 4, 7, 1, 13, 12, 3, 14, 11, 9, 8, 6, 5, 2, 15], "R": [[-0.017486517750341324, 0.9424753979292444, 0.3338178335485982], [0.9648643964341297, -0.07163597493746876, 0.2527943503889306], [0.2621658219348397, 0.3265094353810789, -0.9081082922297095]], "T": [0.009385524737765473, -0.005539502422772629, -0.08113529765097159], "aligned_model": [[-0.3721833420228324, 0.03667722682997657, 0.511604074508879, -0.6498639314915208, 0.5906609064360389, -0.14252983294157687, -0.5731719866592218, 0.17331981528907733, 0.45504203146810124, 0.6550920015085652, -0.0032567005169088434, -0.4361550565494937, 0.10073935037767456, -0.4094315775913761, -0.005018634535746623], [-0.5273340237128661, -0.719639204937873, -0.44708703461537586, -0.030145412219311857, 0.07245386284779452, -0.16118664460826704, 0.37199707015137384, 0.47946985769665545, 0.5552060806109514, 0.06312440543627455, -0.33921899833603647, -0.03132927619230514, 0.28513292050152245, 0.5782477241692423, 0.028228658552677144], [0.15297992062120025, -0.23599590103618934, 0.1389507174016989, -0.06369604182069975, -0.40880252362461933, -0.58396206050279, -0.5746142507562492, -0.6621950459163, -0.002599503156363245, 0.32795914202072596, 0.597665353264772, 0.5181241900397513, 0.6924451208260867, 0.4078534464706815, -0.06565698350172243]], "inverted": false, "swapped": false, "error_lsq": 0.04587978969949374, "error_max": 0.3672941133166088, "target": "917.xyz", "model": "23.xyz", "model_rescale": 4.410303926677745, "target_rescale": 4.157386246227121},
{"mapping": [13, 12, 5, 7, 4, 0, 1, 3, 10, 8, 6, 14, 15, 11, 16], "R": [[-0.5766772255833716, -0.7453557311021604, 0.33449695306030724], [0.8055183902838146, -0.5870681844419454, 0.08056717526766491], [0.13632131311001092, 0.31590470229042555, 0.9389466005384759]], "T": [-0.030181952725602628, 0.0515835564638016, 0.07423139053938531], "aligned_model": [[-0.5188912983272356, -0.1278444597177452, 0.4081984450575323, -0.6157979267150123, 0.6036358274797958, -0.07912902945005133, -0.40707997294681014, 0.2957466282130448, 0.17095627439600602, 0.6579388136846378, -0.04602284862560828, -0.2798409468067655, 0.3331117182209886, -0.45440744995072535, -0.009049430402415678], [-0.39718697533662894, -0.7076472533914833, -0.39867170076486347, -0.042504297375682634, 0.13704623640708757, -0.3011891471756128, 0.5057621452285136, 0.31603252063503284, 0.6651737642827966, 0.4660334634336102, -0.5833475074156931, 0.024248591749686806, -0.07983036806447556, 0.48624240274000163, 0.08775811039216692], [0.30651313570744515, -0.17113862979357192, 0.04787112488477546, -0.22598903423316874, -0.1804360883886536, -0.5917576591703201, -0.5486691163085111, -0.7214370643525652, -0.008439140695351788, 0.2486669164569984, 0.4919749720552905, 0.7027798583547922, 0.6742832882323893, 0.2526295448703731, -0.03839652728993735]], "inverted": false, "swapped": false, "error_lsq": 0.0457118407050033, "error_max": 0.295571126088123, "target": "917.xyz", "model": "24.xyz", "model_rescale": 4.28219845311461, "target_rescale": 4.157386246227121},
{"mapping": [11, 5, 8, 13, 1, 9, 7, 3, 0, 0, 10, 14, 6, 2, 15], "R": [[0.7004877894687438, 0.16047067618252076, 0.6953891132960865], [-0.5985304045440865, -0.39859237215425253, 0.6948996155537418], [0.38868780742581205, -0.9029802228985807, -0.1831625109364479]], "T": [-0.12419401478294746, 0.02502492795417146, -0.05792292377250738], "aligned_model": [[-0.34169438217687587, 0.2647949767924719, 0.39678555057051046, -0.6389470493172665, 0.4743716007921843, -0.4052420937856215, -0.48424687411862155, 0.21736491004189662, 0.4297377954621612, 0.4297377954621612, -0.013785435852621333, -0.4485700628968652, 0.356172634080375, -0.22787534561841988, -0.07707967532583257], [-0.4610201131342162, -0.6790364416587042, -0.37083670757998205, 0.3215686740962238, -0.01849515523513199, -0.2913881858107007, 0.37308538491357696, 0.1301707239032651, 0.5538411189427497, 0.5538411189427497, -0.5053752234735872, -0.0955117142210048, 0.07470448529942275, 0.5150315430974536, 0.077340477262342], [0.05579110115620656, -0.33768323755221674, 0.17406827201985675, -0.055170288897949754, -0.2808637344309214, -0.5849603063227343, -0.6535418141173654, -0.7451835783472854, 0.22326590563348928, 0.22326590563348928, 0.5218963962676881, 0.6206017421002668, 0.7029824311848768, 0.4089000867356809, -0.034913300733097306]], "inverted": true, "swapped": false, "error_lsq": 0.049029831543669425, "error_max": 0.3284196356645467, "target": "917.xyz", "model": "25.xyz", "model_rescale": 4.100010024507729, "target_rescale": 4.157386246227121},
{"mapping": [1, 0, 12, 11, 7, 8, 4, 13, 3, 6, 5, 14], "R": [[0.2596566353768037, -0.5119973257811783, -0.8188022777800023], [-0.24891624442340626, -0.8547178411311096, 0.45551961024123055], [-0.9330697374617533, 0.08553449856693784, -0.34937761031290754]], "T": [-0.0054600149281927995, -0.007678160424562756, 0.08800299474690493], "aligned_model": [[-0.6249470858446297, -0.03468997933171572, 0.4534137975959767, 0.6912348979616528, -0.47245089910018057, 0.2064756422737028, -0.39354435398334886, 0.5781110319675388, 0.062120174710593265, -0.19403418476617118, -0.446663301680457, 0.051739862560045154], [-0.35669030261058127, -0.5389976107661651, -0.24082658040725335, -0.40163364211290803, 0.6508727899890318, 0.6085544243795523, 0.29449220755746913, 0.24013436117485304, -0.1121887239365375, 0.45551262406067855, 0.016609375635779224, 0.050292467086721034], [0.11374030462404053, -0.2555064286508825, 0.6190040528496994, -0.07276473919304735, 0.05541616001944394, 0.292966118157662, 0.5604724050938701, -0.16960228044800113, -0.541544941573809, -0.707971593336489, -0.3722828473104856, 0.04326607962235536]], "inverted": true, "swapped": true, "error_lsq": 0.05523564781036083, "error_max": 0.3961169087777279, "target": "917.xyz", "model": "26.xyz", "model_rescale": 3.6694154284099745, "target_rescale": 4.157386246227121},
