[{"mapping": [9, 6, 1, 8, 3, 5, 10, 2, 7, 4, 11], "R": [[0.2528107414042145, -0.31194456684260774, -0.9158478674146867], [-0.014468368593437198, -0.9477104472884073, 0.3188033475524559], [-0.9674075642359307, -0.0673460861356127, -0.24410470978930093]], "T": [-0.08559895148418815, -0.0840836986996108, 0.028888624868216615], "aligned_model": [[-0.5852032911873591, -0.4065473706705097, 0.20573729600254975, 0.03233023723096114, -0.29074211701861224, -0.06642600048018252, -0.6033788117327142, 0.6644815131403146, -0.6065900699107064, 0.3836976057368531, -0.049918824695214616], [-0.29331130450654563, 0.30995293183662187, 0.5440115201700877, -0.24918315579653794, -0.7358817586624142, 0.45355829432432476, -0.1207170889448243, 0.027645269910509973, 0.6901033767263882, -0.6916731047276461, -0.05129425512568521], [-0.24674834135007137, -0.4877173501963489, -0.1211118633054113, -0.5727245119618368, 0.11319808726815732, 0.6607587205500406, 0.4674354946609715, -0.24248967151605963, 0.18953088776947516, 0.2797756946954873, 0.07872873753399483]], "inverted": false, "swapped": false, "error_lsq": 0.04820213458176615, "error_max": 0.29808380785803174, "target": "918.xyz", "model": "0.xyz", "model_rescale": 3.751011558992144, "target_rescale": 3.8010042512593385},
{"mapping": [9, 5, 8, 10, 11, 1, 12, 4, 2, 6, 14], "R": [[-0.08213309190145363, -0.9963387276064724, -0.02373383842161597], [-0.7470403389320042, 0.07731048138380642, -0.6602679921642126], [0.6596854456656325, -0.03649971698137011, -0.7506549696346626]], "T": [-0.17612117859159576, 0.06278863976280688, 0.11251418323160861], "aligned_model": [[-0.5573112379390144, -0.42840598943516894, 0.11804832926337455, 0.11283267372476113, -0.2558095700707432, 0.3544301336315779, -0.7020449734507743, 0.5520630051895266, -0.5509339123617594, 0.24883922177483786, -0.21426751391123774], [-0.23181413437183931, 0.3220177420959456, 0.5937301042890278, -0.3653816886377438, -0.7311714664249037, 0.18655988611479096, -0.34896887347620853, 0.11304904273035025, 0.7998048902238145, -0.478059113634846, 0.023444336295891016], [-0.3370333286747261, -0.39664069862341006, -0.155783625248053, -0.5243763797678462, 0.10966831384926912, 0.5471192143927555, 0.43783712489013016, -0.1921096114633713, 0.10473195037451377, 0.41354260553630223, 0.11168031888283428]], "inverted": false, "swapped": false, "error_lsq": 0.03664687745896977, "error_max": 0.21903591266573247, "target": "918.xyz", "model": "1.xyz", "model_rescale": 3.9405287249114394, "target_rescale": 3.8010042512593385},
{"mapping": [2, 5, 11, 8, 4, 6, 1, 10, 0, 3, 12], "R": [[-0.24067080455199275, 0.6629154050140491, -0.7089574949398281], [0.675519712860275, -0.4100918565193965, -0.6127787420869353], [-0.6969581632877748, -0.6263927162823133, -0.3491152869969998]], "T": [-0.10305795664385141, -0.04295414542026441, 0.07081154938191464], "aligned_model": [[-0.6887488706282083, -0.393445622679919, 0.20712214168670107, 0.20154158311212872, -0.14973784824571662, 0.021152099570784025, -0.7761200574561835, 0.6636262146613915, -0.6095647859983261, 0.3730082907387283, -0.17139297834600048], [-0.017912435996554045, 0.44999984422079053, 0.565002523422818, -0.5318745625888613, -0.7395456139122811, 0.31887900088417037, -0.28745465048147256, -0.09358368077723592, 0.5761408443965128, -0.28024560864752257, -0.07619493531608527], [-0.2763320715978148, -0.37723716213039526, -0.13361761792562526, -0.44771107902102486, 0.13621059851096745, 0.456822338816633, 0.4090913800445932, -0.27721021851759614, 0.3220130893392182, 0.2802235073772174, 0.026383119252225494]], "inverted": true, "swapped": false, "error_lsq": 0.05373693777099384, "error_max": 0.2514123889681989, "target": "918.xyz", "model": "2.xyz", "model_rescale": 3.932901565614263, "target_rescale": 3.8010042512593385},
{"mapping": [9, 8, 3, 7, 5, 1, 12, 0, 11, 6, 13], "R": [[-0.21230128911589657, -0.09394387993364844, -0.9726781122564344], [0.26475879486793125, 0.9526094738436486, -0.1497930935771326], [0.9406545291337353, -0.28932635166251125, -0.17736775088457218]], "T": [-0.01946818431830294, 0.022295351259164334, 0.02491618234707557], "aligned_model": [[-0.6021680363962538, -0.4513308213634228, 0.12117722155371688, -0.009607940369716989, -0.2126046033905844, 0.3893266011290433, -0.5581158733790876, 0.6339639246415689, -0.561382287624782, 0.010949022977635003, -0.08276704136273678], [-0.2961846519506121, 0.37484868033456736, 0.4283217122209013, -0.30164695244775785, -0.6701541111846526, 0.37290117319181326, -0.38020019770846203, 0.13077165554661652, 0.7037649179297851, -0.4283100827134619, -0.05090141801445812], [-0.28944715732961157, -0.45256422396735574, -0.25084991798522227, -0.6112494460905734, 0.028344191079813057, 0.533572256654798, 0.38683580089553227, -0.07612687546194492, 0.22400669620125055, 0.5374801267056459, 0.08863443344606668]], "inverted": false, "swapped": false, "error_lsq": 0.05048993482446478, "error_max": 0.3267704042659882, "target": "918.xyz", "model": "3.xyz", "model_rescale": 3.9243930471874484, "target_rescale": 3.8010042512593385},
{"mapping": [6, 3, 4, 10, 11, 1, 5, 8, 0, 9, 12], "R": [[0.28763089528662583, 0.9571321445465362, -0.03415444264459783], [0.6593402722703208, -0.22375377031278082, -0.717777580893493], [-0.6946501806226741, 0.18393560869653364, -0.6954342660628122]], "T": [-0.02934366292596398, 0.017286160671657495, -0.016478710954357614], "aligned_model": [[-0.6705544065849695, -0.4488360918178692, 0.21919233921742937, 0.11993862907610743, -0.1543676639003964, -0.0038934025724787283, -0.6410268084881517, 0.5921893046117774, -0.5712691018421033, 0.35411438213057567, -0.11804701341454149], [-0.24540296681055856, 0.34282752575630154, 0.4431188265108828, -0.2960681248304613, -0.7626567862054844, 0.27024143185955557, -0.03014220293113671, -0.03931357199514489, 0.5889166410299762, -0.4293879608064027, 0.04107791362675142], [-0.21984960183013652, -0.43000294493088104, -0.3470292604667043, -0.6301981978300616, 0.03034094500831551, 0.6509987905456417, 0.4276129232113761, -0.0991201620669978, 0.3042669296106539, 0.37227512974704907, 0.05934133315014342]], "inverted": false, "swapped": false, "error_lsq": 0.04686163294035542, "error_max": 0.22762449002603966, "target": "918.xyz", "model": "4.xyz", "model_rescale": 3.8936222436046832, "target_rescale": 3.8010042512593385},
{"mapping": [6, 9, 3, 7, 5, 2, 1, 10, 0, 4, 11], "R": [[0.17876667036401717, 0.9449906171942172, -0.27392555737253765], [0.7001140859015745, -0.3177902119381919, -0.6394135187173335], [-0.6912906366277253, -0.07747331547811565, -0.71841154020496]], "T": [-0.0669646818920762, 0.05262008359473905, -0.13299832321874044], "aligned_model": [[-0.6113023897460222, -0.5366936827478848, 0.08133242740731357, 0.14384497588855927, -0.26385557794143694, 0.20548250428709885, -0.6502019718237837, 0.5647285242064968, -0.4405519221549726, 0.28538293867302855, -0.10072565963301684], [-0.4468072273298501, 0.3548366164795915, 0.6064385780857456, -0.39888691359362727, -0.7042359702569855, 0.25734015562484425, -0.040082309806547145, 0.04336853034703146, 0.7144295693860548, -0.4166736414488369, -0.08651666228314173], [-0.4311215343557821, -0.3976788416316382, -0.0933111104878327, -0.547061418730054, 0.08048175980480216, 0.5310955615409079, 0.40954135003275444, -0.11441064944079615, 0.3199465822680174, 0.4020149035557798, -0.040860718407759955]], "inverted": false, "swapped": false, "error_lsq": 0.039822447772714493, "error_max": 0.2262424050491783, "target": "918.xyz", "model": "5.xyz", "model_rescale": 3.6523030999806103, "target_rescale": 3.8010042512593385},
{"mapping": [3, 4, 10, 1, 5, 9, 7, 6, 11, 8, 12], "R": [[-0.8275259711894837, 0.5610030906699125, -0.021824281562245862], [0.4628602678935111, 0.6597251138188459, -0.5920499527930547], [-0.3177438267102123, -0.5000383049882451, -0.8056057063675963]], "T": [-0.07886153417401409, -0.05252425927935062, -0.052918950025929654], "aligned_model": [[-0.7046999475931048, -0.306756968627835, 0.2775355099147699, 0.028733774290435957, -0.15483789629787392, 0.05559659277588866, -0.6491395492411718, 0.5420820617787917, -0.6455435758057331, 0.39603307577827135, -0.16156291055705913], [-0.1827415797914063, 0.38233418139016934, 0.6414506077364637, -0.5096537769885683, -0.6754947364180872, 0.26836170726218866, -0.12790495013182251, -0.004476522080992813, 0.5446533346148497, -0.3365433469857805, -0.1167741934027349], [-0.32496753516416493, -0.3497242893655302, -0.060204043172453967, -0.5646129207045185, 0.21172969818279153, 0.5808129205269627, 0.3157527151110195, -0.23931886329690144, 0.25823919012762486, 0.33115313946140207, -0.04022412755783337]], "inverted": false, "swapped": false, "error_lsq": 0.05096025505205624, "error_max": 0.21723328268533648, "target": "918.xyz", "model": "6.xyz", "model_rescale": 4.08911054899281, "target_rescale": 3.8010042512593385},
{"mapping": [6, 2, 1, 3, 4, 11, 5, 9, 13, 8, 14], "R": [[-0.562352543516017, -0.699589184492543, 0.44083397072154573], [0.7961955365537405, -0.3141862346948199, 0.5170683489638416], [-0.2232314591919507, 0.6417647410612007, 0.7336932143325863]], "T": [-0.20067660918317692, 0.004162422303581046, 0.10851729849741933], "aligned_model": [[-0.40572359191995144, -0.541858374248442, 0.11882365975400583, 0.07446342702181685, -0.2930846551108759, 0.1254312623224319, -0.7170910389972913, 0.5583723488401879, -0.4712331732384784, 0.27371171558296753, -0.04437141359099092], [-0.14978725549679023, 0.44231450919301546, 0.5591195994267952, -0.4984027262954975, -0.6945742475747025, 0.31861200424979436, -0.40615664779653565, 0.04629994568188178, 0.6690440348476044, -0.4588160458954777, 0.055557554864191026], [-0.31973285973860766, -0.47608281716510625, -0.24909725456760407, -0.4375391712531681, 0.09972474952196082, 0.48175472897979954, 0.4899037520786478, -0.08286299399628953, 0.2521352266925859, 0.2690029009501256, 0.09142962264605446]], "inverted": false, "swapped": false, "error_lsq": 0.04390962875849288, "error_max": 0.2619029733978335, "target": "918.xyz", "model": "7.xyz", "model_rescale": 3.964800864290218, "target_rescale": 3.8010042512593385},
{"mapping": [8, 5, 3, 1, 7, 6, 9, 0, 10, 2, 13], "R": [[-0.1746968341682817, 0.2657577311641329, -0.948079028593119], [-0.9793919157683677, 0.05221420067901844, 0.19510292815592967], [0.10135330018872868, 0.9626247999994306, 0.2511593178978431]], "T": [-0.06783331821619117, -0.04223307460694007, 0.1656274526953874], "aligned_model": [[-0.7163888681563155, -0.46999376896953193, 0.2632367287334646, 0.07947578329446779, -0.1934431121880284, 0.21503256223807976, -0.7267185154992806, 0.587793885632402, -0.6439595025126098, 0.4220834618572696, -0.13967848801453786], [-0.2312410918177987, 0.36838496333995974, 0.5573180262333334, -0.4234684750158533, -0.7211035670436574, 0.3125094842894915, -0.05822808680074346, 0.0529564469753142, 0.5427114825267026, -0.479171533551049, -0.037456923931420735], [-0.20140013411405575, -0.44160439901439297, -0.07289675403503196, -0.4637210114002779, -0.00818336146412968, 0.5270834441535185, 0.3643010120201213, -0.10686345922161553, 0.13318522935901148, 0.2532348693454145, 0.1355004485198366]], "inverted": false, "swapped": false, "error_lsq": 0.04399071134354042, "error_max": 0.2206338505916346, "target": "918.xyz", "model": "8.xyz", "model_rescale": 4.121658175737393, "target_rescale": 3.8010042512593385},
{"mapping": [8, 6, 1, 2, 11, 5, 7, 0, 9, 10, 12], "R": [[-0.6868782068332573, 0.4883873828287729, -0.5382156568432311], [-0.55579800646756, -0.830153191995529, -0.043980152640944424], [-0.46828079715509935, 0.2689301807408314, 0.8416588696749348]], "T": [-0.10553156836223786, -0.03953968567669551, 0.025407928026097773], "aligned_model": [[-0.6455310281763184, -0.5491713670477054, 0.19433989985906258, 0.10898559679016716, -0.3031201119122874, 0.12417767711954426, -0.6334435843084342, 0.655973032628832, -0.5401661440149018, 0.33374182401126085, -0.06834562853383978], [-0.28803955060048797, 0.34922642847069535, 0.35577017011086925, -0.2501041309852235, -0.6254659747273922, 0.14011893554747729, -0.13194951476324546, 0.15404607026844208, 0.6188544206205793, -0.4543556329073079, 0.015109504169872327], [-0.3955454402472273, -0.3382219491938974, -0.45285866727149054, -0.6006842785104263, 0.16921761410653458, 0.5700861345258587, 0.4352618498336398, -0.01279601008058355, 0.2914902526461081, 0.4852420799452576, -0.032555701605375166]], "inverted": false, "swapped": false, "error_lsq": 0.05134747027890932, "error_max": 0.35198577215979, "target": "918.xyz", "model": "9.xyz", "model_rescale": 3.833441315466971, "target_rescale": 3.8010042512593385},
{"mapping": [11, 9, 2, 10, 12, 5, 6, 13, 3, 1, 14], "R": [[-0.207880000087094, -0.8700008091229787, 0.44708444134095343], [-0.829669628971492, 0.3989271096700233, 0.3905194847029123], [-0.518106371632406, -0.2897511920522222, -0.804742216102908]], "T": [-0.17714249015108074, -0.08251545487327348, 0.023022972576625046], "aligned_model": [[-0.6014203751599845, -0.35946355531905116, 0.09154322754342314, 0.10976111498680641, -0.3211863070729718, 0.29341767098541754, -0.4686171111826987, 0.5561827749700395, -0.5701509680326464, 0.15912990699061702, -0.21175621229357125], [-0.37414654065276975, 0.5521044845112825, 0.5736069363952248, -0.5067504442152079, -0.659778856438708, 0.2164893562753405, -0.29163094479507207, 0.20090230031269501, 0.6778563240043721, -0.5074048602690573, 0.0019629700761789742], [-0.4244998392922385, -0.4480679828282455, -0.09513644393654043, -0.6199895768318623, 0.11809347973025973, 0.4059125899968226, 0.5996882352846853, -0.1096230714467077, 0.17033537513422295, 0.5250177942798161, -0.003094675941813889]], "inverted": false, "swapped": false, "error_lsq": 0.04806117712234745, "error_max": 0.24202873204276754, "target": "918.xyz", "model": "10.xyz", "model_rescale": 4.2482417240324, "target_rescale": 3.8010042512593385},
{"mapping": [8, 10, 4, 7, 3, 6, 1, 5, 0, 2, 11], "R": [[0.3068881855474063, 0.7623800497339415, 0.569733535382194], [-0.9389913796654836, 0.3402058719341427, 0.050548527332072976], [-0.1552895053934178, -0.5504876242652533, 0.820273457479556]], "T": [-0.13126112905077977, -0.021749541081707145, 0.002651413251848863], "aligned_model": [[-0.6311720321960291, -0.5012886225015991, 0.29601505131120365, 0.1421397047822758, -0.31487196204529044, 0.24381801171766013, -0.63122218125539, 0.5855165297753742, -0.5873620492461263, 0.1538234294359925, -0.07795571336269132], [-0.26519626877737035, 0.3284859066818003, 0.7260631695986728, -0.43440250967339994, -0.8100012290772491, 0.2834550622088265, -0.15322605867880326, 0.11540271436126909, 0.5230788757658685, -0.4816220649202234, 0.05117312771488796], [-0.25750355718997975, -0.3915784026612701, -0.15243177627036222, -0.45943706124973965, -0.05228459343762516, 0.434679104995854, 0.4842107817176707, -0.1751271483244336, 0.26527933013460236, 0.5076279896546289, -0.08479878322094697]], "inverted": false, "swapped": false, "error_lsq": 0.045915845677651064, "error_max": 0.2545015367276648, "target": "918.xyz", "model": "11.xyz", "model_rescale": 3.6694154284099745, "target_rescale": 3.8010042512593385},
{"mapping": [10, 7, 6, 8, 2, 0, 12, 4, 5, 1, 13], "R": [[0.8973900668924025, -0.11338490239309125, -0.4264210732974614], [-0.032697956920525725, -0.9808509690111996, 0.19199536505607254], [-0.44002489867741934, -0.15835163560601542, -0.8839133713463254]], "T": [-0.10290217459564228, 0.019200204053518646, -0.10649155362343476], "aligned_model": [[-0.6465425260926881, -0.6702163563106954, 0.08189183549300856, 0.10408697930490189, -0.14330787853046098, 0.17512170199762206, -0.5609192610271511, 0.630221625654957, -0.47442487524094207, 0.21732297883072837, -0.035794057663900605], [-0.26139722599866755, 0.38770641865518973, 0.5525787393045329, -0.5107907111548187, -0.6262785477804899, 0.29232323975473906, -0.14955417890844702, 0.01869834313172275, 0.6422967985211216, -0.491496773841098, 0.02912462352049388], [-0.27751505429138223, -0.4139376586475043, -0.14132466176078415, -0.6053532291160064, -0.016835915693300396, 0.49254466885302084, 0.3662777421587756, -0.005457443581197763, 0.2374449366546112, 0.48774572388776694, -0.004953224315600913]], "inverted": false, "swapped": false, "error_lsq": 0.04332781710177476, "error_max": 0.2304635042335659, "target": "918.xyz", "model": "12.xyz", "model_rescale": 3.9764082729961374, "target_rescale": 3.8010042512593385},
{"mapping": [7, 3, 11, 2, 0, 13, 4, 10, 14, 9, 15], "R": [[0.014677241351265413, 0.960589226126964, -0.2775840723728883], [0.005694887544806182, -0.27768978160196317, -0.9606539197076676], [-0.999876065741234, 0.012518939358195647, -0.009546167564897567]], "T": [-0.03522918352167173, -0.04898181928429542, 0.15999342616413553], "aligned_model": [[-0.5621166449275571, -0.48975398943048765, 0.12955717927089486, 0.057347876838924366, -0.2699844792380107, 0.16572012100414873, -0.6856116926178445, 0.6335453250235857, -0.3352945557834146, 0.17208666449748858, -0.13805563822234784], [-0.352840148678012, 0.38836481304330794, 0.6546883205138431, -0.5150002735893113, -0.7281346486248073, 0.41055632011358617, -0.3030675255983099, 0.2418117617703958, 0.6876995417711572, -0.577357938267207, -0.023509497250363758], [-0.2884409810732118, -0.39730234030001826, -0.16900275579467555, -0.4807216447123606, 0.056314503358326426, 0.5105995037444038, 0.3282395776443485, -0.17812881341158843, 0.2378996789168923, 0.3583313765575851, 0.14084777921869684]], "inverted": true, "swapped": false, "error_lsq": 0.040384666793783136, "error_max": 0.2070751366061821, "target": "918.xyz", "model": "13.xyz", "model_rescale": 4.170626492500431, "target_rescale": 3.8010042512593385},
{"mapping": [4, 2, 3, 0, 8, 11, 12, 1, 6, 10, 13], "R": [[0.047857893060239465, 0.9276746061448942, -0.37030993395499223], [0.9837214122244888, 0.02051463908664164, 0.1785254399636152], [0.1732102918503754, -0.37282566260527294, -0.9115915862380737]], "T": [-0.07587519763806451, -0.036430204595286404, -0.005122642121990383], "aligned_model": [[-0.7249603399741988, -0.32945570133898266, 0.19715604509857365, 0.10554244200687733, -0.2966843425671244, 0.033947233791320156, -0.4810145608651025, 0.6467611188541096, -0.4944181904846995, 0.12416511558248057, -0.10359865368787322], [-0.26275108493294297, 0.24678473962164688, 0.5915070260154132, -0.21162340168909058, -0.7453718270526791, 0.3506996197710819, -0.363781823910812, -0.024543612386673228, 0.6670593179595722, -0.39009235502572254, 0.025324126834485282], [-0.17985234112788073, -0.5421686278171937, -0.08650064487786709, -0.5457272945673722, 0.009068561776924573, 0.57602207631925, 0.5090846457315232, -0.26679024215614633, 0.18830311062206945, 0.3863301154546744, 0.07086652479041657]], "inverted": true, "swapped": false, "error_lsq": 0.048248014908332665, "error_max": 0.2458323392708775, "target": "918.xyz", "model": "14.xyz", "model_rescale": 3.9786697098870705, "target_rescale": 3.8010042512593385},
{"mapping": [4, 2, 8, 0, 1, 7, 10, 9, 5, 6, 11], "R": [[0.09815760654873369, -0.8472708149094724, 0.5220126918756507], [0.8933224322042143, 0.30618115664241535, 0.3289804423333704], [-0.4385659772455808, 0.434033714727038, 0.7869400346169189]], "T": [-0.06006482552809414, -0.009224738304629972, -0.007854080639393302], "aligned_model": [[-0.6538168620269067, -0.36866567097734926, 0.02216169772028645, -0.019700030556427578, -0.17325334245856888, -0.026395251763024513, -0.6217042274293345, 0.5498351354424651, -0.5034950195098745, 0.4497396647091155, 0.02273407326499871], [-0.035562295840268446, 0.40012193364369286, 0.4990805870078665, -0.33826352943793336, -0.6675745632815817, 0.18420540379960984, -0.3130131874514393, -0.0076597162594330154, 0.6488033627305706, -0.4280823592297084, -0.05884491047709703], [-0.1550939607932339, -0.7086024210725835, -0.09207178160204928, -0.6193356775294169, 0.1122956554412109, 0.6232775580214401, 0.5256201445054403, -0.13208715338305946, 0.1147357600621762, 0.43033921681148996, 0.019558543686984193]], "inverted": false, "swapped": false, "error_lsq": 0.05626697046275877, "error_max": 0.27141343492050435, "target": "918.xyz", "model": "15.xyz", "model_rescale": 3.769337070930944, "target_rescale": 3.8010042512593385},
{"mapping": [2, 3, 9, 0, 4, 7, 6, 1, 8, 5, 10], "R": [[0.2467423107776051, 0.9661698863049019, 0.0750598619083521], [0.38290234126119704, -0.026047505949203575, -0.9234215313119574], [-0.890226953719568, 0.25658775931715716, -0.3763757333301115]], "T": [-0.071359151279181, 0.006750278615049234, 0.03970266614808808], "aligned_model": [[-0.6972421044523891, -0.2299631281309074, -0.09360020423449615, 0.03893489902952464, -0.32613885389022, 0.3578773726195972, -0.6011796900542092, 0.7054400241853622, -0.6335528195508014, 0.26899895573221166, -0.11213428483829246], [-0.08517516834323907, 0.31609383860032997, 0.7844220394295001, -0.4281257841884007, -0.7267030327683864, 0.22535306312868403, -0.24584154092445937, 0.03377896633619447, 0.4588882244205607, -0.4411963591074987, -0.008283521379006186], [-0.34284942096450316, -0.559125171497378, -0.1959064400160801, -0.4252577053771882, 0.11157802837734686, 0.5680068693657013, 0.4721312716927602, -0.15260161731457655, 0.24219530568025321, 0.405149092130135, -0.004684327928072073]], "inverted": true, "swapped": false, "error_lsq": 0.05732671565119858, "error_max": 0.36348521705900416, "target": "918.xyz", "model": "16.xyz", "model_rescale": 3.7852294659196426, "target_rescale": 3.8010042512593385},
{"mapping": [7, 2, 8, 11, 6, 0, 5, 9, 3, 10, 12], "R": [[0.5655556373868136, 0.5313262217330489, -0.630745009586979], [0.3596127052925604, -0.8471488447187593, -0.391174560885339], [-0.7421762076570236, -0.005592941136340679, -0.6701814648267171]], "T": [-0.21635293641732659, 0.072366594726571, 0.08321576750079275], "aligned_model": [[-0.6165045591509835, -0.5554817299309519, 0.20809581244118755, 0.02035656314844811, -0.2450306939792696, 0.14712733481854992, -0.6365797116254833, 0.6459994918754657, -0.41487199536930724, 0.26218942895088115, -0.1378597747631572], [-0.3684964950307117, 0.28156737854676106, 0.4231735080507748, -0.18538820004523063, -0.8118581727155819, 0.432002686346486, -0.3022867525473337, 0.07010188143750534, 0.8345794729089201, -0.5167306639887983, 0.02654608224148798], [-0.2868456059086794, -0.38080332099587677, -0.26461131656376946, -0.5613485450551698, 0.014532561656322343, 0.535201530291356, 0.4227055866927608, 0.023174564955502755, 0.1932933888793255, 0.3538016126608413, 0.06953542753578501]], "inverted": false, "swapped": false, "error_lsq": 0.05007008909686372, "error_max": 0.2927004654010964, "target": "918.xyz", "model": "17.xyz", "model_rescale": 3.901054581598922, "target_rescale": 3.8010042512593385},
{"mapping": [9, 5, 8, 10, 11, 1, 12, 4, 2, 6, 14], "R": [[-0.08213309190145363, -0.9963387276064724, -0.02373383842161597], [-0.7470403389320042, 0.07731048138380642, -0.6602679921642126], [0.6596854456656325, -0.03649971698137011, -0.7506549696346626]], "T": [-0.17612117859159576, 0.06278863976280688, 0.11251418323160861], "aligned_model": [[-0.5573112379390144, -0.42840598943516894, 0.11804832926337455, 0.11283267372476113, -0.2558095700707432, 0.3544301336315779, -0.7020449734507743, 0.5520630051895266, -0.5509339123617594, 0.24883922177483786, -0.21426751391123774], [-0.23181413437183931, 0.3220177420959456, 0.5937301042890278, -0.3653816886377438, -0.7311714664249037, 0.18655988611479096, -0.34896887347620853, 0.11304904273035025, 0.7998048902238145, -0.478059113634846, 0.023444336295891016], [-0.3370333286747261, -0.39664069862341006, -0.155783625248053, -0.5243763797678462, 0.10966831384926912, 0.5471192143927555, 0.43783712489013016, -0.1921096114633713, 0.10473195037451377, 0.41354260553630223, 0.11168031888283428]], "inverted": false, "swapped": false, "error_lsq": 0.03664687745896977, "error_max": 0.21903591266573247, "target": "918.xyz", "model": "18.xyz", "model_rescale": 3.9405287249114394, "target_rescale": 3.8010042512593385},
{"mapping": [11, 14, 12, 9, 5, 1, 2, 4, 3, 8, 15], "R": [[0.9539950330879337, -0.14143104233300333, 0.26436856301034173], [0.2867289807194857, 0.6880901979156562, -0.6665721049878688], [-0.08763542924592524, 0.7117086059596256, 0.6969870097382656]], "T": [-0.01373151940635653, 0.03787813733396224, -0.05128662585922167], "aligned_model": [[-0.5426928706144711, -0.5083840524302655, 0.11396304516980216, -0.027574061060343574, -0.27005624761414593, -0.029251320008123027, -0.6041988730526199, 0.694625421701688, -0.4440988687592515, 0.3428507603395669, -0.04774276725645698], [-0.25382564360541837, 0.4662697985116966, 0.5661301917118994, -0.6082882274319457, -0.7179007361690648, 0.3010722700859328, -0.26278006766439027, 0.208591899460836, 0.7075793640511416, -0.5515823201433214, 0.027944196396913083], [-0.4441250086753255, -0.46545859290020525, -0.12044533776587227, -0.4651552765713823, 0.18186261997821632, 0.5536988353327461, 0.5110995680130976, -0.11254251554031325, 0.25155459725684254, 0.26121553793781294, -0.033068542917218766]], "inverted": true, "swapped": false, "error_lsq": 0.04416891824205962, "error_max": 0.24751240420615384, "target": "918.xyz", "model": "19.xyz", "model_rescale": 4.410303926677745, "target_rescale": 3.8010042512593385},
{"mapping": [8, 5, 3, 1, 7, 6, 9, 0, 10, 2, 13], "R": [[-0.1746968341682817, 0.2657577311641329, -0.948079028593119], [-0.9793919157683677, 0.05221420067901844, 0.19510292815592967], [0.10135330018872868, 0.9626247999994306, 0.2511593178978431]], "T": [-0.06783331821619117, -0.04223307460694007, 0.1656274526953874], "aligned_model": [[-0.7163888681563155, -0.46999376896953193, 0.2632367287334646, 0.07947578329446779, -0.1934431121880284, 0.21503256223807976, -0.7267185154992806, 0.587793885632402, -0.6439595025126098, 0.4220834618572696, -0.13967848801453786], [-0.2312410918177987, 0.36838496333995974, 0.5573180262333334, -0.4234684750158533, -0.7211035670436574, 0.3125094842894915, -0.05822808680074346, 0.0529564469753142, 0.5427114825267026, -0.479171533551049, -0.037456923931420735], [-0.20140013411405575, -0.44160439901439297, -0.07289675403503196, -0.4637210114002779, -0.00818336146412968, 0.5270834441535185, 0.3643010120201213, -0.10686345922161553, 0.13318522935901148, 0.2532348693454145, 0.1355004485198366]], "inverted": false, "swapped": false, "error_lsq": 0.04399071134354042, "error_max": 0.2206338505916346, "target": "918.xyz", "model": "20.xyz", "model_rescale": 4.121658175737393, "target_rescale": 3.8010042512593385},
{"mapping": [3, 4, 10, 1, 5, 9, 7, 6, 11, 8, 12], "R": [[-0.8275259711894837, 0.5610030906699125, -0.021824281562245862], [0.4628602678935111, 0.6597251138188459, -0.5920499527930547], [-0.3177438267102123, -0.5000383049882451, -0.8056057063675963]], "T": [-0.07886153417401409, -0.05252425927935062, -0.052918950025929654], "aligned_model": [[-0.7046999475931048, -0.306756968627835, 0.2775355099147699, 0.028733774290435957, -0.15483789629787392, 0.05559659277588866, -0.6491395492411718, 0.5420820617787917, -0.6455435758057331, 0.39603307577827135, -0.16156291055705913], [-0.1827415797914063, 0.38233418139016934, 0.6414506077364637, -0.5096537769885683, -0.6754947364180872, 0.26836170726218866, -0.12790495013182251, -0.004476522080992813, 0.5446533346148497, -0.3365433469857805, -0.1167741934027349], [-0.32496753516416493, -0.3497242893655302, -0.060204043172453967, -0.5646129207045185, 0.21172969818279153, 0.5808129205269627, 0.3157527151110195, -0.23931886329690144, 0.25823919012762486, 0.33115313946140207, -0.04022412755783337]], "inverted": false, "swapped": false, "error_lsq": 0.05096025505205624, "error_max": 0.21723328268533648, "target": "918.xyz", "model": "21.xyz", "model_rescale": 4.08911054899281, "target_rescale": 3.8010042512593385},
{"mapping": [0, 6, 5, 1, 4, 9, 13, 11, 10, 15, 16], "R": [[0.5375431159507109, -0.38572891352999883, -0.7498403855227902], [-0.03762808462110093, -0.8993279454840848, 0.43565281328039357], [-0.8423962996961389, -0.2059671132446656, -0.49794178627617836]], "T": [-0.12868071594106054, -0.061772011464330714, 0.09565628542727045], "aligned_model": [[-0.6564311974875285, -0.48758022231959885, 0.16158765466805083, 0.1896395202251279, -0.4846727095190626, 0.12665332139134836, -0.6742436072306901, 0.5708819862119687, -0.39746097463157193, 0.499799773192124, -0.17073337808478828], [-0.32954035164049494, 0.29694123246444254, 0.5793864490346818, -0.44685989564458073, -0.6613285885464039, 0.4149025433541868, -0.24715905098376972, 0.06421853693905695, 0.6886112995449497, -0.3927129771287455, -0.08324847218904421], [-0.4042026380761987, -0.450310821185121, 0.04677729707199601, -0.5210915803742411, 0.0859713871961922, 0.5594811551039818, 0.4192652211106901, -0.18830046784303411, 0.2214238023461767, 0.25996504939983134, 0.089657479398125]], "inverted": true, "swapped": false, "error_lsq": 0.04324028380562552, "error_max": 0.2499715092216878, "target": "918.xyz", "model": "22.xyz", "model_rescale": 4.204369325754507, "target_rescale": 3.8010042512593385},
{"mapping": [11, 14, 12, 9, 5, 1, 2, 4, 3, 8, 15], "R": [[0.9539950330879337, -0.14143104233300333, 0.26436856301034173], [0.2867289807194857, 0.6880901979156562, -0.6665721049878688], [-0.08763542924592524, 0.7117086059596256, 0.6969870097382656]], "T": [-0.01373151940635653, 0.03787813733396224, -0.05128662585922167], "aligned_model": [[-0.5426928706144711, -0.5083840524302655, 0.11396304516980216, -0.027574061060343574, -0.27005624761414593, -0.029251320008123027, -0.6041988730526199, 0.694625421701688, -0.4440988687592515, 0.3428507603395669, -0.04774276725645698], [-0.25382564360541837, 0.4662697985116966, 0.5661301917118994, -0.6082882274319457, -0.7179007361690648, 0.3010722700859328, -0.26278006766439027, 0.208591899460836, 0.7075793640511416, -0.5515823201433214, 0.027944196396913083], [-0.4441250086753255, -0.46545859290020525, -0.12044533776587227, -0.4651552765713823, 0.18186261997821632, 0.5536988353327461, 0.5110995680130976, -0.11254251554031325, 0.25155459725684254, 0.26121553793781294, -0.033068542917218766]], "inverted": true, "swapped": false, "error_lsq": 0.04416891824205962, "error_max": 0.24751240420615384, "target": "918.xyz", "model": "23.xyz", "model_rescale": 4.410303926677745, "target_rescale": 3.8010042512593385},
{"mapping": [5, 12, 7, 3, 4, 11, 15, 1, 13, 10, 16], "R": [[0.7764089855412204, -0.3172523920883999, -0.5445548704079701], [0.2257251212035581, 0.946719515709757, -0.22971793189022488], [0.5884192865877971, 0.055435352334689714, 0.8066533734405608]], "T": [-0.18591441267630182, 0.005267386858254822, 0.1218206024738265], "aligned_model": [[-0.6907537028667966, -0.606338665833657, 0.12405915957738967, 0.29125847679274114, -0.24087364172261166, 0.22449748958076265, -0.733179861987964, 0.626072177858113, -0.45566717531801115, 0.24786536243323315, -0.10949945209781908], [-0.22111890817493565, 0.36436605607143857, 0.542387895397416, -0.4868076148713198, -0.6358007719472162, 0.24221164349628946, -0.20622086426041467, 0.09988775414275572, 0.6539342485046594, -0.42855533735007245, -0.041073375804321445], [-0.17732579969246245, -0.4616752654722096, -0.11765557691196543, -0.4607763515713046, -0.12291491170331331, 0.5415121276953273, 0.5281301377584665, -0.1390627286486886, 0.14734262194930411, 0.33957481469944956, 0.041486816045795086]], "inverted": false, "swapped": false, "error_lsq": 0.03900972590193381, "error_max": 0.21096527248832767, "target": "918.xyz", "model": "24.xyz", "model_rescale": 4.28219845311461, "target_rescale": 3.8010042512593385},
{"mapping": [1, 5, 11, 6, 0, 13, 4, 14, 9, 2, 15], "R": [[0.0336688159869683, 0.8222637366471335, 0.56810981176629], [0.1636706585169495, -0.5652943488643734, 0.8084888463563565], [0.9859403259683943, 0.06576204480624048, -0.15361323866203147]], "T": [-0.15454215426082418, 0.09820013977249487, 0.06278099908567691], "aligned_model": [[-0.6678786375645573, -0.5688784477623485, 0.08277296909805254, 0.21282564319452024, -0.24996374690430417, 0.1172687357491049, -0.5245974054426663, 0.5952287047978998, -0.4242296327464243, 0.26864985502769645, -0.16375787103159345], [-0.12768758892650667, 0.4745909195078565, 0.5122199137036901, -0.5417367431497635, -0.7107173844645619, 0.19437865804386723, -0.3528531342428013, 0.08236560967823675, 0.7055100009863754, -0.3775871339487337, 0.024727608016619912], [-0.24598717896904682, -0.5790414823932494, -0.19941402426091048, -0.45463452274332106, 0.016940725576690477, 0.5821893063278099, 0.5035288046372619, -0.07040140011806978, 0.18654319161362848, 0.31440575507599017, 0.0645067094016148]], "inverted": false, "swapped": false, "error_lsq": 0.04072045210013991, "error_max": 0.189400076478724, "target": "918.xyz", "model": "25.xyz", "model_rescale": 4.100010024507729, "target_rescale": 3.8010042512593385},
{"mapping": [8, 10, 4, 7, 3, 6, 1, 5, 0, 2, 11], "R": [[0.3068881855474063, 0.7623800497339415, 0.569733535382194], [-0.9389913796654836, 0.3402058719341427, 0.050548527332072976], [-0.1552895053934178, -0.5504876242652533, 0.820273457479556]], "T": [-0.13126112905077977, -0.021749541081707145, 0.002651413251848863], "aligned_model": [[-0.6311720321960291, -0.5012886225015991, 0.29601505131120365, 0.1421397047822758, -0.31487196204529044, 0.24381801171766013, -0.63122218125539, 0.5855165297753742, -0.5873620492461263, 0.1538234294359925, -0.07795571336269132], [-0.26519626877737035, 0.3284859066818003, 0.7260631695986728, -0.43440250967339994, -0.8100012290772491, 0.2834550622088265, -0.15322605867880326, 0.11540271436126909, 0.5230788757658685, -0.4816220649202234, 0.05117312771488796], [-0.25750355718997975, -0.3915784026612701, -0.15243177627036222, -0.45943706124973965, -0.05228459343762516, 0.434679104995854, 0.4842107817176707, -0.1751271483244336, 0.26527933013460236, 0.5076279896546289, -0.08479878322094697]], "inverted": false, "swapped": false, "error_lsq": 0.045915845677651064, "error_max": 0.2545015367276648, "target": "918.xyz", "model": "26.xyz", "model_rescale": 3.6694154284099745, "target_rescale": 3.8010042512593385},
{"mapping": [0, 5, 7, 6, 2, 9, 10, 3, 8, 12, 13], "R": [[0.9714181144990514, -0.2349362942203271, -0.03393795045561837], [0.20651632601231382, 0.9069445097591325, -0.3671548219867779], [0.117037831120898, 0.34965210406314834, 0.9295405059548129]], "T": [-0.2055327347243548, 0.00047695414578881497, 0.03037635897037948], "aligned_model": [[-0.6298863335902544, -0.48706812118851045, 0.10868055033427237, 0.16927846710957872, -0.382100500107703, 0.16910273412420734, -0.4986878385259667, 0.5807743604106446, -0.509981381769217, 0.37941594114441896, -0.22208771152609033], [-0.23793554327144564, 0.40369225345139553, 0.505422805396457, -0.4372006021086705, -0.6558653526483452, 0.23238739930528726, -0.04909538746577417, 0.15848235050399415, 0.504424771545598, -0.4868132153619265, -0.05428875414229074], [-0.4168560720294059, -0.5894088847193348, -0.1756047652032878, -0.3426455593337844, 0.043347355191509104, 0.5506929418090337, 0.5533423119298904, -0.06753516841832038, 0.27878089008962226, 0.25424272682843857, 0.03028010800403807]], "inverted": false, "swapped": false, "error_lsq": 0.04686562162413504, "error_max": 0.25990608288480793, "target": "918.xyz", "model": "27.xyz", "model_rescale": 4.103607728864725, "target_rescale": 3.8010042512593385},
{"mapping": [1, 5, 6, 8, 2, 10, 3, 11, 9, 13, 14], "R": [[0.4683511819350491, -0.23067398091889735, 0.8528989886892062], [-0.8529507151209694, 0.1337719062681131, 0.5045593668420219], [-0.23048264133046845, -0.963791778145271, -0.134101306574199]], "T": [-0.05703919553366532, -0.022669459145605322, 0.10288796215388386], "aligned_model": [[-0.6662220328206907, -0.3873750138150588, 0.11823029435507088, 0.25003030337230164, -0.4323200860793976, 0.03533701913728647, -0.5979847325380763, 0.581341837157388, -0.4448766427653062, 0.40520567110934336, -0.183926450697481], [-0.3587178125567715, 0.40281192637770313, 0.5470959937189241, -0.4217230689965826, -0.6447172288724247, 0.28486653688420605, -0.18336317423337062, 0.13200986579732504, 0.6913564780031116, -0.4730336080016606, -0.09337518291618123], [-0.4617611386152949, -0.39207087261462154, -0.11139035566686346, -0.544216755888847, 0.21925604884939132, 0.49869539312855654, 0.5979498860514003, -0.09861935035559093, 0.20225094146072542, 0.1609771146786798, 0.0475649731208626]], "inverted": false, "swapped": false, "error_lsq": 0.04620872256481696, "error_max": 0.2597550902467084, "target": "918.xyz", "model": "28.xyz", "model_rescale": 4.137296879288765, "target_rescale": 3.8010042512593385},
{"mapping": [3, 2, 5, 4, 8, 0, 7, 6, 1, 9, 10], "R": [[-0.8074393712282455, -0.546102150199897, -0.22319073309074577], [-0.5711834712098178, 0.6289854675330281, 0.5273772121062505], [-0.1476181018955286, 0.5533079822118121, -0.8197921522028947]], "T": [-0.12853043699228267, -0.0360505367933211, 0.018223236379558926], "aligned_model": [[-0.5595606742184076, -0.549657260570285, 0.06952551630457532, 0.24263126933597184, -0.40694057471040274, 0.15458578144525315, -0.6094428515010899, 0.5685779993769904, -0.44835325402648957, 0.2856903669723934, -0.0696161519931293], [-0.3305544458980491, 0.4259508521034189, 0.5512721511610892, -0.3153885785051382, -0.6948293876888041, 0.32711657157959423, -0.11691469440262497, 0.04865773858182787, 0.5842917195133075, -0.5062012046040644, -0.09018999663627802], [-0.42149156560171663, -0.4522297274613923, -0.24450104306442633, -0.6013243477383393, 0.10100064153574566, 0.54593073170331, 0.5437672043492399, -0.13347435418384154, 0.3007967960672052, 0.4853139035619008, -0.005152355019287354]], "inverted": true, "swapped": false, "error_lsq": 0.04013629839254867, "error_max": 0.17833616257798887, "target": "918.xyz", "model": "29.xyz", "model_rescale": 3.607286011436655, "target_rescale": 3.8010042512593385},
{"mapping": [6, 2, 1, 3, 4, 11, 5, 9, 13, 8, 14], "R": [[-0.562352543516017, -0.699589184492543, 0.44083397072154573], [0.7961955365537405, -0.3141862346948199, 0.5170683489638416], [-0.2232314591919507, 0.6417647410612007, 0.7336932143325863]], "T": [-0.20067660918317692, 0.004162422303581046, 0.10851729849741933], "aligned_model": [[-0.40572359191995144, -0.541858374248442, 0.11882365975400583, 0.07446342702181685, -0.2930846551108759, 0.1254312623224319, -0.7170910389972913, 0.5583723488401879, -0.4712331732384784, 0.27371171558296753, -0.04437141359099092], [-0.14978725549679023, 0.44231450919301546, 0.5591195994267952, -0.4984027262954975, -0.6945742475747025, 0.31861200424979436, -0.40615664779653565, 0.04629994568188178, 0.6690440348476044, -0.4588160458954777, 0.055557554864191026], [-0.31973285973860766, -0.47608281716510625, -0.24909725456760407, -0.4375391712531681, 0.09972474952196082, 0.48175472897979954, 0.4899037520786478, -0.08286299399628953, 0.2521352266925859, 0.2690029009501256, 0.09142962264605446]], "inverted": false, "swapped": false, "error_lsq": 0.04390962875849288, "error_max": 0.2619029733978335, "target": "918.xyz", "model": "30.xyz", "model_rescale": 3.964800864290218, "target_rescale": 3.8010042512593385},
