[{"mapping": [10, 7, 5, 1, 6, 8, 0, 3, 9, 2, 4, 11], "R": [[0.9097472443274214, -0.17408309586592202, -0.3769018800329865], [-0.3980118992366111, -0.10746974419883328, -0.9110635445170131], [0.11809521372489748, 0.9788489821293037, -0.16705744724404606]], "T": [-0.05069371139987817, -0.0001279655370181448, 0.09165567576629899], "aligned_model": [[-0.7182613250601622, -0.47885546643860083, -0.5121671683031118, 0.2690388560668453, 0.16082690387853057, 0.48538741907729327, -0.04259191409576119, -0.26591916437255925, -0.15781430796700305, 0.6356962089674996, 0.03070309252668762, -0.06588987894571363], [-0.1211589812601686, -0.4426947250319792, 0.30467327592912297, 0.0163710009740962, -0.6359807717757648, -0.24924899449659138, 0.5629206674065435, 0.013464298086762293, -0.5146445905147605, 0.3881702758643282, 0.6252683724028979, 0.05188941397169805], [0.12994823887979565, -0.627660308192283, -0.5270726849093592, -0.5403090613228502, -0.18421517366421095, 0.3233002853898588, -0.16466832198328937, 0.7455102234672469, 0.39686747901214614, -0.07218448576044575, 0.5962371335562372, 0.04811805285154361]], "inverted": false, "swapped": false, "error_lsq": 0.058511968058441576, "error_max": 0.39025659711267424, "target": "919.xyz", "model": "0.xyz", "model_rescale": 3.751011558992144, "target_rescale": 3.8078473832156288},
{"mapping": [9, 12, 13, 3, 7, 1, 5, 10, 6, 8, 4, 14], "R": [[0.21194614582602067, 0.5000067488443785, 0.8396857045225732], [0.9759470154955021, -0.1531734327607277, -0.15513001786152603], [0.051051485922720574, 0.8523679666707153, -0.5204446129788576]], "T": [-0.0057227904090210654, 0.0226225393511571, -0.004584739803092453], "aligned_model": [[-0.6371507230218884, -0.3994181411086211, -0.3608913157374051, 0.08996815045906364, 0.15978352275146523, 0.5829315420182547, -0.22511052200972662, -0.4636272911361477, 0.010413830322674157, 0.3732177078973446, 0.26313312838044983, -0.05309663348151874], [0.20783486682402558, -0.4493879470724615, 0.279663461886917, -0.16467611501701276, -0.6078235274368045, -0.2715914672178748, 0.5972852720863518, 0.2150092905047717, -0.5856015306206817, 0.544702251074177, 0.23256998089546066, 0.001044705649315681], [-0.03900538771415187, -0.421939715358517, -0.5836248774952953, -0.7388655766907432, -0.12633218730346735, 0.2247834024683054, -0.11283359117822367, 0.647921623631977, 0.4353343839553481, 0.15115583130926946, 0.7090065554287642, -0.021729083728875394]], "inverted": true, "swapped": false, "error_lsq": 0.04978701645648264, "error_max": 0.3127416024827165, "target": "919.xyz", "model": "1.xyz", "model_rescale": 3.9405287249114394, "target_rescale": 3.8078473832156288},
{"mapping": [9, 11, 5, 0, 6, 7, 2, 8, 3, 1, 4, 12], "R": [[-0.6553859011732854, -0.7503654167251468, 0.08614558564533259], [0.24810625131077182, -0.10615608467772869, 0.9628988387917035], [-0.7133811103497181, 0.6524435815216452, 0.2557435518784621]], "T": [-0.043628263635481224, -0.034129069523586957, 0.04413752430993517], "aligned_model": [[-0.8458035240438214, -0.4654275143231454, -0.4216007169683018, 0.26836001837719425, 0.1847870308236948, 0.595588815321976, -0.12489602672421632, -0.5388579125179052, -0.002074115517210179, 0.575375068697805, 0.16454138535697782, -0.04983925314910331], [-0.014067655427367463, -0.4261073523277183, 0.21339581222940074, 0.03176915162328151, -0.4430247776907228, -0.406512695587689, 0.5860373571712175, 0.13305904232404314, -0.4238175823932616, 0.4558199251629897, 0.23880986664275605, 0.05366814982925474], [0.12471977014194725, -0.37544882790666384, -0.5250237338687, -0.7312660639022528, -0.23151886776006203, 0.3298678415053421, -0.22597130820903594, 0.6164010127786455, 0.4603295404280695, -0.01919642807080521, 0.6555829071901655, 0.045395534997740405]], "inverted": true, "swapped": false, "error_lsq": 0.04245193813812659, "error_max": 0.2402594037983935, "target": "919.xyz", "model": "2.xyz", "model_rescale": 3.932901565614263, "target_rescale": 3.8078473832156288},
{"mapping": [3, 0, 1, 2, 4, 5, 10, 8, 7, 12, 9, 13], "R": [[0.09991778558709707, -0.9429652897886579, 0.31754196317520517], [0.857790913946339, 0.24335235388355436, 0.45274096325651614], [-0.504193597811868, 0.22714773631521354, 0.8331822860649395]], "T": [-0.15814660448037451, 0.06288964071134646, 0.02770537921769952], "aligned_model": [[-0.6510306378930343, -0.44705077715365005, -0.4212776666677558, 0.08503912183220735, 0.21823448710630503, 0.5261893720739005, 0.04016668700771242, -0.5262419436128375, -0.06022252413544399, 0.45435589616242744, 0.17777134924034413, -0.05578010862623073], [-0.050024724090589126, -0.38267383533776417, 0.26996970771866596, -0.21061119243596654, -0.6614562294525814, -0.08104568015842871, 0.7207335477294271, 0.1661654994891712, -0.48760665333098424, 0.49056463773307807, 0.1080927234100192, 0.11692144028213727], [0.09842421623770728, -0.3808994383824002, -0.6330884697795033, -0.720798361563766, -0.28356096783937806, 0.19433844992783325, -0.17492401825359669, 0.6543046481564438, 0.4716730042551585, 0.1860233939485295, 0.6795556297135227, 0.03282329090383964]], "inverted": false, "swapped": false, "error_lsq": 0.0488236021887121, "error_max": 0.25629178353342563, "target": "919.xyz", "model": "3.xyz", "model_rescale": 3.9243930471874484, "target_rescale": 3.8078473832156288},
{"mapping": [4, 7, 8, 9, 1, 5, 10, 3, 0, 11, 6, 12], "R": [[0.9860127307875115, 0.11766160441322854, -0.11804508279407361], [-0.1057417485454063, -0.1058435693886119, -0.9887445683459599], [-0.1288315851781497, 0.9873970253479516, -0.09192136310184995]], "T": [-0.079546891711093, 0.05544358187984316, -0.02559171034173007], "aligned_model": [[-0.6728522144746717, -0.5767737841973252, -0.33624898754642685, 0.30939257712903057, 0.11897975827285781, 0.4569933562280807, -0.2739734319126512, -0.3826347950923097, -0.0812323167292474, 0.5503122008318895, 0.2450240356012113, -0.016833142776493643], [0.04231266283208927, -0.49421858506791677, 0.21517258542947765, 0.10114744326070457, -0.6049362507418954, -0.30232970639428336, 0.7331566232608857, 0.10497082843434553, -0.6148701798414595, 0.5260946239745539, 0.31779139740015516, -0.02526220099047255], [-0.03914318204938798, -0.33146043794714336, -0.5777937099170805, -0.6123835289708894, -0.21172592507701044, 0.3715807160850953, -0.031166073643639908, 0.5732723351956371, 0.4978574023236146, -0.11446916250824804, 0.5637671375362515, 0.03553580629719136]], "inverted": true, "swapped": false, "error_lsq": 0.04971545911130287, "error_max": 0.24018445186196546, "target": "919.xyz", "model": "4.xyz", "model_rescale": 3.8936222436046832, "target_rescale": 3.8078473832156288},
{"mapping": [1, 5, 6, 7, 4, 10, 9, 0, 2, 8, 3, 11], "R": [[0.5942577254322465, 0.8039745465262911, 0.0219700774222039], [0.7609390340449778, -0.5708740324404535, 0.3083417350146947], [0.2604410532746114, -0.16651656861411973, -0.9510219188568633]], "T": [0.01604852044018775, 0.05561608241372787, -0.003338384094310363], "aligned_model": [[-0.7643297944077799, -0.3685187613186002, -0.3794857881211903, 0.3336142122297947, -0.011253743102599325, 0.5488393083414407, -0.21422947174683057, -0.42969796193728954, -0.04432312505828115, 0.5426373226117784, 0.2053137471520276, -0.07841268930852588], [-0.08932673440959463, -0.3897628030867889, 0.2726694627544876, 0.010548701409179045, -0.7352070837904088, -0.2704449232802011, 0.6272002238606894, 0.26148410672587874, -0.4385401667005909, 0.5733813511137764, 0.24167537477974482, -0.0646482678199874], [0.11116066711317892, -0.560937264292108, -0.6598816568046758, -0.5662491141000852, -0.07025553516304195, 0.09302341527914637, 0.04461533715767359, 0.7326281497854158, 0.55283005334636, 0.018711248244567824, 0.5064092456237311, -0.07818316886577238]], "inverted": false, "swapped": false, "error_lsq": 0.054922145954430034, "error_max": 0.31469997244667586, "target": "919.xyz", "model": "5.xyz", "model_rescale": 3.6523030999806103, "target_rescale": 3.8078473832156288},
{"mapping": [4, 11, 10, 9, 7, 5, 6, 2, 3, 8, 1, 12], "R": [[0.7127989228096525, 0.7013654234424219, 0.0020587473937999715], [0.6923863510891365, -0.7031991467296486, -0.1615923911085094], [-0.11188760640424114, 0.116608330912189, -0.9868554406269457]], "T": [-0.00479887316382939, 0.02988121753440536, 0.03366978225575811], "aligned_model": [[-0.5655270945269094, -0.4086160040136814, -0.48822922084392384, 0.13449859530837588, 0.15624289537468278, 0.6264986305838458, -0.028747327402913917, -0.558469114673034, -0.1821571009046834, 0.5355871694988277, 0.08191937726241917, 0.037152449670938906], [-0.09131792841477347, -0.5693010726995165, 0.4084837741155331, 0.008904957501904388, -0.6199522798228706, -0.14240038483618248, 0.6795279018005217, 0.2704452434422086, -0.5083849403004251, 0.37353087017655023, 0.2457236132989971, -0.056230512705762875], [0.03879137527979572, -0.46880540224911316, -0.44760793877351435, -0.6754275925616401, -0.10271216008113421, 0.22257727610743375, 0.036850856556823276, 0.49387609176844494, 0.43548355171909103, -0.17511466113219398, 0.6880908021099911, 0.0778691785804063]], "inverted": true, "swapped": false, "error_lsq": 0.045910851987035046, "error_max": 0.21772236773389697, "target": "919.xyz", "model": "6.xyz", "model_rescale": 4.08911054899281, "target_rescale": 3.8078473832156288},
{"mapping": [1, 2, 13, 7, 6, 4, 12, 9, 3, 5, 8, 14], "R": [[0.4389074396392246, -0.7804674309910676, 0.4452312304764159], [0.0718077614447325, -0.46345743391342437, -0.8832048756357045], [0.8956583639008999, 0.41961624862794206, -0.1473712966007164]], "T": [-0.061140210849886384, 0.08499525398281828, 0.04118600640982438], "aligned_model": [[-0.774553910990401, -0.41264604294411567, -0.436448702992454, 0.21805600376885872, 0.05087668859291687, 0.5586270952669758, 0.011071493933629356, -0.524068366583317, 0.06846496014570613, 0.6369973180361945, 0.12940583208088682, -0.18562911298093637], [-0.08423142008436153, -0.401826039769159, 0.3633435187033018, -0.10355487026885714, -0.38746964553961977, -0.11061120219851427, 0.7072722304677326, -0.008232911243002447, -0.5385878497125882, 0.2930261216087171, 0.17179646006415977, 0.09810484952837525], [0.02249686273293392, -0.4969480115119652, -0.5223388835501411, -0.6557984187566869, -0.07445178763671036, 0.3140890849396986, -0.2987533297080319, 0.666936227940478, 0.5110775350657266, -0.18203670403644762, 0.6902674569468369, 0.14933134489869906]], "inverted": true, "swapped": false, "error_lsq": 0.04803763223014237, "error_max": 0.25877379355251084, "target": "919.xyz", "model": "7.xyz", "model_rescale": 3.964800864290218, "target_rescale": 3.8078473832156288},
{"mapping": [9, 8, 7, 1, 5, 3, 2, 11, 10, 0, 6, 13], "R": [[0.641000105962274, 0.26879347038604173, 0.7189359738072519], [-0.4490011443329649, -0.6283661746309153, 0.6352589416666232], [0.6225085031901504, -0.7300041238633781, -0.28209420872896374]], "T": [-0.06623051499712858, 0.11384738724516666, 0.03589645142421106], "aligned_model": [[-0.6498086689520117, -0.4389957920382889, -0.39072822975150295, 0.1770079432469165, 0.14398668871490772, 0.5770176778324279, 0.036500868665211336, -0.5386600249710612, -0.18895800950343578, 0.5897173673574861, 0.12373332191402474, -0.10065988718072925], [-0.23532228616683046, -0.4140045140859667, 0.3021578667306853, 0.10909512603630062, -0.6800177633194708, -0.09280546013842453, 0.7272590791405287, 0.1655506913331172, -0.6106165657780385, 0.3824912954281874, 0.29835018765382737, 0.04689158472226854], [0.14254449024623644, -0.38060805023311217, -0.5691602082340687, -0.6739854821512655, -0.12113084859351972, 0.2995042259532842, -0.19165812842638735, 0.7150653928120361, 0.4036245518862607, -0.0676515990325336, 0.5520149266659845, 0.015312106431475396]], "inverted": true, "swapped": false, "error_lsq": 0.04120151669605786, "error_max": 0.20839237019415763, "target": "919.xyz", "model": "8.xyz", "model_rescale": 4.121658175737393, "target_rescale": 3.8078473832156288},
{"mapping": [3, 2, 8, 6, 1, 4, 7, 10, 0, 9, 5, 12], "R": [[-0.5098507838972013, -0.8425089051228383, 0.1738704199918029], [0.3117286527734937, 0.007437903780075528, 0.9501420549725084], [-0.8017963739001519, 0.5386310633226372, 0.25884194487079015]], "T": [-0.12671188604900765, 0.09002626768443474, -0.004373637866520201], "aligned_model": [[-0.8544208554960584, -0.4645045091361809, -0.3521456335640861, 0.2634429748374929, 0.13652309654102515, 0.6339450140384668, -0.07011094024792924, -0.5263428318890183, -0.06191016241195142, 0.6247932273519134, 0.09925149603392261, -0.08836762072365215], [-0.1803716363136057, -0.42878648428686333, 0.25878076086679913, 0.08583380509980393, -0.5275005683635555, -0.2951927027650863, 0.7603012659532459, 0.16621644124943624, -0.5275559450159635, 0.43260046854295137, 0.24161829114442052, 0.01308554544460172], [0.13707819411101185, -0.31913691882340217, -0.6761287154352504, -0.5770372894789524, -0.160257140569386, 0.24288198466580932, -0.05670594092470521, 0.6366965573340665, 0.47855201924026963, -0.10960100347720439, 0.5503139450634813, -0.02278431438134785]], "inverted": false, "swapped": false, "error_lsq": 0.0403703515303828, "error_max": 0.24091522569575932, "target": "919.xyz", "model": "9.xyz", "model_rescale": 3.833441315466971, "target_rescale": 3.8078473832156288},
{"mapping": [7, 11, 8, 10, 12, 1, 2, 3, 6, 13, 5, 14], "R": [[0.006636764550773555, -0.9991999999283706, -0.039437463146635876], [-0.6157028233295635, -0.035159323013107924, 0.7871936580977166], [-0.7879504976204421, 0.019057338439682603, -0.6154436051753998]], "T": [-0.03570733600651099, -0.056870660280889135, 0.04276119386135528], "aligned_model": [[-0.6919541654408937, -0.4163549732390683, -0.3395192934586125, 0.18185712318714647, 0.11419915645617718, 0.5880133739143221, -0.12005228440364776, -0.642048957506288, -0.012544578288295982, 0.4267788225032792, 0.36065883664663445, -0.10887980503680862], [-0.16781662916077558, -0.3718277316701857, 0.299603739719142, -0.05590802172547252, -0.6235842272179403, -0.37965725159134056, 0.6439212879531694, 0.3091671415603502, -0.549329465848081, 0.5858028271415789, 0.3073126050809255, 0.0013449673148136082], [0.012019241606502019, -0.4276072792474616, -0.5802826721950248, -0.7499675888522871, -0.09646464381898152, 0.27165030544130114, 0.178506653814283, 0.5454420224274418, 0.5098558090295646, -0.0508544200380099, 0.452272619677185, 0.05930132947987768]], "inverted": false, "swapped": false, "error_lsq": 0.051676816632683975, "error_max": 0.27615224915588094, "target": "919.xyz", "model": "10.xyz", "model_rescale": 4.2482417240324, "target_rescale": 3.8078473832156288},
{"mapping": [10, 0, 4, 6, 1, 3, 5, 9, 8, 2, 7, 11], "R": [[-0.722129918945159, 0.43769184918640247, -0.5356810854604125], [-0.29791218334765657, -0.8956588274619571, -0.33021749772309816], [-0.6243210001091509, -0.0788740131175, 0.7771757709022137]], "T": [-0.0038647460866208863, -0.03477525630780005, -0.015804439468211064], "aligned_model": [[-0.5794838328874311, -0.3785286278112487, -0.607644779394212, 0.06991974702277506, 0.27837717515241234, 0.5599844411371713, -0.0761636299677031, -0.5936480272723338, -0.053497332842663704, 0.7059762856434427, 0.11645316638505934, -0.10159132983132427], [-0.2704672667957401, -0.5215253350508225, 0.4492202845061826, 0.22293973115126203, -0.6506838857886226, -0.22957532139673567, 0.7084850164690065, 0.2837223104027361, -0.456192598582929, 0.08487111315687762, 0.33519602135746623, 0.043039172127503016], [0.15186877138327418, -0.4591336766143163, -0.4245067370926684, -0.6062457760618996, -0.21616065171169443, 0.533921542417456, -0.09657082246773988, 0.4638056973848248, 0.4278191159439027, -0.18775717230778596, 0.5384528115773114, -0.001621725126274431]], "inverted": true, "swapped": false, "error_lsq": 0.06586131391319103, "error_max": 0.3885869396962562, "target": "919.xyz", "model": "11.xyz", "model_rescale": 3.6694154284099745, "target_rescale": 3.8078473832156288},
{"mapping": [6, 11, 9, 8, 4, 1, 10, 5, 0, 2, 12, 13], "R": [[-0.028117715510621505, -0.7791014237540191, 0.6262670082152851], [0.7496242837138486, -0.4308914778267497, -0.5023902542872217], [0.6612660790793395, 0.45533889120164106, 0.59614903071153]], "T": [-0.11584227380761619, 0.03163347971011396, 0.022768224711977016], "aligned_model": [[-0.5649304751828814, -0.4478373971788672, -0.41451302799688605, 0.18716093818371954, 0.07633513885106619, 0.649893449387343, -0.049748988910221725, -0.5995631433885629, -0.05065719035887445, 0.48484665271697985, 0.13768465869676805, -0.06851735948563836], [-0.29584564341822095, -0.2929443216716422, 0.4094764082233153, 0.08883499638400832, -0.6726998583792905, -0.22238501769407634, 0.6562191622602686, 0.12857953964761498, -0.4202259455636087, 0.24781048457068902, 0.4248946198298922, -0.052685182632764976], [0.12732464371289748, -0.551215344578092, -0.6196621363814798, -0.6682562982423315, -0.09831455965451916, 0.27888714104025647, -0.07238002883621861, 0.656160973542534, 0.5725971336577872, -0.11417661641961255, 0.5155544566960885, 0.0973520127870803]], "inverted": true, "swapped": false, "error_lsq": 0.049563874876422824, "error_max": 0.23263119465430027, "target": "919.xyz", "model": "12.xyz", "model_rescale": 3.9764082729961374, "target_rescale": 3.8078473832156288},
{"mapping": [8, 10, 1, 12, 13, 6, 9, 7, 14, 5, 4, 15], "R": [[0.9878925514657375, 0.1551319275234832, -0.0015465514424527066], [0.028058358194197885, -0.188464494492909, -0.9816791038068288], [-0.15258124161888803, 0.9697500808859886, -0.1905354175151105]], "T": [-0.10015298432025432, 0.018221719497915446, 0.028726300759500882], "aligned_model": [[-0.774598592135155, -0.532662929623303, -0.45991395596980555, 0.0805508120684211, 0.22906229260953798, 0.5374188011001779, 0.042378351113970175, -0.4667728559168759, 0.05233897359857115, 0.5704093195541545, 0.16319581738208977, -0.10125277844783888], [-0.19335362648018892, -0.33983499346664664, 0.20539803591618608, -0.02438976298209645, -0.45035479483535934, -0.2586738230785468, 0.5293725064763081, 0.35969788572056705, -0.6859727932023599, 0.5207641525312551, 0.33446953489995646, 0.0019069200571095526], [0.03216602778115368, -0.5464931673335327, -0.4600063952112658, -0.5818012862337848, -0.18699087018017516, 0.34572769292729644, -0.25395517707081006, 0.5944272788171201, 0.3746516259786501, 0.05365029438601559, 0.6173674900035123, 0.13512786346021088]], "inverted": false, "swapped": false, "error_lsq": 0.04258429508607998, "error_max": 0.22664387480294734, "target": "919.xyz", "model": "13.xyz", "model_rescale": 4.170626492500431, "target_rescale": 3.8078473832156288},
{"mapping": [12, 4, 8, 0, 2, 3, 10, 5, 6, 9, 11, 13], "R": [[-0.4456838025096965, -0.8917897338341993, -0.07795523592694548], [0.379596459474584, -0.2671352805961127, 0.8857456010701925], [-0.8107234276464805, 0.36517093598582573, 0.457578093199814]], "T": [0.037081047683691394, -0.002445282931404251, -0.12569963907493353], "aligned_model": [[-0.6169086324649168, -0.5445011699642183, -0.48221569030847894, 0.2797710939131246, 0.13776428645806557, 0.5829893479478039, -0.09313308516302099, -0.5106922368626038, -0.038054221751281904, 0.48686218742682746, 0.11965156161423016, 0.018619814488413437], [0.2740067666209614, -0.35753978277479026, 0.2564823934863892, -0.15623365734718694, -0.6376771736708972, -0.2327780059586301, 0.5465053856533193, -0.0599838552584214, -0.4817289839379806, 0.6212853662297527, 0.2282906713943734, -0.0015998828807048102], [0.052002031551963784, -0.3225070344891697, -0.5892119356761101, -0.6484893519457866, -0.2645358650888079, 0.2270106795088786, -0.13077389194535338, 0.5980776538737739, 0.5614183218797046, 0.1291796305651171, 0.5373257606962704, -0.025624621606090456]], "inverted": false, "swapped": false, "error_lsq": 0.058822943732906946, "error_max": 0.35803958863832935, "target": "919.xyz", "model": "14.xyz", "model_rescale": 3.9786697098870705, "target_rescale": 3.8078473832156288},
{"mapping": [7, 7, 6, 9, 8, 2, 1, 10, 5, 0, 4, 11], "R": [[0.5610905454314645, -0.4515849551987875, -0.6937207133029335], [-0.8276992460097318, -0.2964076132946231, -0.4765044437735149], [0.00955813697031993, 0.8415542495995695, -0.5400880363408936]], "T": [0.015811805759226687, 0.020239252266694152, -0.038570628574530225], "aligned_model": [[-0.5791347945613795, -0.5791347945613795, -0.43504059185129806, 0.18484778952385506, 0.17372425483407028, 0.7399884309741469, -0.2001588792405547, -0.5946296635143665, -0.050143905747344876, 0.578665314968096, 0.1128718071352583, -0.01170171262515906], [-0.2620715377140647, -0.2620715377140647, 0.3317962472128911, -0.011924219414539194, -0.4760559831519168, -0.26087262154094587, 0.6620041844171616, 0.28931516044362315, -0.6114560444708417, 0.42778365384548883, 0.11375532686475834, 0.058826612778634345], [-0.09527306254423792, -0.09527306254423792, -0.6104272935464906, -0.6367400153968243, -0.06992064851017213, 0.3492331183951446, 0.007975333387526921, 0.4587022911855796, 0.4526222906835614, -0.06872148248925089, 0.5587139183675465, -0.12702000966375457]], "inverted": false, "swapped": false, "error_lsq": 0.05543629992920526, "error_max": 0.4522128993712582, "target": "919.xyz", "model": "15.xyz", "model_rescale": 3.769337070930944, "target_rescale": 3.8078473832156288},
{"mapping": [5, 8, 3, 4, 9, 10, 6, 7, 2, 1, 11], "R": [[-0.11012520887391941, 0.9661569924211647, 0.2332661663554426], [0.2321790169254217, 0.25320703690736, -0.93913742368204], [-0.9664188235284019, -0.0492631957579307, -0.2522058585237374]], "T": [-0.015313741061339868, 0.056606285640483624, -0.023357552146496974], "aligned_model": [[-0.17508026884892602, -0.49890621215065334, -0.23183380842535006, -0.5287409343309347, 0.31613302995900844, 0.361058424894092, 0.5642975094863564, 0.4408947544721905, 0.18468626770441468, -0.5176901068630959, 0.007807474794068995], [-0.14394052669304913, -0.5302773869446545, 0.7103117066811155, 0.12209918295204739, 0.3097429995296582, -0.42431746610797627, 0.2781456173084081, -0.6319364774480177, 0.628364910982507, 0.27658360567227264, 0.0012883316930310251], [-0.7181869400463807, -0.10483227401740017, -0.025943217810925363, -0.0950012590287916, -0.6228014508227474, -0.34710059409932215, 0.06342452258529013, 0.33064045951341664, 0.5159597348578968, 0.6742550742452468, 0.07380355184749407]], "inverted": false, "swapped": true, "error_lsq": 0.053275676068683435, "error_max": 0.2685861310218754, "target": "919.xyz", "model": "16.xyz", "model_rescale": 3.7852294659196426, "target_rescale": 3.8078473832156288},
{"mapping": [5, 7, 6, 11, 2, 8, 10, 4, 3, 9, 0, 12], "R": [[-0.9451929542920902, 0.03319117286087963, 0.3248209125051988], [0.15675583167836643, -0.8265458766276227, 0.5406010757154468], [0.2864225696264428, 0.5618899001352434, 0.7760424290814206]], "T": [-0.07638570293704539, -0.09778979391355554, 0.07035772243692458], "aligned_model": [[-0.7293769515452456, -0.40450917082247684, -0.5016330656128768, 0.27858943111652745, 0.006813136343955639, 0.5718791273196148, -0.15348648807028425, -0.5161823759222528, 0.10444492442433737, 0.5739791087095198, 0.1454334778738887, -0.035797898480762896], [-0.02322208413128661, -0.30958906348899073, 0.33182185608696785, -0.09913769989872843, -0.6662858258095016, -0.16039114178990677, 0.6825039250221964, 0.2236666793595002, -0.598374860645491, 0.47129456648270823, 0.17176277153110292, -0.02501988116238582], [0.054511698982641896, -0.5117960926382423, -0.5792511957769976, -0.571454486691553, -0.1393497783615129, 0.06405753602404539, -0.11525546782818467, 0.5231615511658633, 0.6612978601290841, 0.04961192681119732, 0.6567746570707146, 0.03156316843733431]], "inverted": true, "swapped": false, "error_lsq": 0.04783857271542021, "error_max": 0.2718083277212224, "target": "919.xyz", "model": "17.xyz", "model_rescale": 3.901054581598922, "target_rescale": 3.8078473832156288},
{"mapping": [9, 12, 13, 3, 7, 1, 5, 10, 6, 8, 4, 14], "R": [[0.21194614582602067, 0.5000067488443785, 0.8396857045225732], [0.9759470154955021, -0.1531734327607277, -0.15513001786152603], [0.051051485922720574, 0.8523679666707153, -0.5204446129788576]], "T": [-0.0057227904090210654, 0.0226225393511571, -0.004584739803092453], "aligned_model": [[-0.6371507230218884, -0.3994181411086211, -0.3608913157374051, 0.08996815045906364, 0.15978352275146523, 0.5829315420182547, -0.22511052200972662, -0.4636272911361477, 0.010413830322674157, 0.3732177078973446, 0.26313312838044983, -0.05309663348151874], [0.20783486682402558, -0.4493879470724615, 0.279663461886917, -0.16467611501701276, -0.6078235274368045, -0.2715914672178748, 0.5972852720863518, 0.2150092905047717, -0.5856015306206817, 0.544702251074177, 0.23256998089546066, 0.001044705649315681], [-0.03900538771415187, -0.421939715358517, -0.5836248774952953, -0.7388655766907432, -0.12633218730346735, 0.2247834024683054, -0.11283359117822367, 0.647921623631977, 0.4353343839553481, 0.15115583130926946, 0.7090065554287642, -0.021729083728875394]], "inverted": true, "swapped": false, "error_lsq": 0.04978701645648264, "error_max": 0.3127416024827165, "target": "919.xyz", "model": "18.xyz", "model_rescale": 3.9405287249114394, "target_rescale": 3.8078473832156288},
{"mapping": [12, 14, 3, 10, 11, 5, 1, 4, 9, 2, 8, 15], "R": [[0.7181464449360829, 0.19866258804632944, -0.666932425164949], [-0.23969806371705263, -0.8291201311890556, -0.5050788515740282], [-0.6533073716681618, 0.5225829926124442, -0.5478106369506351]], "T": [-0.1877633773398132, -0.006214859266552706, 0.12944802992653334], "aligned_model": [[-0.6916916836337459, -0.4472345254408209, -0.3910420800183054, 0.15867334960584445, 0.14433793964116215, 0.6204630907517771, -0.15372215331205671, -0.6863163736325975, 0.16761920630852956, 0.5500399556156456, 0.22558191185307536, -0.1565553824045628], [0.12118980229029643, -0.37925717376661955, 0.36995531205701015, -0.11318969022805951, -0.5858864527215365, -0.0829125875613352, 0.6268812714583553, 0.16251438604530385, -0.586335965280796, 0.27621508605199446, 0.1906252859250247, -0.0007700327134541295], [-0.04365129571832829, -0.4976509391140509, -0.6071674505771795, -0.5680059231846831, -0.1405570828040926, 0.3087524568364148, -0.053718310614737974, 0.6370309101343441, 0.484655812150931, -0.2327740716633969, 0.7316704013799384, 0.10528687049923144]], "inverted": false, "swapped": false, "error_lsq": 0.04428392977426684, "error_max": 0.26753191339524257, "target": "919.xyz", "model": "19.xyz", "model_rescale": 4.410303926677745, "target_rescale": 3.8078473832156288},
{"mapping": [9, 8, 7, 1, 5, 3, 2, 11, 10, 0, 6, 13], "R": [[0.641000105962274, 0.26879347038604173, 0.7189359738072519], [-0.4490011443329649, -0.6283661746309153, 0.6352589416666232], [0.6225085031901504, -0.7300041238633781, -0.28209420872896374]], "T": [-0.06623051499712858, 0.11384738724516666, 0.03589645142421106], "aligned_model": [[-0.6498086689520117, -0.4389957920382889, -0.39072822975150295, 0.1770079432469165, 0.14398668871490772, 0.5770176778324279, 0.036500868665211336, -0.5386600249710612, -0.18895800950343578, 0.5897173673574861, 0.12373332191402474, -0.10065988718072925], [-0.23532228616683046, -0.4140045140859667, 0.3021578667306853, 0.10909512603630062, -0.6800177633194708, -0.09280546013842453, 0.7272590791405287, 0.1655506913331172, -0.6106165657780385, 0.3824912954281874, 0.29835018765382737, 0.04689158472226854], [0.14254449024623644, -0.38060805023311217, -0.5691602082340687, -0.6739854821512655, -0.12113084859351972, 0.2995042259532842, -0.19165812842638735, 0.7150653928120361, 0.4036245518862607, -0.0676515990325336, 0.5520149266659845, 0.015312106431475396]], "inverted": true, "swapped": false, "error_lsq": 0.04120151669605786, "error_max": 0.20839237019415763, "target": "919.xyz", "model": "20.xyz", "model_rescale": 4.121658175737393, "target_rescale": 3.8078473832156288},
{"mapping": [4, 11, 10, 9, 7, 5, 6, 2, 3, 8, 1, 12], "R": [[0.7127989228096525, 0.7013654234424219, 0.0020587473937999715], [0.6923863510891365, -0.7031991467296486, -0.1615923911085094], [-0.11188760640424114, 0.116608330912189, -0.9868554406269457]], "T": [-0.00479887316382939, 0.02988121753440536, 0.03366978225575811], "aligned_model": [[-0.5655270945269094, -0.4086160040136814, -0.48822922084392384, 0.13449859530837588, 0.15624289537468278, 0.6264986305838458, -0.028747327402913917, -0.558469114673034, -0.1821571009046834, 0.5355871694988277, 0.08191937726241917, 0.037152449670938906], [-0.09131792841477347, -0.5693010726995165, 0.4084837741155331, 0.008904957501904388, -0.6199522798228706, -0.14240038483618248, 0.6795279018005217, 0.2704452434422086, -0.5083849403004251, 0.37353087017655023, 0.2457236132989971, -0.056230512705762875], [0.03879137527979572, -0.46880540224911316, -0.44760793877351435, -0.6754275925616401, -0.10271216008113421, 0.22257727610743375, 0.036850856556823276, 0.49387609176844494, 0.43548355171909103, -0.17511466113219398, 0.6880908021099911, 0.0778691785804063]], "inverted": true, "swapped": false, "error_lsq": 0.045910851987035046, "error_max": 0.21772236773389697, "target": "919.xyz", "model": "21.xyz", "model_rescale": 4.08911054899281, "target_rescale": 3.8078473832156288},
{"mapping": [14, 15, 2, 1, 8, 6, 4, 12, 5, 0, 7, 16], "R": [[0.5337082771031807, 0.1425103797448476, 0.8335743917710849], [-0.525362273385067, 0.8282882058169803, 0.1947642929496116], [-0.6626839040260666, -0.5418758527277879, 0.5169338483551874]], "T": [-0.12857888968902756, -0.0499120907263714, 0.06647613527586112], "aligned_model": [[-0.7624414638904659, -0.593666668628167, -0.316447398342893, 0.21490790438236287, 0.3653721341609317, 0.5777070696654417, -0.10881691848617381, -0.5178842248142146, -0.06120560497080811, 0.46823259455753263, 0.18569500545048992, -0.11129917375009214], [0.026608820679235742, -0.2793313678595195, 0.25135955700047485, -0.14935084446043512, -0.4976090667028604, -0.1066891154973032, 0.5985414189296485, 0.1446732730166349, -0.6860928279801461, 0.42879626612288435, 0.2738809106673922, -0.005757782359821446], [0.13117059478705168, -0.44593695106692083, -0.562168953073182, -0.642133163153403, -0.12415917572175376, 0.2977781923965595, -0.18927705859808985, 0.6627540891649454, 0.3639050578803872, -0.05490656338164117, 0.6161907877017243, 0.07065452038871328]], "inverted": true, "swapped": false, "error_lsq": 0.03904059027813785, "error_max": 0.22878710330560814, "target": "919.xyz", "model": "22.xyz", "model_rescale": 4.204369325754507, "target_rescale": 3.8078473832156288},
{"mapping": [12, 14, 3, 10, 11, 5, 1, 4, 9, 2, 8, 15], "R": [[0.7181464449360829, 0.19866258804632944, -0.666932425164949], [-0.23969806371705263, -0.8291201311890556, -0.5050788515740282], [-0.6533073716681618, 0.5225829926124442, -0.5478106369506351]], "T": [-0.1877633773398132, -0.006214859266552706, 0.12944802992653334], "aligned_model": [[-0.6916916836337459, -0.4472345254408209, -0.3910420800183054, 0.15867334960584445, 0.14433793964116215, 0.6204630907517771, -0.15372215331205671, -0.6863163736325975, 0.16761920630852956, 0.5500399556156456, 0.22558191185307536, -0.1565553824045628], [0.12118980229029643, -0.37925717376661955, 0.36995531205701015, -0.11318969022805951, -0.5858864527215365, -0.0829125875613352, 0.6268812714583553, 0.16251438604530385, -0.586335965280796, 0.27621508605199446, 0.1906252859250247, -0.0007700327134541295], [-0.04365129571832829, -0.4976509391140509, -0.6071674505771795, -0.5680059231846831, -0.1405570828040926, 0.3087524568364148, -0.053718310614737974, 0.6370309101343441, 0.484655812150931, -0.2327740716633969, 0.7316704013799384, 0.10528687049923144]], "inverted": false, "swapped": false, "error_lsq": 0.04428392977426684, "error_max": 0.26753191339524257, "target": "919.xyz", "model": "23.xyz", "model_rescale": 4.410303926677745, "target_rescale": 3.8078473832156288},
{"mapping": [10, 8, 9, 15, 5, 12, 11, 1, 2, 13, 7, 16], "R": [[-0.580447745684509, 0.8138019247830296, 0.028404959940265005], [0.8122841914115447, 0.5762088018594329, 0.09043123930705556], [0.05722592867455129, 0.0755635089123922, -0.9954975385244217]], "T": [-0.021190718883536068, 0.03781466725946323, -0.008523299964285426], "aligned_model": [[-0.6695078732135274, -0.5568564800288301, -0.3499467377277522, 0.13021719584919206, 0.2830149683893386, 0.6701981055816331, -0.2832908255117613, -0.47808189722871586, -0.05918441960183802, 0.5777523330784157, 0.1597339275316037, -0.08389504178381388], [0.030460606919813515, -0.3593588303550755, 0.2096750717964679, -0.09326784910529107, -0.498082093743644, -0.21559221053139552, 0.6138071355974488, 0.2764287385457669, -0.7602795067019232, 0.4044752063899099, 0.40212412546657056, -0.011361152722463984], [-0.06695900372147362, -0.4891708552308452, -0.5133039107789865, -0.6935103130488549, -0.13452169203795075, 0.3138775103272802, -0.024576247797953497, 0.6775154203021915, 0.43249384184881917, 0.023318392519154227, 0.517286349683473, 0.08142188525953657]], "inverted": false, "swapped": false, "error_lsq": 0.038287098043285395, "error_max": 0.1997673787333447, "target": "919.xyz", "model": "24.xyz", "model_rescale": 4.28219845311461, "target_rescale": 3.8078473832156288},
{"mapping": [11, 5, 9, 3, 1, 0, 13, 14, 6, 4, 2, 15], "R": [[-0.22985014499518325, -0.10150828351553137, 0.9679178576839174], [-0.9624618547154573, -0.12380081521384223, -0.24153785701225022], [0.14434711311063803, -0.9871015279747666, -0.06924221549391729]], "T": [-0.1339711749777308, 0.07148022455405553, -0.01719765977811869], "aligned_model": [[-0.6751489351084612, -0.4910700400815265, -0.4502495145202424, 0.24505648114028533, 0.16477487060093232, 0.5412917660007142, -0.13740718907246613, -0.5160433920391958, 0.013313140698322012, 0.56600745867945, 0.14976557337016105, -0.07013696433402869], [0.011776264141745235, -0.5249836549585644, 0.2838999034481195, -0.02497137868283983, -0.4157937263907847, -0.22537177495490926, 0.6502961890760737, 0.14798253983705179, -0.4858030073698729, 0.2489444970313355, 0.283266675627552, 0.04978671475127791], [-0.01094143890881925, -0.5091244042152121, -0.5755161852039227, -0.6858384220642211, -0.3056284068013651, 0.33130344920788873, 0.116506229314874, 0.6372584820684583, 0.6755792629995382, -0.13202325554512517, 0.5688228016108826, 0.013473264861413883]], "inverted": true, "swapped": false, "error_lsq": 0.04163595339066762, "error_max": 0.2512670002653684, "target": "919.xyz", "model": "25.xyz", "model_rescale": 4.100010024507729, "target_rescale": 3.8078473832156288},
{"mapping": [10, 0, 4, 6, 1, 3, 5, 9, 8, 2, 7, 11], "R": [[-0.722129918945159, 0.43769184918640247, -0.5356810854604125], [-0.29791218334765657, -0.8956588274619571, -0.33021749772309816], [-0.6243210001091509, -0.0788740131175, 0.7771757709022137]], "T": [-0.0038647460866208863, -0.03477525630780005, -0.015804439468211064], "aligned_model": [[-0.5794838328874311, -0.3785286278112487, -0.607644779394212, 0.06991974702277506, 0.27837717515241234, 0.5599844411371713, -0.0761636299677031, -0.5936480272723338, -0.053497332842663704, 0.7059762856434427, 0.11645316638505934, -0.10159132983132427], [-0.2704672667957401, -0.5215253350508225, 0.4492202845061826, 0.22293973115126203, -0.6506838857886226, -0.22957532139673567, 0.7084850164690065, 0.2837223104027361, -0.456192598582929, 0.08487111315687762, 0.33519602135746623, 0.043039172127503016], [0.15186877138327418, -0.4591336766143163, -0.4245067370926684, -0.6062457760618996, -0.21616065171169443, 0.533921542417456, -0.09657082246773988, 0.4638056973848248, 0.4278191159439027, -0.18775717230778596, 0.5384528115773114, -0.001621725126274431]], "inverted": true, "swapped": false, "error_lsq": 0.06586131391319103, "error_max": 0.3885869396962562, "target": "919.xyz", "model": "26.xyz", "model_rescale": 3.6694154284099745, "target_rescale": 3.8078473832156288},
{"mapping": [7, 9, 12, 11, 10, 4, 6, 5, 8, 2, 0, 13], "R": [[0.8100823292271081, 0.303026305203719, -0.5019379226842359], [-0.05853298961736097, 0.8936079033471686, 0.44501551006895435], [0.5833871004748369, -0.33111927372181205, 0.7416330073355033]], "T": [-0.14706520097809167, 0.001001374231160945, 0.05263010244460739], "aligned_model": [[-0.7483673285852819, -0.4285548485988587, -0.21094904793365102, 0.2588063587280703, 0.2378115357239443, 0.519210942815171, -0.24670166153268108, -0.3580866787047516, -0.17362516080927437, 0.39690724468967337, 0.19435576155511264, -0.10065386201352888], [-0.08289452923827884, -0.41488837661221895, 0.31429941395711297, -0.038714503477882835, -0.4263121179741584, -0.2775163962680635, 0.6528766891992949, 0.11139127049338196, -0.5834859783015142, 0.35865777650973285, 0.3544374360243377, 0.031178557244440748], [0.2185389733182185, -0.4085236993353635, -0.6736591001183139, -0.7022648540391936, -0.12390260505607878, 0.4451024222546127, -0.13795211411229352, 0.8071249708581859, 0.3095859268447553, -0.14308786419785893, 0.4947251371375697, 0.03818418377015052]], "inverted": true, "swapped": false, "error_lsq": 0.05339821063060952, "error_max": 0.2777910881399349, "target": "919.xyz", "model": "27.xyz", "model_rescale": 4.103607728864725, "target_rescale": 3.8078473832156288},
{"mapping": [2, 1, 4, 8, 7, 6, 13, 3, 5, 11, 10, 14], "R": [[0.1292481473668214, -0.18841182907193635, -0.973548097973599], [-0.48446020557593633, 0.8446385368731466, -0.2277807086697904], [0.8652128209958322, 0.5010855462838236, 0.017889932640348393]], "T": [-0.019083664124369272, 0.0830964981686352, 0.19992985626155463], "aligned_model": [[-0.7143353697688689, -0.5127160097023639, -0.45863132423712316, 0.1365962975490929, 0.26307408044212927, 0.5257733512660412, 0.0180380210876609, -0.6524787677181696, 0.14736491592872317, 0.5984276190367332, 0.12897548202059086, -0.13993504057050132], [0.18593880081134817, -0.5333142248078945, 0.2688376069354926, 0.0016191721428961275, -0.4031893503093041, -0.18723265564857927, 0.5920961358605261, 0.14856768157767153, -0.6279234010174098, 0.27734468047178895, 0.2794406768700742, -0.003155881330425603], [-0.017714883664867703, -0.22342077864240822, -0.5707240103594977, -0.6009478945117233, -0.25172745444493755, 0.3769051207145071, -0.19933682437964767, 0.5974911967528406, 0.2433577682726631, -0.030306310097983763, 0.64636319847362, 0.15393224921182508]], "inverted": true, "swapped": false, "error_lsq": 0.05172148174771548, "error_max": 0.29357817503061895, "target": "919.xyz", "model": "28.xyz", "model_rescale": 4.137296879288765, "target_rescale": 3.8078473832156288},
{"mapping": [9, 5, 8, 0, 1, 4, 3, 10, 7, 6, 11], "R": [[0.6653217142772568, -0.00572355826957599, -0.7465348333412898], [-0.7455683888973161, 0.0463447029190308, -0.6648157233312157], [0.038403046600926805, 0.9989091096751905, 0.026566833075952062]], "T": [0.08596250523089913, 0.022404531610924688, 0.009769658351417385], "aligned_model": [[0.49073387101405896, 0.27082441737023155, -0.25596519695062525, -0.3992329926810513, 0.08391422705255883, 0.30432383966550447, 0.7002490618740679, -0.27289085578936734, -0.7783939432454084, 0.08914236588606615, -0.011285783486137277], [-0.4008018243748847, -0.6815025926014177, -0.3078566879086178, 0.4458349554975537, 0.7564437343780681, 0.0037331655152445485, 0.3288733958050003, -0.4976774136494224, 0.0043708648961645995, 0.18551205980184474, 0.08221815928841893], [0.44603181267362746, -0.12760966888186706, -0.5893507192919712, -0.09491788844240595, -0.48884608959805875, -0.46457128531131636, -0.04451905450149524, 0.28993435101153453, 0.2549117336871971, 0.6147042237927968, 0.00998660664495775]], "inverted": false, "swapped": true, "error_lsq": 0.06056358539045184, "error_max": 0.37358410669847775, "target": "919.xyz", "model": "29.xyz", "model_rescale": 3.607286011436655, "target_rescale": 3.8078473832156288},
