[{"mapping": [5, 10, 9, 3, 1, 4, 12, 6, 11, 15, 14, 16], "R": [[-0.8009357494162633, -0.5771370946446148, -0.15941988361613402], [-0.5479155532802025, 0.5991164635235489, 0.5838218988772911], [-0.24143419762050788, 0.5549524638383084, -0.7960761842305876]], "T": [-0.025254402138923653, -0.17907922194598988, -0.14037737985909804], "aligned_model": [[-0.40353438701796723, 0.17073454922748346, 0.6375451194429962, -0.07592660222857436, -0.15457012426356115, -0.7210200094067911, 0.26284053796670004, -0.166437956942301, 0.6277780014848008, 0.10477030832813317, -0.38585679503498116, -0.05868017909538887], [-0.25832720288701805, -0.6789297491703988, -0.21400768805693102, 0.6018182629926172, 0.38391291179735787, -0.5188328804141387, -0.15786311894713165, -0.5554898244632301, 0.08366737085922718, 0.43697305816035803, 0.07173458056211071, -0.14110068445576524], [-0.6229664935252432, 0.11834460868914826, -0.5382190627169956, -0.07650058035804158, -0.694974821865589, -0.01995313024321496, 0.5134908163410238, 0.6052235742659368, 0.05572320515092502, 0.40227285603635354, 0.559904002072237, -0.12039322849297714]], "inverted": true, "swapped": true, "error_lsq": 0.046945175233161, "error_max": 0.2815872534510029, "target": "92.xyz", "model": "0.xyz", "model_rescale": 3.751011558992144, "target_rescale": 4.257121343606736},
{"mapping": [9, 11, 13, 8, 12, 7, 15, 2, 10, 0, 14, 3, 1, 5, 16], "R": [[-0.5933439808933884, 0.3693382673344118, 0.7152147681780637], [0.6831755667750141, -0.23882854910137863, 0.6900956956073331], [0.4256924538903938, 0.8980813818449559, -0.11061539804308435]], "T": [-0.08740910351253098, 0.04197889565149723, 0.03902698018691083], "aligned_model": [[0.06503232700692793, 0.21917791745493073, -0.43924855668967744, 0.1374958819457284, -0.1689058600336049, -0.6422881207213499, 0.4056716388625219, 0.4878075777587567, -0.5974324991422363, 0.0964383807595855, -0.05389327530316487, 0.6436986618625686, 0.5587818319716388, -0.11308132402092372, -0.060168370622667125], [0.038660492186365775, -0.4933348576138097, 0.40654189598286583, 0.4986012955844633, -0.6638028107920416, 0.2948872570555815, -0.5556410044653458, 0.015308801195660166, -0.2216673081386433, 0.48832884013220523, -0.392494228806995, -0.07522309969673643, 0.5143290155426793, 0.6561969242336247, 0.03806613742723181], [-0.7196243274854036, -0.35261841528443916, -0.5511096803371804, -0.4105211823840573, 0.11791232146850372, 0.023044876966267065, 0.340055138598816, -0.3001293538116462, -0.12086705072098536, 0.5761104986495583, 0.741483709497202, 0.3001666498169521, 0.014867914341418313, 0.10494657159377574, 0.08594873394319455]], "inverted": true, "swapped": true, "error_lsq": 0.039635617723083175, "error_max": 0.28378092489627954, "target": "92.xyz", "model": "1.xyz", "model_rescale": 3.9405287249114394, "target_rescale": 4.257121343606736},
{"mapping": [13, 5, 7, 3, 0, 10, 2, 1, 14, 12, 15, 11, 16], "R": [[-0.13273909290152866, -0.5085874486645292, -0.8507168390696074], [-0.29024793860966047, 0.8406309895516025, -0.4572698038776847], [0.9477006211607768, 0.18622122990249604, -0.25920105359562023]], "T": [-0.11243766744269462, 0.030158582604858743, -0.06386475830876298], "aligned_model": [[-0.40944676985388234, 0.23845884969540537, -0.3765852153200416, 0.4564107764774665, 0.4929019987533529, -0.6920784515406868, 0.1432992784612956, 0.6038607486140872, -0.035645031305979846, -0.530471195418149, 0.035085648736877806, -0.35440654139337696, -0.07540081662243775], [0.7479058132058531, 0.4281291687907688, 0.3081564215882318, -0.3454833351315142, -0.04576777697080247, 0.03018113536425219, 0.15286614558680314, 0.2836056660634902, -0.764601200820795, -0.5153183585154204, -0.6789528158647149, -0.13301107851162605, -0.00887719121250928], [-0.10365126565274302, -0.3812907951481957, -0.5382612855947857, 0.325690625236141, -0.45024016211518963, -0.20248599363805928, 0.5412418535615005, 0.18900314468903934, -0.2778634518911717, 0.13284648117027842, 0.3439268691403167, 0.6060376654700832, -0.0718333356385699]], "inverted": false, "swapped": true, "error_lsq": 0.04192306114388791, "error_max": 0.21623771107048462, "target": "92.xyz", "model": "2.xyz", "model_rescale": 3.932901565614263, "target_rescale": 4.257121343606736},
{"mapping": [12, 11, 15, 10, 14, 0, 3, 4, 13, 5, 2, 9, 1, 16], "R": [[-0.8207948480754144, -0.15808784000908666, 0.5489116980117283], [-0.11447449341245625, -0.8959241089758296, -0.4292034264935772], [0.5596350665664358, -0.4151243498003067, 0.7172728675142074]], "T": [-0.06463886900795406, -0.01414974239124811, 0.050668067718935214], "aligned_model": [[-0.07335156121095714, 0.48054920399978346, 0.2602595668543606, -0.357185502138701, -0.3622950525972132, -0.2745432433810821, 0.4084822779317454, -0.7934537240756492, -0.08032660003753156, -0.2106792903200666, 0.5988317734094034, 0.4798782732024662, 0.41125346791197687, -0.06760967749583158], [0.08195342322062224, 0.2126033835715278, -0.44189591335435263, 0.44768643809000963, -0.5296383709256485, -0.623357251967154, -0.622485552571731, -0.25451697629104697, 0.6034673968288672, -0.1511764707585335, -0.06440035903057376, 0.5108709740132172, -0.4387535175379503, -0.06686056493676536], [-0.657626155112845, -0.3797915895903438, -0.5836586109524617, -0.1866568062933135, -0.5229240638461656, 0.37669450853422004, -0.0994409650885036, 0.2090247173894746, 0.5231735434055494, 0.6356160253428024, 0.11307099569546873, 0.21393330394033033, 0.5349191793518387, 0.03756228028104592]], "inverted": true, "swapped": true, "error_lsq": 0.039481360158987254, "error_max": 0.2196117182686791, "target": "92.xyz", "model": "3.xyz", "model_rescale": 3.9243930471874484, "target_rescale": 4.257121343606736},
{"mapping": [3, 11, 1, 0, 5, 15, 14, 8, 7, 10, 4, 6, 16], "R": [[0.6323376669194323, -0.12724316846418615, 0.7641716110103044], [0.21058753673832892, -0.9210414602298187, -0.3276209973554907], [0.745521270230013, 0.3680921143096089, -0.5556133826841374]], "T": [0.0005818273141176243, 0.060154956681743865, -0.16329898189221487], "aligned_model": [[-0.006120550458883187, -0.5186754870790621, 0.5467432255714533, 0.5030129204476348, 0.6099437765808677, -0.5084017855422218, -0.37582785417640363, 0.4488490883180916, 0.18076692781132483, -0.3350370432765041, 0.2785160643752561, -0.5499624362054493, 0.0033990399452479064], [-0.6504932743067501, 0.04662964752425776, -0.30981242322037633, -0.3836004745929247, 0.11649106180083288, -0.5781566798812356, -0.5157581581325955, 0.28100677888837206, 0.4943088941384094, 0.49270295419933796, 0.026722013053447867, 0.10013217117638556, 0.007657043034425895], [-0.497039853355358, -0.6772361756386682, -0.6172735254379951, 0.10527315009885013, -0.07513719811810934, -0.3194721298583754, 0.2949318540798371, -0.6231476030877794, 0.22548434951457774, 0.07220364979069727, 0.5685883910993228, 0.47922833803544346, -0.14933293175147944]], "inverted": true, "swapped": true, "error_lsq": 0.03893206254884306, "error_max": 0.23528461403236603, "target": "92.xyz", "model": "4.xyz", "model_rescale": 3.8936222436046832, "target_rescale": 4.257121343606736},
{"mapping": [15, 3, 11, 12, 9, 5, 0, 7, 6, 14, 10, 16], "R": [[-0.13195871093695397, -0.3675595959556187, 0.920590485519376], [-0.14648002969004115, 0.9257465116021588, 0.34862156725945603], [-0.9803726329869998, -0.08884446903086922, -0.17600045685384125]], "T": [-0.21187989141524377, 0.06092432867956238, 0.05305827787519111], "aligned_model": [[0.016980340860610177, -0.4496048945601143, -0.2484757095077554, 0.3223100815708838, -0.6716917792289472, -0.5530322039281274, -0.3427204584544331, -0.0462919172550319, 0.6336559818112885, 0.38584042455550904, 0.18344956126214496, -0.20287138491093012], [-0.541519112983087, -0.6350892864660664, 0.09595780101604581, 0.001693964365466566, 0.5114539273638277, 0.07967775044204581, -0.42011344268996204, 0.46927932400595973, 0.10730913978499823, -0.5099452902084876, 0.5023581234503807, 0.007860007028685972], [-0.471899824599631, -0.22171557417691032, -0.6758970935768557, -0.4182434007206125, -0.37635680885079065, 0.5683559112015096, 0.5755238602325737, 0.47488242516357715, 0.07441376925870247, 0.03986868815329524, -0.01058223329979812, 0.060935000490458247]], "inverted": false, "swapped": true, "error_lsq": 0.04459934627516596, "error_max": 0.2470293587819232, "target": "92.xyz", "model": "5.xyz", "model_rescale": 3.6523030999806103, "target_rescale": 4.257121343606736},
{"mapping": [15, 14, 6, 11, 10, 3, 4, 2, 0, 5, 7, 9, 16], "R": [[0.6443053270057705, 0.6373090232730358, 0.4227385178177602], [-0.6970428603658061, 0.26195195717860725, 0.6674671699367339], [0.3146456680220515, -0.7247195188381962, 0.6130087459489388]], "T": [0.10701930037926267, -0.011592943179971487, -0.0812626967495479], "aligned_model": [[0.13603099393969295, -0.20820190575857117, 0.17965807639254722, 0.6829490648375451, 0.4670247788838654, -0.1475579378512773, -0.44452615810178486, 0.3043509775513082, -0.6099016147132238, -0.2977771848028065, 0.05944150624426775, 0.6920703063058391, 0.06752200173689211], [-0.5045899448700346, 0.016394771831489286, 0.54268641303945, -0.40923914314403687, 0.4499283498474752, -0.7075467384168568, 0.5393128231882527, -0.6277178693449417, -0.0856314675765134, 0.07068306450323743, 0.5540725934454489, -0.26506977794991726, -0.03245617038987016], [0.587324166444028, 0.6824047322927298, 0.5551621017260834, 0.12879667038214798, 0.03095778939949799, 0.17813573044335684, -0.0017342590304836175, -0.24878233077808704, -0.12631349722488633, -0.541304766800049, -0.3045733431809312, -0.5197441933632587, -0.05021906082835903]], "inverted": false, "swapped": true, "error_lsq": 0.04565701669932136, "error_max": 0.2526166836683883, "target": "92.xyz", "model": "6.xyz", "model_rescale": 4.08911054899281, "target_rescale": 4.257121343606736},
{"mapping": [6, 4, 7, 12, 11, 2, 10, 13, 15, 14, 3, 0, 1, 5, 16], "R": [[-0.8104928576228523, 0.5642403240115379, -0.1572710542397983], [0.49597438687238393, 0.5182307830368051, -0.696739738409991], [-0.311625954164453, -0.6427049963026695, -0.6998710970019264]], "T": [0.0772839146839923, 0.0194941192900984, -0.08582466433152286], "aligned_model": [[-0.0863787885125107, 0.4779996582875324, 0.6017758413845123, -0.45234312996451354, -0.45605613967850434, -0.21501896854033642, 0.18998570629129127, 0.6764848777056631, -0.7373506970349495, -0.41413933238609, -0.4846116469828925, 0.2307811499932762, 0.08534099971806693, 0.5698155290734308, 0.05004848044557859], [-0.7403716592273206, -0.5997607798033627, -0.23484465729404055, -0.2765109032584338, 0.3567059052527058, 0.6138202645659752, -0.23669638017668052, 0.34958673226771375, -0.06974183639525752, -0.6051991772397092, 0.23109051042857867, -0.15611513461156726, 0.5517164667061412, 0.11760902718606214, -0.000529562231691573], [-0.42251003503687806, 0.1787024446230671, -0.2656267671605458, -0.4638043671541144, -0.454306861289694, 0.0033268961856089407, -0.612003360340825, -0.45589970116681333, 0.053112405149992215, 0.14132537568699519, 0.4200895026929767, 0.5976128711549624, 0.5124524266700947, 0.27480577773888065, -0.04320657567162683]], "inverted": false, "swapped": true, "error_lsq": 0.044678193477419983, "error_max": 0.25708838677053086, "target": "92.xyz", "model": "7.xyz", "model_rescale": 3.964800864290218, "target_rescale": 4.257121343606736},
{"mapping": [12, 10, 11, 14, 2, 4, 3, 13, 7, 5, 0, 1, 8, 16], "R": [[0.10965783678419744, 0.9904813103444972, -0.08319815316495288], [0.6542405621353549, -0.1349390382729932, -0.7441510215048925], [-0.7482943576485297, 0.027170384763715194, -0.662810172299103]], "T": [0.037919531623607505, -0.062457305085060824, 0.002942386376447531], "aligned_model": [[-0.1716031489972648, 0.2543779332417488, 0.21695955501710204, -0.7294535646167126, 0.21394835518717256, -0.31797358706080564, -0.4110219347620117, 0.7605859040346957, 0.24229633507893505, 0.11633870977700593, -0.41642691374136814, 0.008334567686507297, 0.5086957624425288, -0.013870083826660815], [-0.18467502411805292, -0.5280498497017563, 0.31047548047840484, -0.21319344289447179, 0.5760071448375824, -0.6304806921887848, 0.5803007662013734, -0.24989332474293197, -0.5883153258870072, -0.08206595154519448, 0.0025492632228567708, 0.5865262135894391, 0.27916845881658076, -0.047405249886836094], [-0.6694827105694792, -0.29966070142810963, -0.5993933498452497, -0.2649247655766106, -0.08644185553554676, 0.4087919254560919, -0.03903881079013391, 0.22106967223986732, 0.23491707205943585, 0.6159139807869405, 0.5604639822598478, 0.471136943930626, 0.35342975706190427, 0.010033898675436876]], "inverted": false, "swapped": true, "error_lsq": 0.04313360139140076, "error_max": 0.2930368603491251, "target": "92.xyz", "model": "8.xyz", "model_rescale": 4.121658175737393, "target_rescale": 4.257121343606736},
{"mapping": [5, 0, 3, 2, 4, 7, 14, 12, 15, 6, 9, 11, 16], "R": [[0.856388245008092, -0.5135250671466061, 0.053769686850808115], [0.4702436231428915, 0.7326975154159898, -0.4919606547242184], [0.2132372122904596, 0.4465941740722879, 0.8689554274986055]], "T": [-0.1700266034781314, 0.08149837437750382, -0.02354346796979711], "aligned_model": [[-0.6376698087674724, -0.32616386822504273, 0.42610292507023795, 0.19431160128919742, -0.635930593796526, -0.7258898897888545, 0.24772942354272573, 0.3100073556391093, 0.6310758147895309, -0.10828678575052511, -0.1448644248170413, 0.39065406247031575, -0.14433831522045854], [0.1307755640534731, -0.25617334513091927, 0.08391951173374265, 0.5930934820162289, -0.5386363199639875, -0.05494754939456792, -0.6314562314462738, -0.15623223878332407, -0.13106642393532295, -0.5706933199631338, 0.8281358275846736, 0.44593412155760426, 0.04773436108351689], [-0.42497818644435115, -0.6424827546667329, -0.534496031958341, -0.25188676572433877, -0.13485726439345017, 0.1874240827291383, -0.04615530321168631, 0.4497893844747868, -0.08637051340082214, 0.5134599858054301, 0.17820039539815638, 0.27101774581010696, -0.05758934045880774]], "inverted": false, "swapped": true, "error_lsq": 0.04437245410594753, "error_max": 0.3032398426271188, "target": "92.xyz", "model": "9.xyz", "model_rescale": 3.833441315466971, "target_rescale": 4.257121343606736},
{"mapping": [15, 15, 10, 13, 9, 11, 2, 5, 4, 7, 14, 0, 3, 12, 16], "R": [[0.33527429096966305, 0.8672603201764431, 0.36803625753754665], [0.7761893314193478, -0.4756830153809834, 0.41383063041399115], [0.5339674817866495, 0.14691904548256765, -0.8326424937924534]], "T": [-0.09566118801515178, 0.12327226841749502, 0.08380965550988442], "aligned_model": [[0.19426433961842676, 0.19426433961842676, -0.5054077485816727, -0.6502371774582053, -0.7062306047533318, -0.4704361728800114, -0.18054598122988022, 0.12199842431534794, 0.3060544869360784, -0.2533698162528815, 0.4161384922096504, 0.5713055753033413, 0.38322312822117205, -0.2522450390886471, -0.04493122768328118], [-0.6428823295573207, -0.6428823295573207, 0.07455664320404308, 0.6659660551766343, 0.17647205642848568, -0.4227675448988731, -0.04888816679601389, 0.693502860944932, 0.47590776647084154, 0.549421354248454, -0.39210078079875615, 0.3990158461868973, -0.2716556127654039, -0.516241748961192, 0.1036774699695709], [-0.05706772415804226, -0.05706772415804226, 0.5138489908578865, 0.030075254392786514, -0.38860539301511055, -0.22494067185443226, -0.5563215026681612, -0.01482911262080247, 0.6567817757792831, 0.49079090305685724, 0.4785087442267567, 0.059158242513527054, -0.3969715625998924, 0.3621902487668286, 0.08257143930265044]], "inverted": true, "swapped": true, "error_lsq": 0.048116412674790644, "error_max": 0.4026747129912277, "target": "92.xyz", "model": "10.xyz", "model_rescale": 4.2482417240324, "target_rescale": 4.257121343606736},
{"mapping": [5, 0, 3, 14, 9, 11, 2, 12, 4, 10, 7, 16], "R": [[-0.4035932064222668, 0.7554853833862422, -0.5160953005206855], [-0.650078838707986, -0.6337135545836156, -0.4192906321408524], [-0.6438245313700545, 0.16627978297659052, 0.7468875461402393]], "T": [-0.07508943861499374, 0.07625857742577907, -0.055639144143802714], "aligned_model": [[-0.5406974038186626, -0.1074105416172237, 0.27655060467941217, 0.6788679726266442, -0.477326101237479, 0.18475273140778098, -0.15870476100603198, 0.5305243481202172, -0.06871712623771994, -0.02725727242302635, -0.3724280406247441, -0.04138880750616001], [-0.3301861998383348, -0.6402074233182364, -0.17265448062987995, -0.23739376271638674, 0.6621223988629947, 0.6555464918653189, 0.2776754937650815, 0.4361200129433904, -0.4790909846529365, 0.4331585351847785, 0.02405558490212359, 0.03698572368272651], [-0.07237556688041841, 0.028733199037656428, 0.6007451707519409, -0.18411519143568766, 0.2505804798952136, 0.3060929259256709, 0.5760666789385774, -0.17698214594598632, -0.6084235380342322, -0.5305431239245484, -0.5857083792032818, -0.03887821927054758]], "inverted": true, "swapped": true, "error_lsq": 0.04182997707807959, "error_max": 0.26196747820332483, "target": "92.xyz", "model": "11.xyz", "model_rescale": 3.6694154284099745, "target_rescale": 4.257121343606736},
{"mapping": [4, 0, 3, 1, 5, 6, 10, 12, 2, 11, 15, 9, 14, 16], "R": [[0.10594612664523917, -0.7956121425316636, 0.5964702313653605], [-0.4924289131395625, 0.47914930661714694, 0.7265877149198824], [-0.8638803063810749, -0.3706983418151246, -0.34101840950666695]], "T": [0.16792654708308102, -0.06337259817186351, -0.05216018712968402], "aligned_model": [[-0.07642834751560759, 0.0866503798142339, -0.052013893214258616, 0.5492282971033732, 0.5316477433840108, -0.5036154336496119, 0.07216478009363814, -0.3714902385887778, 0.4395699163524757, 0.1165614189908702, -0.4217936073290037, 0.7342585760428666, -0.6391615418496059, 0.13268680062120675], [-0.4214300128065549, 0.21635170205539217, 0.6902739084642149, 0.5960845953051263, -0.04844980817508225, -0.5773135159500282, -0.6034585926546164, -0.16857648999398267, 0.4564708107538314, 0.15776110329253212, 0.43621417978087484, -0.01925810583073935, 0.046367877516319336, -0.03005036362103297], [-0.7049311285062503, -0.7129440978840186, -0.04257138548851545, -0.29911404259373964, -0.551912569587764, -0.0028183005279224585, 0.18094083931425425, 0.4049547962430357, 0.26812914046469866, 0.642392936358598, 0.2536817760615198, 0.4733140298525255, -0.19323289132617213, -0.07679364272783437]], "inverted": true, "swapped": true, "error_lsq": 0.03885939294860079, "error_max": 0.19696034000981955, "target": "92.xyz", "model": "12.xyz", "model_rescale": 3.9764082729961374, "target_rescale": 4.257121343606736},
{"mapping": [12, 9, 11, 3, 14, 6, 4, 15, 2, 10, 8, 1, 13, 5, 0, 16], "R": [[0.8703897979937234, -0.05826587457469917, -0.48890355634674093], [0.09194093556854532, 0.9947411750065249, 0.04513157556986984], [0.4837028673837133, -0.08423231331670583, 0.8711695893900855]], "T": [0.015252608802187859, -0.026952439015390763, 0.012924397040417937], "aligned_model": [[-0.07441736054672717, -0.4033829745282483, -0.547834592798259, -0.5682666778265709, 0.12919798855526743, 0.5074140419481235, 0.711198749476013, -0.47240449176596533, -0.628817609373189, 0.3369526446243366, -0.2279187704535779, -0.4392406907406247, 0.20671836112169345, 0.22912793429079925, 0.17303423012679003, 0.007479531699532932], [0.11944908434352891, -0.6775177128842014, -0.20751601728977392, 0.48440939877755845, 0.6985437903255309, 0.21848833089884553, 0.29388952816492875, 0.5082533136224916, -0.1391713197602955, -0.313411568356929, -0.4318689839134603, 0.10581782986110536, -0.748091604152614, -0.06288309336841004, 0.47054211240570454, 0.02653102866923249], [-0.6809908183123472, 0.030539191358657472, -0.4163448998457339, 0.13318707762399645, -0.36655858652488876, -0.631338338816715, 0.17645950021993506, -0.39529303311469133, 0.1514632728344032, -0.3989609512684269, 0.5008691593384808, 0.6587331285537021, 0.2326005912696601, 0.591918848911331, 0.5120145767613148, 0.01909822386402031]], "inverted": true, "swapped": true, "error_lsq": 0.04133954030432619, "error_max": 0.2811420721666314, "target": "92.xyz", "model": "13.xyz", "model_rescale": 4.170626492500431, "target_rescale": 4.257121343606736},
{"mapping": [10, 7, 9, 5, 11, 3, 1, 6, 12, 4, 14, 0, 15, 16], "R": [[-0.39680370436006873, 0.132088590186688, -0.908349835993061], [-0.8269379898796969, 0.378069897339973, 0.4162171471949093], [0.3983972654271787, 0.9163054933087741, -0.040790462516509224]], "T": [-0.07908465858176877, -0.022869806035217, -0.04193417083130248], "aligned_model": [[0.3443272365502473, -0.1121860876227688, -0.16978303773777662, -0.6372989526518025, 0.28678507695662026, -0.22421676131795212, -0.7554810190725292, 0.6195948366556134, 0.6106674606290763, -0.16105470495625895, 0.3477565662453899, -0.5341887944136854, 0.3113089621601119, -0.08304775933264225], [-0.38977928708624215, -0.629922868253431, 0.16421296171591954, -0.27658813057781756, 0.481556844293696, 0.683431259332636, 0.40436704972553894, -0.36523294193272804, 0.1566196001999357, -0.5897590116680907, 0.12701138456457897, -0.047955716178144245, 0.6370104120120126, 0.0011029117778015747], [-0.24515593580288353, -0.09193082748964136, -0.7873032406231314, 0.037388308703722076, -0.4235565269762546, 0.2687493935480764, -0.0070392726345236065, 0.29298815858214755, 0.01300217994323205, 0.4928011549413249, 0.6499313223558014, 0.518188850367005, 0.2790752283887935, 0.00673430781719854]], "inverted": true, "swapped": true, "error_lsq": 0.04384791281161849, "error_max": 0.2359317068276788, "target": "92.xyz", "model": "14.xyz", "model_rescale": 3.9786697098870705, "target_rescale": 4.257121343606736},
{"mapping": [14, 3, 4, 6, 0, 5, 11, 8, 7, 12, 1, 16], "R": [[0.7607854084615677, -0.3329399897321048, -0.55709651363938], [0.5132648271870246, -0.2166845072344146, 0.8304258193825942], [-0.39719614731847497, -0.9177138919956289, 0.0060359749498709175]], "T": [0.06284417606929103, -0.0158878237134253, 0.12255234598348007], "aligned_model": [[-0.0023460320438189602, -0.6509853271125424, 0.6202530408525087, 0.5195732616695551, 0.026322184192482292, 0.22546276601382031, -0.3842714178653809, -0.0967334350178894, 0.6555873886514189, -0.002665480187456229, -0.466403361348259, 0.03956100896289841], [-0.4804306938517137, 0.005101255223883203, 0.1411559117620963, -0.659539890471676, 0.4215021768465283, 0.5734107354787128, -0.4472668870637299, 0.5071751587614327, 0.11573420752027051, -0.7267829791445143, 0.5818060310445675, -0.017190535881418348], [-0.5580986818864897, -0.20372314851833861, -0.40532732894617984, -0.18509855999771713, -0.4508960019388487, 0.030082651429438306, 0.5071850032268065, 0.5251935280298151, 0.18120313849145397, 0.08609691477422074, 0.05994147274537982, 0.07340750646428995]], "inverted": true, "swapped": true, "error_lsq": 0.04717318364825116, "error_max": 0.27596062376366615, "target": "92.xyz", "model": "15.xyz", "model_rescale": 3.769337070930944, "target_rescale": 4.257121343606736},
{"mapping": [3, 1, 12, 11, 14, 0, 6, 5, 10, 9, 16], "R": [[-0.8558065556192753, -0.2793989039746417, 0.43535203205778344], [0.4485990961647826, 0.018230278411152046, 0.893547149214406], [-0.2575926828914448, 0.9600020361472266, 0.10973650401742668]], "T": [0.02815026477131062, 0.0057985241769279855, 0.1070983317590471], "aligned_model": [[-0.3475517859138821, -0.3477891870328334, -0.014678881764733212, -0.5676014120779577, 0.3756575936462516, 0.34990020785156173, 0.56701359768072, 0.22385542106777462, 0.22989327557516404, -0.5849959316650595, 0.038923233324164835], [-0.1924110633223537, -0.670870887521011, 0.6766166052468819, 0.4237191494741696, 0.31603253786389857, -0.5323535911649825, 0.6450093015761114, -0.5559209134933887, 0.45899595149849165, 0.03328653183302201, -0.006039124365497434], [-0.553211995204095, -0.09796033588319616, -0.13613242669789793, 0.04103153119287728, -0.5757846569736287, -0.25116993518098807, -0.02918963956992604, 0.27573702012774415, 0.4374180790396095, 0.5783703969231088, 0.05510956945016905]], "inverted": false, "swapped": true, "error_lsq": 0.04427216433923104, "error_max": 0.25472981211322626, "target": "92.xyz", "model": "16.xyz", "model_rescale": 3.7852294659196426, "target_rescale": 4.257121343606736},
{"mapping": [5, 2, 3, 1, 9, 11, 12, 15, 0, 4, 10, 14, 16], "R": [[0.6642332139864703, 0.7425590346786536, 0.08602509781633744], [0.19311247223573647, -0.059281620670791485, -0.9793841240890352], [-0.7221508225462367, 0.6671519837846177, -0.18277423239626334]], "T": [-0.04360028136190193, 0.15666366456704434, -0.15198254221038837], "aligned_model": [[0.22612983913341345, -0.4049609632436572, 0.11989475996495767, 0.0546099780067226, -0.7668322316511232, -0.6094432527210434, -0.2016921426933747, 0.00995182414951376, 0.600486955344263, 0.6117747089110964, -0.2527017765165895, 0.4689393485285724, -0.002391196996468156], [-0.1382001503325252, -0.3571997164030171, -0.35728853035009495, -0.6377231093135018, -0.07332788446189181, 0.129891949891629, 0.6096129032325281, 0.10192048335714882, -0.1599321113247117, 0.45843777975098354, 0.701247248717001, 0.4552368040249031, 0.14237995691442343], [-0.6237549818810942, 0.07599865554580465, 0.4186060242376692, -0.1757610990222024, -0.3031137488799863, 0.3095881877015059, 0.37795744129343384, 0.6756837382311773, -0.23201767459016187, -0.45766265952991936, -0.27406681876164474, 0.4237716339417343, -0.1194740011431425]], "inverted": true, "swapped": true, "error_lsq": 0.04252365640046648, "error_max": 0.23319393477061653, "target": "92.xyz", "model": "17.xyz", "model_rescale": 3.901054581598922, "target_rescale": 4.257121343606736},
{"mapping": [9, 11, 13, 8, 12, 7, 15, 2, 10, 0, 14, 3, 1, 5, 16], "R": [[-0.5933439808933884, 0.3693382673344118, 0.7152147681780637], [0.6831755667750141, -0.23882854910137863, 0.6900956956073331], [0.4256924538903938, 0.8980813818449559, -0.11061539804308435]], "T": [-0.08740910351253098, 0.04197889565149723, 0.03902698018691083], "aligned_model": [[0.06503232700692793, 0.21917791745493073, -0.43924855668967744, 0.1374958819457284, -0.1689058600336049, -0.6422881207213499, 0.4056716388625219, 0.4878075777587567, -0.5974324991422363, 0.0964383807595855, -0.05389327530316487, 0.6436986618625686, 0.5587818319716388, -0.11308132402092372, -0.060168370622667125], [0.038660492186365775, -0.4933348576138097, 0.40654189598286583, 0.4986012955844633, -0.6638028107920416, 0.2948872570555815, -0.5556410044653458, 0.015308801195660166, -0.2216673081386433, 0.48832884013220523, -0.392494228806995, -0.07522309969673643, 0.5143290155426793, 0.6561969242336247, 0.03806613742723181], [-0.7196243274854036, -0.35261841528443916, -0.5511096803371804, -0.4105211823840573, 0.11791232146850372, 0.023044876966267065, 0.340055138598816, -0.3001293538116462, -0.12086705072098536, 0.5761104986495583, 0.741483709497202, 0.3001666498169521, 0.014867914341418313, 0.10494657159377574, 0.08594873394319455]], "inverted": true, "swapped": true, "error_lsq": 0.039635617723083175, "error_max": 0.28378092489627954, "target": "92.xyz", "model": "18.xyz", "model_rescale": 3.9405287249114394, "target_rescale": 4.257121343606736},
{"mapping": [2, 3, 0, 14, 11, 5, 1, 9, 8, 13, 4, 7, 12, 10, 6, 16], "R": [[0.9645522917194259, 0.2614187103503916, 0.0360435072869127], [0.26376488833993866, -0.9592887325265198, -0.10096143484857512], [0.00818292232783327, 0.10688959503338694, -0.9942372223246198]], "T": [0.08710775939413645, 0.0057620872769679685, -0.04082108213803615], "aligned_model": [[-0.40583307652328204, -0.14721292958027307, 0.6262213405882027, 0.25259503939775685, -0.6346910110084587, 0.5226137044449806, 0.07435633814461656, -0.4701420390932494, -0.018687076937618674, 0.0934589868723323, 0.8387557602530853, 0.48369842214069775, -0.26419512794822864, 0.05022460139374071, 0.26348839686184145, 0.10251376896524261], [-0.0883348356784992, -0.6530286741996999, -0.34623428273369955, -0.6797996764385897, -0.06573007838986081, 0.1806831723186385, -0.19272114728684536, 0.47569631316393435, 0.3615194370573626, 0.7702676044287001, -0.04136040435278, 0.4269557869531144, -0.244651720181633, 0.3315836697639519, -0.1364130111320487, -0.046080024314409246], [-0.4821459563721173, -0.39794479553637135, -0.36784092601108986, 0.39040355938748333, 0.04771104168247858, -0.44332006090147413, -0.8165161434726116, -0.30050491605742824, -0.609524853673114, -0.1838226075537182, 0.17557920016818937, 0.15262271901734414, 0.529154041812059, 0.4568527216975462, 0.7753986387370141, -0.04665790624931178]], "inverted": true, "swapped": true, "error_lsq": 0.03888936281480358, "error_max": 0.21282169773662094, "target": "92.xyz", "model": "19.xyz", "model_rescale": 4.410303926677745, "target_rescale": 4.257121343606736},
{"mapping": [12, 10, 11, 14, 2, 4, 3, 13, 7, 5, 0, 1, 8, 16], "R": [[0.10965783678419744, 0.9904813103444972, -0.08319815316495288], [0.6542405621353549, -0.1349390382729932, -0.7441510215048925], [-0.7482943576485297, 0.027170384763715194, -0.662810172299103]], "T": [0.037919531623607505, -0.062457305085060824, 0.002942386376447531], "aligned_model": [[-0.1716031489972648, 0.2543779332417488, 0.21695955501710204, -0.7294535646167126, 0.21394835518717256, -0.31797358706080564, -0.4110219347620117, 0.7605859040346957, 0.24229633507893505, 0.11633870977700593, -0.41642691374136814, 0.008334567686507297, 0.5086957624425288, -0.013870083826660815], [-0.18467502411805292, -0.5280498497017563, 0.31047548047840484, -0.21319344289447179, 0.5760071448375824, -0.6304806921887848, 0.5803007662013734, -0.24989332474293197, -0.5883153258870072, -0.08206595154519448, 0.0025492632228567708, 0.5865262135894391, 0.27916845881658076, -0.047405249886836094], [-0.6694827105694792, -0.29966070142810963, -0.5993933498452497, -0.2649247655766106, -0.08644185553554676, 0.4087919254560919, -0.03903881079013391, 0.22106967223986732, 0.23491707205943585, 0.6159139807869405, 0.5604639822598478, 0.471136943930626, 0.35342975706190427, 0.010033898675436876]], "inverted": false, "swapped": true, "error_lsq": 0.04313360139140076, "error_max": 0.2930368603491251, "target": "92.xyz", "model": "20.xyz", "model_rescale": 4.121658175737393, "target_rescale": 4.257121343606736},
{"mapping": [15, 14, 6, 11, 10, 3, 4, 2, 0, 5, 7, 9, 16], "R": [[0.6443053270057705, 0.6373090232730358, 0.4227385178177602], [-0.6970428603658061, 0.26195195717860725, 0.6674671699367339], [0.3146456680220515, -0.7247195188381962, 0.6130087459489388]], "T": [0.10701930037926267, -0.011592943179971487, -0.0812626967495479], "aligned_model": [[0.13603099393969295, -0.20820190575857117, 0.17965807639254722, 0.6829490648375451, 0.4670247788838654, -0.1475579378512773, -0.44452615810178486, 0.3043509775513082, -0.6099016147132238, -0.2977771848028065, 0.05944150624426775, 0.6920703063058391, 0.06752200173689211], [-0.5045899448700346, 0.016394771831489286, 0.54268641303945, -0.40923914314403687, 0.4499283498474752, -0.7075467384168568, 0.5393128231882527, -0.6277178693449417, -0.0856314675765134, 0.07068306450323743, 0.5540725934454489, -0.26506977794991726, -0.03245617038987016], [0.587324166444028, 0.6824047322927298, 0.5551621017260834, 0.12879667038214798, 0.03095778939949799, 0.17813573044335684, -0.0017342590304836175, -0.24878233077808704, -0.12631349722488633, -0.541304766800049, -0.3045733431809312, -0.5197441933632587, -0.05021906082835903]], "inverted": false, "swapped": true, "error_lsq": 0.04565701669932136, "error_max": 0.2526166836683883, "target": "92.xyz", "model": "21.xyz", "model_rescale": 4.08911054899281, "target_rescale": 4.257121343606736},
{"mapping": [13, 12, 9, 14, 0, 7, 1, 6, 10, 5, 8, 11, 11, 6, 2, 15, 16], "R": [[-0.15767157131315673, 0.639760021285986, 0.7522278848618913], [-0.2748811630845538, 0.7032138271920423, -0.6556909786074561], [-0.9484619242652406, -0.3101571027883695, 0.06498114964358276]], "T": [0.0179415490004068, -0.14363273249065311, -0.057312312266873125], "aligned_model": [[-0.3945915464533515, 0.029591057828585676, 0.5350758444395133, 0.3522613612029094, -0.7061277489513919, -0.5077914260339541, -0.020420685666812557, -0.4207027168840738, 0.005579042142430504, 0.41461820831117013, 0.07262000530512124, 0.5688476348573336, 0.5688476348573336, -0.4207027168840738, 0.0005237489800081346, 0.562175573801751, -0.02715170668770564], [-0.4059976174686071, -0.17039874429718932, 0.07884852377499274, -0.5306037419274365, -0.14180173747153024, 0.14440351968418907, -0.2614656037428285, 0.43365959639442087, 0.505071478975437, 0.437474824732371, 0.315023854832297, 0.03724267295117792, 0.03724267295117792, 0.43365959639442087, -0.7736759310765785, -0.5575939529897771, -0.15759350260548358], [-0.5019594513716732, -0.7949554343727594, -0.49391490347961126, -0.4450058600226021, 0.21800513614514372, -0.43998207120272675, 0.7266788449982101, 0.11557176325334718, -0.537067899691638, -0.10918416247977866, 0.4598012336603939, 0.442367187543256, 0.442367187543256, 0.11557176325334718, 0.2948183701953601, 0.19557590822901882, -0.0634234186853016]], "inverted": false, "swapped": false, "error_lsq": 0.046750631756780014, "error_max": 0.4203686900254821, "target": "92.xyz", "model": "22.xyz", "model_rescale": 4.204369325754507, "target_rescale": 4.257121343606736},
{"mapping": [2, 3, 0, 14, 11, 5, 1, 9, 8, 13, 4, 7, 12, 10, 6, 16], "R": [[0.9645522917194259, 0.2614187103503916, 0.0360435072869127], [0.26376488833993866, -0.9592887325265198, -0.10096143484857512], [0.00818292232783327, 0.10688959503338694, -0.9942372223246198]], "T": [0.08710775939413645, 0.0057620872769679685, -0.04082108213803615], "aligned_model": [[-0.40583307652328204, -0.14721292958027307, 0.6262213405882027, 0.25259503939775685, -0.6346910110084587, 0.5226137044449806, 0.07435633814461656, -0.4701420390932494, -0.018687076937618674, 0.0934589868723323, 0.8387557602530853, 0.48369842214069775, -0.26419512794822864, 0.05022460139374071, 0.26348839686184145, 0.10251376896524261], [-0.0883348356784992, -0.6530286741996999, -0.34623428273369955, -0.6797996764385897, -0.06573007838986081, 0.1806831723186385, -0.19272114728684536, 0.47569631316393435, 0.3615194370573626, 0.7702676044287001, -0.04136040435278, 0.4269557869531144, -0.244651720181633, 0.3315836697639519, -0.1364130111320487, -0.046080024314409246], [-0.4821459563721173, -0.39794479553637135, -0.36784092601108986, 0.39040355938748333, 0.04771104168247858, -0.44332006090147413, -0.8165161434726116, -0.30050491605742824, -0.609524853673114, -0.1838226075537182, 0.17557920016818937, 0.15262271901734414, 0.529154041812059, 0.4568527216975462, 0.7753986387370141, -0.04665790624931178]], "inverted": true, "swapped": true, "error_lsq": 0.03888936281480358, "error_max": 0.21282169773662094, "target": "92.xyz", "model": "23.xyz", "model_rescale": 4.410303926677745, "target_rescale": 4.257121343606736},
{"mapping": [10, 9, 15, 8, 1, 11, 0, 7, 14, 6, 12, 5, 2, 13, 3, 4, 16], "R": [[-0.8272245222362696, -0.25074095004383645, 0.5028206099416471], [-0.15789876275029002, 0.9625812560367034, 0.2202392023431124], [-0.5392286811111807, 0.102792516740846, -0.8358625054213044]], "T": [-0.009387582499789174, 0.014996198052796415, -0.08888657652037216], "aligned_model": [[-0.15885879600323305, 0.04878025938011894, 0.523917340233948, 0.4137127613768598, -0.7148992995001754, -0.5204605847917022, -0.06784171034891846, -0.5357643629074597, -0.027968088259967286, 0.3983569399531481, 0.2039982377256907, 0.5635213680193591, 0.3448828799857734, -0.1361867701757299, -0.08764905976407857, 0.4057793625883159, -0.04066891334715619], [-0.5505313373955796, -0.1195031746867091, 0.19647081853490003, -0.5595609803131296, -0.3878597502111917, 0.04358396711255192, -0.04588996168690233, 0.25524255332039275, 0.4790126483338869, 0.6564666038270288, 0.46104282371866756, 0.06350498965755008, -0.4432790893952159, 0.70150952835547, -0.7329025058337741, -0.5176105232468925, -0.07620070098000015], [-0.37458030984175394, -0.6979402724553839, -0.5270269790668485, -0.49702480684693784, 0.1873300987435, -0.4613226279430013, 0.6616211193600348, 0.2384360021548377, -0.5813228553310097, -0.07630831410995739, 0.544899455388258, 0.16611198225992227, 0.616358169297055, -0.006375746015578221, 0.4048478202308168, 0.04472053827429845, -0.017159080583009773]], "inverted": false, "swapped": false, "error_lsq": 0.041571375702376345, "error_max": 0.32236619912323156, "target": "92.xyz", "model": "24.xyz", "model_rescale": 4.28219845311461, "target_rescale": 4.257121343606736},
{"mapping": [7, 5, 10, 0, 4, 1, 13, 14, 8, 3, 9, 2, 11, 12, 11, 16], "R": [[-0.11197488723153703, 0.7095459256902599, -0.6957055440097033], [-0.12953057722572142, -0.7045572237689698, -0.6977255534940181], [-0.985232690379819, 0.011987400523657044, 0.17080060900251343]], "T": [-0.00045516300680870786, 0.046988396319219666, -0.07627630916525376], "aligned_model": [[-0.10091745557737339, -0.3981381408523238, 0.17062898737752302, 0.002359178341653438, 0.2349904031838368, -0.4687688724082242, -0.5989997388958681, 0.7775330607405688, -0.6696497587887941, 0.13508188236850804, -0.5294755148803969, -0.3044009140915085, 0.0753398731997891, 0.5783437037726878, 0.0753398731997891, 0.029054199431143058], [0.3337926375886534, -0.22249537698586194, 0.598583177825933, -0.5857776824930593, -0.10423333350442923, -0.5689629719158007, 0.5010293183432263, -0.23034319789668892, -0.015374916780303532, -0.5643085900380092, 0.4076138512090912, -0.1276918539836155, 0.29200618189213823, 0.337952066988085, 0.29200618189213823, 0.0013158835727351131], [-0.6051992199863011, -0.46549987876192356, -0.2234928044516693, -0.4242505110863751, -0.8082064304098806, 0.12999342414950182, -0.27764584985724966, -0.11029356553108924, 0.02103365553976061, 0.39742666017456957, 0.3583361121509199, 0.4926844397393386, 0.607948748030101, 0.22592304508387923, 0.607948748030101, -0.07478055223593676]], "inverted": true, "swapped": true, "error_lsq": 0.0436628488288166, "error_max": 0.4119187361403922, "target": "92.xyz", "model": "25.xyz", "model_rescale": 4.100010024507729, "target_rescale": 4.257121343606736},
{"mapping": [5, 0, 3, 14, 9, 11, 2, 12, 4, 10, 7, 16], "R": [[-0.4035932064222668, 0.7554853833862422, -0.5160953005206855], [-0.650078838707986, -0.6337135545836156, -0.4192906321408524], [-0.6438245313700545, 0.16627978297659052, 0.7468875461402393]], "T": [-0.07508943861499374, 0.07625857742577907, -0.055639144143802714], "aligned_model": [[-0.5406974038186626, -0.1074105416172237, 0.27655060467941217, 0.6788679726266442, -0.477326101237479, 0.18475273140778098, -0.15870476100603198, 0.5305243481202172, -0.06871712623771994, -0.02725727242302635, -0.3724280406247441, -0.04138880750616001], [-0.3301861998383348, -0.6402074233182364, -0.17265448062987995, -0.23739376271638674, 0.6621223988629947, 0.6555464918653189, 0.2776754937650815, 0.4361200129433904, -0.4790909846529365, 0.4331585351847785, 0.02405558490212359, 0.03698572368272651], [-0.07237556688041841, 0.028733199037656428, 0.6007451707519409, -0.18411519143568766, 0.2505804798952136, 0.3060929259256709, 0.5760666789385774, -0.17698214594598632, -0.6084235380342322, -0.5305431239245484, -0.5857083792032818, -0.03887821927054758]], "inverted": true, "swapped": true, "error_lsq": 0.04182997707807959, "error_max": 0.26196747820332483, "target": "92.xyz", "model": "26.xyz", "model_rescale": 3.6694154284099745, "target_rescale": 4.257121343606736},
