[{"mapping": [7, 10, 0, 4, 2, 13, 8, 11, 1, 5, 14, 15], "R": [[-0.6155653077543446, -0.30366894275551887, -0.7272307234262347], [0.38978709886203716, -0.9193236270428469, 0.053945215927839636], [-0.6849418730447248, -0.25025835044315736, 0.684269967617646]], "T": [-0.02125036520832258, -0.1057752879797917, -0.039631231128345316], "aligned_model": [[-0.31128425141942195, 0.4138531589107297, 0.4923995765339735, -0.16136513202413183, -0.19894811188748002, -0.6186296917946159, 0.28121258806160027, -0.29028215922760287, 0.6344132795377692, 0.19598224505449827, -0.5169060838212386, -0.08280295546353078], [-0.2822339429149548, -0.6227246204578294, -0.2206112894405884, 0.5843086614088724, 0.3223104435780449, -0.5583103507231676, -0.27442313055382905, -0.36522518646059005, -0.015265399567482324, 0.3874921350697864, 0.20101169140354658, -0.10277397536475143], [-0.639648001824955, 0.008519268600115044, -0.6043698832791082, -0.0580774016924522, -0.6209787372169474, -0.11926465695245295, 0.5772293750452026, 0.7009340860964046, -0.008430755808197403, 0.4972961809739884, 0.5290987038223764, -0.08035643241041134]], "inverted": false, "swapped": true, "error_lsq": 0.043879841456150946, "error_max": 0.217530222780155, "target": "920.xyz", "model": "0.xyz", "model_rescale": 3.751011558992144, "target_rescale": 4.247028434478031},
{"mapping": [9, 12, 0, 7, 8, 3, 11, 13, 1, 4, 5, 14, 6, 2, 15], "R": [[-0.3392908194646319, -0.44421341883146936, -0.8291900737207822], [-0.9406676155132079, 0.16501360270862858, 0.29650454978939994], [0.005116341633864596, 0.8805935211271865, -0.4738447779569901]], "T": [-0.01273624856185964, 0.01851053396643765, -0.03014974642849775], "aligned_model": [[-0.01040565737602974, 0.3534926183837428, -0.5988720386980896, 0.16838814852830813, -0.12200237631765348, -0.5105406786510187, 0.46776664419813285, 0.639729489933593, -0.6474535717018548, -0.0438908665175571, -0.21236389084672444, 0.5128403736880465, 0.580345119983098, -0.07367661134080569, 0.03572950782384692], [-0.0024131418345344317, -0.5101057061491453, 0.25501190274004465, 0.5042839275793575, -0.658101103595596, 0.36273467995002634, -0.6243575528224365, 0.04251084778821265, -0.16658781460346836, 0.42394968453479076, -0.23445640897742231, -0.13041543856908328, 0.45683469368144125, 0.7577454486646535, 0.07212333144026568], [-0.7243884790402166, -0.4888143913847184, -0.4733937573367293, -0.4845676158019834, 0.14506596518240586, 0.23270781025853596, 0.1795332002524737, -0.4065856246061338, 0.01381439424357097, 0.5450343556280802, 0.6590166585013301, 0.5738675131515742, 0.1027856731851661, 0.021005103284774194, -0.04541440066615366]], "inverted": true, "swapped": true, "error_lsq": 0.037150621331421364, "error_max": 0.2154384913986915, "target": "920.xyz", "model": "1.xyz", "model_rescale": 3.9405287249114394, "target_rescale": 4.247028434478031},
{"mapping": [14, 5, 4, 10, 1, 6, 11, 8, 0, 7, 9, 13, 15], "R": [[-0.9328986859616459, -0.14365265539091537, -0.33024832524961245], [-0.2158834715963579, -0.5109205737386493, 0.8320784181927052], [-0.2882609380796146, 0.8475400178927888, 0.44562489792173]], "T": [-0.04827307398999428, -0.0817048993766414, -0.05287310340575785], "aligned_model": [[-0.29474521852793534, 0.25616531050536695, -0.34887578998388147, 0.4756034899041758, 0.5057547096794738, -0.7709431357224881, 0.11806567414645736, 0.530254411116885, 0.16756141898616475, -0.5225097106329555, -0.016476595475066927, -0.4837508668273497, -0.12012041788491479], [0.6881382270815868, 0.5154937138665417, 0.24417210075735207, -0.40148757258227735, -0.22427099813150564, 0.10161669853834311, 0.5177688799817884, 0.27110637436430796, -0.7712572048970013, -0.572769860538575, -0.6599851207400459, -0.15437951857571203, -0.0953131255527854], [0.04632177364835338, -0.41268540149568295, -0.6002582093530724, 0.23376699740761947, -0.3872208968940005, 0.022536299896053144, 0.4958453615844794, 0.15028470336433988, -0.32469364109507487, 0.043211513229936785, 0.33052175735344314, 0.5579206564044612, -0.042430564462211454]], "inverted": false, "swapped": true, "error_lsq": 0.03669320819246445, "error_max": 0.22526173551737047, "target": "920.xyz", "model": "2.xyz", "model_rescale": 3.932901565614263, "target_rescale": 4.247028434478031},
{"mapping": [3, 5, 1, 4, 0, 9, 10, 7, 6, 13, 8, 14, 12, 15], "R": [[-0.8716829840060009, -0.20610926921267855, 0.44462089980005415], [0.4687488690725746, -0.6153515053338813, 0.6337326113010981], [0.1429799746033563, 0.7608294776281621, 0.63300492323084]], "T": [0.024177553804099954, -0.06601075995490076, -0.0004038958575109594], "aligned_model": [[-0.1782098339021365, 0.5334176932381365, 0.2233241536492222, -0.11920714296720349, -0.3577652254494526, -0.23202501441836718, 0.25536425609265545, -0.605273529670396, -0.33643468755555855, -0.15931785366287377, 0.7166954264860373, 0.3906425033315148, 0.3205843876926581, -0.0319852208115327], [0.07209417646020157, 0.3409503310546706, -0.35570491904416696, 0.5479578542391434, -0.5953824399351392, -0.6554703399050105, -0.7025112764366221, -0.20089886476633279, 0.4449051851001457, -0.1053387786821587, -0.2037070166433036, 0.6045242484068423, -0.48802982085448404, -0.03989170064329737], [-0.613070183682479, -0.3926422854421891, -0.5620784017432869, -0.3145243119539996, -0.41251874990599197, 0.26286079483206415, -0.017432133518896213, 0.2463226123709139, 0.4124751578167543, 0.729509981072395, -0.04401212059233658, 0.2812569362634597, 0.5979061156687928, 0.03984295187189683]], "inverted": false, "swapped": true, "error_lsq": 0.041437902900588776, "error_max": 0.271508299269082, "target": "920.xyz", "model": "3.xyz", "model_rescale": 3.9243930471874484, "target_rescale": 4.247028434478031},
{"mapping": [13, 7, 12, 11, 10, 6, 14, 9, 1, 3, 5, 4, 15], "R": [[-0.9313378816342981, 0.36339574759165777, -0.02352192307696907], [-0.0887606244218719, -0.289178083355009, -0.953151398078691], [-0.3531731895050615, -0.8856181833834624, 0.301577737035409]], "T": [0.006445411915891517, 0.030894390289927104, -0.08457119274243093], "aligned_model": [[-0.006566523209547948, -0.3280861095561704, 0.5835174817922273, 0.451635035101781, 0.6019023441093871, -0.5474162254458539, -0.14382269140079773, 0.2520681412099426, 0.27455288463523897, -0.31250123116277195, 0.051285986196501515, -0.552544117644085, -0.04681908831449884], [-0.508330723986979, 0.06824256789597524, -0.3569610776039691, -0.6249584834750835, 0.2765159798738459, -0.4498226858136952, -0.6233098696776889, 0.15996609731342173, 0.5788577672297507, 0.5365736719086245, 0.022431411896536024, 0.04748661474978094, 0.0011382833710679718], [-0.6109346517996466, -0.6862116268395105, -0.4593883895523689, 0.1599539643946341, -0.2942643884054941, -0.23849904562888985, 0.3766043317465862, -0.7212976795660968, 0.17410784623655212, 0.19463323310438563, 0.6748440456913112, 0.34373205289315273, -0.12620937690365144]], "inverted": false, "swapped": true, "error_lsq": 0.04591855076210689, "error_max": 0.2870800857177924, "target": "920.xyz", "model": "4.xyz", "model_rescale": 3.8936222436046832, "target_rescale": 4.247028434478031},
{"mapping": [0, 7, 10, 1, 12, 13, 6, 14, 5, 3, 8, 15], "R": [[0.2556485255788917, 0.953570258739928, 0.1592092742776182], [0.7796923062189862, -0.1059963668218119, -0.6171261441905492], [-0.5715975323531912, 0.28190163509146765, -0.7705892090734854]], "T": [-0.06223882109112347, -0.07449791983027822, -0.0019702571135376858], "aligned_model": [[-0.033571057447364674, -0.5439237685737094, -0.19994628326217576, 0.38577414145081923, -0.6296366365056187, -0.7703975402345883, -0.35717366645895676, 0.06793129978255871, 0.6026863671553923, 0.44639424517408977, 0.16639350316342436, -0.10698256202877343], [-0.5578522483177886, -0.5671451770973102, 0.16009694260030527, -0.07947647617320593, 0.4338021658650715, 0.018637633433484277, -0.2823361089234495, 0.34189796861270794, 0.24295673869776696, -0.48907362196933646, 0.5608205590146926, -0.11340547063313047], [-0.6032190139326118, 0.021603636188098848, -0.6223508379330792, -0.49015047380966015, -0.21083076265723735, 0.23850536030467023, 0.654811387449713, 0.685719196594601, 0.18747851507740926, -0.07134604179057566, -0.2130167711774123, 0.0420805249616024]], "inverted": true, "swapped": true, "error_lsq": 0.04186495607569263, "error_max": 0.24113222483024316, "target": "920.xyz", "model": "5.xyz", "model_rescale": 3.6523030999806103, "target_rescale": 4.247028434478031},
{"mapping": [0, 2, 4, 1, 5, 9, 6, 10, 13, 11, 14, 8, 15], "R": [[0.6291376553639384, 0.7126716643825193, 0.31029809762455274], [-0.39453298085259747, 0.6367413913601726, -0.6624983981477054], [-0.6697234784765504, 0.29437985548430723, 0.681770462151528]], "T": [0.05908079782932685, -0.072212360913191, 0.07703847608656089], "aligned_model": [[0.21575062186942445, -0.15073067508505933, 0.20690036063652817, 0.6508294248582729, 0.6463306430671261, -0.2706018342764476, -0.5110934304744724, 0.23577892483909563, -0.6459059104237135, 0.027907028814559698, -0.005604711707954985, 0.48847591059946566, -0.006953448052530009], [-0.6274880649998438, 0.15483813762037812, 0.5306544416993166, -0.33974080943904, 0.3784720782580776, -0.6829348224674261, 0.4038549031303246, -0.6874710900611691, -0.13276660983269903, 0.12327900416448245, 0.6236116035213151, -0.15235140857672078, -0.051130458853812844], [0.5899485791287464, 0.7532233787003717, 0.4100388686560659, 0.2086531266428363, -0.09850342497281411, 0.10420622835961296, 0.17606733035224048, -0.1445571641974085, -0.18241951565326786, -0.7285300606603785, -0.3411616869890175, -0.47941503546956177, 0.10255911558436351]], "inverted": true, "swapped": true, "error_lsq": 0.04209974136633288, "error_max": 0.24681921923304806, "target": "920.xyz", "model": "6.xyz", "model_rescale": 4.08911054899281, "target_rescale": 4.247028434478031},
{"mapping": [14, 5, 11, 6, 7, 9, 13, 12, 2, 4, 0, 1, 10, 8, 15], "R": [[-0.8822720573856573, 0.11158544008364601, 0.45732341544886934], [-0.18202681846406477, 0.8150599125146463, -0.5500396134565838], [-0.43412239531764596, -0.5685297077312291, -0.6987930432615319]], "T": [-0.035805168755089344, -0.06751567080151921, 0.026971725551918117], "aligned_model": [[0.2530190272503161, 0.27199560742112505, 0.6847082291850304, -0.37398152833186693, -0.5462045146729413, -0.10027462450528188, -0.02125586023524114, 0.4753260390308627, -0.7647630777098772, -0.36804323904873, -0.39886855340251093, 0.0695745279439687, 0.3019235282126914, 0.6373386874762561, -0.08416070881424625], [-0.7185415427376909, -0.6739525784449683, -0.2556294108354249, -0.35236585476487714, 0.27914553850693075, 0.6136813807881069, 0.1953584337763925, 0.3991455566805556, -0.21346231770088075, -0.6826985020964693, 0.42330736896007715, 0.014793922526053466, 0.4650181170367089, -0.12524857948791818, -0.06779271603748262], [-0.3679871063451163, 0.3679801751593294, -0.33854572860090704, -0.578042759408834, -0.2805928218472575, -0.0922965263154572, -0.6791989677774524, -0.35369105963098985, 0.016074533033112175, 0.11274010562098633, 0.49944504488749036, 0.6759559895924302, 0.2743929286237689, 0.23670298318186594, -0.028866758090889073]], "inverted": false, "swapped": true, "error_lsq": 0.04615492649547926, "error_max": 0.35711157606763144, "target": "920.xyz", "model": "7.xyz", "model_rescale": 3.964800864290218, "target_rescale": 4.247028434478031},
{"mapping": [5, 14, 4, 8, 3, 12, 1, 6, 13, 7, 9, 0, 2, 15], "R": [[0.9462624168344788, -0.20406662744714804, 0.2508869268194712], [0.11807767930394003, -0.5042142164904332, -0.855468109013501], [0.30107324712894656, 0.839121466446477, -0.45302324930619914]], "T": [-0.0465483813572978, -0.027069017954861607, 0.05179076190467326], "aligned_model": [[-0.14650880637774702, 0.23481220262471106, 0.4531278519208176, -0.6177034067019561, 0.10479003876770018, -0.46971459662608106, -0.469144178747226, 0.6248456894042808, 0.1493317171556896, 0.31200094714850324, -0.26722473899993016, -0.2328483326937679, 0.5696674245243538, 0.015756078061524424], [0.06415971206922261, -0.5402744797101289, 0.20424885336201173, -0.2258705200639313, 0.5817872564009199, -0.6084369606774253, 0.45866222408196267, -0.3554524126483264, -0.6134626924346989, 0.011441047478240651, -0.0649350678552072, 0.5855753185880216, 0.3604340754504588, -0.04692788785991757], [-0.6968607162334545, -0.5145156541173926, -0.3875314098538324, -0.3152280933836594, -0.15262139080075626, 0.37870609996735805, -0.10485622063912169, 0.10601024482988601, 0.4827953684808739, 0.63935930348753, 0.7092698544735175, 0.482966549896518, 0.2031784719627549, 0.08614263065480014]], "inverted": false, "swapped": true, "error_lsq": 0.04220897205873946, "error_max": 0.23355092316235357, "target": "920.xyz", "model": "8.xyz", "model_rescale": 4.121658175737393, "target_rescale": 4.247028434478031},
{"mapping": [13, 7, 9, 12, 6, 14, 3, 5, 1, 4, 11, 8, 15], "R": [[0.6318226733338402, 0.19365170236003637, 0.7505325626742247], [0.7093328175684173, -0.5348197634717664, -0.45914570075353445], [0.31248530106507383, 0.8224760414583903, -0.4752747603704687]], "T": [0.04879075896724839, -0.0911246382102597, -0.10333248306049173], "aligned_model": [[-0.49295007630935717, -0.2007776825883527, 0.180015620806671, -0.02607259631549618, -0.6716015965700096, -0.49541777449797486, 0.34333950384899703, 0.1936200175097436, 0.6893710266144234, -0.1648594457929694, -0.21424436764631133, 0.34768855279938277, -0.011373685423549412], [0.2278827073098029, -0.3423637181976731, 0.10180890382393429, 0.6330647734033182, -0.29119252440777493, 0.08927035466832745, -0.6516831460824305, -0.11308399122419452, -0.17674860412876733, -0.6080555251196286, 0.6111581428959403, 0.42714352162820957, -0.11681345515735388], [-0.5189557574946565, -0.6948322335558018, -0.757524605999915, -0.4097262541681965, -0.15386068794472874, 0.47506296960995964, 0.08216362078730463, 0.643216963497283, 0.04290630031724499, 0.3248314043204914, 0.25126695661793297, 0.2741607800507422, -0.1376340220785712]], "inverted": true, "swapped": true, "error_lsq": 0.03996648470396792, "error_max": 0.2226262513938161, "target": "920.xyz", "model": "9.xyz", "model_rescale": 3.833441315466971, "target_rescale": 4.247028434478031},
{"mapping": [9, 12, 1, 5, 8, 10, 11, 4, 2, 3, 7, 6, 13, 0, 15], "R": [[0.8410897150835572, 0.42875589349068477, 0.32975214173325024], [0.2892716960630124, -0.871692118223361, 0.39556887754738573], [0.45704483044608335, -0.23732095319266494, -0.8571982198641316]], "T": [-0.06505959590939997, 0.060855093111907774, 0.052703113228017295], "aligned_model": [[0.08028657449652882, -0.016328149116259752, -0.6658006984748521, -0.5276296066453163, -0.6077596280693129, -0.44827657702556956, -0.1526344622209692, 0.03428092995539114, 0.33803278387615326, -0.28301304102653213, 0.4756444644310783, 0.6222489021080371, 0.5236795108425274, -0.25696640908909885, 0.008080424252726759], [-0.6073047966621739, -0.520130773030264, 0.022785362311903187, 0.634696473642335, 0.021602775247124978, -0.49620247394490863, 0.08750811534030771, 0.72920653354892, 0.32804312300040644, 0.3949329424970465, -0.2203283936037132, 0.34161786257898935, -0.2655312987701767, -0.3139921084029036, 0.06419819554208529], [0.17455344013789165, -0.48022524806221206, 0.3296889393773007, -0.13578789087877605, -0.3993797010774033, 0.011450573386720286, -0.7717661732149201, 0.2517661140063203, 0.6174383570518975, 0.5783283549295308, 0.374964502629842, -0.048907419331722546, -0.2861917269930539, 0.6997074916429977, 0.062482294217680104]], "inverted": false, "swapped": true, "error_lsq": 0.042922153401387185, "error_max": 0.30731412563568217, "target": "920.xyz", "model": "10.xyz", "model_rescale": 4.2482417240324, "target_rescale": 4.247028434478031},
{"mapping": [12, 11, 14, 5, 7, 2, 6, 3, 8, 0, 10, 15], "R": [[0.0012745942513776726, -0.9995201873961569, 0.030947865791453588], [0.7071721643334593, -0.020980495545503866, -0.7067300395473478], [0.7070402431272389, 0.022786263278926633, 0.7068061125969118]], "T": [-0.012831625484450685, 0.1059098011577303, -0.0619062408208057], "aligned_model": [[-0.659277465826718, -0.12690915305181463, 0.2846438006719164, 0.6475750696622224, -0.41890525969212733, 0.17443882104270325, -0.07293137916189289, 0.4844449296241978, 0.08342037867166549, -0.12738885261562602, -0.35401518397224474, -0.03833010298927495], [-0.3417071082144756, -0.6965451950473763, -0.40496819399656125, -0.26585431120289776, 0.6135812986411259, 0.7604114003782618, 0.23753554474787592, 0.5010133002470503, -0.5055475559084944, 0.6637700106429757, -0.03621217539599478, 0.14065437515915036], [-0.13726436433290942, 0.11467700261045155, 0.49823537156137626, -0.12860140733714814, 0.16755245135223937, 0.2370189037371292, 0.6733543168899534, -0.240799675995637, -0.40439476988412454, -0.5830798620848936, -0.6295903808780001, -0.0019152957840807006]], "inverted": false, "swapped": true, "error_lsq": 0.04495647620181209, "error_max": 0.2505041196602591, "target": "920.xyz", "model": "11.xyz", "model_rescale": 3.6694154284099745, "target_rescale": 4.247028434478031},
{"mapping": [4, 3, 1, 0, 2, 14, 6, 11, 9, 12, 8, 13, 5, 15], "R": [[0.6534833781151324, 0.6081326489293133, -0.4507040668037636], [-0.6311013437221962, 0.10897292752492502, -0.7680078092172538], [-0.41793608181069175, 0.7863202797670068, 0.4550053287027117]], "T": [0.08868528250802221, 0.10246769472109607, -0.03315307455517716], "aligned_model": [[-0.08505515650082221, 0.05514895022194774, -0.13932441178202498, 0.5061977128490325, 0.5220169569632515, -0.40020300482113835, 0.3427617684250519, -0.42889382906495865, 0.5977646567168169, 0.1345217121201292, -0.49450216207740094, 0.46456089275861817, -0.6173667718186652, 0.14063753626597247], [-0.2908427817854221, 0.2497894102697093, 0.6628432935219972, 0.6844763985234319, -0.15579241838291608, -0.5379784710641392, -0.6024927741096106, -0.1320980240613056, 0.42565334286792156, 0.2209481289176148, 0.3699118873239824, -0.2584802120339603, 0.04509020867215692, 0.049959299476794054], [-0.591104143391338, -0.6754654868177862, -0.3034327300615276, -0.32108111126833994, -0.5793436818224802, 0.08543669003368556, -0.0377662278073643, 0.5711813791428907, 0.31152050625676064, 0.7464579677370866, 0.2648552284757144, 0.5112967941941992, -0.3106276213991127, -0.0328321036199726]], "inverted": false, "swapped": true, "error_lsq": 0.04507742419004816, "error_max": 0.23826765872687697, "target": "920.xyz", "model": "12.xyz", "model_rescale": 3.9764082729961374, "target_rescale": 4.247028434478031},
{"mapping": [12, 1, 5, 9, 0, 2, 4, 6, 8, 13, 10, 3, 11, 14, 7, 15], "R": [[-0.7954597315847061, -0.4503831702636132, 0.4054612378150162], [-0.2960755412463204, -0.29494741055997475, -0.9084851671214366], [0.5287561718816021, -0.8427105226275885, 0.10127134713160868]], "T": [0.04593746520506108, 0.028152418814201344, -0.030224854174810238], "aligned_model": [[-0.05333487047498734, -0.3912392999668272, 0.7985310253982356, 0.22847425208765898, 0.2778590430874045, -0.38377664028131936, 0.6086664846941386, 0.6234834265566693, -0.6012337014935836, 0.08595929846469161, -0.6704041478294134, -0.25654253719446557, -0.49363449985180036, 0.07610800484877794, 0.06866489572188714, 0.08130022498483652], [0.0876743739795879, -0.30192334684045646, -0.2162336627217018, -0.42302133160382904, -0.6419297911753106, -0.612096162878203, -0.14025451683131773, 0.5244286041498692, -0.00010107738000787736, 0.564480600826127, 0.1797517848506871, 0.29329873381545113, 0.593838219722677, 0.7642784613081613, -0.3777008386472744, 0.05031235011395793], [-0.6577722031216333, -0.35154874557152965, -0.30717662279528296, -0.3832428351416841, 0.1256922618528954, 0.17394922619050973, 0.38310174360299487, 0.031495613211270194, 0.2526603833249013, -0.32216813673020683, -0.36191631413537156, 0.7091307619553792, 0.10908188623865367, 0.2796399997129078, 0.606799710683565, 0.06900763767447204]], "inverted": true, "swapped": false, "error_lsq": 0.04385021886207437, "error_max": 0.2895649280513062, "target": "920.xyz", "model": "13.xyz", "model_rescale": 4.170626492500431, "target_rescale": 4.247028434478031},
{"mapping": [4, 3, 5, 1, 14, 12, 8, 2, 6, 0, 7, 10, 13, 15], "R": [[-0.9452296968603099, -0.01990413011097264, -0.3257984741798102], [0.28056720410892705, -0.5596200524459719, -0.7798124395512473], [-0.16680187094833995, -0.8285102428485078, 0.5345539386659125]], "T": [-0.04122607809461501, 0.051421321964247715, 0.08986807164858249], "aligned_model": [[0.33602072667149707, -0.033374619080987766, -0.26961972859237304, -0.5621521339716273, 0.2361586902953974, -0.2993661551874477, -0.6176455102204929, 0.5124311303690934, 0.6779457003663218, -0.2645837889501663, 0.39080661492098434, -0.6108801503919261, 0.31930411332585273, 0.028138132537518], [-0.281778901943973, -0.5810827373008861, -0.0436453282783109, -0.3529735602008661, 0.485778320441641, 0.7108504884207135, 0.3401550053730121, -0.43785308399515105, 0.2521854839640887, -0.5024232622577359, -0.03368935291945839, 0.13482364553436427, 0.6051699516973833, 0.06055779939084437], [-0.4029307974384474, -0.09793655557472683, -0.6295709291669462, 0.025361109315634095, -0.5407175840404922, 0.4397949838117493, -0.2013645478969032, 0.17277197241897285, 0.02637705799531373, 0.5790723486595002, 0.6203219926972977, 0.4468112744310466, 0.4523207740751528, 0.11356200183371473]], "inverted": true, "swapped": true, "error_lsq": 0.039275134078888316, "error_max": 0.2272627841564321, "target": "920.xyz", "model": "14.xyz", "model_rescale": 3.9786697098870705, "target_rescale": 4.247028434478031},
{"mapping": [8, 4, 10, 12, 1, 0, 6, 2, 9, 13, 3, 15], "R": [[0.35188556041553865, -0.8369053538732055, 0.41924453607579315], [-0.09614824214436912, 0.4132044046140453, 0.9055482513594182], [-0.9310918686701061, -0.358958979085239, 0.06493368486766236]], "T": [-0.044704819157557994, -0.059829933269602176, -0.07160136799341738], "aligned_model": [[0.03537807318098791, -0.7186566341482773, 0.5396595594095231, 0.5309898353619446, 0.038525500866394065, 0.34349947645984075, -0.37647529373123795, -0.3415578974919786, 0.6105885417177025, 0.2363928253061088, -0.361436592545196, -0.0535527976184748], [-0.26180733803778067, 0.10364048006534077, 0.03702651136590249, -0.5857398949672273, 0.43060870247485106, 0.5988919349398412, -0.41618680603953934, 0.3075116460198807, -0.025246056467364164, -0.61323467518116, 0.5188437447922192, -0.0796337587405245], [-0.744828520351551, 0.051908313112976265, -0.40024595089246107, -0.1978009946802042, -0.5093261479638583, 0.03487041382359042, 0.4980331954976603, 0.5026261301135455, 0.15600622498352734, 0.3558548651581276, -0.08613981519818953, -0.000991219729333248]], "inverted": true, "swapped": true, "error_lsq": 0.05504554918196091, "error_max": 0.28888755278767364, "target": "920.xyz", "model": "15.xyz", "model_rescale": 3.769337070930944, "target_rescale": 4.247028434478031},
{"mapping": [1, 4, 10, 8, 0, 2, 9, 6, 12, 11, 15], "R": [[0.66946913820562, 0.6471255477891672, -0.3647459367680399], [-0.7419589262610476, 0.6064230019340734, -0.2859162368016549], [0.03616662455604233, 0.46203860025309273, 0.886122061086612]], "T": [-0.025907714890915458, -0.04202582137084975, -0.02087072674802915], "aligned_model": [[-0.3101912078244756, -0.2057921487927803, -0.03438358532467873, -0.6068385006262484, 0.3297049521324783, 0.38953592674245513, 0.47936193533297944, 0.27736906729475086, 0.06039181155095897, -0.48613188553277026, 0.029599765738501184], [0.20000579247799655, -0.707258153100077, 0.620460322921332, 0.34789012801715147, 0.21298040595425766, -0.5899508067971091, 0.4345380628031766, -0.5732903397031605, 0.5599656255824886, 0.17146108631246273, -0.08073762684317698], [-0.5682863989255421, -0.16680153759373695, -0.16197504247110112, 0.083665941231297, -0.6568461745401221, -0.3036844402516927, -0.021178275465096714, 0.41194171466410306, 0.4832033336458236, 0.635442002136576, 0.008736484793268981]], "inverted": false, "swapped": true, "error_lsq": 0.03940034488921215, "error_max": 0.2024324993894608, "target": "920.xyz", "model": "16.xyz", "model_rescale": 3.7852294659196426, "target_rescale": 4.247028434478031},
{"mapping": [11, 5, 4, 14, 8, 1, 0, 3, 6, 13, 9, 2, 15], "R": [[-0.91105577223402, -0.21966844921966722, -0.3488884525124042], [-0.09968680946989855, -0.7037550967973438, 0.7034140343705646], [-0.40004989675887404, 0.6756289929755739, 0.6192620963324225]], "T": [-0.03529293632342999, 0.15526390545251298, -0.027306932637525302], "aligned_model": [[-0.16887531622916901, -0.37827730519218106, 0.21499246002978223, 0.2038761196358409, -0.6024216706293557, -0.6112614025487663, -0.2590624010492227, -0.143461418763202, 0.6875387347682751, 0.4483704458456191, -0.025921758696232713, 0.4508736082590802, 0.03739575478581485], [-0.27817936283393985, -0.5017127427260416, -0.3103235311717518, -0.5728917368097158, -0.11192550888167943, 0.22919148419946722, 0.760764741357372, 0.08660768628026935, -0.030331540857963107, 0.3641607918271026, 0.8128010889785899, 0.2585695527402184, 0.16832470160094606], [-0.721865804186223, 0.14455699589390236, 0.4382828283346708, -0.30268685989280547, -0.35505341384937233, 0.29184093844575093, 0.396071479059715, 0.6199793343090633, -0.09523417362722637, -0.5662163396486911, -0.2508414557723179, 0.5256567549052154, -0.028735586828507624]], "inverted": true, "swapped": true, "error_lsq": 0.04029786797592539, "error_max": 0.2401387664414823, "target": "920.xyz", "model": "17.xyz", "model_rescale": 3.901054581598922, "target_rescale": 4.247028434478031},
{"mapping": [9, 12, 0, 7, 8, 3, 11, 13, 1, 4, 5, 14, 6, 2, 15], "R": [[-0.3392908194646319, -0.44421341883146936, -0.8291900737207822], [-0.9406676155132079, 0.16501360270862858, 0.29650454978939994], [0.005116341633864596, 0.8805935211271865, -0.4738447779569901]], "T": [-0.01273624856185964, 0.01851053396643765, -0.03014974642849775], "aligned_model": [[-0.01040565737602974, 0.3534926183837428, -0.5988720386980896, 0.16838814852830813, -0.12200237631765348, -0.5105406786510187, 0.46776664419813285, 0.639729489933593, -0.6474535717018548, -0.0438908665175571, -0.21236389084672444, 0.5128403736880465, 0.580345119983098, -0.07367661134080569, 0.03572950782384692], [-0.0024131418345344317, -0.5101057061491453, 0.25501190274004465, 0.5042839275793575, -0.658101103595596, 0.36273467995002634, -0.6243575528224365, 0.04251084778821265, -0.16658781460346836, 0.42394968453479076, -0.23445640897742231, -0.13041543856908328, 0.45683469368144125, 0.7577454486646535, 0.07212333144026568], [-0.7243884790402166, -0.4888143913847184, -0.4733937573367293, -0.4845676158019834, 0.14506596518240586, 0.23270781025853596, 0.1795332002524737, -0.4065856246061338, 0.01381439424357097, 0.5450343556280802, 0.6590166585013301, 0.5738675131515742, 0.1027856731851661, 0.021005103284774194, -0.04541440066615366]], "inverted": true, "swapped": true, "error_lsq": 0.037150621331421364, "error_max": 0.2154384913986915, "target": "920.xyz", "model": "18.xyz", "model_rescale": 3.9405287249114394, "target_rescale": 4.247028434478031},
{"mapping": [5, 6, 10, 2, 3, 1, 14, 11, 0, 9, 8, 4, 7, 13, 12, 15], "R": [[0.6952389885806923, 0.021981589821768184, 0.7184424531346986], [-0.18743112678956736, 0.9704954743311317, 0.1516842345571377], [-0.6939108887081172, -0.24011527234163837, 0.6788463261450355]], "T": [-0.009232570492507948, 0.04501343170694759, 0.12991757186394734], "aligned_model": [[-0.09737233087409966, -0.41928740153460825, 0.6411214082310773, 0.15706494485433467, 0.3957656776754083, -0.20199274496633668, 0.7131775727474675, 0.5422161990460511, -0.6563716756918997, 0.02017473301475642, -0.6105556542192554, -0.5383517055478214, -0.3620751064340702, 0.35321356651616836, 0.053398198633673705, 0.008755277301056628], [0.17242710942393158, -0.3031614236097846, -0.2615763360759791, -0.4208563178971401, -0.6634353087280299, -0.5860387670872276, 0.025430583879932897, 0.3679856730631798, -0.18350110644372097, 0.7090528973740526, 0.19175495553257788, 0.20272260269985698, 0.6536802750948097, 0.5488948757468749, -0.1344915856959869, 0.025914273411070818], [-0.6869421346520344, -0.38865041910389786, -0.18780314448256288, -0.5846702784430235, 0.37385485075132413, 0.11825303101166817, 0.4082681764818784, -0.20295836266355363, 0.17073842843835565, -0.2537445783326966, -0.3049957869773787, 0.6093190600960183, 0.15545905835016455, 0.3869509033439178, 0.6437214232461922, 0.09993413988747013]], "inverted": false, "swapped": false, "error_lsq": 0.03668419482079661, "error_max": 0.26032149306975366, "target": "920.xyz", "model": "19.xyz", "model_rescale": 4.410303926677745, "target_rescale": 4.247028434478031},
{"mapping": [5, 14, 4, 8, 3, 12, 1, 6, 13, 7, 9, 0, 2, 15], "R": [[0.9462624168344788, -0.20406662744714804, 0.2508869268194712], [0.11807767930394003, -0.5042142164904332, -0.855468109013501], [0.30107324712894656, 0.839121466446477, -0.45302324930619914]], "T": [-0.0465483813572978, -0.027069017954861607, 0.05179076190467326], "aligned_model": [[-0.14650880637774702, 0.23481220262471106, 0.4531278519208176, -0.6177034067019561, 0.10479003876770018, -0.46971459662608106, -0.469144178747226, 0.6248456894042808, 0.1493317171556896, 0.31200094714850324, -0.26722473899993016, -0.2328483326937679, 0.5696674245243538, 0.015756078061524424], [0.06415971206922261, -0.5402744797101289, 0.20424885336201173, -0.2258705200639313, 0.5817872564009199, -0.6084369606774253, 0.45866222408196267, -0.3554524126483264, -0.6134626924346989, 0.011441047478240651, -0.0649350678552072, 0.5855753185880216, 0.3604340754504588, -0.04692788785991757], [-0.6968607162334545, -0.5145156541173926, -0.3875314098538324, -0.3152280933836594, -0.15262139080075626, 0.37870609996735805, -0.10485622063912169, 0.10601024482988601, 0.4827953684808739, 0.63935930348753, 0.7092698544735175, 0.482966549896518, 0.2031784719627549, 0.08614263065480014]], "inverted": false, "swapped": true, "error_lsq": 0.04220897205873946, "error_max": 0.23355092316235357, "target": "920.xyz", "model": "20.xyz", "model_rescale": 4.121658175737393, "target_rescale": 4.247028434478031},
{"mapping": [0, 2, 4, 1, 5, 9, 6, 10, 13, 11, 14, 8, 15], "R": [[0.6291376553639384, 0.7126716643825193, 0.31029809762455274], [-0.39453298085259747, 0.6367413913601726, -0.6624983981477054], [-0.6697234784765504, 0.29437985548430723, 0.681770462151528]], "T": [0.05908079782932685, -0.072212360913191, 0.07703847608656089], "aligned_model": [[0.21575062186942445, -0.15073067508505933, 0.20690036063652817, 0.6508294248582729, 0.6463306430671261, -0.2706018342764476, -0.5110934304744724, 0.23577892483909563, -0.6459059104237135, 0.027907028814559698, -0.005604711707954985, 0.48847591059946566, -0.006953448052530009], [-0.6274880649998438, 0.15483813762037812, 0.5306544416993166, -0.33974080943904, 0.3784720782580776, -0.6829348224674261, 0.4038549031303246, -0.6874710900611691, -0.13276660983269903, 0.12327900416448245, 0.6236116035213151, -0.15235140857672078, -0.051130458853812844], [0.5899485791287464, 0.7532233787003717, 0.4100388686560659, 0.2086531266428363, -0.09850342497281411, 0.10420622835961296, 0.17606733035224048, -0.1445571641974085, -0.18241951565326786, -0.7285300606603785, -0.3411616869890175, -0.47941503546956177, 0.10255911558436351]], "inverted": true, "swapped": true, "error_lsq": 0.04209974136633288, "error_max": 0.24681921923304806, "target": "920.xyz", "model": "21.xyz", "model_rescale": 4.08911054899281, "target_rescale": 4.247028434478031},
{"mapping": [12, 7, 3, 13, 4, 0, 2, 14, 6, 9, 10, 8, 5, 15, 1, 16], "R": [[0.2826148021639211, -0.4911241492052495, 0.82396962545064], [-0.10938078504311316, 0.8368849112978293, 0.5363389684755129], [-0.9529767664855217, -0.24170377595197937, 0.1827965186467054]], "T": [-0.008986990251691614, 0.07590342832795272, 0.08735499261989302], "aligned_model": [[0.0657059321490562, -0.399906382822285, 0.7131920892048852, 0.16371093987320368, 0.36094306051193115, -0.2168894290891494, 0.5715035099385718, 0.47517180275529014, -0.6903630445456993, -0.061160761873862574, -0.6072923257471513, -0.4687010549334321, -0.4620013552452097, 0.5161381666014545, 0.04575975383699708, -0.0069299418626967094], [0.16913056051836595, -0.30358085002151963, -0.17924803951620139, -0.33475670889246156, -0.5151662093399156, -0.6491964166803901, -0.15150762869933135, 0.33916254873080204, -0.21031745610048896, 0.6825329021375375, 0.2952610222616754, 0.18804301436422816, 0.6165407160272426, 0.45516652798388696, -0.08706439857919834, 0.029802816494186424], [-0.6411360335436914, -0.36977726286778567, -0.3220762335301197, -0.40076757667692364, 0.09633423740758987, 0.2636677513005654, 0.4514550059456879, -0.2414420338657556, 0.18414552161472295, -0.28254525153080046, -0.4076686237018037, 0.5941584160865055, 0.07257790877893118, 0.42188464567550066, 0.8622373467039747, 0.07568654915524325]], "inverted": false, "swapped": false, "error_lsq": 0.039344700315637735, "error_max": 0.3221032522748491, "target": "920.xyz", "model": "22.xyz", "model_rescale": 4.204369325754507, "target_rescale": 4.247028434478031},
{"mapping": [5, 6, 10, 2, 3, 1, 14, 11, 0, 9, 8, 4, 7, 13, 12, 15], "R": [[0.6952389885806923, 0.021981589821768184, 0.7184424531346986], [-0.18743112678956736, 0.9704954743311317, 0.1516842345571377], [-0.6939108887081172, -0.24011527234163837, 0.6788463261450355]], "T": [-0.009232570492507948, 0.04501343170694759, 0.12991757186394734], "aligned_model": [[-0.09737233087409966, -0.41928740153460825, 0.6411214082310773, 0.15706494485433467, 0.3957656776754083, -0.20199274496633668, 0.7131775727474675, 0.5422161990460511, -0.6563716756918997, 0.02017473301475642, -0.6105556542192554, -0.5383517055478214, -0.3620751064340702, 0.35321356651616836, 0.053398198633673705, 0.008755277301056628], [0.17242710942393158, -0.3031614236097846, -0.2615763360759791, -0.4208563178971401, -0.6634353087280299, -0.5860387670872276, 0.025430583879932897, 0.3679856730631798, -0.18350110644372097, 0.7090528973740526, 0.19175495553257788, 0.20272260269985698, 0.6536802750948097, 0.5488948757468749, -0.1344915856959869, 0.025914273411070818], [-0.6869421346520344, -0.38865041910389786, -0.18780314448256288, -0.5846702784430235, 0.37385485075132413, 0.11825303101166817, 0.4082681764818784, -0.20295836266355363, 0.17073842843835565, -0.2537445783326966, -0.3049957869773787, 0.6093190600960183, 0.15545905835016455, 0.3869509033439178, 0.6437214232461922, 0.09993413988747013]], "inverted": false, "swapped": false, "error_lsq": 0.03668419482079661, "error_max": 0.26032149306975366, "target": "920.xyz", "model": "23.xyz", "model_rescale": 4.410303926677745, "target_rescale": 4.247028434478031},
{"mapping": [12, 2, 7, 0, 1, 3, 11, 13, 4, 6, 5, 8, 15, 14, 10, 16], "R": [[0.6881399198268987, 0.6818105639373374, -0.2481890522244683], [-0.18756623793324717, 0.49758829189092224, 0.8468912552155934], [0.7009153708745433, -0.5362277936441981, 0.4702950097494947]], "T": [0.07021083110229487, 0.09207491543572827, 0.09895079773314254], "aligned_model": [[0.046248120438191945, -0.5281134998251077, 0.6133490541883617, 0.020564511431460708, 0.45604334751897746, -0.27697061116598365, 0.5612146254446668, 0.510612693881682, -0.5639688031089185, 0.0325684752808021, -0.42529018447476225, -0.5408436774152948, -0.2606553859945016, 0.3610905813895756, -0.05257060222062257, 0.045602313383376634], [0.14734795195934403, -0.45667669202268196, -0.162935494359788, -0.3938941982314253, -0.6632908480366373, -0.737814223463368, 0.08570426059692099, 0.4655813174429578, -0.16296298688446648, 0.7169997982944529, 0.24549471919489468, 0.11248762152915381, 0.7049560499436311, 0.6797330276405531, -0.2104885905927944, -0.025439312322329183], [-0.7026391939176923, -0.31791083339937953, -0.1872335103641582, -0.47703103756278953, 0.22891687876861228, 0.09873190073482109, 0.4984456979622712, -0.30195541417831795, 0.18053653743682443, -0.3322684430157077, -0.25677822948355306, 0.6484072348641716, 0.25457358585593226, 0.2668701356525924, 0.6621239422690953, 0.09394511532911903]], "inverted": false, "swapped": false, "error_lsq": 0.03538414539081589, "error_max": 0.2539754081387137, "target": "920.xyz", "model": "24.xyz", "model_rescale": 4.28219845311461, "target_rescale": 4.247028434478031},
{"mapping": [4, 13, 3, 7, 9, 12, 5, 1, 14, 0, 2, 10, 6, 8, 11, 15], "R": [[0.22080673118837696, 0.9245517629519178, 0.3105614674817291], [0.6835167337181192, -0.3738334890537109, 0.6269397077783821], [0.6957364890453986, 0.07384145234507644, -0.7144915518929192]], "T": [0.0033124229511131854, -0.03467966232703647, -0.012620745558152853], "aligned_model": [[0.1447694836002996, -0.3505375491641541, 0.7044980305702293, 0.19730958270684032, 0.3723307168669651, -0.3772009361672755, 0.6312240370808111, 0.5060339893244291, -0.6775305142752385, -0.08645539094190453, -0.5663034133373264, -0.25557324708625756, -0.37475242194098785, 0.19950414168377753, -0.06275335968947261, -0.0056821904788311815], [0.12255374211743718, -0.4212704284947241, -0.05992770477980032, -0.5722414026862245, -0.587870741759906, -0.6285570905646529, 0.03757439477821477, 0.36043166110543967, -0.0017129259186435958, 0.6689807311053724, 0.19072242326809397, 0.24976441783782355, 0.7562780588107467, 0.4544474808036056, -0.25038528424870043, 0.02601506931433603], [-0.7125608355265766, -0.2923603274640917, -0.3408685557259266, -0.5407670160731844, 0.10853540273899423, 0.28223359813605015, 0.5581568266948311, -0.04479942864600362, 0.32724792615814813, -0.41555741842278865, -0.3184176115439024, 0.6814790987988004, 0.19630505799482706, 0.4392747116909809, 0.4829430427517575, -0.05411010461007445]], "inverted": true, "swapped": false, "error_lsq": 0.04138386832789989, "error_max": 0.30058639257748265, "target": "920.xyz", "model": "25.xyz", "model_rescale": 4.100010024507729, "target_rescale": 4.247028434478031},
{"mapping": [12, 11, 14, 5, 7, 2, 6, 3, 8, 0, 10, 15], "R": [[0.0012745942513776726, -0.9995201873961569, 0.030947865791453588], [0.7071721643334593, -0.020980495545503866, -0.7067300395473478], [0.7070402431272389, 0.022786263278926633, 0.7068061125969118]], "T": [-0.012831625484450685, 0.1059098011577303, -0.0619062408208057], "aligned_model": [[-0.659277465826718, -0.12690915305181463, 0.2846438006719164, 0.6475750696622224, -0.41890525969212733, 0.17443882104270325, -0.07293137916189289, 0.4844449296241978, 0.08342037867166549, -0.12738885261562602, -0.35401518397224474, -0.03833010298927495], [-0.3417071082144756, -0.6965451950473763, -0.40496819399656125, -0.26585431120289776, 0.6135812986411259, 0.7604114003782618, 0.23753554474787592, 0.5010133002470503, -0.5055475559084944, 0.6637700106429757, -0.03621217539599478, 0.14065437515915036], [-0.13726436433290942, 0.11467700261045155, 0.49823537156137626, -0.12860140733714814, 0.16755245135223937, 0.2370189037371292, 0.6733543168899534, -0.240799675995637, -0.40439476988412454, -0.5830798620848936, -0.6295903808780001, -0.0019152957840807006]], "inverted": false, "swapped": true, "error_lsq": 0.04495647620181209, "error_max": 0.2505041196602591, "target": "920.xyz", "model": "26.xyz", "model_rescale": 3.6694154284099745, "target_rescale": 4.247028434478031},
