[{"mapping": [9, 1, 0, 7, 8, 10, 4, 2, 3, 6, 5, 12], "R": [[-0.8976609237646151, 0.03548633243108976, -0.4392557184108683], [0.009301807252886509, 0.9980562597772593, 0.061621252026049164], [0.44058863163714057, 0.05122911798984936, -0.8962461911450972]], "T": [-0.041342610150519224, -0.014887824926452117, -0.024446125711214864], "aligned_model": [[-0.24015191706766165, 0.21578710392888767, 0.46189342191932015, -0.14202182684655315, 0.025181286874861167, -0.71935352305122, 0.5255441932066176, -0.33711151308676723, 0.4894889091997736, 0.21255699000742428, -0.5425112699605679, -0.11165939266356553], [-0.4862247564366714, -0.6992928850159001, -0.3237518440432015, 0.6557990170156643, 0.21906099584975414, -0.2989356563295079, -0.11756808589552255, -0.6683401100815175, 0.33451570194688646, 0.39967263019095234, 0.1496410418770585, -0.11102101310093775], [-0.39806773938710305, 0.05861182171601885, -0.5167467119470361, 0.05138406421717248, -0.6618478669212812, -0.08451184538966212, 0.4310683465693894, 0.4248203121266278, -0.1396330556329945, 0.5635213724475391, 0.4751137877733333, -0.02176074021844158]], "inverted": false, "swapped": true, "error_lsq": 0.05406202748336018, "error_max": 0.2920237773440198, "target": "922.xyz", "model": "0.xyz", "model_rescale": 3.751011558992144, "target_rescale": 3.9057324642574462},
{"mapping": [8, 2, 13, 1, 0, 12, 7, 6, 4, 5, 9, 10, 14], "R": [[-0.49277171016580923, -0.6174264409565481, -0.6131562864947193], [-0.7245160625064896, 0.681387218086296, -0.10386498061768168], [0.4819258416295565, 0.39305985426694134, -0.783103718630741]], "T": [0.04358332888340134, -0.02127227823908595, 0.004470759632806529], "aligned_model": [[-0.49630474924204593, -0.23850239654719513, 0.43284963567157697, -0.4703011068985109, -0.37810982443514213, 0.6433602288278375, 0.10187749393265773, 0.10353857361274149, -0.43284150995985815, 0.10496977287359564, 0.5836169170108859, 0.26090976319889425, 0.09781403394011694], [-0.30552970498451115, -0.7440814456449651, -0.607385074052954, 0.40868205451016065, -0.037607213661796576, 0.06527929643978242, 0.4239015079602658, 0.7270999383055858, 0.2652406860180947, -0.5649689118580402, -0.2522551267127164, 0.17006505790927354, -0.01909421746443947], [0.26550108464879574, -0.2813834917094156, -0.17565622691647145, -0.1872258961729018, -0.625935912943305, -0.42535664676522794, -0.4834832486501342, 0.012845686713130655, 0.5670573433295261, 0.3056546271975811, 0.3031348999969558, 0.7716819384305508, -0.003151518483410288]], "inverted": true, "swapped": false, "error_lsq": 0.03871850033048074, "error_max": 0.2353950708907559, "target": "922.xyz", "model": "1.xyz", "model_rescale": 3.9405287249114394, "target_rescale": 3.9057324642574462},
{"mapping": [11, 9, 8, 0, 5, 4, 2, 1, 6, 3, 3, 7, 12], "R": [[0.7547169565174069, -0.3649248673806312, -0.5451900189038054], [0.1669889599186143, 0.9105036026945749, -0.3782827999598973], [0.6344422769727774, 0.1944557292738605, 0.7481109319761134]], "T": [0.024851064440174365, -0.030495725649062187, 0.008122451056373997], "aligned_model": [[-0.5895937900238047, -0.11014212346753834, 0.46637753691687467, -0.5821157479448605, -0.5236626145627964, 0.7222307725243415, -0.058895195284795546, 0.27907425889040877, -0.28871529656844086, 0.3006709756052863, 0.3006709756052863, 0.3463878171289856, 0.050589263166607626], [-0.384325444143325, -0.7145424006403018, -0.5854680182910506, 0.5478557235834692, -0.023337238244153423, 0.02454691039051015, 0.2647319823563903, 0.7098025211721986, 0.09072949244548978, -0.31706357862564527, -0.31706357862564527, 0.23274899073366953, 0.0007314846521336398], [0.07795324777381762, -0.3971405410142096, -0.30452735081744664, 0.0025656435503204813, -0.46848827100246593, -0.04012247461532014, -0.6001511649500546, -0.11252333426226896, 0.4351309722022252, 0.41873409338297995, 0.41873409338297995, 0.6835676295298387, -0.07004990448472173]], "inverted": false, "swapped": false, "error_lsq": 0.059624341370098234, "error_max": 0.3430665875474966, "target": "922.xyz", "model": "2.xyz", "model_rescale": 3.932901565614263, "target_rescale": 3.9057324642574462},
{"mapping": [7, 9, 12, 3, 8, 10, 11, 1, 0, 5, 6, 2, 13], "R": [[-0.8884216785481728, 0.4571837960378968, -0.04110836564527809], [-0.36188334123965177, -0.6424945595374081, 0.6754562815594047], [0.2823957655824054, 0.6149664361615281, 0.7362532947131145]], "T": [-0.061779856371012326, 0.011953430444515398, 0.025605556222919164], "aligned_model": [[-0.6078827486606992, -0.18985286543582766, 0.4690073791389545, -0.43664134187631065, -0.5130993451006144, 0.5891586527865951, 0.08939363721217694, 0.2785992779478995, -0.3025546765679241, 0.12033055606745835, 0.5180151893431275, 0.27210660332416003, 0.02629651380655834], [-0.41951577964827275, -0.6348410423771524, -0.4943952972092113, 0.33790493279970496, -0.05828930303868081, 0.08376626806779473, 0.3362071322092906, 0.6476389769673984, 0.4116602408524409, -0.6477185243596889, -0.19618474255984597, 0.22580388533583157, -0.06268990027586893], [0.1848176761192585, -0.29850423021567285, -0.18653988158490648, -0.09237733608937668, -0.5489929149006717, -0.26468294501231104, -0.7927554949623886, 0.19535405186975913, 0.5064509376249603, 0.24576094539374266, 0.32091635281780045, 0.7583999804329433, 0.015835497182537392]], "inverted": true, "swapped": false, "error_lsq": 0.04831481521370378, "error_max": 0.238419315131373, "target": "922.xyz", "model": "3.xyz", "model_rescale": 3.9243930471874484, "target_rescale": 3.9057324642574462},
{"mapping": [10, 6, 5, 8, 9, 1, 9, 7, 4, 3, 0, 2, 12], "R": [[-0.3118189524725189, -0.399886884581322, -0.861892928627904], [0.3173005906067639, 0.8112169992427517, -0.4911693346903735], [0.8955943702812896, -0.42663504272320374, -0.12606849027822276]], "T": [-0.0916121567404111, -0.08582796161070388, -0.054178230886652676], "aligned_model": [[-0.7708639939437991, -0.09055829137869573, 0.48523891121686835, -0.45674814535427777, -0.19732211773332808, 0.5197938159620014, -0.19732211773332808, 0.2082603822044514, -0.23313384857749167, -0.04920238265201508, 0.6738542604195322, 0.4049493059272483, 0.01593105362838837], [-0.23887646500456866, -0.8078409083163487, -0.5248145641219766, 0.420041326019506, 0.1885970778908, 0.21333679720489573, 0.1885970778908, 0.5936309373697497, 0.2065467580065301, -0.4448823985269602, -0.2610697283479776, 0.13081893977774328, -0.13473800307845293], [0.05682094381132605, -0.03959368790644218, -0.2736245978810483, -0.13848921811670178, -0.6954298925752198, -0.27061178560750787, -0.6954298925752198, 0.24803166950578653, 0.44266772462510395, 0.5134789656300437, 0.27243138432960246, 0.6926184778806777, -0.06918745244472586]], "inverted": false, "swapped": false, "error_lsq": 0.055227125026758514, "error_max": 0.3614169469363943, "target": "922.xyz", "model": "4.xyz", "model_rescale": 3.8936222436046832, "target_rescale": 3.9057324642574462},
{"mapping": [6, 4, 3, 7, 0, 1, 2, 9, 11, 5, 8, 12], "R": [[0.6685789809181841, 0.5770122054728385, 0.4691045310053755], [-0.5036765491623426, -0.11272456495029151, 0.8565063375601384], [0.5470942150108303, -0.8089190856891303, 0.21526224171820027]], "T": [-0.04713235416349992, -0.019552367466867608, -0.025146197598938904], "aligned_model": [[-0.0499518936858086, -0.5991645326814122, -0.23964248359951373, 0.4344729964344576, -0.5838540157883462, -0.675350592652454, -0.2572721876123536, -0.1429332993420825, 0.6881199199312001, 0.3990746331208363, 0.10492885733454033, -0.050879359243966304], [-0.6132195238493812, -0.42556340803067794, 0.11076053429262622, -0.14546774783877933, 0.5265286585762193, -0.03964980798825978, -0.4458979560961408, 0.36838835437288003, 0.3129595905280721, -0.563413307670809, 0.6045867874693711, -0.02108926865531376], [-0.5042938934382905, -0.2893673683844885, -0.6277168183992089, -0.49195340147930655, -0.09391191889141817, 0.3574273724287728, 0.6751324287637679, 0.4663829764787187, 0.13224273545807835, 0.15627729307208219, -0.2548550623579451, 0.0939203760247563]], "inverted": false, "swapped": true, "error_lsq": 0.04030282037022329, "error_max": 0.19534417777500276, "target": "922.xyz", "model": "5.xyz", "model_rescale": 3.6523030999806103, "target_rescale": 3.9057324642574462},
{"mapping": [11, 3, 0, 10, 4, 1, 2, 6, 9, 7, 5, 8, 12], "R": [[-0.5914791224175763, -0.3595151419584164, 0.7217349308761173], [-0.5781022705392068, 0.8130619058232244, -0.0687611961539375], [-0.5620944872008155, -0.4579074142244546, -0.6887456623868685]], "T": [0.030909089787599556, 0.03365293963709773, 0.04489132267949985], "aligned_model": [[-0.750049546571779, 0.040986541905697324, 0.6378829113680441, -0.5217118252835066, -0.3756583584621205, 0.5984433936479646, 0.041068167042597595, 0.1945775368459744, -0.36903188217582544, -0.13228756261311764, 0.5381861337390673, 0.3444892480779634, 0.0659820744645947], [-0.36404596437066095, -0.5468910665566136, -0.687877723459952, 0.5832736345701991, 0.004646091555043353, 0.07856916416312999, 0.24768671305002501, 0.6609621935269218, 0.15269506077613648, -0.5852190568164585, -0.27461212463494145, 0.3259307856579542, -0.06577086069704384], [0.12556469615369054, -0.3365635301921648, -0.268381741316528, 0.010246588675307582, -0.3588327349576111, -0.35293051270601594, -0.683324284951282, -0.0032771472339374955, 0.6352632965403117, 0.2840196655165063, 0.3788766229787203, 0.5644529145225552, 0.04856880564612199]], "inverted": false, "swapped": false, "error_lsq": 0.0521510840982733, "error_max": 0.3183649925145496, "target": "922.xyz", "model": "6.xyz", "model_rescale": 4.08911054899281, "target_rescale": 3.9057324642574462},
{"mapping": [9, 8, 4, 11, 10, 7, 12, 13, 1, 3, 6, 2, 14], "R": [[0.37523560705312603, 0.5247194851296231, -0.7641123615835405], [0.8515286859821127, 0.13053100035416593, 0.5077997192753432], [0.3661927581876089, -0.8412081311256117, -0.3978338145244913]], "T": [0.0623044365908131, -0.04168313386579645, -0.03758005271015564], "aligned_model": [[-0.5843165824233598, -0.30018040844586186, 0.33206603625368064, -0.433024588061029, -0.23625046276331707, 0.7783128395092037, 0.04653372302725424, 0.09200200512979857, -0.26495808488673145, 0.1098236332541422, 0.4218709908620075, 0.43987201850087043, -0.08887428797110357], [-0.3176094192926248, -0.579712144698167, -0.6405624254830186, 0.22761332437014317, -0.10952247734867804, 0.25244146564549985, 0.45348401746805866, 0.6883422865110462, 0.2516573828146539, -0.734435677084408, -0.2231768646872939, 0.31496011347301556, -0.05413273492448701], [0.30926753728783696, -0.24800460903964505, -0.29335683649171773, -0.20085784628965694, -0.689912555387617, -0.04814657768414125, -0.549988771258941, 0.0079771901619679, 0.5496138183113336, 0.3422715973828654, 0.257233252918185, 0.5791758621455297, 0.028410576619674992]], "inverted": false, "swapped": false, "error_lsq": 0.042223124185236, "error_max": 0.2630922835538473, "target": "922.xyz", "model": "7.xyz", "model_rescale": 3.964800864290218, "target_rescale": 3.9057324642574462},
{"mapping": [11, 12, 7, 6, 2, 1, 0, 3, 10, 9, 8, 5, 13], "R": [[-0.2913686625449378, 0.9426776765212659, 0.1626748311056193], [0.850539204533852, 0.1774577415474362, 0.49506748177981297], [0.43782115531081445, 0.2826084714819267, -0.8534899459331391]], "T": [-0.02718044044014389, -0.00149525454756666, -0.08130805330887474], "aligned_model": [[-0.7541540302150836, -0.156340880099819, 0.3996875083838284, -0.5308631685872992, -0.01972474309053412, 0.6690188473149951, 0.09180013879846936, -0.07639337340677446, -0.12684872788272844, -0.10687102775189193, 0.47473706012552463, 0.4395041116097001, 0.009325116787168148], [-0.2822289306151545, -0.745440267373843, -0.5005504702825514, 0.2800658868378245, -0.07298970209696704, 0.04538466258395446, 0.5458672226816399, 0.7144094002066794, 0.10737698857276079, -0.4649787755178499, -0.3691482174748585, 0.2991201512887206, -0.027541102046615463], [0.20123632795714197, -0.1045101223200725, -0.3562276977074427, -0.14074588811578084, -0.7396709352370169, -0.3574035372838462, -0.5278473156456748, 0.023674365373647963, 0.7269908271576532, 0.4213739166000447, 0.3703197833929566, 0.5439172097925945, -0.01742429528853026]], "inverted": true, "swapped": false, "error_lsq": 0.04822503765921061, "error_max": 0.2995670593756181, "target": "922.xyz", "model": "8.xyz", "model_rescale": 4.121658175737393, "target_rescale": 3.9057324642574462},
{"mapping": [8, 8, 2, 7, 11, 0, 10, 5, 9, 6, 1, 4, 12], "R": [[0.6249510755892517, -0.14478000436717622, 0.7671211791205339], [0.7324926290315019, -0.23108781378912754, -0.6403537856003354], [0.26998278007005627, 0.9621003963483241, -0.038368291752978734]], "T": [0.01960926150206902, -0.0026579993142625963, -0.07460621390527616], "aligned_model": [[-0.40595482057987226, -0.40595482057987226, 0.3571304644687096, -0.6151260253920683, -0.35879059373643196, 0.7772533490313404, 0.16795851978522042, 0.10510661302185301, -0.2889428213196995, -0.16973664293641583, 0.5466888166943531, 0.5172282104739251, 0.08601658305451323], [-0.5931124608687562, -0.5931124608687562, -0.5749549732975471, 0.2237547291295578, -0.03013601010772919, 0.20412670582193915, 0.4730554532918284, 0.6075302273252025, 0.2538157645321778, -0.3936024134300964, -0.29886039137624476, 0.2879091850681, -0.03706650845593558], [-0.1031032067193838, -0.1031032067193838, -0.2768487959111769, -0.04205928957674108, -0.5836156274054782, -0.11976997676832965, -0.6474674878379765, -0.02901633312605087, 0.6549187258190188, 0.4652943729049002, 0.2561247963562271, 0.6007263047127573, -0.028397637052707883]], "inverted": true, "swapped": false, "error_lsq": 0.05448913753815591, "error_max": 0.4899825593271719, "target": "922.xyz", "model": "9.xyz", "model_rescale": 3.833441315466971, "target_rescale": 3.9057324642574462},
{"mapping": [4, 9, 8, 5, 2, 10, 13, 0, 6, 7, 11, 12, 14], "R": [[0.9230180490838887, -0.04454916607134915, 0.3821688800356718], [0.03823709101585443, -0.9777361950235989, -0.20632464179399537], [0.3828519373544002, 0.20505439459597688, -0.900764724731636]], "T": [0.003161415827577476, 0.002236492510081789, 0.10481492843058476], "aligned_model": [[-0.7599213612543596, -0.03854259332785598, 0.4977760089317267, -0.4740769854588438, -0.31694711486447014, 0.7743149403652334, -0.06109025792295414, 0.17852771292523886, -0.3150443562064727, 0.03893565326942586, 0.5264960888347021, 0.29330350073693634, -0.030854404042752453], [-0.029499813796849156, -0.655727835929641, -0.39989266941281004, 0.3696212462604595, -0.17648301481421497, 0.1544599496722383, 0.3532034825794384, 0.6217172755267313, 0.13624423320089873, -0.6299798631795295, -0.36188215837365656, 0.22496040464812378, -0.07739438961744899], [0.3341837630030923, -0.36768252622281616, -0.3437471116445309, -0.2029303436961628, -0.5134407801622061, -0.1358184113264454, -0.6081930909608988, -0.11725078936259423, 0.6896367646542951, 0.3120265601403356, 0.34745768878148175, 0.5835963888456148, 0.06584452662650925]], "inverted": false, "swapped": false, "error_lsq": 0.04904451525686097, "error_max": 0.32769659022751585, "target": "922.xyz", "model": "10.xyz", "model_rescale": 4.2482417240324, "target_rescale": 3.9057324642574462},
{"mapping": [11, 8, 3, 0, 5, 6, 7, 1, 9, 2, 10, 12], "R": [[0.827451830725817, 0.366409181182737, 0.4255205985301894], [-0.47865649280070466, 0.06400249263587954, 0.8756663992846383], [0.29361782937727643, -0.9282499625000751, 0.228343113297481]], "T": [0.045131997019492484, 0.08011593089083248, 0.024284720177472498], "aligned_model": [[-0.6717270328703095, 0.013876555015797945, 0.39233471801482916, 0.6308331762317922, -0.48100985381394873, 0.11105677605825533, -0.31532421769472474, 0.5541731259391104, 0.051974877835616676, 0.03425249897994455, -0.4627599339507619, 0.019084912617405116], [-0.3212259638984217, -0.5821301892710754, -0.0989244962871453, -0.39723811771327855, 0.5809420207300092, 0.6046144859602011, 0.08408781228565458, 0.22798371373485726, -0.2278287205151006, 0.6140610379367452, 0.08478268398063467, 0.09700712310755874], [-0.006847253295251328, 0.18519349244082345, 0.538607334225732, -0.1174565738658202, 0.036444542795375325, 0.5743632109743884, 0.6037352390015354, -0.48604541476897256, -0.5292493983560947, -0.6323001747676744, -0.5105179229429739, -0.09073479158671066]], "inverted": true, "swapped": true, "error_lsq": 0.045517805299278354, "error_max": 0.31697652969915363, "target": "922.xyz", "model": "11.xyz", "model_rescale": 3.6694154284099745, "target_rescale": 3.9057324642574462},
{"mapping": [11, 9, 10, 6, 7, 12, 5, 0, 4, 8, 2, 1, 13], "R": [[0.6826312195002983, -0.5880452869467027, 0.43384024555509654], [0.1302336144129433, 0.6820735873184045, 0.7195935152289411], [-0.7190645477566511, -0.43471641558879937, 0.5421879878576708]], "T": [0.015725391066243287, -0.022856979898611355, -0.004143391042922787], "aligned_model": [[-0.6516567432164049, -0.27392199689917995, 0.362351140372829, -0.4363558155633648, -0.12050921358557473, 0.6290120308178776, 0.005144660131340576, 0.057992650302805614, -0.2866264551846406, -0.04326958373996049, 0.5003192611183372, 0.5341878359236579, 0.03620906150783199], [-0.2877133875895845, -0.7388446998320086, -0.4553854758025639, 0.28404461660133734, -0.22369577020675555, 0.1432690230709175, 0.4868765958201682, 0.6776655919615985, 0.2538163247827473, -0.6509037460954444, -0.30721419648308335, 0.2656692188707013, 0.08176275166571023], [0.16755640235370628, -0.2235795832252333, -0.3144633508540103, -0.15005030017258159, -0.7064746741796407, -0.24507937612196062, -0.6243292683365878, 0.1308361242045583, 0.6120659023758558, 0.41379763796524477, 0.32845746264898096, 0.5995310410790329, 0.05541462093830925]], "inverted": true, "swapped": false, "error_lsq": 0.03880807692835045, "error_max": 0.2540342679714692, "target": "922.xyz", "model": "12.xyz", "model_rescale": 3.9764082729961374, "target_rescale": 3.9057324642574462},
{"mapping": [7, 0, 5, 8, 1, 13, 10, 11, 3, 4, 6, 14, 15], "R": [[-0.8995229510195077, 0.04190353761791976, -0.4348592348384242], [0.4346143780550309, 0.1869302934593426, -0.8810036366412131], [0.04437119535233268, -0.9814790669812106, -0.18635996914760816]], "T": [0.06243947085556352, -0.10162148011776287, -0.12189784868879402], "aligned_model": [[-0.5426813055221276, -0.33831640640736116, 0.4491348735245484, -0.44964449437594495, -0.2009434737760033, 0.5933805191141743, -0.02782929424239182, 0.07151190833894618, -0.33319315662137255, 0.01656252065798404, 0.6508063234693283, 0.38393812010472833, 0.040150697721046576], [-0.38053925430154156, -0.6999632172076089, -0.8399913924051032, 0.38556754287124095, 0.04442071799057204, 0.2025044502880375, 0.5613172253989341, 0.6695090875205126, 0.2874197502574197, -0.6553945911079452, -0.2512792351412233, 0.3232503242859638, -0.11747456168551837], [0.2345673251549029, -0.214038100467212, -0.21190031542262808, -0.11354889184713343, -0.6810254540794476, -0.11243381594620819, -0.567443269194719, 0.06736397334986091, 0.5110043494883583, 0.3331783743376917, 0.3418755968705025, 0.4738626803232857, -0.017779813891579233]], "inverted": true, "swapped": false, "error_lsq": 0.03869544102846629, "error_max": 0.22454602476712773, "target": "922.xyz", "model": "13.xyz", "model_rescale": 4.170626492500431, "target_rescale": 3.9057324642574462},
{"mapping": [9, 7, 8, 3, 0, 4, 2, 6, 11, 10, 12, 5, 13], "R": [[0.4139984129257154, 0.885673939957184, -0.2102070079129324], [-0.8434564480107081, 0.2863957044280374, -0.45448731642844364], [-0.34232518809481277, 0.3654574839374437, 0.8655947625938853]], "T": [-0.03176568288351919, -0.03693033412781285, -0.09739713736292038], "aligned_model": [[-0.655950736260257, -0.17983069854951603, 0.4471661889299453, -0.5317749763576929, -0.16673058556061499, 0.6410260490101639, 0.055572006124809364, 0.09303927385973834, -0.24402916347455414, -0.052294678223054045, 0.5020328309186304, 0.4298047637518093, -0.02515344218385273], [-0.3173622662376112, -0.779943829161645, -0.5938909910169233, 0.43701312910446266, -0.17961429130954906, 0.04195056055097221, 0.4058879941446234, 0.7332393855661293, 0.17637211206746461, -0.49892427050264443, -0.25672142689808736, 0.3437390652801168, 0.017601675176431325], [0.3362587043573581, -0.38625263795490444, -0.20682922426537081, -0.06838154623094554, -0.6606769700714996, -0.30761659541377184, -0.5761624488267252, 0.216850523995053, 0.5422167558458153, 0.2258186853903396, 0.3525552416591688, 0.5876308617024437, -0.011728711511286405]], "inverted": false, "swapped": false, "error_lsq": 0.04018831155348917, "error_max": 0.21239239590207679, "target": "922.xyz", "model": "14.xyz", "model_rescale": 3.9786697098870705, "target_rescale": 3.9057324642574462},
{"mapping": [7, 6, 8, 11, 3, 0, 2, 1, 9, 10, 4, 12], "R": [[-0.23812610419246105, -0.1482061715700137, 0.9598598278971162], [-0.945779484998154, -0.18939495731737077, -0.2638763269021659], [0.22090071131336053, -0.9706515754127799, -0.0950704732813526]], "T": [0.004338102275470303, -0.03144380534131799, -0.07164945433483422], "aligned_model": [[-0.10899313912397735, -0.6594559484672208, 0.5889250975240201, 0.5051578860083978, -0.028535463803975085, 0.40408675094523644, -0.3102079524008612, -0.0689892979535667, 0.45304562567694645, 0.23311518811967055, -0.5502530610082141, 0.025458911250880182], [-0.2858966031574154, 0.011428627606625705, 0.10325822900630688, -0.6436490483389439, 0.4242595617456234, 0.6103585958043004, -0.26026633391296694, 0.34567970089109945, -0.05008013986786175, -0.6088816221978116, 0.44721261332259743, -0.07874909067711439], [-0.6946399564613213, -0.44524090162761104, -0.3965369213823162, -0.2959610003769511, -0.5281434030690075, 0.0672535667154533, 0.6800289975258165, 0.5559057641057763, 0.37510663035394437, 0.3261148878004967, -0.019553458810116317, 0.035632289099666606]], "inverted": false, "swapped": true, "error_lsq": 0.054947060458083834, "error_max": 0.3119518195292824, "target": "922.xyz", "model": "15.xyz", "model_rescale": 3.769337070930944, "target_rescale": 3.9057324642574462},
{"mapping": [5, 2, 7, 6, 11, 10, 8, 1, 3, 4, 12], "R": [[-0.3246583799858056, -0.2343426266584185, 0.9163408043058135], [-0.32743017903828353, 0.936762052772125, 0.12355700846618094], [-0.8873479667863952, -0.25992381540941456, -0.3808584986882435]], "T": [0.07488431257107715, 0.06030238232269125, 0.044399920743152826], "aligned_model": [[-0.3826953238774862, -0.21051867624022907, -0.10814889577541907, -0.604272903536619, 0.48898131912609205, 0.2657293522395981, 0.6470315733371254, 0.08658956585872261, 0.06091971210690217, -0.41899366798839865, 0.09800407544088258], [-0.025299246460282337, -0.7273372501816138, 0.647246890320722, 0.39735737679586, 0.25102591938223606, -0.3791516562786375, 0.43020174923451227, -0.5297281157620374, 0.5572739131988679, 0.02423523395404715, -0.049760316578332464], [-0.5133573008196337, -0.07596788380627596, -0.25174590736646163, 0.1290790994597267, -0.6397635002269799, -0.5163568696826187, 0.07990245124151299, 0.4838900766565505, 0.45665862930434065, 0.5867844885520782, 0.005094323911537718]], "inverted": false, "swapped": true, "error_lsq": 0.047037781227064375, "error_max": 0.26606446761427405, "target": "922.xyz", "model": "16.xyz", "model_rescale": 3.7852294659196426, "target_rescale": 3.9057324642574462},
{"mapping": [7, 5, 4, 2, 1, 0, 3, 8, 11, 10, 10, 9, 12], "R": [[0.041968761970874624, -0.16322904593751242, 0.9856951362266945], [-0.8629751538192422, 0.4912512017300581, 0.11809377921562694], [-0.503500255123359, -0.8555866615142521, -0.12024540627237802]], "T": [-0.0301476041079476, -0.0072886221371509415, -0.04994874815762283], "aligned_model": [[-0.6621582027013965, -0.1703504036735508, 0.37592962933449725, -0.5343343621366408, -0.34322823095996763, 0.6144879233760034, 0.08695964622694626, 0.10164909974317814, -0.37320596122112454, 0.34765353408381877, 0.34765353408381877, 0.5183134592825949, 0.0035071665473776943], [-0.26188842048111355, -0.6131284601519761, -0.48898772422613307, 0.31129670950346533, -0.15149865440033125, 0.1277278960950983, 0.46032141487716477, 0.586055354133504, 0.22496701194709867, -0.46933082969466616, -0.46933082969466616, 0.28452734141984204, -0.011383962563546969], [0.11488010588554946, -0.2632801247259108, -0.3737603301246565, -0.18554417773481596, -0.646135079711499, -0.22872998947966522, -0.6825008142873819, 0.18409925104291824, 0.5552787780539703, 0.49138144100193604, 0.49138144100193604, 0.5511300244418266, 0.03548211331146682]], "inverted": true, "swapped": false, "error_lsq": 0.047553280865058424, "error_max": 0.3532234282063995, "target": "922.xyz", "model": "17.xyz", "model_rescale": 3.901054581598922, "target_rescale": 3.9057324642574462},
{"mapping": [8, 2, 13, 1, 0, 12, 7, 6, 4, 5, 9, 10, 14], "R": [[-0.49277171016580923, -0.6174264409565481, -0.6131562864947193], [-0.7245160625064896, 0.681387218086296, -0.10386498061768168], [0.4819258416295565, 0.39305985426694134, -0.783103718630741]], "T": [0.04358332888340134, -0.02127227823908595, 0.004470759632806529], "aligned_model": [[-0.49630474924204593, -0.23850239654719513, 0.43284963567157697, -0.4703011068985109, -0.37810982443514213, 0.6433602288278375, 0.10187749393265773, 0.10353857361274149, -0.43284150995985815, 0.10496977287359564, 0.5836169170108859, 0.26090976319889425, 0.09781403394011694], [-0.30552970498451115, -0.7440814456449651, -0.607385074052954, 0.40868205451016065, -0.037607213661796576, 0.06527929643978242, 0.4239015079602658, 0.7270999383055858, 0.2652406860180947, -0.5649689118580402, -0.2522551267127164, 0.17006505790927354, -0.01909421746443947], [0.26550108464879574, -0.2813834917094156, -0.17565622691647145, -0.1872258961729018, -0.625935912943305, -0.42535664676522794, -0.4834832486501342, 0.012845686713130655, 0.5670573433295261, 0.3056546271975811, 0.3031348999969558, 0.7716819384305508, -0.003151518483410288]], "inverted": true, "swapped": false, "error_lsq": 0.03871850033048074, "error_max": 0.2353950708907559, "target": "922.xyz", "model": "18.xyz", "model_rescale": 3.9405287249114394, "target_rescale": 3.9057324642574462},
{"mapping": [9, 5, 2, 7, 8, 1, 0, 12, 13, 11, 10, 14, 15], "R": [[-0.36911252959740004, 0.9158732238631972, -0.15789926632078594], [0.8698063482669893, 0.2805772359350702, -0.4058489019197672], [-0.32740320250213406, -0.287145699054452, -0.9001969176274027]], "T": [0.053876279902687216, 0.12271085309445885, -0.010328318345488136], "aligned_model": [[-0.5833310534313543, -0.15395670593776395, 0.4965133166665531, -0.6363268128681411, -0.32448108839417816, 0.5750509602851033, 0.04377127268454768, 0.2799316637884356, -0.2717173986721591, -0.0784631481997382, 0.545285702600748, 0.34471716534547125, 0.07588295811803034], [-0.28147636391162023, -0.6283391457576036, -0.5844838383332805, 0.23051225286116747, -0.10390344264335889, 0.20332860015994642, 0.37888704723191435, 0.5975648007915577, 0.2262064146142031, -0.383831749790133, -0.3710337717999306, 0.15641547380767062, 0.0895005695332077], [0.12970508806432396, -0.30014203779270027, -0.2537896194066121, -0.09764439864725434, -0.6249532595565327, -0.4070614217863406, -0.648251436238484, 0.14313748886296002, 0.5681241607656136, 0.48476164230029367, 0.35386539606757444, 0.7066197550696104, -0.010688719026777071]], "inverted": true, "swapped": false, "error_lsq": 0.03873698275808392, "error_max": 0.21502962290637617, "target": "922.xyz", "model": "19.xyz", "model_rescale": 4.410303926677745, "target_rescale": 3.9057324642574462},
{"mapping": [11, 12, 7, 6, 2, 1, 0, 3, 10, 9, 8, 5, 13], "R": [[-0.2913686625449378, 0.9426776765212659, 0.1626748311056193], [0.850539204533852, 0.1774577415474362, 0.49506748177981297], [0.43782115531081445, 0.2826084714819267, -0.8534899459331391]], "T": [-0.02718044044014389, -0.00149525454756666, -0.08130805330887474], "aligned_model": [[-0.7541540302150836, -0.156340880099819, 0.3996875083838284, -0.5308631685872992, -0.01972474309053412, 0.6690188473149951, 0.09180013879846936, -0.07639337340677446, -0.12684872788272844, -0.10687102775189193, 0.47473706012552463, 0.4395041116097001, 0.009325116787168148], [-0.2822289306151545, -0.745440267373843, -0.5005504702825514, 0.2800658868378245, -0.07298970209696704, 0.04538466258395446, 0.5458672226816399, 0.7144094002066794, 0.10737698857276079, -0.4649787755178499, -0.3691482174748585, 0.2991201512887206, -0.027541102046615463], [0.20123632795714197, -0.1045101223200725, -0.3562276977074427, -0.14074588811578084, -0.7396709352370169, -0.3574035372838462, -0.5278473156456748, 0.023674365373647963, 0.7269908271576532, 0.4213739166000447, 0.3703197833929566, 0.5439172097925945, -0.01742429528853026]], "inverted": true, "swapped": false, "error_lsq": 0.04822503765921061, "error_max": 0.2995670593756181, "target": "922.xyz", "model": "20.xyz", "model_rescale": 4.121658175737393, "target_rescale": 3.9057324642574462},
{"mapping": [11, 3, 0, 10, 4, 1, 2, 6, 9, 7, 5, 8, 12], "R": [[-0.5914791224175763, -0.3595151419584164, 0.7217349308761173], [-0.5781022705392068, 0.8130619058232244, -0.0687611961539375], [-0.5620944872008155, -0.4579074142244546, -0.6887456623868685]], "T": [0.030909089787599556, 0.03365293963709773, 0.04489132267949985], "aligned_model": [[-0.750049546571779, 0.040986541905697324, 0.6378829113680441, -0.5217118252835066, -0.3756583584621205, 0.5984433936479646, 0.041068167042597595, 0.1945775368459744, -0.36903188217582544, -0.13228756261311764, 0.5381861337390673, 0.3444892480779634, 0.0659820744645947], [-0.36404596437066095, -0.5468910665566136, -0.687877723459952, 0.5832736345701991, 0.004646091555043353, 0.07856916416312999, 0.24768671305002501, 0.6609621935269218, 0.15269506077613648, -0.5852190568164585, -0.27461212463494145, 0.3259307856579542, -0.06577086069704384], [0.12556469615369054, -0.3365635301921648, -0.268381741316528, 0.010246588675307582, -0.3588327349576111, -0.35293051270601594, -0.683324284951282, -0.0032771472339374955, 0.6352632965403117, 0.2840196655165063, 0.3788766229787203, 0.5644529145225552, 0.04856880564612199]], "inverted": false, "swapped": false, "error_lsq": 0.0521510840982733, "error_max": 0.3183649925145496, "target": "922.xyz", "model": "21.xyz", "model_rescale": 4.08911054899281, "target_rescale": 3.9057324642574462},
{"mapping": [0, 6, 10, 1, 8, 9, 11, 15, 4, 7, 12, 3, 16], "R": [[0.6535479563672328, 0.6663110257270776, 0.35903298695627334], [-0.2930632861696405, -0.21458528506369012, 0.9317011676141587], [0.6978459565173858, -0.7141307810399049, 0.055029524290786475]], "T": [0.059002228063990775, 0.021038660589415337, 0.009254838263393296], "aligned_model": [[-0.5916297101229889, -0.30922559843298525, 0.47170860848741136, -0.5997606418573523, -0.2993637018236571, 0.7284014997520994, -0.00580529482903723, 0.156636279330757, -0.29190023386312314, 0.06984848268935351, 0.6569541466313735, 0.29060338486634496, 0.03640961115735921], [-0.3102095675062657, -0.5696884939287739, -0.6227579393880505, 0.3954814250685167, -0.04861869261102242, 0.007960395530217212, 0.43614572242045346, 0.7373449317179852, 0.10971850149912456, -0.650768738083197, -0.2524113072130571, 0.2965733231664996, 0.0005772860913097894], [0.26816040130482394, -0.2572293550005322, -0.24830057447373116, -0.22701297293458442, -0.5802226689418808, -0.2342224411878722, -0.6305725935124877, -0.08497857337651095, 0.605321557597293, 0.24239292150758002, 0.3448857728098055, 0.7996473845217834, 0.045813780361988646]], "inverted": false, "swapped": false, "error_lsq": 0.03712351695049282, "error_max": 0.22390627570211327, "target": "922.xyz", "model": "22.xyz", "model_rescale": 4.204369325754507, "target_rescale": 3.9057324642574462},
{"mapping": [9, 5, 2, 7, 8, 1, 0, 12, 13, 11, 10, 14, 15], "R": [[-0.36911252959740004, 0.9158732238631972, -0.15789926632078594], [0.8698063482669893, 0.2805772359350702, -0.4058489019197672], [-0.32740320250213406, -0.287145699054452, -0.9001969176274027]], "T": [0.053876279902687216, 0.12271085309445885, -0.010328318345488136], "aligned_model": [[-0.5833310534313543, -0.15395670593776395, 0.4965133166665531, -0.6363268128681411, -0.32448108839417816, 0.5750509602851033, 0.04377127268454768, 0.2799316637884356, -0.2717173986721591, -0.0784631481997382, 0.545285702600748, 0.34471716534547125, 0.07588295811803034], [-0.28147636391162023, -0.6283391457576036, -0.5844838383332805, 0.23051225286116747, -0.10390344264335889, 0.20332860015994642, 0.37888704723191435, 0.5975648007915577, 0.2262064146142031, -0.383831749790133, -0.3710337717999306, 0.15641547380767062, 0.0895005695332077], [0.12970508806432396, -0.30014203779270027, -0.2537896194066121, -0.09764439864725434, -0.6249532595565327, -0.4070614217863406, -0.648251436238484, 0.14313748886296002, 0.5681241607656136, 0.48476164230029367, 0.35386539606757444, 0.7066197550696104, -0.010688719026777071]], "inverted": true, "swapped": false, "error_lsq": 0.03873698275808392, "error_max": 0.21502962290637617, "target": "922.xyz", "model": "23.xyz", "model_rescale": 4.410303926677745, "target_rescale": 3.9057324642574462},
{"mapping": [11, 7, 0, 14, 13, 5, 6, 15, 9, 10, 4, 8, 16], "R": [[0.8265702118610169, 0.5193672774514713, 0.21688549047061775], [0.33144628115288277, -0.1377247168630461, -0.9333677008954822], [-0.4548901489084569, 0.8433798275259141, -0.28598150105977416]], "T": [0.024029785062345963, -0.14400313589724323, -0.01683472180832997], "aligned_model": [[-0.5618009207749874, -0.25950155239261885, 0.4387229906967801, -0.46511536884703, -0.30442930768165183, 0.5539237303034823, 0.051064535568265235, 0.07294293552418277, -0.2282138325270416, -0.009283984830678289, 0.6155280924746092, 0.32787130583533436, 0.08116820863690913], [-0.2764467308662392, -0.6156076584689867, -0.6499808875703638, 0.31320889207842123, -0.014293414021015721, 0.13135306473839753, 0.388161113975091, 0.5622643315365213, 0.20240562944148288, -0.30301100026078365, -0.1360973475942658, 0.17130546267460678, -0.24391460889912558], [0.18312168559234082, -0.38983613152842017, -0.39419644628316136, -0.1160525120275681, -0.6246806202675683, -0.21430219506967735, -0.5590232712841521, 0.07320948395385789, 0.44010521769171235, 0.6135545532286709, 0.33523291917971487, 0.6788429946491311, 0.01770696084079413]], "inverted": true, "swapped": false, "error_lsq": 0.04094673984196165, "error_max": 0.293967253743039, "target": "922.xyz", "model": "24.xyz", "model_rescale": 4.28219845311461, "target_rescale": 3.9057324642574462},
{"mapping": [5, 8, 6, 9, 11, 2, 12, 13, 3, 1, 0, 4, 15], "R": [[0.21778911467806644, 0.8698639802480529, -0.44261106786292526], [0.9581935428539131, -0.10434455044014129, 0.2664157450799616], [0.18556140752001815, -0.48212951647919233, -0.8562231562967275]], "T": [0.025169919801718017, 0.050391064428128574, -0.049243445700279144], "aligned_model": [[-0.6945651089404056, -0.13351626954810267, 0.5432337260264677, -0.5541282532816891, -0.289130579744237, 0.6973421676856101, -0.12918483853933574, 0.25150630567693205, -0.3129143588947494, -0.1377831133187453, 0.6230329339426408, 0.36776810466938914, 0.08121611625177935], [-0.4035078985592406, -0.6213056209675836, -0.6537082077383232, 0.3968946481666028, 0.01696094644841961, 0.11231382024992016, 0.498819680399373, 0.5843267743729045, 0.08721974447743208, -0.3741708475716995, -0.34886989343340624, 0.21501815282303557, 0.019355548096305197], [-0.014059632451757044, -0.123998466045875, -0.26844938215187125, -0.014278077155237635, -0.49261089426368054, -0.1638299452282319, -0.6488318755324545, -0.17808813907846519, 0.6467364488972155, 0.4013904308808792, 0.33637900681724053, 0.5753948324397212, -0.012071668451808945]], "inverted": false, "swapped": false, "error_lsq": 0.04321279127418683, "error_max": 0.24563297506600532, "target": "922.xyz", "model": "25.xyz", "model_rescale": 4.100010024507729, "target_rescale": 3.9057324642574462},
{"mapping": [11, 8, 3, 0, 5, 6, 7, 1, 9, 2, 10, 12], "R": [[0.827451830725817, 0.366409181182737, 0.4255205985301894], [-0.47865649280070466, 0.06400249263587954, 0.8756663992846383], [0.29361782937727643, -0.9282499625000751, 0.228343113297481]], "T": [0.045131997019492484, 0.08011593089083248, 0.024284720177472498], "aligned_model": [[-0.6717270328703095, 0.013876555015797945, 0.39233471801482916, 0.6308331762317922, -0.48100985381394873, 0.11105677605825533, -0.31532421769472474, 0.5541731259391104, 0.051974877835616676, 0.03425249897994455, -0.4627599339507619, 0.019084912617405116], [-0.3212259638984217, -0.5821301892710754, -0.0989244962871453, -0.39723811771327855, 0.5809420207300092, 0.6046144859602011, 0.08408781228565458, 0.22798371373485726, -0.2278287205151006, 0.6140610379367452, 0.08478268398063467, 0.09700712310755874], [-0.006847253295251328, 0.18519349244082345, 0.538607334225732, -0.1174565738658202, 0.036444542795375325, 0.5743632109743884, 0.6037352390015354, -0.48604541476897256, -0.5292493983560947, -0.6323001747676744, -0.5105179229429739, -0.09073479158671066]], "inverted": true, "swapped": true, "error_lsq": 0.045517805299278354, "error_max": 0.31697652969915363, "target": "922.xyz", "model": "26.xyz", "model_rescale": 3.6694154284099745, "target_rescale": 3.9057324642574462},
{"mapping": [12, 6, 1, 9, 3, 5, 7, 8, 10, 2, 0, 4, 13], "R": [[0.6677850810786417, -0.12861067544016086, 0.7331591775676123], [0.015653257695372364, -0.9823159695849062, -0.186575216526708], [0.7441895329902957, 0.1360684756337459, -0.6539627733490603]], "T": [-0.009209269886673057, 0.02376324420696589, 0.04319939593176623], "aligned_model": [[-0.6725866351415727, -0.09626114088648446, 0.4889923184122709, -0.5686024099902717, -0.41433074036593187, 0.717841096041463, 0.05768224401442848, 0.1373153644493897, -0.20352394415227132, -0.06571704953534327, 0.5288567574105202, 0.4151013273309855, -0.011890355601627737], [-0.4076989418313361, -0.621472809399476, -0.5254087445724748, 0.3872072205376063, -0.09563477471693567, 0.10587223636859484, 0.2520244346877529, 0.6413459724570159, 0.3264857551903905, -0.4626612108582503, -0.2948190083416043, 0.24107840864013652, -0.01697169139768013], [-0.015992382584903035, -0.174246778295808, -0.43622938694655916, -0.09769533904566766, -0.6456053133780011, -0.2578560450273951, -0.5395105482143383, 0.11722167453731297, 0.5253732324280878, 0.5147158501059208, 0.25749741683451904, 0.7127255018343698, 0.08328475642813643]], "inverted": true, "swapped": false, "error_lsq": 0.03961252960543601, "error_max": 0.2358503123657566, "target": "922.xyz", "model": "27.xyz", "model_rescale": 4.103607728864725, "target_rescale": 3.9057324642574462},
{"mapping": [12, 13, 11, 2, 4, 7, 1, 0, 3, 10, 6, 9, 14], "R": [[-0.41958733658153896, 0.6747439628495148, 0.6071795875838906], [-0.3657646891347942, 0.4865213868735405, -0.7934186362172082], [-0.8307602898324753, -0.5549932654661496, 0.042659302909006463]], "T": [0.0994016970441108, -0.14137158860107268, 0.060956020985264016], "aligned_model": [[-0.7394506685732857, -0.20069434870078184, 0.4498527846859851, -0.50602000500428, -0.3689034570507648, 0.6197451543814734, 0.1034758654711201, 0.019986715319521356, -0.425857553639945, 0.09539776659159649, 0.6944093747325111, 0.5107753722223102, 0.06015983155009397], [-0.30704698932496893, -0.5909207377959906, -0.7019089921477729, 0.2010857841085001, -0.07267745766128297, 0.01453392498972142, 0.608496129781428, 0.5600713676531615, 0.24407607545419774, -0.34734503302879055, -0.26331460374337834, 0.18679069138018495, -0.0024933129012689736], [0.1395180182728228, -0.2964239710961422, -0.12624197006976473, -0.17885268777604743, -0.7120774104762218, -0.41340397184884375, -0.4294954426218092, 0.16755236604760967, 0.43386843752830256, 0.5271471674448097, 0.2408532900076977, 0.6880167384767009, 0.0032220747865599475]], "inverted": false, "swapped": false, "error_lsq": 0.048154252822514114, "error_max": 0.25666852560338566, "target": "922.xyz", "model": "28.xyz", "model_rescale": 4.137296879288765, "target_rescale": 3.9057324642574462},
