[{"mapping": [2, 6, 4, 15, 7, 1, 8, 0, 5, 13, 12, 16], "R": [[-0.34416389468593234, 0.8902959679359189, -0.2982017824756519], [-0.516020491782584, -0.4446938212844237, -0.7320998957600782], [-0.7843940754844281, -0.09808412098042457, 0.6124585206823617]], "T": [-0.09118220997435579, -0.08210091021347057, 0.03871030790233567], "aligned_model": [[-0.2813975309391443, 0.27590730987063344, 0.4452032460732247, -0.18799554175204491, -0.15767814430024957, -0.4881374233183675, 0.36507056954653955, -0.26451145677991433, 0.48766672320024074, 0.2938983593177221, -0.5597467152704553, -0.09063693318763585], [-0.3088317959936965, -0.6523803782646354, -0.37719441410755394, 0.7645813313484678, 0.36091894278558734, -0.6307213322515398, -0.2696087273513047, -0.5360896308405473, 0.01614710861026583, 0.47847618777852563, 0.26301151819480106, -0.05475377393131255], [-0.6941870838732136, 0.0446540614195085, -0.4340227572687652, 0.04606625398728583, -0.6294639744445887, -0.02778693742330072, 0.4793301036898644, 0.577003789090027, -0.004356755635020186, 0.4664841949386102, 0.41684906847225195, -0.058618217599096946]], "inverted": true, "swapped": true, "error_lsq": 0.04124629814043961, "error_max": 0.22367796104345525, "target": "923.xyz", "model": "0.xyz", "model_rescale": 3.751011558992144, "target_rescale": 4.2961365294013545},
{"mapping": [13, 8, 15, 9, 0, 11, 6, 5, 12, 2, 1, 4, 14, 7, 16], "R": [[-0.10747061093529872, -0.9704416736675554, 0.21608569086014962], [-0.3109294648560217, 0.23924915436283564, 0.9198275436303354], [-0.9443372997343387, 0.03166701984687725, -0.3274511630525624]], "T": [-0.03854850322566657, -0.07347874869643926, 0.020072735966327193], "aligned_model": [[-0.012991357710216596, 0.2924258779128723, -0.40554230224993587, 0.1934631228565592, -0.21163813414924404, -0.6306184749991349, 0.47434633219671346, 0.45857932905235316, -0.6876315597068501, 0.09497702454951977, -0.19127862122183892, 0.6840425791891174, 0.5327962098365499, -0.03513910680722408, -0.016704707660206278], [-0.0791705547515779, -0.5558209662422285, 0.44957660253532566, 0.4335142968631191, -0.7686374087494332, 0.2341537584982873, -0.4481242264699898, -0.005337888378104574, -0.1346881945905487, 0.3692223990115804, -0.3430003833875399, 0.08975053363983394, 0.5599523220132433, 0.7276489867872364, 0.01971807304790231], [-0.7829457331403897, -0.2885913677955997, -0.5438655588449044, -0.45308721798354595, 0.13278065567040728, 0.2400328810594234, 0.2579558359282522, -0.28781405188193815, -0.2178112602019024, 0.6610984585533282, 0.6258873049595376, 0.24252365956193478, 0.11783479250972337, 0.09306519090427112, 0.05260281555337833]], "inverted": false, "swapped": true, "error_lsq": 0.04094716703337571, "error_max": 0.3069409989034888, "target": "923.xyz", "model": "1.xyz", "model_rescale": 3.9405287249114394, "target_rescale": 4.2961365294013545},
{"mapping": [0, 12, 3, 9, 15, 1, 8, 13, 7, 2, 14, 6, 16], "R": [[-0.7895804590180456, -0.0966708359596139, -0.6059846930506757], [-0.5960007857960252, -0.11430533221110345, 0.794806488623885], [-0.14610188933539736, 0.9887310253567341, 0.03263736247996474]], "T": [-0.07985820156923006, 0.004727579671208064, 0.03317709706609631], "aligned_model": [[-0.41055172353526403, 0.15446154009067642, -0.44625383187068957, 0.5241680128064119, 0.6435594886163531, -0.7329369800185161, 0.03320143865507337, 0.6726550610359265, 0.11969184648687266, -0.5411191942506705, 0.013095937711886677, -0.4537001822513341, -0.08028813419279508], [0.6490805752982032, 0.3553140197600675, 0.38528246796725624, -0.38501062069396097, -0.16446256360322675, 0.11619597271838389, 0.411071278477975, 0.24098553629757158, -0.7305192658497286, -0.6267852351301579, -0.7857507132197157, 0.08885888105574322, -0.09542773950639352], [0.07005079636754113, -0.518028502329302, -0.48970091034676466, 0.16737155458231068, -0.38436247024984294, -0.12187966352429352, 0.5426610525942053, 0.18624634153943925, -0.22515800603707628, -0.08152779010099008, 0.3552496333726137, 0.5927955501871874, 0.01940276353361561]], "inverted": true, "swapped": true, "error_lsq": 0.040629860581291886, "error_max": 0.21960452398694696, "target": "923.xyz", "model": "2.xyz", "model_rescale": 3.932901565614263, "target_rescale": 4.2961365294013545},
{"mapping": [1, 6, 0, 2, 3, 12, 10, 11, 7, 15, 5, 14, 13, 16], "R": [[-0.45056275549204755, 0.892704161250963, 0.008513744688935926], [0.7684310909909364, 0.3926591550358156, -0.5053043106535295], [-0.45443026061420333, -0.22112907645032653, -0.8628992234243424]], "T": [0.10885687650770652, -0.08271323024087235, -0.02923363046079885], "aligned_model": [[-0.1915474033027294, 0.5555661008544437, 0.16808089615102678, -0.2312966974482209, -0.4181257659499846, -0.2914261537532516, 0.24654652682045003, -0.5847093679185962, -0.21088806801569437, -0.12540028730866948, 0.6287536388801244, 0.30203124948380694, 0.49390347941322005, 0.07832176414677841], [-0.0027073482514225755, 0.11293890386909425, -0.5440183481912101, 0.6148518202216604, -0.4385719850975284, -0.6221524015991731, -0.760256955466823, -0.11379308212518602, 0.44773172567274494, -0.2828929624350223, 0.07495659761912674, 0.68436981941319, -0.5114066275506723, 0.004447482271710448], [-0.6344906172298742, -0.5005931819375556, -0.5856496275296001, -0.17898641429482218, -0.4141011825956147, 0.14518850746888015, 0.00998443641108238, 0.0783162825441317, 0.4841244221891384, 0.765341353633488, 0.1975286116765647, 0.3046741094058732, 0.5306639590709548, 0.011895704244450977]], "inverted": true, "swapped": true, "error_lsq": 0.042218140546144145, "error_max": 0.21994999406984772, "target": "923.xyz", "model": "3.xyz", "model_rescale": 3.9243930471874484, "target_rescale": 4.2961365294013545},
{"mapping": [12, 15, 10, 0, 8, 11, 1, 13, 5, 14, 6, 2, 16], "R": [[0.6690785507276141, -0.4764184787495456, -0.5704027752932174], [0.15580422543999767, -0.6605316186484678, 0.7344542355386603], [-0.7266766380524959, -0.5802787380833492, -0.3677195260482069]], "T": [-0.01887394533135181, -0.07375382980092046, -0.04853760645260887], "aligned_model": [[-0.031005905720315058, -0.30029898629770146, 0.4872429524018539, 0.47160382944364976, 0.6199785381654465, -0.5387427147703004, -0.11023956724851167, 0.36227722155826547, 0.19792363117645148, -0.4475304377677729, 0.32590695126579694, -0.6529943501213806, -0.10691527577412913], [-0.513491499654262, 0.11465977012463191, -0.3079192868185499, -0.5814197208233888, 0.08522769561626303, -0.4828806953809228, -0.5672715631797745, 0.27165714703583, 0.47323209874279903, 0.6307901322439442, 0.05489560101653307, -0.02342744126842368, -0.026222683973092492], [-0.585312981595377, -0.8305849266380517, -0.4591155171274432, 0.11764167531284456, 0.015211618281345353, -0.2850090567607607, 0.4108884077068051, -0.6657403860388056, -0.029076429782211012, 0.190415399852782, 0.5211852847485686, 0.4205955480078627, -0.03402832059659493]], "inverted": false, "swapped": true, "error_lsq": 0.037157216443683666, "error_max": 0.19734741761054528, "target": "923.xyz", "model": "4.xyz", "model_rescale": 3.8936222436046832, "target_rescale": 4.2961365294013545},
{"mapping": [13, 10, 15, 9, 11, 1, 6, 2, 14, 5, 7, 16], "R": [[-0.019400065364505253, -0.642231134029211, 0.7662654944256638], [-0.7177300708691038, 0.5425065793412356, 0.4365205112497043], [-0.696051135214996, -0.5415032611674889, -0.47147326044102456]], "T": [-0.24221585414355495, -0.12143808092565139, 0.05567877977190417], "aligned_model": [[-0.022064981023805497, -0.5886662615050734, -0.09838546978103874, 0.34346416332893437, -0.5947097256065985, -0.6664221113073373, -0.10548603762094907, -0.05206686523809487, 0.5378949823173711, 0.2668116263799464, 0.18841566922776848, -0.18123694695602613], [-0.5780875010270384, -0.6052754060156071, 0.0921788993052437, -0.08248145339877272, 0.44227813083407314, 0.06385523076881025, -0.45486784832604926, 0.5190275276607539, 0.20760713064091868, -0.4164721342437722, 0.52208068174396, -0.04092035283271278], [-0.5676422661227788, -0.29849004191389306, -0.7567117393875792, -0.3804553546524467, -0.17134364107763556, 0.5543722051732335, 0.6302553742757425, 0.478022852778858, 0.19844941318613546, 0.03519795809734414, -0.16246168917889273, 0.06009164809743026]], "inverted": false, "swapped": true, "error_lsq": 0.0420666509503057, "error_max": 0.19959284403214947, "target": "923.xyz", "model": "5.xyz", "model_rescale": 3.6523030999806103, "target_rescale": 4.2961365294013545},
{"mapping": [6, 8, 13, 4, 9, 1, 10, 2, 3, 11, 15, 7, 16], "R": [[0.17472086372150925, 0.530856361609284, -0.8292551737067204], [-0.8901502170446217, -0.2748089357313313, -0.3634730250481121], [-0.4208386993562051, 0.8016679937362886, 0.4245270508966555]], "T": [0.014313871265607167, -0.06404940664689854, 0.07667037196555788], "aligned_model": [[0.09219232761399014, -0.044441850726475676, 0.12766861513171934, 0.6148195786948056, 0.5880071325599288, -0.3553280630331845, -0.42800853337301586, 0.3359649940600749, -0.6609458160643372, -0.2227495991359406, 0.18311927433140213, 0.5605919644926937, 0.09019288011263374], [-0.4820177572632305, 0.07605564448368093, 0.6916011816029783, -0.46053344700256693, 0.3825558648762345, -0.6300176399419949, 0.3996401148617097, -0.656921129753235, -0.22781989478733708, -0.06724550496495377, 0.6408628861299043, -0.035642806617703277, -0.08969060746030327], [0.6051078038214712, 0.7204016237539641, 0.3249990182998566, 0.3603240084557762, -0.00188825772052241, -0.000947227989555835, 0.33916782750236035, -0.335362423954631, -0.18728563464799441, -0.5846599330597301, -0.37154960161549033, -0.5131757782786968, 0.014978314914981306]], "inverted": true, "swapped": true, "error_lsq": 0.048585288823910305, "error_max": 0.29488428321402094, "target": "923.xyz", "model": "6.xyz", "model_rescale": 4.08911054899281, "target_rescale": 4.2961365294013545},
{"mapping": [4, 7, 9, 6, 0, 10, 5, 13, 1, 2, 3, 11, 12, 15, 16], "R": [[0.5170777252524916, 0.10536944819170452, 0.8494279871981407], [0.7762838332149201, 0.36032748433142414, -0.5172499534311604], [-0.3605745919180374, 0.9268556432493483, 0.10452071679804831]], "T": [-0.0491474160575069, -0.05290132971621372, -0.08636347618668533], "aligned_model": [[-0.09490589813190774, 0.4125772988998457, 0.6452885083373809, -0.45941556979121984, -0.5885150426340388, 0.014290490720774415, 0.2425933400262159, 0.5606220474083516, -0.689423320067958, -0.24900310279919663, -0.49666116260872756, -0.03357294898563938, 0.07615956548549806, 0.7095257449685772, -0.013226411028401781], [-0.6724684997750675, -0.6005372831884497, -0.2378808184277754, -0.2273654214343458, 0.4177684383757599, 0.6281495928169161, -0.19672417068385947, 0.38026283983489506, -0.13421478756207395, -0.7590064468146813, 0.29095218969938746, -0.045877258702130094, 0.4707680644998162, 0.12850366252368925, -0.14157128499296745], [-0.5471332316062796, 0.2797653550805536, -0.22161516959844138, -0.5974906992921614, -0.20238584881111643, -0.194563610501919, -0.5770526387505037, -0.3797475754681901, 0.12907695834422198, 0.20723594113595417, 0.3973362192641802, 0.6159720382150435, 0.3514866489115982, 0.2568638724587575, -0.05367822729961738]], "inverted": false, "swapped": true, "error_lsq": 0.04054978613818787, "error_max": 0.26320360750822386, "target": "923.xyz", "model": "7.xyz", "model_rescale": 3.964800864290218, "target_rescale": 4.2961365294013545},
{"mapping": [15, 9, 13, 11, 10, 2, 12, 5, 4, 6, 1, 0, 8, 16], "R": [[-0.5436566890236327, 0.825338303103916, -0.15249291757130795], [-0.6240373183239288, -0.27598977741282305, 0.7310315096510547], [0.5612618193133582, 0.49259144145343114, 0.6650855899716144]], "T": [-0.045093280692155985, -0.043125532760258774, 0.10601562904249606], "aligned_model": [[-0.11559533623750579, 0.2990368134921344, 0.44936462498739593, -0.7034796187175415, 0.10886266064345296, -0.41956472382541354, -0.39436387560191855, 0.5064858469684099, 0.34719735779094496, 0.2971732061416342, -0.45966237725566317, -0.0884880405629781, 0.5026350539606281, -0.06841370232270728], [-0.08850679643129028, -0.4018500027857745, 0.2228118677392859, -0.07259965252011229, 0.5999055462393565, -0.6819922931075565, 0.4069394863817343, -0.23763679141235175, -0.6058135600258943, -0.07719927434953203, 0.04118640487885255, 0.5601515328102709, 0.28513929207937416, -0.13958729331516048], [-0.7420809164053385, -0.4303078906604395, -0.46871291957510874, -0.13734784922412765, -0.09982556152326175, 0.3823265961952138, -0.2903374158388107, 0.038938294653926495, 0.46344579472014424, 0.6905678915401957, 0.6389355609836583, 0.5061185347009282, 0.27837415346085564, 0.08672076569718573]], "inverted": true, "swapped": true, "error_lsq": 0.039101922869836325, "error_max": 0.1960767650005649, "target": "923.xyz", "model": "8.xyz", "model_rescale": 4.121658175737393, "target_rescale": 4.2961365294013545},
{"mapping": [15, 9, 5, 10, 7, 11, 4, 1, 6, 2, 12, 0, 16], "R": [[-0.0619499888068088, 0.768771545672865, 0.6365159145304937], [-0.7095955891569139, -0.4824042740457053, 0.513575910875392], [0.7018805444916456, -0.4198528634488404, 0.575401837256296]], "T": [0.027833830953753753, 0.030731874464613826, -0.0370901041616252], "aligned_model": [[-0.6763815432958376, -0.2918032134325967, 0.234623436393441, 0.14546263436568427, -0.5927770570358893, -0.5435015041455713, 0.36192482691804545, 0.22455753042922755, 0.6618658387653023, -0.16045039049392923, -0.3444150861859941, 0.486068362284267, -0.02843633813095195], [0.24356625904324375, -0.18391066995322003, -0.18460328692711414, 0.6891295510270553, -0.4697722876988129, 0.13402550537529562, -0.6453819205237874, -0.008310064663777386, -0.20477322862060826, -0.6244470341765644, 0.6072515575375609, 0.4908603994878495, -0.05324734049541048], [-0.46729933318930916, -0.6587913369790593, -0.544477884811086, -0.21663942961434818, -0.14424830678186748, 0.35847713041216334, -0.20890228954989282, 0.6131061781777124, 0.013402221571033546, 0.36293114451576824, 0.06635072350491633, 0.28572797603247135, -0.038561359329413444]], "inverted": true, "swapped": true, "error_lsq": 0.0384048066302456, "error_max": 0.31009116864403474, "target": "923.xyz", "model": "9.xyz", "model_rescale": 3.833441315466971, "target_rescale": 4.2961365294013545},
{"mapping": [14, 4, 11, 3, 1, 2, 6, 10, 15, 12, 9, 13, 5, 7, 16], "R": [[0.7626523114256332, -0.494704932645643, 0.4166875106038208], [0.6339296898754606, 0.44377476606061084, -0.633401219845883], [0.1284313052629368, 0.747215488747336, 0.6520539956204076]], "T": [-0.08817919287477455, 0.10060895161242091, -0.04326403118127757], "aligned_model": [[0.12305354848139125, 0.07505061815786462, -0.56052806879221, -0.6652904550748344, -0.6986855109288119, -0.569868137624705, -0.05572485135438121, 0.16565468584404502, 0.23913581674805556, -0.19922757407302905, 0.45191276754788784, 0.6246209700058529, 0.42496561749151646, -0.12792222075797055, -0.10330218737613933], [-0.7260938562617818, -0.5525582996237146, 0.1867889641399706, 0.5669869782972574, 0.1507275558399841, -0.5242342956843256, -0.06279651701030446, 0.7448144072108398, 0.19429180875656987, 0.6441555954311039, -0.20989030986666957, 0.3910816416553799, -0.14516007026987338, -0.46869297032473667, 0.01168090700527892], [0.05249774937977626, -0.4240456682238252, 0.46959717933128525, 0.0003630110457329, -0.3394900490131025, 0.004422723595932418, -0.700724360028032, -0.05465214591834809, 0.7380081083974777, 0.3737125978248072, 0.3396753475886077, 0.18709605695492842, -0.19443785192763574, 0.5237112631978886, 0.002387945616599829]], "inverted": false, "swapped": true, "error_lsq": 0.03669419264379417, "error_max": 0.22437943602512858, "target": "923.xyz", "model": "10.xyz", "model_rescale": 4.2482417240324, "target_rescale": 4.2961365294013545},
{"mapping": [4, 6, 1, 0, 7, 11, 2, 12, 8, 15, 5, 16], "R": [[-0.2642881403319223, -0.5821104505423769, 0.7689598183580499], [-0.03874468317379309, -0.7902572103334029, -0.611549173036666], [0.9636652055593045, -0.19141829819904554, 0.1863019235244895]], "T": [0.0347022765861936, 0.05188558379625939, -0.09997352891423603], "aligned_model": [[-0.6156229348305622, -0.10631172846460366, 0.33845537775526713, 0.6204894760317664, -0.4872855529734824, 0.2888762120946643, -0.3413182050575988, 0.5625467757574396, 0.09058926832622882, -0.038323580407743946, -0.39351589839057965, -0.0418136074777886], [-0.3361927498877305, -0.6032639459152179, -0.17817604694033212, -0.3754965852881391, 0.6267133688206564, 0.6110841994640369, 0.15819068863088276, 0.47171534980911206, -0.45091120724709055, 0.7926354461276622, -0.150128896966569, 0.09996176944336813], [0.05731096087014176, 0.0044432301093078885, 0.46375104222587993, -0.08965380709711702, 0.11037592884244976, 0.24099508420360152, 0.5870746293965888, -0.26358085874647474, -0.5260528828131789, -0.5150092080977957, -0.4498204622773494, -0.054641366761697466]], "inverted": true, "swapped": true, "error_lsq": 0.042139983568860596, "error_max": 0.22231978152827614, "target": "923.xyz", "model": "11.xyz", "model_rescale": 3.6694154284099745, "target_rescale": 4.2961365294013545},
{"mapping": [1, 0, 8, 10, 12, 2, 11, 14, 13, 9, 5, 15, 6, 16], "R": [[-0.5980902322056076, -0.7994340309231723, -0.05650932969139388], [-0.7896382973433757, 0.5757741409587379, 0.21202711612405173], [-0.1369650813488498, 0.17143327799804714, -0.9756286166805213]], "T": [0.00022445922125380324, -0.0007576894597964776, -0.08248725106335698], "aligned_model": [[-0.22680951504438884, 0.04081274282369678, -0.12917680342974236, 0.46323408526787563, 0.6668113180668098, -0.44264413426564114, 0.3852675268638453, -0.4910426581681026, 0.4268145167515658, 0.10120613234440529, -0.23563300086391786, 0.6486781608928902, -0.5785809883825742, -0.030672532600912114], [-0.331004290597603, 0.24888509127971872, 0.6342288243594, 0.451686018262374, -0.07800918640925164, -0.6447998605620777, -0.5848738058138454, -0.19038879500901468, 0.5711621439336165, 0.133969629427579, 0.3864689540375726, -0.06869468037125659, 0.27025198453924976, -0.06789473894020726], [-0.6323712838195291, -0.7621487340111592, -0.2148467057322737, -0.3284115762047594, -0.2595137235019958, 0.03500504873805792, -0.14665324722932194, 0.5956895587468051, 0.28690800209658585, 0.6291326869257281, 0.29301283906955017, 0.466320649192551, -0.3095262915160515, -0.013501763101772146]], "inverted": true, "swapped": true, "error_lsq": 0.04101678496700387, "error_max": 0.3027297904752052, "target": "923.xyz", "model": "12.xyz", "model_rescale": 3.9764082729961374, "target_rescale": 4.2961365294013545},
{"mapping": [0, 12, 3, 2, 6, 8, 5, 1, 11, 10, 15, 7, 13, 9, 14, 16], "R": [[-0.623559332950766, 0.7718704356250512, -0.12405558793536689], [0.7712732105780127, 0.6333110544382061, 0.06367686370301251], [0.1277160637299801, -0.055974448942006066, -0.9902300076906165]], "T": [-0.0657643792728658, 0.07846180136773676, -0.04318307516909109], "aligned_model": [[-0.0783304352986028, -0.3541229554217239, -0.620597359608568, -0.5073607034740047, 0.24131669006104187, 0.49823800997040824, 0.4699360207254243, -0.4989051858971635, -0.7106381814489754, 0.15309689387370223, -0.09545725482869608, -0.32293080025543697, 0.4789629760331342, 0.27403249622978476, 0.10779768559811853, -0.0961975824490495], [0.021635820001544778, -0.5405993652140259, -0.1146408055506323, 0.650309639855942, 0.591453656910781, 0.06536163997586851, 0.19589175365227995, 0.40774909713186847, -0.1568244975491598, -0.4611079232078167, -0.5681028579215572, 0.15782453003307367, -0.48974472740311925, -0.09283771992492826, 0.5592102202729108, 0.11988565628021237], [-0.7660396032724781, -0.16670153412327177, -0.4985301281728386, 0.2773010677088935, -0.3634162534468351, -0.38843845231413565, 0.17084687682363858, -0.4517642923087376, 0.10630007838689143, -0.4180513875183698, 0.5112267225693645, 0.7149146495609169, 0.11786870257045332, 0.5812736825879699, 0.6467330715777804, 0.04387374222345647]], "inverted": true, "swapped": true, "error_lsq": 0.03806950007290081, "error_max": 0.28513679958730037, "target": "923.xyz", "model": "13.xyz", "model_rescale": 4.170626492500431, "target_rescale": 4.2961365294013545},
{"mapping": [0, 12, 1, 11, 6, 14, 2, 10, 8, 15, 13, 7, 5, 16], "R": [[-0.7458905655363369, 0.4934583719469635, 0.4473769097744492], [0.4134351497241535, 0.8696158051349822, -0.2698883629058567], [-0.5222247037592633, -0.01634584396379707, -0.8526512605799986]], "T": [-0.006130350489742382, 0.039679309641705136, 0.01177933683168194], "aligned_model": [[0.4063065335137895, -0.01914123508753938, -0.19446067738720488, -0.545365618616635, 0.2976453183321433, -0.3719791087418128, -0.6705433479231236, 0.5054252063826643, 0.6381552862053025, -0.19185641045333274, 0.46645790681077737, -0.6570116058630682, 0.2687078887870495, -0.08915711386736673], [-0.21054344307095324, -0.6504133683059908, 0.015916427920573524, -0.4085186918708296, 0.5272990804943528, 0.7142748785647802, 0.41675378868976015, -0.4241818472154924, 0.18687646802501834, -0.37428300894313987, -0.15752282514793098, 0.19813029006535252, 0.4372724069085659, 0.08501431181159949], [-0.5296936993227626, 0.08421564565222661, -0.6416322531612714, -0.03193511657234386, -0.34871479290144486, 0.3968801374786371, -0.19094598437919702, 0.06379602220797095, -0.014689506371602136, 0.7331937661102418, 0.6308882797210819, 0.4571915607652377, 0.3478704016323781, 0.047448640261714456]], "inverted": true, "swapped": true, "error_lsq": 0.04013028892469151, "error_max": 0.2697647533415258, "target": "923.xyz", "model": "14.xyz", "model_rescale": 3.9786697098870705, "target_rescale": 4.2961365294013545},
{"mapping": [9, 4, 15, 13, 7, 11, 6, 1, 12, 8, 2, 16], "R": [[-0.6536235368971643, -0.7536463619252617, 0.06923462407537892], [0.7451423198847956, -0.656848060212974, -0.11538435297369648], [0.1324356263652137, -0.023828280493378762, 0.9909051508181712]], "T": [0.0504140853768736, -0.03650549776543044, 0.10755788791539715], "aligned_model": [[0.08708510381810239, -0.6807265526819831, 0.6266349339228097, 0.48832384949032126, -0.06340910868281059, 0.381709197129507, -0.4717179897343537, -0.1472691876908917, 0.721502096442745, -0.001922137066807987, -0.46279616494613357, 0.005940556766832077], [-0.23399721892676728, -0.18767959395971306, 0.030538999157946098, -0.6043493087084695, 0.4083367771605845, 0.5820358251028235, -0.33166859950284233, 0.3274083686017048, 0.11543073533984538, -0.6634223170866546, 0.5517088054500946, 0.02033201759588691], [-0.5955807480477654, -0.09454566085268402, -0.516759594189936, -0.25481301452760163, -0.5529758371552516, 0.07266867437703373, 0.4242052548386217, 0.6474353869177681, 0.1981143265822175, 0.3117827792011234, -0.016323193061066554, 0.03675811979137068]], "inverted": true, "swapped": true, "error_lsq": 0.04334908803272294, "error_max": 0.23826318382308964, "target": "923.xyz", "model": "15.xyz", "model_rescale": 3.769337070930944, "target_rescale": 4.2961365294013545},
{"mapping": [11, 1, 15, 12, 7, 2, 9, 6, 13, 10, 16], "R": [[0.20869722125844364, 0.7318107289894427, -0.6487669279293948], [-0.6963376356739606, -0.35460459133919814, -0.6239947763765006], [-0.6867018035384813, 0.5819868046073733, 0.4355823599273693]], "T": [0.010914932294515197, -0.0922971730973812, 0.08676169254803848], "aligned_model": [[-0.36463686399882994, -0.27686962251734715, -0.033168939107082, -0.5762188262409995, 0.4008736893495206, 0.31815504404754974, 0.4783283832344258, 0.267114951670294, 0.06139460711875885, -0.4264186772907978, 0.07407238442567796], [0.024872594385579233, -0.6834630523005962, 0.7230474284897207, 0.2674116052559725, 0.19897562543336914, -0.47973577844997306, 0.4685292331308518, -0.6060872969002298, 0.581032667924577, 0.18643707603854795, -0.08495560538247673], [-0.495302883145205, -0.08840293228170507, -0.1573029347007042, -9.17337112077421e-07, -0.5537361572962743, -0.5298599017707527, 0.0449275813170161, 0.4478572120731653, 0.5221959053615767, 0.5456827407155662, 0.008159894288205807]], "inverted": true, "swapped": true, "error_lsq": 0.04280390392420394, "error_max": 0.2512343699703243, "target": "923.xyz", "model": "16.xyz", "model_rescale": 3.7852294659196426, "target_rescale": 4.2961365294013545},
{"mapping": [1, 14, 7, 2, 6, 5, 13, 9, 11, 3, 10, 15, 16], "R": [[0.16225775236474987, -0.9821378001144974, -0.09527729731575721], [-0.9075674968252445, -0.18643789409359957, 0.3762474589313576], [-0.38729015027999275, 0.02542151120998573, -0.9216073384386114]], "T": [-0.06368760281116827, 0.13521368312371734, -0.12314774886206588], "aligned_model": [[0.06829143215882753, -0.335233382978975, 0.24324251407966763, 0.07744145950793262, -0.636368536588945, -0.5403254109246866, -0.21216311136099736, -0.1593101574555283, 0.6265538030480455, 0.42618675230570885, -0.04154292839240005, 0.3809201051837412, -0.04392668836610794], [-0.09352696694613788, -0.5112146377936952, -0.38673920156036706, -0.637844667114057, -0.003805387522190784, 0.14071670085107943, 0.7138930860024364, 0.10026228152543595, 0.008546620842790148, 0.297981736445978, 0.825036713386402, 0.372470283505878, 0.04927906207932235], [-0.7502354156584442, 0.37245333807490494, 0.4064787804379197, -0.20794588955163706, -0.45888419542510867, 0.22233690966059788, 0.4140760388785378, 0.6009975483501184, -0.15615279936559617, -0.6579363693118385, -0.17985574194562953, 0.5641156947282818, -0.07369320172893251]], "inverted": true, "swapped": true, "error_lsq": 0.03739008692463892, "error_max": 0.248078459751475, "target": "923.xyz", "model": "17.xyz", "model_rescale": 3.901054581598922, "target_rescale": 4.2961365294013545},
{"mapping": [13, 8, 15, 9, 0, 11, 6, 5, 12, 2, 1, 4, 14, 7, 16], "R": [[-0.10747061093529872, -0.9704416736675554, 0.21608569086014962], [-0.3109294648560217, 0.23924915436283564, 0.9198275436303354], [-0.9443372997343387, 0.03166701984687725, -0.3274511630525624]], "T": [-0.03854850322566657, -0.07347874869643926, 0.020072735966327193], "aligned_model": [[-0.012991357710216596, 0.2924258779128723, -0.40554230224993587, 0.1934631228565592, -0.21163813414924404, -0.6306184749991349, 0.47434633219671346, 0.45857932905235316, -0.6876315597068501, 0.09497702454951977, -0.19127862122183892, 0.6840425791891174, 0.5327962098365499, -0.03513910680722408, -0.016704707660206278], [-0.0791705547515779, -0.5558209662422285, 0.44957660253532566, 0.4335142968631191, -0.7686374087494332, 0.2341537584982873, -0.4481242264699898, -0.005337888378104574, -0.1346881945905487, 0.3692223990115804, -0.3430003833875399, 0.08975053363983394, 0.5599523220132433, 0.7276489867872364, 0.01971807304790231], [-0.7829457331403897, -0.2885913677955997, -0.5438655588449044, -0.45308721798354595, 0.13278065567040728, 0.2400328810594234, 0.2579558359282522, -0.28781405188193815, -0.2178112602019024, 0.6610984585533282, 0.6258873049595376, 0.24252365956193478, 0.11783479250972337, 0.09306519090427112, 0.05260281555337833]], "inverted": false, "swapped": true, "error_lsq": 0.04094716703337571, "error_max": 0.3069409989034888, "target": "923.xyz", "model": "18.xyz", "model_rescale": 3.9405287249114394, "target_rescale": 4.2961365294013545},
{"mapping": [8, 5, 15, 14, 6, 12, 13, 0, 10, 3, 7, 11, 4, 1, 2, 16], "R": [[-0.06321786698131211, 0.76824598646445, 0.6370255925593554], [-0.15778474199673717, 0.6225805351159357, -0.7664838240222547], [-0.9854478557931702, -0.14896839119766286, 0.08185928131020875]], "T": [0.06429324139018797, 0.01967808212192869, -0.07192173815578817], "aligned_model": [[-0.4769699668493378, -0.1423822128895309, 0.7680449598454925, 0.20872286184702873, -0.5693858702856458, 0.43576489170214394, 0.14446805138648072, -0.3944704969069146, -0.0543345551402358, 0.15320504969342993, 0.6855713747150555, 0.635630528785222, -0.268905311552477, -0.13213054855657075, 0.2536547169959559, 0.12068162518129028], [-0.11448465136392487, -0.5183531049078869, -0.20591860338948653, -0.6905889915261896, -0.0766597856844516, 0.4395321364593528, -0.3337061808158221, 0.54975212568828, 0.25681271889473983, 0.7574255541945546, -0.3584421958721455, 0.4017580354456841, -0.5137197989520246, 0.5255760473240316, -0.03626444442484765, -0.030366732092227754], [-0.42759867738300505, -0.19184350842060674, -0.49634770765638314, 0.38839108049060467, 0.14984055376703637, -0.48103736017665966, -0.7890101487576913, -0.2575719439322462, -0.7116534054182703, -0.05481766434972857, 0.2718568351222165, 0.07352821780270033, 0.37833542079746346, 0.33852269908443133, 0.6934147989622276, -0.00456543325721169]], "inverted": false, "swapped": true, "error_lsq": 0.03887839108580305, "error_max": 0.2627767982081741, "target": "923.xyz", "model": "19.xyz", "model_rescale": 4.410303926677745, "target_rescale": 4.2961365294013545},
{"mapping": [15, 9, 13, 11, 10, 2, 12, 5, 4, 6, 1, 0, 8, 16], "R": [[-0.5436566890236327, 0.825338303103916, -0.15249291757130795], [-0.6240373183239288, -0.27598977741282305, 0.7310315096510547], [0.5612618193133582, 0.49259144145343114, 0.6650855899716144]], "T": [-0.045093280692155985, -0.043125532760258774, 0.10601562904249606], "aligned_model": [[-0.11559533623750579, 0.2990368134921344, 0.44936462498739593, -0.7034796187175415, 0.10886266064345296, -0.41956472382541354, -0.39436387560191855, 0.5064858469684099, 0.34719735779094496, 0.2971732061416342, -0.45966237725566317, -0.0884880405629781, 0.5026350539606281, -0.06841370232270728], [-0.08850679643129028, -0.4018500027857745, 0.2228118677392859, -0.07259965252011229, 0.5999055462393565, -0.6819922931075565, 0.4069394863817343, -0.23763679141235175, -0.6058135600258943, -0.07719927434953203, 0.04118640487885255, 0.5601515328102709, 0.28513929207937416, -0.13958729331516048], [-0.7420809164053385, -0.4303078906604395, -0.46871291957510874, -0.13734784922412765, -0.09982556152326175, 0.3823265961952138, -0.2903374158388107, 0.038938294653926495, 0.46344579472014424, 0.6905678915401957, 0.6389355609836583, 0.5061185347009282, 0.27837415346085564, 0.08672076569718573]], "inverted": true, "swapped": true, "error_lsq": 0.039101922869836325, "error_max": 0.1960767650005649, "target": "923.xyz", "model": "20.xyz", "model_rescale": 4.121658175737393, "target_rescale": 4.2961365294013545},
{"mapping": [6, 8, 13, 4, 9, 1, 10, 2, 3, 11, 15, 7, 16], "R": [[0.17472086372150925, 0.530856361609284, -0.8292551737067204], [-0.8901502170446217, -0.2748089357313313, -0.3634730250481121], [-0.4208386993562051, 0.8016679937362886, 0.4245270508966555]], "T": [0.014313871265607167, -0.06404940664689854, 0.07667037196555788], "aligned_model": [[0.09219232761399014, -0.044441850726475676, 0.12766861513171934, 0.6148195786948056, 0.5880071325599288, -0.3553280630331845, -0.42800853337301586, 0.3359649940600749, -0.6609458160643372, -0.2227495991359406, 0.18311927433140213, 0.5605919644926937, 0.09019288011263374], [-0.4820177572632305, 0.07605564448368093, 0.6916011816029783, -0.46053344700256693, 0.3825558648762345, -0.6300176399419949, 0.3996401148617097, -0.656921129753235, -0.22781989478733708, -0.06724550496495377, 0.6408628861299043, -0.035642806617703277, -0.08969060746030327], [0.6051078038214712, 0.7204016237539641, 0.3249990182998566, 0.3603240084557762, -0.00188825772052241, -0.000947227989555835, 0.33916782750236035, -0.335362423954631, -0.18728563464799441, -0.5846599330597301, -0.37154960161549033, -0.5131757782786968, 0.014978314914981306]], "inverted": true, "swapped": true, "error_lsq": 0.048585288823910305, "error_max": 0.29488428321402094, "target": "923.xyz", "model": "21.xyz", "model_rescale": 4.08911054899281, "target_rescale": 4.2961365294013545},
{"mapping": [3, 15, 11, 14, 1, 0, 2, 5, 4, 6, 13, 9, 12, 7, 8, 10, 16], "R": [[-0.6403536174819895, 0.33398410706618387, 0.6916660037944135], [-0.6023454919471796, -0.7771128648933858, -0.1824157436958341], [0.47657859048496914, -0.5334324806799806, 0.6988008554995923]], "T": [-0.017433497856946537, -0.007495591439059973, 0.07693631614430806], "aligned_model": [[0.27254826603011423, -0.628239999924676, -0.7438658880832028, -0.1003336708954283, -0.42061057237763044, 0.43611954188349866, -0.22297048644076312, -0.2953905284101445, 0.3193505017822903, 0.2785521715761126, 0.5597966235006735, -0.20014889481497886, 0.37645006154095745, 0.643769357995915, -0.32727548821074565, 0.28379236074900654, 0.022974009298362987], [0.0725456854275664, -0.024526313363263046, -0.06304996845258745, 0.38206586467823006, -0.6865432388630243, -0.6179730496263206, -0.4633898096122471, 0.3998387099763594, -0.4399381143427391, -0.23165120170974887, 0.057353911170015544, 0.6790751841226217, 0.5822595320892759, 0.09049818381548809, -0.27209347051048294, 0.5393713983959242, -0.030575484356919376], [-0.7377923466048224, -0.3207223181599133, 0.311676010025114, -0.4262455785667695, 0.1565662123828538, 0.22419904519242, -0.44380242596482955, 0.5814635304793015, -0.3541810551589813, 0.7232418742403277, -0.23823013993415965, 0.1296929784877307, -0.12803719907704897, 0.31984409994880997, 0.6379603098064097, 0.5881455558406053, 0.06692620421667518]], "inverted": true, "swapped": false, "error_lsq": 0.039517880015931484, "error_max": 0.26601863690762145, "target": "923.xyz", "model": "22.xyz", "model_rescale": 4.204369325754507, "target_rescale": 4.2961365294013545},
{"mapping": [8, 5, 15, 14, 6, 12, 13, 0, 10, 3, 7, 11, 4, 1, 2, 16], "R": [[-0.06321786698131211, 0.76824598646445, 0.6370255925593554], [-0.15778474199673717, 0.6225805351159357, -0.7664838240222547], [-0.9854478557931702, -0.14896839119766286, 0.08185928131020875]], "T": [0.06429324139018797, 0.01967808212192869, -0.07192173815578817], "aligned_model": [[-0.4769699668493378, -0.1423822128895309, 0.7680449598454925, 0.20872286184702873, -0.5693858702856458, 0.43576489170214394, 0.14446805138648072, -0.3944704969069146, -0.0543345551402358, 0.15320504969342993, 0.6855713747150555, 0.635630528785222, -0.268905311552477, -0.13213054855657075, 0.2536547169959559, 0.12068162518129028], [-0.11448465136392487, -0.5183531049078869, -0.20591860338948653, -0.6905889915261896, -0.0766597856844516, 0.4395321364593528, -0.3337061808158221, 0.54975212568828, 0.25681271889473983, 0.7574255541945546, -0.3584421958721455, 0.4017580354456841, -0.5137197989520246, 0.5255760473240316, -0.03626444442484765, -0.030366732092227754], [-0.42759867738300505, -0.19184350842060674, -0.49634770765638314, 0.38839108049060467, 0.14984055376703637, -0.48103736017665966, -0.7890101487576913, -0.2575719439322462, -0.7116534054182703, -0.05481766434972857, 0.2718568351222165, 0.07352821780270033, 0.37833542079746346, 0.33852269908443133, 0.6934147989622276, -0.00456543325721169]], "inverted": false, "swapped": true, "error_lsq": 0.03887839108580305, "error_max": 0.2627767982081741, "target": "923.xyz", "model": "23.xyz", "model_rescale": 4.410303926677745, "target_rescale": 4.2961365294013545},
{"mapping": [15, 5, 2, 6, 4, 10, 8, 0, 9, 1, 14, 12, 13, 11, 3, 7, 16], "R": [[-0.884842446962151, -0.37298484231553236, -0.2791704702451365], [0.30849296186942093, -0.918100586560769, 0.24884413883755463], [-0.3491216643679753, 0.13406573148880988, 0.9274375683081344]], "T": [0.1047548642704342, 0.014569785733297008, 0.039624515855954105], "aligned_model": [[0.08483001527371342, -0.44552640277671696, -0.7406664053843157, -0.0029277341189753864, -0.4190386304969764, 0.2403874875673291, -0.07212447951203219, -0.376740706633807, 0.4365059448091386, 0.2893331636898553, 0.578765398201605, -0.3421833153526205, 0.32893866465392035, 0.7132544783797475, -0.38349373610570925, 0.3128362719779191, 0.05236735102728727], [-0.08492780625816494, 0.11929789225943715, -0.09254829128602493, 0.5426230882132713, -0.43182227705882814, -0.6007098074033963, -0.7233623444741424, 0.318765497715386, -0.39477518397385725, -0.13888132745073234, 0.19285973724525238, 0.6817449401128007, 0.6684612993771645, -0.08373190425295246, -0.4025640808930093, 0.43155509919223844, -0.028716712226294246], [-0.6667871349646618, -0.24642545227612578, 0.3662474568282821, -0.4965305526679717, 0.023534950706939135, 0.20338885886981822, -0.27640797646888365, 0.5356212850969202, -0.2991938720235043, 0.8634685282857064, -0.4094597712514736, 0.0756718702333975, -0.08825877413646877, 0.1837997009102032, 0.6695956470819692, 0.513709184252136, 0.1387308086774408]], "inverted": true, "swapped": false, "error_lsq": 0.0386215982648421, "error_max": 0.31689109702151363, "target": "923.xyz", "model": "24.xyz", "model_rescale": 4.28219845311461, "target_rescale": 4.2961365294013545},
{"mapping": [3, 12, 1, 15, 11, 13, 0, 7, 10, 9, 8, 5, 4, 2, 6, 16], "R": [[-0.8303034614066807, 0.09926778842068344, 0.5483995515663295], [-0.5545127803820983, -0.2456424967334403, -0.7950945479573336], [0.05578295769318467, -0.9642643154138953, 0.25900307266588973]], "T": [-0.0471680817531497, 0.0689742277143633, 0.0043757364842160005], "aligned_model": [[-0.15800802662612465, -0.31216012036942375, 0.09200653546695978, -0.019428179691387347, 0.26244125447228533, -0.5367557047607429, -0.5445997946387404, 0.6275316687589805, -0.7005385050446, 0.08983300436789624, -0.5771479253888236, -0.12529436345627276, 0.29685797092201105, 0.7053473026059351, -0.14008197113700663, 0.04831762064006443], [0.42046393896014095, -0.1597602518934106, 0.6864368450554138, -0.7381641759640252, -0.02501355889894663, -0.5476068269823807, 0.564025669128234, -0.3687980170148816, -0.05506395344768898, -0.5822034614112876, 0.16908542724032594, -0.14938441592374574, 0.23198529827585246, 0.309940803176917, 0.5497554340440854, 0.039412621369630065], [-0.6410998099580804, -0.5948771011554044, -0.24532415262687748, -0.26775629851011656, -0.6192230377911199, 0.16455060485122222, -0.17836566417177038, -0.012383721341005396, -0.18871392079299915, 0.3076083278914584, 0.38722126384161, 0.5454758376278563, 0.6776806825235772, 0.02394754224082659, 0.47365726847361644, 0.01952819947495281]], "inverted": false, "swapped": true, "error_lsq": 0.03540829436898226, "error_max": 0.23709355795229284, "target": "923.xyz", "model": "25.xyz", "model_rescale": 4.100010024507729, "target_rescale": 4.2961365294013545},
{"mapping": [4, 6, 1, 0, 7, 11, 2, 12, 8, 15, 5, 16], "R": [[-0.2642881403319223, -0.5821104505423769, 0.7689598183580499], [-0.03874468317379309, -0.7902572103334029, -0.611549173036666], [0.9636652055593045, -0.19141829819904554, 0.1863019235244895]], "T": [0.0347022765861936, 0.05188558379625939, -0.09997352891423603], "aligned_model": [[-0.6156229348305622, -0.10631172846460366, 0.33845537775526713, 0.6204894760317664, -0.4872855529734824, 0.2888762120946643, -0.3413182050575988, 0.5625467757574396, 0.09058926832622882, -0.038323580407743946, -0.39351589839057965, -0.0418136074777886], [-0.3361927498877305, -0.6032639459152179, -0.17817604694033212, -0.3754965852881391, 0.6267133688206564, 0.6110841994640369, 0.15819068863088276, 0.47171534980911206, -0.45091120724709055, 0.7926354461276622, -0.150128896966569, 0.09996176944336813], [0.05731096087014176, 0.0044432301093078885, 0.46375104222587993, -0.08965380709711702, 0.11037592884244976, 0.24099508420360152, 0.5870746293965888, -0.26358085874647474, -0.5260528828131789, -0.5150092080977957, -0.4498204622773494, -0.054641366761697466]], "inverted": true, "swapped": true, "error_lsq": 0.042139983568860596, "error_max": 0.22231978152827614, "target": "923.xyz", "model": "26.xyz", "model_rescale": 3.6694154284099745, "target_rescale": 4.2961365294013545},
