[{"mapping": [6, 11, 7, 5, 4, 0, 9, 12, 8, 10, 1, 13], "R": [[0.29572665556544586, 0.1332755594276963, 0.9459298972161261], [0.6790044171919395, -0.7258447939667405, -0.11001061996559619], [0.6719365644329165, 0.6748236512827739, -0.3051463469345069]], "T": [-0.07449587626986207, -0.031194423610754182, 0.05061467594417059], "aligned_model": [[-0.1614624124766672, 0.05631283960211414, 0.42625367747733234, -0.10878307876186892, -0.024497069091519552, -0.5070100697666673, 0.36200215149122006, -0.1898372620993326, 0.49207950062148464, 0.2671345471100752, -0.7241829833750749, -0.05036737827054716], [-0.16871145057150544, -0.6391204660814818, -0.48009707730638007, 0.8018329419309661, 0.4346654218145478, -0.654183950900973, -0.20661006186164188, -0.5350120829588512, 0.1438448397429341, 0.40704710618512563, 0.015269284594149474, -0.06536946860983266], [-0.548576876871501, 0.10738120042898214, -0.4767249508716521, 0.1347273108792505, -0.5902012280811553, -0.052031425556687425, 0.495489488175775, 0.6635078584314722, -0.26948921580239726, 0.3799510154981013, 0.2613458045151421, 0.07657276460823248]], "inverted": false, "swapped": true, "error_lsq": 0.052697749750216884, "error_max": 0.28384564910752924, "target": "925.xyz", "model": "0.xyz", "model_rescale": 3.751011558992144, "target_rescale": 4.224941914349427},
{"mapping": [3, 11, 6, 9, 5, 10, 13, 2, 8, 1, 4, 0, 7, 14], "R": [[-0.002813465305477242, 0.9251522596831685, -0.37958580165240985], [-0.5795357900590954, 0.3078343589190814, 0.7545702588291292], [0.8149419319519371, 0.22210651469960502, 0.5352927644517895]], "T": [0.011176764867100838, -0.004535578600382742, -0.015932180037060185], "aligned_model": [[-0.6830743102963774, 0.1966134521810544, 0.4992851662818764, -0.12906394235686877, -0.176155982145402, 0.5724761797347164, -0.6326190723106316, -0.567889509925595, 0.1743442732705416, 0.34683153162578717, 0.7353128651951512, -0.2734308819245496, -0.03120756210035439, -0.01066727100119354], [0.31317963478363153, -0.062278540018333675, 0.3797276239916772, -0.5539045103255548, -0.5524420959172524, -0.5536475486057783, -0.33560816579236014, -0.08526205040827013, -0.15857808287755698, 0.56477802010729, -0.09316059769794509, 0.6135890112174439, 0.5850461200540212, -0.017535374686146833], [-0.03780401881390142, -0.7898895266210875, -0.4376165701585667, -0.3516641300012516, 0.21814246014010413, -0.2523063736262236, -0.07441346202721433, 0.5687930444361697, 0.6086200781586034, 0.2052090719141015, 0.28959438853177794, 0.31936619059683985, -0.3163885216851404, -0.06448787838525318]], "inverted": true, "swapped": false, "error_lsq": 0.049553762822118055, "error_max": 0.27898525731625323, "target": "925.xyz", "model": "1.xyz", "model_rescale": 3.9405287249114394, "target_rescale": 4.224941914349427},
{"mapping": [4, 5, 3, 9, 2, 6, 8, 10, 12, 0, 11, 7, 13], "R": [[-0.9296900847651801, -0.35920244977377247, -0.08154720329865815], [-0.3294089661782458, 0.9098552953665274, -0.25229560934520534], [0.16482135568757933, -0.2076943465046885, -0.9642079543020265]], "T": [-0.045790565492882185, -0.0521400102347286, -0.03335843376391115], "aligned_model": [[-0.39705385928916276, 0.31253223826251525, -0.3516609944660432, 0.44003684474340216, 0.5583359743968713, -0.6349375310322593, -0.02549691082851767, 0.5266661032495034, 0.24209826585990007, -0.5304744335831304, -0.1654713288378796, -0.4519561039005069, -0.02663498529076096], [0.6584801291975015, 0.6143376548600475, 0.2723071188218529, -0.31752008642444524, -0.3057018921122403, 0.09282169156574248, 0.3697884097494328, 0.241855015933085, -0.7961870461270018, -0.6303246892614126, -0.5712854821485245, -0.0813252519095959, -0.0884129785724247], [0.009108200379196296, -0.3933548637330361, -0.5309152533155144, 0.30243899857444234, -0.6163174669321186, 0.09853768481599448, 0.49169154377756497, 0.022226601707224528, -0.11265503809046593, -0.16182915336449463, 0.29232841804445076, 0.7179927272531358, -0.006132049527735418]], "inverted": true, "swapped": true, "error_lsq": 0.05126967894871293, "error_max": 0.28110093512378853, "target": "925.xyz", "model": "2.xyz", "model_rescale": 3.932901565614263, "target_rescale": 4.224941914349427},
{"mapping": [1, 2, 4, 6, 12, 5, 10, 11, 9, 3, 7, 3, 0, 13], "R": [[0.9058220276853987, 0.4056220858324361, -0.12229954065676958], [0.3823279565333685, -0.6582890041270854, 0.6484450020613847], [0.18251517145961232, -0.6341343000739782, -0.751373343722516]], "T": [-0.0031437859499714458, 0.06465726546330358, 0.0824101609647399], "aligned_model": [[-0.5683099879356587, -0.04748479336738724, 0.5703854151269367, -0.09702246335117971, -0.07750896043729169, 0.41905102623549284, -0.5717185188043802, -0.6533715925853146, 0.37497026699107366, -0.040580200244201545, 0.687946019277139, -0.040580200244201545, 0.07619569034166085, -0.011216764774533296], [0.3275148116018206, 0.1287001159607688, 0.13493515145231724, -0.4193063918657793, -0.6937140800140389, -0.49377963791698193, -0.37022775656984475, 0.05031770099169816, -0.37576768398190274, 0.5290208714852124, 0.1460373672023766, 0.5290208714852124, 0.6009670626579247, -0.04981495866391705], [-0.3179168247397766, -0.7471272050047911, -0.5728391647050955, -0.39051502656053494, 0.13213473579339796, -0.08098950599142347, 0.055147896348640466, 0.6945432140964785, 0.5327972902918657, 0.29133702464755895, 0.24214339951963465, 0.29133702464755895, -0.3113250013942253, 0.06642689550967026]], "inverted": true, "swapped": false, "error_lsq": 0.05430507826412038, "error_max": 0.3521943204748361, "target": "925.xyz", "model": "3.xyz", "model_rescale": 3.9243930471874484, "target_rescale": 4.224941914349427},
{"mapping": [8, 10, 4, 6, 3, 9, 11, 5, 1, 2, 0, 12, 13], "R": [[0.5267234693012476, 0.8134993857820249, 0.2465383057853808], [-0.47820181562411135, 0.04379503256857042, 0.8771573511383927], [0.7027698132539993, -0.5799144285621681, 0.4120847547827422]], "T": [0.028172150235954527, -0.14052773815702702, -0.09019526266472264], "aligned_model": [[0.0568005126608636, -0.3004119598825018, 0.6547823467024568, 0.5316101552546343, 0.5962995805262992, -0.6027447418498333, -0.24190434259744475, 0.19215373029982086, 0.18898622144314092, -0.3977877153198341, 0.1663131494819, -0.5526935309746163, -0.014197519433533007], [-0.633600499221477, 0.005087352841768339, -0.32269712512915033, -0.4776582670229041, 0.20697132466203183, -0.27410758110542666, -0.474953759291596, 0.30767759021137886, 0.44938847606415766, 0.6257008656384274, -0.17992719431643472, 0.0541840070143208, -0.15823563666350918], [-0.548641085077164, -0.6269057405002544, -0.5422398127758272, 0.0454432632009584, -0.14368425075718588, -0.14777194005302963, 0.36271240559801776, -0.7789674778227935, 0.2176967907702457, -0.06662286027961631, 0.6615263932854575, 0.42696652921435474, -0.0724418994321992]], "inverted": true, "swapped": true, "error_lsq": 0.04823384622872087, "error_max": 0.296521993913274, "target": "925.xyz", "model": "4.xyz", "model_rescale": 3.8936222436046832, "target_rescale": 4.224941914349427},
{"mapping": [1, 2, 0, 3, 11, 9, 10, 8, 4, 5, 6, 13], "R": [[0.11309785241167486, 0.9891437150728308, 0.09382743048696096], [0.7647878460784834, -0.026381626380068912, -0.6437418428843792], [-0.6342778778031765, 0.14456389840295858, -0.7594687965993323]], "T": [-0.14310063885529628, 0.03563777269358549, -0.031746862981346935], "aligned_model": [[-0.09843403764173442, -0.4770077032015528, -0.3657250785238517, 0.4102611767772871, -0.6129695046606494, -0.6862894740273202, -0.1798031247246328, 0.05583948158289123, 0.6057969305807982, 0.3481918589555112, 0.21773871735093908, -0.19005120025258815], [-0.38956939109372835, -0.7662044617481771, 0.31921340034629664, -0.17694851986008436, 0.4172409318253442, 0.003038022926403497, -0.32747263380563674, 0.3695300271191019, 0.2148996177780902, -0.5433882728050291, 0.5007809804681717, 0.04780320395905478], [-0.5664089847626297, -0.1528205675498825, -0.706834948423861, -0.3399403359389787, -0.18507562561815177, 0.3191062666896918, 0.5012007605149502, 0.5187544484076065, 0.16109483515561743, 0.3225773664764801, -0.22908257531803236, -0.023285920357291916]], "inverted": true, "swapped": true, "error_lsq": 0.04839079772726543, "error_max": 0.2882349088788839, "target": "925.xyz", "model": "5.xyz", "model_rescale": 3.6523030999806103, "target_rescale": 4.224941914349427},
{"mapping": [12, 1, 3, 0, 6, 9, 5, 11, 10, 8, 4, 7, 13], "R": [[0.9963066151311487, -0.07418908244222785, 0.043233189707603], [0.0614694263334302, 0.9677813140696842, 0.24417378598816614], [-0.05995530228555492, -0.24061443885173656, 0.9687672855458692]], "T": [0.0285092390473105, -0.05030880810460632, 0.07068066568304054], "aligned_model": [[0.060099934368353765, 0.07861653719957154, 0.1041995955990104, 0.6836131658289191, 0.519838872397811, -0.25603530347280806, -0.6157508198709238, 0.39260583432519836, -0.6003668688515628, -0.08895221711064727, 0.06266537081133838, 0.5108354846395984, 0.029713318800435807], [-0.7330290740615207, 0.09667840677967375, 0.5508342703900146, -0.2514906990436413, 0.2594463897317233, -0.6117424766023923, 0.483292025127297, -0.5529593244535022, -0.082310435068844, 0.05423032763972023, 0.6483290170408933, -0.2214300007587392, -0.09902152255749927], [0.4898095106893511, 0.7374218742490994, 0.35225377636422195, 0.41139373076320096, -0.14875391886239606, -0.08111331357674612, 0.11950961824932721, 0.0022441309554595, -0.07326427501643853, -0.5845958243128644, -0.30469760631685017, -0.6137385920243354, 0.06364062832075969]], "inverted": true, "swapped": true, "error_lsq": 0.053991003988794625, "error_max": 0.2847476730979649, "target": "925.xyz", "model": "6.xyz", "model_rescale": 4.08911054899281, "target_rescale": 4.224941914349427},
{"mapping": [5, 7, 13, 6, 3, 2, 4, 8, 9, 11, 1, 10, 12, 14], "R": [[0.7204389740264937, -0.6156917024548145, 0.31920434243904827], [0.07157381721387229, 0.5238186680837006, 0.8488175255356437], [-0.6898151008734792, -0.5886745539729995, 0.4214467891817445]], "T": [0.004740321653630781, -0.0006160763159073733, -0.01061580669931232], "aligned_model": [[-0.5863156353898624, -0.010098947589036011, 0.5332729439183995, -0.03506528321676118, -0.24224749929747574, 0.5445007031498006, -0.6590929779154527, -0.3995463450528808, 0.2318294537328494, 0.23198220672342754, 0.690216948285167, -0.3809759030801878, 0.018156755032741195, 0.08413851692742629], [0.23986933006111474, -0.07622265617096202, 0.36388854896980005, -0.4487763599085079, -0.6909776517088562, -0.39561405182876724, -0.23739823198116156, -0.018099200910262275, -0.19180433007158806, 0.44490708179284444, -0.16436223465663188, 0.5555636071384303, 0.6677141928053709, -0.004784599705957664], [-0.4269340197844557, -0.7809095206217456, -0.3623034062800719, -0.22674271498372184, 0.287460270483281, -0.4609211177929144, -0.00017306548861207964, 0.5383792795835616, 0.7149425201257273, 0.2966321456386749, 0.1924975823864367, 0.23669382148306597, -0.2579143483506142, 0.13444732606034637]], "inverted": false, "swapped": false, "error_lsq": 0.04957573699179888, "error_max": 0.35495001383716435, "target": "925.xyz", "model": "7.xyz", "model_rescale": 3.964800864290218, "target_rescale": 4.224941914349427},
{"mapping": [12, 9, 10, 8, 1, 5, 7, 2, 0, 6, 3, 4, 11, 13], "R": [[-0.9694491017477693, -0.22840791275952171, 0.08943301688572368], [-0.20518492412977402, 0.9549070974881233, 0.2145963235394935], [-0.13441572091947543, 0.18968990630934165, -0.9725996881626331]], "T": [0.010627778569319679, 0.005805483990427768, 0.06055840710148363], "aligned_model": [[-0.6025753404489476, -0.07911527436677085, 0.5650863416856662, -0.07683632165543389, -0.16385631643595044, 0.5727038750324052, -0.5892970880457475, -0.4208541821475154, 0.19774856339669739, 0.24928592807237654, 0.6616207605413424, -0.31485958499388994, -0.0006780574362274944, 0.02238163303015024], [0.20950046968803823, 0.1335518581564791, 0.09647255461309717, -0.45492424292430855, -0.6924238288252194, -0.48694345066461375, -0.3692358906086667, 0.003564150480472497, -0.16934027000372792, 0.4782276259146603, -0.017339708311238336, 0.5821399120380106, 0.7583319184183543, -0.027677654146471976], [-0.33080488309892414, -0.6098771044324383, -0.5390157727119004, -0.5486506960119116, 0.2730460973039419, -0.3140609625919727, -0.01873400563408948, 0.5629795668411435, 0.729489755795913, 0.2979724561256211, 0.37936106267213543, 0.2992841874888953, -0.28687427422410405, -0.008960675063351471]], "inverted": false, "swapped": false, "error_lsq": 0.04092428008325926, "error_max": 0.23341790346965616, "target": "925.xyz", "model": "8.xyz", "model_rescale": 4.121658175737393, "target_rescale": 4.224941914349427},
{"mapping": [5, 10, 8, 4, 2, 1, 9, 0, 7, 12, 3, 6, 13], "R": [[0.6071314894396671, -0.09267586865625645, -0.7891783942174162], [0.3600495311596819, 0.9174515449843001, 0.16925423988075933], [0.7083471533382939, -0.38690288959211544, 0.5903816260545435]], "T": [-0.0028698672711363893, -0.04197245754863485, -0.02469651539398327], "aligned_model": [[-0.5438116174935307, -0.24621496828743558, 0.4138790639938048, 0.1379289332156075, -0.7764186597429359, -0.5290931642940745, 0.0885444037116315, 0.15956120429372211, 0.8505906379066922, -0.14365672926531217, -0.32570952571398637, 0.3758927959714018, 0.015245122139612696], [0.2698713469781956, -0.24852378308113782, 0.07383547106873076, 0.6622743471279797, -0.45075821419907314, 0.060541526707421744, -0.6489836018712791, -0.06486647813979826, -0.007410485493264923, -0.7149141078125782, 0.5304126414295288, 0.41631365296816947, -0.08740487627118498], [-0.5835530298915717, -0.5862560588971663, -0.54143799320001, -0.36290123894912685, 0.03547165989820783, 0.40102610154096857, -0.23059861511418714, 0.7228412506448099, -0.052290468943444024, 0.3877383487062087, 0.09586592054628729, 0.15423731016839673, -0.019067752550284353]], "inverted": true, "swapped": true, "error_lsq": 0.04130488088290085, "error_max": 0.22501210203711003, "target": "925.xyz", "model": "9.xyz", "model_rescale": 3.833441315466971, "target_rescale": 4.224941914349427},
{"mapping": [7, 11, 8, 12, 1, 0, 6, 4, 5, 2, 13, 3, 9, 14], "R": [[0.05024291794511962, -0.5683996896140089, 0.8212170492890771], [-0.38918906215308935, 0.7461134651896935, 0.5402282582048324], [-0.9197866726022719, -0.3467513372855635, -0.18372802451970852]], "T": [-0.00473860953593552, -0.08093752359951635, -0.08958285138839006], "aligned_model": [[-0.4098353274522397, -0.1474351053143069, 0.40530185219866166, -0.20716878971981803, -0.0028492231558480104, 0.4892504829292451, -0.5649137688950728, -0.5032498640674363, 0.2114913046696082, 0.3199676790445254, 0.7035619212315986, -0.3764596249121234, 0.11924167523722812, -0.016148275565867006], [0.35348216682928, 0.0162412692656949, 0.38770835514239366, -0.556596503982636, -0.7696358428166599, -0.5365625539825928, -0.41868894392139777, -0.022535473638905748, -0.15806571386483648, 0.42994845477114874, -0.02524327455674101, 0.6135261428415307, 0.717975721813545, 0.012349639925042288], [-0.3913943132035489, -0.7495306321660847, -0.5584082159490562, -0.39908343917843714, 0.17743772504798372, 0.02088691785874071, 0.09305705923476043, 0.5300850514079921, 0.5466019236071064, 0.2979885590486874, 0.2722113582842437, 0.27629356554577933, -0.15497888967703352, -0.07601191740217496]], "inverted": false, "swapped": false, "error_lsq": 0.040652240434148175, "error_max": 0.2272941688036145, "target": "925.xyz", "model": "10.xyz", "model_rescale": 4.2482417240324, "target_rescale": 4.224941914349427},
{"mapping": [2, 5, 8, 4, 12, 11, 9, 6, 3, 0, 1, 13], "R": [[0.532058082989171, 0.5961150454687518, -0.6012994668978817], [0.6778084412025744, -0.725469257272322, -0.1194574141160025], [-0.5074346394959897, -0.34400757160058837, -0.7900435920384656]], "T": [0.03745138254646368, 0.05674779479811906, 0.02991878006965496], "aligned_model": [[-0.8096012511684659, -0.04888413270882742, 0.5284172908167889, 0.6609648235229006, -0.5816169208488794, 0.024130902982647758, -0.23819251713367157, 0.5730515397332745, 0.1370729028488637, -0.012600766972422774, -0.3767727951585688, 0.020796526449367213], [-0.164398327909028, -0.7767547360692529, -0.11230194154605133, -0.40713425190167585, 0.5580473186801416, 0.6657224530432196, 0.2351509005759254, 0.19485262612877044, -0.2978803111493541, 0.6759521775067018, 0.0037918021960143405, 0.09108368049522872], [-0.02204242296722172, 0.03212086887757946, 0.4594389384842899, -0.1319908701123887, 0.12062239291026908, 0.16732279021395186, 0.5879577978438124, -0.2521524082395824, -0.527485836632016, -0.41707273618745333, -0.5125513253922052, 0.06102510105532137]], "inverted": true, "swapped": true, "error_lsq": 0.03679898598671712, "error_max": 0.19243329425197622, "target": "925.xyz", "model": "11.xyz", "model_rescale": 3.6694154284099745, "target_rescale": 4.224941914349427},
{"mapping": [4, 11, 9, 6, 5, 7, 0, 1, 12, 2, 10, 3, 8, 13], "R": [[-0.5178071419673497, 0.34083622766593424, 0.7846696308880959], [0.5438931565760021, 0.8391359427210029, -0.005577083783338516], [-0.6603453626379135, 0.42388858859868994, -0.619889075963122]], "T": [0.026041759369921792, -0.0640642297182733, -0.01809726999456944], "aligned_model": [[-0.6406817303308294, -0.03470555135382638, 0.6292000084865291, -0.199625733599209, 0.05471702925157694, 0.5997474561777519, -0.5637781128881543, -0.46596270364254233, 0.19225917235896947, 0.12092182184937525, 0.6172333599195856, -0.4041807037726597, 0.20022464029574852, -0.08461401652416087], [0.18906736801147433, 0.15237854358588676, 0.19095682162926814, -0.427281911001265, -0.8618518465451918, -0.48566944981366134, -0.4041162693564377, 0.2742446804039364, -0.2766847101502715, 0.4304773272977788, 0.02007936705879966, 0.6782939638694735, 0.6471929211227248, -0.0831833622876493], [-0.21579105407067456, -0.7212977670303087, -0.48269457603741805, -0.38823499040969345, 0.06724580126210632, -0.23087915434590633, 0.19919284264944725, 0.5818628818566194, 0.6055475032430354, 0.397522743383457, 0.1985617567488055, 0.05304937591364302, -0.20881024983866614, 0.029879639134511388]], "inverted": false, "swapped": false, "error_lsq": 0.046699019335565715, "error_max": 0.2624560002050706, "target": "925.xyz", "model": "12.xyz", "model_rescale": 3.9764082729961374, "target_rescale": 4.224941914349427},
{"mapping": [7, 9, 5, 1, 10, 12, 8, 3, 11, 6, 13, 7, 4, 15], "R": [[0.9246870784583903, -0.19326784440930322, 0.32802644291195165], [0.3258320842510043, 0.8473961710744433, -0.41922927154603484], [-0.19694481410977271, 0.4945374298935864, 0.8465491542902356]], "T": [0.05877889154187745, 0.0012026560935394057, -0.047941934549924396], "aligned_model": [[-0.5748065435229324, 0.16244727540938966, 0.5106574438022695, -0.1163902800143706, -0.005242083323280251, 0.468128345536513, -0.4831680243030625, -0.4671340741514638, -0.02359723178219123, 0.5696999836553829, 0.5554893695656127, -0.5748065435229324, -0.020962272145165196, 0.020439571024384977], [0.4058149638807528, -0.041508718615461085, 0.458024009487053, -0.5296394242935526, -0.7786458550700176, -0.4480035143536121, -0.35727935941540756, 0.1788005536984313, -0.37439013622210304, 0.48845141113316626, -0.15540278020632017, 0.4058149638807528, 0.704775805555183, 0.08709152436600051], [-0.12470179244342916, -0.6386429851452212, -0.5864063539180834, -0.34934701958930675, 0.13613553113114016, -0.24251936359750503, 0.23033314807758892, 0.5847649380186988, 0.6468162445426624, 0.24396060748269982, 0.2733585237903367, -0.12470179244342916, -0.16831590162623122, 0.004420968179037303]], "inverted": false, "swapped": false, "error_lsq": 0.05028248446876981, "error_max": 0.3926374726997384, "target": "925.xyz", "model": "13.xyz", "model_rescale": 4.170626492500431, "target_rescale": 4.224941914349427},
{"mapping": [4, 2, 3, 0, 7, 1, 8, 12, 10, 11, 9, 5, 6, 13], "R": [[0.579280013022445, 0.7435078830596917, -0.3341117991643096], [0.7672376983851115, -0.6357647753572754, -0.08455450663110825], [-0.27528345516836433, -0.2073624320917587, -0.9387331042780785]], "T": [-0.010053405633276306, -0.02769100373357058, -0.07770582201604755], "aligned_model": [[-0.6972883880173849, -0.14313095419345795, 0.5391755269526715, -0.018546157379430023, -0.020967761500279083, 0.5706426352745411, -0.5664988391669773, -0.457187404182431, 0.022376263466156288, 0.3599657987410296, 0.6533636881045628, -0.2621607044018072, 0.03223121733319458, 0.008780015197766443], [0.06841949831033178, 0.07034170357062189, 0.2497437761321622, -0.4912948362975489, -0.8130853663737463, -0.5130577652461902, -0.4212641067324083, 0.17568629277855438, -0.2140571076327505, 0.45607430329792603, -0.145166265346098, 0.7676411555683043, 0.7883097043141042, 0.0656124574816035], [-0.22445043342445165, -0.7145826716535323, -0.38891495903042955, -0.45301604853226096, 0.12345673627412866, -0.21196558809689764, 0.21729415239120797, 0.4648943842049202, 0.4538431379625894, 0.28106508990139456, 0.37216500512146083, 0.28438324802622633, -0.2773157470106836, -0.04170155367471397]], "inverted": true, "swapped": false, "error_lsq": 0.04750994992995372, "error_max": 0.30171726382837216, "target": "925.xyz", "model": "14.xyz", "model_rescale": 3.9786697098870705, "target_rescale": 4.224941914349427},
{"mapping": [11, 8, 0, 12, 6, 3, 10, 5, 1, 9, 4, 13], "R": [[0.21646284889030734, -0.4043928102204033, 0.8886001857372847], [0.3488904648604898, 0.8821183233331882, 0.31645332541984195], [-0.9118219555262548, 0.24152374351580838, 0.3320346408710795]], "T": [0.033839286892878004, -0.02934635033654651, -0.03768730009768233], "aligned_model": [[0.15355779044320383, -0.6357177107555471, 0.57438213019188, 0.5489383008342302, -0.08388309327224597, 0.22464122735227765, -0.27571070794722435, -0.18898675259157266, 0.6545811666391057, -0.1000274165346771, -0.42379453132150563, 0.03537419372941193], [-0.4053865441168914, -0.012629841115758132, -0.0021401590320687842, -0.6394678154689418, 0.39491659649309574, 0.5862503967300275, -0.2564373514438149, 0.29184866269674803, 0.1744096885452292, -0.6593846992888994, 0.6185970793530163, -0.07590152312730344], [-0.5215970893493489, -0.11203034379223505, -0.5787916879525039, -0.10978949088837012, -0.47546238075586167, 0.13843967703407467, 0.48177192551869, 0.7035059669265431, 0.16681897661776252, 0.028238093365065567, -0.007506188464907221, -0.05363096438507897]], "inverted": true, "swapped": true, "error_lsq": 0.053435559882723645, "error_max": 0.30285392800225813, "target": "925.xyz", "model": "15.xyz", "model_rescale": 3.769337070930944, "target_rescale": 4.224941914349427},
{"mapping": [9, 2, 8, 10, 11, 0, 6, 1, 4, 5, 13], "R": [[0.9815297281864839, 0.0916788680805796, 0.16791181564628205], [0.10724589375816981, 0.46313452763195917, -0.8797753847358617], [-0.15842257086090566, 0.8815335469864921, 0.44474812487433335]], "T": [0.04162656045292239, 0.06032137417602436, -0.057143694451183016], "aligned_model": [[-0.35587725484760263, -0.45507002409572844, -0.10700032486564294, -0.591493322162317, 0.2967164021980368, 0.6721759888917832, 0.5632556487594027, 0.17309883562855322, 0.17713487926886423, -0.483285407809762, 0.03297070972558364], [0.0630456822605467, -0.6599900270610385, 0.7170882605495855, 0.17062387142198482, 0.018631241245682315, -0.29593594323662603, 0.3644749344535485, -0.5495257421277975, 0.5933409962468947, 0.11880879748571081, 0.05550242638685032], [-0.5682190977992337, 0.0024191013062927064, -0.0832245082795824, 0.00783308991016092, -0.6255612672082046, -0.30454790405193843, 0.08741886672094722, 0.22474521534085207, 0.5153053226410316, 0.5934189745062487, -0.1053701858627975]], "inverted": true, "swapped": true, "error_lsq": 0.047527970528133845, "error_max": 0.29391775356690747, "target": "925.xyz", "model": "16.xyz", "model_rescale": 3.7852294659196426, "target_rescale": 4.224941914349427},
{"mapping": [5, 8, 6, 4, 10, 9, 12, 11, 3, 1, 2, 0, 13], "R": [[0.6532174284428407, 0.37260397141778706, 0.6591458652394135], [-0.1941301256844034, -0.7590235896342499, 0.6214472501190229], [0.7318609741476041, -0.5339002442989054, -0.4234737815464958]], "T": [-0.024823147550843534, 0.020763874041803597, 0.06303139741420791], "aligned_model": [[-0.12004804649086048, -0.37666990869275135, 0.3574901591706862, 0.1985128297207927, -0.5259856438873827, -0.6029809964849615, -0.17407230022082443, -0.10477925576068187, 0.5056915342675017, 0.4302576307883305, -0.14141420504375457, 0.46275299270056275, -0.05498893985037402], [-0.18669822039095677, -0.5502660953851292, -0.3923656740576903, -0.6974407704577501, -0.0055034746515750035, 0.2651743903418034, 0.7570927676062568, 0.2250879812459461, -0.12089697849496936, 0.45875005771630073, 0.7386074959996176, 0.33951663384272057, 0.043997510388299674], [-0.7432420285073369, 0.12815845489800043, 0.3250717379733413, -0.19088478762749453, -0.34363257667953806, 0.22181355692284715, 0.3428855973557341, 0.6476390534874479, -0.31758891574488335, -0.20103187145169696, -0.4270816489536826, 0.5594051340478521, 0.09424299142258313]], "inverted": true, "swapped": true, "error_lsq": 0.047769551379895844, "error_max": 0.3182889256830873, "target": "925.xyz", "model": "17.xyz", "model_rescale": 3.901054581598922, "target_rescale": 4.224941914349427},
{"mapping": [3, 11, 6, 9, 5, 10, 13, 2, 8, 1, 4, 0, 7, 14], "R": [[-0.002813465305477242, 0.9251522596831685, -0.37958580165240985], [-0.5795357900590954, 0.3078343589190814, 0.7545702588291292], [0.8149419319519371, 0.22210651469960502, 0.5352927644517895]], "T": [0.011176764867100838, -0.004535578600382742, -0.015932180037060185], "aligned_model": [[-0.6830743102963774, 0.1966134521810544, 0.4992851662818764, -0.12906394235686877, -0.176155982145402, 0.5724761797347164, -0.6326190723106316, -0.567889509925595, 0.1743442732705416, 0.34683153162578717, 0.7353128651951512, -0.2734308819245496, -0.03120756210035439, -0.01066727100119354], [0.31317963478363153, -0.062278540018333675, 0.3797276239916772, -0.5539045103255548, -0.5524420959172524, -0.5536475486057783, -0.33560816579236014, -0.08526205040827013, -0.15857808287755698, 0.56477802010729, -0.09316059769794509, 0.6135890112174439, 0.5850461200540212, -0.017535374686146833], [-0.03780401881390142, -0.7898895266210875, -0.4376165701585667, -0.3516641300012516, 0.21814246014010413, -0.2523063736262236, -0.07441346202721433, 0.5687930444361697, 0.6086200781586034, 0.2052090719141015, 0.28959438853177794, 0.31936619059683985, -0.3163885216851404, -0.06448787838525318]], "inverted": true, "swapped": false, "error_lsq": 0.049553762822118055, "error_max": 0.27898525731625323, "target": "925.xyz", "model": "18.xyz", "model_rescale": 3.9405287249114394, "target_rescale": 4.224941914349427},
{"mapping": [3, 12, 13, 0, 8, 7, 6, 2, 5, 11, 9, 10, 14, 15], "R": [[-0.20163428948609152, 0.9433134251445076, 0.2636349659009152], [0.5918298463116097, -0.09713071920301147, 0.8001893878338318], [0.7804364460468358, 0.3173726600216903, -0.5386961558731798]], "T": [0.004643545329580319, -0.032957077346075364, -0.172663946822116], "aligned_model": [[-0.6481647390039305, -0.1218055122032856, 0.5542311926106462, -0.26383311108986973, 0.06815185554332527, 0.5868852744011381, -0.41777763109452504, -0.5124674426417295, 0.049571362799007854, 0.33326723582033896, 0.6308241312301396, -0.2837342984591268, 0.06144503586379625, -0.015838417547770354], [0.4630468534695805, 0.1238075336299444, 0.3215944868623589, -0.6443679332229427, -0.7048711535573471, -0.4272665365460465, -0.488177150436069, 0.0583941110723514, -0.2576935689362584, 0.4308394535951543, -0.11946524116504627, 0.5833131688915424, 0.7230746624049161, -0.018325242237272013], [-0.40342364736560593, -0.6821485440416786, -0.3262101992849561, -0.33628334735182197, 0.16905278419775255, -0.20643032439703068, 0.24280986746301525, 0.5198506519459702, 0.626546690822327, 0.2701819065342537, 0.2625647957839273, 0.22097705683544022, -0.33055175901281736, -0.14178117966981796]], "inverted": false, "swapped": false, "error_lsq": 0.0436462275766489, "error_max": 0.25143678698863225, "target": "925.xyz", "model": "19.xyz", "model_rescale": 4.410303926677745, "target_rescale": 4.224941914349427},
{"mapping": [12, 9, 10, 8, 1, 5, 7, 2, 0, 6, 3, 4, 11, 13], "R": [[-0.9694491017477693, -0.22840791275952171, 0.08943301688572368], [-0.20518492412977402, 0.9549070974881233, 0.2145963235394935], [-0.13441572091947543, 0.18968990630934165, -0.9725996881626331]], "T": [0.010627778569319679, 0.005805483990427768, 0.06055840710148363], "aligned_model": [[-0.6025753404489476, -0.07911527436677085, 0.5650863416856662, -0.07683632165543389, -0.16385631643595044, 0.5727038750324052, -0.5892970880457475, -0.4208541821475154, 0.19774856339669739, 0.24928592807237654, 0.6616207605413424, -0.31485958499388994, -0.0006780574362274944, 0.02238163303015024], [0.20950046968803823, 0.1335518581564791, 0.09647255461309717, -0.45492424292430855, -0.6924238288252194, -0.48694345066461375, -0.3692358906086667, 0.003564150480472497, -0.16934027000372792, 0.4782276259146603, -0.017339708311238336, 0.5821399120380106, 0.7583319184183543, -0.027677654146471976], [-0.33080488309892414, -0.6098771044324383, -0.5390157727119004, -0.5486506960119116, 0.2730460973039419, -0.3140609625919727, -0.01873400563408948, 0.5629795668411435, 0.729489755795913, 0.2979724561256211, 0.37936106267213543, 0.2992841874888953, -0.28687427422410405, -0.008960675063351471]], "inverted": false, "swapped": false, "error_lsq": 0.04092428008325926, "error_max": 0.23341790346965616, "target": "925.xyz", "model": "20.xyz", "model_rescale": 4.121658175737393, "target_rescale": 4.224941914349427},
{"mapping": [12, 1, 3, 0, 6, 9, 5, 11, 10, 8, 4, 7, 13], "R": [[0.9963066151311487, -0.07418908244222785, 0.043233189707603], [0.0614694263334302, 0.9677813140696842, 0.24417378598816614], [-0.05995530228555492, -0.24061443885173656, 0.9687672855458692]], "T": [0.0285092390473105, -0.05030880810460632, 0.07068066568304054], "aligned_model": [[0.060099934368353765, 0.07861653719957154, 0.1041995955990104, 0.6836131658289191, 0.519838872397811, -0.25603530347280806, -0.6157508198709238, 0.39260583432519836, -0.6003668688515628, -0.08895221711064727, 0.06266537081133838, 0.5108354846395984, 0.029713318800435807], [-0.7330290740615207, 0.09667840677967375, 0.5508342703900146, -0.2514906990436413, 0.2594463897317233, -0.6117424766023923, 0.483292025127297, -0.5529593244535022, -0.082310435068844, 0.05423032763972023, 0.6483290170408933, -0.2214300007587392, -0.09902152255749927], [0.4898095106893511, 0.7374218742490994, 0.35225377636422195, 0.41139373076320096, -0.14875391886239606, -0.08111331357674612, 0.11950961824932721, 0.0022441309554595, -0.07326427501643853, -0.5845958243128644, -0.30469760631685017, -0.6137385920243354, 0.06364062832075969]], "inverted": true, "swapped": true, "error_lsq": 0.053991003988794625, "error_max": 0.2847476730979649, "target": "925.xyz", "model": "21.xyz", "model_rescale": 4.08911054899281, "target_rescale": 4.224941914349427},
{"mapping": [7, 5, 9, 8, 1, 11, 0, 4, 2, 14, 15, 13, 12, 16], "R": [[0.12747315848604446, -0.46277276383330074, -0.8772639072250039], [-0.9842611103708749, -0.16816845074585662, -0.0543087358095454], [-0.12239550840240987, 0.8703796535006013, -0.47692619795424235]], "T": [-0.021428685789819324, 0.01515682442792832, -0.05262317634407233], "aligned_model": [[-0.6095876768552948, 0.23917980411580414, 0.42054196153345585, -0.048776864402659686, -0.006617488337653424, 0.4946264779171455, -0.7190958928566731, -0.36516677556127713, 0.10897470161009476, 0.3746618662446873, 0.6073689198199852, -0.3830314830906622, -0.029667926674835653, -0.06265468723396217], [0.3404260994435979, -0.045767806915305895, 0.398675811826624, -0.5792868707952239, -0.7324504227811005, -0.5133165097253835, -0.25070659044882393, 0.0585934509349397, -0.21218658058929984, 0.46639298189665507, -0.15910852283747173, 0.5039577285551523, 0.7445940486599636, 0.024086626600542463], [-0.28514218195233754, -0.7053868841533909, -0.45897615685712695, -0.40850347700157935, 0.21357677410034553, -0.25336189547595106, 0.15391135101850256, 0.5525623910530019, 0.620105418352967, 0.17391774872008012, 0.2725724229742759, 0.2063112924638717, -0.16586167177909278, -0.030570379004607778]], "inverted": true, "swapped": false, "error_lsq": 0.03970538338759095, "error_max": 0.26773959940879255, "target": "925.xyz", "model": "22.xyz", "model_rescale": 4.204369325754507, "target_rescale": 4.224941914349427},
{"mapping": [3, 12, 13, 0, 8, 7, 6, 2, 5, 11, 9, 10, 14, 15], "R": [[-0.20163428948609152, 0.9433134251445076, 0.2636349659009152], [0.5918298463116097, -0.09713071920301147, 0.8001893878338318], [0.7804364460468358, 0.3173726600216903, -0.5386961558731798]], "T": [0.004643545329580319, -0.032957077346075364, -0.172663946822116], "aligned_model": [[-0.6481647390039305, -0.1218055122032856, 0.5542311926106462, -0.26383311108986973, 0.06815185554332527, 0.5868852744011381, -0.41777763109452504, -0.5124674426417295, 0.049571362799007854, 0.33326723582033896, 0.6308241312301396, -0.2837342984591268, 0.06144503586379625, -0.015838417547770354], [0.4630468534695805, 0.1238075336299444, 0.3215944868623589, -0.6443679332229427, -0.7048711535573471, -0.4272665365460465, -0.488177150436069, 0.0583941110723514, -0.2576935689362584, 0.4308394535951543, -0.11946524116504627, 0.5833131688915424, 0.7230746624049161, -0.018325242237272013], [-0.40342364736560593, -0.6821485440416786, -0.3262101992849561, -0.33628334735182197, 0.16905278419775255, -0.20643032439703068, 0.24280986746301525, 0.5198506519459702, 0.626546690822327, 0.2701819065342537, 0.2625647957839273, 0.22097705683544022, -0.33055175901281736, -0.14178117966981796]], "inverted": false, "swapped": false, "error_lsq": 0.0436462275766489, "error_max": 0.25143678698863225, "target": "925.xyz", "model": "23.xyz", "model_rescale": 4.410303926677745, "target_rescale": 4.224941914349427},
{"mapping": [7, 0, 3, 12, 6, 5, 13, 14, 15, 10, 4, 11, 1, 16], "R": [[-0.4187020656879181, -0.9058324166659972, 0.0644686986506619], [0.8518625024384174, -0.41637020262815716, -0.3177516818252034], [0.3146726189677587, -0.07812481859452168, 0.9459797331822417]], "T": [0.015065598127392226, 0.03869258315476871, 0.09103865919039797], "aligned_model": [[-0.46826931979953945, 0.08696926255422575, 0.5985973446330569, -0.15881746174382344, -0.24469344396773995, 0.3438816554871206, -0.5987248565250607, -0.40231239545234965, 0.1600231031554143, 0.34968058818791375, 0.6987683172390626, -0.3465666446335352, -0.07173755381965101, 0.07395634091306026], [0.21592168863375083, -0.0575599422572805, 0.43406950357827745, -0.5433979433182597, -0.6624590330939529, -0.4864300735526606, -0.29998393481324453, -0.11155828277872298, -0.3728472168545885, 0.5621821693869123, 0.013914844895357444, 0.49793173545209324, 0.753419532019644, 0.10070039652754043], [-0.3295657843976174, -0.65458264246344, -0.46790568173321556, -0.4353748049837942, 0.228187267792244, -0.017258290272031726, 0.03863524533467523, 0.6022825127243261, 0.6557832966851321, 0.28539762556167536, 0.014742993801026921, 0.33402633090174094, -0.37582957805508244, 0.006616261563318779]], "inverted": false, "swapped": false, "error_lsq": 0.04464994774294218, "error_max": 0.3062730243257968, "target": "925.xyz", "model": "24.xyz", "model_rescale": 4.28219845311461, "target_rescale": 4.224941914349427},
{"mapping": [0, 2, 14, 13, 7, 12, 4, 3, 9, 8, 11, 1, 6, 15], "R": [[-0.25742743184048694, 0.09641935150767755, 0.9614751301988267], [-0.935047192191981, 0.2261446218820619, -0.2730299587366046], [-0.24375780133137126, -0.9693100219479105, 0.03194081466458837]], "T": [0.04996598131325789, -0.00695261001034796, 0.04189539553588644], "aligned_model": [[-0.5414121662719719, -0.1122956421818328, 0.5543034689782964, 0.07784761730803122, -0.2578060513748133, 0.6612214724714156, -0.6594987980566812, -0.4541375439391617, 0.2481040330241009, 0.18205658146484852, 0.5817853461696606, -0.2984284944487075, 0.0454286691236984, -0.00641355603872832], [0.4385335599264072, 0.013762264718387974, 0.11572313702328614, -0.5047061528810833, -0.7037742636291474, -0.44026982031349426, -0.16174328683221753, -0.11595086386510103, -0.418483162568832, 0.6451352699998335, 0.012036208503101203, 0.3737985469202547, 0.761426315353844, 0.028415691469626757], [-0.30069492976468154, -0.6229520184574522, -0.5155442734150111, -0.28118428793382744, 0.20083552480864056, -0.1098373300612056, -0.04382593336365472, 0.6198611050243669, 0.5401499496084106, 0.2400860285744935, 0.15715449141898924, 0.4207452927263491, -0.42902962483921087, 0.009390758132752128]], "inverted": false, "swapped": false, "error_lsq": 0.05042144745900131, "error_max": 0.2789629546806345, "target": "925.xyz", "model": "25.xyz", "model_rescale": 4.100010024507729, "target_rescale": 4.224941914349427},
{"mapping": [2, 5, 8, 4, 12, 11, 9, 6, 3, 0, 1, 13], "R": [[0.532058082989171, 0.5961150454687518, -0.6012994668978817], [0.6778084412025744, -0.725469257272322, -0.1194574141160025], [-0.5074346394959897, -0.34400757160058837, -0.7900435920384656]], "T": [0.03745138254646368, 0.05674779479811906, 0.02991878006965496], "aligned_model": [[-0.8096012511684659, -0.04888413270882742, 0.5284172908167889, 0.6609648235229006, -0.5816169208488794, 0.024130902982647758, -0.23819251713367157, 0.5730515397332745, 0.1370729028488637, -0.012600766972422774, -0.3767727951585688, 0.020796526449367213], [-0.164398327909028, -0.7767547360692529, -0.11230194154605133, -0.40713425190167585, 0.5580473186801416, 0.6657224530432196, 0.2351509005759254, 0.19485262612877044, -0.2978803111493541, 0.6759521775067018, 0.0037918021960143405, 0.09108368049522872], [-0.02204242296722172, 0.03212086887757946, 0.4594389384842899, -0.1319908701123887, 0.12062239291026908, 0.16732279021395186, 0.5879577978438124, -0.2521524082395824, -0.527485836632016, -0.41707273618745333, -0.5125513253922052, 0.06102510105532137]], "inverted": true, "swapped": true, "error_lsq": 0.03679898598671712, "error_max": 0.19243329425197622, "target": "925.xyz", "model": "26.xyz", "model_rescale": 3.6694154284099745, "target_rescale": 4.224941914349427},
{"mapping": [1, 0, 4, 2, 12, 11, 6, 3, 9, 8, 10, 7, 5, 13], "R": [[0.4897511036660651, -0.497710443714944, -0.7158408836291378], [0.24648145819362677, -0.7085157036036211, 0.6612506245848159], [-0.8362958491016289, -0.5002897280218127, -0.22431995187955575]], "T": [0.04487300933259504, 0.055478693119702396, 0.014012361603512406], "aligned_model": [[-0.7345255926038889, -0.06393929735561758, 0.6371581598531235, 0.10657225910061167, -0.1835428704474092, 0.3826466842669659, -0.5163869736135185, -0.5030239246227027, 0.24095159870964444, 0.47105046454817945, 0.6304255001704634, -0.2659419767692439, -0.23091272325883655, 0.050223628250383984], [0.2734255337410209, 0.19625353717858135, 0.2637040355753972, -0.4296433607616201, -0.6640465499679841, -0.7271557621003858, -0.30583699278056287, -0.075431201758572, -0.10058212862046494, 0.4944340654784715, -0.08045270272572534, 0.43787380316056873, 0.7451963321558934, 0.016164835250248116], [-0.33909335579340083, -0.6226002901137859, -0.5164318647964079, -0.45819462862356375, 0.25863947330902537, 0.11182710113124128, -0.14607710860031015, 0.5932383706180295, 0.6480957490030269, 0.19853377004543832, 0.03728586563102079, 0.405543393515149, -0.2584033277803776, -0.02720839508612754]], "inverted": true, "swapped": false, "error_lsq": 0.05662045457457084, "error_max": 0.3892872275124329, "target": "925.xyz", "model": "27.xyz", "model_rescale": 4.103607728864725, "target_rescale": 4.224941914349427},
