[{"mapping": [12, 3, 2, 5, 6, 11, 4, 8, 1, 0, 10, 13], "R": [[-0.2981666115147012, 0.6199998467075343, 0.7257388386055107], [0.8123732002730739, -0.23435772351943113, 0.5339721349516978], [0.5011451439013707, 0.7487834450022411, -0.43379361133452676]], "T": [-0.07167199960025607, -0.08555911597618823, -0.04937864049324302], "aligned_model": [[-0.2877978770811472, 0.049963988108342586, 0.3983819283944535, -0.2434962046226236, 0.19680770452060087, -0.5982545963313187, 0.5294264297684078, -0.13905344363714428, 0.5617542840801303, 0.11906799763409147, -0.649542416769029, -0.0996153316042149], [-0.49677954795657475, -0.7159385416666566, -0.44184459357562067, 0.6904502281525544, 0.45362186391958226, -0.5391561505521543, -0.28902624978173586, -0.5843996421743675, 0.31619350880258656, 0.44088455216386124, 0.20704389459903308, 0.012505714046549085], [-0.4323965552161986, -0.05107958742533451, -0.4817687029826645, -0.11993723030359989, -0.4657314895274828, 0.040515155610318834, 0.2433560173030363, 0.5571950431115531, 0.05040969327960772, 0.4996106657037135, 0.3030656751992838, 0.03871306060132933]], "inverted": true, "swapped": true, "error_lsq": 0.05747757839714549, "error_max": 0.3834754215684424, "target": "927.xyz", "model": "0.xyz", "model_rescale": 3.751011558992144, "target_rescale": 4.1356572312713284},
{"mapping": [0, 7, 11, 9, 12, 1, 6, 2, 13, 4, 8, 5, 10, 14], "R": [[-0.307310367517496, -0.31581918347137533, -0.8976739838982389], [0.301503537499966, 0.8624085094562342, -0.4066290443296979], [0.9025829351872704, -0.3956132027232541, -0.16980647496424073]], "T": [-0.11288216917272749, -0.06155852954380975, 0.04655465202530987], "aligned_model": [[-0.7642580464455776, -0.22595449217292357, 0.5507464923276962, 0.47683018898399626, 0.24859714788024562, -0.6130331306006078, 0.019851541796465325, -0.5617782264580067, 0.09962424892381148, -0.2689849534003857, -0.5132650347688703, 0.017155884570049282, 0.43175679858851507, -0.06730958621376308], [-0.39226191750869743, -0.2952569675293284, -0.0426163050603971, -0.14999167774426758, -0.6299123642296012, 0.18331148822098964, 0.2271789751894966, -0.46661712732035415, -0.6153436963795376, 0.7135973051302837, 0.2641034778788857, -0.06998606856093365, 0.5391889306465765, -0.09019335529799921], [-0.1580162505856317, -0.5635901780369569, -0.3961294121711012, 0.32692678735777436, -0.26694451227673943, -0.3724599534700954, -0.6336939500334313, 0.6106095820712579, 0.4656789886619255, 0.06497536419642219, 0.4637549276703701, 0.6573779719473032, 0.16872106311947904, 0.03621062573749502]], "inverted": true, "swapped": false, "error_lsq": 0.04041964218937934, "error_max": 0.26829460054545734, "target": "927.xyz", "model": "1.xyz", "model_rescale": 3.9405287249114394, "target_rescale": 4.1356572312713284},
{"mapping": [2, 6, 1, 10, 5, 4, 12, 9, 0, 7, 7, 8, 13], "R": [[0.446716907008702, -0.8926763010684314, -0.05977479822937157], [-0.8030386715981886, -0.42952090241730606, 0.4130867781767408], [-0.3944273024403806, -0.13653137330813914, -0.9087278400006231]], "T": [-0.039429442658364164, 0.15110895403106842, 0.09766344842198743], "aligned_model": [[-0.39403936698200304, 0.23012413032309137, -0.32660494845657606, 0.39295687970621807, 0.5347369726745305, -0.7107085524549487, 0.056553226691829134, 0.6900707471878159, -0.12411641210557893, -0.1682124759083446, -0.1682124759083446, -0.5136310611332202, -0.002933384350537263], [0.7879338773304583, 0.42191801236948867, 0.10082390657279602, -0.4218440665260841, -0.08901378289503514, 0.11812727537939015, 0.574250211561356, 0.10267915179351346, -0.4670284880901967, -0.7252326375875591, -0.7252326375875591, -0.24998958056608775, 0.03144135181753607], [0.0380226775766461, -0.5269568368072899, -0.600615423378243, 0.2665854451155355, -0.4017027227566449, -0.093930762940586, 0.5151010664607075, 0.16471012735894483, -0.3773609303649876, 0.24932135293325064, 0.24932135293325064, 0.583015438012949, 0.04760956544511141]], "inverted": true, "swapped": true, "error_lsq": 0.05625531475507084, "error_max": 0.38315144211364055, "target": "927.xyz", "model": "2.xyz", "model_rescale": 3.932901565614263, "target_rescale": 4.1356572312713284},
{"mapping": [1, 10, 12, 5, 6, 11, 11, 0, 4, 8, 3, 7, 9, 13], "R": [[-0.13506401611191013, -0.7756717500313988, 0.6165152453548485], [-0.33675277997508224, 0.6211138806180968, 0.7076829180378617], [-0.931855824004323, -0.1120307257262759, -0.3450997533503442]], "T": [-0.14521348760721475, -0.09549416440728178, 0.10734494874048868], "aligned_model": [[-0.6589197290950733, -0.06296783955968056, 0.4677392852608433, 0.5513204054210626, 0.22418084019969664, -0.46850446706458815, -0.46850446706458815, -0.5635468277055076, 0.09091423217736166, -0.2300439032077714, -0.564003657786121, 0.13835862012904954, 0.42493889959705944, -0.05098255829109816], [-0.5488742761021915, -0.2360432718847558, -0.1165036143811233, -0.24178617119348472, -0.6135147412250053, 0.41678850406542867, 0.41678850406542867, -0.4308339541624303, -0.6566424307522563, 0.6328833591403256, 0.1420613650919306, 0.16509069177691302, 0.3671971112425101, -0.12141037824617312], [-0.17429487921018055, -0.5902416351799298, -0.3476026431914728, 0.20853225163964, -0.14144165310790602, -0.5489767014824792, -0.5489767014824792, 0.5092090689505241, 0.7339091734334899, 0.13985201430477062, 0.27724975104781174, 0.7085312258531798, 0.13256355678457082, 0.04510822582853284]], "inverted": false, "swapped": false, "error_lsq": 0.04683314434107342, "error_max": 0.3688233639798588, "target": "927.xyz", "model": "3.xyz", "model_rescale": 3.9243930471874484, "target_rescale": 4.1356572312713284},
{"mapping": [7, 10, 8, 4, 3, 0, 1, 11, 12, 9, 2, 6, 13], "R": [[-0.8128510905698111, 0.41827052849249724, -0.4053675733875074], [-0.3239699634859472, -0.9030198608738554, -0.28213222720256037], [-0.4840625654999394, -0.0980045706177531, 0.8695277665604745]], "T": [-0.0060115104582970855, 0.011251771781669001, -0.016604338283267864], "aligned_model": [[-0.08630319918458751, -0.38236650939505723, 0.5158327089859271, 0.34097255065554943, 0.6335946651630993, -0.4347761977438559, -0.25805923344040693, 0.33423925129955123, 0.31872096662655397, -0.49804533047320376, 0.40351996766361653, -0.5099141985044245, -0.10020955534140899], [-0.46489440726525255, 0.08572251506627852, -0.27725582690769257, -0.5587950737288422, 0.05867969642272025, -0.6157685490082847, -0.5645942056626916, 0.3903682091410611, 0.5130738812552628, 0.5143159446271212, 0.07893452891825929, 0.021038918820679237, -0.0529960779970311], [-0.7744947233357369, -0.6463493340318784, -0.5321193616833727, 0.1909057372795393, 0.01222202346030428, -0.21133569385217904, 0.4046617243560395, -0.4978740564052104, 0.05577487395029666, -0.22598530171527736, 0.585520412681835, 0.5145580363610952, -0.08841402169449128]], "inverted": true, "swapped": true, "error_lsq": 0.04124947275973331, "error_max": 0.26785700554225816, "target": "927.xyz", "model": "4.xyz", "model_rescale": 3.8936222436046832, "target_rescale": 4.1356572312713284},
{"mapping": [2, 6, 12, 3, 9, 5, 0, 10, 8, 4, 11, 13], "R": [[0.4001353716945333, -0.759850185625293, 0.5123664506230726], [-0.19203246089671328, 0.47714626855883047, 0.8575867141941604], [-0.8961111640197493, -0.4415417690384368, 0.045007198463997776]], "T": [-0.08976848095433666, -0.07344159145059174, -0.06263568662618701], "aligned_model": [[0.03429486748671605, -0.695821564937434, -0.04384986157645741, 0.42544444630364486, -0.6473049861478714, -0.7717491046922457, -0.13269342863779288, -0.23515730755393205, 0.6412683355778162, 0.3725695241727399, 0.2005569696624423, -0.12000984744252859], [-0.5122188391359639, -0.48403946938827824, 0.17305275512180512, -0.07244619637233747, 0.40349427299631097, -0.06118320445659446, -0.29865866979590033, 0.4737420626295122, 0.15443098119166587, -0.5886313241507061, 0.5364307885768433, -0.05505025210654965], [-0.6344171268621923, -0.07864248308144534, -0.6100362521136722, -0.44569061197639953, -0.036245224945455276, 0.35142316788253386, 0.6872634113038617, 0.409825819009993, 0.12437507972697887, 0.03346262001406558, -0.24941686431249432, 0.06738318462974435]], "inverted": false, "swapped": true, "error_lsq": 0.044921116620325656, "error_max": 0.2879161376168314, "target": "927.xyz", "model": "5.xyz", "model_rescale": 3.6523030999806103, "target_rescale": 4.1356572312713284},
{"mapping": [1, 4, 3, 6, 12, 0, 8, 5, 7, 10, 11, 9, 13], "R": [[0.4101142470648601, 0.778609605341988, -0.4749456672332284], [0.7398160040176349, 0.02053642760962654, 0.6724957511690414], [0.533365338725532, -0.6271724943029854, -0.5676055653673334]], "T": [0.1985142822464616, 0.030887214723188512, 0.09805808324381265], "aligned_model": [[0.1306262333466723, -0.123047932614098, 0.1334123501073501, 0.6638605375776404, 0.540537832641434, -0.2963201089487938, -0.4550384496315275, 0.3512619640676148, -0.6421660504356004, -0.11278887362644616, 0.07073071182406368, 0.4985803544031512, 0.12143433595283414], [-0.5398093283999924, 0.029192301897151364, 0.599159126241468, -0.5201068240878359, 0.5204396704622752, -0.5772925160156176, 0.4690382876838884, -0.6556185322487375, -0.08164762882432453, -0.11998695766816125, 0.6032648995913399, -0.12252582900483627, -0.06327976546343361], [0.590286087744545, 0.7185471205749385, 0.38961459589834424, 0.22457135270231288, 0.021418369982414268, 0.11110725935647418, 0.1450285754518827, -0.2788644277256139, -0.19884638301393243, -0.5531677345408184, -0.2855765613454464, -0.5541964838091258, 0.04018796820581462]], "inverted": false, "swapped": true, "error_lsq": 0.042816633379353694, "error_max": 0.2639229950937107, "target": "927.xyz", "model": "6.xyz", "model_rescale": 4.08911054899281, "target_rescale": 4.1356572312713284},
{"mapping": [11, 1, 0, 3, 9, 13, 2, 10, 8, 7, 12, 4, 6, 14], "R": [[0.3557514863564677, 0.4791025578824103, 0.8024348066888027], [-0.6197963045120042, -0.5216841364405114, 0.5862577954275587], [0.6994951185451028, -0.7059082099089442, 0.11135608791046422]], "T": [-0.15019203353225052, -0.028198178524437838, 0.10602288422236295], "aligned_model": [[-0.5680685478739329, -0.10402006450550996, 0.6359273673164169, 0.6209828615085972, 0.12081237511111897, -0.6807144065105254, 0.025438901220077526, -0.5520779623013978, 0.05836429021472209, -0.22034999913363668, -0.8398689825376502, 0.2228702839931721, 0.24669513081876232, -0.1360124143095699], [-0.42406864834795793, -0.24049297818135645, -0.016473993825740656, -0.1812979524262961, -0.7201183029849375, 0.21878499939260088, 0.451614415618111, -0.3472583761355944, -0.5390248123650843, 0.7425433737145133, 0.09345405766190862, 0.045199657932967215, 0.2671063815371798, -0.1747671241551977], [-0.008854671638249004, -0.594509146572959, -0.4102474075884017, 0.1971336780709022, -0.14369787937212652, -0.33379508260837515, -0.5177344344132391, 0.6119509315370706, 0.5069086326210384, 0.08801499560603943, 0.23849309767679214, 0.699560376339068, 0.03954911470609351, 0.03064884982441743]], "inverted": true, "swapped": false, "error_lsq": 0.049198318857381504, "error_max": 0.3169833761509254, "target": "927.xyz", "model": "7.xyz", "model_rescale": 3.964800864290218, "target_rescale": 4.1356572312713284},
{"mapping": [8, 7, 2, 0, 1, 9, 12, 5, 3, 11, 10, 3, 6, 13], "R": [[0.0005362371036207181, -0.3825090373106504, 0.923951594416855], [0.10817359586688795, -0.9185078073313745, -0.3803181313434033], [0.9941318753601034, 0.10015110706822163, 0.040884840051218285]], "T": [-0.004470499956153617, -0.021414525453784146, -0.01649323667773075], "aligned_model": [[-0.6583358695639832, -0.04247635306827144, 0.5562667513420949, 0.5842602108545865, 0.1148130353777091, -0.6190858835590678, -0.24662616500040996, -0.5459213216206396, 0.19097370663187144, -0.21426100719553248, -0.6656357658124201, 0.19097370663187144, 0.26461262936543634, -0.07957884137260081], [-0.3567987983568867, -0.332388505708918, -0.08401675262833536, -0.3276447040736804, -0.7324215077628108, 0.2316887256267034, 0.2927596010937206, -0.4767572240997937, -0.14802454909645318, 0.7804693321090131, 0.13680079733673411, -0.14802454909645318, 0.38205879590264824, -0.042499963810372146], [-0.24240261967045756, -0.6557927781254098, -0.36328340942396475, 0.25328185552585014, -0.2247248396549482, -0.19549994414911245, -0.6594008423129852, 0.4291128196960612, 0.6703358248265036, -0.0063174543425967775, 0.4449852740535237, 0.6703358248265036, 0.30179809472582503, -0.019006751786720802]], "inverted": true, "swapped": false, "error_lsq": 0.04965344760813049, "error_max": 0.40730548233913433, "target": "927.xyz", "model": "8.xyz", "model_rescale": 4.121658175737393, "target_rescale": 4.1356572312713284},
{"mapping": [0, 10, 9, 6, 7, 4, 11, 3, 12, 8, 1, 2, 13], "R": [[-0.6481081420840011, -0.7588372386311812, -0.06420188027642004], [-0.02991576554153652, -0.058870455741046435, 0.9978172760645636], [-0.7609605003786253, 0.6486141493271984, 0.015453224778890662]], "T": [0.05034920661922087, 0.04590901729263849, -0.07119211676768654], "aligned_model": [[-0.6879770292615562, -0.17948910962688935, 0.3243948281990035, 0.11713728865353953, -0.6552550662543628, -0.3196458109503052, 0.31680424372394755, 0.2538343251957053, 0.609181313101209, -0.2615782226941799, -0.3949547544756287, 0.4086537903429199, -0.054368299518205494], [0.18367668050241742, -0.3771687682432956, -0.05082787045493724, 0.7193521509636922, -0.49039010099540825, 0.21434605655846653, -0.6020298049465403, -0.19777322230338387, -0.13100531623507483, -0.5599577170223682, 0.6478856534525934, 0.39995006698919877, 0.03432963114634991], [-0.2965992616681199, -0.629714517635934, -0.7453969830573925, -0.3507647787262606, -0.21973719639164135, 0.4972658209732793, -0.05394707774562244, 0.4868304631370495, 0.06637007626183301, 0.32496510241740695, 0.037987788350994076, 0.4590191272883609, -0.1552031292448643]], "inverted": true, "swapped": true, "error_lsq": 0.04581769519358014, "error_max": 0.2779965898200773, "target": "927.xyz", "model": "9.xyz", "model_rescale": 3.833441315466971, "target_rescale": 4.1356572312713284},
{"mapping": [5, 13, 8, 9, 2, 1, 0, 4, 3, 12, 6, 7, 11, 14], "R": [[0.35674915447768846, 0.5748227646818203, 0.7364162070344485], [0.9270079738522881, -0.12019366953974248, -0.3552600430907584], [-0.11569899391840319, 0.8094024159873261, -0.5757442763937385]], "T": [-0.08931130428093968, 0.05687805358904522, 0.011818372975603737], "aligned_model": [[-0.5000058894902754, -0.08115791483531647, 0.6651259406388101, 0.5402733009822293, 0.10134652814864269, -0.7394580496761962, -0.3297403833313114, -0.6073611708405495, 0.035893644014092854, -0.27129125464064247, -0.6084719921355587, 0.28965158948092107, 0.37268698029809405, -0.03751249560229519], [-0.40622059734436183, -0.37395353846736396, 0.03291594428188133, -0.4294888952216325, -0.6177427401064128, 0.299833101341193, 0.17982254537893805, -0.3545626121660943, -0.5963270349215387, 0.6290274286396218, 0.23671645845195463, 0.07451837600554538, 0.5118121463607647, -0.011149884797378488], [-0.2607706925615174, -0.6590051529545347, -0.182628594530165, 0.16987071384066743, -0.14688459036975582, -0.24094829242458815, -0.6134027651740767, 0.457075034251746, 0.5703599408234685, 0.06230052434703152, 0.41101744157120923, 0.5595317295395046, 0.22378449603203338, 0.053121261797048805]], "inverted": false, "swapped": false, "error_lsq": 0.04017275361428739, "error_max": 0.22186513882614753, "target": "927.xyz", "model": "10.xyz", "model_rescale": 4.2482417240324, "target_rescale": 4.1356572312713284},
{"mapping": [0, 1, 6, 2, 10, 9, 5, 12, 4, 11, 8, 13], "R": [[-0.8172591892932077, -0.4772825047043177, 0.3229378085932054], [0.10578289580372797, -0.6751211294609267, -0.7300831730089252], [0.566478063539257, -0.5625058855323877, 0.6022372724020308]], "T": [0.06309393201857116, 0.07342577198573984, -0.10038966816726114], "aligned_model": [[-0.599969694153049, -0.06456513455664656, 0.2849530488193669, 0.6761539507253324, -0.47291396753841275, 0.0516263921386016, -0.19879419771245305, 0.5272504816276834, -0.015705732482716117, 0.05784582332169122, -0.30998979481436784, -0.05912557301202308], [-0.264743523181407, -0.619392578543877, -0.21168651504038183, -0.2765848104206544, 0.5492274001700617, 0.6319188291228625, 0.13833350420805074, 0.397146428022885, -0.5257409175232963, 0.6433350200101337, 0.12975923330853184, 0.07455931991773079], [0.1463938321779241, 0.175830598687847, 0.5365064706059456, -0.291442562879483, 0.07303489390549384, 0.37601901200721766, 0.6505392019705561, -0.30600823713316505, -0.45139061868006347, -0.5081841040113805, -0.7924509639553599, -0.043655232841176034]], "inverted": true, "swapped": true, "error_lsq": 0.0474755179467754, "error_max": 0.29488201282355087, "target": "927.xyz", "model": "11.xyz", "model_rescale": 3.6694154284099745, "target_rescale": 4.1356572312713284},
{"mapping": [1, 12, 7, 9, 10, 0, 5, 3, 8, 6, 4, 11, 11, 13], "R": [[-0.17172214279620046, -0.019148952503752648, 0.9849593003223489], [0.2792275304418918, -0.9597554988868876, 0.030022801330059717], [0.9447451994674566, 0.28018333279192553, 0.17015818554746465]], "T": [-0.08300038567210101, -0.08666146327046059, -0.058627000352604125], "aligned_model": [[-0.8458360134516479, -0.23151773629631378, 0.563650806294288, 0.6382942149596452, 0.303474034084895, -0.6581510072362438, -0.009884404919091413, -0.5722435746092092, 0.08056965480963986, -0.04722351479367557, -0.5824303365625578, 0.19548034924243274, 0.19548034924243274, -0.19968398775394938], [-0.45318265556159426, -0.4024845773435181, 0.06158153964967816, -0.2403391954481673, -0.5387285110302831, 0.26743486378570824, 0.3699274066693303, -0.42249744541008155, -0.5133415555932273, 0.47761265884573384, 0.167225237357795, 0.2279122139129341, 0.2279122139129341, -0.053831496312126276], [-0.04387862101001955, -0.6416937696400077, -0.39333816909845365, 0.25886870138569673, -0.28178993300866606, -0.2921980133340302, -0.714943577685763, 0.5651551697855673, 0.5445204045024006, -0.04560532327871687, 0.42489126936214716, 0.5484319183792215, 0.5484319183792215, -0.07343092055052639]], "inverted": false, "swapped": false, "error_lsq": 0.05230102317708973, "error_max": 0.44098148049163544, "target": "927.xyz", "model": "12.xyz", "model_rescale": 3.9764082729961374, "target_rescale": 4.1356572312713284},
{"mapping": [9, 6, 14, 11, 13, 0, 4, 1, 10, 7, 2, 8, 3, 15], "R": [[-0.12418179370033866, 0.47360737416883036, 0.871937461774795], [-0.5628359112662017, 0.6900754056667944, -0.45498535304222015], [-0.8171870159899208, -0.5472586131133204, 0.18086843635851524]], "T": [-0.15927949898084348, -0.1673734438302781, -0.06017682862273943], "aligned_model": [[-0.7396397396504782, 0.1701143543435104, 0.6090454050870091, 0.5284560564257321, 0.20129404235107795, -0.755779942238085, -0.2889079449578349, -0.4711972583833757, 0.022754068674197186, -0.2881535542161925, -0.552769484565756, 0.07661336184765782, 0.4286881800702975, -0.11053871177711548], [-0.3154624492174169, -0.26962331582818144, -0.15636436975209636, -0.2771034818562726, -0.6374823727480297, 0.24016907782667277, 0.30520500281967167, -0.3612024315682487, -0.5654010962193674, 0.5758763016506714, 0.24211609260792802, 0.07420996230553414, 0.40248614466646804, -0.08222236725221656], [-0.11262455546531722, -0.7418684442142603, -0.28009427143284366, 0.32129902032950186, -0.2133592768015712, -0.1323173008811697, -0.5852766282177677, 0.45795463456278573, 0.6140521140507958, -0.01539968431126805, 0.49995125021113573, 0.5608262734134045, 0.13475265889299057, -0.10447473594834465]], "inverted": false, "swapped": false, "error_lsq": 0.04564782422328766, "error_max": 0.38852391036843836, "target": "927.xyz", "model": "13.xyz", "model_rescale": 4.170626492500431, "target_rescale": 4.1356572312713284},
{"mapping": [11, 9, 7, 8, 10, 3, 1, 5, 12, 2, 6, 4, 0, 13], "R": [[0.9762826300839933, -0.17952199148587564, -0.12101272978173196], [-0.1766259349522549, -0.33719723149798636, -0.9247168789269153], [0.12520185820714924, 0.9241590131806534, -0.3609080396145787]], "T": [-0.05939420381677027, 0.01399060555674924, 0.032592233947925514], "aligned_model": [[-0.6144412397029911, -0.2171998313876615, 0.6554545831276886, 0.5820631371686069, 0.15074169904992737, -0.5979173152707898, 0.07431818980180313, -0.5922217586343329, 0.03823273380694328, -0.15724460597861661, -0.8156140286234285, 0.16407300369350497, 0.3052731030381798, -0.14553883707818924], [-0.3996467307529305, -0.38217102777248757, -0.061610087813712126, -0.23976670715441833, -0.47974069544007875, 0.30166185857014527, 0.24826935966966124, -0.4792674996497037, -0.5729866903772614, 0.6210769882588985, 0.08463499913868675, 0.11339176381493771, 0.45671028964965527, -0.035355122706276505], [-0.11053915008680962, -0.6562181773037825, -0.3425151504831855, 0.3077212922941859, -0.1417654722689397, -0.287894447599792, -0.6871639268867281, 0.5803248939486818, 0.4587761804949364, 0.2666938998342001, 0.39402025341364866, 0.6983586700931482, -0.1313450807663204, 0.05496726950482819]], "inverted": false, "swapped": false, "error_lsq": 0.04532155309046942, "error_max": 0.3982924496987038, "target": "927.xyz", "model": "14.xyz", "model_rescale": 3.9786697098870705, "target_rescale": 4.1356572312713284},
{"mapping": [8, 4, 10, 11, 0, 5, 2, 6, 9, 12, 1, 13], "R": [[0.4427726356781999, -0.732516786385898, -0.5170798301591899], [0.7798491687872268, 0.03002423469252326, 0.6252470066085882], [-0.4424790018028558, -0.680086540812274, 0.5845465165147625]], "T": [0.02104427388668989, -0.09025164275732915, 0.004550173561151252], "aligned_model": [[-0.10355763882404784, -0.6387621651704962, 0.6152712208722764, 0.4023429183052121, -0.08412110156082225, 0.3915469863383622, -0.47760047504039543, -0.05686046741898515, 0.7037305500668078, 0.16305042175490383, -0.4956165415406381, 0.0639308889851592], [-0.49930169864323837, -0.09988640561210287, 0.10221802767337408, -0.6393992853203156, 0.5390676962627144, 0.6037566611461073, -0.38109761402968295, 0.43279916079943587, 0.0765219353655149, -0.5914247992950245, 0.4616823362185976, 0.009738475659058998], [-0.6576176135960194, -0.22561153160943492, -0.38739050809993086, -0.2056131104971247, -0.4513131326290754, 0.1378647953464038, 0.45356380172092364, 0.5110044002054087, 0.21700546731088083, 0.30650229348650576, 0.03652242066253322, -0.07495078842724061]], "inverted": true, "swapped": true, "error_lsq": 0.04615462135853072, "error_max": 0.25567614165347197, "target": "927.xyz", "model": "15.xyz", "model_rescale": 3.769337070930944, "target_rescale": 4.1356572312713284},
{"mapping": [0, 4, 10, 7, 5, 6, 9, 2, 11, 8, 13], "R": [[0.24817842745585134, 0.9126612981138479, -0.32474116319106694], [-0.5520346226482605, 0.4087152293305946, 0.7267803221819042], [0.7960309312728581, -0.0011028319844241241, 0.6052549382024741]], "T": [0.10092692397181457, -0.06334866585784982, 0.08921933744909935], "aligned_model": [[-0.37097404687288993, -0.36853516791100643, -0.031046740073067902, -0.6339701205199482, 0.3559660201368183, 0.527228365176641, 0.5602204476459155, 0.32453482677548035, 0.06632460782355823, -0.5498494621494722, 0.042727400659142024], [-0.004526796940900191, -0.5797460572252843, 0.6294531066807444, 0.4256564488250335, 0.20011593630031044, -0.3520118903289958, 0.475329105505093, -0.6870148530398013, 0.38937506521628806, 0.09586591505114261, 0.0035685175817116027], [-0.5342896055832101, 0.12597331243873156, -0.1261324502528349, -0.07918525472621743, -0.6194653858515348, -0.4314415882690915, -0.10542636026173707, 0.39888237315208863, 0.6230398115539578, 0.504495842579062, -0.012233087555437047]], "inverted": false, "swapped": true, "error_lsq": 0.04705402587180923, "error_max": 0.26130740515077355, "target": "927.xyz", "model": "16.xyz", "model_rescale": 3.7852294659196426, "target_rescale": 4.1356572312713284},
{"mapping": [8, 0, 10, 7, 4, 1, 6, 5, 11, 12, 2, 9, 13], "R": [[0.0861376277016607, 0.6746692125254303, 0.7330769146305494], [0.6668485890468812, 0.5076351463348053, -0.5455451562353244], [-0.7401981277874958, 0.5358432717464656, -0.4061757252026881]], "T": [0.022645905306277633, 0.18558533464338078, -0.06080459825062609], "aligned_model": [[0.09652877951810845, -0.43984821008021957, 0.38703299051867557, 0.015358202932438333, -0.5388673414740582, -0.707880582690067, -0.2932309938879309, -0.037594045149457495, 0.6264135167481708, 0.4354343276889146, -0.20432015705883488, 0.5162910618090573, -0.0015516986585138622], [-0.3445291334009617, -0.3522692012020753, -0.34985239216044783, -0.7128471931477666, 0.10227656336970259, 0.21525186423275394, 0.5858180273854194, 0.10255766785814599, 0.012274231304153699, 0.5433538985308826, 0.7752280133077668, 0.2166947363680951, 0.08109854125720563], [-0.6394527943839299, 0.273449245544259, 0.29175210548088626, -0.0788505744060349, -0.46844941733054457, 0.13424074849928017, 0.464726325407557, 0.7305045253666911, -0.3715268671132531, -0.31402927049736884, -0.42912391751460466, 0.4817429982536191, 0.020771589836616366]], "inverted": false, "swapped": true, "error_lsq": 0.04917382793406678, "error_max": 0.25229750906274356, "target": "927.xyz", "model": "17.xyz", "model_rescale": 3.901054581598922, "target_rescale": 4.1356572312713284},
{"mapping": [0, 7, 11, 9, 12, 1, 6, 2, 13, 4, 8, 5, 10, 14], "R": [[-0.307310367517496, -0.31581918347137533, -0.8976739838982389], [0.301503537499966, 0.8624085094562342, -0.4066290443296979], [0.9025829351872704, -0.3956132027232541, -0.16980647496424073]], "T": [-0.11288216917272749, -0.06155852954380975, 0.04655465202530987], "aligned_model": [[-0.7642580464455776, -0.22595449217292357, 0.5507464923276962, 0.47683018898399626, 0.24859714788024562, -0.6130331306006078, 0.019851541796465325, -0.5617782264580067, 0.09962424892381148, -0.2689849534003857, -0.5132650347688703, 0.017155884570049282, 0.43175679858851507, -0.06730958621376308], [-0.39226191750869743, -0.2952569675293284, -0.0426163050603971, -0.14999167774426758, -0.6299123642296012, 0.18331148822098964, 0.2271789751894966, -0.46661712732035415, -0.6153436963795376, 0.7135973051302837, 0.2641034778788857, -0.06998606856093365, 0.5391889306465765, -0.09019335529799921], [-0.1580162505856317, -0.5635901780369569, -0.3961294121711012, 0.32692678735777436, -0.26694451227673943, -0.3724599534700954, -0.6336939500334313, 0.6106095820712579, 0.4656789886619255, 0.06497536419642219, 0.4637549276703701, 0.6573779719473032, 0.16872106311947904, 0.03621062573749502]], "inverted": true, "swapped": false, "error_lsq": 0.04041964218937934, "error_max": 0.26829460054545734, "target": "927.xyz", "model": "18.xyz", "model_rescale": 3.9405287249114394, "target_rescale": 4.1356572312713284},
{"mapping": [0, 4, 13, 14, 12, 8, 7, 1, 3, 5, 6, 10, 11, 15], "R": [[-0.27384083370268486, -0.3247579805387553, -0.9052863921839366], [-0.5433984155042871, -0.7243900799346995, 0.42423716730106303], [-0.7935548877200927, 0.6081046506717321, 0.02189461136814097]], "T": [-0.04872438584802593, -0.07398606504620198, -0.01844894944964374], "aligned_model": [[-0.6749725305224481, -0.26797060861554256, 0.5498165697185051, 0.6524277629844462, 0.11042854269155017, -0.6504492997875355, -0.09487775090865616, -0.4693695300851685, 0.09501140483820628, -0.35542820691209426, -0.715804061710958, 0.26962363584897364, 0.43306775695910443, -0.05152485148773854], [-0.28845216831984866, -0.43859435189295237, 0.013086086248769918, -0.2537940335494395, -0.595858982927689, 0.3162065664898842, 0.1999510917129914, -0.42010054628311266, -0.6229423610883308, 0.6719184982459768, 0.13772151848760641, 0.08583132112548397, 0.4277112448543249, -0.05748318566854868], [-0.20416865705875226, -0.6131395577334241, -0.31084766755616433, 0.2568576445987576, -0.06802782729628432, -0.2591749218236087, -0.6653290387873911, 0.3540854147199673, 0.6167011134374472, 0.18359508377943184, 0.2432150731386771, 0.682277086248605, 0.1696716030365341, 0.017705705484276666]], "inverted": true, "swapped": false, "error_lsq": 0.03394212919528812, "error_max": 0.21722575063238053, "target": "927.xyz", "model": "19.xyz", "model_rescale": 4.410303926677745, "target_rescale": 4.1356572312713284},
{"mapping": [8, 7, 2, 0, 1, 9, 12, 5, 3, 11, 10, 3, 6, 13], "R": [[0.0005362371036207181, -0.3825090373106504, 0.923951594416855], [0.10817359586688795, -0.9185078073313745, -0.3803181313434033], [0.9941318753601034, 0.10015110706822163, 0.040884840051218285]], "T": [-0.004470499956153617, -0.021414525453784146, -0.01649323667773075], "aligned_model": [[-0.6583358695639832, -0.04247635306827144, 0.5562667513420949, 0.5842602108545865, 0.1148130353777091, -0.6190858835590678, -0.24662616500040996, -0.5459213216206396, 0.19097370663187144, -0.21426100719553248, -0.6656357658124201, 0.19097370663187144, 0.26461262936543634, -0.07957884137260081], [-0.3567987983568867, -0.332388505708918, -0.08401675262833536, -0.3276447040736804, -0.7324215077628108, 0.2316887256267034, 0.2927596010937206, -0.4767572240997937, -0.14802454909645318, 0.7804693321090131, 0.13680079733673411, -0.14802454909645318, 0.38205879590264824, -0.042499963810372146], [-0.24240261967045756, -0.6557927781254098, -0.36328340942396475, 0.25328185552585014, -0.2247248396549482, -0.19549994414911245, -0.6594008423129852, 0.4291128196960612, 0.6703358248265036, -0.0063174543425967775, 0.4449852740535237, 0.6703358248265036, 0.30179809472582503, -0.019006751786720802]], "inverted": true, "swapped": false, "error_lsq": 0.04965344760813049, "error_max": 0.40730548233913433, "target": "927.xyz", "model": "20.xyz", "model_rescale": 4.121658175737393, "target_rescale": 4.1356572312713284},
{"mapping": [1, 4, 3, 6, 12, 0, 8, 5, 7, 10, 11, 9, 13], "R": [[0.4101142470648601, 0.778609605341988, -0.4749456672332284], [0.7398160040176349, 0.02053642760962654, 0.6724957511690414], [0.533365338725532, -0.6271724943029854, -0.5676055653673334]], "T": [0.1985142822464616, 0.030887214723188512, 0.09805808324381265], "aligned_model": [[0.1306262333466723, -0.123047932614098, 0.1334123501073501, 0.6638605375776404, 0.540537832641434, -0.2963201089487938, -0.4550384496315275, 0.3512619640676148, -0.6421660504356004, -0.11278887362644616, 0.07073071182406368, 0.4985803544031512, 0.12143433595283414], [-0.5398093283999924, 0.029192301897151364, 0.599159126241468, -0.5201068240878359, 0.5204396704622752, -0.5772925160156176, 0.4690382876838884, -0.6556185322487375, -0.08164762882432453, -0.11998695766816125, 0.6032648995913399, -0.12252582900483627, -0.06327976546343361], [0.590286087744545, 0.7185471205749385, 0.38961459589834424, 0.22457135270231288, 0.021418369982414268, 0.11110725935647418, 0.1450285754518827, -0.2788644277256139, -0.19884638301393243, -0.5531677345408184, -0.2855765613454464, -0.5541964838091258, 0.04018796820581462]], "inverted": false, "swapped": true, "error_lsq": 0.042816633379353694, "error_max": 0.2639229950937107, "target": "927.xyz", "model": "21.xyz", "model_rescale": 4.08911054899281, "target_rescale": 4.1356572312713284},
{"mapping": [1, 0, 7, 10, 6, 2, 4, 11, 5, 14, 15, 9, 12, 16], "R": [[-0.643310778566094, -0.38053426474988183, 0.6643379528010973], [-0.7642326123016585, 0.26724073760765144, -0.5869675480446102], [0.045823099799874256, -0.8853112794459277, -0.4627355421950486]], "T": [-0.10113492027986737, -0.04146517609656179, 0.012503328576860356], "aligned_model": [[-0.7541671588865951, -0.05352717401488333, 0.5337118005985961, 0.6148012223713836, 0.22628588197614163, -0.69815218432307, -0.2489717521127283, -0.5884240630069366, 0.10285309097517209, -0.1253657397405194, -0.7087749557164476, 0.16775817799496268, 0.44959071658340577, -0.087639029687837], [-0.4283614902088347, -0.31779792614994046, -0.11479199956013579, -0.2614867121134806, -0.6636257408475945, 0.23654031338555132, 0.2564291710334458, -0.402110017399587, -0.4055481117069063, 0.5457486779595286, 0.21158519311918905, 0.12559316242723384, 0.42663884615349484, -0.03361266865684807], [-0.21957105331968327, -0.7096137754462895, -0.2995687880244756, 0.3127721623730775, -0.23503652370974892, -0.28336347190172034, -0.6004366480679723, 0.4798122414816768, 0.5813280478091871, 0.2702150724689879, 0.32594569308519744, 0.6507318337318323, 0.16266791591004576, -0.03246165220204328]], "inverted": true, "swapped": false, "error_lsq": 0.034969891344439404, "error_max": 0.2745437281059682, "target": "927.xyz", "model": "22.xyz", "model_rescale": 4.204369325754507, "target_rescale": 4.1356572312713284},
{"mapping": [0, 4, 13, 14, 12, 8, 7, 1, 3, 5, 6, 10, 11, 15], "R": [[-0.27384083370268486, -0.3247579805387553, -0.9052863921839366], [-0.5433984155042871, -0.7243900799346995, 0.42423716730106303], [-0.7935548877200927, 0.6081046506717321, 0.02189461136814097]], "T": [-0.04872438584802593, -0.07398606504620198, -0.01844894944964374], "aligned_model": [[-0.6749725305224481, -0.26797060861554256, 0.5498165697185051, 0.6524277629844462, 0.11042854269155017, -0.6504492997875355, -0.09487775090865616, -0.4693695300851685, 0.09501140483820628, -0.35542820691209426, -0.715804061710958, 0.26962363584897364, 0.43306775695910443, -0.05152485148773854], [-0.28845216831984866, -0.43859435189295237, 0.013086086248769918, -0.2537940335494395, -0.595858982927689, 0.3162065664898842, 0.1999510917129914, -0.42010054628311266, -0.6229423610883308, 0.6719184982459768, 0.13772151848760641, 0.08583132112548397, 0.4277112448543249, -0.05748318566854868], [-0.20416865705875226, -0.6131395577334241, -0.31084766755616433, 0.2568576445987576, -0.06802782729628432, -0.2591749218236087, -0.6653290387873911, 0.3540854147199673, 0.6167011134374472, 0.18359508377943184, 0.2432150731386771, 0.682277086248605, 0.1696716030365341, 0.017705705484276666]], "inverted": true, "swapped": false, "error_lsq": 0.03394212919528812, "error_max": 0.21722575063238053, "target": "927.xyz", "model": "23.xyz", "model_rescale": 4.410303926677745, "target_rescale": 4.1356572312713284},
{"mapping": [12, 5, 8, 9, 15, 0, 2, 13, 14, 1, 7, 11, 10, 16], "R": [[0.32332664815767853, -0.6714949081620887, 0.666749178404825], [0.44414858635581655, -0.514474635850959, -0.7335174723918669], [0.8355787885228125, 0.5333014507559599, 0.1319001546334877]], "T": [-0.06321419914590806, -0.0790803055938846, 0.05389369043263598], "aligned_model": [[-0.7658646714245654, -0.15879509044269055, 0.6798333605693853, 0.5122336476431831, 0.3136280803890803, -0.6444145920472228, -0.29190986100628924, -0.537202845092644, 0.07120600868361845, -0.22918838722748144, -0.5818803024922443, 0.09855256991088016, 0.4416026227463502, -0.07782170719871517], [-0.32960997878503395, -0.38044613891521195, -0.04926092265682011, -0.2119806323861764, -0.6753663429581077, 0.24138995036024483, 0.26511369601082824, -0.4746475217220827, -0.5630356738553649, 0.7307640854208971, 0.17090478044940244, 0.09102794516960322, 0.3311354588026536, 0.029211992500284653], [-0.24559425830823312, -0.489838744827012, -0.2963887608218541, 0.2627411524538078, -0.05449011294266225, -0.3065098742364996, -0.7598155541283171, 0.3901197525802693, 0.5076209204647308, 0.2839805888056149, 0.38619449795160066, 0.6417849916626142, 0.07971905104539084, 0.0038974044886218376]], "inverted": false, "swapped": false, "error_lsq": 0.03378120093214483, "error_max": 0.21366087850041426, "target": "927.xyz", "model": "24.xyz", "model_rescale": 4.28219845311461, "target_rescale": 4.1356572312713284},
{"mapping": [4, 3, 5, 11, 9, 0, 1, 13, 12, 6, 2, 14, 10, 15], "R": [[0.5533803503940814, 0.41562959684559053, -0.7218186933182709], [0.7831610746179054, -0.5547020665467123, 0.28100595825023866], [-0.28359992771693676, -0.7208034791777709, -0.63246614565854]], "T": [-0.10130193808897733, -0.14290632728508368, 0.012045741384260279], "aligned_model": [[-0.7494271253149357, -0.20330426831619738, 0.5909979859350842, 0.39117241529531666, 0.24276807477094173, -0.6635588829494711, -0.08010438694486097, -0.37296144192709924, 0.2023134445214911, -0.1950846420949674, -0.5986963822877707, 0.015494258065136601, 0.40679496187697206, -0.15642517761899571], [-0.24635106582319288, -0.4427667905424668, -0.062136469882451736, -0.17419040885234477, -0.7077094294966465, 0.4041826290473577, 0.08337009186396416, -0.4935207523412592, -0.5030673089951652, 0.7427129698826113, 0.11542017925355202, 0.1624294711467391, 0.3942693874926798, -0.0974418053182607], [-0.31026079093832665, -0.6948662560122398, -0.4773188734435578, 0.24219219203646783, -0.12754998155036176, -0.21181799808917515, -0.5864749723836495, 0.407250872745124, 0.6141434634601318, 0.15017756202868976, 0.4052965612023977, 0.6999943758436654, 0.30011623714158225, -0.0074613378526762475]], "inverted": true, "swapped": false, "error_lsq": 0.04141821190344205, "error_max": 0.23081792969416054, "target": "927.xyz", "model": "25.xyz", "model_rescale": 4.100010024507729, "target_rescale": 4.1356572312713284},
{"mapping": [0, 1, 6, 2, 10, 9, 5, 12, 4, 11, 8, 13], "R": [[-0.8172591892932077, -0.4772825047043177, 0.3229378085932054], [0.10578289580372797, -0.6751211294609267, -0.7300831730089252], [0.566478063539257, -0.5625058855323877, 0.6022372724020308]], "T": [0.06309393201857116, 0.07342577198573984, -0.10038966816726114], "aligned_model": [[-0.599969694153049, -0.06456513455664656, 0.2849530488193669, 0.6761539507253324, -0.47291396753841275, 0.0516263921386016, -0.19879419771245305, 0.5272504816276834, -0.015705732482716117, 0.05784582332169122, -0.30998979481436784, -0.05912557301202308], [-0.264743523181407, -0.619392578543877, -0.21168651504038183, -0.2765848104206544, 0.5492274001700617, 0.6319188291228625, 0.13833350420805074, 0.397146428022885, -0.5257409175232963, 0.6433350200101337, 0.12975923330853184, 0.07455931991773079], [0.1463938321779241, 0.175830598687847, 0.5365064706059456, -0.291442562879483, 0.07303489390549384, 0.37601901200721766, 0.6505392019705561, -0.30600823713316505, -0.45139061868006347, -0.5081841040113805, -0.7924509639553599, -0.043655232841176034]], "inverted": true, "swapped": true, "error_lsq": 0.0474755179467754, "error_max": 0.29488201282355087, "target": "927.xyz", "model": "26.xyz", "model_rescale": 3.6694154284099745, "target_rescale": 4.1356572312713284},
{"mapping": [3, 7, 8, 10, 9, 1, 5, 12, 11, 0, 6, 2, 4, 13], "R": [[-0.5558071810983655, 0.6475503203132389, 0.5213031364779138], [-0.8043678361308944, -0.2605568049500312, -0.5339499373465028], [-0.2099303733088465, -0.7160926853811963, 0.6656879932115011]], "T": [-0.028974188938304522, -0.06533822938346062, -0.016941609933250664], "aligned_model": [[-0.6058806617033233, -0.24309184152241461, 0.4892260820846661, 0.5029604839395835, 0.1064149563353951, -0.7200063029136908, -0.11615128338746253, -0.4365173487917845, 0.09903293390477455, -0.08369595043476621, -0.6589800442602777, -0.07978179315154862, 0.6091313200459574, -0.032681717134463134], [-0.5832346432118263, -0.24975025885712457, -0.12491493417677137, -0.20573999729383752, -0.7308446952741812, 0.4323833804864578, 0.47152390975791, -0.5280096766166096, -0.4824628911367354, 0.58660212794696, 0.016099868392922156, 0.18523720944607558, 0.4306589041564912, -0.04234760618461433], [-0.2445233459295414, -0.5793243612296597, -0.3860977933945868, 0.2264173168612511, -0.07722808163339995, -0.2501678310554783, -0.5915351162323599, 0.48263472870707536, 0.7218389138380822, 0.07746518238461841, 0.24315623760683291, 0.6129474144295958, 0.13252000056594598, 0.03531778926969567]], "inverted": false, "swapped": false, "error_lsq": 0.04947902640435065, "error_max": 0.2643045818256753, "target": "927.xyz", "model": "27.xyz", "model_rescale": 4.103607728864725, "target_rescale": 4.1356572312713284},
