[{"mapping": [8, 2, 3, 13, 12, 6, 0, 5, 1, 9, 11, 15], "R": [[0.3490514142197613, -0.6665099028694882, -0.6587318571377058], [0.5369111740101095, -0.4338872753616187, 0.7235110389637173], [-0.7680426429920874, -0.6062230461275594, 0.20640764736208878]], "T": [-0.23243951937528343, 0.02985943306701301, 0.00925745007203968], "aligned_model": [[-0.05974925052502947, 0.198395030325171, 0.3068489870448582, -0.1372881374361231, -0.16386967635675426, -0.539190910398466, 0.320377370958674, -0.2680708436202434, 0.6566074899767574, 0.22851945015313666, -0.5738338655505499, -0.13110318211088165], [-0.45025211369783585, -0.5716049463820668, -0.1816200992455187, 0.7749906651960486, 0.39529566654428294, -0.4900347856725099, -0.25988370406854117, -0.5179135303684671, -0.044820676244258104, 0.36382911678636004, 0.06334181969053439, -0.02777237656097125], [-0.4530680418186446, 0.06066275510843336, -0.5576999073620008, -0.11557042764797662, -0.6788810439632802, -0.0933860319606607, 0.5723942630890178, 0.5849003789520033, -0.04036645374663417, 0.4188031784384143, 0.4913403001710066, -0.007177223906115769]], "inverted": false, "swapped": true, "error_lsq": 0.04320987772218728, "error_max": 0.23314163045277192, "target": "928.xyz", "model": "0.xyz", "model_rescale": 3.751011558992144, "target_rescale": 4.354775407589803},
{"mapping": [0, 11, 2, 1, 14, 8, 10, 9, 6, 12, 7, 13, 4, 3, 15], "R": [[0.3378222366389223, -0.7748167101579063, 0.5343549401777389], [0.6682078225064002, -0.2023931998856805, -0.715915706337897], [0.6628532585523971, 0.598912396181707, 0.44936566327029814]], "T": [0.019753747179552056, -0.08005045920922763, -0.013609074169061831], "aligned_model": [[0.09437010481086314, 0.10816630173637676, -0.38595438225713097, 0.18733998668807042, -0.19530226451555252, -0.5137892991485921, 0.5347650874658347, 0.5831475267681062, -0.5698329497531482, 0.14895322129011315, -0.35932175505184305, 0.6803355012074926, 0.4361523645929747, -0.2009313474519658, -0.00901188529256507], [0.1017229285656285, -0.6286196418205618, 0.29700231500089824, 0.698554391589118, -0.7100392292796734, 0.3481016405635279, -0.5719846960593238, 0.06273682853290383, -0.24527324213911494, 0.3218579083396592, -0.2615398065144523, 0.01385043497587471, 0.41129099002752, 0.6930907357496473, 0.018005792295454487], [-0.8309654863915792, -0.21690717120849948, -0.506815353039252, -0.41874309401364956, 0.27393882140142517, 0.06443888493004495, 0.16659564347326486, -0.4059684304174084, -0.010283750406634982, 0.6448415398230435, 0.6041252258394296, 0.35336600121311895, 0.1150269953010276, 0.08909006194037815, -0.07207348359273308]], "inverted": false, "swapped": true, "error_lsq": 0.04515432151681438, "error_max": 0.2812848077588256, "target": "928.xyz", "model": "1.xyz", "model_rescale": 3.9405287249114394, "target_rescale": 4.354775407589803},
{"mapping": [10, 12, 4, 6, 8, 9, 14, 7, 2, 0, 5, 11, 15], "R": [[-0.13112117632906484, -0.960267945134998, 0.2463589062004673], [-0.5638736152704402, -0.13215141700726918, -0.8152193256938982], [0.8153856652651711, -0.2458078040444997, -0.5241419086000423]], "T": [-0.05299111134268769, 0.02490015294809709, -0.02395322808812785], "aligned_model": [[-0.41606604501732025, 0.23060316409274528, -0.2940405078745324, 0.42750671083119546, 0.4634303370475262, -0.7277593054048792, 0.2404640336187538, 0.5900985307225775, 0.03864578951181248, -0.5529967135151896, -0.17264277493184343, -0.27677938357468135, -0.054480556222232746], [0.5571606079392964, 0.5381135191823408, 0.23358511640526416, -0.2425550478243346, -0.2905947132182868, -0.03483535042284531, 0.29500373204834074, 0.37484294685462327, -0.6797063832229974, -0.6480972666773431, -0.6159106652377174, 0.03279245918632787, -0.06096636144065163], [0.3290129386460693, -0.5416079187281382, -0.5981459145176097, 0.24532665872699796, -0.3523520158594604, -0.20524354436154638, 0.5816430609369878, 0.12507038831378872, -0.23644469129147344, -0.08518672304138229, 0.4318258488825182, 0.5237068534292753, -0.104484591547383]], "inverted": true, "swapped": true, "error_lsq": 0.04788013699638098, "error_max": 0.2958107220392462, "target": "928.xyz", "model": "2.xyz", "model_rescale": 3.932901565614263, "target_rescale": 4.354775407589803},
{"mapping": [2, 5, 0, 6, 1, 4, 9, 3, 7, 12, 10, 14, 13, 15], "R": [[0.5455839194453789, 0.36928751632175094, -0.7523063984385159], [0.4751666220358226, -0.8757527940160437, -0.085286136482777], [-0.6903295359070798, -0.31094014546533827, -0.6532697435151196]], "T": [0.10117451584924712, -0.0037926615717015916, 0.04649113973433194], "aligned_model": [[-0.29486967670064707, 0.3508528319440157, 0.1882345450669004, -0.05981176387487554, -0.3602391191870731, -0.12755240397654316, 0.3627670822457244, -0.6756245393567434, -0.09065496581418266, -0.3278346671177369, 0.7240644919488268, 0.44433641266234075, 0.26638131717965047, 0.01976036703304672], [-0.013681055929130638, 0.25361056429727774, -0.36662113973884025, 0.556699794822294, -0.6699471361050129, -0.5754146174298204, -0.6274564039409359, -0.23294777150038448, 0.5509873019475846, -0.1664960402043711, -0.09436323902820194, 0.5882813233400355, -0.4891957838386121, -0.049959158341393084], [-0.5804630304823424, -0.6635045715852251, -0.706806090231448, -0.14020037866767004, -0.33004559002330136, 0.27514765597328894, -0.13887199175505946, 0.013818608194243909, 0.5087171959303467, 0.679941045089406, 0.4253245628152048, 0.28629739443689345, 0.6094714762673774, -0.024929922904617152]], "inverted": true, "swapped": true, "error_lsq": 0.039839855499680894, "error_max": 0.23735536967270704, "target": "928.xyz", "model": "3.xyz", "model_rescale": 3.9243930471874484, "target_rescale": 4.354775407589803},
{"mapping": [11, 9, 5, 6, 2, 10, 7, 0, 1, 4, 3, 12, 15], "R": [[0.5664603414253156, -0.2040436259737601, 0.7984290076718128], [-0.4814654336735934, 0.7043681501932222, 0.5215903998070495], [-0.6688151596441383, -0.679876244395154, 0.30075666997978173]], "T": [-0.05942424484628532, -0.20252368001398594, -0.08194671004872975], "aligned_model": [[-0.08688192309953878, -0.23485311679063103, 0.549624799969561, 0.3710405017319019, 0.6145560999100187, -0.6440974670130382, -0.17086389748290098, 0.4105316124933485, 0.17666908442830664, -0.38674164489727614, 0.1663529869048445, -0.501700591661945, 0.013569441818701303], [-0.5555346222594291, 0.29143760653897044, -0.36881201124050333, -0.5953910328929957, 0.1052606560816998, -0.45406433498518484, -0.7256790101076735, 0.25733842613868974, 0.6582887344625264, 0.34462954778839927, 0.31568506491117276, -0.032294759046402916, -0.11303471170768213], [-0.5559766613534053, -0.5477509426730482, -0.5657824716607105, 0.10587619582925492, -0.04970370020386078, -0.4488175816740443, 0.439706421255049, -0.6057300673707939, -0.04064099192263679, 0.07565446894394853, 0.49898415433917076, 0.5403022743589946, -0.059050782496953856]], "inverted": true, "swapped": true, "error_lsq": 0.04394282166673768, "error_max": 0.27846339004917925, "target": "928.xyz", "model": "4.xyz", "model_rescale": 3.8936222436046832, "target_rescale": 4.354775407589803},
{"mapping": [13, 10, 12, 4, 7, 6, 5, 2, 1, 9, 3, 15], "R": [[-0.35641429109944234, 0.787505085325353, 0.5027967717545436], [-0.33665756332360763, -0.6102324264297567, 0.7171318364085244], [0.8715678620492457, 0.0863256990725248, 0.4826151008024374]], "T": [-0.22615762501310027, -0.1005881700238181, 0.02893732781004827], "aligned_model": [[-0.01920009648815349, -0.44404872914847204, -0.1657991602573512, 0.2790278932874413, -0.8237163869685196, -0.6251816786591438, -0.2963207782003353, 0.09959674638582211, 0.6279508455578484, 0.3232481247830839, 0.21018608588042093, -0.13819482395754432], [-0.43544306401159755, -0.7373430096308309, 0.22601950484384115, -0.07330711721831207, 0.2337557612416275, 0.23635413881906536, -0.22388109042480275, 0.3010202392919831, 0.14582623731413574, -0.5355116141127737, 0.5659516333756223, -0.03451871437815106], [-0.6229040018050879, -0.2656411086801783, -0.6792041365406191, -0.38986429939288825, -0.270010738951581, 0.34858054156679263, 0.8116030163525197, 0.5605528744495998, 0.11961751169823517, 0.05616864669366716, -0.12047882707452484, 0.07086524095958355]], "inverted": true, "swapped": true, "error_lsq": 0.04824705202622472, "error_max": 0.2936316015172415, "target": "928.xyz", "model": "5.xyz", "model_rescale": 3.6523030999806103, "target_rescale": 4.354775407589803},
{"mapping": [3, 12, 13, 1, 9, 8, 14, 2, 6, 5, 11, 0, 15], "R": [[-0.19749365566691732, 0.9571779098707838, 0.21167594295695158], [0.11823346171887295, 0.23761016200467397, -0.9641380914796822], [-0.9731480383278223, -0.16538397675564015, -0.16009695728276963]], "T": [-0.02187203906484153, 0.11223407128601431, 0.07573987547931149], "aligned_model": [[0.13846959994777144, -0.09414350378036411, 0.2849665985735265, 0.6839690794142448, 0.6488517080069538, -0.230434887951961, -0.6265916981590223, 0.1410909288927083, -0.5124167190313234, -0.03215683852085511, -0.11293227834289775, 0.5560629866188489, 0.0363479289966642], [-0.5689996924922589, 0.04755170217090435, 0.5580828278774528, -0.42488225975295274, 0.29733400373569496, -0.5317333260551049, 0.48588025151541175, -0.5320265957646628, -0.15665432337533208, -0.02336809570607601, 0.5229175596468838, -0.1434008092310613, 0.010125661594283658], [0.484649949676342, 0.851866848078748, 0.6113939376624038, 0.18408468518511395, -0.011520052188211699, 0.20176136559216865, -0.06751303629944483, -0.25348888740969744, -0.17323210517365153, -0.7079666177405918, -0.34033962339603346, -0.47862695603353267, 0.06904023152817598]], "inverted": true, "swapped": true, "error_lsq": 0.0501591764241852, "error_max": 0.2621846518807973, "target": "928.xyz", "model": "6.xyz", "model_rescale": 4.08911054899281, "target_rescale": 4.354775407589803},
{"mapping": [5, 6, 14, 0, 9, 13, 11, 10, 1, 2, 4, 3, 12, 7, 15], "R": [[-0.1602802545029821, 0.8012936629214834, 0.5764015143789368], [0.6891836778288564, -0.32719948497517437, 0.6465031749699859], [0.7066371758057671, 0.5008682090069734, -0.4997948969081182]], "T": [0.08894943290477084, -0.05096689348871307, -0.04775416238278472], "aligned_model": [[-0.00763035777783562, 0.4201016639157238, 0.779409218790815, -0.5795147320385821, -0.4634236134757116, 0.014659473115449934, 0.3019667656121102, 0.34941787491081133, -0.7598291196968521, -0.3313208853342401, -0.317544644422759, -0.2923135092566065, 0.18404612882747218, 0.7426596777457963, -0.004350401116037544], [-0.702518194296307, -0.5501111615304423, -0.11155872115634134, -0.4279596992838625, 0.21045076780870525, 0.7068501861230343, -0.12457264381427445, 0.4453484221453736, -0.08519880302503267, -0.6362870992143221, 0.3977185282740671, -0.12850420792989664, 0.44523984252213344, -0.03727374845364348, -0.10086465200007834], [-0.4936721355073003, 0.07919188345870055, -0.2608565915622484, -0.39084708637840504, -0.3916894017078373, -0.05486846898101978, -0.5948198382017392, -0.5226615348832478, 0.229459438307634, 0.12772640840542454, 0.20679529074133318, 0.6633174688164102, 0.5493350643202973, 0.3137810344558869, 0.003878500798191513]], "inverted": false, "swapped": true, "error_lsq": 0.047229918721260616, "error_max": 0.2911333431664354, "target": "928.xyz", "model": "7.xyz", "model_rescale": 3.964800864290218, "target_rescale": 4.354775407589803},
{"mapping": [3, 4, 12, 2, 7, 0, 6, 13, 9, 11, 5, 14, 10, 15], "R": [[0.5556440992846371, -0.242024951773538, 0.7954140793631836], [-0.11566452474857386, 0.9248885441358995, 0.3622194067700725], [-0.823335504302378, -0.2932662674860395, 0.4859151610208884]], "T": [0.01647483975590303, 0.020003755318407257, 0.06556518710370127], "aligned_model": [[-0.2158223630584199, 0.35111760117898466, 0.44233435703693785, -0.6508982106690301, 0.09896181397079734, -0.42564185396571996, -0.428772977258176, 0.744244412741854, 0.2181609527713915, 0.05099018374994732, -0.5803854453582459, 0.10535903651832645, 0.6066692961243565, -0.055128914322131545], [-0.19517972002227282, -0.389103188806699, 0.15828352492730255, -0.265096688390746, 0.7235277155674174, -0.6402841538995061, 0.4401052831038895, -0.1656461894866255, -0.6226145482475238, 0.12752643738046035, -0.06638959402622957, 0.6549204379541448, 0.103505567428292, -0.05260641730070137], [-0.6805785070983824, -0.32430299213941527, -0.5757634555912217, -0.08724601311051089, -0.17209469891971388, 0.3398522192504563, 0.07939221765022217, -0.05990147884739744, 0.26078571008782836, 0.6463599942818846, 0.5842014580588981, 0.40438539976053645, 0.4949923233161463, 0.006732862025691191]], "inverted": false, "swapped": true, "error_lsq": 0.04452729320954727, "error_max": 0.24510815026415014, "target": "928.xyz", "model": "8.xyz", "model_rescale": 4.121658175737393, "target_rescale": 4.354775407589803},
{"mapping": [1, 4, 9, 0, 12, 8, 10, 6, 11, 7, 2, 5, 15], "R": [[0.784072048556458, 0.24054414935289525, -0.5721621578578682], [0.48150548565621554, 0.3459454587996126, 0.805278962111204], [0.39164204314073836, -0.9068959431754109, 0.15542283711388885]], "T": [0.004784024269773542, -0.14731815938281786, -0.012330210478141097], "aligned_model": [[-0.48132931736947593, -0.3876755435055781, 0.16602667639033913, 0.1932981464089642, -0.5892673233247727, -0.5270519195103903, 0.4838209328501617, 0.015653763150248336, 0.592958003083949, -0.1719839884432927, -0.22046983572597717, 0.46750015512332943, -0.06474225269230799], [0.4109562608248408, -0.23729407939038644, 0.06449942562574892, 0.6134690891977205, -0.6436161992305406, 0.09577520808279294, -0.634491521928262, -0.01236265387501534, -0.173637424152178, -0.6317781606263223, 0.5450436890597175, 0.44801886610167285, -0.05419506027807905], [-0.5127977181316158, -0.5312052322039581, -0.6610834321839856, -0.31621482358305375, -0.12445203327481727, 0.35116673633457113, -0.28232182018707414, 0.5848221647888736, 0.0462676659500194, 0.5283026241340929, 0.12879414505907583, 0.24096250683333986, -0.03116534957637933]], "inverted": true, "swapped": true, "error_lsq": 0.046736716950529875, "error_max": 0.299607635605592, "target": "928.xyz", "model": "9.xyz", "model_rescale": 3.833441315466971, "target_rescale": 4.354775407589803},
{"mapping": [7, 14, 2, 0, 5, 6, 11, 9, 3, 1, 12, 4, 10, 8, 15], "R": [[0.7687225255144813, -0.1078258963448944, 0.6304278347630743], [0.054865393356475084, -0.9709359371884375, -0.23296608012294379], [0.6372248169825758, 0.2136749446084653, -0.7404644155312883]], "T": [0.014863911607097081, -0.03317618938536594, -0.020107575918165463], "aligned_model": [[0.1916517308105418, 0.024995696168386906, -0.5885151241995921, -0.5143431528395335, -0.7113570215667163, -0.3976022109421917, -0.11922634238908986, 0.12430819224084716, 0.004630929135219987, -0.10067930615943257, 0.6160830930441761, 0.4330910427469446, 0.45496508727219503, -0.2551322447985599, -0.03902535022866346], [-0.7521968636741491, -0.6110004835594915, 0.17589851047324911, 0.6188916749064426, 0.06993205726372967, -0.4824957208470079, -0.0633267285977256, 0.6430444170006275, 0.06667129407418633, 0.6498165617816232, -0.2168004143647097, 0.348885451777268, -0.01415463572471852, -0.25750470188093494, 0.025441120666589614], [0.07983051447201452, -0.45809748771051595, 0.3570420275226503, -0.057897167451778406, -0.32777856577737347, 0.03379748296761159, -0.5955950153488012, -0.1700884606700825, 0.7842070994478315, 0.5443522562012327, 0.44529299451090204, 0.3122573377253158, -0.6080351649491995, 0.5722206107758065, 0.06661344610647864]], "inverted": false, "swapped": true, "error_lsq": 0.04896917265265035, "error_max": 0.35632785143526213, "target": "928.xyz", "model": "10.xyz", "model_rescale": 4.2482417240324, "target_rescale": 4.354775407589803},
{"mapping": [9, 4, 3, 12, 5, 6, 2, 7, 13, 14, 10, 15], "R": [[-0.6218440657514941, -0.7792380469331873, 0.07808984633999136], [0.7812464211258029, -0.6241798739477691, -0.0073153562231647595], [0.0544425143410559, 0.05645840212314886, 0.9969194859475488]], "T": [-0.07359883356236596, 0.10507703579695887, -0.03402110480322944], "aligned_model": [[-0.6051894117880583, 0.007775643874218641, 0.3516947988378978, 0.5518272003158884, -0.58753238612463, 0.13409308929405614, -0.19482327411402983, 0.5557646241629288, -0.022120316897153394, 0.0650363969305594, -0.3001167351926386, -0.0796440269360318], [-0.3519914126620011, -0.5438183300707919, -0.25059301682141016, -0.3463560448394703, 0.6334618723448375, 0.6510382872577274, 0.22974635582297503, 0.41865683970362766, -0.49917712010770826, 0.6362946419410016, 0.018262793533221952, 0.07060652394863004], [-0.01832029525592518, 0.026513722097255464, 0.557266025788009, -0.16375352533586723, 0.264929326480691, 0.14958847027614125, 0.6869383323392019, -0.28661094950439386, -0.49454603901313454, -0.5077371153167647, -0.727463706501814, 0.07838804380095786]], "inverted": true, "swapped": true, "error_lsq": 0.04409438306116937, "error_max": 0.22883970127761696, "target": "928.xyz", "model": "11.xyz", "model_rescale": 3.6694154284099745, "target_rescale": 4.354775407589803},
{"mapping": [4, 1, 2, 0, 9, 12, 13, 7, 5, 14, 6, 11, 8, 15], "R": [[0.508889458238319, 0.7538820239547972, -0.4155639701077667], [0.7166835615399212, -0.10361799683275569, 0.6896578741309497], [0.4768607678477691, -0.6487874880807935, -0.5930249601808091]], "T": [0.06169197437201044, -0.011708839317815162, 0.05952552478763095], "aligned_model": [[0.010061846940146224, 0.03431080499617226, -0.08154086138277555, 0.5129840953140015, 0.5860199269011225, -0.44772098965595986, 0.21418512193522207, -0.46265553213930843, 0.40311201280837505, 0.057687294187696365, -0.2341358571607207, 0.5062130722082249, -0.5313492109571699, 0.0310931262607837], [-0.3954093340870469, 0.1606052372553162, 0.622833846659684, 0.5264956370269073, -0.11820403761147197, -0.5794363885568113, -0.7339812341920116, -0.19525042027338238, 0.6909672253935679, -0.06713214395101866, 0.3942562557204575, 0.07753255124237607, 0.2978808299771525, 0.049829263532535285], [-0.47100225671472085, -0.8168319171121432, -0.2966489391786219, -0.4023749332644909, -0.39377966577659745, -0.11357535042147399, -0.12735616287626822, 0.5591298336761104, 0.2090858729540991, 0.7825268737962274, 0.4096688307045679, 0.43967288037932456, -0.10335564635766983, -0.036063960155927645]], "inverted": true, "swapped": true, "error_lsq": 0.04785976138054626, "error_max": 0.30029939251300836, "target": "928.xyz", "model": "12.xyz", "model_rescale": 3.9764082729961374, "target_rescale": 4.354775407589803},
{"mapping": [7, 4, 0, 5, 6, 2, 1, 12, 9, 3, 11, 8, 13, 14, 10, 15], "R": [[-0.9064516227688175, -0.28879313313643656, -0.308129813281704], [-0.3012338807024157, 0.9535206555790267, -0.0075172136530826245], [0.2959790612471432, 0.08600514890042178, -0.9513146218080937]], "T": [0.08525041301547552, 0.00316609184609018, -0.10929243758367578], "aligned_model": [[-0.3255155478969338, 0.27679743855292144, -0.21247210125107807, 0.5509335140428556, 0.802549871349806, -0.6869293116173725, -0.3554826721106747, 0.21850264298333488, 0.026292278526232282, -0.16393930311005772, 0.014567444402457122, -0.47817617580138083, 0.5320571532380161, 0.4907133999131954, -0.25030119334121526, 0.09846041371799148], [-0.5398705971548596, -0.4724537730302061, -0.0676920914364153, 0.170138562814154, -0.2596235405563751, 0.007897606542203632, 0.45824703244512377, 0.6159824383025165, 0.3916875956600996, -0.7000329232632346, -0.13177277809617646, -0.1393588179813849, 0.1774188324548208, -0.4375796185956805, 0.43286540560418496, -0.10337778823399794], [-0.43703651255312637, -0.6122429350702958, -0.7676603862741979, -0.7861109872637656, -0.11834240301370498, -0.3092314271298339, -0.06481476408696388, 0.008663078068022287, -0.564346396987691, 0.28039856544329056, 0.6700278547712492, 0.2930630839907398, 0.2708131602032451, 0.42000051018554174, 0.4813940428655826, -0.11720270129541352]], "inverted": true, "swapped": false, "error_lsq": 0.042569769472756105, "error_max": 0.32008168103828766, "target": "928.xyz", "model": "13.xyz", "model_rescale": 4.170626492500431, "target_rescale": 4.354775407589803},
{"mapping": [10, 11, 13, 9, 12, 3, 1, 14, 7, 5, 6, 2, 8, 15], "R": [[0.01672645499401748, 0.8733146446589848, 0.48686934297353796], [0.7740576933836654, 0.2969127768026757, -0.5591757239767159], [-0.6328940772490236, 0.386217988182161, -0.6710296212445703]], "T": [-0.0036987996408056906, -0.035446523352293174, 0.04020926083550457], "aligned_model": [[0.17330783749012707, 0.08895013606146346, -0.047075891390856744, -0.6039899854448544, 0.23233843824317005, -0.23320576940956136, -0.7778869066887814, 0.6250520130381695, 0.7104504871377367, -0.2163578977371637, 0.32598147785127357, -0.40220947241879795, 0.054141442283185987, -0.08631288692346734], [-0.5157283471844083, -0.6188383053440227, 0.029794248713996302, -0.2361351935536307, 0.5641110548648054, 0.7316440044423472, 0.4092594015349733, -0.3917237815098814, 0.18186096048132702, -0.49889919878191624, -0.01802631371068593, 0.179498830872619, 0.5086366379845951, 0.030620469115547874], [-0.48677056266574315, 0.07405076777208644, -0.7172327549034245, -0.2616535801274657, -0.4031835490040198, 0.16628465053503327, 0.0764535799819438, 0.099855398206951, 0.07184055306080098, 0.650682288857061, 0.5558928362051508, 0.6275831219552378, 0.45818283261762505, 0.09188751862962971]], "inverted": false, "swapped": true, "error_lsq": 0.04004705902650353, "error_max": 0.2239562674177149, "target": "928.xyz", "model": "14.xyz", "model_rescale": 3.9786697098870705, "target_rescale": 4.354775407589803},
{"mapping": [9, 13, 2, 5, 3, 8, 10, 7, 6, 11, 12, 15], "R": [[0.6859677175149567, -0.323046589380242, 0.6519886437792564], [-0.6916839112596788, -0.5676623423887323, 0.4464670558263516], [0.22587974108324443, -0.7572320424569545, -0.6128441697892177]], "T": [0.016272729754861992, -0.06278907180372087, -0.01361711884940927], "aligned_model": [[-0.2422771633169717, -0.7410229691545134, 0.605034911517947, 0.6671734232921864, 0.09856488206637842, 0.3916916802350545, -0.48324626052729486, -0.0009384745264681971, 0.513455358060726, 0.08677904527223052, -0.478833942524142, 0.0669741063722036], [-0.4526909335786101, -0.07455916307721108, 0.07425603990319105, -0.5169067256692451, 0.6123871991580804, 0.5067065074194714, -0.5121878466174352, 0.3540652130592835, 0.09121959162511331, -0.5895064437199884, 0.5414424494466008, -0.019551397724811355], [-0.5359916165351845, -0.09249060615613472, -0.4432658649552909, -0.06648521800326346, -0.4544814241527972, -0.10747490281037364, 0.28342030945338487, 0.6061962116161279, 0.3088931363006721, 0.24652267773652856, 0.02579991902979214, -0.11067612764963108]], "inverted": true, "swapped": true, "error_lsq": 0.05075545489964126, "error_max": 0.24651585025484063, "target": "928.xyz", "model": "15.xyz", "model_rescale": 3.769337070930944, "target_rescale": 4.354775407589803},
{"mapping": [9, 10, 1, 4, 0, 11, 2, 14, 8, 12, 15], "R": [[0.83577876210181, -0.3705010797482508, 0.4052194599534263], [-0.36611798162289083, 0.17393984775479848, 0.9141676831388309], [-0.40918392484547433, -0.9124000653597181, 0.009728123130151511]], "T": [0.03798971592577942, -0.0597491338990651, 0.08297254905631772], "aligned_model": [[-0.25208624455731105, -0.2905319156820762, -0.15274715251154108, -0.524126814312273, 0.3372106634604756, 0.2613921346709757, 0.4809934822849472, 0.27546869811881375, 0.270184725201904, -0.5401229892095678, 0.05699154322682395], [0.05089302039308798, -0.6869088010472978, 0.7394746208745234, 0.2685055428368278, 0.31547606591478516, -0.5372675342731962, 0.5201580216752496, -0.6771817718629647, 0.44176188130859273, 0.10675097448193666, 0.05440247732379739], [-0.5458047371896563, -0.11312437528861098, -0.2681756706730248, -0.004350645598585973, -0.6072111539617067, -0.18562116043240895, -0.049223019147928496, 0.3799563893937917, 0.49363794330949345, 0.5828159896985281, 0.06131804711388593]], "inverted": true, "swapped": true, "error_lsq": 0.03969949687831565, "error_max": 0.2168255106873927, "target": "928.xyz", "model": "16.xyz", "model_rescale": 3.7852294659196426, "target_rescale": 4.354775407589803},
{"mapping": [6, 12, 13, 7, 8, 3, 1, 4, 11, 5, 0, 9, 15], "R": [[-0.5727328091699029, -0.35108563119212216, 0.7407536762452013], [-0.3748017811697392, -0.6915046326885179, -0.6175313496514235], [0.7290409824779004, -0.6313162619010751, 0.2644598709197872]], "T": [0.11828015933403219, -0.031016438042458017, -0.05626580609046494], "aligned_model": [[-0.023145424699909378, -0.32807083296327644, 0.2582528931602597, -0.06751575415616129, -0.5153670528801781, -0.6637612875384971, -0.35364455736103256, -0.1309489832240365, 0.6743515385420247, 0.38962500715199516, 0.2107209617974446, 0.36616704369053255, 0.0371022986971177], [-0.13562275477060606, -0.5065083749980396, -0.29255344908632336, -0.7019437953284213, -0.004660809288555001, 0.11134289885597906, 0.6213098822640322, 0.04396406945926791, -0.01480847342638364, 0.4669948424216568, 0.8035564543450655, 0.4298014622103369, 0.054183671044865156], [-0.642762542363108, 0.37554232334699045, 0.6450631917946951, -0.3275012107850948, -0.3243525048105197, 0.10229435745619142, 0.331292794642937, 0.5467385261370443, -0.25775269718443305, -0.6139810832713746, -0.09655793016479283, 0.41058061429431175, -0.05284914194967342]], "inverted": false, "swapped": true, "error_lsq": 0.04886977206671368, "error_max": 0.3892331287889797, "target": "928.xyz", "model": "17.xyz", "model_rescale": 3.901054581598922, "target_rescale": 4.354775407589803},
{"mapping": [0, 11, 2, 1, 14, 8, 10, 9, 6, 12, 7, 13, 4, 3, 15], "R": [[0.3378222366389223, -0.7748167101579063, 0.5343549401777389], [0.6682078225064002, -0.2023931998856805, -0.715915706337897], [0.6628532585523971, 0.598912396181707, 0.44936566327029814]], "T": [0.019753747179552056, -0.08005045920922763, -0.013609074169061831], "aligned_model": [[0.09437010481086314, 0.10816630173637676, -0.38595438225713097, 0.18733998668807042, -0.19530226451555252, -0.5137892991485921, 0.5347650874658347, 0.5831475267681062, -0.5698329497531482, 0.14895322129011315, -0.35932175505184305, 0.6803355012074926, 0.4361523645929747, -0.2009313474519658, -0.00901188529256507], [0.1017229285656285, -0.6286196418205618, 0.29700231500089824, 0.698554391589118, -0.7100392292796734, 0.3481016405635279, -0.5719846960593238, 0.06273682853290383, -0.24527324213911494, 0.3218579083396592, -0.2615398065144523, 0.01385043497587471, 0.41129099002752, 0.6930907357496473, 0.018005792295454487], [-0.8309654863915792, -0.21690717120849948, -0.506815353039252, -0.41874309401364956, 0.27393882140142517, 0.06443888493004495, 0.16659564347326486, -0.4059684304174084, -0.010283750406634982, 0.6448415398230435, 0.6041252258394296, 0.35336600121311895, 0.1150269953010276, 0.08909006194037815, -0.07207348359273308]], "inverted": false, "swapped": true, "error_lsq": 0.04515432151681438, "error_max": 0.2812848077588256, "target": "928.xyz", "model": "18.xyz", "model_rescale": 3.9405287249114394, "target_rescale": 4.354775407589803},
{"mapping": [9, 8, 7, 0, 6, 13, 12, 3, 4, 5, 10, 11, 1, 2, 14, 15], "R": [[0.06368945563175674, 0.7070714095067483, 0.7042681840744127], [0.4622298170661219, 0.60454074275273, -0.6487480917636654], [-0.8844700387556099, 0.36685216669677434, -0.28832661745585]], "T": [-0.007938972785393808, 0.049564233632320896, -0.13872206888011185], "aligned_model": [[-0.44192639137982204, 0.3325366507801991, -0.2904760767540369, 0.5259220353987566, 0.6329904864306637, -0.6744781233743291, -0.03886825930741457, 0.25185426126637567, 0.0416314165524834, 0.1581537521561866, -0.052515928479973634, -0.4843028083078844, 0.597119153108914, 0.4505947991717605, -0.47489809504295577, 0.004720979379173757], [-0.5610058577523798, -0.48257842991159583, -0.2181436234390486, 0.09328678866364773, -0.3344654097601455, 0.12776422311646288, 0.5955604131666538, 0.6084363159756706, 0.35115575928636805, -0.7535230149118305, -0.029760203067893794, -0.30936722012521684, 0.26712662680336924, -0.38909041317929266, 0.4046537894161095, 0.03242580119389418], [-0.30566197113465937, -0.5548622987665812, -0.7253487279100352, -0.5697151315598797, -0.13496482293564976, -0.16938422387332333, -0.17144229776904443, 0.4491538244784232, -0.8029888502041773, -0.0018764598671341948, 0.6420625145420529, 0.26557845005304304, 0.009907313633550907, 0.4551248506356582, 0.36684647008360227, -0.10505685755316807]], "inverted": true, "swapped": false, "error_lsq": 0.047579591858087376, "error_max": 0.28867916185800696, "target": "928.xyz", "model": "19.xyz", "model_rescale": 4.410303926677745, "target_rescale": 4.354775407589803},
{"mapping": [3, 4, 12, 2, 7, 0, 6, 13, 9, 11, 5, 14, 10, 15], "R": [[0.5556440992846371, -0.242024951773538, 0.7954140793631836], [-0.11566452474857386, 0.9248885441358995, 0.3622194067700725], [-0.823335504302378, -0.2932662674860395, 0.4859151610208884]], "T": [0.01647483975590303, 0.020003755318407257, 0.06556518710370127], "aligned_model": [[-0.2158223630584199, 0.35111760117898466, 0.44233435703693785, -0.6508982106690301, 0.09896181397079734, -0.42564185396571996, -0.428772977258176, 0.744244412741854, 0.2181609527713915, 0.05099018374994732, -0.5803854453582459, 0.10535903651832645, 0.6066692961243565, -0.055128914322131545], [-0.19517972002227282, -0.389103188806699, 0.15828352492730255, -0.265096688390746, 0.7235277155674174, -0.6402841538995061, 0.4401052831038895, -0.1656461894866255, -0.6226145482475238, 0.12752643738046035, -0.06638959402622957, 0.6549204379541448, 0.103505567428292, -0.05260641730070137], [-0.6805785070983824, -0.32430299213941527, -0.5757634555912217, -0.08724601311051089, -0.17209469891971388, 0.3398522192504563, 0.07939221765022217, -0.05990147884739744, 0.26078571008782836, 0.6463599942818846, 0.5842014580588981, 0.40438539976053645, 0.4949923233161463, 0.006732862025691191]], "inverted": false, "swapped": true, "error_lsq": 0.04452729320954727, "error_max": 0.24510815026415014, "target": "928.xyz", "model": "20.xyz", "model_rescale": 4.121658175737393, "target_rescale": 4.354775407589803},
{"mapping": [3, 12, 13, 1, 9, 8, 14, 2, 6, 5, 11, 0, 15], "R": [[-0.19749365566691732, 0.9571779098707838, 0.21167594295695158], [0.11823346171887295, 0.23761016200467397, -0.9641380914796822], [-0.9731480383278223, -0.16538397675564015, -0.16009695728276963]], "T": [-0.02187203906484153, 0.11223407128601431, 0.07573987547931149], "aligned_model": [[0.13846959994777144, -0.09414350378036411, 0.2849665985735265, 0.6839690794142448, 0.6488517080069538, -0.230434887951961, -0.6265916981590223, 0.1410909288927083, -0.5124167190313234, -0.03215683852085511, -0.11293227834289775, 0.5560629866188489, 0.0363479289966642], [-0.5689996924922589, 0.04755170217090435, 0.5580828278774528, -0.42488225975295274, 0.29733400373569496, -0.5317333260551049, 0.48588025151541175, -0.5320265957646628, -0.15665432337533208, -0.02336809570607601, 0.5229175596468838, -0.1434008092310613, 0.010125661594283658], [0.484649949676342, 0.851866848078748, 0.6113939376624038, 0.18408468518511395, -0.011520052188211699, 0.20176136559216865, -0.06751303629944483, -0.25348888740969744, -0.17323210517365153, -0.7079666177405918, -0.34033962339603346, -0.47862695603353267, 0.06904023152817598]], "inverted": true, "swapped": true, "error_lsq": 0.0501591764241852, "error_max": 0.2621846518807973, "target": "928.xyz", "model": "21.xyz", "model_rescale": 4.08911054899281, "target_rescale": 4.354775407589803},
{"mapping": [12, 10, 7, 6, 5, 13, 4, 1, 0, 9, 15, 14, 8, 11, 2, 16], "R": [[-0.80316768602144, 0.5023553475265649, -0.3202511091978136], [-0.4712415883581679, -0.8645931222193458, -0.17438491452151017], [-0.3644901007333899, 0.010855313098554767, 0.9311439892116019]], "T": [0.008675734537025564, -0.03353984958466319, -0.052522501151311914], "aligned_model": [[-0.4415318813156809, 0.233984096410077, -0.09830845440197176, 0.4715982934722804, 0.5160857055907029, -0.5426567079975279, -0.45781749136842087, 0.36710223991497276, 0.021244041890582387, 0.0347362763523391, -0.0551786514117253, -0.4523348338225645, 0.6821902791227368, 0.5569809129821046, -0.28285038360914305, -0.01518559021066428], [-0.5500406601286517, -0.5998457352581412, -0.08703346847754204, 0.14550818672439852, -0.5236126935720735, 0.0007048471175335608, 0.47923485435410595, 0.5845256150125452, 0.6012451026525206, -0.7372781341513359, -0.03681874593004897, -0.3694273249895559, 0.1300373069936391, -0.08379073696889364, 0.4543172931013304, -0.005250161005057603], [-0.32731245979192486, -0.5813600897705369, -0.7535852687151314, -0.6085878153672529, -0.06215488453059154, -0.4152755915377288, -0.12827445856890396, 0.2931997905523456, -0.4963349618177258, 0.05527771479451756, 0.673713606549233, 0.24153777442830254, -0.03296003358372649, 0.4792004623041464, 0.392743442013149, -0.08245544510549396]], "inverted": false, "swapped": false, "error_lsq": 0.04601867738386875, "error_max": 0.3099084268868759, "target": "928.xyz", "model": "22.xyz", "model_rescale": 4.204369325754507, "target_rescale": 4.354775407589803},
{"mapping": [9, 8, 7, 0, 6, 13, 12, 3, 4, 5, 10, 11, 1, 2, 14, 15], "R": [[0.06368945563175674, 0.7070714095067483, 0.7042681840744127], [0.4622298170661219, 0.60454074275273, -0.6487480917636654], [-0.8844700387556099, 0.36685216669677434, -0.28832661745585]], "T": [-0.007938972785393808, 0.049564233632320896, -0.13872206888011185], "aligned_model": [[-0.44192639137982204, 0.3325366507801991, -0.2904760767540369, 0.5259220353987566, 0.6329904864306637, -0.6744781233743291, -0.03886825930741457, 0.25185426126637567, 0.0416314165524834, 0.1581537521561866, -0.052515928479973634, -0.4843028083078844, 0.597119153108914, 0.4505947991717605, -0.47489809504295577, 0.004720979379173757], [-0.5610058577523798, -0.48257842991159583, -0.2181436234390486, 0.09328678866364773, -0.3344654097601455, 0.12776422311646288, 0.5955604131666538, 0.6084363159756706, 0.35115575928636805, -0.7535230149118305, -0.029760203067893794, -0.30936722012521684, 0.26712662680336924, -0.38909041317929266, 0.4046537894161095, 0.03242580119389418], [-0.30566197113465937, -0.5548622987665812, -0.7253487279100352, -0.5697151315598797, -0.13496482293564976, -0.16938422387332333, -0.17144229776904443, 0.4491538244784232, -0.8029888502041773, -0.0018764598671341948, 0.6420625145420529, 0.26557845005304304, 0.009907313633550907, 0.4551248506356582, 0.36684647008360227, -0.10505685755316807]], "inverted": true, "swapped": false, "error_lsq": 0.047579591858087376, "error_max": 0.28867916185800696, "target": "928.xyz", "model": "23.xyz", "model_rescale": 4.410303926677745, "target_rescale": 4.354775407589803},
{"mapping": [15, 8, 9, 10, 4, 14, 11, 1, 10, 5, 12, 13, 3, 2, 7, 16], "R": [[0.21800491357508361, 0.8515585264276913, 0.47678289999266904], [-0.847904173319795, -0.07664037575551846, 0.5245805616594348], [0.48325187068856285, -0.5186273506790324, 0.7053320498911506]], "T": [-0.08138647297275536, -0.04216919032960115, -0.03609793059843501], "aligned_model": [[-0.34851772008133836, 0.32043285021964507, -0.21368692401101247, 0.2766203719902322, 0.5140251532934664, -0.7083851368800174, -0.34521164049290687, 0.2869028802384108, 0.2766203719902322, 0.07300437487334033, -0.17399795193155854, -0.6767571482088487, 0.7839769681342317, 0.6834367504596753, -0.23612677495923115, 0.02572142696377676], [-0.5942684243329579, -0.3533173257786747, -0.06919160618902048, 0.2074030155958408, -0.3587588631318307, -0.1000328389989627, 0.45995097949203173, 0.7200919114781361, 0.2074030155958408, -0.6174265618625223, -0.33745240901375756, -0.0388265200400579, 0.16087313271801876, -0.318075974512645, 0.43024078460575826, 0.0038632298495759193], [-0.4009835612635368, -0.6821898254324594, -0.6478056739894913, -0.5191390875041081, -0.17444657487491683, -0.2844413694805855, -0.31715504695029206, 0.10410304854398285, -0.5191390875041081, 0.16600218327172345, 0.7057961113727116, 0.3376790208758241, 0.1023611409027181, 0.37840759954389847, 0.40528076304796784, -0.006957858706650409]], "inverted": true, "swapped": false, "error_lsq": 0.0393605954717628, "error_max": 0.2881997580021161, "target": "928.xyz", "model": "24.xyz", "model_rescale": 4.28219845311461, "target_rescale": 4.354775407589803},
{"mapping": [3, 5, 9, 11, 8, 7, 13, 14, 12, 1, 0, 4, 10, 6, 2, 15], "R": [[-0.8680610930018542, 0.2313568844130141, 0.43925383419058484], [0.4762738119562053, 0.6378001703662481, 0.6052885251890129], [-0.14011850292210448, 0.7346325167833835, -0.6638387382665915]], "T": [-0.021098883595361932, -0.01598113869814844, -0.11521300687241813], "aligned_model": [[-0.43820152483433905, 0.4226096357657827, -0.1942468162049051, 0.3484974340259506, 0.5526208457936985, -0.7449873162666607, -0.3732766685342773, 0.4063651891688581, 0.06465621820177148, 0.029962342353600964, -0.08519669892361939, -0.6103858414446736, 0.7601879505582944, 0.5469511932479085, -0.115003853972664, -0.03249423733662853], [-0.6409542268722258, -0.5731976168101426, -0.07710143849970846, 0.16975778750042708, -0.392995524203495, 0.035045799851803575, 0.46167442652484897, 0.588059227129374, 0.6129687341850518, -0.6458882724656992, -0.28681775356969796, -0.25203436774707155, 0.11734323922192422, -0.03998391515265443, 0.3652005606491298, -0.03860111426709121], [-0.3035726909596733, -0.5820247754483056, -0.7657187995169403, -0.46929870913101035, -0.012005050974661355, -0.39615391584997334, -0.14227637222158684, 0.06521517230535741, -0.5412271147949067, -0.012806205926343336, 0.651659322887152, 0.2476482991247801, -0.07622183020049554, 0.5840295203539022, 0.4457347563008372, -0.04560982409545411]], "inverted": false, "swapped": false, "error_lsq": 0.04740664959943249, "error_max": 0.3046008295784441, "target": "928.xyz", "model": "25.xyz", "model_rescale": 4.100010024507729, "target_rescale": 4.354775407589803},
{"mapping": [9, 4, 3, 12, 5, 6, 2, 7, 13, 14, 10, 15], "R": [[-0.6218440657514941, -0.7792380469331873, 0.07808984633999136], [0.7812464211258029, -0.6241798739477691, -0.0073153562231647595], [0.0544425143410559, 0.05645840212314886, 0.9969194859475488]], "T": [-0.07359883356236596, 0.10507703579695887, -0.03402110480322944], "aligned_model": [[-0.6051894117880583, 0.007775643874218641, 0.3516947988378978, 0.5518272003158884, -0.58753238612463, 0.13409308929405614, -0.19482327411402983, 0.5557646241629288, -0.022120316897153394, 0.0650363969305594, -0.3001167351926386, -0.0796440269360318], [-0.3519914126620011, -0.5438183300707919, -0.25059301682141016, -0.3463560448394703, 0.6334618723448375, 0.6510382872577274, 0.22974635582297503, 0.41865683970362766, -0.49917712010770826, 0.6362946419410016, 0.018262793533221952, 0.07060652394863004], [-0.01832029525592518, 0.026513722097255464, 0.557266025788009, -0.16375352533586723, 0.264929326480691, 0.14958847027614125, 0.6869383323392019, -0.28661094950439386, -0.49454603901313454, -0.5077371153167647, -0.727463706501814, 0.07838804380095786]], "inverted": true, "swapped": true, "error_lsq": 0.04409438306116937, "error_max": 0.22883970127761696, "target": "928.xyz", "model": "26.xyz", "model_rescale": 3.6694154284099745, "target_rescale": 4.354775407589803},
