[{"mapping": [5, 6, 7, 10, 9, 3, 1, 4, 2, 0, 8, 11], "R": [[-0.600915186053797, 0.11330986155058337, -0.7912406804792829], [0.6174524088301367, 0.6944308422597202, -0.3694838672368763], [0.5075957663335977, -0.7105819309508536, -0.4872574857366117]], "T": [0.007692567223284358, 0.12769947573629403, -0.02924162703077502], "aligned_model": [[0.3138615207656622, -0.6992225085621417, -0.4207900682824312, 0.07859528172707729, -0.3987349243668674, 0.19084511139619798, -0.17119702088895708, 0.665508041101523, 0.16346450553077438, 0.4950923922990508, -0.3323368232545848, 0.05357923844523224], [-0.6389334396199386, 0.015410394284172207, -0.7136635513173172, -0.23033446679899106, 0.3057639630011647, 0.5355588319049701, -0.20122028193275854, 0.5959977542047075, 0.39874824774424666, -0.06720374321157624, 0.6232805982669871, 0.08427254162174161], [0.05573411956245821, 0.08396934977307027, -0.10075524561684077, -0.6024308165951793, -0.44453207585280263, -0.5528239089460318, 0.572165778808993, -0.04724138962380401, 0.7130641805817828, 0.2982420210516482, 0.17541138490327116, -0.0002455809954700211]], "inverted": false, "swapped": false, "error_lsq": 0.042775039147057416, "error_max": 0.3061961627870253, "target": "93.xyz", "model": "0.xyz", "model_rescale": 3.751011558992144, "target_rescale": 3.8085209471747614},
{"mapping": [0, 5, 2, 3, 9, 12, 8, 6, 4, 1, 10, 14], "R": [[0.7292606238323409, -0.47986254816828045, -0.4877610863866758], [0.40201556414170436, -0.2763487550351611, 0.8729346205635014], [-0.5536808003854682, -0.8326843942670967, -0.008618052479885313]], "T": [0.004171580300255357, 0.10349430575087737, -0.018019498930866334], "aligned_model": [[0.43399166297867736, -0.6118983983952421, -0.3551479025050191, 0.12617686963603864, -0.47185177467596456, 0.16644408083709603, -0.23936166363090775, 0.5876539148125399, 0.040655715879392096, 0.5758545104656885, -0.31113095589967504, -0.002721313592088833], [-0.5204012346480337, 0.00825519689584231, -0.6384899368491005, -0.3970116655021698, 0.4544127921214959, 0.23311443652681546, -0.20618515144060445, 0.5689923828227375, 0.3354749027666988, -0.0552313367155817, 0.7940550958976811, 0.13069136627162758], [-0.05692412199998895, 0.020364618751434086, -0.08194910864339117, -0.5819471287087581, -0.30861819606289365, -0.7313506712094658, 0.5160296046484083, 0.06313252399300123, 0.7372472621337489, 0.34759005676606924, 0.2920834741386846, -0.06510049675575344]], "inverted": false, "swapped": false, "error_lsq": 0.04630255806772466, "error_max": 0.31326353445271177, "target": "93.xyz", "model": "1.xyz", "model_rescale": 3.9405287249114394, "target_rescale": 3.8085209471747614},
{"mapping": [5, 6, 0, 1, 7, 4, 11, 8, 10, 9, 3, 12], "R": [[-0.393217067083047, -0.603918139126978, -0.6932987951727703], [0.7756643823644181, -0.6227600570647972, 0.10254110032507296], [-0.4936852277371002, -0.49744627102638833, 0.7133176735200865]], "T": [-0.00823329463673931, 0.022806482772746904, -0.05937911655131518], "aligned_model": [[0.24588161235546843, -0.5237764018931805, -0.3906854984866747, -0.08624454534479684, -0.6024114008072444, 0.22537368359321794, -0.13039088639280685, 0.5978587690048343, 0.1811762058006454, 0.5515961323068937, -0.1874379136254982, 0.05772498939967744], [-0.6090895939652698, -0.08104377930209225, -0.7144731845324023, -0.1914178663585245, 0.44316868631231254, 0.5027411806145565, -0.24239305152845333, 0.4812820396029789, 0.50961953288938, 0.06500418040801566, 0.5518675089879136, -0.007588804981006343], [0.19401631084269466, 0.07768335466814191, -0.1737425382586735, -0.8178305028382108, -0.37427250984360666, -0.5141166094112833, 0.5905139660553294, 0.09274696369027258, 0.6029079924071571, 0.5195781134167586, 0.06219314032557132, -0.10911986400305607]], "inverted": false, "swapped": false, "error_lsq": 0.049793866200140945, "error_max": 0.2638024988548466, "target": "93.xyz", "model": "2.xyz", "model_rescale": 3.932901565614263, "target_rescale": 3.8085209471747614},
{"mapping": [3, 10, 11, 8, 12, 7, 1, 4, 2, 0, 6, 13], "R": [[0.8411958485725308, -0.12341252436665039, 0.5264588238160613], [0.14917185689029755, 0.988789522284081, -0.006560315016788394], [-0.5197473438664603, 0.08405135008237433, 0.8501753166806773]], "T": [0.024765945537713524, 0.025322731449666264, -0.07946603949351899], "aligned_model": [[0.31190246714321435, -0.6625938524765195, -0.5072002434766038, 0.0725148355135391, -0.5959366474335607, 0.5066720990700263, -0.08000436127974023, 0.5557601246490139, 0.17957499361114185, 0.5397646057739659, -0.3187513550114265, -0.06303792017251558], [-0.39681508467556337, -0.0036665103769997626, -0.6794124681624115, -0.44110912713415407, 0.4094141356424579, 0.25274175026164925, -0.19725237765264225, 0.6810609019499598, 0.45667247527283616, -0.01863407025181721, 0.5457123676658857, 0.09896485560820771], [-0.08561097550087485, 0.1201374981338996, -0.2138869104203837, -0.6442209335281155, -0.30381374833736136, -0.5546392672930534, 0.6192843626742548, 0.146982714171895, 0.6163582273415666, 0.3469076331013638, 0.19960877381635517, -0.096549557108451]], "inverted": true, "swapped": false, "error_lsq": 0.03853693808134198, "error_max": 0.21829313729613087, "target": "93.xyz", "model": "3.xyz", "model_rescale": 3.9243930471874484, "target_rescale": 3.8085209471747614},
{"mapping": [10, 9, 11, 6, 5, 3, 8, 2, 7, 4, 1, 12], "R": [[0.9523272009683668, -0.27679832381366276, 0.1282793445169687], [0.03515701569783064, -0.31810616727926083, -0.9474030032600287], [0.3030460139037947, 0.9067475692125377, -0.2932097528803833]], "T": [-0.027422461599724834, 0.0033937389901010293, 0.012390094174691734], "aligned_model": [[0.2779449603243067, -0.6043107461443371, -0.5317551059115339, -0.024368110468544417, -0.4145994920387544, 0.4967481735105247, 0.00785629955948812, 0.5414075050532248, 0.1820585753746743, 0.49325864969818745, -0.41118526187053717, -0.07439070117616375], [-0.6318297679123519, -0.2190761384743343, -0.5408596944636089, -0.14915742104231391, 0.3826895108769622, 0.12723565759068858, -0.25087251735515925, 0.7279732817719456, 0.5181605418914963, 0.07766296444044216, 0.5770259966060897, 0.08872443421755219], [-0.00683367821608773, 0.35208768402926865, -0.262511461737283, -0.6934677734223499, -0.516620079927894, -0.3911711711247882, 0.5872295924796229, 0.0636877114023492, 0.5903620594904699, 0.2876037056270579, 0.19632607796572052, -0.05613484951499109]], "inverted": false, "swapped": false, "error_lsq": 0.05437612066134565, "error_max": 0.3463733777130377, "target": "93.xyz", "model": "4.xyz", "model_rescale": 3.8936222436046832, "target_rescale": 3.8085209471747614},
{"mapping": [3, 7, 8, 9, 6, 1, 10, 1, 4, 2, 5, 11], "R": [[-0.21218574723747108, -0.36795879225038636, -0.9053085307644642], [-0.9340796444500155, -0.19587669707994726, 0.29854235439076793], [-0.28718012900165685, 0.9089767030824758, -0.30214057450118176]], "T": [-0.03534062833661753, -0.07277529108107697, -0.000911502440035631], "aligned_model": [[0.2800841081550175, -0.6532858964797347, -0.3682465337394333, -0.023803032613016493, -0.4798379965181913, 0.44212425057382043, -0.11201829781364928, 0.44212425057382043, 0.10102784567354423, 0.5874439793327254, -0.24617921622592476, -0.030768715008442915], [-0.5528207057465817, 0.004268890103144615, -0.7179119217280788, -0.22365277003889159, 0.42115946107837365, 0.495019172650088, -0.3313049508647177, 0.495019172650088, 0.38046704716225255, -0.05473071783803496, 0.7002704851506145, 0.09189368556915145], [-0.01950364564609575, 0.17784913951797207, -0.13815294033759234, -0.6001934177766411, -0.4402965026352536, -0.30545296681611617, 0.5707093067515039, -0.30545296681611617, 0.6367401430739625, 0.4101507686950581, 0.12204448462056829, 0.042116414419845496]], "inverted": false, "swapped": false, "error_lsq": 0.05096706408455484, "error_max": 0.3766321810088153, "target": "93.xyz", "model": "5.xyz", "model_rescale": 3.6523030999806103, "target_rescale": 3.8085209471747614},
{"mapping": [9, 4, 11, 7, 3, 5, 10, 1, 6, 8, 2, 12], "R": [[-0.9310374410273603, -0.3616824945095264, -0.04852892509206544], [-0.09142137516496379, 0.10243060482892602, 0.9905302132481005], [-0.3532865912657482, 0.9266572960699909, -0.1284322392239634]], "T": [0.049826005794776695, 0.08969058093694067, 0.012406109008549916], "aligned_model": [[0.24751771457777264, -0.5115106406670645, -0.4945895835008284, -0.03598126450208619, -0.36290493468812857, 0.5423376405528316, -0.19599273368741874, 0.1400211972090126, 0.27597024790002916, 0.6999590512696333, -0.41668335941102147, 0.050521410857803976], [-0.5951465670277133, 0.06366940607320737, -0.5638156292262724, -0.2339581123287236, 0.31610535055199923, 0.2137685379966742, -0.25404300789057305, 0.7778850929912237, 0.2848375467283282, -0.012967905132614602, 0.6052284226687781, 0.10611371274309427], [0.1331494078981344, 0.12797284178490895, -0.21366976885331346, -0.5831664687758985, -0.49850506313024373, -0.44140054606228024, 0.6682211811883035, -0.01265395917889267, 0.5898148945125162, 0.15555414806597453, 0.3170392984789033, -0.09179814887701732]], "inverted": false, "swapped": false, "error_lsq": 0.05506797827179668, "error_max": 0.347978753459362, "target": "93.xyz", "model": "6.xyz", "model_rescale": 4.08911054899281, "target_rescale": 3.8085209471747614},
{"mapping": [13, 6, 2, 1, 3, 11, 7, 10, 5, 12, 4, 14], "R": [[-0.08618401264555728, -0.34811952758665243, -0.9334801071673442], [0.9792582376194263, -0.20205579625384754, -0.015058527641130082], [-0.1833728988122439, -0.9154158889341333, 0.3583128943648623]], "T": [-0.014717947718447508, 0.12516802221880513, -0.06998316617683042], "aligned_model": [[0.374457730370949, -0.4879948994065317, -0.38160751109148455, -0.04923181060494436, -0.6894072817089015, 0.49504436270026103, -0.19043355914046503, 0.5065260416622249, 0.08131684873427325, 0.6108757346833863, -0.3423624134451762, 0.011481503156944187], [-0.49119790231913524, 0.014601011927465393, -0.5928357458681315, -0.33402694357420715, 0.46323998021303436, 0.13224745657432752, -0.29986242319395895, 0.6096257219814447, 0.3901667678274646, 0.007328060032081252, 0.6672788065209345, 0.14111205802608828], [-0.0026789240833954148, 0.04371305051284238, -0.07145984899894389, -0.6408551619117776, -0.3086316316720833, -0.36088406243351545, 0.5527223090779361, 0.043508415789396654, 0.6378686631486644, 0.2505604437453487, 0.2392327637560101, -0.23253819987938767]], "inverted": true, "swapped": false, "error_lsq": 0.04412302415211262, "error_max": 0.2964664218191005, "target": "93.xyz", "model": "7.xyz", "model_rescale": 3.964800864290218, "target_rescale": 3.8085209471747614},
{"mapping": [6, 9, 11, 4, 12, 2, 10, 1, 5, 3, 8, 13], "R": [[-0.4180435879479867, -0.17276276445077257, -0.891847849016244], [0.604495383924139, -0.785739823363995, -0.13114213965894422], [-0.6781038927701137, -0.5939410384871928, 0.43290778857716705]], "T": [0.1130274660178837, 0.09417475960105728, -0.050119996147006705], "aligned_model": [[0.28379718983175684, -0.5515371438270159, -0.40422389737872855, 0.050951621603541455, -0.514529452418857, 0.40372767397850184, -0.24326324121441367, 0.4275656473545114, 0.1177764070198871, 0.6408835570777951, -0.33693111995446573, 0.06444750383802267], [-0.4564011594105375, 0.08531241805910737, -0.5445402671946447, -0.31434057536733495, 0.20705121326093853, 0.22505604127238635, -0.15796621529544067, 0.7754667823533152, 0.342256860215184, -0.18999634685856034, 0.6091585958254856, 0.12661950128750918], [-0.11500205847250636, 0.12913419496914133, -0.15795072508543023, -0.6196419058658083, -0.45522017834879275, -0.63061306841731, 0.6460235764911272, -0.055297195001439224, 0.7483181303741548, 0.35801898151486067, 0.30114415053553734, 0.001643914357560776]], "inverted": false, "swapped": false, "error_lsq": 0.04277984043609535, "error_max": 0.19682870209645922, "target": "93.xyz", "model": "8.xyz", "model_rescale": 4.121658175737393, "target_rescale": 3.8085209471747614},
{"mapping": [5, 1, 4, 9, 6, 7, 0, 11, 3, 10, 2, 12], "R": [[0.01396913458832233, 0.6508536083616172, 0.7590747287069409], [0.9605563017849017, 0.2021274403034085, -0.19098714348799747], [-0.2777345034023794, 0.7318019392971398, -0.6223579896336023]], "T": [0.03171834313069712, 0.1496651457622526, -0.040821211564485746], "aligned_model": [[0.3439805969670578, -0.6143462613574304, -0.43929480169939006, -0.09269920682204966, -0.4434329868223589, 0.46929126798338777, -0.18804605710663183, 0.5083299156698755, 0.218188634499886, 0.6001272413537101, -0.37284872963371574, -0.050584867121805384], [-0.38310643367996183, 0.004194606372505405, -0.5994094478383547, -0.2555929552652689, 0.2857041842926461, 0.22770005927248094, -0.31227316787619963, 0.5664351778670199, 0.5213038174081406, -0.019821860027300686, 0.5455666845632434, 0.12697618305845745], [-0.021725786890996704, 0.14988947169889622, -0.11266679833278484, -0.7573935818455829, -0.5265234287032808, -0.5484149448025132, 0.5567914103767415, 0.005828802525830165, 0.6298482447580693, 0.43316856668474746, 0.36158891016299716, -0.01983304858102813]], "inverted": false, "swapped": false, "error_lsq": 0.04094414312995911, "error_max": 0.21775499334354337, "target": "93.xyz", "model": "9.xyz", "model_rescale": 3.833441315466971, "target_rescale": 3.8085209471747614},
{"mapping": [12, 5, 1, 0, 13, 8, 4, 9, 3, 7, 2, 14], "R": [[-0.6700433978849227, -0.7414451965329178, -0.03606751293186439], [0.4546881065614005, -0.37152510288392615, -0.8094614405138127], [0.5867713103948043, -0.5587737632220675, 0.5860642548664892]], "T": [0.10017386267346078, -0.09364286775096567, -0.03285925777611416], "aligned_model": [[0.29667737583424564, -0.5611826294975897, -0.35030068069941706, -0.31608105156505334, -0.45452073441170043, 0.5120695785601278, -0.2483870319649269, 0.3625115416442999, 0.12794054871750998, 0.6463621275968882, -0.19783937821953712, 0.12141507991568856], [-0.6483992133555639, 0.02022748447415877, -0.6692101865900728, -0.27149884345404485, 0.3119809909917983, 0.43479840854410334, -0.1691331385577893, 0.6627532255484289, 0.41679731882371407, 0.07668186107466232, 0.5561660567918965, -0.013487116143883052], [-0.16190120304072037, 0.05126169451485853, -0.13964820931691685, -0.5417031041402609, -0.43717315884534, -0.4311695628381208, 0.6803862131752534, 0.09734834095115462, 0.6692815235657542, 0.30858157574007244, 0.041885138432135136, 0.013408568853226048]], "inverted": true, "swapped": false, "error_lsq": 0.049061940695053465, "error_max": 0.326473898233726, "target": "93.xyz", "model": "10.xyz", "model_rescale": 4.2482417240324, "target_rescale": 3.8085209471747614},
{"mapping": [2, 8, 3, 7, 9, 5, 1, 4, 0, 6, 10, 11], "R": [[-0.17344932260404683, 0.3635250480864778, 0.915294964425087], [-0.7610543962701606, 0.5403933760655413, -0.3588470496219074], [-0.6250692268909568, -0.7588310342350333, 0.18293147098225343]], "T": [0.006092640425693356, 0.008157192778562583, 0.05487908108780683], "aligned_model": [[0.3572224674729429, -0.5978247005991606, -0.4248366256551234, -0.1943588214677907, -0.31121258638384064, 0.4833292355004284, -0.13217519616220766, 0.48387956646788466, -0.0008601370287963173, 0.63679082870173, -0.38087221562337953, 0.019582930687848336], [-0.6432817256736154, -0.06992599008328473, -0.6549658337446145, -0.14335973252692213, 0.5556805585075986, 0.19444991416916824, -0.3226661431864592, 0.7288156089287832, 0.3752602773507466, 0.062448540287285165, 0.5128345781741983, 0.11238679594452436], [0.045263132444925386, 0.1326266901728939, -0.12578482173048072, -0.5739436916121717, -0.4731800625305991, -0.4944172183716792, 0.6636355837261583, -0.08006787429561281, 0.7174697994933005, 0.19542936758338253, 0.15764726384705222, -0.014120351676074186]], "inverted": false, "swapped": false, "error_lsq": 0.05069519206307116, "error_max": 0.30460492795305744, "target": "93.xyz", "model": "11.xyz", "model_rescale": 3.6694154284099745, "target_rescale": 3.8085209471747614},
{"mapping": [4, 2, 1, 0, 12, 5, 8, 7, 9, 11, 10, 13], "R": [[-0.4272375213954933, 0.8148551705839697, -0.3917641526280896], [0.738470102850916, 0.06449247301486238, -0.6711949255766055], [-0.5216608165342623, -0.5760657704611488, -0.6292997859492804]], "T": [0.05283357208348665, 0.055799257009193394, -0.016238307649676657], "aligned_model": [[0.23779854794201627, -0.551407303575788, -0.5285688241401015, 0.13093344510411467, -0.42537338129543906, 0.3349261864249661, -0.137155939788024, 0.31937482871398926, 0.22599952896236167, 0.5783475325799337, -0.28715387588208646, 0.04094400086459295], [-0.6606938985104949, -0.06889476315023482, -0.5095564942767234, -0.30154171592557616, 0.3285378392098476, 0.4516033812697301, -0.12495556507625094, 0.7490344800560326, 0.45310371424401324, -0.12865599133165803, 0.5511480289277482, -0.03145216728902447], [-0.006032155123606556, 0.1974388762313127, -0.25876175446455335, -0.630197348076359, -0.41461033953157467, -0.6552482016489957, 0.6935711956558048, 0.007128388962723272, 0.6596677409470627, 0.4683646097888463, 0.19007920661675382, -0.10084240230631905]], "inverted": true, "swapped": false, "error_lsq": 0.04422095128138595, "error_max": 0.21309365621036735, "target": "93.xyz", "model": "12.xyz", "model_rescale": 3.9764082729961374, "target_rescale": 3.8085209471747614},
{"mapping": [1, 13, 10, 8, 14, 7, 12, 4, 5, 9, 6, 15], "R": [[-0.26538271794035967, -0.045786671178232846, -0.9630553430416158], [0.44615801155224466, 0.8796562193473454, -0.16476639369508025], [0.8547017267715884, -0.4734010102502437, -0.21301746817506284]], "T": [0.027613571217343175, 0.04807040720685716, -0.02648995347819469], "aligned_model": [[0.21336151886988194, -0.5428365687587401, -0.2988038842731665, 0.008560475305346621, -0.617684022033729, 0.5506200955032672, -0.1707544354438906, 0.3621638373309285, 0.32822808038646134, 0.4225325776537652, -0.3482958425780569, 0.03157291394846783], [-0.5570787983897573, 0.05810503407605693, -0.6743189988692269, -0.34039079024653784, 0.41255876769821714, 0.30107210870844914, -0.3463527954626502, 0.6833760849217941, 0.45991229995678135, -0.09605710743037232, 0.6726915930854213, 0.13415945009923325], [0.024644351735151823, 0.1947937789825578, -0.15972692169050845, -0.6167337287590458, -0.32573448690489504, -0.5096959276906902, 0.43426378343279937, -0.04456029065606129, 0.6389731019109746, 0.4033534649864674, 0.20198169130707558, -0.09100099960273081]], "inverted": false, "swapped": false, "error_lsq": 0.04007335835952026, "error_max": 0.20802230980773842, "target": "93.xyz", "model": "13.xyz", "model_rescale": 4.170626492500431, "target_rescale": 3.8085209471747614},
{"mapping": [9, 0, 1, 3, 2, 6, 7, 12, 8, 10, 4, 13], "R": [[0.21432561219485496, -0.4184205553402952, -0.8826034051747249], [-0.15819981637876265, -0.906540722869746, 0.39135244457716645], [-0.9638658361281545, 0.05575084436595784, -0.2604889504325594]], "T": [0.012174261934650925, 0.09487998314997914, -0.04954089200767575], "aligned_model": [[0.40967259053716726, -0.5442769657048124, -0.28525987881647147, -0.05489841531277346, -0.4980293656208669, 0.2579627209027945, -0.2134396919870753, 0.5312565146194794, 0.005928573506546533, 0.3767062255148689, -0.13912106312512537, 0.09216350139680363], [-0.6104910653835216, -0.042108423181013016, -0.6121940431320441, -0.23813890986351982, 0.3420464011485294, 0.4283446673668078, -0.25400429640121036, 0.5077908763627802, 0.3875734387236395, -0.08502184293563783, 0.771410820376696, 0.11246922506590207], [-0.022096382304746975, 0.11615344802031552, -0.0006152017384902994, -0.6496019533112818, -0.3835067397815174, -0.7815781894511346, 0.6467405928579354, 0.25991723181527915, 0.6329895653679143, 0.3417136101699226, 0.10038869643101339, -0.1099468610241143]], "inverted": true, "swapped": false, "error_lsq": 0.051710891344894046, "error_max": 0.2835957608914182, "target": "93.xyz", "model": "14.xyz", "model_rescale": 3.9786697098870705, "target_rescale": 3.8085209471747614},
{"mapping": [0, 8, 3, 2, 5, 4, 9, 10, 6, 1, 7, 11], "R": [[0.8043135983751113, -0.036337228855735315, 0.5930929448812945], [0.3452772228678985, -0.7837467244486183, -0.5162603134899035], [0.4835941220047157, 0.6200166753524841, -0.6178317306899513]], "T": [0.010435726425942891, 0.08655107515025645, 0.050290598092974356], "aligned_model": [[0.35052231134745676, -0.4745202001525819, -0.44735359764120913, -0.1607697278578543, -0.4095279412882488, 0.29764959360238974, -0.23453032706969326, 0.467728802123136, 0.131638455208654, 0.6402616515102297, -0.24023921537176726, 0.017804941500024304], [-0.5131237458040823, 0.027229489931170497, -0.7104858999515618, -0.36891560585688415, 0.4533051912690407, 0.20606864900164365, -0.28614214033297936, 0.7753761924270104, 0.21911036852677265, 0.176191100686872, 0.6584036344072961, 0.07065961384311002], [-0.042104260792935125, -0.13281271925942595, 0.03267732487811932, -0.6687964697804866, -0.5274476850767675, -0.47709775419912553, 0.4844629922139778, -0.043111699656890226, 0.8217137135614306, 0.28684093397491583, 0.26713784713382577, 0.14909559405445705]], "inverted": true, "swapped": false, "error_lsq": 0.05410657408099103, "error_max": 0.3060479857397097, "target": "93.xyz", "model": "15.xyz", "model_rescale": 3.769337070930944, "target_rescale": 3.8085209471747614},
{"mapping": [10, 6, 4, 1, 7, 9, 5, 0, 3, 2, 11], "R": [[-0.9279600179448259, -0.11234051721511625, 0.3553446401561149], [0.36617909837971935, -0.4521567004371808, 0.8133063298410861], [0.06930420626235073, 0.8848355363804066, 0.4607200891569022]], "T": [-0.004050825638366773, -0.0019933775227191225, -0.027324248385609675], "aligned_model": [[-0.2676395091877498, -0.44895813286048436, -0.31900292164266314, -0.5371826226099594, 0.4895766528937148, 0.38563232698986094, 0.6210643447163812, 0.2125836747978948, 0.1852507485585796, -0.4350743098989596, 0.03637587893455578], [0.2209161043843067, -0.5289370832014948, 0.641935093420923, 0.13120388306379105, 0.10019877725376489, -0.4814214078488672, 0.4564982412933538, -0.38640280533912164, 0.40748405446037883, -0.009465469509614785, 0.04405510964792232], [-0.7217235958548693, -0.07712605092030167, -0.15448700217912595, 0.0568680095237053, -0.6585479637529449, -0.20288376704216876, -0.08532275523657748, 0.4775745130383371, 0.5410228743491905, 0.6889756313121245, -0.12013228601359233]], "inverted": true, "swapped": true, "error_lsq": 0.04968134410144934, "error_max": 0.2587742269049392, "target": "93.xyz", "model": "16.xyz", "model_rescale": 3.7852294659196426, "target_rescale": 3.8085209471747614},
{"mapping": [8, 1, 3, 0, 4, 10, 2, 6, 7, 11, 5, 12], "R": [[0.647040963493042, 0.7593500227308164, 0.06874252352586996], [-0.7392716162555818, 0.6027477106705345, 0.30028765322651807], [0.18658903762240647, -0.24511780894120794, 0.9513683780634113]], "T": [0.0017647081572504638, -0.01858032011082328, -0.015900868324698184], "aligned_model": [[0.34099252602237756, -0.6193764323873152, -0.5342278854835683, -0.13146477599921125, -0.3903640840074632, 0.46337421377369764, -0.08980121354383692, 0.40422066094757975, 0.10044138364929117, 0.6283545372140612, -0.3195420241281184, 0.08605783985304108], [-0.573771013286773, 0.06632165799858146, -0.6050511887885333, -0.288973834526503, 0.3226473024985787, 0.46366825965641256, -0.2678240871855866, 0.756464804265889, 0.36314471566586204, -0.07792244235479918, 0.5538462927390213, -0.004873618534741893], [-0.04579556768331501, 0.26910701206315324, -0.051386512142395355, -0.62817891598937, -0.4971340810328119, -0.4671303519759366, 0.5350802997633595, 0.14134892387071069, 0.5637334266851367, 0.36065692681890443, 0.020137545204969673, -0.04988088853131007]], "inverted": false, "swapped": false, "error_lsq": 0.050288136742559934, "error_max": 0.275810204266771, "target": "93.xyz", "model": "17.xyz", "model_rescale": 3.901054581598922, "target_rescale": 3.8085209471747614},
{"mapping": [0, 5, 2, 3, 9, 12, 8, 6, 4, 1, 10, 14], "R": [[0.7292606238323409, -0.47986254816828045, -0.4877610863866758], [0.40201556414170436, -0.2763487550351611, 0.8729346205635014], [-0.5536808003854682, -0.8326843942670967, -0.008618052479885313]], "T": [0.004171580300255357, 0.10349430575087737, -0.018019498930866334], "aligned_model": [[0.43399166297867736, -0.6118983983952421, -0.3551479025050191, 0.12617686963603864, -0.47185177467596456, 0.16644408083709603, -0.23936166363090775, 0.5876539148125399, 0.040655715879392096, 0.5758545104656885, -0.31113095589967504, -0.002721313592088833], [-0.5204012346480337, 0.00825519689584231, -0.6384899368491005, -0.3970116655021698, 0.4544127921214959, 0.23311443652681546, -0.20618515144060445, 0.5689923828227375, 0.3354749027666988, -0.0552313367155817, 0.7940550958976811, 0.13069136627162758], [-0.05692412199998895, 0.020364618751434086, -0.08194910864339117, -0.5819471287087581, -0.30861819606289365, -0.7313506712094658, 0.5160296046484083, 0.06313252399300123, 0.7372472621337489, 0.34759005676606924, 0.2920834741386846, -0.06510049675575344]], "inverted": false, "swapped": false, "error_lsq": 0.04630255806772466, "error_max": 0.31326353445271177, "target": "93.xyz", "model": "18.xyz", "model_rescale": 3.9405287249114394, "target_rescale": 3.8085209471747614},
{"mapping": [9, 2, 5, 8, 1, 4, 11, 12, 14, 13, 3, 15], "R": [[-0.6720000049320561, 0.5509695353708024, 0.49482175019354047], [-0.3295904072025417, -0.8208717554974349, 0.4664115398514731], [0.6631637481432314, 0.1503400549415945, 0.7332200972619197]], "T": [0.06173822583404782, 0.10565657723615289, -0.06107575725363106], "aligned_model": [[0.29033635873486024, -0.7762911428961844, -0.3829733236432226, -0.061772788205183164, -0.39115952414009514, 0.5516233537970116, 0.021438463991106042, 0.26764220498068436, 0.1618595354455936, 0.5685520809692387, -0.3363991149688194, 0.02580864184554576], [-0.6176097483943698, -0.10086059746462024, -0.593173011356602, -0.3675497006355033, 0.49915291489044283, 0.3103297897155678, -0.30750329377735836, 0.61184092236684, 0.38881958257365073, -0.006296586685011943, 0.7928651809749039, 0.09766139593946871], [0.055708500245914984, 0.04081985949343676, -0.13271015281661253, -0.6382178571993988, -0.3359642515571546, -0.5638545019417346, 0.5278962727098614, -0.02208829355577526, 0.6527403239928554, 0.36546386658337354, 0.24659222561072675, -0.04582817451439768]], "inverted": false, "swapped": false, "error_lsq": 0.04313919740242563, "error_max": 0.25937885835622526, "target": "93.xyz", "model": "19.xyz", "model_rescale": 4.410303926677745, "target_rescale": 3.8085209471747614},
{"mapping": [6, 9, 11, 4, 12, 2, 10, 1, 5, 3, 8, 13], "R": [[-0.4180435879479867, -0.17276276445077257, -0.891847849016244], [0.604495383924139, -0.785739823363995, -0.13114213965894422], [-0.6781038927701137, -0.5939410384871928, 0.43290778857716705]], "T": [0.1130274660178837, 0.09417475960105728, -0.050119996147006705], "aligned_model": [[0.28379718983175684, -0.5515371438270159, -0.40422389737872855, 0.050951621603541455, -0.514529452418857, 0.40372767397850184, -0.24326324121441367, 0.4275656473545114, 0.1177764070198871, 0.6408835570777951, -0.33693111995446573, 0.06444750383802267], [-0.4564011594105375, 0.08531241805910737, -0.5445402671946447, -0.31434057536733495, 0.20705121326093853, 0.22505604127238635, -0.15796621529544067, 0.7754667823533152, 0.342256860215184, -0.18999634685856034, 0.6091585958254856, 0.12661950128750918], [-0.11500205847250636, 0.12913419496914133, -0.15795072508543023, -0.6196419058658083, -0.45522017834879275, -0.63061306841731, 0.6460235764911272, -0.055297195001439224, 0.7483181303741548, 0.35801898151486067, 0.30114415053553734, 0.001643914357560776]], "inverted": false, "swapped": false, "error_lsq": 0.04277984043609535, "error_max": 0.19682870209645922, "target": "93.xyz", "model": "20.xyz", "model_rescale": 4.121658175737393, "target_rescale": 3.8085209471747614},
{"mapping": [9, 4, 11, 7, 3, 5, 10, 1, 6, 8, 2, 12], "R": [[-0.9310374410273603, -0.3616824945095264, -0.04852892509206544], [-0.09142137516496379, 0.10243060482892602, 0.9905302132481005], [-0.3532865912657482, 0.9266572960699909, -0.1284322392239634]], "T": [0.049826005794776695, 0.08969058093694067, 0.012406109008549916], "aligned_model": [[0.24751771457777264, -0.5115106406670645, -0.4945895835008284, -0.03598126450208619, -0.36290493468812857, 0.5423376405528316, -0.19599273368741874, 0.1400211972090126, 0.27597024790002916, 0.6999590512696333, -0.41668335941102147, 0.050521410857803976], [-0.5951465670277133, 0.06366940607320737, -0.5638156292262724, -0.2339581123287236, 0.31610535055199923, 0.2137685379966742, -0.25404300789057305, 0.7778850929912237, 0.2848375467283282, -0.012967905132614602, 0.6052284226687781, 0.10611371274309427], [0.1331494078981344, 0.12797284178490895, -0.21366976885331346, -0.5831664687758985, -0.49850506313024373, -0.44140054606228024, 0.6682211811883035, -0.01265395917889267, 0.5898148945125162, 0.15555414806597453, 0.3170392984789033, -0.09179814887701732]], "inverted": false, "swapped": false, "error_lsq": 0.05506797827179668, "error_max": 0.347978753459362, "target": "93.xyz", "model": "21.xyz", "model_rescale": 4.08911054899281, "target_rescale": 3.8085209471747614},
{"mapping": [15, 4, 2, 1, 0, 8, 3, 10, 12, 9, 7, 16], "R": [[0.18693242519707587, -0.9430028752572125, -0.27532134981975187], [-0.23526883018456907, -0.31507997750846756, 0.9194417791882465], [-0.9537844861149318, -0.10709894971424364, -0.28075784764914746]], "T": [0.0877580859292218, 0.06997415812220763, -0.022095483413540493], "aligned_model": [[0.29919088807155847, -0.585014986656962, -0.29756696695188173, -0.08365760357181978, -0.5461767085068767, 0.3282896405578192, -0.36550543755381376, 0.4704528867833368, 0.15501473013748485, 0.6833657745589279, -0.16275253228044323, 0.0430250613232059], [-0.6276855200053496, -0.09630596341362226, -0.5335562232915857, -0.2977269474546537, 0.34826823666689755, 0.19280196338629196, -0.2839768107089691, 0.7519570889226976, 0.32425463598880067, 0.1325782687996961, 0.711604042264163, 0.08546407699304194], [-0.030707195633897802, 0.05548995241518927, -0.11445083900242102, -0.7043058172670199, -0.36959869264979783, -0.6607032813161591, 0.6287114873832488, 0.1768501893490006, 0.6676780217458455, 0.36375399259229574, 0.1549686573649533, -0.017128657930142236]], "inverted": true, "swapped": false, "error_lsq": 0.04039647838247953, "error_max": 0.22042250609251002, "target": "93.xyz", "model": "22.xyz", "model_rescale": 4.204369325754507, "target_rescale": 3.8085209471747614},
{"mapping": [9, 2, 5, 8, 1, 4, 11, 12, 14, 13, 3, 15], "R": [[-0.6720000049320561, 0.5509695353708024, 0.49482175019354047], [-0.3295904072025417, -0.8208717554974349, 0.4664115398514731], [0.6631637481432314, 0.1503400549415945, 0.7332200972619197]], "T": [0.06173822583404782, 0.10565657723615289, -0.06107575725363106], "aligned_model": [[0.29033635873486024, -0.7762911428961844, -0.3829733236432226, -0.061772788205183164, -0.39115952414009514, 0.5516233537970116, 0.021438463991106042, 0.26764220498068436, 0.1618595354455936, 0.5685520809692387, -0.3363991149688194, 0.02580864184554576], [-0.6176097483943698, -0.10086059746462024, -0.593173011356602, -0.3675497006355033, 0.49915291489044283, 0.3103297897155678, -0.30750329377735836, 0.61184092236684, 0.38881958257365073, -0.006296586685011943, 0.7928651809749039, 0.09766139593946871], [0.055708500245914984, 0.04081985949343676, -0.13271015281661253, -0.6382178571993988, -0.3359642515571546, -0.5638545019417346, 0.5278962727098614, -0.02208829355577526, 0.6527403239928554, 0.36546386658337354, 0.24659222561072675, -0.04582817451439768]], "inverted": false, "swapped": false, "error_lsq": 0.04313919740242563, "error_max": 0.25937885835622526, "target": "93.xyz", "model": "23.xyz", "model_rescale": 4.410303926677745, "target_rescale": 3.8085209471747614},
{"mapping": [1, 4, 3, 0, 5, 13, 10, 14, 9, 11, 15, 16], "R": [[0.7113794982630393, 0.6965901601283313, -0.0932810713028786], [-0.31944985113632085, 0.438708307066918, 0.8399326246309651], [0.6260119823613677, -0.5677122247431923, 0.5346137183211127]], "T": [0.035990598669149255, 0.1200775620882318, -0.04730496119712468], "aligned_model": [[0.32624376138382016, -0.6179357594953785, -0.41827039660262577, -0.1250302423208142, -0.4616816139085339, 0.4885004188024888, -0.0801319336402185, 0.4157628990841132, 0.05909010063788962, 0.5525076022273973, -0.19590152599373892, -0.004488564263863924], [-0.6855661414370504, -0.055608457938030334, -0.6562754106033216, -0.3174553933071665, 0.35871451177319724, 0.4585051272523136, -0.19958413397330876, 0.6532483783715148, 0.36037164810338573, 0.024726295102316456, 0.759308766040808, 0.0072916587627502305], [0.007710255557290442, 0.0767882032244511, -0.060495662533513066, -0.6414623585221273, -0.34892858179243075, -0.46550140982999016, 0.5077769281099702, 0.12489222378561457, 0.5307479333231969, 0.3060218104041117, 0.16931383126424251, -0.056305355939721316]], "inverted": false, "swapped": false, "error_lsq": 0.03733037156345199, "error_max": 0.22151302314066657, "target": "93.xyz", "model": "24.xyz", "model_rescale": 4.28219845311461, "target_rescale": 3.8085209471747614},
{"mapping": [11, 2, 14, 8, 0, 1, 13, 3, 7, 9, 4, 15], "R": [[-0.16963461638760596, -0.9309094019753702, 0.32346836357963704], [0.25686711372984894, -0.35864500770510616, -0.8974369305596362], [0.9514427900862598, -0.06914798451193566, 0.29995861953077874]], "T": [0.027261560813301056, -0.04379810522770833, -0.0004741241341158168], "aligned_model": [[0.27544695642076655, -0.652907735590522, -0.38814152445949973, 0.15989682642363579, -0.5187097121104229, 0.24300755444316527, -0.20378186798477624, 0.46039104645050694, 0.19506815317683343, 0.6128023081472214, -0.22076340652022283, -0.023643852486150044], [-0.5281426543998213, -0.05946796441983157, -0.6820223303820843, -0.16999736757381995, 0.4042352813395044, 0.35998910335966616, -0.11552930797865053, 0.5984196722997688, 0.3466476971671323, -0.07560124464992085, 0.6296486585984635, -0.0005026952129980403], [-0.017545689470163432, 0.07636472105727554, -0.016434702650053916, -0.6701215607965713, -0.4088068630848019, -0.44800843037281063, 0.5421030828126333, -0.0011950673648134739, 0.6513993518578233, 0.33568696435382145, 0.13953175037467966, -0.03241573966592349]], "inverted": false, "swapped": false, "error_lsq": 0.039139101625599394, "error_max": 0.21490837005869795, "target": "93.xyz", "model": "25.xyz", "model_rescale": 4.100010024507729, "target_rescale": 3.8085209471747614},
{"mapping": [2, 8, 3, 7, 9, 5, 1, 4, 0, 6, 10, 11], "R": [[-0.17344932260404683, 0.3635250480864778, 0.915294964425087], [-0.7610543962701606, 0.5403933760655413, -0.3588470496219074], [-0.6250692268909568, -0.7588310342350333, 0.18293147098225343]], "T": [0.006092640425693356, 0.008157192778562583, 0.05487908108780683], "aligned_model": [[0.3572224674729429, -0.5978247005991606, -0.4248366256551234, -0.1943588214677907, -0.31121258638384064, 0.4833292355004284, -0.13217519616220766, 0.48387956646788466, -0.0008601370287963173, 0.63679082870173, -0.38087221562337953, 0.019582930687848336], [-0.6432817256736154, -0.06992599008328473, -0.6549658337446145, -0.14335973252692213, 0.5556805585075986, 0.19444991416916824, -0.3226661431864592, 0.7288156089287832, 0.3752602773507466, 0.062448540287285165, 0.5128345781741983, 0.11238679594452436], [0.045263132444925386, 0.1326266901728939, -0.12578482173048072, -0.5739436916121717, -0.4731800625305991, -0.4944172183716792, 0.6636355837261583, -0.08006787429561281, 0.7174697994933005, 0.19542936758338253, 0.15764726384705222, -0.014120351676074186]], "inverted": false, "swapped": false, "error_lsq": 0.05069519206307116, "error_max": 0.30460492795305744, "target": "93.xyz", "model": "26.xyz", "model_rescale": 3.6694154284099745, "target_rescale": 3.8085209471747614},
{"mapping": [8, 0, 4, 10, 2, 9, 5, 3, 1, 7, 6, 13], "R": [[0.7618030654062586, 0.6455937844138644, -0.05352340669102214], [0.6461338402164671, -0.7631729619657398, -0.008836891510068848], [-0.04655265905132436, -0.02785131326570489, -0.9985274930038867]], "T": [0.021577512476758758, 0.0700318595829396, -0.08649701723305867], "aligned_model": [[0.29201964833233257, -0.5292319018257873, -0.47116340594862466, -0.05057350825091255, -0.5796457574240843, 0.557464478131037, -0.0014580643648825012, 0.5801520322051962, -0.17649450988837126, 0.5374216267219833, -0.18984907675203616, -0.029976815025314976], [-0.5052092085213892, -0.05090644348046719, -0.5737014944579026, -0.24338413853519958, 0.2894893052361505, 0.1398705763038985, -0.25760858388237573, 0.6365478590491644, 0.4110745410786967, 0.08428072067522886, 0.6901159622085583, 0.08710775247304485], [-0.15219296193374457, 0.2583453512499503, -0.22193824542286741, -0.5948820703416277, -0.3156228679797364, -0.5022027414647234, 0.6332943426251815, 0.05451840246447762, 0.703505525199635, 0.2738227636208045, 0.11840523956869303, -0.10449492053494708]], "inverted": false, "swapped": false, "error_lsq": 0.05470171609654753, "error_max": 0.38210107119433845, "target": "93.xyz", "model": "27.xyz", "model_rescale": 4.103607728864725, "target_rescale": 3.8085209471747614},
{"mapping": [13, 7, 8, 4, 1, 2, 6, 3, 9, 10, 0, 14], "R": [[0.00910754440756334, 0.9995195585502947, 0.029626081588508102], [0.6346309537332449, -0.028673431471348598, 0.7722832297099883], [0.7727616742557157, 0.011768024604093652, -0.6345871952682477]], "T": [0.11924072672893728, -0.031045699839803473, 0.1502962632472911], "aligned_model": [[0.33192794695555594, -0.576821448835232, -0.39011137649662, -0.02354627327280455, -0.5032493038674765, 0.2442442165414414, -0.13351929846765798, 0.5130478129578412, 0.03699917281994454, 0.4781791343378485, -0.08854987570817953, 0.050064038945874065], [-0.5330834939391791, -0.21944017845595343, -0.5324399792700935, -0.25601097665625777, 0.37759269202823786, 0.25931102079862456, -0.15877130056798805, 0.5746453301196894, 0.4753537283800546, 0.01580482370854984, 0.6369151080766443, 0.06780007392507964], [-0.19983904288707763, 0.15958139863717416, -0.251504916816807, -0.7160822821887766, -0.3480827677867667, -0.5140739712958245, 0.7169229511407493, -0.05362825129011914, 0.7881989768033839, 0.5091047418151431, 0.007666793613299833, 0.05229418730671624]], "inverted": true, "swapped": false, "error_lsq": 0.05094637378188352, "error_max": 0.29792260800989917, "target": "93.xyz", "model": "28.xyz", "model_rescale": 4.137296879288765, "target_rescale": 3.8085209471747614},
{"mapping": [9, 7, 10, 4, 1, 8, 6, 5, 3, 0, 11], "R": [[0.3191558710492944, -0.2089122373371669, 0.9243890993870197], [-0.7486633368471516, -0.6536318908505432, 0.11076352885328267], [0.5810703382858694, -0.7274070582238825, -0.36501538818304985]], "T": [0.0084007526788363, 0.09844486271780388, 0.06477292787066598], "aligned_model": [[0.4946186589992514, 0.048546564100168596, -0.008857385055172144, -0.5607613768499389, -0.11230296727061703, 0.5853244019272857, 0.55384497365895, -0.45279914531460497, -0.5461041373580441, 0.23369245337817274, -0.013783029505552581], [-0.2644689471141858, -0.6771729761032046, -0.1157572030965991, 0.20733269137062715, 0.5628742595374047, -0.2850615646671906, 0.4876155666240041, -0.4910548237501429, 0.22912332505515615, 0.2588070495491078, 0.0069104392429752], [0.2755122324681467, -0.15739814322072299, -0.6803295594878753, -0.3759162772424273, -0.21593208957990345, -0.4045865085229749, -0.10589975749629578, 0.27484944077537454, 0.5141867367641765, 0.6756341992666521, 0.005633748058848739]], "inverted": false, "swapped": true, "error_lsq": 0.04584819524627608, "error_max": 0.23409639896271187, "target": "93.xyz", "model": "29.xyz", "model_rescale": 3.607286011436655, "target_rescale": 3.8085209471747614},
