[{"mapping": [6, 8, 9, 3, 10, 4, 5, 0, 1, 2, 11], "R": [[-0.9675033872827581, -0.08066284795322973, 0.23964703327281972], [0.1945157833940708, -0.8429690870389981, 0.5015642813311464], [0.16155743748580803, 0.5318802715430536, 0.8312656441453039]], "T": [0.012887718667265721, -0.06222416702091782, -0.1546488837390264], "aligned_model": [[0.26238999181963235, 0.6233604750701272, 0.07187390562919779, -0.04284116001375489, -0.5954551661677941, 0.09873142250022572, -0.6262793801235856, -0.13791658529232392, 0.16840137158217883, 0.5630674707398343, -0.020926517951448884], [-0.6172994629181054, -0.039744477822143465, -0.005727416341962832, 0.5520792034361381, 0.007888840582080031, 0.6513926247029697, -0.41298105919693523, -0.04053619754812543, -0.6578537016523324, -0.12749320464362823, -0.0756658430198596], [-0.5480882298032048, -0.32762624628866543, -0.7568823694722403, -0.46052169376466845, -0.4492069367613194, 0.21376718516335125, 0.24173647792840042, 0.4450002535812171, 0.19595277163467484, 0.4299812888689184, -0.09541903791502146]], "inverted": true, "swapped": false, "error_lsq": 0.050407030629588026, "error_max": 0.24755355727087722, "target": "930.xyz", "model": "0.xyz", "model_rescale": 3.751011558992144, "target_rescale": 3.836657356635119},
{"mapping": [0, 6, 1, 4, 8, 10, 2, 9, 3, 11, 14], "R": [[-0.9666142906513094, 0.22120010089705996, -0.12933417364253094], [0.23976563037284146, 0.6027675993266995, -0.7610411708270726], [-0.09038393441635421, -0.7666431611676048, -0.6356799570808901]], "T": [0.013899818962693714, -0.10567545280108905, -0.03335280330894848], "aligned_model": [[-0.001924055511708874, 0.6836546043840489, 0.22346321391061968, -0.09423833399199477, -0.5305393265186763, 0.05739285630355746, -0.649808452123487, -0.04239340204271683, 0.022131244917385013, 0.6560435062597098, 0.04062397220555196], [-0.6987610155974417, 0.13737090097221966, -0.13943536046338273, 0.5297409152827295, 0.0648416054105508, 0.677310228432232, -0.5985576675509329, 0.09180318490620813, -0.8588500771195033, 0.1420970279248796, -0.11350043661946338], [-0.5061145178107015, -0.270170755738309, -0.6971517198253656, -0.4917479919361042, -0.3723634253641233, 0.2064294454404516, -0.05057358329098806, 0.5927645037928437, 0.0933993896596265, 0.37036897166258737, 0.013853146581525054]], "inverted": true, "swapped": false, "error_lsq": 0.047742076242235504, "error_max": 0.26500978930887864, "target": "930.xyz", "model": "1.xyz", "model_rescale": 3.9405287249114394, "target_rescale": 3.836657356635119},
{"mapping": [8, 2, 9, 5, 11, 0, 3, 7, 4, 1, 12], "R": [[-0.14263838285408423, 0.24801924203063386, -0.9581966120370714], [-0.625312338999813, 0.7278419958301666, 0.28147914274514785], [0.7672279781338499, 0.6393218944229191, 0.051271287092632276]], "T": [-0.03443721484735298, -0.07479012494902587, -0.054439412567247755], "aligned_model": [[0.032790141409764974, 0.5668001257143697, -0.15669603164154386, 0.15355120557124805, -0.4864004178891224, 0.09944211801226624, -0.4184624127451036, -0.29432135440800955, 0.25937364766260007, 0.5574527996925117, 0.0508760064133077], [-0.7049807428405228, 0.16035034619313993, -0.24548555544022302, 0.43843386159131587, 0.30970387819320194, 0.7275672496582379, -0.46833739894280435, -0.27247901582591194, -0.6691353376001832, 0.03854876207035915, -0.080126741478514], [-0.5005672393187006, -0.27213701629066567, -0.8330901422372127, -0.533331648675652, -0.44878432971601934, 0.1486097340014622, 0.10190913741179959, 0.6682563668481472, 0.1738688596276478, 0.4594154694135231, -0.07545572789288722]], "inverted": false, "swapped": false, "error_lsq": 0.05922056501825467, "error_max": 0.4125139127386829, "target": "930.xyz", "model": "2.xyz", "model_rescale": 3.932901565614263, "target_rescale": 3.836657356635119},
{"mapping": [8, 7, 9, 5, 12, 6, 11, 1, 3, 0, 13], "R": [[0.8769629016460121, 0.09012500963150502, 0.4720313038088981], [-0.17762169413600723, 0.9734876411227362, 0.14412614736246063], [-0.4465272700618203, -0.210236284261809, 0.8697207033702982]], "T": [0.08076007209833036, -0.07165035466848192, -0.005301676321800217], "aligned_model": [[0.05267503776592966, 0.6222623991452523, 0.00337913938994458, 0.12330350879584503, -0.4306645337842614, -0.1544501896043301, -0.5844553198013718, -0.10244332691571867, 0.26949470158969147, 0.5533903924377974, 0.011914018773510018], [-0.6846219929392631, -0.09328982668132811, -0.060266316349797594, 0.4871525197294524, 0.3411848644422808, 0.564309203998073, -0.6675199188193083, -0.0521948706738829, -0.5238405090221041, -0.08600615963714539, 0.009152311531118798], [-0.4081213966112759, -0.47011293952538913, -0.7358326710876515, -0.4555561479411701, -0.39407122826631574, 0.07790789771968304, 0.006387774728540976, 0.7122125184119267, 0.13818623960712023, 0.46942437131253945, -0.051730955176565716]], "inverted": true, "swapped": false, "error_lsq": 0.05721172023120166, "error_max": 0.2919905496982915, "target": "930.xyz", "model": "3.xyz", "model_rescale": 3.9243930471874484, "target_rescale": 3.836657356635119},
{"mapping": [8, 1, 7, 2, 4, 0, 10, 6, 9, 5, 12], "R": [[-0.7289515112603591, 0.17629375935670788, -0.661475777820411], [0.3131419278645247, -0.7733804897337679, -0.5512030035408424], [-0.6087461106606984, -0.6089360627447156, 0.5085519090952628]], "T": [-0.03798130186358461, -0.2011756529488385, -0.012056341380031699], "aligned_model": [[-0.12936022864914387, 0.6167783484580442, 0.145947147943722, -0.10719218748169151, -0.3919774796197132, 0.26643637387604596, -0.6395168338904024, -0.21745458295717865, 0.3635014827442117, 0.41894605601332546, 0.03829773135506923], [-0.6393890098070244, -0.0054451359925899445, 0.035400878628936094, 0.5918112399734856, -0.035782230378388125, 0.5916147556703912, -0.5527730671145954, -0.004772803446713408, -0.7803518642540028, 0.15869313662867096, -0.12494659433007423], [-0.45472474382911865, -0.21975724418313128, -0.7557771417952732, -0.47852834619804174, -0.45893327225089253, 0.03415621166811311, 0.09593431367900085, 0.6593092645439358, -0.044519885527891934, 0.4730569893856021, 0.038477317679140165]], "inverted": false, "swapped": false, "error_lsq": 0.05983485463302814, "error_max": 0.33845548094093514, "target": "930.xyz", "model": "4.xyz", "model_rescale": 3.8936222436046832, "target_rescale": 3.836657356635119},
{"mapping": [0, 10, 3, 8, 9, 7, 1, 5, 2, 4, 11], "R": [[-0.03424876282727879, -0.8834506820534738, 0.467270708074081], [-0.4303546064039762, -0.4089412238268814, -0.8047123636442102], [0.9020099417366085, -0.22865250454395786, -0.36619133956730315]], "T": [-0.009885211806093475, 0.036723835038267996, -0.12565042181814953], "aligned_model": [[-0.23375636571835562, 0.606346994249358, 0.16674064086362395, 0.053964206535874984, -0.516814043182786, 0.07456330639774475, -0.44677211652615356, -0.180461047158102, 0.42446326736275997, 0.4421319036080632, -0.026000918639738912], [-0.6921294405148017, 0.1765026898487761, -0.1533286604141802, 0.5150820264711061, 0.059026210628197864, 0.6185766902400227, -0.5654008036580624, 0.054956056577855975, -0.5698768612044572, -0.2020264526515928, -0.00732214974476883], [-0.5743963612299446, -0.13933031410424263, -0.6384519326019822, -0.6850782713191558, -0.4785834293186725, 0.14649518269310693, 0.17382331512715762, 0.666651495091408, -0.10251043725316744, 0.4820529815025202, 0.03802123458441506]], "inverted": true, "swapped": false, "error_lsq": 0.05634032903928968, "error_max": 0.33618697995440583, "target": "930.xyz", "model": "5.xyz", "model_rescale": 3.6523030999806103, "target_rescale": 3.836657356635119},
{"mapping": [5, 3, 7, 11, 9, 10, 8, 6, 1, 2, 12], "R": [[0.7421188878369589, 0.03697915145987957, 0.6692474121525928], [0.5447574150384789, 0.5484553377543611, -0.6343785157532875], [-0.39051109469031686, 0.8353617688439285, 0.3868743983229097]], "T": [0.04197110820536326, -0.09089608137071598, -0.07600830943872865], "aligned_model": [[-0.10416894749009187, 0.6420152913393591, 0.09830596175659784, 0.12269685781993522, -0.551700184553195, -0.18859536363117954, -0.5434490269194223, -0.18901556457974075, 0.395508131227211, 0.5988086724347024, 0.08400000038811276], [-0.6806786614401861, -0.1561853528045905, -0.06827880348831036, 0.593128593373675, 0.2496378147582799, 0.5492977972140656, -0.40886818716966034, -0.1354967417860766, -0.5897657424674336, 0.024244083449383003, -0.14297549406105062], [-0.3837470336101801, -0.41999230946005106, -0.7565469951236313, -0.6238792804081476, -0.3089330546295952, 0.3056511481336151, 0.023390422901041735, 0.5300283232480179, 0.25340860054547043, 0.42686971127549495, -0.1575560697005924]], "inverted": false, "swapped": false, "error_lsq": 0.06257954179537656, "error_max": 0.3235462690450445, "target": "930.xyz", "model": "6.xyz", "model_rescale": 4.08911054899281, "target_rescale": 3.836657356635119},
{"mapping": [3, 2, 6, 7, 5, 13, 8, 11, 9, 1, 14], "R": [[0.6146678295139599, -0.7538646693527079, -0.23210239047095116], [0.7887857368182102, 0.5877240074525766, 0.17999320113836786], [0.0007216320049989872, -0.29371508535588736, 0.9558927386907138]], "T": [-0.08828854515691606, -0.047702717561430456, -0.09014822445444298], "aligned_model": [[0.060988052630648965, 0.6128390815151501, 0.14097544503342171, 0.0008949071118638102, -0.6798456490391048, 0.17965429330754332, -0.45828239033827356, -0.1671052273339854, 0.1489790469553982, 0.556504278596368, -0.031196010646741594], [-0.7125648952803466, 0.2571260608541654, -0.11397075940623372, 0.5364871751403558, 0.2596717904023252, 0.5666029411081561, -0.6104343303855505, -0.007533673759306726, -0.6774203106767994, -0.11688146447560985, -0.14702322794305964], [-0.4927972257665077, -0.3463493373679229, -0.5285424943594401, -0.5902056667987685, -0.45904161594293874, 0.20435086789349183, 0.01749312327616627, 0.49011502743023266, 0.3119924854494431, 0.2524923660584811, 0.029185933299205866]], "inverted": false, "swapped": false, "error_lsq": 0.0441425170227206, "error_max": 0.21145098589510095, "target": "930.xyz", "model": "7.xyz", "model_rescale": 3.964800864290218, "target_rescale": 3.836657356635119},
{"mapping": [10, 6, 11, 4, 12, 2, 8, 1, 5, 3, 13], "R": [[-0.8912909417136257, 0.26192546837509295, -0.3701290399789332], [0.4516738451767383, 0.5846700915013978, -0.6739077249052775], [0.03988978318439926, -0.7678254574577711, -0.639416039896769]], "T": [0.036944199362755, -0.0027908317066043103, -0.0352280924053332], "aligned_model": [[0.179102733347176, 0.5137186721921483, 0.11033626617016756, 0.11612145538293858, -0.5711150649324962, -0.030558790097099033, -0.5159618064063148, -0.2319691990649378, 0.09780909182562059, 0.6995616167446336, -0.0026391473695481435], [-0.7470117240129692, 0.16563237550465326, 0.0007589217446128532, 0.5562787209082912, 0.17379014118204067, 0.6235781691897474, -0.5253201858676013, 0.0332284929694817, -0.7803701850300062, -0.1964861797332058, -0.07001924127694968], [-0.3531278056441943, -0.31952643659584457, -0.8609001388462019, -0.4550680529640407, -0.4472451168193579, 0.16901183729545027, 0.07574759967120037, 0.66442045048484, 0.26599696817068313, 0.1869946922892833, -0.037610533870375114]], "inverted": false, "swapped": false, "error_lsq": 0.04609340715436245, "error_max": 0.22239406219610963, "target": "930.xyz", "model": "8.xyz", "model_rescale": 4.121658175737393, "target_rescale": 3.836657356635119},
{"mapping": [10, 7, 11, 8, 2, 6, 0, 4, 5, 9, 12], "R": [[-0.13197442427661735, 0.2038352088598363, -0.9700690485557832], [-0.7179693778394074, 0.6550885764913762, 0.23532728153658036], [0.683449137699178, 0.7275370537502331, 0.059892500354224165]], "T": [-0.0026016862083873757, -0.06479236644857006, -0.1686674145943773], "aligned_model": [[-0.015752997873672396, 0.655353440176601, 0.2076160759110515, 0.07422010135187207, -0.6047755614421008, 0.07960244482007425, -0.5614652369866326, -0.15640462295716134, 0.22452483894964023, 0.5282353050065722, -0.06674795916395584], [-0.7573646172658581, -0.007929560964262283, -0.12222305607368514, 0.5664005881697118, 0.20009759111535708, 0.5583878069007351, -0.5303453444646107, -0.19738809601836055, -0.5815698734276094, 0.1466542232650359, -0.04066035565835863], [-0.4795557401949425, -0.3067709385514902, -0.764941079057418, -0.5239802411621634, -0.3913025089229198, 0.12300192297842713, 0.13092597550995397, 0.6955611123972006, 0.08247488794732002, 0.43688377687607316, -0.11360370464859862]], "inverted": true, "swapped": false, "error_lsq": 0.0479825281473456, "error_max": 0.27813866393426956, "target": "930.xyz", "model": "9.xyz", "model_rescale": 3.833441315466971, "target_rescale": 3.836657356635119},
{"mapping": [10, 13, 0, 1, 12, 4, 11, 7, 8, 2, 14], "R": [[0.6792947439477842, 0.3310083181404674, -0.654974918731041], [0.6167815061773831, 0.22611720222022316, 0.7539572829395957], [0.397667228323473, -0.9161356363453603, -0.050559582035544066]], "T": [-0.010974173397771396, 0.027335520672578342, -0.03827636098277752], "aligned_model": [[-0.04446551790725405, 0.7238089639944757, 0.23007451418287955, -0.09998790053861778, -0.5192749185508857, 0.04951837854394404, -0.4822984399313137, -0.3168789172518803, 0.15639120162208964, 0.6433511846731964, 0.024167278955654757], [-0.6678138001561783, -0.07711223787752645, 0.009370115042744445, 0.467141751577266, 0.050015495131672874, 0.7537171313510896, -0.4484351248265353, -0.14400048451974334, -0.711675226564542, -0.009736231291303507, 0.012587917711151624], [-0.4757690981957919, -0.3296025495627266, -0.6749833077957268, -0.6250096637292065, -0.3609775053037985, 0.28517840698008545, 0.09146495742252352, 0.5282748174592984, 0.14451124551513117, 0.256908777395263, 0.04869738298639127]], "inverted": true, "swapped": false, "error_lsq": 0.046182631352947756, "error_max": 0.2470507489657266, "target": "930.xyz", "model": "10.xyz", "model_rescale": 4.2482417240324, "target_rescale": 3.836657356635119},
{"mapping": [3, 5, 7, 9, 10, 4, 1, 0, 2, 6, 11], "R": [[0.3888526356657753, 0.6060273735639865, 0.6939196280744021], [-0.6061239894892454, 0.7355171215182887, -0.30270162424257385], [-0.6938352377196054, -0.30289500894631394, 0.6533355006839836]], "T": [-0.017576026567123454, -0.14669333256801134, -0.09341380601922651], "aligned_model": [[-0.10888771819038687, 0.6343669937763151, 0.2196134260048452, -0.08251694730745077, -0.49144348075314626, 0.27993761713492926, -0.4052309131527395, -0.4845307880261326, 0.4063125556889937, 0.3866529295513875, 0.010132153065674096], [-0.7869303647409984, 0.2079609649456899, -0.16485623198377874, 0.4765886621366551, 0.2804754161583929, 0.6277292541073515, -0.6227616669443412, 0.05230465168995374, -0.7411144915908967, -0.0669512507043021, -0.028385637495630278], [-0.5831385695946139, -0.2090719133963923, -0.7274228906298293, -0.6287764252123086, -0.18273826240866192, 0.18514475028521427, 0.25619909944715064, 0.46889618761940594, 0.02799147361665348, 0.4073079625892064, -0.12569794914438212]], "inverted": false, "swapped": false, "error_lsq": 0.06345986337176814, "error_max": 0.3228767603247654, "target": "930.xyz", "model": "11.xyz", "model_rescale": 3.6694154284099745, "target_rescale": 3.836657356635119},
{"mapping": [3, 10, 8, 9, 11, 7, 4, 0, 1, 12, 13], "R": [[0.774698115549448, -0.632080680642918, 0.017800082081827068], [0.36364078438797337, 0.42230710923160164, -0.8303144497250109], [0.5173086213217731, 0.6497158753258486, 0.5570108362103315]], "T": [0.029868918223356834, 0.02733247131898349, 0.010419252347139765], "aligned_model": [[-0.09211806003475981, 0.5665891388947742, 0.06170087897244886, 0.05389489929814366, -0.539017954022291, 0.16136277571157331, -0.5005622556825123, -0.19090492326081931, 0.24459532355030733, 0.5998391251053965, -0.000973120739972886], [-0.7176564628250242, 0.29360800066903386, -0.16097006464844837, 0.5158012702905014, 0.183508939642121, 0.7578217026579823, -0.4878965581182923, -0.29233542199109824, -0.7755427159928397, -0.02149225483593177, -0.06078712926990806], [-0.40353674258680244, -0.20066730454414555, -0.7217875029714602, -0.6263752604706182, -0.43343352305901944, 0.04591808064007681, -0.01891446075326024, 0.6102602423840598, 0.1709106806414034, 0.37718703944032395, 0.08913221445088461]], "inverted": true, "swapped": false, "error_lsq": 0.05107324770199326, "error_max": 0.3221103638485466, "target": "930.xyz", "model": "12.xyz", "model_rescale": 3.9764082729961374, "target_rescale": 3.836657356635119},
{"mapping": [6, 7, 4, 0, 9, 2, 13, 10, 14, 3, 15], "R": [[-0.5671831204450485, 0.8224825588372219, -0.042728775910312655], [-0.5649466652068141, -0.4262889283185193, -0.7064793097216282], [-0.5992817145165682, -0.37656365995887664, 0.7064426633807291]], "T": [-0.1141571198548968, -0.07460193321598468, -0.06626921058857671], "aligned_model": [[-0.07143788178602095, 0.5051875104116996, 0.25635050352477345, 0.0026218723387993748, -0.49398350680555775, 0.09377700239629319, -0.38863994531706647, -0.3941076657697477, 0.21935526279866296, 0.6519191695492232, -0.016636493548769782], [-0.7428447483451832, 0.30375779547869747, -0.11234568231363268, 0.47121016989118986, 0.2784853281258958, 0.678691185280998, -0.5933997210615096, 0.03427674711432205, -0.770043188390924, -0.20695370293200632, -0.10677487726975138], [-0.43408086405574176, -0.2767207337120976, -0.6804053780635352, -0.5305533354369383, -0.37050666418645223, 0.09364449218525517, 0.10690290044490564, 0.6793312345358702, 0.14334708360755632, 0.2563041534380636, -0.09856942558544374]], "inverted": false, "swapped": false, "error_lsq": 0.04162268599951486, "error_max": 0.21279432299623913, "target": "930.xyz", "model": "13.xyz", "model_rescale": 4.170626492500431, "target_rescale": 3.836657356635119},
{"mapping": [5, 4, 12, 8, 10, 0, 11, 3, 6, 2, 13], "R": [[0.09728744907563514, 0.5204835622122813, -0.8483112717152652], [0.7801707026284278, -0.5691101662899477, -0.2597061674001868], [-0.6179553600484597, -0.6365614503661394, -0.4614333027590619]], "T": [-0.0407648689749513, 0.0877269324277618, -0.00959244760934383], "aligned_model": [[0.049657147742754586, 0.5735235880765961, -0.037269998742618944, 0.09583588910457291, -0.45041210906083023, 0.1281723304341841, -0.4577857076176472, -0.1828279211970817, 0.2111511610684516, 0.4954176589784827, -0.061056210994575116], [-0.7176773176662425, 0.0943133087346316, -0.14016980695175432, 0.4952879242767614, 0.18889856834033736, 0.5993175512370428, -0.4830192281140177, -0.20252750441111655, -0.6894126268067664, 0.10044931685530986, -0.011400879916089929], [-0.4223486482647001, -0.3640913076546115, -0.7051188549070231, -0.6152248143303463, -0.38413449298158886, 0.24652016029978965, -0.008146247171792631, 0.5995414092058569, 0.19061166401182691, 0.37156185826727506, -0.020477263303243867]], "inverted": false, "swapped": false, "error_lsq": 0.04707822025296413, "error_max": 0.2393400580191276, "target": "930.xyz", "model": "14.xyz", "model_rescale": 3.9786697098870705, "target_rescale": 3.836657356635119},
{"mapping": [6, 8, 9, 3, 0, 2, 1, 4, 7, 5, 11], "R": [[0.6543616474457888, 0.30880340518147276, 0.6902545119739245], [0.7515776909131497, -0.16502020008681648, -0.6386699523893113], [-0.08331751840814355, 0.9367010144713384, -0.34007264020305195]], "T": [0.010881014289469554, -0.17123990648966336, -0.05339031124132488], "aligned_model": [[-0.11462835095219123, 0.45203080363103454, 0.06317866394365178, 0.13868356027500334, -0.5193375205711043, 0.0580909133725335, -0.5572589860388326, -0.16717386693704175, 0.4379422059230179, 0.5827760717717142, -0.009897666625496841], [-0.8004233807845076, 0.1038221392188039, -0.13137919203562543, 0.5191002451078269, 0.24144543343901453, 0.6672384268275316, -0.536702299314562, 0.02215604159596557, -0.6662585810256249, 0.04137876326423934, -0.22631829071496656], [-0.5178590892176498, -0.09761542171671558, -0.6723332386046534, -0.6468936529628583, -0.23329223334612464, 0.16700189881433708, 0.012384083092628846, 0.49960986654040174, 0.043827258425325664, 0.46851861973170283, -0.13465462758495195]], "inverted": false, "swapped": false, "error_lsq": 0.05372934480342768, "error_max": 0.27936885621244184, "target": "930.xyz", "model": "15.xyz", "model_rescale": 3.769337070930944, "target_rescale": 3.836657356635119},
{"mapping": [8, 2, 6, 4, 5, 0, 7, 1, 9, 3, 10], "R": [[-0.5454948613259847, 0.8377201610074406, -0.02569607185180045], [-0.010152204092240602, -0.037261699613489574, -0.9992539709673331], [-0.8380526767566671, -0.5448270345564565, 0.02883077171016324]], "T": [-0.016700824543755453, -0.0909188550144473, -0.07672940533587569], "aligned_model": [[0.3113325765075872, 0.6571038124777734, -0.01961157325923348, -0.04811752958942573, -0.5979735336045298, 0.14931468214829144, -0.6354915866000562, -0.39719865451132186, 0.32655149884706786, 0.5793475040784437, 0.03914863129769236], [-0.6466676460188675, 0.06626745640231724, -0.08112879520965835, 0.5278087672999888, 0.22249224893768804, 0.496232549635123, -0.44168671441236945, 0.04461825242909842, -0.7202701499940403, -0.16855825635841928, -0.06504840713276526], [-0.45755886958259884, -0.33712455286549964, -0.8057030754847945, -0.5502498849000459, -0.19482444815740246, 0.1357845805042848, -0.004643320753618813, 0.6146312388262146, 0.3065126499067593, 0.2669884324647353, -0.08511928678659123]], "inverted": false, "swapped": false, "error_lsq": 0.057320459578808956, "error_max": 0.27578795151337887, "target": "930.xyz", "model": "16.xyz", "model_rescale": 3.7852294659196426, "target_rescale": 3.836657356635119},
{"mapping": [6, 4, 5, 1, 2, 3, 11, 8, 10, 0, 12], "R": [[0.6303257051688772, -0.12188334312432943, 0.7667033038093645], [0.08314091666945679, 0.9925170320435527, 0.08942890516393484], [-0.7718659814881856, 0.007375077782273691, 0.6357424909890682]], "T": [-0.007358292316206591, -0.05181590984821151, -0.06533266781703385], "aligned_model": [[-0.05369922990301777, 0.6644534935602098, 0.2562832303922892, -0.0024504559530029307, -0.5338901525901157, 0.03965852806173063, -0.5864979437809432, -0.27765261008747893, 0.3675735983978958, 0.4949699282369003, -0.004342558542178514], [-0.7936575949155593, 0.006231474268004758, -0.10789057554000762, 0.44636614615781156, 0.24178373119821372, 0.7097615105857363, -0.4744381375471862, -0.019160033674087626, -0.7635814941645391, 0.12161611674629348, -0.13297183753658448], [-0.5500146952350081, -0.2823260102135204, -0.6649640461920167, -0.540774258827868, -0.16853379147455905, 0.15890966192755024, 0.08932757655537384, 0.5263433303308818, -0.019825464128768858, 0.3628435187300389, -0.022292358300661112]], "inverted": true, "swapped": false, "error_lsq": 0.047240605910810786, "error_max": 0.25388186630712445, "target": "930.xyz", "model": "17.xyz", "model_rescale": 3.901054581598922, "target_rescale": 3.836657356635119},
{"mapping": [0, 6, 1, 4, 8, 10, 2, 9, 3, 11, 14], "R": [[-0.9666142906513094, 0.22120010089705996, -0.12933417364253094], [0.23976563037284146, 0.6027675993266995, -0.7610411708270726], [-0.09038393441635421, -0.7666431611676048, -0.6356799570808901]], "T": [0.013899818962693714, -0.10567545280108905, -0.03335280330894848], "aligned_model": [[-0.001924055511708874, 0.6836546043840489, 0.22346321391061968, -0.09423833399199477, -0.5305393265186763, 0.05739285630355746, -0.649808452123487, -0.04239340204271683, 0.022131244917385013, 0.6560435062597098, 0.04062397220555196], [-0.6987610155974417, 0.13737090097221966, -0.13943536046338273, 0.5297409152827295, 0.0648416054105508, 0.677310228432232, -0.5985576675509329, 0.09180318490620813, -0.8588500771195033, 0.1420970279248796, -0.11350043661946338], [-0.5061145178107015, -0.270170755738309, -0.6971517198253656, -0.4917479919361042, -0.3723634253641233, 0.2064294454404516, -0.05057358329098806, 0.5927645037928437, 0.0933993896596265, 0.37036897166258737, 0.013853146581525054]], "inverted": true, "swapped": false, "error_lsq": 0.047742076242235504, "error_max": 0.26500978930887864, "target": "930.xyz", "model": "18.xyz", "model_rescale": 3.9405287249114394, "target_rescale": 3.836657356635119},
{"mapping": [9, 6, 5, 2, 10, 1, 13, 12, 7, 0, 15], "R": [[-0.44756702105645757, -0.01496890045944918, -0.8941250995703476], [0.35172307482657145, -0.9222211582858604, -0.16062071424454835], [-0.8221767694949735, -0.38637296389488995, 0.4180206842656085]], "T": [-0.05543353782758397, -0.11367932312473523, 0.05321033344321102], "aligned_model": [[-0.015147016083128205, 0.5106186060472426, 0.2593803939929019, 0.026046986336838614, -0.5624414202134338, 0.17366656631288777, -0.5098114406725452, -0.25372629446383266, 0.2333218526773474, 0.5650442815843555, -0.06254668772634496], [-0.7142416646654718, 0.2530128386263722, -0.14126576559481063, 0.45752926132189836, 0.30103441827178107, 0.4886470717983025, -0.6045377038678128, 0.002356576959619036, -0.755172445817268, 0.035651776020030376, -0.08895505747454488], [-0.42293220513675733, -0.26835658730149564, -0.715811005195997, -0.5967180935773424, -0.38136941394735246, 0.1954618017705383, 0.1158890126927454, 0.5505580134082472, 0.0802740902753786, 0.30890889894949636, 0.0227889512339817]], "inverted": false, "swapped": false, "error_lsq": 0.04099231764566796, "error_max": 0.2519442547423217, "target": "930.xyz", "model": "19.xyz", "model_rescale": 4.410303926677745, "target_rescale": 3.836657356635119},
{"mapping": [10, 6, 11, 4, 12, 2, 8, 1, 5, 3, 13], "R": [[-0.8912909417136257, 0.26192546837509295, -0.3701290399789332], [0.4516738451767383, 0.5846700915013978, -0.6739077249052775], [0.03988978318439926, -0.7678254574577711, -0.639416039896769]], "T": [0.036944199362755, -0.0027908317066043103, -0.0352280924053332], "aligned_model": [[0.179102733347176, 0.5137186721921483, 0.11033626617016756, 0.11612145538293858, -0.5711150649324962, -0.030558790097099033, -0.5159618064063148, -0.2319691990649378, 0.09780909182562059, 0.6995616167446336, -0.0026391473695481435], [-0.7470117240129692, 0.16563237550465326, 0.0007589217446128532, 0.5562787209082912, 0.17379014118204067, 0.6235781691897474, -0.5253201858676013, 0.0332284929694817, -0.7803701850300062, -0.1964861797332058, -0.07001924127694968], [-0.3531278056441943, -0.31952643659584457, -0.8609001388462019, -0.4550680529640407, -0.4472451168193579, 0.16901183729545027, 0.07574759967120037, 0.66442045048484, 0.26599696817068313, 0.1869946922892833, -0.037610533870375114]], "inverted": false, "swapped": false, "error_lsq": 0.04609340715436245, "error_max": 0.22239406219610963, "target": "930.xyz", "model": "20.xyz", "model_rescale": 4.121658175737393, "target_rescale": 3.836657356635119},
{"mapping": [5, 3, 7, 11, 9, 10, 8, 6, 1, 2, 12], "R": [[0.7421188878369589, 0.03697915145987957, 0.6692474121525928], [0.5447574150384789, 0.5484553377543611, -0.6343785157532875], [-0.39051109469031686, 0.8353617688439285, 0.3868743983229097]], "T": [0.04197110820536326, -0.09089608137071598, -0.07600830943872865], "aligned_model": [[-0.10416894749009187, 0.6420152913393591, 0.09830596175659784, 0.12269685781993522, -0.551700184553195, -0.18859536363117954, -0.5434490269194223, -0.18901556457974075, 0.395508131227211, 0.5988086724347024, 0.08400000038811276], [-0.6806786614401861, -0.1561853528045905, -0.06827880348831036, 0.593128593373675, 0.2496378147582799, 0.5492977972140656, -0.40886818716966034, -0.1354967417860766, -0.5897657424674336, 0.024244083449383003, -0.14297549406105062], [-0.3837470336101801, -0.41999230946005106, -0.7565469951236313, -0.6238792804081476, -0.3089330546295952, 0.3056511481336151, 0.023390422901041735, 0.5300283232480179, 0.25340860054547043, 0.42686971127549495, -0.1575560697005924]], "inverted": false, "swapped": false, "error_lsq": 0.06257954179537656, "error_max": 0.3235462690450445, "target": "930.xyz", "model": "21.xyz", "model_rescale": 4.08911054899281, "target_rescale": 3.836657356635119},
{"mapping": [9, 7, 10, 6, 8, 0, 15, 2, 14, 13, 16], "R": [[-0.9021900756942433, 0.10736398694697646, 0.4177631405780854], [0.41561406966254444, 0.4755036900013069, 0.7753458492141934], [-0.11540369325698924, 0.8731375694024341, -0.4736166936254002]], "T": [-0.043104576146849906, -0.11134100806382881, -0.06309487525468675], "aligned_model": [[0.045184311397797834, 0.543820022563544, 0.3388024722055031, 0.011777899202705243, -0.5338660139245358, 0.10318543690312179, -0.5232488641611299, -0.3018739004673798, 0.12985784924539345, 0.5643049804716821, -0.013538365644413214], [-0.6867501447520534, 0.21579064872875114, -0.14989058594359006, 0.500528737478269, 0.2299799916531839, 0.6195711179436134, -0.5537375872339375, -0.1056366167671955, -0.6881388617919301, -0.06635264208041909, -0.0813047516565965], [-0.4737735931283539, -0.2961197292128394, -0.7728810019710536, -0.4851937463040213, -0.4143998772154199, 0.1477275484017977, 0.26133346401304625, 0.6108930519991209, 0.1587402465906877, 0.19334155640598655, -0.04097445640750884]], "inverted": true, "swapped": false, "error_lsq": 0.03857965159715863, "error_max": 0.2030952002662483, "target": "930.xyz", "model": "22.xyz", "model_rescale": 4.204369325754507, "target_rescale": 3.836657356635119},
{"mapping": [9, 6, 5, 2, 10, 1, 13, 12, 7, 0, 15], "R": [[-0.44756702105645757, -0.01496890045944918, -0.8941250995703476], [0.35172307482657145, -0.9222211582858604, -0.16062071424454835], [-0.8221767694949735, -0.38637296389488995, 0.4180206842656085]], "T": [-0.05543353782758397, -0.11367932312473523, 0.05321033344321102], "aligned_model": [[-0.015147016083128205, 0.5106186060472426, 0.2593803939929019, 0.026046986336838614, -0.5624414202134338, 0.17366656631288777, -0.5098114406725452, -0.25372629446383266, 0.2333218526773474, 0.5650442815843555, -0.06254668772634496], [-0.7142416646654718, 0.2530128386263722, -0.14126576559481063, 0.45752926132189836, 0.30103441827178107, 0.4886470717983025, -0.6045377038678128, 0.002356576959619036, -0.755172445817268, 0.035651776020030376, -0.08895505747454488], [-0.42293220513675733, -0.26835658730149564, -0.715811005195997, -0.5967180935773424, -0.38136941394735246, 0.1954618017705383, 0.1158890126927454, 0.5505580134082472, 0.0802740902753786, 0.30890889894949636, 0.0227889512339817]], "inverted": false, "swapped": false, "error_lsq": 0.04099231764566796, "error_max": 0.2519442547423217, "target": "930.xyz", "model": "23.xyz", "model_rescale": 4.410303926677745, "target_rescale": 3.836657356635119},
{"mapping": [5, 9, 15, 14, 13, 11, 0, 1, 4, 10, 16], "R": [[-0.241367812724862, 0.7391298225728291, -0.628831204985785], [-0.8203830580924074, -0.5015482338685925, -0.2746288533607593], [-0.5183755559199968, 0.44959590132334865, 0.7274271843544756]], "T": [-0.02909315600720897, -0.09213414033502385, -0.10946557896991335], "aligned_model": [[-0.07239570875173632, 0.5163289233044406, 0.3415970316942548, 0.04208023140512256, -0.5472670178812654, 0.07169622198928627, -0.5587117121135483, -0.19799352010795446, 0.3239313281860304, 0.48043230618241073, -0.035292256114751966], [-0.6119936519900132, 0.1913009454644661, -0.1005903934853844, 0.41771561805639656, 0.22519565155828306, 0.49127516111174385, -0.5439687455336544, 0.03992650985995308, -0.6720042600570113, -0.04927817509850431, -0.15351935430817976], [-0.4608528446691357, -0.2302931054925423, -0.7192454305223075, -0.548939767981168, -0.4629967315952711, 0.11458034239273243, 0.18334064647449447, 0.7214182885152202, 0.004590244225817053, 0.29343777904502766, -0.006345957221424642]], "inverted": true, "swapped": false, "error_lsq": 0.042055832675382404, "error_max": 0.2390466231298884, "target": "930.xyz", "model": "24.xyz", "model_rescale": 4.28219845311461, "target_rescale": 3.836657356635119},
{"mapping": [6, 1, 8, 5, 11, 9, 14, 13, 2, 4, 15], "R": [[-0.010144205258686667, 0.2814890457576268, 0.9595108192293251], [-0.12060840094172251, 0.9522104050516234, -0.28062244766537203], [-0.9926483308412657, -0.11857175730284364, 0.024290525893137852]], "T": [0.04736200144175392, -0.008715098019315845, 0.006669048361488225], "aligned_model": [[0.08388311567063989, 0.5418573130483385, 0.09222006327711474, 0.048372301089230706, -0.42787185392443144, -0.09958841314297151, -0.5433874195861963, -0.15063360216009336, 0.04641131267848033, 0.6732045208382832, 0.09993849000389414], [-0.7454019017947994, 0.12791755125945475, -0.07434654497273467, 0.5349249464532356, 0.16577874920935726, 0.6366607468723464, -0.48737004566217057, -0.0947579133978038, -0.6410025203744733, -0.12769185757133122, -0.06065190444298561], [-0.5111686639766193, -0.37632351657527724, -0.682987623025079, -0.6488728360781305, -0.19378481476347792, 0.1436700642796932, -0.038598904395255394, 0.5601225981857605, 0.26933182857647325, 0.365576062262887, 0.0017292686804678131]], "inverted": true, "swapped": false, "error_lsq": 0.04584185511269661, "error_max": 0.24199396741552692, "target": "930.xyz", "model": "25.xyz", "model_rescale": 4.100010024507729, "target_rescale": 3.836657356635119},
{"mapping": [3, 5, 7, 9, 10, 4, 1, 0, 2, 6, 11], "R": [[0.3888526356657753, 0.6060273735639865, 0.6939196280744021], [-0.6061239894892454, 0.7355171215182887, -0.30270162424257385], [-0.6938352377196054, -0.30289500894631394, 0.6533355006839836]], "T": [-0.017576026567123454, -0.14669333256801134, -0.09341380601922651], "aligned_model": [[-0.10888771819038687, 0.6343669937763151, 0.2196134260048452, -0.08251694730745077, -0.49144348075314626, 0.27993761713492926, -0.4052309131527395, -0.4845307880261326, 0.4063125556889937, 0.3866529295513875, 0.010132153065674096], [-0.7869303647409984, 0.2079609649456899, -0.16485623198377874, 0.4765886621366551, 0.2804754161583929, 0.6277292541073515, -0.6227616669443412, 0.05230465168995374, -0.7411144915908967, -0.0669512507043021, -0.028385637495630278], [-0.5831385695946139, -0.2090719133963923, -0.7274228906298293, -0.6287764252123086, -0.18273826240866192, 0.18514475028521427, 0.25619909944715064, 0.46889618761940594, 0.02799147361665348, 0.4073079625892064, -0.12569794914438212]], "inverted": false, "swapped": false, "error_lsq": 0.06345986337176814, "error_max": 0.3228767603247654, "target": "930.xyz", "model": "26.xyz", "model_rescale": 3.6694154284099745, "target_rescale": 3.836657356635119},
{"mapping": [8, 0, 5, 1, 7, 6, 9, 12, 10, 2, 13], "R": [[-0.9221006518335119, -0.38321199286160845, 0.053655907552175], [0.265966861827746, -0.728391413020362, -0.6314329559404556], [0.2810551837232568, -0.5679740469116835, 0.773571887892167]], "T": [0.020298005070754178, -0.16683933678815696, -0.08630460142676546], "aligned_model": [[-0.06259352333155388, 0.5818216535449365, 0.14180366219658247, 0.10541006864515212, -0.4754832975447059, 0.03334264070115018, -0.5114852040185981, -0.22330705439620185, 0.1842484111736399, 0.5264214567117811, 0.06422701411010617], [-0.6938538329384057, 0.09342264564288397, 0.05780311619347528, 0.6339138790674105, -0.046981192743361086, 0.46813001914180685, -0.5063239833008446, 0.09765622579160874, -0.7043590520355787, -0.011596405187966202, -0.15375211405293324], [-0.43807428146851957, -0.3184429994535656, -0.8351374554909858, -0.448515696821183, -0.45503682133912715, 0.17414536750306311, 0.17219168245975122, 0.6211072204529396, 0.12836616964295025, 0.3401556312918721, -0.052065353605752755]], "inverted": false, "swapped": false, "error_lsq": 0.045715835503640716, "error_max": 0.2510774661058995, "target": "930.xyz", "model": "27.xyz", "model_rescale": 4.103607728864725, "target_rescale": 3.836657356635119},
{"mapping": [0, 10, 3, 12, 2, 13, 1, 8, 5, 6, 14], "R": [[-0.667712842763912, -0.3211287329993231, 0.6715920610388311], [0.6453425434791934, -0.6994065310223961, 0.307186435148142], [0.37106948295964853, 0.6385192567225109, 0.6742407564146442]], "T": [0.19887719860121766, -0.004100157257874049, -0.022197842570632384], "aligned_model": [[-0.06941263834562045, 0.6436638135035803, 0.06387501818915314, -0.06290684716667866, -0.42141574970276907, -0.014732854453386235, -0.5063114804047858, -0.2854538642743365, 0.2719315317262787, 0.6705360014903303, 0.07463289723052335], [-0.5495224318439238, 0.10416663581703611, -0.0783354340757032, 0.5877204154156023, 0.08413174496055101, 0.5796533135744806, -0.555153370391728, 0.10055140732836122, -0.6914845105602715, -0.25929282312749685, -0.08837564151881233], [-0.39666659528314585, -0.2462925659059314, -0.7569048505177307, -0.5865657547224187, -0.40790822089528556, 0.16076434882116786, 0.021507024109088793, 0.6310643164207704, 0.21718934511610738, 0.31496968225261285, -0.062463266223792654]], "inverted": false, "swapped": false, "error_lsq": 0.04151862551785202, "error_max": 0.21541322395753035, "target": "930.xyz", "model": "28.xyz", "model_rescale": 4.137296879288765, "target_rescale": 3.836657356635119},
{"mapping": [5, 4, 6, 9, 0, 8, 1, 7, 2, 3, 10], "R": [[0.3607301258543752, -0.7929831595106698, 0.4909699431060547], [0.27214802916110714, -0.41400997203730455, -0.8686375500042556], [0.8920814012884768, 0.44696023512852484, 0.06646293470079329]], "T": [0.03754761984784396, -0.0457708169320974, -0.0875300567391252], "aligned_model": [[0.017052033482251282, 0.7282442874359266, 0.15791994344000565, -0.15729344927778546, -0.5873069125330456, 0.24828116259815647, -0.5021209453553938, -0.41198517844704874, 0.2388075949330444, 0.548312531355494, 0.08449476016068366], [-0.6357562949106471, -0.0016971337881578688, -0.04740614773750147, 0.6549066076535677, -0.07277890398238912, 0.5108853261566605, -0.5268168792654314, 0.16135090814495928, -0.7421978910398823, -0.06941867167173332, 0.00298838601865075], [-0.4110964550959926, -0.43484200098386905, -0.7958065933850648, -0.37368092727223634, -0.40272478855443694, 0.3175368393376067, 0.12297289225426938, 0.4311539308121951, 0.20675352918527615, 0.36460787476121204, -0.13618083788751711]], "inverted": true, "swapped": false, "error_lsq": 0.06350937837423082, "error_max": 0.3276035962295942, "target": "930.xyz", "model": "29.xyz", "model_rescale": 3.607286011436655, "target_rescale": 3.836657356635119},
{"mapping": [3, 2, 6, 7, 5, 13, 8, 11, 9, 1, 14], "R": [[0.6146678295139599, -0.7538646693527079, -0.23210239047095116], [0.7887857368182102, 0.5877240074525766, 0.17999320113836786], [0.0007216320049989872, -0.29371508535588736, 0.9558927386907138]], "T": [-0.08828854515691606, -0.047702717561430456, -0.09014822445444298], "aligned_model": [[0.060988052630648965, 0.6128390815151501, 0.14097544503342171, 0.0008949071118638102, -0.6798456490391048, 0.17965429330754332, -0.45828239033827356, -0.1671052273339854, 0.1489790469553982, 0.556504278596368, -0.031196010646741594], [-0.7125648952803466, 0.2571260608541654, -0.11397075940623372, 0.5364871751403558, 0.2596717904023252, 0.5666029411081561, -0.6104343303855505, -0.007533673759306726, -0.6774203106767994, -0.11688146447560985, -0.14702322794305964], [-0.4927972257665077, -0.3463493373679229, -0.5285424943594401, -0.5902056667987685, -0.45904161594293874, 0.20435086789349183, 0.01749312327616627, 0.49011502743023266, 0.3119924854494431, 0.2524923660584811, 0.029185933299205866]], "inverted": false, "swapped": false, "error_lsq": 0.0441425170227206, "error_max": 0.21145098589510095, "target": "930.xyz", "model": "30.xyz", "model_rescale": 3.964800864290218, "target_rescale": 3.836657356635119},
