[{"mapping": [4, 0, 3, 2, 1, 10, 8, 5, 7, 6, 9, 11], "R": [[-0.7165553111423874, -0.4711683633981002, 0.514343133915864], [0.6700750886528951, -0.6698103293474779, 0.3199273327901794], [0.1937727061287305, 0.5738941505471015, 0.7956743318263884]], "T": [-0.09416940314494639, -0.09379902791404418, -0.028206364778220153], "aligned_model": [[-0.5581336243650964, -0.013177770950678139, -0.34467442689647104, -0.5664248636794668, 0.058697640416842875, 0.40754187611383796, -0.616851231996119, 0.6086806270035836, 0.7460106244925603, 0.002988813069594684, -0.13686673696224333, -0.06196505248613135], [-0.666427925369448, -0.20116667179850564, -0.6426524256627772, 0.23631912297431126, 0.48992639310255504, -0.46337047238956164, 0.20605612756006145, -0.13169526637832932, 0.3152059188958404, 0.517232652484245, -0.1007920548979726, -0.10086552520020947], [-0.35863307975466496, -0.6321135915628556, 0.3035159522911086, -0.5910092006237799, -0.39938941850054055, 0.24283622533938193, 0.17177884021355794, -0.4678107809985047, 0.1248158052171585, 0.3490933225084355, 0.5779986003008045, -0.0894044064368471]], "inverted": false, "swapped": false, "error_lsq": 0.0623639257201034, "error_max": 0.35839616530696317, "target": "931.xyz", "model": "0.xyz", "model_rescale": 3.751011558992144, "target_rescale": 3.905717325165607},
{"mapping": [6, 11, 4, 7, 3, 5, 1, 13, 2, 0, 8, 14], "R": [[-0.5651893779288518, 0.8030415146174184, 0.1889055130941405], [0.17078975195443452, 0.3379269632406635, -0.9255464483980728], [-0.8070884881496827, -0.49084589569019144, -0.3281439912299989]], "T": [-0.008919098755125292, -0.16158610071264545, -0.095332219087962], "aligned_model": [[-0.689331555851225, -0.23244201195567446, -0.3772263969284386, -0.45772278593806204, 0.22633041417721492, 0.5525266859744473, -0.6030671749246487, 0.6511239841584865, 0.5444959456947687, -0.20007837636801978, 0.10490868364446242, 0.006308462076901916], [-0.3375860470199949, -0.5422907666736868, -0.6175680717233794, 0.1908293723467942, 0.513169292723857, -0.3513606812252108, 0.07262874830815047, 0.019566313686724013, 0.33106433964915694, 0.5501026190234852, -0.20102505224064404, -0.1697601935350434], [-0.35950763883476433, -0.7600370058290442, 0.43570840660394183, -0.4330534184766536, -0.365088989542797, 0.10177254086545606, 0.18362479824276642, -0.3382913303716364, 0.27177189989730965, 0.08483940820765051, 0.5572825656022389, -0.14734296837121327]], "inverted": false, "swapped": false, "error_lsq": 0.047298523434951674, "error_max": 0.32573897354206655, "target": "931.xyz", "model": "1.xyz", "model_rescale": 3.9405287249114394, "target_rescale": 3.905717325165607},
{"mapping": [8, 9, 10, 4, 1, 5, 3, 2, 0, 7, 6, 12], "R": [[0.7175603842420814, -0.6847057606826947, 0.1276131507889731], [-0.6925472247811721, -0.6819302927852704, 0.235264568581187], [-0.07406373211129236, -0.2571946676541486, -0.9635172372697952]], "T": [-0.01931288571348571, -0.02575284440853066, -0.021322471891967884], "aligned_model": [[-0.5137492234289444, -0.13014999673405592, -0.5635886023945504, -0.47219227262143354, 0.2561083063576355, 0.579601542808774, -0.548023800588381, 0.4580678635824193, 0.7403235468447776, -0.3881836206099844, 0.09562773996595522, 0.01198439057800122], [-0.4301785218135305, -0.8052198086289643, -0.6436618917906369, 0.28099094978054984, 0.6398425326675035, -0.42912330625737044, 0.01117152503814495, -0.05656834764022409, 0.20544758777926797, 0.5883177649719118, 0.11733066020797735, -0.020579270994420515], [-0.460255666708439, -0.19604366007375118, 0.16154215756660634, -0.4600755089449079, -0.350491567238722, -0.10299289611308898, 0.19292280343985324, -0.5064282876516519, 0.24780359292192033, 0.3189149757650912, 0.49021585185758276, -0.10343352682723894]], "inverted": true, "swapped": false, "error_lsq": 0.059900564052143494, "error_max": 0.46182018075004094, "target": "931.xyz", "model": "2.xyz", "model_rescale": 3.932901565614263, "target_rescale": 3.905717325165607},
{"mapping": [8, 3, 7, 11, 10, 0, 9, 1, 2, 12, 5, 13], "R": [[0.2674211124370215, -0.2619831154665102, -0.9272814005647945], [0.853333229098425, -0.3825884844768007, 0.3541870292122504], [-0.4475582070964632, -0.8859971211895701, 0.12124665976592242]], "T": [0.0029643004911363985, -0.10664611111538003, -0.06455206243659374], "aligned_model": [[-0.6215516721693988, -0.026517949062809146, -0.2884239488221769, -0.3976343472766065, 0.0275793141897598, 0.5172898628182563, -0.6457725233079538, 0.5947174665888123, 0.7912063167286159, -0.27149833370165344, -0.1357321352416963, -0.01783617698293638], [-0.3688203708928426, -0.4878696260129362, -0.590511757037379, 0.19752643981227258, 0.5748754411807586, -0.5333785609302064, -0.02764945733355223, 0.058627550176148624, -0.02321472790926249, 0.5420943804112772, 0.12351741521633142, -0.007426853360400831], [-0.34744989370066337, -0.40290824566901307, 0.3721508940518544, -0.8025957474825729, -0.2837960250848509, -0.11270765769753188, 0.27114572058734465, -0.4784136675763102, 0.19218434190156486, 0.23029679247934592, 0.6022220638732282, -0.008450307689141658]], "inverted": false, "swapped": false, "error_lsq": 0.06163126327225732, "error_max": 0.3695981053642149, "target": "931.xyz", "model": "3.xyz", "model_rescale": 3.9243930471874484, "target_rescale": 3.905717325165607},
{"mapping": [11, 6, 10, 9, 1, 3, 8, 0, 2, 7, 4, 12], "R": [[0.3170989391329523, -0.7957564672175241, -0.5159650256386007], [-0.05649989265590105, 0.5272247624426453, -0.8478453939234253], [0.9467079934861796, 0.29800284352465833, 0.12222225787715647]], "T": [-0.12683534670860636, -0.09255978569198312, -0.10740097017737875], "aligned_model": [[-0.6363735078858352, 0.09436549918646531, -0.4568479175597988, -0.7185483398438113, 0.042937990844954976, 0.3968397654013908, -0.5748075556288945, 0.657430048392923, 0.6539487599765699, 0.08232009800814513, 0.03606084508066387, -0.05149981221255967], [-0.476836594187252, -0.6909813975771071, -0.6028530607534938, 0.18549257268691907, 0.5197663776473259, -0.46214797605281344, 0.14333418422573005, 0.1190417898263362, 0.2274106640654094, 0.5790369772079377, -0.010864283331962071, -0.07262938043682135], [-0.5752003696472121, -0.4457473532536953, 0.2501185342221666, -0.3724481575455573, -0.433581876314711, 0.09783625078183882, 0.2667798736772555, -0.3593432584995246, 0.26570703073316354, 0.2774763439369531, 0.45753968602889356, -0.1974584361263166]], "inverted": false, "swapped": false, "error_lsq": 0.05749096929585389, "error_max": 0.4008685420828966, "target": "931.xyz", "model": "4.xyz", "model_rescale": 3.8936222436046832, "target_rescale": 3.905717325165607},
{"mapping": [0, 1, 9, 2, 4, 6, 3, 5, 7, 10, 8, 11], "R": [[0.4350316070127793, -0.20058473383912623, -0.8777888501516558], [0.08751487238383762, -0.9608364402181389, 0.26293436873215303], [-0.8961521344121877, -0.1912043401694169, -0.4004400732804579]], "T": [-0.04138540205971567, -0.03411052753138922, 0.02657501649679113], "aligned_model": [[-0.7649819527162126, -0.06757127217223438, -0.17045678768675324, -0.49613680939799815, 0.1647232765213306, 0.5958913324525076, -0.5889968957468786, 0.6137701981494655, 0.49423054514259795, -0.12048408532415072, -0.19463353057705357, 0.06047185511559287], [-0.44650220443834243, -0.4832417552711957, -0.5933931269767617, 0.30417780635869135, 0.4924331737213884, -0.5120746949650155, 0.005916881822984048, -0.03640610372358181, 0.1863641541898083, 0.5801581815627634, -0.016731384634103855, -0.02293105432642563], [-0.2718532758498159, -0.6372805458331728, 0.25587720835548516, -0.45914159388610215, -0.5310050604351698, 0.020472033076086874, 0.19628503624601062, -0.45085217888629214, 0.31684041093877463, 0.15260973718399096, 0.749123148339171, -0.10939665125571253]], "inverted": true, "swapped": false, "error_lsq": 0.05540825553537762, "error_max": 0.40666731698419006, "target": "931.xyz", "model": "5.xyz", "model_rescale": 3.6523030999806103, "target_rescale": 3.905717325165607},
{"mapping": [0, 1, 3, 5, 8, 2, 7, 6, 10, 9, 4, 12], "R": [[0.24297545131809178, -0.9696908902136634, -0.02573922091678499], [0.5214640086983617, 0.10819699995318736, 0.8463856667225439], [-0.81794756414394, -0.21907301668111356, 0.5319481137039892]], "T": [-0.006149582517088047, 0.02943558367448163, -0.03044342641341563], "aligned_model": [[-0.6863153508488712, 0.059110237583669116, -0.42221550984275186, -0.495071340583329, 0.03744509267934797, 0.4271931865943032, -0.6272663335593167, 0.5606049833345792, 0.6176450777268858, -0.01324222222338576, 0.17399566931894495, -0.10605761641986278], [-0.6165181719727355, -0.4761491997924375, -0.48402138757412183, 0.12113693365204498, 0.5071117155694178, -0.5891283193743688, 0.125641005501034, 0.11215071699827059, 0.292326886713662, 0.7136239882387726, -0.24498871560686197, -0.0034155790324676694], [-0.35798274260856733, -0.5021425345327422, 0.1837802551505653, -0.4956851989236375, -0.5033367758897005, 0.04574303244222305, 0.23746804792672022, -0.3379689227183976, 0.35742436846579356, 0.203006346990648, 0.440056939295043, -0.038684547604694086]], "inverted": true, "swapped": false, "error_lsq": 0.05175260675714779, "error_max": 0.30459027234305486, "target": "931.xyz", "model": "6.xyz", "model_rescale": 4.08911054899281, "target_rescale": 3.905717325165607},
{"mapping": [12, 11, 5, 13, 1, 8, 7, 9, 3, 2, 4, 14], "R": [[0.7334969563574245, 0.6745812596754748, 0.08320059560510523], [-0.6318831298030543, 0.6316768523097784, 0.44911920970529273], [0.25041151188531846, -0.3820006261129163, 0.8895895662408867]], "T": [-0.03748379248290516, -0.07040148509991462, -0.04443618311379128], "aligned_model": [[-0.5724637372232422, -0.014806091859150529, -0.43089425905356576, -0.5902520067259829, 0.12110848502165066, 0.5038502561721431, -0.6680177813902963, 0.6516976024745836, 0.5846910552689571, -0.31553494525635534, 0.17711600400977567, 0.07933129232169611], [-0.444050927781451, -0.2860912033345124, -0.5395247255376544, 0.14599515874982757, 0.46772212671229996, -0.4811287809538929, 0.16474298594961212, 0.03244832290045732, 0.14139304173239559, 0.6853399961289683, -0.38035006080804995, -0.04872606043779133], [-0.3311145232802577, -0.5898669580976161, 0.4090534194761445, -0.47282189273154923, -0.5168952043859966, 0.013954822119861023, 0.3382163108083351, -0.40361333960697204, 0.396577392067969, -0.0034250470336500485, 0.5511545299300348, -0.1595412412730483]], "inverted": true, "swapped": false, "error_lsq": 0.052666273442044026, "error_max": 0.26331598732114664, "target": "931.xyz", "model": "7.xyz", "model_rescale": 3.964800864290218, "target_rescale": 3.905717325165607},
{"mapping": [11, 6, 12, 10, 3, 2, 9, 0, 1, 5, 7, 13], "R": [[-0.08554564950168736, 0.21568641961323412, 0.9727082349017916], [0.5140949754209967, 0.8458398263859128, -0.1423423490965851], [-0.8534566761694585, 0.4878876474085742, -0.18324122191228576]], "T": [0.0019396906582138107, -0.08181062608535292, -0.0741105233543572], "aligned_model": [[-0.6324587533166837, -0.018899038901341036, -0.36185827036920437, -0.6399578916725801, 0.21829144003028653, 0.5039564918152764, -0.6415809902352922, 0.6528551125640447, 0.5146927319100469, -0.1876644254730463, 0.16558009259189094, -0.04713062518318438], [-0.5153857562632835, -0.28558536379335864, -0.5605842821752923, 0.385579324992094, 0.3189830273914521, -0.4996544676437831, -0.07676383927646595, 0.01390950843042972, 0.21544874290181185, 0.7311145185511426, -0.23422345884857595, -0.03506808094596235], [-0.3850519089354661, -0.6168327606000001, 0.38316594343038285, -0.2854115892223157, -0.6384854550963383, 0.03540834799581709, 0.17025066422230872, -0.35749390659370345, 0.3861514427136024, -0.026427074106246562, 0.6017928071787803, -0.03538824299356682]], "inverted": true, "swapped": false, "error_lsq": 0.05588826750115222, "error_max": 0.3024311091947137, "target": "931.xyz", "model": "8.xyz", "model_rescale": 4.121658175737393, "target_rescale": 3.905717325165607},
{"mapping": [11, 2, 10, 8, 6, 0, 7, 1, 4, 9, 5, 12], "R": [[-0.6477148765860732, -0.33604527528165135, -0.6837682440783334], [0.1318572855600761, -0.9333722812828765, 0.3338110854623125], [-0.7503859639504303, 0.1260545814069362, 0.6488691298039271]], "T": [-0.11545454010503817, -0.10083669669703527, -0.08561403001551912], "aligned_model": [[-0.687796849313554, 0.10984317925877107, -0.2747016849706422, -0.47943941310210725, -0.011348490253963603, 0.5219742126730622, -0.668384060723681, 0.516979148483877, 0.62957278586195, -0.053422431493287875, -0.043699838609037506, -0.033750684051173596], [-0.3644033690097311, -0.38131293920795706, -0.7193349359754255, 0.13394516134155027, 0.49987932518159534, -0.51956536989831, 0.20596075486804605, -0.031828418738637315, 0.2259143961672253, 0.6585146857054358, -0.16154335485069418, -0.08845606226288899], [-0.1630024328248528, -0.6796851249993658, 0.32497226475946395, -0.6712297991786765, -0.41498349055594486, 0.10719449285920621, 0.14966278408823966, -0.3505615773235973, 0.26976734905943356, 0.25013485319868145, 0.5250281489606888, -0.11561920005002202]], "inverted": false, "swapped": false, "error_lsq": 0.053368199155655376, "error_max": 0.25652684460784325, "target": "931.xyz", "model": "9.xyz", "model_rescale": 3.833441315466971, "target_rescale": 3.905717325165607},
{"mapping": [4, 6, 3, 5, 0, 11, 2, 12, 10, 13, 8, 14], "R": [[-0.9991032784258689, 0.030976142551110145, 0.028863777149469295], [0.011118711522320145, 0.8497494153900627, -0.527069545030189], [-0.04085355911991447, -0.5262759823865235, -0.849331841549777]], "T": [0.02341228444277249, -0.11340883027565296, -0.10734507809845929], "aligned_model": [[-0.5830513524229439, -0.0217971044916572, -0.6202517429166152, -0.5084984869299538, 0.1402528297893884, 0.5714494820071054, -0.5306395227496636, 0.49730396919730324, 0.641680323868921, -0.29583297468412983, 0.26443922981529155, -0.029228776722832917], [-0.46091383549732473, -0.47162230580748365, -0.6170705486881612, 0.24345901232308836, 0.5188756366633034, -0.41483323890492774, 0.08819099426077542, -0.19900153544357674, 0.33025382809436443, 0.5909391356660559, 0.0027001339205494634, -0.1532074032664542], [-0.49121316559171946, -0.6825570261180545, 0.18649729977934898, -0.32448898357038825, -0.3318169060290297, 0.1649335237267573, 0.3037928070706306, -0.4694508875703899, 0.20356040675516285, 0.08672436517746983, 0.6247642596472205, -0.039067425283754384]], "inverted": true, "swapped": false, "error_lsq": 0.04945543706795092, "error_max": 0.23081715056362032, "target": "931.xyz", "model": "10.xyz", "model_rescale": 4.2482417240324, "target_rescale": 3.905717325165607},
{"mapping": [3, 7, 2, 8, 10, 5, 1, 9, 4, 0, 6, 11], "R": [[-0.2878446089366702, 0.95740231050763, -0.02294116258490253], [-0.8704460069157199, -0.2715397288394834, -0.410597034458675], [-0.39933598654588337, -0.09821909944828103, 0.9115282652518213]], "T": [-0.09644810079524292, -0.05392905294477712, -0.02964727656427682], "aligned_model": [[-0.6531975172707885, 0.06150098927119958, -0.44389511851257674, -0.42507395376908474, 0.07689466904616345, 0.5247235031945421, -0.7302166141802121, 0.4825076752316272, 0.6946424253972747, -0.19063982760546305, 0.10432196530674497, 0.02425767765078629], [-0.4761456659035209, -0.5140123294097736, -0.6059714914982108, 0.14217696091360782, 0.4752767405445356, -0.4556078403004711, 0.1823811700052973, 0.055319990515357714, 0.1782291439399825, 0.6390009567132516, -0.12711766755231244, -0.035760094647534935], [-0.4417575111466411, -0.50074356222122, 0.3200483086237357, -0.5096528067830483, -0.35352360298463814, 0.10068368870011005, 0.1744152230021401, -0.6060028595571685, 0.26381129158446315, 0.26158355327639304, 0.5825756774256967, -0.059759131926568676]], "inverted": false, "swapped": false, "error_lsq": 0.04162150766850951, "error_max": 0.2719466066708947, "target": "931.xyz", "model": "11.xyz", "model_rescale": 3.6694154284099745, "target_rescale": 3.905717325165607},
{"mapping": [5, 7, 12, 6, 11, 10, 0, 9, 8, 4, 2, 13], "R": [[0.2114040357502447, 0.7194265009805757, 0.6616145731128926], [0.9759121376062304, -0.11804939983287055, -0.183466179095596], [-0.053887227998362375, 0.6844631830025227, -0.7270531739650874]], "T": [-0.07361009590858646, -0.03268188077763193, -0.008259296734408783], "aligned_model": [[-0.6461289996876908, 0.05274352970071579, -0.2694271601808045, -0.3904946699177327, 0.2134839723176578, 0.3206846462867018, -0.7561959720423691, 0.6174483420358489, 0.5956815888531949, -0.28086426834337547, 0.24038549468377807, -0.17149062994571157], [-0.44726444078389294, -0.48714816604963307, -0.6014883142347485, 0.1806956953545855, 0.5112558585332374, -0.5297374491745703, 0.10066598095683896, -0.06840090133126939, 0.265770917422978, 0.6513988771062745, -0.1254602842239921, 0.0074820997444005125], [-0.3889352721136144, -0.5824199670314927, 0.3077840845664717, -0.4252832891049338, -0.4165941846019037, 0.02330342670939467, 0.15615704642824413, -0.4155044978191788, 0.18034722294625383, 0.1834641354580157, 0.5566411461179699, 0.0527184164380273]], "inverted": false, "swapped": false, "error_lsq": 0.04333847761147001, "error_max": 0.23949441772174265, "target": "931.xyz", "model": "12.xyz", "model_rescale": 3.9764082729961374, "target_rescale": 3.905717325165607},
{"mapping": [7, 3, 2, 4, 6, 11, 0, 14, 13, 5, 12, 15], "R": [[-0.20719037450549843, 0.09893876506257626, -0.9732847833394724], [-0.9730459467696031, -0.12381735916231046, 0.19455294149747082], [-0.10126072381490359, 0.9873603102910123, 0.12192572933765072]], "T": [-0.02354171433119664, -0.06790772835929908, 0.09000173390808526], "aligned_model": [[-0.5873822138482754, 0.08690709790628862, -0.5518626108521473, -0.4527493967603735, 0.25477723000025004, 0.6022791288351531, -0.7466730423272688, 0.5524248707830492, 0.5420562541918, -0.37325636053067374, 0.24116839510191704, -0.04186347873950602], [-0.35600015933215184, -0.5922435913246294, -0.6327679098094193, 0.25713712759105034, 0.5061728636376268, -0.5289471594820435, -0.01712987993307498, -0.05263411983178036, 0.16175560793659116, 0.6879517227442488, 0.09571963374022942, -0.07124426261643797], [-0.3224547380298314, -0.5590871737134688, 0.2851158533806532, -0.38538266712251174, -0.3302706120985487, -0.07228077888360714, 0.13013434012923325, -0.4639271868836095, 0.13282971717836037, 0.18591868885212137, 0.6471087068356614, -0.01602588165119842]], "inverted": true, "swapped": false, "error_lsq": 0.04740783719738184, "error_max": 0.27169908646995594, "target": "931.xyz", "model": "13.xyz", "model_rescale": 4.170626492500431, "target_rescale": 3.905717325165607},
{"mapping": [7, 0, 9, 8, 4, 3, 10, 2, 6, 12, 11, 13], "R": [[0.7679842432274382, -0.18048063952069943, 0.6145135807389275], [-0.22153950745997453, -0.9751049488776535, -0.00951763146483603], [0.6009329819445517, -0.12882964500652755, -0.7888488282166115]], "T": [0.0019733828676105833, -0.07849032687898991, -0.1003947422749836], "aligned_model": [[-0.662304967401702, -0.019393072710175853, -0.3425021742801286, -0.5347759364092463, 0.10240601180754602, 0.4744096465842056, -0.5152369034974031, 0.5300695986862255, 0.6883471477193709, -0.3199512608052716, 0.0869989993157392, 0.03775878475105389], [-0.36850212724740283, -0.3823780084347621, -0.573030432388669, 0.29743789462462555, 0.5091549836352137, -0.5050457966073014, -0.045422932287551565, -0.09447159735538274, 0.19907087407592458, 0.5409703121524314, -0.07736749408217898, -0.042645802764737735], [-0.4637915390403927, -0.613282798387214, 0.440967532947541, -0.4498721139857752, -0.4846464913508972, 0.1647995495192531, 0.1226038498012528, -0.4925568937740332, 0.2987795325446412, 0.11946694532211385, 0.6013381377621938, -0.01212744336542905]], "inverted": true, "swapped": false, "error_lsq": 0.03601456774888487, "error_max": 0.1757805788956855, "target": "931.xyz", "model": "14.xyz", "model_rescale": 3.9786697098870705, "target_rescale": 3.905717325165607},
{"mapping": [3, 8, 2, 9, 6, 5, 0, 7, 10, 1, 4, 11], "R": [[0.20716683003687203, -0.8257536245708442, -0.5246073350998701], [0.9448371577161058, 0.30794229179673743, -0.11159879175835269], [0.2537018918562195, -0.4725489354882589, 0.8439981360391081]], "T": [-0.017314377386815977, -0.0035893765591188745, -0.07830131803876618], "aligned_model": [[-0.7520539145039163, -0.004430352703735336, -0.3853674011928769, -0.3961277588762313, 0.03234409044186358, 0.4443493771744518, -0.6415617532753795, 0.5582515842241905, 0.620134958130225, -0.02147181655267762, 0.1143053551373761, -0.04254649424307673], [-0.44226105211828654, -0.4743052352614659, -0.7007897507054286, 0.08731072203287857, 0.6509820506533737, -0.6521024588376892, 0.07686298654175433, 0.06223016529907558, 0.3397482642607079, 0.6086408673932827, -0.1685458817264771, 0.06999919578848401], [-0.41426888486883884, -0.3029982434651559, 0.28542388898501725, -0.5637411826252507, -0.5215010180091351, 0.02637412114297076, 0.21775309764603878, -0.39652705102569996, 0.33169697164308815, 0.21466444033908122, 0.4964858838928523, -0.14168375566171365]], "inverted": true, "swapped": false, "error_lsq": 0.04974438942071088, "error_max": 0.29273856913650526, "target": "931.xyz", "model": "15.xyz", "model_rescale": 3.769337070930944, "target_rescale": 3.905717325165607},
{"mapping": [6, 9, 2, 10, 0, 3, 1, 4, 5, 8, 11], "R": [[0.03747409738372608, 0.28252383221304467, 0.9585280258067214], [-0.1437674198937104, 0.9507472723009031, -0.2746098199072611], [-0.9889017246432433, -0.12751434603231196, 0.07624611828526894]], "T": [-0.05572850812055428, 0.03567018559226278, 0.07762699596575828], "aligned_model": [[-0.23542856690056674, -0.4581440457295408, -0.1879652139518313, -0.5327475973509456, 0.4495759337774763, 0.3902990794696987, 0.5942079233091221, 0.22313188172877843, -0.024017265938767317, -0.371917749897018, 0.07563175217476487], [0.022661839081942393, -0.5646605078173056, 0.6867701147780728, 0.3157502787675269, 0.22614463476586488, -0.4521936723413127, 0.3734986429407226, -0.5182884601884177, 0.6008772769209356, -0.054008296505727894, -0.04048735277695965], [-0.4837732232467663, -0.16349455975711005, -0.48730419049409635, 0.15064616675381212, -0.6109166802011733, -0.35414144562038496, 0.046613784266627115, 0.3301546387388356, 0.5171662663599648, 0.7586833207492905, 0.04058352967477791]], "inverted": true, "swapped": true, "error_lsq": 0.048615358406960636, "error_max": 0.30795618294878624, "target": "931.xyz", "model": "16.xyz", "model_rescale": 3.7852294659196426, "target_rescale": 3.905717325165607},
{"mapping": [6, 11, 7, 10, 0, 2, 5, 8, 3, 4, 1, 12], "R": [[-0.6536687250907102, 0.7333464848661108, 0.18686928846871895], [0.38386041563164797, 0.10848782864900419, 0.9169959500162055], [0.6522027132336882, 0.6711432963008301, -0.35241778712356714]], "T": [0.03205958084275405, -0.017376302135991437, -0.09524921073196262], "aligned_model": [[-0.7681266484798414, 0.04500828109377136, -0.28519714359758497, -0.5648808323098563, 0.241083306073909, 0.3583896874121956, -0.47808393919955494, 0.5234195089135621, 0.6818733555145656, -0.3049085290426429, 0.0752232711276674, 0.0020255562540223843], [-0.3642848134256233, -0.6062066561808065, -0.6097589864902458, 0.1873423838201781, 0.6122181394059087, -0.472605754154072, 0.04347362088874339, -0.09190185699007329, 0.2596629625790883, 0.5590974627626277, -0.03908994078337187, -0.020176688112144434], [-0.25880262432912066, -0.532334122105646, 0.10439530146673524, -0.59625567580473, -0.2554586898795932, 0.15043723291514627, 0.31494572632493123, -0.5162210316563698, 0.2701090726221394, 0.14121891903073752, 0.5917148116045413, -0.18207065219551719]], "inverted": true, "swapped": false, "error_lsq": 0.046899162555898044, "error_max": 0.30359557078927835, "target": "931.xyz", "model": "17.xyz", "model_rescale": 3.901054581598922, "target_rescale": 3.905717325165607},
{"mapping": [6, 11, 4, 7, 3, 5, 1, 13, 2, 0, 8, 14], "R": [[-0.5651893779288518, 0.8030415146174184, 0.1889055130941405], [0.17078975195443452, 0.3379269632406635, -0.9255464483980728], [-0.8070884881496827, -0.49084589569019144, -0.3281439912299989]], "T": [-0.008919098755125292, -0.16158610071264545, -0.095332219087962], "aligned_model": [[-0.689331555851225, -0.23244201195567446, -0.3772263969284386, -0.45772278593806204, 0.22633041417721492, 0.5525266859744473, -0.6030671749246487, 0.6511239841584865, 0.5444959456947687, -0.20007837636801978, 0.10490868364446242, 0.006308462076901916], [-0.3375860470199949, -0.5422907666736868, -0.6175680717233794, 0.1908293723467942, 0.513169292723857, -0.3513606812252108, 0.07262874830815047, 0.019566313686724013, 0.33106433964915694, 0.5501026190234852, -0.20102505224064404, -0.1697601935350434], [-0.35950763883476433, -0.7600370058290442, 0.43570840660394183, -0.4330534184766536, -0.365088989542797, 0.10177254086545606, 0.18362479824276642, -0.3382913303716364, 0.27177189989730965, 0.08483940820765051, 0.5572825656022389, -0.14734296837121327]], "inverted": false, "swapped": false, "error_lsq": 0.047298523434951674, "error_max": 0.32573897354206655, "target": "931.xyz", "model": "18.xyz", "model_rescale": 3.9405287249114394, "target_rescale": 3.905717325165607},
{"mapping": [3, 10, 14, 1, 6, 11, 12, 5, 9, 4, 13, 15], "R": [[0.4181503063378348, 0.8016973161010856, -0.42712028126265733], [-0.759648383433797, 0.050798533421864925, -0.6483470078195835], [-0.4980809721882522, 0.5955677311259436, 0.6302494924912689]], "T": [-0.0577475302724139, 0.09304538366185977, -0.018334982956241197], "aligned_model": [[-0.6953989846550839, -0.0059625945132077, -0.2841701739441859, -0.4496634271983147, 0.12124719486365, 0.4052979729202392, -0.5685884733632537, 0.6541272600847599, 0.6603028398436308, -0.32879098623889325, 0.06410650610565881, -0.04668126014478641], [-0.3569228314550248, -0.6050221295201267, -0.6051846663644415, 0.22464828522029232, 0.42886814947011676, -0.44919892623237934, 0.05254368783568392, 0.13134143044885066, 0.09712997647954488, 0.6689464862020674, -0.2005407555084895, 0.07116116674411509], [-0.3594476080262557, -0.3759997763240797, 0.22853855906302936, -0.5327298021541089, -0.6613493015608722, 0.08545891021768043, 0.17541796723202882, -0.4461554340958363, 0.2525835085393752, 0.3415794425490433, 0.5735168718836223, -0.04973506933037268]], "inverted": false, "swapped": false, "error_lsq": 0.042931477151285875, "error_max": 0.23169456542632885, "target": "931.xyz", "model": "19.xyz", "model_rescale": 4.410303926677745, "target_rescale": 3.905717325165607},
{"mapping": [11, 6, 12, 10, 3, 2, 9, 0, 1, 5, 7, 13], "R": [[-0.08554564950168736, 0.21568641961323412, 0.9727082349017916], [0.5140949754209967, 0.8458398263859128, -0.1423423490965851], [-0.8534566761694585, 0.4878876474085742, -0.18324122191228576]], "T": [0.0019396906582138107, -0.08181062608535292, -0.0741105233543572], "aligned_model": [[-0.6324587533166837, -0.018899038901341036, -0.36185827036920437, -0.6399578916725801, 0.21829144003028653, 0.5039564918152764, -0.6415809902352922, 0.6528551125640447, 0.5146927319100469, -0.1876644254730463, 0.16558009259189094, -0.04713062518318438], [-0.5153857562632835, -0.28558536379335864, -0.5605842821752923, 0.385579324992094, 0.3189830273914521, -0.4996544676437831, -0.07676383927646595, 0.01390950843042972, 0.21544874290181185, 0.7311145185511426, -0.23422345884857595, -0.03506808094596235], [-0.3850519089354661, -0.6168327606000001, 0.38316594343038285, -0.2854115892223157, -0.6384854550963383, 0.03540834799581709, 0.17025066422230872, -0.35749390659370345, 0.3861514427136024, -0.026427074106246562, 0.6017928071787803, -0.03538824299356682]], "inverted": true, "swapped": false, "error_lsq": 0.05588826750115222, "error_max": 0.3024311091947137, "target": "931.xyz", "model": "20.xyz", "model_rescale": 4.121658175737393, "target_rescale": 3.905717325165607},
{"mapping": [0, 1, 3, 5, 8, 2, 7, 6, 10, 9, 4, 12], "R": [[0.24297545131809178, -0.9696908902136634, -0.02573922091678499], [0.5214640086983617, 0.10819699995318736, 0.8463856667225439], [-0.81794756414394, -0.21907301668111356, 0.5319481137039892]], "T": [-0.006149582517088047, 0.02943558367448163, -0.03044342641341563], "aligned_model": [[-0.6863153508488712, 0.059110237583669116, -0.42221550984275186, -0.495071340583329, 0.03744509267934797, 0.4271931865943032, -0.6272663335593167, 0.5606049833345792, 0.6176450777268858, -0.01324222222338576, 0.17399566931894495, -0.10605761641986278], [-0.6165181719727355, -0.4761491997924375, -0.48402138757412183, 0.12113693365204498, 0.5071117155694178, -0.5891283193743688, 0.125641005501034, 0.11215071699827059, 0.292326886713662, 0.7136239882387726, -0.24498871560686197, -0.0034155790324676694], [-0.35798274260856733, -0.5021425345327422, 0.1837802551505653, -0.4956851989236375, -0.5033367758897005, 0.04574303244222305, 0.23746804792672022, -0.3379689227183976, 0.35742436846579356, 0.203006346990648, 0.440056939295043, -0.038684547604694086]], "inverted": true, "swapped": false, "error_lsq": 0.05175260675714779, "error_max": 0.30459027234305486, "target": "931.xyz", "model": "21.xyz", "model_rescale": 4.08911054899281, "target_rescale": 3.905717325165607},
{"mapping": [12, 9, 3, 7, 6, 15, 13, 11, 1, 0, 2, 16], "R": [[-0.8902191793676622, 0.19319715153131778, 0.4125344510779084], [-0.45418784687889246, -0.30690888763957647, -0.8363733224077353], [-0.034974454012634854, -0.9319237068172602, 0.36096397637229005]], "T": [0.008203207959914527, -0.048754004500902906, -0.14933791549781994], "aligned_model": [[-0.5864469431932597, -0.02451046725809554, -0.47818571059051357, -0.5724431971422956, -0.03991292702899929, 0.48033212647976214, -0.6182938169296635, 0.7498395412862102, 0.6091956335386597, -0.18407095690308115, 0.21450974512638182, -0.024187153624892148], [-0.4176680797281271, -0.54275266499927, -0.5079607448538337, 0.29886546080456516, 0.627535872936824, -0.5291303146073247, -0.06747203613621507, -0.14567354204857436, 0.2960134398219062, 0.6277896670342782, -0.15774986344129838, -0.024027321462721452], [-0.38441898420994314, -0.6616295809014922, 0.4045879033807177, -0.3679852287492161, -0.4589844361957952, 0.1296601183303619, 0.06014019582755234, -0.31204987753601976, 0.23788539862225544, 0.17531375046311237, 0.5338980209322534, -0.12473901197053289]], "inverted": false, "swapped": false, "error_lsq": 0.04167163897126874, "error_max": 0.24894076156871503, "target": "931.xyz", "model": "22.xyz", "model_rescale": 4.204369325754507, "target_rescale": 3.905717325165607},
{"mapping": [3, 10, 14, 1, 6, 11, 12, 5, 9, 4, 13, 15], "R": [[0.4181503063378348, 0.8016973161010856, -0.42712028126265733], [-0.759648383433797, 0.050798533421864925, -0.6483470078195835], [-0.4980809721882522, 0.5955677311259436, 0.6302494924912689]], "T": [-0.0577475302724139, 0.09304538366185977, -0.018334982956241197], "aligned_model": [[-0.6953989846550839, -0.0059625945132077, -0.2841701739441859, -0.4496634271983147, 0.12124719486365, 0.4052979729202392, -0.5685884733632537, 0.6541272600847599, 0.6603028398436308, -0.32879098623889325, 0.06410650610565881, -0.04668126014478641], [-0.3569228314550248, -0.6050221295201267, -0.6051846663644415, 0.22464828522029232, 0.42886814947011676, -0.44919892623237934, 0.05254368783568392, 0.13134143044885066, 0.09712997647954488, 0.6689464862020674, -0.2005407555084895, 0.07116116674411509], [-0.3594476080262557, -0.3759997763240797, 0.22853855906302936, -0.5327298021541089, -0.6613493015608722, 0.08545891021768043, 0.17541796723202882, -0.4461554340958363, 0.2525835085393752, 0.3415794425490433, 0.5735168718836223, -0.04973506933037268]], "inverted": false, "swapped": false, "error_lsq": 0.042931477151285875, "error_max": 0.23169456542632885, "target": "931.xyz", "model": "23.xyz", "model_rescale": 4.410303926677745, "target_rescale": 3.905717325165607},
{"mapping": [12, 5, 13, 0, 3, 9, 7, 8, 10, 1, 11, 16], "R": [[0.2562372813320888, -0.7237019755664511, 0.6407791399669279], [0.36280353344527305, -0.5424395378027088, -0.7577156088850276], [0.8959442235849086, 0.4266319237816124, 0.12356840144323225]], "T": [0.002626223424012475, -0.19577298261344134, -0.04145795173977537], "aligned_model": [[-0.67513163352386, -0.04995040943761755, -0.5052242093230661, -0.5396424217548603, 0.05611849426402982, 0.5554217843925144, -0.5389818715827441, 0.7738075620081122, 0.5098025430126039, -0.16973741719730917, 0.11515635272955269, -0.005812899827142455], [-0.4029013655836283, -0.446872403500764, -0.6074887909585349, 0.16818918870320848, 0.593633136320735, -0.35973268174935763, 0.03688106725988147, -0.1534999975512107, 0.1986397802095891, 0.594959805139828, -0.08077387553374396, -0.08326398943579338], [-0.42082315190615893, -0.615728630022166, 0.21693062182045045, -0.42074948261346456, -0.46950881435276004, 0.20339765563151388, 0.2658914604656025, -0.32288112954860204, 0.06339766158869523, 0.24379243534855796, 0.5707786544674273, -0.08281901288584173]], "inverted": false, "swapped": false, "error_lsq": 0.042993601042798014, "error_max": 0.2387643338431201, "target": "931.xyz", "model": "24.xyz", "model_rescale": 4.28219845311461, "target_rescale": 3.905717325165607},
{"mapping": [3, 9, 7, 1, 8, 12, 4, 11, 14, 0, 13, 15], "R": [[0.20478414939468398, -0.4217720614707011, -0.8832733327342397], [0.6846536188993161, -0.5831791241198171, 0.4372087960218929], [-0.6995090237336228, -0.6942697151349742, 0.16934192735892675]], "T": [0.015140474813239907, 0.009851892697281296, -0.06941052803011538], "aligned_model": [[-0.6561559267098444, 0.018330905695214533, -0.35938332870654965, -0.42114923551131345, 0.10391495817278507, 0.6217010893648529, -0.6323486229392932, 0.4792009914640746, 0.6804946216573836, -0.40865551113438003, 0.12551477664059232, -0.0256388442333092], [-0.23092664550724182, -0.5996878958380094, -0.6190345979600512, 0.2585052740045275, 0.4846040886548596, -0.42870224768035664, 0.04051266271196589, -0.12067055333923307, 0.25431505437687574, 0.6593565337931169, -0.30587879967373954, 0.06537699977749467], [-0.37178807630722455, -0.3615145355719668, 0.19474796268331962, -0.4665253520748263, -0.5680842695350468, 0.08607061894733875, 0.2689182447626065, -0.3225681848667199, 0.209311998425044, 0.18375909006309232, 0.4215559681058682, -0.042205196638231496]], "inverted": true, "swapped": false, "error_lsq": 0.04279081394168117, "error_max": 0.21263552439895708, "target": "931.xyz", "model": "25.xyz", "model_rescale": 4.100010024507729, "target_rescale": 3.905717325165607},
{"mapping": [3, 7, 2, 8, 10, 5, 1, 9, 4, 0, 6, 11], "R": [[-0.2878446089366702, 0.95740231050763, -0.02294116258490253], [-0.8704460069157199, -0.2715397288394834, -0.410597034458675], [-0.39933598654588337, -0.09821909944828103, 0.9115282652518213]], "T": [-0.09644810079524292, -0.05392905294477712, -0.02964727656427682], "aligned_model": [[-0.6531975172707885, 0.06150098927119958, -0.44389511851257674, -0.42507395376908474, 0.07689466904616345, 0.5247235031945421, -0.7302166141802121, 0.4825076752316272, 0.6946424253972747, -0.19063982760546305, 0.10432196530674497, 0.02425767765078629], [-0.4761456659035209, -0.5140123294097736, -0.6059714914982108, 0.14217696091360782, 0.4752767405445356, -0.4556078403004711, 0.1823811700052973, 0.055319990515357714, 0.1782291439399825, 0.6390009567132516, -0.12711766755231244, -0.035760094647534935], [-0.4417575111466411, -0.50074356222122, 0.3200483086237357, -0.5096528067830483, -0.35352360298463814, 0.10068368870011005, 0.1744152230021401, -0.6060028595571685, 0.26381129158446315, 0.26158355327639304, 0.5825756774256967, -0.059759131926568676]], "inverted": false, "swapped": false, "error_lsq": 0.04162150766850951, "error_max": 0.2719466066708947, "target": "931.xyz", "model": "26.xyz", "model_rescale": 3.6694154284099745, "target_rescale": 3.905717325165607},
{"mapping": [3, 6, 12, 7, 5, 2, 9, 0, 4, 8, 10, 13], "R": [[0.9303264674117201, 0.3617657958110254, 0.06015125114613429], [0.32622338848468757, -0.8912888820664723, 0.31493242054489545], [0.16754391913405425, -0.27336722130846935, -0.9472061008435745]], "T": [-0.04063853680172901, -0.026596480540217377, -0.05615316926509713], "aligned_model": [[-0.7330066053267985, -0.020064240298983627, -0.34083658011698864, -0.48879330057325027, 0.16896913321845614, 0.42673969197209705, -0.6136914652356286, 0.5549697012979254, 0.615596788493558, -0.11539064782451414, 0.07114218003548342, 0.00019121811885695894], [-0.2947855086298744, -0.587577411313247, -0.7499335140031361, 0.24790526040028224, 0.4759133110131849, -0.49803507466338937, -0.03113757518624978, -0.0033992680302540046, 0.33450707433961857, 0.5572755045974733, 0.07200858038468763, -0.06497150558888698], [-0.3747945401395212, -0.4512069952645853, 0.07189949243392195, -0.40246895961831003, -0.6301976220584463, 0.09024658976028833, 0.31324262814345566, -0.3418909147113968, 0.2822105264480517, 0.19256920467632954, 0.5266614094784268, -0.044592551154960636]], "inverted": true, "swapped": false, "error_lsq": 0.04858441220697205, "error_max": 0.3163222032047112, "target": "931.xyz", "model": "27.xyz", "model_rescale": 4.103607728864725, "target_rescale": 3.905717325165607},
{"mapping": [5, 0, 9, 7, 13, 3, 6, 2, 12, 11, 10, 14], "R": [[0.3811317047173922, -0.6932044043124309, -0.6117240206997452], [0.7920190006598494, -0.09650323575188505, 0.6028208922086145], [-0.4769114448752392, -0.7142512018409657, 0.5122506168036773]], "T": [-0.036571182046447805, 0.047122336208434194, -0.0509081315470641], "aligned_model": [[-0.6129173533804106, 0.053343168303094345, -0.418378718408398, -0.5750036717553939, 0.2443325824834446, 0.5072162164257457, -0.6245355494723124, 0.5611976674986523, 0.803369135827334, -0.3994329716152808, -0.014781286739372713, 0.0014166545931108623], [-0.3317922037555403, -0.5836993339801456, -0.5961135619912323, 0.1782366549584103, 0.629719380294007, -0.4662959576629039, 0.0236980333300783, -0.07415962952463678, 0.16302559409718878, 0.6012451377335507, -0.05468374914619568, -0.03141049103237122], [-0.29460727511232304, -0.37288821012857726, 0.2816493980586836, -0.5124064901659638, -0.0902310542434898, 0.014113198398555057, 0.18364776269572702, -0.46234924948926814, 0.08459210589036144, 0.13168561412936353, 0.44802673168963614, -0.1795542637294506]], "inverted": false, "swapped": false, "error_lsq": 0.049775132053659875, "error_max": 0.38855352019167405, "target": "931.xyz", "model": "28.xyz", "model_rescale": 4.137296879288765, "target_rescale": 3.905717325165607},
{"mapping": [6, 9, 4, 7, 1, 3, 0, 10, 5, 2, 11], "R": [[-0.984316536028158, 0.047506633258444314, -0.16989431037552644], [0.06306369451480826, -0.8046614505004099, -0.5903752370422725], [-0.1647541420895723, -0.5918302711715785, 0.7890456278247191]], "T": [-0.09436950743924744, -0.11295932005287593, -0.006710484083293649], "aligned_model": [[0.41097488121584114, 0.20085461003781158, -0.15416425424058355, -0.6341830204874265, -0.022506337329374224, 0.5146380307041671, 0.6124639714052853, -0.3182847283954837, -0.6398311979044328, 0.2682287070649796, -0.016771651360885778], [-0.26571724189397306, -0.7997522307689763, -0.23022160939701433, 0.2040698902207533, 0.6076460252947978, -0.06083212504219063, 0.3999475042372165, -0.3184665610508667, 0.2601090007190785, 0.17821952983936393, -0.055854365510237036], [0.255822562419327, -0.15379219349325807, -0.6632755245624146, -0.38689862399326314, -0.12103839770020895, -0.5064787443239326, 0.04823049843911094, 0.4612132459276401, 0.27068995113420663, 0.7310579903066009, -0.12977674237080963]], "inverted": false, "swapped": true, "error_lsq": 0.04315336528462394, "error_max": 0.21075468774395736, "target": "931.xyz", "model": "29.xyz", "model_rescale": 3.607286011436655, "target_rescale": 3.905717325165607},
