[{"mapping": [9, 11, 10, 4, 5, 7, 6, 1, 12, 2, 3, 14], "R": [[0.9531817713757879, 0.2943502946076722, 0.06929945729435429], [0.20870996498962274, -0.8061950764189515, 0.5536150731978599], [0.21882564116425185, -0.513232308825368, -0.8298842906977071]], "T": [-0.09472374087061959, -0.135293536143829, -0.004477978149302501], "aligned_model": [[-0.3294390517274439, 0.4225509970576347, 0.36543333035467035, -0.20217533519022318, 0.0806271504368762, -0.7772918690370174, 0.5347489686178211, -0.29890609487714503, 0.6103009206561092, 0.12038834497392299, -0.6289083220327963, -0.05968657677186025], [-0.3795662255550605, -0.5633563825302144, -0.3234954225545545, 0.6044287153599065, 0.31581994245531547, -0.46652897965473283, -0.15174432131139903, -0.4341599853223385, 0.11041176247577378, 0.3278532532411189, 0.1340598475423655, -0.12016716816912301], [-0.48214864975681626, -0.037480180587443755, -0.6756471042547836, 0.0026370033021560005, -0.5371818585200566, 0.001771047424091711, 0.5237226248845162, 0.5397834388080599, -0.02696899749741765, 0.49564248287611556, 0.3243303371979417, 0.0534916014771988]], "inverted": false, "swapped": true, "error_lsq": 0.04533928536592535, "error_max": 0.26364070657416855, "target": "932.xyz", "model": "0.xyz", "model_rescale": 3.751011558992144, "target_rescale": 4.1776169630304345},
{"mapping": [3, 0, 13, 12, 9, 10, 2, 7, 1, 6, 4, 8, 5, 11, 14], "R": [[-0.9598027642232138, 0.280671728934979, 0.0014263120724770026], [-0.27195328871262375, -0.9287076282472772, -0.25207845999550577], [-0.06942667029223495, -0.24233349296365783, 0.9677057484794468]], "T": [0.06666377123185865, 0.0006440758406169866, -0.002312179017571612], "aligned_model": [[0.028188489014083593, -0.01560982371817031, 0.4062885365581108, -0.34115316517348304, 0.21560151273896344, 0.1032030042761834, 0.6907064491064054, -0.5178150731452373, -0.2286765846581437, -0.6117161369618869, 0.1538160075946544, 0.57220615597312, 0.6367270090200173, -0.50125574504546, 0.045835748860940856], [-0.44001309996805077, 0.16914615515213907, -0.6287675938884374, -0.6092900031088078, -0.47025502318626755, 0.12084525238514607, -0.13764364565360504, -0.013014130958334272, 0.5624510461804573, 0.2579931392307087, 0.6967099009647147, 0.42755718655053065, -0.18500201156060236, -0.31191508541148244, -0.047486492814835704], [-0.6250053583437679, -0.7373921905409277, -0.12879603999023004, -0.11910631326364403, 0.43387723972699754, 0.8080397875591155, -0.5268932921575794, -0.3151619155683571, -0.2901186273403512, 0.1908144763188395, 0.3630244119517431, -0.053207613724198355, 0.1727577560104634, 0.46298899514320424, 0.013608068731342116]], "inverted": false, "swapped": false, "error_lsq": 0.05272597920190387, "error_max": 0.31279922563497203, "target": "932.xyz", "model": "1.xyz", "model_rescale": 3.9405287249114394, "target_rescale": 4.1776169630304345},
{"mapping": [0, 3, 2, 9, 13, 6, 8, 7, 5, 12, 10, 11, 14], "R": [[0.9624443811471612, -0.09650797021139701, -0.25374598496120904], [0.27130680727528533, 0.375201048904858, 0.886350263285788], [0.009665894906793232, -0.9219058436664618, 0.38729341059367434]], "T": [0.015939778484854943, -0.030954007651647422, -0.002814706927662374], "aligned_model": [[-0.5199658286977306, 0.2894240924820447, -0.4709293529465733, 0.4790754460573281, 0.7108944311526977, -0.7789384588893933, 0.15027924657165237, 0.6535594237571449, 0.051550593895094025, -0.6217827973014342, -0.04309699258092605, -0.3601173861358205, -0.04396913808015298], [0.6752958236363678, 0.41870540082651464, 0.19753884679335765, -0.2850929756045715, -0.23095212750710392, 0.16098732604523402, 0.20969016548210284, 0.34939761261875296, -0.6796802087853436, -0.41414207062825575, -0.766046637149834, -0.17749058409507945, 0.0006220219398754764], [-0.1525489742038996, -0.43759288791270357, -0.4736098830467814, 0.24986776742860786, -0.38273730164288094, 0.07982613972887265, 0.5520755274832728, 0.15348325168850852, -0.3125095819363938, -0.06924916942025494, 0.38934082574267437, 0.5347800670635129, -0.018005431383891088]], "inverted": true, "swapped": true, "error_lsq": 0.0472667253931284, "error_max": 0.31147821156891153, "target": "932.xyz", "model": "2.xyz", "model_rescale": 3.932901565614263, "target_rescale": 4.1776169630304345},
{"mapping": [4, 12, 5, 2, 13, 7, 9, 3, 0, 1, 11, 6, 8, 14], "R": [[0.5574240874462023, 0.8217898414091482, 0.11806711350539517], [0.8039920758164869, -0.4988546536301809, -0.32363679731422507], [-0.20706310332617245, 0.2753279700797568, -0.9387861205475375]], "T": [0.09455201555242895, -0.18101457743564991, -0.01066077114577521], "aligned_model": [[-0.3479137599759784, 0.5362665582969888, 0.226562545428438, -0.1589828790771162, -0.35791952270657024, -0.28202977875268664, 0.2186001164171008, -0.5831623548665351, -0.18076365318770884, -0.13778806169470817, 0.7177000284476137, 0.38422979670650015, 0.2934124828715823, 0.09159839414578363], [0.04889931032155034, 0.32021182671188947, -0.27320002600686333, 0.47878183534901914, -0.7304188488961163, -0.713636369837465, -0.7512516046332287, -0.1643588214020027, 0.5354633809483071, -0.038448479874916064, -0.06256636225406928, 0.5584324092802102, -0.4308388635530642, -0.11357274780276251], [-0.5675711042830313, -0.3447222439247174, -0.712159019819136, -0.11690287396720778, -0.4115683025692608, 0.3768381287283784, -0.05935877871816822, 0.06962084701604392, 0.4575962229258186, 0.5834142026174278, 0.21195251387110572, 0.2010166587118423, 0.5202838809576478, 0.005456231510353876]], "inverted": false, "swapped": true, "error_lsq": 0.04347311790088645, "error_max": 0.2654564280820213, "target": "932.xyz", "model": "3.xyz", "model_rescale": 3.9243930471874484, "target_rescale": 4.1776169630304345},
{"mapping": [8, 1, 7, 9, 13, 11, 10, 3, 4, 2, 5, 12, 14], "R": [[-0.8716416340878747, -0.14619713090160108, 0.4678325134498027], [0.1760261494882926, -0.9841738864500728, 0.020409701763743744], [0.4574447031291815, 0.10014070174459438, 0.8835814526308005]], "T": [-0.03375775271995212, -0.06900565479874034, -0.1300177806855174], "aligned_model": [[-0.10733825572744521, -0.19449236613108295, 0.4728651735877691, 0.3568460910068844, 0.7634455042384992, -0.5358323057212653, -0.1194068137661051, 0.30253445811364893, 0.19727442374397053, -0.3765123426157251, 0.17509190841532446, -0.5677648934139258, -0.08950469541919473], [-0.539604361401988, -0.009233757449573984, -0.2621958614650779, -0.49785816916151976, 0.03852685524894624, -0.5089190040389615, -0.6363169567963844, 0.3951938414108145, 0.5701456614450588, 0.5582098012404542, 0.008895544465111135, 0.040952826406877654, -0.02996686622216927], [-0.5262281413706054, -0.7607505152565937, -0.6607399052805649, -0.0497441695338566, 0.01213045730294815, -0.050661062572246895, 0.47698683301361866, -0.5007544755884493, 0.18126216700594072, -0.1256938540929598, 0.5543344327361582, 0.38055270336222335, -0.14362415435464843]], "inverted": false, "swapped": true, "error_lsq": 0.04470527911899851, "error_max": 0.2100800161105169, "target": "932.xyz", "model": "4.xyz", "model_rescale": 3.8936222436046832, "target_rescale": 4.1776169630304345},
{"mapping": [13, 3, 4, 5, 2, 1, 8, 11, 10, 9, 12, 14], "R": [[0.08306144224496836, 0.6725021304563197, 0.7354193914657792], [0.9963167740047227, -0.07181301427100528, -0.04685911670245779], [0.02129982744080189, 0.7366028614613329, -0.6759900456648518]], "T": [-0.13600601994327152, -0.05089096415012001, 0.0325137039184808], "aligned_model": [[0.04153478901020893, -0.6511542692683258, -0.2649884327032801, 0.367727995710029, -0.5886957392654332, -0.6779504137993118, -0.15043007039867665, 0.11501810951945438, 0.6661940208359511, 0.26345029720987967, 0.0874668921988079, -0.18062513683420656], [-0.6680801494054565, -0.3839557136314145, 0.02923115169364214, 0.06308911529727436, 0.4061729710468493, -0.15162994501731292, -0.2628164122503276, 0.31535101070495314, 0.13257171012280436, -0.46699181782120014, 0.6537944553441837, 0.002186529025811887], [-0.4723220772475745, -0.26700169496177634, -0.6994217175525396, -0.4687699610669031, -0.27903598825362674, 0.3837686111048446, 0.6145269633977462, 0.5372451202209167, 0.17551376618010106, 0.13362960136999094, -0.07432744065054497, 0.035479536734883826]], "inverted": false, "swapped": true, "error_lsq": 0.03916708001241776, "error_max": 0.23026369178628026, "target": "932.xyz", "model": "5.xyz", "model_rescale": 3.6523030999806103, "target_rescale": 4.1776169630304345},
{"mapping": [7, 9, 10, 8, 11, 3, 5, 1, 4, 2, 12, 6, 14], "R": [[-0.23943692920728654, -0.6911227691126776, 0.6819232177788126], [-0.628567102044089, -0.42495830071271723, -0.6513937679186499], [0.7399819965105103, -0.5846022243110138, -0.332666325574042]], "T": [0.040189567828571915, -0.07427300385484753, 0.08226488422015249], "aligned_model": [[0.072510049971834, 0.04016308614543204, 0.2066587335400702, 0.5611765974470129, 0.6090515306742155, -0.3167813747463369, -0.4319425516822882, 0.36958794809160456, -0.6536938844334068, -0.15504603382648507, 0.08789101737909485, 0.4359514892617781, 0.05555629684176961], [-0.6527233366998668, 0.00539589615739966, 0.6685628849303524, -0.27214461048853766, 0.28032836489685914, -0.6493015090398444, 0.4588290876735646, -0.6140190433008332, -0.05098783850702815, -0.15031009013417215, 0.5187811589392495, 0.0794825729902936, -0.08106663325425362], [0.5721687705208999, 0.6624222422932395, 0.42594400096192814, 0.35296624227224765, 0.031727404784149295, -0.006804104086635079, 0.18675484331875777, -0.08327362520625173, -0.1948073684583827, -0.601109138469319, -0.3693411883534078, -0.6214638429902355, 0.014925502894799117]], "inverted": true, "swapped": true, "error_lsq": 0.044188624185743, "error_max": 0.2654904914956403, "target": "932.xyz", "model": "6.xyz", "model_rescale": 4.08911054899281, "target_rescale": 4.1776169630304345},
{"mapping": [8, 8, 11, 9, 1, 2, 10, 3, 4, 6, 7, 5, 12, 0, 14], "R": [[-0.2840836319338471, -0.6382616376702197, -0.715484850954794], [-0.039643368194692274, -0.7377725988978658, 0.6738842598500643], [-0.9579795892530565, 0.21980371742538404, 0.18428627832947125]], "T": [0.14026322219249232, -0.03008834350060162, 0.03655966786621896], "aligned_model": [[-0.04107203929414041, -0.04107203929414041, 0.4949516457397653, -0.23056818652059424, -0.04465694528658576, -0.09643301573552177, 0.5930275201636512, -0.6142780075858904, -0.11694357335139888, -0.2340667086959285, 0.27503481139977004, 0.4603877245397813, 0.8505317629013475, -0.7187423956508171, 0.10024583111080047], [-0.1771967184552954, -0.1771967184552954, -0.4862054613852751, -0.681692824043297, -0.5908685301153112, 0.031984893513721316, -0.06895430333454337, 0.03204924767359037, 0.43076247122468664, 0.23845853785232712, 0.567612319616944, 0.6151459474691491, 0.023605964680888172, -0.1778173040608495, -0.1883719282681669], [-0.6042410985540059, -0.6042410985540059, -0.06680550969027661, -0.1924664772708426, 0.4716184832179785, 0.8048443465423872, -0.52269772023952, -0.19421703934958356, -0.43067761724203935, 0.228660271223318, 0.5097187326518805, -0.21182358909163607, 0.06180722932117445, 0.3900305801479958, 0.009919891399825236]], "inverted": true, "swapped": false, "error_lsq": 0.051318519579865926, "error_max": 0.47057531540627073, "target": "932.xyz", "model": "7.xyz", "model_rescale": 3.964800864290218, "target_rescale": 4.1776169630304345},
{"mapping": [2, 12, 6, 4, 1, 5, 3, 11, 10, 9, 13, 7, 8, 14], "R": [[0.3648330176505802, 0.7989671823768003, -0.4780672658913684], [-0.5719101803079221, -0.21287469003000725, -0.7922140569346069], [-0.7347214539484549, 0.5624373812519089, 0.3792737497881489]], "T": [0.03141196460404114, 0.01684731837049517, 0.0784041442502853], "aligned_model": [[-0.20268848211951798, 0.21295231482104984, 0.42632850838073266, -0.6431170523089935, 0.20420628704190266, -0.2832326849526906, -0.4646853659086875, 0.6700377197739621, 0.3964650454349603, 0.0739836493318105, -0.5971664229147723, -0.06764603185881689, 0.4938138302596664, 0.04193657448026719], [0.01622100679258063, -0.5597199677230592, -0.055077233144359604, -0.19315480368868085, 0.6167895377762185, -0.6153907628999208, 0.4777374285980354, -0.18174819976907614, -0.6459782813013111, -0.03968958969211658, 0.013845939593662072, 0.6011552750465754, 0.3509829620692471, 0.024975154523407095], [-0.5969440786006297, -0.36040102770162247, -0.6387919096356082, -0.16592185012119556, -0.11509917259061003, 0.21732312392922343, -0.008123685080488746, 0.01045515360693798, 0.4320013001776939, 0.6597138071176284, 0.6001153648074341, 0.552141354155577, 0.320060448206773, 0.010286210453908762]], "inverted": false, "swapped": true, "error_lsq": 0.03927253466828072, "error_max": 0.2808632037259879, "target": "932.xyz", "model": "8.xyz", "model_rescale": 4.121658175737393, "target_rescale": 4.1776169630304345},
{"mapping": [12, 10, 11, 6, 5, 4, 9, 3, 8, 13, 2, 1, 14], "R": [[-0.4331772114858152, 0.4567188551479713, -0.7770234171514396], [0.6533153077571889, -0.43480142359742624, -0.6197796630156407], [-0.6209159460824816, -0.7761157190715686, -0.110035351185512]], "T": [0.036880276372017275, -0.04700115928671926, -0.003338619414595137], "aligned_model": [[-0.4228838129107728, -0.1606150034348964, 0.23502414834180563, 0.009046898058420606, -0.5904791686665947, -0.5826206877536857, 0.18120902158162508, 0.0787843706551517, 0.6280485402824554, -0.18264173492827843, -0.2883799204568642, 0.5421539178728636, 0.030090927793967024], [0.28704697652799466, -0.4571012548102752, 0.09610115831540485, 0.7000860675898049, -0.3719479972378292, 0.017066326233831378, -0.6087336305105288, 0.039885235605770245, -0.12217074229083226, -0.66598009929255, 0.5571081442172884, 0.2969841427601886, 0.02204311230344215], [-0.4880710592684027, -0.7036571199484211, -0.6295660805009382, -0.344789019704645, -0.14064997744674335, 0.4100611752140832, -0.08430489965394522, 0.6724676557567753, -0.17283640857362542, 0.48243658947267887, 0.197051967462613, 0.22818834942667077, -0.005255738277011279]], "inverted": false, "swapped": true, "error_lsq": 0.04219885272909834, "error_max": 0.21185175157422595, "target": "932.xyz", "model": "9.xyz", "model_rescale": 3.833441315466971, "target_rescale": 4.1776169630304345},
{"mapping": [3, 7, 2, 8, 13, 0, 4, 11, 7, 12, 1, 6, 5, 10, 14], "R": [[-0.8934261577360609, -0.2976852013484903, -0.33641227916217376], [0.3763966062467712, -0.0873353180701969, -0.9223329859782156], [0.24518420723793097, -0.9506608559921287, 0.19007535717557122]], "T": [0.02499479396884388, -0.0011363557053450032, 0.0003316996402946519], "aligned_model": [[0.4035390645611109, -0.2356614028405871, 0.32942931062467407, -0.5262522060541664, 0.2712568149741451, 0.08451943951717043, 0.7089497143691698, -0.6100089077986572, -0.2356614028405871, -0.2229575278782561, 0.3268614732671772, 0.3093016116940478, 0.6242502790549882, -0.6261034408293422, 0.03488356461921105], [-0.29166619837188357, 0.013727905555701428, -0.6442747814018421, -0.5476428331888985, -0.5816003667319477, -0.034158535783628215, 0.21006052646825696, 0.12483309765661146, 0.013727905555701428, 0.5213252795448321, 0.4473755490673759, 0.5977859635284213, -0.18851569753077752, -0.18817156085703443, -0.06149065959761522], [-0.7253531461912531, -0.612653926279125, -0.10136808103202188, -0.07049751333634195, 0.4882897821924209, 0.6779667886807678, -0.3511140627620603, -0.2147010341581458, -0.612653926279125, 0.1693688053097777, 0.5036432454251776, -0.14694782019708777, 0.25176170444928403, 0.4659958105576187, -0.07230724186723601]], "inverted": false, "swapped": false, "error_lsq": 0.05387752787010771, "error_max": 0.47524652018171903, "target": "932.xyz", "model": "10.xyz", "model_rescale": 4.2482417240324, "target_rescale": 4.1776169630304345},
{"mapping": [2, 12, 11, 10, 3, 7, 1, 9, 5, 13, 4, 14], "R": [[0.16694968812957853, -0.949238741874663, -0.2665963476074718], [0.9736938989685978, 0.1162028765987302, 0.19600276166807068], [-0.15507415240705555, -0.2923058370857273, 0.9436680056359048]], "T": [0.0021365116902914046, 0.05297547158714601, 0.06947076969395474], "aligned_model": [[-0.6427992079730426, -0.04361485434026177, 0.3778149917785208, 0.6887817954809184, -0.4926893251570007, 0.11891377917399475, -0.23662768917229443, 0.4848075679667018, 0.1289456447675866, 0.040049368186657344, -0.5007592366180015, -0.046057231730771794], [-0.25332338153944156, -0.6888372366454334, -0.35879665930756677, -0.36124688469562466, 0.5185861698418807, 0.7913727024437744, 0.3224262532479565, 0.3308872507752472, -0.22142926024039533, 0.5738648168868089, -0.003392038962301183, 0.016019658245734557], [0.10319855654584602, -0.0050774126643595985, 0.4452492844309629, -0.16413267610260482, 0.0033391648803642593, 0.19903858286283033, 0.6150163780251755, -0.11142530234273487, -0.5837108411441436, -0.5586528649920188, -0.4807146967994226, 0.10306411715446186]], "inverted": true, "swapped": true, "error_lsq": 0.042069831644599785, "error_max": 0.21736023154346057, "target": "932.xyz", "model": "11.xyz", "model_rescale": 3.6694154284099745, "target_rescale": 4.1776169630304345},
{"mapping": [8, 0, 2, 6, 11, 7, 9, 13, 12, 5, 4, 10, 3, 14], "R": [[-0.6931691367660527, -0.7178291413714126, -0.06509893726464216], [-0.7170129414722182, 0.6959487815539276, -0.03934126605691889], [0.07354583330388567, 0.01940662906287839, -0.9971030002723155]], "T": [0.02925283439116439, -0.01359081559538973, -0.04241142231674555], "aligned_model": [[0.17670400149241702, -0.11729794716301659, -0.10193891500208713, 0.4445334143845182, 0.6619590546188306, -0.43889276716034653, 0.05007183909657984, -0.5110333932782413, 0.5555205803659704, 0.14764067338969492, -0.36126603731866586, 0.6892163253856733, -0.6351998049396642, 0.03824782638414701], [-0.47466252549598725, 0.5086646371159389, 0.669976262508019, 0.5316296287089342, -0.09406122671596447, -0.5817434853701141, -0.5354602661502358, -0.28707157951241336, 0.49490042624752356, 0.14478581351981928, 0.4799614586587673, -0.25309146105390123, 0.08489777819488523, 0.042261827480982644], [-0.42910369615152283, -0.75947216265886, -0.20496420806512425, -0.49604024014208764, -0.25479657278690404, -0.22598009753909723, 0.222444274388921, 0.5058599148363725, 0.10730707886995844, 0.6496332964302256, 0.3609328981709308, 0.4100486394165353, -0.1641570886692498, -0.08261657644768264]], "inverted": true, "swapped": true, "error_lsq": 0.04561249703405478, "error_max": 0.27217529197503254, "target": "932.xyz", "model": "12.xyz", "model_rescale": 3.9764082729961374, "target_rescale": 4.1776169630304345},
{"mapping": [5, 9, 4, 0, 7, 3, 6, 1, 12, 8, 11, 13, 14, 2, 15], "R": [[-0.5478866311232596, -0.7157768851056304, -0.43299386853036004], [0.0019742627674771973, 0.5164853459205315, -0.8562937520126339], [0.8365502625203882, -0.4700067427152832, -0.2815622845468465]], "T": [0.03527081905608524, 0.010075000309860992, -0.08488488377835543], "aligned_model": [[0.21170743558996752, -0.299481787506193, 0.34546899116523294, -0.30131436707659853, -0.0908853610515004, 0.26168688703353715, 0.768906342650345, -0.5591555273477807, -0.14614765292472726, -0.2871762680514667, 0.1921732607253755, 0.39107129048925365, 0.7007909883200072, -0.6509197158413768, 0.09962186826602283], [-0.4359418068318782, -0.19414155195719787, -0.637651551095462, -0.6247881731184061, -0.5886404350211067, -0.03349639577887032, -0.047673203731091664, 0.22532519895278627, 0.431894878856635, 0.221308031220763, 0.6047628748997707, 0.4740969630516468, 0.29120495090616405, -0.24661776814184064, -0.048326418298639394], [-0.772462540430957, -0.5406648950749658, -0.09443110836921999, -0.18864950685808335, 0.3585766643180973, 0.7246092452418124, -0.29007472063645257, -0.1452773414707534, -0.5280201487203369, 0.507619394110503, 0.4173826289709377, -0.2653570112886577, 0.2569584937437347, 0.23056857768284908, -0.02134834670585828]], "inverted": true, "swapped": false, "error_lsq": 0.04702740687465432, "error_max": 0.3170169805110215, "target": "932.xyz", "model": "13.xyz", "model_rescale": 4.170626492500431, "target_rescale": 4.1776169630304345},
{"mapping": [9, 5, 11, 12, 8, 0, 6, 13, 7, 4, 3, 2, 1, 14], "R": [[-0.9883445638942633, 0.15213342937105248, 0.005517489325922165], [0.002125099244063705, 0.05002778360169591, -0.9987455656077302], [-0.1522186157270574, -0.9870930252695056, -0.04976798660216797]], "T": [0.029706700692233558, -0.029778814128042345, -0.01454130329386591], "aligned_model": [[0.4626185526647213, -0.11532917944394291, -0.2848825649116631, -0.6759815195643125, 0.2912090268532523, -0.36518058573853096, -0.687409291808332, 0.6046053221473393, 0.7479806125238984, -0.11710067156901766, 0.3227550859108931, -0.46365878458999493, 0.14753379861344462, -0.023976778996111274], [-0.25652988915738745, -0.7345002690991003, 0.1703222823664669, -0.23049615204430432, 0.3851377855432851, 0.6512576628657655, 0.37142957415542865, -0.5416137979399018, 0.20741089267197663, -0.45693811501849274, 0.10281101215376748, 0.08629146332976297, 0.5954897425019239, 0.006002275596475138], [-0.3371881270060668, -0.03343559329938532, -0.5739099165261623, -0.15473188476388322, -0.3931184179260796, 0.4198057271092981, -0.03124099908590163, 0.2589891695622244, 0.044440469460274815, 0.5810827430349931, 0.5875898304165583, 0.4894595123337985, 0.1350851823495406, 0.011045405461657394]], "inverted": false, "swapped": true, "error_lsq": 0.04107459228795484, "error_max": 0.26464434184700164, "target": "932.xyz", "model": "14.xyz", "model_rescale": 3.9786697098870705, "target_rescale": 4.1776169630304345},
{"mapping": [1, 2, 7, 8, 3, 13, 12, 5, 9, 11, 4, 14], "R": [[-0.7499162782303942, 0.6606714125699344, 0.03374700368805564], [-0.5001366768873581, -0.599609123129834, 0.6247657192032401], [0.43299986152093, 0.45164386863137973, 0.7800826468077191]], "T": [0.03790666937342507, -0.07584838094562228, 0.004377399645723295], "aligned_model": [[0.05494812504046782, -0.6497000516878582, 0.6102377657265727, 0.46143375031298056, -0.04063550627113473, 0.37543069137586016, -0.4800846593344587, -0.07241518202876877, 0.576996044080643, 0.07448907147142786, -0.4061686784103217, -0.021176773508073655], [-0.34222668194203393, -0.03144755363543554, 0.0983510048209373, -0.48244491970054526, 0.33993521935460347, 0.6673541972598349, -0.32054462738225536, 0.3147778282923474, 0.04318048899523273, -0.6910798509214436, 0.5236336878342713, -0.10481430275107442], [-0.5922667720912225, -0.18568626657108298, -0.46225619225783804, -0.193521436573766, -0.5313225580381526, 0.036468792660123414, 0.4836950849497476, 0.5987383872431419, 0.19968348929775817, 0.2728025596606824, 0.05132217736122645, -0.0176907717667881]], "inverted": false, "swapped": true, "error_lsq": 0.036520340823032064, "error_max": 0.24493773598875987, "target": "932.xyz", "model": "15.xyz", "model_rescale": 3.769337070930944, "target_rescale": 4.1776169630304345},
{"mapping": [1, 3, 11, 8, 6, 2, 12, 4, 10, 9, 14], "R": [[0.8403505874468588, -0.3504621077022524, 0.4135059869489371], [0.41751128410201, 0.9050133005731821, -0.08145706496754188], [-0.3456808033796646, 0.24109590799209044, 0.9068503433997582]], "T": [-0.0971781377126675, -0.00958971675257602, 0.07382012897947843], "aligned_model": [[-0.4395849608179636, -0.29348670563422263, -0.016072187238784827, -0.5803524678666465, 0.35971615163734594, 0.38751643444907424, 0.5833253921783005, 0.3329852244271194, 0.09403686878890324, -0.4453176964290594, -0.060139922802895526], [-0.1048765198142482, -0.647120502031539, 0.6355522708946757, 0.33201894723890557, 0.25498565880626056, -0.3391378403070888, 0.29274797299555094, -0.5911569950309477, 0.6279787664860944, 0.1496944856558034, -0.01462174726812461], [-0.47473257657749646, -0.07122043182432664, -0.09680736263077738, -0.10977172911859054, -0.5560607140185325, -0.33528601801528113, 0.015138102381533541, 0.26229946514425956, 0.5783751077020483, 0.5169421042601762, 0.015341659920764104]], "inverted": false, "swapped": true, "error_lsq": 0.04278204332953294, "error_max": 0.22502766439444732, "target": "932.xyz", "model": "16.xyz", "model_rescale": 3.7852294659196426, "target_rescale": 4.1776169630304345},
{"mapping": [9, 3, 4, 13, 8, 1, 6, 2, 5, 10, 11, 12, 14], "R": [[-0.3895367686309645, -0.007239981301378262, -0.9209824583320262], [-0.7770684200540753, -0.5341951965205248, 0.33286658373748057], [-0.4943943531627458, 0.8453301572079123, 0.20246270983970516]], "T": [-0.08371134479573766, 0.029797133090655056, -0.03669542566518249], "aligned_model": [[-0.0031765508960525934, -0.38412930770095643, 0.29743096522226703, 0.13798876321956755, -0.5214243811648827, -0.7195403427170883, -0.17874799851628426, -0.0600318214329377, 0.6207349103020328, 0.46559694750344055, -0.0855568777359503, 0.38373948693450805, -0.0991179428013805], [-0.14716349163525316, -0.502899749158046, -0.39790270171966263, -0.7228045597394109, 0.23757641772900878, 0.08015854718402761, 0.6788585627241516, 0.09437344187972276, -0.11273044900067707, 0.40206171060928625, 0.6704713885669346, 0.5314778602104144, 0.06357864605237795], [-0.5890800549996131, 0.2666235475338203, 0.44350127181409116, -0.2641644328746588, -0.4228235775284858, 0.10619366241889569, 0.45847090233012927, 0.6747592911276303, -0.07498500440585604, -0.5439546891790417, -0.2402468754242244, 0.25951882286657735, 0.021941833463910043]], "inverted": true, "swapped": true, "error_lsq": 0.03693074359074215, "error_max": 0.25996372822283625, "target": "932.xyz", "model": "17.xyz", "model_rescale": 3.901054581598922, "target_rescale": 4.1776169630304345},
{"mapping": [3, 0, 13, 12, 9, 10, 2, 7, 1, 6, 4, 8, 5, 11, 14], "R": [[-0.9598027642232138, 0.280671728934979, 0.0014263120724770026], [-0.27195328871262375, -0.9287076282472772, -0.25207845999550577], [-0.06942667029223495, -0.24233349296365783, 0.9677057484794468]], "T": [0.06666377123185865, 0.0006440758406169866, -0.002312179017571612], "aligned_model": [[0.028188489014083593, -0.01560982371817031, 0.4062885365581108, -0.34115316517348304, 0.21560151273896344, 0.1032030042761834, 0.6907064491064054, -0.5178150731452373, -0.2286765846581437, -0.6117161369618869, 0.1538160075946544, 0.57220615597312, 0.6367270090200173, -0.50125574504546, 0.045835748860940856], [-0.44001309996805077, 0.16914615515213907, -0.6287675938884374, -0.6092900031088078, -0.47025502318626755, 0.12084525238514607, -0.13764364565360504, -0.013014130958334272, 0.5624510461804573, 0.2579931392307087, 0.6967099009647147, 0.42755718655053065, -0.18500201156060236, -0.31191508541148244, -0.047486492814835704], [-0.6250053583437679, -0.7373921905409277, -0.12879603999023004, -0.11910631326364403, 0.43387723972699754, 0.8080397875591155, -0.5268932921575794, -0.3151619155683571, -0.2901186273403512, 0.1908144763188395, 0.3630244119517431, -0.053207613724198355, 0.1727577560104634, 0.46298899514320424, 0.013608068731342116]], "inverted": false, "swapped": false, "error_lsq": 0.05272597920190387, "error_max": 0.31279922563497203, "target": "932.xyz", "model": "18.xyz", "model_rescale": 3.9405287249114394, "target_rescale": 4.1776169630304345},
{"mapping": [4, 12, 7, 13, 9, 5, 0, 14, 3, 10, 2, 1, 6, 11, 15], "R": [[0.4416813478633339, 0.1442364004799328, 0.885501805603027], [-0.4766407793827081, 0.873906738511927, 0.09539695913859751], [-0.760086280878081, -0.4642013282618212, 0.4547372565129096]], "T": [0.060638436486003526, -0.10179451704704207, -0.10692268183073594], "aligned_model": [[0.40656382823156795, -0.09784790278060321, 0.2713699152752661, -0.44571827778153983, 0.0053863448729526905, 0.33203747017042556, 0.7062582238394586, -0.6916902896981483, -0.2504092638583568, -0.41355114561873774, 0.17826192755126402, 0.3669590346091704, 0.6502322114777827, -0.4365733339354938, 0.05506764208509029], [-0.46984245566673416, -0.011056227320916878, -0.7719088089930108, -0.5408736755826001, -0.6555153982507518, -0.09289260711228815, -0.0495076773063884, 0.04116860461632066, 0.6259784568169646, 0.4074951413005499, 0.5148722461478541, 0.4541261950387881, 0.22602239968882998, -0.21308652011177082, -0.07366407935157307], [-0.635639398834796, -0.623437643136641, -0.06039711339373141, -0.15320675930723704, 0.421613257389962, 0.6789055203060562, -0.3373905418970925, -0.22225695981687354, -0.4216041421959599, 0.25868957325660363, 0.49408655315105443, -0.2875861175859754, 0.21432287095552383, 0.40259448893780325, -0.07926420331604662]], "inverted": true, "swapped": false, "error_lsq": 0.03722906915435441, "error_max": 0.2618637785947231, "target": "932.xyz", "model": "19.xyz", "model_rescale": 4.410303926677745, "target_rescale": 4.1776169630304345},
{"mapping": [2, 12, 6, 4, 1, 5, 3, 11, 10, 9, 13, 7, 8, 14], "R": [[0.3648330176505802, 0.7989671823768003, -0.4780672658913684], [-0.5719101803079221, -0.21287469003000725, -0.7922140569346069], [-0.7347214539484549, 0.5624373812519089, 0.3792737497881489]], "T": [0.03141196460404114, 0.01684731837049517, 0.0784041442502853], "aligned_model": [[-0.20268848211951798, 0.21295231482104984, 0.42632850838073266, -0.6431170523089935, 0.20420628704190266, -0.2832326849526906, -0.4646853659086875, 0.6700377197739621, 0.3964650454349603, 0.0739836493318105, -0.5971664229147723, -0.06764603185881689, 0.4938138302596664, 0.04193657448026719], [0.01622100679258063, -0.5597199677230592, -0.055077233144359604, -0.19315480368868085, 0.6167895377762185, -0.6153907628999208, 0.4777374285980354, -0.18174819976907614, -0.6459782813013111, -0.03968958969211658, 0.013845939593662072, 0.6011552750465754, 0.3509829620692471, 0.024975154523407095], [-0.5969440786006297, -0.36040102770162247, -0.6387919096356082, -0.16592185012119556, -0.11509917259061003, 0.21732312392922343, -0.008123685080488746, 0.01045515360693798, 0.4320013001776939, 0.6597138071176284, 0.6001153648074341, 0.552141354155577, 0.320060448206773, 0.010286210453908762]], "inverted": false, "swapped": true, "error_lsq": 0.03927253466828072, "error_max": 0.2808632037259879, "target": "932.xyz", "model": "20.xyz", "model_rescale": 4.121658175737393, "target_rescale": 4.1776169630304345},
{"mapping": [7, 9, 10, 8, 11, 3, 5, 1, 4, 2, 12, 6, 14], "R": [[-0.23943692920728654, -0.6911227691126776, 0.6819232177788126], [-0.628567102044089, -0.42495830071271723, -0.6513937679186499], [0.7399819965105103, -0.5846022243110138, -0.332666325574042]], "T": [0.040189567828571915, -0.07427300385484753, 0.08226488422015249], "aligned_model": [[0.072510049971834, 0.04016308614543204, 0.2066587335400702, 0.5611765974470129, 0.6090515306742155, -0.3167813747463369, -0.4319425516822882, 0.36958794809160456, -0.6536938844334068, -0.15504603382648507, 0.08789101737909485, 0.4359514892617781, 0.05555629684176961], [-0.6527233366998668, 0.00539589615739966, 0.6685628849303524, -0.27214461048853766, 0.28032836489685914, -0.6493015090398444, 0.4588290876735646, -0.6140190433008332, -0.05098783850702815, -0.15031009013417215, 0.5187811589392495, 0.0794825729902936, -0.08106663325425362], [0.5721687705208999, 0.6624222422932395, 0.42594400096192814, 0.35296624227224765, 0.031727404784149295, -0.006804104086635079, 0.18675484331875777, -0.08327362520625173, -0.1948073684583827, -0.601109138469319, -0.3693411883534078, -0.6214638429902355, 0.014925502894799117]], "inverted": true, "swapped": true, "error_lsq": 0.044188624185743, "error_max": 0.2654904914956403, "target": "932.xyz", "model": "21.xyz", "model_rescale": 4.08911054899281, "target_rescale": 4.1776169630304345},
{"mapping": [4, 13, 0, 7, 6, 8, 2, 12, 14, 9, 11, 15, 1, 10, 16], "R": [[-0.7427394432838076, -0.6188884334702415, 0.25556843761937864], [-0.03859806669227739, 0.420623578738656, 0.9064138096127531], [-0.6684671335511404, 0.6633648407368574, -0.3363016197345556]], "T": [0.03666377072873805, 0.0023888176151919058, -0.012688500216907962], "aligned_model": [[0.33457072259992787, -0.22900469887063574, 0.34999808261042276, -0.3820174132300036, 0.0023704689322967473, 0.3212347757604785, 0.6108218607679583, -0.6271582639616217, -0.1920010933236883, -0.49542480457358784, 0.37308010220748544, 0.385446089172095, 0.8027553852026731, -0.658878497698864, 0.040553668845161955], [-0.29878141707335715, -0.3013277443480658, -0.7007051848768406, -0.5703042760079882, -0.5896614877182605, -0.09541727894355798, 0.15482031007302588, 0.047025476922645915, 0.4473078920082929, 0.448494189469703, 0.4600700018347336, 0.6335811061719225, -0.02779795175534764, -0.17945529628243584, -0.03653274556119674], [-0.5666200155075798, -0.5360492556028876, -0.0996357879068589, -0.06293663177074199, 0.43882510307521055, 0.6119836767137111, -0.42300661719792143, -0.33255938188559975, -0.41466111512510684, 0.14674599039854186, 0.5003855838920314, -0.11971282970309086, 0.19271543950608996, 0.35376624499225, -0.039811019365398104]], "inverted": false, "swapped": false, "error_lsq": 0.04165767224087597, "error_max": 0.24965778994722723, "target": "932.xyz", "model": "22.xyz", "model_rescale": 4.204369325754507, "target_rescale": 4.1776169630304345},
{"mapping": [4, 12, 7, 13, 9, 5, 0, 14, 3, 10, 2, 1, 6, 11, 15], "R": [[0.4416813478633339, 0.1442364004799328, 0.885501805603027], [-0.4766407793827081, 0.873906738511927, 0.09539695913859751], [-0.760086280878081, -0.4642013282618212, 0.4547372565129096]], "T": [0.060638436486003526, -0.10179451704704207, -0.10692268183073594], "aligned_model": [[0.40656382823156795, -0.09784790278060321, 0.2713699152752661, -0.44571827778153983, 0.0053863448729526905, 0.33203747017042556, 0.7062582238394586, -0.6916902896981483, -0.2504092638583568, -0.41355114561873774, 0.17826192755126402, 0.3669590346091704, 0.6502322114777827, -0.4365733339354938, 0.05506764208509029], [-0.46984245566673416, -0.011056227320916878, -0.7719088089930108, -0.5408736755826001, -0.6555153982507518, -0.09289260711228815, -0.0495076773063884, 0.04116860461632066, 0.6259784568169646, 0.4074951413005499, 0.5148722461478541, 0.4541261950387881, 0.22602239968882998, -0.21308652011177082, -0.07366407935157307], [-0.635639398834796, -0.623437643136641, -0.06039711339373141, -0.15320675930723704, 0.421613257389962, 0.6789055203060562, -0.3373905418970925, -0.22225695981687354, -0.4216041421959599, 0.25868957325660363, 0.49408655315105443, -0.2875861175859754, 0.21432287095552383, 0.40259448893780325, -0.07926420331604662]], "inverted": true, "swapped": false, "error_lsq": 0.03722906915435441, "error_max": 0.2618637785947231, "target": "932.xyz", "model": "23.xyz", "model_rescale": 4.410303926677745, "target_rescale": 4.1776169630304345},
{"mapping": [8, 4, 10, 3, 1, 7, 9, 2, 5, 12, 13, 14, 11, 0, 16], "R": [[-0.7722564535552514, -0.1594041739646495, -0.6149880318062408], [0.5122613589866284, -0.7287997285345373, -0.45435586909069153], [-0.37577688863398556, -0.6659138570495682, 0.6444768924933839]], "T": [0.15185706351241876, 0.06501733614992278, -0.026018466491815644], "aligned_model": [[0.27264418479720465, -0.21262047787249275, 0.3738325011481864, -0.3953923213912882, 0.0928530923988787, 0.08729827927161077, 0.6646313494064714, -0.700229735045965, -0.2848643256678405, -0.4318712578966889, 0.23790689557879371, 0.686316855679826, 0.6859442564705044, -0.5227308311960066, 0.08262791875890471], [-0.23169554851230256, -0.21391400920445214, -0.49604147500277607, -0.6458706157988402, -0.629625699801066, 0.020535860122600696, -0.008925528721338227, -0.193277741105916, 0.36948909522938395, 0.5406741441465921, 0.6089606120593319, 0.4798824509710292, -0.13902457194278559, -0.03764923463014383, -0.0322021438960437], [-0.7830380188559599, -0.5390855180513159, -0.2704031259734302, -0.09240683242040902, 0.4743063615628825, 0.6341212598919838, -0.37817605634167106, -0.22633244994355653, -0.3609414570186765, 0.2553845942147498, 0.4109114624709713, -0.006278733072197101, 0.24571533094752043, 0.2976736073117972, -0.0120210402100385]], "inverted": true, "swapped": false, "error_lsq": 0.04655285205229039, "error_max": 0.33649286455976773, "target": "932.xyz", "model": "24.xyz", "model_rescale": 4.28219845311461, "target_rescale": 4.1776169630304345},
{"mapping": [12, 11, 13, 9, 7, 4, 14, 5, 8, 1, 0, 6, 2, 3, 15], "R": [[-0.3529853636771301, -0.934828893006798, -0.03868169889506884], [0.8341231976211768, -0.3331495554294918, 0.439601939153315], [-0.42383938493248496, 0.12290774799343024, 0.8973593824456487]], "T": [0.049415526839737225, -0.0783671530756345, -0.04512701689344918], "aligned_model": [[0.27805036621914625, -0.047864071924476906, 0.43490280409371473, -0.3839291555098952, -0.029268464194626087, 0.12849533792278867, 0.6043447349147912, -0.7075045601199956, -0.2264229268944548, -0.3879044175734168, 0.3097806712827041, 0.41662724422315683, 0.6996511785670276, -0.5276126636667456, 0.07500030710038008], [-0.5881771792436399, -0.16875414719551077, -0.525555627822173, -0.5811608088804143, -0.725112862177844, -0.09314316168282857, 0.027105545893819638, 0.13762906194362637, 0.507909457954343, 0.30360652244644015, 0.5058790970357472, 0.7347730501966252, 0.05921658852161246, -0.17328435374458342, -0.029615589331946704], [-0.5668930062733181, -0.5731837772960041, 0.02074015297275912, -0.17273818349194958, 0.3804018576415337, 0.6816305947449985, -0.5560807415025582, -0.37023976344203485, -0.29440385041304895, 0.22454829950258975, 0.46125276432395673, -0.1722320891749642, 0.1193246041347643, 0.46288335429773914, 0.004419168488186312]], "inverted": true, "swapped": false, "error_lsq": 0.03560229197321165, "error_max": 0.22139565326593613, "target": "932.xyz", "model": "25.xyz", "model_rescale": 4.100010024507729, "target_rescale": 4.1776169630304345},
{"mapping": [2, 12, 11, 10, 3, 7, 1, 9, 5, 13, 4, 14], "R": [[0.16694968812957853, -0.949238741874663, -0.2665963476074718], [0.9736938989685978, 0.1162028765987302, 0.19600276166807068], [-0.15507415240705555, -0.2923058370857273, 0.9436680056359048]], "T": [0.0021365116902914046, 0.05297547158714601, 0.06947076969395474], "aligned_model": [[-0.6427992079730426, -0.04361485434026177, 0.3778149917785208, 0.6887817954809184, -0.4926893251570007, 0.11891377917399475, -0.23662768917229443, 0.4848075679667018, 0.1289456447675866, 0.040049368186657344, -0.5007592366180015, -0.046057231730771794], [-0.25332338153944156, -0.6888372366454334, -0.35879665930756677, -0.36124688469562466, 0.5185861698418807, 0.7913727024437744, 0.3224262532479565, 0.3308872507752472, -0.22142926024039533, 0.5738648168868089, -0.003392038962301183, 0.016019658245734557], [0.10319855654584602, -0.0050774126643595985, 0.4452492844309629, -0.16413267610260482, 0.0033391648803642593, 0.19903858286283033, 0.6150163780251755, -0.11142530234273487, -0.5837108411441436, -0.5586528649920188, -0.4807146967994226, 0.10306411715446186]], "inverted": true, "swapped": true, "error_lsq": 0.042069831644599785, "error_max": 0.21736023154346057, "target": "932.xyz", "model": "26.xyz", "model_rescale": 3.6694154284099745, "target_rescale": 4.1776169630304345},
