[{"mapping": [2, 3, 0, 10, 7, 8, 4, 6, 1, 5, 9, 12], "R": [[-0.7465802052779322, -0.27413850479834484, -0.6061898030106485], [-0.6512933582681394, 0.11520587415464334, 0.7500297114355363], [-0.13577539748779913, 0.9547647284787979, -0.26455501259631764]], "T": [-0.06779993599399661, -0.04842064884058657, -0.025699745039470083], "aligned_model": [[-0.2884161345823594, 0.11824094672230165, 0.7155357710326865, -0.1396892884139693, -0.13999076248211878, -0.63380793711736, 0.5057827941401513, -0.4018536630785552, 0.5912608008212813, 0.026173865969115973, -0.5265334333271561, 0.010939502776530996], [-0.3025822150468314, -0.7450426814361572, -0.3825115478511792, 0.6786130566548585, 0.3360721067888807, -0.4096558631420627, -0.17914960463866575, -0.5193137192481798, 0.22467620996685095, 0.3445697904605207, 0.061766432852456185, -0.053886929383433875], [-0.4458390243999801, -0.09172329805990295, -0.43890062297939153, -0.02341947340856953, -0.6887373396429938, 0.03806806510960415, 0.34079944484305397, 0.6136347191667408, -0.17834525465308487, 0.6060702523078536, 0.45839782284043157, -0.008053545770199035]], "inverted": false, "swapped": true, "error_lsq": 0.046654171250510613, "error_max": 0.3087131304519657, "target": "933.xyz", "model": "0.xyz", "model_rescale": 3.751011558992144, "target_rescale": 3.9221648405046152},
{"mapping": [5, 9, 4, 8, 13, 12, 0, 10, 1, 7, 11, 6, 14], "R": [[-0.1636650412957264, -0.7926383925124567, -0.5873143391514775], [0.6710520278133998, 0.3469383850805456, -0.6552273902434386], [0.7231202736925528, -0.5013562961337691, 0.4751199154969575]], "T": [0.014194745164518973, 0.03504503363767898, -0.10831600584067756], "aligned_model": [[-0.2598470166445495, -0.5921529483565873, 0.5215391487743873, 0.3957572175962942, -0.5466689064476019, -0.48261847970344224, 0.4443610647864471, -0.17229459147499865, 0.6605174252783974, 0.15437578197878118, -0.40825526604558515, 0.22764357507094984, -0.03493357024651403], [-0.34799123371103424, -0.22020169461575145, -0.5284024410951995, -0.3478370247223026, 0.15948470443381596, 0.5547876834211384, 0.5850279437045132, -0.645478412972405, 0.22612810919990828, 0.599010168629623, 0.09635151250454345, 0.1714827552303705, 0.05061830085905894], [-0.5185237308724804, -0.07115145805858004, 0.1168563042969087, -0.4933220592445783, -0.5526682658023494, 0.07881844226970082, -0.4049306625871488, 0.309491741888521, 0.06899671462778949, 0.21101082865407794, 0.5658564443560102, 0.5984725696246531, -0.08966944003640576]], "inverted": false, "swapped": false, "error_lsq": 0.04353538128897275, "error_max": 0.31938037372376304, "target": "933.xyz", "model": "1.xyz", "model_rescale": 3.9405287249114394, "target_rescale": 3.9221648405046152},
{"mapping": [7, 1, 6, 3, 4, 8, 10, 0, 11, 9, 2, 5, 12], "R": [[0.3038774379404771, 0.19070551651740847, -0.9334291128310498], [0.27278642734093267, 0.9213238326093673, 0.2770378322983291], [0.9128231306059801, -0.33881233955659806, 0.22794764924184438]], "T": [-0.03496379327148327, -0.019366181710198688, -0.033207767610145725], "aligned_model": [[-0.08557660160742361, -0.6889723076680287, 0.30471967610342243, 0.13844228777876194, -0.5556485271343651, -0.15615649050885977, 0.47972958388209697, 0.03429045218037184, 0.6129228063232048, 0.2604854122948287, -0.4343909834592381, 0.10440322637388738, -0.10682509999268008], [-0.5120223900804793, -0.45748822781640874, -0.4410083114251394, 0.05192895996789851, 0.1609390716381681, 0.7124584257446773, 0.5670443833282665, -0.6379386865394738, 0.04452866170296477, 0.7026842097235325, 0.06721983513502797, 0.0873681594731168, 0.00726628001412824], [-0.6525929927670826, 0.05367300224600717, -0.07999182977131808, -0.5732512958528118, -0.4668817758466687, -0.2577848015419545, -0.35367694871478994, 0.5284877851869274, 0.2562308132460051, 0.17108150340203998, 0.5118889292677608, 0.6719595136955594, 0.01009552656644433]], "inverted": true, "swapped": false, "error_lsq": 0.060710129564065525, "error_max": 0.4258228787661839, "target": "933.xyz", "model": "2.xyz", "model_rescale": 3.932901565614263, "target_rescale": 3.9221648405046152},
{"mapping": [9, 12, 3, 7, 5, 6, 4, 11, 0, 2, 10, 1, 13], "R": [[0.5716777410904281, -0.45807034823689186, 0.6807026637290897], [-0.15086631611161827, 0.7568085134476257, 0.6359876010081521], [-0.806488632904801, -0.4662750583500342, 0.36354319544727753]], "T": [0.07571459610140586, -0.10019227293122779, 0.0034018573462733896], "aligned_model": [[-0.3062237915800561, -0.6777675247103345, 0.488520858602414, 0.3072633470183745, -0.33713228243012106, -0.3578127691203257, 0.3624038317107171, -0.17124165433784544, 0.657046728100121, 0.22302144203582763, -0.4807044081754679, 0.23454525707300644, -0.03449559962033123], [-0.44578585191298614, -0.047260272863714814, -0.37614106194368185, -0.20530345911861592, 0.18000027887607295, 0.42653909612578633, 0.5884272706825409, -0.7614520320609431, 0.2181563225529149, 0.7038737212392696, -0.06355011459413853, 0.20424318451492357, -0.06876671063114864], [-0.5205075676221171, -0.10881537459886882, 0.1222662067691676, -0.6637408274177987, -0.5141397105042275, 0.03946221143473806, -0.4513934931980007, 0.5506283549614063, 0.10167419934598905, 0.16458009203620275, 0.4530691612645864, 0.6598015026059509, -0.013647325960909475]], "inverted": true, "swapped": false, "error_lsq": 0.04496166495692785, "error_max": 0.25345096496359426, "target": "933.xyz", "model": "3.xyz", "model_rescale": 3.9243930471874484, "target_rescale": 3.9221648405046152},
{"mapping": [2, 4, 1, 0, 3, 10, 6, 7, 5, 11, 8, 9, 12], "R": [[-0.8952832132498075, -0.2942614720015523, -0.33448191904582747], [-0.29048718021006203, -0.18364772783779204, 0.9390903631672638], [-0.33776495704366183, 0.9379145473631894, 0.0789375426384516]], "T": [-0.038980615135208514, 0.10864489110765245, 0.06358730011372743], "aligned_model": [[-0.24998534931251276, -0.5558063922864309, 0.40990015273354063, 0.34117987492048213, -0.24115667483746184, -0.5198704486243464, 0.21133248786329495, -0.2687455674815851, 0.6527608521932837, 0.2862657778953492, -0.4170352053976155, 0.19683254213589838, 0.061751384764081825], [-0.5881847971054857, -0.15453693090299075, -0.4311039701433788, -0.3603272792972712, 0.16306577564161592, 0.6211987328860805, 0.6107300572457682, -0.6528623846703415, 0.11058064665972474, 0.7654263270054599, 0.014281709126476375, 0.17661331273339637, 0.07809917168722524], [-0.5030871020725052, -0.0628789565529008, 0.1952593282680092, -0.5354665026009406, -0.5760349153967144, 0.1198122664887811, -0.39113277987838363, 0.16474803618569347, -0.24481680978682213, 0.3618942069532175, 0.5580634730322396, 0.7249947693007726, 0.00788241517567169]], "inverted": false, "swapped": false, "error_lsq": 0.05829801890364626, "error_max": 0.3884315816434022, "target": "933.xyz", "model": "4.xyz", "model_rescale": 3.8936222436046832, "target_rescale": 3.9221648405046152},
{"mapping": [7, 1, 10, 11, 5, 4, 3, 6, 8, 2, 9, 12], "R": [[-0.894867140706152, 0.12383053969416807, -0.42881091161891755], [-0.07352856663839691, -0.9885166219105094, -0.13201680989456618], [-0.44023442660984485, -0.08660765350525476, 0.893696125079333]], "T": [-0.10256591940963898, -0.11615422415925904, -0.01454400779839898], "aligned_model": [[0.09023170609584134, -0.7131401912890198, -0.23936926388696572, 0.3481564287501815, -0.517966723279314, -0.7088237689698085, -0.05368856422333783, 0.10002497114709023, 0.4804798005457258, 0.3130787205661466, 0.10625693708616733, -0.1776920103276099], [-0.6194046079058618, -0.4758231960423204, 0.03504469514923016, 0.08597338319884106, 0.47844110085027713, -0.04110732878914908, -0.3659687517994425, 0.5164324456450644, 0.11130825418087721, -0.44620243153930267, 0.5233848760716511, -0.13315553391005724], [-0.5643013845352205, -0.1879824403637677, -0.7160958728064495, -0.459703757461913, -0.20508130600257918, 0.31291323783640407, 0.6632880376396945, 0.5339737856305155, 0.23693318875707453, 0.07542452526833089, -0.08020087077209534, 0.01011757608552431]], "inverted": true, "swapped": true, "error_lsq": 0.04351375307020203, "error_max": 0.24816500472897615, "target": "933.xyz", "model": "5.xyz", "model_rescale": 3.6523030999806103, "target_rescale": 3.9221648405046152},
{"mapping": [0, 5, 2, 3, 7, 9, 11, 1, 4, 10, 8, 6, 12], "R": [[0.6662225923523322, 0.727015688001404, 0.1661193752672571], [0.06176813029626915, 0.16819403974913477, -0.983816783284657], [-0.7431905243738256, 0.6657018509758793, 0.06714826943597726]], "T": [-0.031325404367561094, 0.05691599065395136, 0.05806692664305235], "aligned_model": [[-0.23930139017266586, -0.6374298050949527, 0.6033200042851299, 0.16381748305319443, -0.26083964109175056, -0.27915173684180516, 0.2432395884962888, 0.0004077058964739172, 0.5125433627758043, 0.4000178694235077, -0.5693743213460609, 0.04264675716203575, -0.07247244197922058], [-0.7319331742531702, -0.2154980145250573, -0.32724718829873056, -0.2650014730537086, 0.21954000272926422, 0.7338424503588272, 0.6657560669110547, -0.6186525215942862, 0.1516937971993611, 0.576025621230618, 0.1471442312169207, 0.0033915861471631933, 0.013918986798023274], [-0.5090545020231801, -0.09137066965709192, 0.21886335515484034, -0.5258244185549199, -0.564584424864856, 0.112980970970805, -0.5150795026207943, 0.21610192582081722, -0.09799566797626821, 0.44939953870695, 0.45311797424280925, 0.7017187886872343, -0.02903593877022649]], "inverted": false, "swapped": false, "error_lsq": 0.06008776774331752, "error_max": 0.3143905305758966, "target": "933.xyz", "model": "6.xyz", "model_rescale": 4.08911054899281, "target_rescale": 3.9221648405046152},
{"mapping": [13, 12, 6, 1, 11, 10, 9, 7, 3, 8, 5, 4, 14], "R": [[-0.17126893503133134, -0.7398952675369816, -0.6505551052521317], [-0.9112043610777352, -0.13214746193723248, 0.3901841368590788], [-0.3746646023394127, 0.659615070613101, -0.651563039447392]], "T": [0.020849753759891364, -0.032334723126017664, -0.03058288477611961], "aligned_model": [[-0.35867493249425314, -0.682878288316607, 0.38214358199663595, 0.3188578508910826, -0.289127105448345, -0.48754242438120127, 0.43395251865017154, -0.12433577041531887, 0.7306666988634485, 0.14062012284571027, -0.3980578356900175, 0.16654666701321713, 0.07525235105145535], [-0.504998530701452, -0.12222859864032219, -0.29078052194318177, -0.19652829596306215, 0.2204894211461776, 0.46623993168351235, 0.45954489988145925, -0.7112936603081706, 0.2026783820410441, 0.6244422403883689, -0.0812420943133243, 0.22926504997231328, 0.05739214762291671], [-0.44100274282834573, -0.09905077470558946, 0.1970473091904785, -0.6803349171228048, -0.4601470380589396, 0.08003178553707521, -0.4799800921748959, 0.3117983205022972, 0.2289940423752795, 0.10887338855302303, 0.6039450737317319, 0.6075295331296986, -0.1584664590128896]], "inverted": false, "swapped": false, "error_lsq": 0.05059923231783895, "error_max": 0.2496324162479745, "target": "933.xyz", "model": "7.xyz", "model_rescale": 3.964800864290218, "target_rescale": 3.9221648405046152},
{"mapping": [2, 1, 6, 4, 7, 8, 12, 3, 11, 9, 5, 10, 13], "R": [[0.22815231517282666, -0.9041551249690833, -0.361178669183855], [-0.511247249046815, 0.20445123000497115, -0.8347610106440756], [0.8285968690644101, 0.3751042582290899, -0.41560079888645685]], "T": [-0.035164116340596054, -0.09602893901309906, -0.03608735916389767], "aligned_model": [[-0.13255733998567465, -0.7646870156233792, 0.40725894048266964, 0.4832017381726284, -0.42194822981527713, -0.40350052074890536, 0.19558063662113798, -0.0749848020138871, 0.759383398351101, 0.18676255319704002, -0.43959770688715144, 0.16982961726085982, -0.05731783444518361], [-0.3961861023004965, -0.14160046092340756, -0.46078978338950816, -0.2634232975453934, 0.24678676707436514, 0.5525538329631761, 0.46864691529447233, -0.6299827548780238, 0.13657646364685844, 0.5384947846458751, 0.09764201778987369, 0.23672361859612578, -0.03246163010763771], [-0.618349297701335, -0.20590922755903462, 0.05176016999603382, -0.48147411763363296, -0.52570823921812, 0.15026247982291346, -0.4817026369890774, 0.45306530741188816, 0.0054132196793754, 0.11218578152752014, 0.6696007832170146, 0.6866763073245933, 0.003416899237979887]], "inverted": true, "swapped": false, "error_lsq": 0.04991951997515583, "error_max": 0.36495482316849087, "target": "933.xyz", "model": "8.xyz", "model_rescale": 4.121658175737393, "target_rescale": 3.9221648405046152},
{"mapping": [9, 6, 5, 7, 8, 2, 11, 4, 10, 3, 1, 0, 12], "R": [[-0.3890776268537769, 0.744251131276036, 0.5428709366655889], [0.6020894188486181, 0.6514645851066844, -0.46160830371897443], [-0.6972136917705837, 0.14725538341981326, -0.7015760258600042]], "T": [0.013393800633097641, 0.041334612342176634, -0.07083702854585296], "aligned_model": [[-0.19056577169103092, -0.607389111785239, 0.4718499988791944, 0.21796119662275867, -0.4169838868383215, -0.349847609175263, 0.31648779591308523, -0.1839879120457106, 0.7245223988376639, 0.26918559089327815, -0.45466757253540163, 0.1567734021673053, -0.0459150846763407], [-0.7199957118233026, -0.17892602385770562, -0.34690433652252295, -0.1634239533063388, 0.3796769638026606, 0.5643130771293497, 0.4409269510333117, -0.6380745900750476, 0.23555696297927217, 0.7535251252823479, -0.013952108441176815, 0.011258203918932862, 0.028999810746498392], [-0.3391026569785541, -0.28600179769778417, 0.07340699784673417, -0.6802933605375526, -0.551308502269573, 0.2064636285542915, -0.4600568474632202, 0.46541991815926564, 0.11097228343781455, 0.15285746129135647, 0.4319488554705673, 0.7020549061012412, -0.007123456798468042]], "inverted": false, "swapped": false, "error_lsq": 0.050382526171387415, "error_max": 0.31063072507220585, "target": "933.xyz", "model": "9.xyz", "model_rescale": 3.833441315466971, "target_rescale": 3.9221648405046152},
{"mapping": [13, 0, 8, 2, 5, 6, 3, 10, 9, 7, 12, 11, 14], "R": [[0.11216057995121537, -0.8119262621653351, -0.5728837134281568], [0.33012172631054304, -0.5133306914278641, 0.7921560749346923], [-0.937251113695126, -0.2779700452286511, 0.21045903124557935]], "T": [-0.13630981121912158, 0.10764211790369728, 0.0220435000715424], "aligned_model": [[-0.18316058498726415, -0.6029100436414856, 0.44742456648139706, 0.2447481445511032, -0.3899901454067458, -0.5138553052157172, 0.4246216819537634, -0.12024564406407875, 0.6487517921909897, 0.3645216079551351, -0.505323687761878, 0.1435821808925343, -0.05074112838177469], [-0.468778343832004, -0.37414584137398904, -0.3735325019220015, -0.05593559312479669, 0.06638074929957058, 0.6661056872305269, 0.6213176066888852, -0.598489177535823, 0.03776289384229421, 0.45053120290326143, 0.1780842303404973, 0.07362344792530628, 0.13005601042455123], [-0.5268016490410119, -0.0962254607850776, 0.2098852523603312, -0.5650573615583232, -0.6035594003168591, 0.10455052851469676, -0.39725973380075663, 0.4426082152514893, -0.16954277143149635, 0.2968324040285211, 0.49309203793691064, 0.6432039333641345, -0.012488565406440066]], "inverted": true, "swapped": false, "error_lsq": 0.044769888481096705, "error_max": 0.2631220492303846, "target": "933.xyz", "model": "10.xyz", "model_rescale": 4.2482417240324, "target_rescale": 3.9221648405046152},
{"mapping": [0, 3, 8, 6, 7, 11, 2, 5, 4, 10, 1, 12], "R": [[0.3368064588948565, 0.9371793337861685, 0.0908642150179092], [-0.23517900690503343, -0.009711529885070902, 0.971903555348191], [0.9117303570452558, -0.3487127507152626, 0.2171339990207096]], "T": [0.02055525121490792, 0.0829620686039528, -0.013342289317052211], "aligned_model": [[-0.747267582015551, -0.10861801812213753, 0.40770247685356437, 0.7566016366639727, -0.502411766278255, 0.2503526752140463, -0.19077041526840927, 0.4718336543766006, 0.0053904146654515026, 0.031505420569337576, -0.48853711618563783, -0.009015778109975656], [-0.4363795535304734, -0.5917347515174274, -0.01765871276746364, -0.3445307365138768, 0.6068252601865135, 0.6301142074909798, 0.048205272994582826, 0.2424480973898611, -0.3538357599741412, 0.7524905832573985, 0.08853390137553133, 0.04165358165915531], [-0.20491186029259784, 0.2154612143706371, 0.5297182552217716, 0.11919583160924603, 0.19817107086959224, 0.2866428575522671, 0.4805403391706384, -0.5906791925612931, -0.5512888935991458, -0.30551167411561647, -0.5358722088826783, -0.07627344948846466]], "inverted": false, "swapped": true, "error_lsq": 0.06177477145015305, "error_max": 0.362732725855961, "target": "933.xyz", "model": "11.xyz", "model_rescale": 3.6694154284099745, "target_rescale": 3.9221648405046152},
{"mapping": [5, 6, 10, 12, 0, 4, 1, 9, 2, 3, 11, 8, 13], "R": [[0.45328696505871874, -0.8860713510042593, 0.0969973620122877], [-0.6207948832112908, -0.23573042507033506, 0.7476930384020164], [-0.6396441512954963, -0.39913497419500343, -0.6569220898156937]], "T": [-0.04661684594619601, -0.0919737603721354, -0.04462885005086653], "aligned_model": [[-0.3676051387543279, -0.6033445712395131, 0.4268111117091507, 0.38256774452659803, -0.3277626160065244, -0.373088712449366, 0.33608208265927036, 0.01658383784264115, 0.5486389599567091, 0.17686448260869914, -0.4837965341668706, 0.24730580810632677, -0.07183302022681529], [-0.5331202746301049, -0.15797366796261844, -0.5027043480692037, -0.24859233013979842, 0.24612516529067763, 0.5661950684334656, 0.5899436675707632, -0.5249536218870778, 0.16013778190867062, 0.6756784544397674, -0.032810092135307445, 0.11838174202012347, -0.0033271739730779543], [-0.6336339954569536, -0.1191478781003956, 0.05878846256530296, -0.5476593771276241, -0.6079973234928004, 0.04430125126973361, -0.368671510226239, 0.628587593584621, 0.04715278852675556, 0.2747691359869927, 0.5473189765986708, 0.6201702830405593, -0.12474097805250418]], "inverted": true, "swapped": false, "error_lsq": 0.03372297988621119, "error_max": 0.1781430248094484, "target": "933.xyz", "model": "12.xyz", "model_rescale": 3.9764082729961374, "target_rescale": 3.9221648405046152},
{"mapping": [5, 9, 7, 4, 6, 13, 14, 2, 3, 11, 1, 8, 15], "R": [[0.5888376617322609, -0.8039958473580529, -0.08283046273376796], [-0.14679102116795262, -0.005602257510995051, -0.9891516621910162], [0.7948097912269031, 0.594608520071641, -0.12131819166167829]], "T": [-0.13648254506048782, 0.020080573485372046, -0.005095622653869338], "aligned_model": [[-0.5470390799751282, -0.5704315101225638, 0.4289138317470095, 0.16682407949165287, -0.08824083131195926, -0.35429255559926276, 0.2647390010546623, 0.03543222991746314, 0.6673667230953649, 0.1536710304170628, -0.43595593042074665, 0.2275089056382993, -0.04107245936587593], [-0.3746862186237979, -0.39604933638361933, -0.47959342188330306, -0.36894798804079376, 0.3150190561953105, 0.5654857057293287, 0.6526655009098971, -0.4984038459272142, 0.22758233363108107, 0.6818700211491616, -0.11263053824418237, 0.12681351872429486, 0.013855583630116346], [-0.6202593547784455, -0.009924737645289988, 0.03597181418177699, -0.5271354598300152, -0.7081908040984558, -0.17706244276155716, -0.283781144529955, 0.576177747523015, 0.13351469779646327, 0.32413124190590537, 0.538987119716597, 0.5913699160550878, -0.054561164419008074]], "inverted": true, "swapped": false, "error_lsq": 0.05978077055953717, "error_max": 0.37288877530311465, "target": "933.xyz", "model": "13.xyz", "model_rescale": 4.170626492500431, "target_rescale": 3.9221648405046152},
{"mapping": [9, 1, 10, 11, 3, 2, 5, 7, 12, 4, 0, 8, 13], "R": [[-0.25088998864974876, -0.7626354229095547, -0.596189085206106], [0.32404705755979213, -0.6465219241743528, 0.6906539698349189], [-0.9121664969084151, -0.019915152157516214, 0.4093356430026259]], "T": [-0.06325750207689217, 0.10417121380582972, -0.017375048130779995], "aligned_model": [[-0.08997900879323133, -0.6332682443372413, 0.2744790749392353, 0.19498956119621497, -0.4948872848230051, -0.462502745685509, 0.6236527484490035, -0.16858130140600014, 0.662865591112353, 0.20688425430152452, -0.513131527401218, 0.31951173625941764, -0.012609419245565509], [-0.5854052665037753, -0.4107681581202428, -0.34564693908156546, -0.015263943343971131, 0.17113908349419887, 0.6171543019146093, 0.4958959368530607, -0.48373565515723826, 0.1331852737677245, 0.6104455562457441, 0.056365441764777535, -0.019064428770437347, 0.12867916780339492], [-0.441729472340666, -0.04457186492124163, 0.026510471727488917, -0.6644479564483539, -0.5509335168161045, 0.08452565847432969, -0.46673668137537305, 0.5309881650862733, 0.06985773841179843, 0.3994856627077889, 0.37145187483871955, 0.6070102330756073, -0.10217288330414809]], "inverted": true, "swapped": false, "error_lsq": 0.04880435434172045, "error_max": 0.2884495131710995, "target": "933.xyz", "model": "14.xyz", "model_rescale": 3.9786697098870705, "target_rescale": 3.9221648405046152},
{"mapping": [4, 5, 0, 3, 1, 7, 9, 11, 2, 8, 10, 12], "R": [[-0.42568465726379556, 0.851142087574513, 0.30716399419447793], [0.5382353769177377, 0.5110454870408845, -0.6701754913523519], [-0.7273893397654561, -0.11995689615209909, -0.6756590053134264]], "T": [0.042863321129346973, -0.04429737914592638, 0.0008381075126527859], "aligned_model": [[-0.10884221427549275, -0.6841833644841696, 0.6509882858400753, 0.5358251427594453, 0.06495852414711807, 0.3258921246650786, -0.452577166447657, -0.14204772967876322, 0.5059272061793441, 0.15375787851839856, -0.40660188492552113, 0.040257794469480364], [-0.28733675508722867, -0.0934857803958922, 0.041284264230061735, -0.5333042035336372, 0.3524400592500365, 0.6439360579832294, -0.3056708688653935, 0.1962416128891904, -0.027333062876034736, -0.44579128416226854, 0.5220996513003192, -0.04840520050794305], [-0.630292747894004, -0.17633273801953345, -0.7194578968131118, -0.20437773985364413, -0.6110073040790331, 0.19805493946349476, 0.37919071014160943, 0.5925494426307708, 0.27482838692682865, 0.5313353387726489, 0.10536905988677525, -0.07989295728897165]], "inverted": true, "swapped": true, "error_lsq": 0.052020631864712896, "error_max": 0.33637770662737015, "target": "933.xyz", "model": "15.xyz", "model_rescale": 3.769337070930944, "target_rescale": 3.9221648405046152},
{"mapping": [3, 0, 8, 2, 6, 4, 9, 1, 11, 7, 12], "R": [[0.4330465816598608, -0.8989440208793378, -0.06610828569852635], [-0.7680341008816296, -0.32960458377877655, -0.5490759858480119], [0.47179898049450697, 0.28854889651029314, -0.8331538011237996]], "T": [0.05779937421924141, 0.05571863127704267, 0.062215557194931714], "aligned_model": [[-0.29791027143124565, -0.4304806069552816, -0.06286688705012594, -0.43887816454679424, 0.41571886255986995, 0.3517108089638773, 0.5243607165055015, 0.06357950076135829, 0.09719125899833245, -0.37399110385645057, 0.0741920167421293], [-0.09886796222536327, -0.7350310680172483, 0.6421706967030799, 0.26102594523195727, 0.45403425819791454, -0.48544409891475315, 0.538877950194089, -0.624816656814957, 0.6003647298002611, 0.06507851889663756, -0.021327815426275765], [-0.5491977310098735, -0.11740653856507394, -0.24832574335479313, 0.031442968751786746, -0.6125577637621384, -0.2558533541347614, -0.013979299602859124, 0.32504993946993466, 0.4416655727233047, 0.6995023230744057, 0.043877233633844784]], "inverted": true, "swapped": true, "error_lsq": 0.048379716454036964, "error_max": 0.24625189887248902, "target": "933.xyz", "model": "16.xyz", "model_rescale": 3.7852294659196426, "target_rescale": 3.9221648405046152},
{"mapping": [9, 10, 11, 8, 0, 4, 3, 6, 2, 1, 5, 7, 12], "R": [[-0.5913996254856264, 0.533129264395269, -0.6049955953730743], [0.5398908928836075, 0.8190699461379451, 0.19401610014358345], [0.5989693704663055, -0.2118905632135218, -0.7722292939692553]], "T": [0.030960988226387022, 0.07764150774258771, -0.0405933045107065], "aligned_model": [[-0.2044051635871471, -0.6067477745002186, 0.3848582335212154, 0.3334111649603987, -0.31563013330388145, -0.5664744801751131, 0.3298961864821136, -0.2799179773983054, 0.6228977124257464, 0.20266045558469412, -0.2760672125565774, 0.2859999124982162, -0.003057489385162787], [-0.48887140777058746, -0.4124220969362421, -0.5620861246425527, -0.1689963853762612, 0.30191468813355116, 0.4522824280310744, 0.698024591665703, -0.4503718769446492, 0.15930584099505643, 0.652162666118431, 0.3034802050713692, -0.12686441444056681, -0.004577743038046964], [-0.6496316256770287, 0.008602961506479295, 0.01803578868463851, -0.5620331874540138, -0.5840298608560031, 0.02650160610753796, -0.43840977926811353, 0.6012395165768678, 0.08990141664241244, 0.29807893488074755, 0.4950741084174999, 0.5795352951157801, -0.06362774556068626]], "inverted": true, "swapped": false, "error_lsq": 0.050387971884873636, "error_max": 0.26188807129508285, "target": "933.xyz", "model": "17.xyz", "model_rescale": 3.901054581598922, "target_rescale": 3.9221648405046152},
{"mapping": [5, 9, 4, 8, 13, 12, 0, 10, 1, 7, 11, 6, 14], "R": [[-0.1636650412957264, -0.7926383925124567, -0.5873143391514775], [0.6710520278133998, 0.3469383850805456, -0.6552273902434386], [0.7231202736925528, -0.5013562961337691, 0.4751199154969575]], "T": [0.014194745164518973, 0.03504503363767898, -0.10831600584067756], "aligned_model": [[-0.2598470166445495, -0.5921529483565873, 0.5215391487743873, 0.3957572175962942, -0.5466689064476019, -0.48261847970344224, 0.4443610647864471, -0.17229459147499865, 0.6605174252783974, 0.15437578197878118, -0.40825526604558515, 0.22764357507094984, -0.03493357024651403], [-0.34799123371103424, -0.22020169461575145, -0.5284024410951995, -0.3478370247223026, 0.15948470443381596, 0.5547876834211384, 0.5850279437045132, -0.645478412972405, 0.22612810919990828, 0.599010168629623, 0.09635151250454345, 0.1714827552303705, 0.05061830085905894], [-0.5185237308724804, -0.07115145805858004, 0.1168563042969087, -0.4933220592445783, -0.5526682658023494, 0.07881844226970082, -0.4049306625871488, 0.309491741888521, 0.06899671462778949, 0.21101082865407794, 0.5658564443560102, 0.5984725696246531, -0.08966944003640576]], "inverted": false, "swapped": false, "error_lsq": 0.04353538128897275, "error_max": 0.31938037372376304, "target": "933.xyz", "model": "18.xyz", "model_rescale": 3.9405287249114394, "target_rescale": 3.9221648405046152},
{"mapping": [4, 7, 1, 12, 13, 11, 14, 6, 3, 10, 5, 2, 15], "R": [[-0.13778728645195315, 0.9498819721624246, -0.2806045307065276], [-0.7413721562783769, -0.2867767182986305, -0.6067342414410267], [-0.6567967642942203, 0.12443212126573715, 0.7437302317439783]], "T": [-0.07939069407954291, -0.06885275826767712, -0.09933212585080005], "aligned_model": [[-0.21361891456443097, -0.7196232100605456, 0.43471841749239326, 0.2663371185475357, -0.3522313358138611, -0.326740299784775, 0.22798529404241186, -0.04511170580894519, 0.7526079138604137, 0.27533100963262214, -0.48289708458678693, 0.15747938552819032, -0.06681315391824375], [-0.6212470190580494, -0.2702865426024341, -0.3974676624256135, -0.13849056697368528, 0.35077102948072325, 0.5910323717672739, 0.5707069090280475, -0.453205364846025, 0.1132429018404639, 0.5374746049149625, 0.016254946321618835, 0.1051010984706674, -0.05090633505167101], [-0.5592325434276892, -0.311822843178773, 0.15211069099514501, -0.5185718155082965, -0.5474433914374376, 0.050944251587699454, -0.40952947588915817, 0.5404971329142192, -0.10626623211765625, 0.2534336300241896, 0.6226110257880422, 0.7185663422523799, -0.06605934288654615]], "inverted": true, "swapped": false, "error_lsq": 0.04092442636041102, "error_max": 0.2687106962289974, "target": "933.xyz", "model": "19.xyz", "model_rescale": 4.410303926677745, "target_rescale": 3.9221648405046152},
{"mapping": [2, 1, 6, 4, 7, 8, 12, 3, 11, 9, 5, 10, 13], "R": [[0.22815231517282666, -0.9041551249690833, -0.361178669183855], [-0.511247249046815, 0.20445123000497115, -0.8347610106440756], [0.8285968690644101, 0.3751042582290899, -0.41560079888645685]], "T": [-0.035164116340596054, -0.09602893901309906, -0.03608735916389767], "aligned_model": [[-0.13255733998567465, -0.7646870156233792, 0.40725894048266964, 0.4832017381726284, -0.42194822981527713, -0.40350052074890536, 0.19558063662113798, -0.0749848020138871, 0.759383398351101, 0.18676255319704002, -0.43959770688715144, 0.16982961726085982, -0.05731783444518361], [-0.3961861023004965, -0.14160046092340756, -0.46078978338950816, -0.2634232975453934, 0.24678676707436514, 0.5525538329631761, 0.46864691529447233, -0.6299827548780238, 0.13657646364685844, 0.5384947846458751, 0.09764201778987369, 0.23672361859612578, -0.03246163010763771], [-0.618349297701335, -0.20590922755903462, 0.05176016999603382, -0.48147411763363296, -0.52570823921812, 0.15026247982291346, -0.4817026369890774, 0.45306530741188816, 0.0054132196793754, 0.11218578152752014, 0.6696007832170146, 0.6866763073245933, 0.003416899237979887]], "inverted": true, "swapped": false, "error_lsq": 0.04991951997515583, "error_max": 0.36495482316849087, "target": "933.xyz", "model": "20.xyz", "model_rescale": 4.121658175737393, "target_rescale": 3.9221648405046152},
{"mapping": [0, 5, 2, 3, 7, 9, 11, 1, 4, 10, 8, 6, 12], "R": [[0.6662225923523322, 0.727015688001404, 0.1661193752672571], [0.06176813029626915, 0.16819403974913477, -0.983816783284657], [-0.7431905243738256, 0.6657018509758793, 0.06714826943597726]], "T": [-0.031325404367561094, 0.05691599065395136, 0.05806692664305235], "aligned_model": [[-0.23930139017266586, -0.6374298050949527, 0.6033200042851299, 0.16381748305319443, -0.26083964109175056, -0.27915173684180516, 0.2432395884962888, 0.0004077058964739172, 0.5125433627758043, 0.4000178694235077, -0.5693743213460609, 0.04264675716203575, -0.07247244197922058], [-0.7319331742531702, -0.2154980145250573, -0.32724718829873056, -0.2650014730537086, 0.21954000272926422, 0.7338424503588272, 0.6657560669110547, -0.6186525215942862, 0.1516937971993611, 0.576025621230618, 0.1471442312169207, 0.0033915861471631933, 0.013918986798023274], [-0.5090545020231801, -0.09137066965709192, 0.21886335515484034, -0.5258244185549199, -0.564584424864856, 0.112980970970805, -0.5150795026207943, 0.21610192582081722, -0.09799566797626821, 0.44939953870695, 0.45311797424280925, 0.7017187886872343, -0.02903593877022649]], "inverted": false, "swapped": false, "error_lsq": 0.06008776774331752, "error_max": 0.3143905305758966, "target": "933.xyz", "model": "21.xyz", "model_rescale": 4.08911054899281, "target_rescale": 3.9221648405046152},
{"mapping": [0, 4, 8, 6, 13, 14, 10, 1, 5, 9, 15, 11, 16], "R": [[0.42553604318183363, -0.7812813756372097, 0.45663824635654193], [-0.736353903680768, -0.5922608604041593, -0.32712383246626836], [0.5260247185135343, -0.197044373976407, -0.8273279338913941]], "T": [-0.09063164267968461, 0.06685926787032127, -0.03977959399825855], "aligned_model": [[-0.21440812289500022, -0.6842746872391992, 0.4326109904918861, 0.3916600650397996, -0.49471562692030385, -0.44069314745455523, 0.4699788180116615, -0.10982261400386385, 0.5524012457274641, 0.1823212631024297, -0.33555048784320163, 0.27291014748031145, -0.11499440893144992], [-0.5386062889297063, -0.22016033767711246, -0.3506594085368355, -0.3054213357782208, 0.23981119992559052, 0.5708893948580608, 0.47329160583497176, -0.627504754006989, 0.31312956389635016, 0.7057684075749251, 0.12628175388826052, -0.08301838981646338, 0.049178959633447344], [-0.5068665673272249, -0.2667154165236251, 0.140933769489255, -0.4691582024121728, -0.5332709605963122, 0.14792538705056685, -0.4541032298615307, 0.34426297266335537, 0.11380653711447981, 0.11782571679278576, 0.6443188969614791, 0.6169296908394357, -0.07665116507437299]], "inverted": true, "swapped": false, "error_lsq": 0.043261877606073806, "error_max": 0.22014627830038233, "target": "933.xyz", "model": "22.xyz", "model_rescale": 4.204369325754507, "target_rescale": 3.9221648405046152},
{"mapping": [4, 7, 1, 12, 13, 11, 14, 6, 3, 10, 5, 2, 15], "R": [[-0.13778728645195315, 0.9498819721624246, -0.2806045307065276], [-0.7413721562783769, -0.2867767182986305, -0.6067342414410267], [-0.6567967642942203, 0.12443212126573715, 0.7437302317439783]], "T": [-0.07939069407954291, -0.06885275826767712, -0.09933212585080005], "aligned_model": [[-0.21361891456443097, -0.7196232100605456, 0.43471841749239326, 0.2663371185475357, -0.3522313358138611, -0.326740299784775, 0.22798529404241186, -0.04511170580894519, 0.7526079138604137, 0.27533100963262214, -0.48289708458678693, 0.15747938552819032, -0.06681315391824375], [-0.6212470190580494, -0.2702865426024341, -0.3974676624256135, -0.13849056697368528, 0.35077102948072325, 0.5910323717672739, 0.5707069090280475, -0.453205364846025, 0.1132429018404639, 0.5374746049149625, 0.016254946321618835, 0.1051010984706674, -0.05090633505167101], [-0.5592325434276892, -0.311822843178773, 0.15211069099514501, -0.5185718155082965, -0.5474433914374376, 0.050944251587699454, -0.40952947588915817, 0.5404971329142192, -0.10626623211765625, 0.2534336300241896, 0.6226110257880422, 0.7185663422523799, -0.06605934288654615]], "inverted": true, "swapped": false, "error_lsq": 0.04092442636041102, "error_max": 0.2687106962289974, "target": "933.xyz", "model": "23.xyz", "model_rescale": 4.410303926677745, "target_rescale": 3.9221648405046152},
{"mapping": [2, 0, 10, 4, 5, 13, 15, 1, 9, 14, 7, 11, 16], "R": [[-0.44127207990472916, 0.5683265189598345, -0.6944666437947549], [0.1463455011611058, -0.7179516387623419, -0.6805354059035961], [-0.8853597832443367, -0.40193334303770356, 0.23363998366734373]], "T": [0.000760512227239705, 0.08396461301595598, -0.011604338050937184], "aligned_model": [[-0.360213935971235, -0.6364840876377386, 0.49462189540435997, 0.1832110129794798, -0.1727646520366204, -0.40604619205658904, 0.3683263630558084, -0.14396170721180696, 0.6045530944973435, 0.21499201955505537, -0.4643468735371036, 0.24933605988214805, -0.023799562357122744], [-0.5051470190643674, -0.2975029201151813, -0.3281451375359334, -0.31425736559944123, 0.18203360305723904, 0.6069162114757516, 0.5741382829600727, -0.5788931868419205, 0.23766140253181667, 0.6845598965134734, 0.006265341295017324, 0.11889463506437382, -0.033543372874622], [-0.6078751522569017, -0.1486723948546132, 0.08864751471027524, -0.5426556006556363, -0.6081556971034628, 0.22337769285187642, -0.3775815360195204, 0.5137625489323869, 0.05344793413459915, 0.2154202348992701, 0.45697739394871273, 0.5695252320782398, -0.0169807415491071]], "inverted": true, "swapped": false, "error_lsq": 0.036352421285858146, "error_max": 0.22964681140959364, "target": "933.xyz", "model": "24.xyz", "model_rescale": 4.28219845311461, "target_rescale": 3.9221648405046152},
{"mapping": [4, 13, 1, 0, 2, 14, 6, 9, 8, 10, 12, 11, 15], "R": [[0.8789367018585919, 0.3389396503500214, 0.3355446133475343], [0.4630719519484966, -0.7748751181368836, -0.43027075035489026], [0.11416935422673774, 0.533562053291795, -0.8380196261678444]], "T": [-0.03187641237921621, -0.13672464963109648, 0.039995439059248336], "aligned_model": [[-0.11547030329435351, -0.6239003691974998, 0.5332697212999882, 0.23493926150808683, -0.3473482585988319, -0.2908931191620222, 0.3611335008804202, -0.1367116999142321, 0.6022047510988721, 0.27987103080710385, -0.5540871800007908, -0.023284401589802772, -0.012299499270959635], [-0.5902390917697511, -0.1623017406546377, -0.39814205373574, -0.06349340949274734, 0.19002827244557063, 0.5780280085457687, 0.5316815148540124, -0.5294389182519343, 0.13978364534958693, 0.5498557077855324, 0.11678551791344832, 0.12375929674910591, -0.1333263788719355], [-0.5274420334423879, -0.0020747868137028086, -0.10882723147621655, -0.7274684061293508, -0.4723424050876252, 0.08672453204342988, -0.4193231239435769, 0.5800498340861941, 0.09856418377836651, 0.28723168903955487, 0.537437304370811, 0.5180658964997651, -0.031358023809142516]], "inverted": true, "swapped": false, "error_lsq": 0.046801032670861546, "error_max": 0.2656242647727085, "target": "933.xyz", "model": "25.xyz", "model_rescale": 4.100010024507729, "target_rescale": 3.9221648405046152},
{"mapping": [0, 3, 8, 6, 7, 11, 2, 5, 4, 10, 1, 12], "R": [[0.3368064588948565, 0.9371793337861685, 0.0908642150179092], [-0.23517900690503343, -0.009711529885070902, 0.971903555348191], [0.9117303570452558, -0.3487127507152626, 0.2171339990207096]], "T": [0.02055525121490792, 0.0829620686039528, -0.013342289317052211], "aligned_model": [[-0.747267582015551, -0.10861801812213753, 0.40770247685356437, 0.7566016366639727, -0.502411766278255, 0.2503526752140463, -0.19077041526840927, 0.4718336543766006, 0.0053904146654515026, 0.031505420569337576, -0.48853711618563783, -0.009015778109975656], [-0.4363795535304734, -0.5917347515174274, -0.01765871276746364, -0.3445307365138768, 0.6068252601865135, 0.6301142074909798, 0.048205272994582826, 0.2424480973898611, -0.3538357599741412, 0.7524905832573985, 0.08853390137553133, 0.04165358165915531], [-0.20491186029259784, 0.2154612143706371, 0.5297182552217716, 0.11919583160924603, 0.19817107086959224, 0.2866428575522671, 0.4805403391706384, -0.5906791925612931, -0.5512888935991458, -0.30551167411561647, -0.5358722088826783, -0.07627344948846466]], "inverted": false, "swapped": true, "error_lsq": 0.06177477145015305, "error_max": 0.362732725855961, "target": "933.xyz", "model": "26.xyz", "model_rescale": 3.6694154284099745, "target_rescale": 3.9221648405046152},
{"mapping": [4, 10, 2, 0, 8, 7, 1, 11, 6, 3, 9, 12, 13], "R": [[-0.0288527863577849, -0.9267657729604055, -0.37452999718112545], [0.6395836896970777, 0.27082951928444454, -0.7194331625367494], [0.7681798100658883, -0.2603009288367187, 0.5849300862956848]], "T": [-0.07104069367475017, 0.06677409572244242, -0.09743852502240052], "aligned_model": [[-0.2750347845727987, -0.4485303959011283, 0.3497859744855943, 0.3142262539767836, -0.6577637116427135, -0.22627945543677652, 0.6007323425443302, -0.05404989995498087, 0.5671277511533868, 0.042242377845963144, -0.5111344538779253, 0.24160063826538591, -0.035499202319142054], [-0.5077445641491565, -0.39674701010875696, -0.46375622058790933, -0.11001060297135098, 0.0890173906678249, 0.6766009669300325, 0.5386596821316787, -0.5167832546647602, 0.1902319984467837, 0.6747699410999042, 0.17396198692427767, -0.017253920239991033, 0.022033977387702408], [-0.6486601596004955, -0.03005581912022534, -0.03767110041681593, -0.6046366051529906, -0.3496656616405423, -0.1092976446439356, -0.42254102400381116, 0.5313282051590171, 0.12321870709323973, 0.4225030275045359, 0.41216109593535327, 0.6270802831900322, -0.09452587518724313]], "inverted": false, "swapped": false, "error_lsq": 0.05366083254392773, "error_max": 0.3395564421802317, "target": "933.xyz", "model": "27.xyz", "model_rescale": 4.103607728864725, "target_rescale": 3.9221648405046152},
{"mapping": [11, 13, 7, 6, 10, 3, 9, 4, 5, 0, 2, 1, 14], "R": [[0.46438732439248237, -0.8799324122111033, -0.1003163141465061], [0.7626888094314391, 0.3397717019378748, 0.5503280571897945], [-0.45016685008077295, -0.33207550421943066, 0.8289002754166304]], "T": [-0.1210270838421352, 0.0027066564567818363, -0.13557981389090135], "aligned_model": [[-0.09548958013263176, -0.5738640928417476, 0.4484375595500688, 0.3035337522127449, -0.2770172267630375, -0.4040760900182254, 0.33691099242989153, -0.4072630188092137, 0.6032014778257238, 0.1646408045897841, -0.4342383423605275, 0.31934534400916414, -0.07669814512601517], [-0.5405697506153463, -0.4570802449077579, -0.41702045005920874, -0.06553372436026786, 0.26268386004157673, 0.6405095415366362, 0.584005975915751, -0.46293558259298506, 0.10355378226756945, 0.49317812686610185, 0.14697893028537037, 0.022639957283853512, 0.042569949204986184], [-0.5554128936766345, -0.07720874599266025, 0.0044931012115106694, -0.6007234581194286, -0.5452799545224354, 0.14122624177506576, -0.4855908787871499, 0.5875077201468245, -0.11405638335401579, 0.29745983234834855, 0.5143470472048182, 0.6445071174067318, 0.007968683475143817]], "inverted": true, "swapped": false, "error_lsq": 0.048213645036857176, "error_max": 0.3287763850882271, "target": "933.xyz", "model": "28.xyz", "model_rescale": 4.137296879288765, "target_rescale": 3.9221648405046152},
