[{"mapping": [5, 4, 2, 11, 10, 3, 1, 0, 12, 7, 9, 13], "R": [[-0.5871372476791037, -0.37379544585512453, 0.7180158891318323], [-0.11357411023333333, 0.9162662625595588, 0.38413156285294325], [-0.8014803639968443, 0.14398993281860606, -0.580427536712706]], "T": [-0.09417367841877211, -0.09100602571927957, 0.10319479523525515], "aligned_model": [[-0.11766145611784262, -0.0036438462905064445, 0.5857642946738986, -0.11335474244116328, -0.28196311511382033, -0.5336179923303124, 0.507015759415325, -0.29020521236527375, 0.40449536651134915, 0.30686310710233866, -0.5911873503196916, -0.03486235026375199], [-0.319247564943518, -0.6949480758425528, -0.46253429168996035, 0.6714489513371844, 0.4520100762815717, -0.47242520358768264, -0.306292490876507, -0.664792192104241, 0.273163139269982, 0.4729110675096215, 0.1882486456619326, -0.08398702503877287], [-0.5871090747480623, 0.10702154461343215, -0.4779351093677749, -0.08798646731521537, -0.6088147455061099, -0.017862220084122526, 0.3312879157868617, 0.6573228828383146, 0.0076923777546850924, 0.5767015941246998, 0.2838928636553436, -0.002259816398489503]], "inverted": false, "swapped": true, "error_lsq": 0.05138352056474874, "error_max": 0.2542222550800983, "target": "934.xyz", "model": "0.xyz", "model_rescale": 3.751011558992144, "target_rescale": 3.9970319238637724},
{"mapping": [13, 8, 4, 9, 5, 10, 3, 0, 11, 12, 6, 7, 1, 14], "R": [[-0.4119086353654241, 0.16851680363129984, -0.8955073215810602], [-0.9111958986711886, -0.06829908796807732, 0.4062724071697884], [0.00730139412712455, 0.9833297114786165, 0.1816848044476522]], "T": [-0.013123358036009343, -0.052922963265368224, 0.0798623901833404], "aligned_model": [[-0.16009747180072997, -0.358363960669438, 0.14331238900149407, 0.3898278535354114, -0.07722755481381863, 0.6611216890297107, -0.4635098953200218, -0.6533604550392985, 0.7031126187783661, 0.1747873085041158, 0.40937346729851154, -0.027616251604770055, -0.23753110361365914, 0.018784605684883063], [-0.1523781700593763, -0.5507325111692483, -0.4456671736665215, -0.288379385923568, -0.5849199120586283, -0.4925679612827724, 0.36654093603777355, 0.3299816434356562, 0.27840140382300205, 0.4787654154217939, 0.3826737194712022, 0.598197137931684, 0.21868762322929236, -0.03257371461660838], [-0.6244170075170431, 0.3508104155478272, 0.7483336402420105, -0.3853044782159699, -0.24100509870538112, 0.23657754693112454, -0.37247365052919856, 0.21764860243776055, -0.038295039616585175, -0.40384429102612357, 0.5219910002520487, 0.20439990923036994, 0.6811563303362572, 0.04021894969207313]], "inverted": true, "swapped": false, "error_lsq": 0.047983353708101674, "error_max": 0.2598737599055959, "target": "934.xyz", "model": "1.xyz", "model_rescale": 3.9405287249114394, "target_rescale": 3.9970319238637724},
{"mapping": [11, 10, 12, 3, 5, 7, 9, 8, 4, 1, 0, 6, 13], "R": [[-0.9508836178785017, 0.18765990143072914, 0.24617901341361498], [-0.262971505047587, -0.9092637359336849, -0.3226227612071497], [0.16329829387748884, -0.37151476405511485, 0.9139531975466654]], "T": [-0.0529305081137211, -0.11113441191644541, 0.009274195385090254], "aligned_model": [[-0.20217149804059578, 0.3287034111807765, -0.4591680541446367, 0.46033878623615576, 0.49427148775179286, -0.8367784121522269, 0.05618201743285048, 0.5499875595592724, 0.11058270873988132, -0.519447357820569, -0.06580282323122993, -0.39386816983016915, -0.026846376397370798], [0.6519088182498025, 0.6318425701658703, 0.12106273632067682, -0.31703664399544906, -0.1322084685653443, 0.17992553211748757, 0.23005433951303594, 0.33386478877554077, -0.6959017975713719, -0.5295606646160639, -0.7396676564306548, -0.18341453326671817, -0.09203642712479504], [-0.1079773983298811, -0.36412867205562316, -0.40481063818220675, 0.22700246074237576, -0.469569378968573, 0.0717902116111157, 0.48817110093184257, 0.078537655822523, -0.05604675846256352, -0.24973347607947213, 0.5379490752032539, 0.4694637706829029, -0.10752760332705003]], "inverted": true, "swapped": true, "error_lsq": 0.051469482517150514, "error_max": 0.30823764043952356, "target": "934.xyz", "model": "2.xyz", "model_rescale": 3.932901565614263, "target_rescale": 3.9970319238637724},
{"mapping": [4, 6, 12, 7, 5, 9, 0, 1, 8, 3, 8, 11, 10, 13], "R": [[0.586093288409943, -0.301769843137673, -0.7519505429571044], [-0.138807730612191, -0.9517306653826928, 0.27375382096422085], [-0.7982650381941535, -0.056068728743226444, -0.5996909424478627]], "T": [-0.027234780826308133, 0.05801623553612062, 0.011686840045754078], "aligned_model": [[-0.310463815122869, -0.45111366320952784, 0.02767071441479864, 0.4512479780278123, 0.07921109284614118, 0.579395599032435, -0.3622407638981798, -0.6727396899014516, 0.6226813825005997, 0.1042807752289008, 0.6226813825005997, 0.1767579781749869, -0.3071074348046031, -0.03764829681888605], [-0.44600929243114346, -0.43039632911802134, -0.4524182585746875, -0.1981924907061775, -0.6524178199575799, -0.31112530212169204, 0.270835868539564, 0.41445115508894276, 0.387360072288923, 0.5049714245039849, 0.387360072288923, 0.6298088503359245, 0.031300600694947715, -0.029499500258226924], [-0.6432681094175918, 0.23185068912019857, 0.5769936805967132, -0.4521599939671464, 0.0391170137154501, 0.20017303794074087, -0.5281549184884813, 0.08272331937445995, 0.10072808538343256, -0.1971676443480672, 0.10072808538343256, 0.6667813815455833, 0.6705517827399388, 0.0869004194805075]], "inverted": true, "swapped": false, "error_lsq": 0.05330011793738358, "error_max": 0.3940790665443477, "target": "934.xyz", "model": "3.xyz", "model_rescale": 3.9243930471874484, "target_rescale": 3.9970319238637724},
{"mapping": [8, 9, 10, 5, 12, 3, 4, 11, 7, 6, 1, 0, 13], "R": [[0.015545616910648652, 0.07241078736635248, 0.997253734847783], [-0.8336470688842902, 0.5516342752944616, -0.027059025499561296], [-0.5520787066492414, -0.8309370037453737, 0.06894053576207423]], "T": [-0.002948166892431773, -0.07330308081269486, -0.02693797884905881], "aligned_model": [[-0.03739824967481788, -0.3207935237472993, 0.5260516298485891, 0.2798838499240546, 0.5545695110733166, -0.4021318967749423, -0.21398417341217554, 0.436381943800406, 0.24709466588149492, -0.35618851485914704, 0.17690382914558542, -0.7149549912449406, 0.10177180635122829], [-0.46253453954260476, 0.09817530863059694, -0.34608386147291803, -0.7410012247831114, 0.2001306218042378, -0.5065809759531071, -0.4026599277185033, 0.22535284565627106, 0.7264864690948537, 0.37854282509221837, 0.1324531954863793, -0.040443834969498715, -0.13400734764322694], [-0.6700895746848181, -0.5036213586255633, -0.7218040137245084, -0.08482189409859066, 0.04247929475055147, -0.10548293803047075, 0.44204407386888933, -0.606635720632808, 0.002335517840578394, 0.038589757394402666, 0.5936432714081669, 0.38133082542683144, -0.02089692552169688]], "inverted": false, "swapped": true, "error_lsq": 0.04849002086931981, "error_max": 0.26462183660857036, "target": "934.xyz", "model": "4.xyz", "model_rescale": 3.8936222436046832, "target_rescale": 3.9970319238637724},
{"mapping": [10, 5, 8, 11, 3, 4, 1, 6, 7, 12, 9, 13], "R": [[-0.5389270147744133, 0.7733705592452763, 0.33384974290687786], [-0.12591265325739323, 0.3179171111589963, -0.9397205511118729], [-0.8328887539737964, -0.5484766982515916, -0.07395698059689637]], "T": [-0.1511982825125755, 0.0221523300611309, 0.07396087025418999], "aligned_model": [[0.03745281983947643, -0.6037221516094151, -0.29457334217732417, 0.46159060948534947, -0.6534031413739583, -0.6680631069787565, -0.10426748802421243, 0.08495597577565803, 0.6278333061893121, 0.27563883950458223, 0.03001998034186021, -0.16591425875747517], [-0.3655835933699261, -0.4260871777419965, 0.10155588295606294, -0.138591173404323, 0.2757301425807112, -0.006902324539260932, -0.24069580791331338, 0.4669073079062917, 0.030049761864040538, -0.4229787538062239, 0.4894265783006256, -0.09390793772288117], [-0.7329843329260465, -0.27742040469464924, -0.6605257395275013, -0.3917719719882302, -0.11770359689304144, 0.3979406145263802, 0.6972680423436822, 0.35620460589088265, 0.38394327999206324, 0.1743555827061532, -0.2523400209729876, 0.04231866081881224]], "inverted": false, "swapped": true, "error_lsq": 0.04849978861113639, "error_max": 0.26581379034180047, "target": "934.xyz", "model": "5.xyz", "model_rescale": 3.6523030999806103, "target_rescale": 3.9970319238637724},
{"mapping": [2, 5, 10, 12, 11, 4, 8, 1, 3, 6, 9, 7, 13], "R": [[0.5181588182572089, -0.4118706248108975, -0.749582568820923], [-0.5153032013737242, -0.8498231601770134, 0.11073936554245477], [-0.6826229191261335, 0.32888171862333004, -0.6525816159217794]], "T": [-0.009371726268632766, -0.08400134424161249, -0.0819676164394621], "aligned_model": [[0.1667400627963262, -0.21811012672115976, 0.22643480588103537, 0.5939018809501249, 0.5220144001190987, -0.38424912426431695, -0.28165378473791775, 0.2576497584696699, -0.5929204638948413, 0.007263875841103315, -0.14218979085415206, 0.6938227619617339, 0.032378649117590606], [-0.6799732291206182, -0.06596353359017514, 0.5765207528844549, -0.16455369834320838, 0.4893365900762759, -0.5574452465645838, 0.5430190779260708, -0.7021795958757411, -0.0075576211457531045, -0.11590139060238652, 0.41209198173445827, -0.0896912669556313, -0.09687591625997917], [0.6609072154660085, 0.6146443461380251, 0.50556517777453, 0.05939355901931673, 0.002697477668642506, 0.008994475930161616, 0.23273825054620412, -0.16170875877430463, 0.0009415100010620736, -0.6581125583737788, -0.3884122723190701, -0.5386149819999222, 0.03107629840491452]], "inverted": true, "swapped": true, "error_lsq": 0.050293438503304394, "error_max": 0.30319143432232265, "target": "934.xyz", "model": "6.xyz", "model_rescale": 4.08911054899281, "target_rescale": 3.9970319238637724},
{"mapping": [10, 4, 3, 11, 8, 9, 12, 7, 1, 13, 1, 2, 6, 14], "R": [[-0.019576604885441558, 0.8902866252287941, -0.45497964952279385], [-0.9996635514370421, -0.02517445664449757, -0.006247452355549077], [-0.017015888734939755, 0.45470426836723155, 0.8904799199640501]], "T": [-0.059621771955953765, -0.019556059165608645, 0.04676931087286746], "aligned_model": [[-0.20261390641041271, -0.5032871985401558, 0.029357040136410953, 0.28185132908575145, 0.041309648842744545, 0.6256799497164744, -0.2764491958771344, -0.6051698764664545, 0.5808864266063178, 0.038594925581966116, 0.5808864266063178, 0.03708870226606452, -0.2042828170642319, 0.09876178448709814], [-0.41561450088732327, -0.5173292926338567, -0.46544071820479055, -0.03446882029490582, -0.692104083898, -0.3854634751569335, 0.22364796095387568, 0.5037182970331767, 0.30758173653289106, 0.6335767324596966, 0.30758173653289106, 0.642332942521357, 0.06363282691453595, -0.06562229129893253], [-0.5380091589147166, 0.27531315130327133, 0.6946281520550479, -0.43041492375524615, -0.004621116339782079, 0.1517960746197705, -0.5871388771517259, 0.21365303790218967, 0.1905614144649475, -0.2689292149078271, 0.1905614144649475, 0.49697990261059966, 0.517190141315569, 0.034226831392125776]], "inverted": true, "swapped": false, "error_lsq": 0.053401987674140165, "error_max": 0.3379516125350365, "target": "934.xyz", "model": "7.xyz", "model_rescale": 3.964800864290218, "target_rescale": 3.9970319238637724},
{"mapping": [4, 2, 0, 11, 6, 3, 12, 7, 10, 9, 5, 8, 1, 13], "R": [[0.9115337760621895, 0.11539452109829779, -0.3947027737403186], [-0.38641801769545625, 0.5686814357191781, -0.7261422314317555], [0.1406673050076695, 0.8144234335828441, 0.5629628585732903]], "T": [0.026929276579515514, -0.05486763368748675, 0.095335874375506], "aligned_model": [[-0.25528410048715594, -0.523642901812052, -0.013947742685817978, 0.23621847869929, 0.26161156878965, 0.5482997278780679, -0.4089971630993995, -0.5783307450419317, 0.7355598694654033, 0.1526305500717885, 0.584794848337587, 0.042377796634476654, -0.3110001012790419, 0.05232315349989203], [-0.47196083751279805, -0.4113767713162058, -0.5861375041064942, -0.10298950077288148, -0.52377214033722, -0.43720815119664397, 0.29929479015670485, 0.2966148227751408, 0.32242264726029063, 0.48231004476110845, 0.39839110531781735, 0.7033973329805971, 0.11819649034294806, 0.01884672222131735], [-0.39607257502397714, 0.18687951928045432, 0.5741268168584399, -0.7052986491606479, -0.15277419906994294, 0.4238952706587059, -0.4098492936710651, 0.22561846717867157, -0.07967481025767364, -0.3163631156737932, 0.5224345073992402, 0.22124522652713213, 0.7426166756712818, 0.09901298834234466]], "inverted": true, "swapped": false, "error_lsq": 0.05056064301311807, "error_max": 0.3667650158728218, "target": "934.xyz", "model": "8.xyz", "model_rescale": 4.121658175737393, "target_rescale": 3.9970319238637724},
{"mapping": [5, 5, 10, 8, 2, 4, 12, 6, 11, 1, 3, 9, 13], "R": [[-0.21186959788157816, 0.9757789711601417, 0.0544671730049725], [0.6264501316322867, 0.17837459907295777, -0.7587771312997329], [-0.7501143286668968, -0.12664083799160836, -0.6490690195051635]], "T": [0.005453899340733967, -0.013456920226536672, 0.1558779376948816], "aligned_model": [[-0.39653763192067704, -0.39653763192067704, 0.3547328958666061, 0.16740567141382945, -0.642221015105128, -0.5788346432207979, 0.22046326878451405, 0.23960906410180227, 0.6720221771995142, -0.2541252910498323, -0.2980270044566729, 0.4180680398064137, -0.02928040306369708], [0.07984867255126406, 0.07984867255126406, 0.08791153928241634, 0.5202154179421998, -0.5844065744952045, 0.018042588106428132, -0.5709027450973733, 0.027798647704790003, -0.13965848549230586, -0.5675307240850522, 0.49721945794557887, 0.41114451115051387, -0.06914353865280921], [-0.44317313190864094, -0.44317313190864094, -0.6836561972131836, -0.34939166448865433, -0.2829780331890871, 0.3307235107849087, -0.02697673747255555, 0.6819071072874539, -0.24163391908733486, 0.44815235956596233, 0.13701864183453047, 0.2402624684795139, 0.05399416127481749]], "inverted": false, "swapped": true, "error_lsq": 0.053084544022427675, "error_max": 0.45747056596246927, "target": "934.xyz", "model": "9.xyz", "model_rescale": 3.833441315466971, "target_rescale": 3.9970319238637724},
{"mapping": [1, 5, 3, 12, 6, 7, 0, 13, 11, 10, 8, 8, 2, 14], "R": [[-0.6200052080552714, -0.7643154668190644, 0.17724392560958302], [-0.48674521753127054, 0.19751525374917112, -0.8509211583612412], [0.6153638234368151, -0.6138481829553267, -0.49448738415420457]], "T": [0.05610482906529299, -0.10112640545218775, 0.029443626671055156], "aligned_model": [[-0.31989350658624516, -0.5912465039521123, 0.12837795443682812, 0.3047233181699608, 0.13817215261066296, 0.6220264681488812, -0.40995330961485554, -0.6100761780734165, 0.6868494643960459, 0.18109235937725382, 0.3166953226733358, 0.3166953226733358, -0.31407861789966396, 0.07322899261074653], [-0.32718300910042925, -0.2706508047585223, -0.5223095581593402, -0.16295855551096577, -0.7084788897214773, -0.22457042768580227, 0.19645585036722435, 0.3037534467368306, 0.1450264621521961, 0.6577436675532632, 0.5501385957869773, 0.5501385957869773, 0.025387173380501518, -0.10646349625375183], [-0.5648059811942929, 0.12759112356947527, 0.7855541985931291, -0.5158871806424448, -0.26316102521086077, 0.3586977057248276, -0.3681209266974408, 0.19666118685451148, -0.05366504805778877, -0.2608122485202802, 0.36930515020498933, 0.36930515020498933, 0.6324434483059561, 0.12269127592440064]], "inverted": true, "swapped": false, "error_lsq": 0.04926248306968065, "error_max": 0.33556895979419415, "target": "934.xyz", "model": "10.xyz", "model_rescale": 4.2482417240324, "target_rescale": 3.9970319238637724},
{"mapping": [0, 4, 5, 2, 9, 11, 8, 12, 1, 7, 6, 13], "R": [[-0.11722552557308796, 0.19529197290812803, -0.9737141374509075], [0.07396424972664431, -0.976034226983184, -0.2046618614195463], [-0.9903471441451672, -0.09601162989445577, 0.09997150098164048]], "T": [-0.07618638028875249, 0.05085665893612187, 0.012872285678436533], "aligned_model": [[-0.6991830833562259, -0.12493064626252011, 0.3402118991062397, 0.7338650474205791, -0.4991635914746678, 0.18031149273483613, -0.1249077421243926, 0.40636712691265087, 0.15074780671825727, -0.017037082650827762, -0.5087927588417424, 0.03927713418082027], [-0.4331141017999728, -0.5572903294269745, -0.22495911094376383, -0.4794430201962108, 0.42624665456741057, 0.7869277553157936, 0.2962917561311939, 0.31348888099115363, -0.24681042258209848, 0.5726453704593772, 0.1732956464007503, 0.038852311133980355], [-0.2159601316631136, -0.014285245554211973, 0.5417422534825194, -0.012814295851533479, 0.20737211465713068, 0.11613874981079228, 0.7226044561910442, -0.28474682908267923, -0.552546724644027, -0.6407939755644158, -0.3492019690204779, 0.04768388709332896]], "inverted": true, "swapped": true, "error_lsq": 0.05291576729868752, "error_max": 0.24977656895469, "target": "934.xyz", "model": "11.xyz", "model_rescale": 3.6694154284099745, "target_rescale": 3.9970319238637724},
{"mapping": [3, 4, 11, 2, 8, 9, 1, 0, 10, 12, 7, 5, 6, 13], "R": [[-0.4328648463274285, 0.3816096955798482, 0.8167019438285841], [-0.8771767805628001, -0.3871677440058816, -0.2840106224120458], [0.207819441957227, -0.8393301961926856, 0.5023304702123246]], "T": [0.05695576175570423, 0.057951932996728434, 0.1147356295111936], "aligned_model": [[-0.31574668245180254, -0.574558521113282, 0.0551284113973899, 0.16666364763914776, 0.29853213974820075, 0.7048442451975027, -0.44066427614379505, -0.5699747780825316, 0.6392609959978558, 0.16870470607620996, 0.6064755980981551, 0.016471658162384203, -0.175023280740621, -0.05750062481405703], [-0.5369270307603129, -0.3277928622918518, -0.5370423470722743, -0.08273947364847381, -0.6067660948470472, -0.3608753677988019, 0.0929537170711714, 0.3999604245766971, 0.1774485677077297, 0.613338226935591, 0.32663200989003893, 0.7497985817293387, 0.1074214417573896, 0.09061925732448645], [-0.38372280121740815, 0.12306108388520293, 0.5517792387573551, -0.5133437295378813, -0.15431575659673546, 0.33724511699859483, -0.5690937842274004, 0.14168288040606275, -0.10925087850967122, -0.2605332583740089, 0.5366411689584911, 0.5200503769240943, 0.6281490350618639, 0.08744813653061102]], "inverted": false, "swapped": false, "error_lsq": 0.05405361114170852, "error_max": 0.3451296755576107, "target": "934.xyz", "model": "12.xyz", "model_rescale": 3.9764082729961374, "target_rescale": 3.9970319238637724},
{"mapping": [5, 7, 3, 6, 4, 14, 9, 1, 13, 12, 11, 10, 8, 15], "R": [[-0.41232419793611275, -0.3330659849911505, -0.8479715829190366], [0.022087456131434702, 0.9268478258074077, -0.3747869422454896], [0.9107694000557902, -0.17326326049672713, -0.37480520605250406]], "T": [-0.04196294120134357, 0.007484974002197485, 0.0054222089650949185], "aligned_model": [[-0.17666377981822756, -0.45577564120917646, 0.16296359292566537, 0.5257500912415674, -0.1428928922105162, 0.6841608931882209, -0.45624677646229705, -0.4201626155271063, 0.5015173791249855, 0.01825386656442396, 0.44282266068848325, 0.01980978180017852, -0.16335492537144014, -0.017568395964004356], [-0.22547315192852652, -0.5447367245075957, -0.3958189705103877, -0.35128227600591483, -0.666715963906844, -0.21579803473620401, 0.15801656684557314, 0.5035164213823973, 0.25218053724334394, 0.5760048648587086, 0.2459962121892174, 0.7049260462911272, 0.15725739366643615, -0.09204387030765013], [-0.7885614819716092, 0.31338964868912933, 0.7152070293613142, -0.3587848459024939, -0.22069714467603668, 0.2538108454104701, -0.4034888692843621, 0.12475530500633074, -0.1332636552568507, -0.27807841662728283, 0.5873500465946621, 0.4002727887237053, 0.6854847392780915, 0.038400839714103234]], "inverted": true, "swapped": false, "error_lsq": 0.05233739956477367, "error_max": 0.29874748176212323, "target": "934.xyz", "model": "13.xyz", "model_rescale": 4.170626492500431, "target_rescale": 3.9970319238637724},
{"mapping": [5, 4, 2, 11, 6, 3, 12, 8, 9, 10, 1, 7, 0, 13], "R": [[0.6471117701817716, 0.7097507023368786, -0.27838875233119875], [-0.7213961004283115, 0.45190003954383, -0.524760917511118], [-0.24664554157543458, 0.5404075265876601, 0.8044412234764999]], "T": [0.0281708750268933, -0.010480506896788448, 0.1410326618340817], "aligned_model": [[-0.19127524504850152, -0.6400237930511029, -0.05682542521479665, 0.40687833096225245, 0.13917512837799575, 0.6139680281524037, -0.43771123392382205, -0.571763277904643, 0.6517886114170879, 0.01362681828634529, 0.5814989143489929, -0.049595694155833925, 0.011836074133836357, 0.05103600259054197], [-0.45110285899349795, -0.23891107364381872, -0.4815171496166872, -0.14682427961577763, -0.7756691414159619, -0.3660639084915031, 0.10997061989532383, 0.42723794752143246, 0.4138553621276651, 0.45856999705015483, 0.3501072996432321, 0.7341914213152863, 0.13370160382032809, -0.06151678902249519], [-0.6237648091167874, 0.207353792107831, 0.5925105432377394, -0.4400445185738794, -0.1901073030912266, 0.21768606573933902, -0.4104666652736828, 0.14718567840868185, -0.15451162855690193, -0.17218994293044587, 0.5342488677182797, 0.4522333734966141, 0.7196543860692021, 0.05600898982440697]], "inverted": true, "swapped": false, "error_lsq": 0.04667612862938021, "error_max": 0.316618660739726, "target": "934.xyz", "model": "14.xyz", "model_rescale": 3.9786697098870705, "target_rescale": 3.9970319238637724},
{"mapping": [6, 11, 1, 0, 12, 2, 8, 5, 4, 3, 10, 13], "R": [[0.3758451634794525, 0.9118771326013655, 0.1649863877046096], [-0.04825368824528051, 0.1970564119547081, -0.9792039379405416], [-0.9254253047436252, 0.3600678624179733, 0.11806413424033821]], "T": [0.02835129939029246, -0.1027673951542619, -0.1255832687598177], "aligned_model": [[0.09066379228166596, -0.6837663314189912, 0.5396514512429712, 0.5800079028730817, -0.08788631348156349, 0.49331264516865475, -0.5048648492291161, 0.029958306424118654, 0.5865813801828974, 0.12806046591930254, -0.7089655309784987, 0.020601677782814007], [-0.5087943587443234, 0.14930264177436203, 0.1613105398491544, -0.7106561593649614, 0.400355850532225, 0.7047289495072259, -0.19925566383038396, 0.27488670190896125, -0.1522587750457724, -0.4272424839076894, 0.31233458438146705, 0.009962663164173907], [-0.5311650834401211, -0.3437688704363969, -0.4842453281498521, -0.15496194618093895, -0.47738793878123187, 0.1386542493612604, 0.3966259467411922, 0.49614023034761523, 0.11708126230682545, 0.3622903768919786, 0.22247302541342454, -0.08176943019992527]], "inverted": true, "swapped": true, "error_lsq": 0.05760245781084739, "error_max": 0.3893841281067682, "target": "934.xyz", "model": "15.xyz", "model_rescale": 3.769337070930944, "target_rescale": 3.9970319238637724},
{"mapping": [5, 10, 4, 3, 2, 12, 1, 11, 6, 9, 13], "R": [[0.8409085750509395, 0.08050282941852, -0.5351561107391103], [0.3295237491018216, 0.7082529166909417, 0.6243331680894856], [0.4292864628469874, -0.7013537627006693, 0.5690483567869564]], "T": [-0.01979752053989465, 0.14283640941187337, 0.10025082929836698], "aligned_model": [[-0.33583035465391314, -0.31734563620846173, -0.07352825568170904, -0.5481290666612678, 0.3087621918358345, 0.4822160035964688, 0.5574217640831054, 0.06885115969371436, 0.12572649531239238, -0.3440802629252167, -0.0014379076997760934], [-0.025152079254087467, -0.6947787611187497, 0.6599085254342264, 0.3996957102456269, 0.1610867046195577, -0.21233529345186142, 0.451730023794558, -0.6067450911227527, 0.38558423079906134, -0.005068051242809679, 0.08213857892257256], [-0.5330488030086655, -0.11643994261454094, -0.22022651679081334, 0.010052313893602643, -0.8106697533107248, -0.010411684292243373, -0.07640167235121192, 0.3205342057812365, 0.6033746772263573, 0.5804825722984697, -0.0030277896076893046]], "inverted": true, "swapped": true, "error_lsq": 0.05278686260376846, "error_max": 0.37267405452159147, "target": "934.xyz", "model": "16.xyz", "model_rescale": 3.7852294659196426, "target_rescale": 3.9970319238637724},
{"mapping": [1, 5, 10, 2, 4, 3, 9, 8, 12, 7, 6, 11, 13], "R": [[0.35662255939000537, -0.5853512356002956, -0.7281375427179466], [0.4194443686198187, -0.5961004179815564, 0.6846391117335727], [-0.834797443555767, -0.5495709441586419, 0.032939422723162026]], "T": [-0.1018868085039662, 0.15597930251288133, -0.059273591894316205], "aligned_model": [[0.010382007506658797, -0.27318866804151076, 0.3042130168526963, -0.04051538984229808, -0.5729111611469977, -0.6478404282467543, -0.12735035495799263, -0.2079914799022632, 0.47107117738088283, 0.562154611834307, -0.11575237916915526, 0.551380740696602, -0.05988584274789209], [-0.009781666267618394, -0.4741649109240525, -0.1598781818038808, -0.7614072931173035, -0.08306891601163735, 0.13631703346163232, 0.6290956248408189, 0.10692568438055358, -0.03523730434662181, 0.5427922925534743, 0.6787844175191251, 0.26055152689956235, 0.04412731651882171], [-0.7071335212514759, 0.2612560510929785, 0.6973015379636156, -0.3637341785422284, -0.3657834658960274, 0.1748091616321497, 0.30565120422713854, 0.6841424781165479, -0.21916750834220272, -0.39463367118574305, -0.30365016197685774, 0.3656522127515073, -0.038955441446228437]], "inverted": true, "swapped": true, "error_lsq": 0.04336712647998306, "error_max": 0.3293670879255328, "target": "934.xyz", "model": "17.xyz", "model_rescale": 3.901054581598922, "target_rescale": 3.9970319238637724},
{"mapping": [13, 8, 4, 9, 5, 10, 3, 0, 11, 12, 6, 7, 1, 14], "R": [[-0.4119086353654241, 0.16851680363129984, -0.8955073215810602], [-0.9111958986711886, -0.06829908796807732, 0.4062724071697884], [0.00730139412712455, 0.9833297114786165, 0.1816848044476522]], "T": [-0.013123358036009343, -0.052922963265368224, 0.0798623901833404], "aligned_model": [[-0.16009747180072997, -0.358363960669438, 0.14331238900149407, 0.3898278535354114, -0.07722755481381863, 0.6611216890297107, -0.4635098953200218, -0.6533604550392985, 0.7031126187783661, 0.1747873085041158, 0.40937346729851154, -0.027616251604770055, -0.23753110361365914, 0.018784605684883063], [-0.1523781700593763, -0.5507325111692483, -0.4456671736665215, -0.288379385923568, -0.5849199120586283, -0.4925679612827724, 0.36654093603777355, 0.3299816434356562, 0.27840140382300205, 0.4787654154217939, 0.3826737194712022, 0.598197137931684, 0.21868762322929236, -0.03257371461660838], [-0.6244170075170431, 0.3508104155478272, 0.7483336402420105, -0.3853044782159699, -0.24100509870538112, 0.23657754693112454, -0.37247365052919856, 0.21764860243776055, -0.038295039616585175, -0.40384429102612357, 0.5219910002520487, 0.20439990923036994, 0.6811563303362572, 0.04021894969207313]], "inverted": true, "swapped": false, "error_lsq": 0.047983353708101674, "error_max": 0.2598737599055959, "target": "934.xyz", "model": "18.xyz", "model_rescale": 3.9405287249114394, "target_rescale": 3.9970319238637724},
{"mapping": [4, 13, 9, 0, 7, 5, 12, 14, 6, 1, 2, 10, 11, 15], "R": [[-0.20772884203507525, 0.11194504836187713, 0.9717597616355722], [-0.5030664314732701, 0.8397589145937445, -0.20427709339298447], [-0.8389117317760653, -0.5312939596001384, -0.11812635091667796]], "T": [-0.030083895921119166, 0.006591629401850771, -0.02365631369894207], "aligned_model": [[-0.15477894937965253, -0.5800074346522883, 0.05576607277781892, 0.3655416277383453, -0.03322269099041748, 0.61600654175205, -0.411164070447111, -0.6423688977510943, 0.7035863368210215, 0.27233692098466006, 0.5700364471291622, -0.05451880845815783, -0.17344043192739866, -0.011159424626181469], [-0.38907463385073704, -0.2649467970226079, -0.5592019600451281, -0.10243221652341765, -0.6968941450119098, -0.14028450779238882, 0.1896825249810454, 0.3667001092975614, 0.12090956507534341, 0.46878916218954997, 0.5015261098104752, 0.5895563186202928, -0.010528805070799825, 0.0322283259164021], [-0.6257895052627237, 0.2505349150015477, 0.4877312535840631, -0.5752617016392604, -0.05055356456826712, 0.47859580369735066, -0.3720737167497095, 0.2848366705283394, -0.10698010840168348, -0.38481350131458897, 0.3639268605655046, 0.5030875928821202, 0.682296231595403, 0.00025959914107538326]], "inverted": true, "swapped": false, "error_lsq": 0.046311925153552945, "error_max": 0.2434167451413906, "target": "934.xyz", "model": "19.xyz", "model_rescale": 4.410303926677745, "target_rescale": 3.9970319238637724},
{"mapping": [4, 2, 0, 11, 6, 3, 12, 7, 10, 9, 5, 8, 1, 13], "R": [[0.9115337760621895, 0.11539452109829779, -0.3947027737403186], [-0.38641801769545625, 0.5686814357191781, -0.7261422314317555], [0.1406673050076695, 0.8144234335828441, 0.5629628585732903]], "T": [0.026929276579515514, -0.05486763368748675, 0.095335874375506], "aligned_model": [[-0.25528410048715594, -0.523642901812052, -0.013947742685817978, 0.23621847869929, 0.26161156878965, 0.5482997278780679, -0.4089971630993995, -0.5783307450419317, 0.7355598694654033, 0.1526305500717885, 0.584794848337587, 0.042377796634476654, -0.3110001012790419, 0.05232315349989203], [-0.47196083751279805, -0.4113767713162058, -0.5861375041064942, -0.10298950077288148, -0.52377214033722, -0.43720815119664397, 0.29929479015670485, 0.2966148227751408, 0.32242264726029063, 0.48231004476110845, 0.39839110531781735, 0.7033973329805971, 0.11819649034294806, 0.01884672222131735], [-0.39607257502397714, 0.18687951928045432, 0.5741268168584399, -0.7052986491606479, -0.15277419906994294, 0.4238952706587059, -0.4098492936710651, 0.22561846717867157, -0.07967481025767364, -0.3163631156737932, 0.5224345073992402, 0.22124522652713213, 0.7426166756712818, 0.09901298834234466]], "inverted": true, "swapped": false, "error_lsq": 0.05056064301311807, "error_max": 0.3667650158728218, "target": "934.xyz", "model": "20.xyz", "model_rescale": 4.121658175737393, "target_rescale": 3.9970319238637724},
{"mapping": [2, 5, 10, 12, 11, 4, 8, 1, 3, 6, 9, 7, 13], "R": [[0.5181588182572089, -0.4118706248108975, -0.749582568820923], [-0.5153032013737242, -0.8498231601770134, 0.11073936554245477], [-0.6826229191261335, 0.32888171862333004, -0.6525816159217794]], "T": [-0.009371726268632766, -0.08400134424161249, -0.0819676164394621], "aligned_model": [[0.1667400627963262, -0.21811012672115976, 0.22643480588103537, 0.5939018809501249, 0.5220144001190987, -0.38424912426431695, -0.28165378473791775, 0.2576497584696699, -0.5929204638948413, 0.007263875841103315, -0.14218979085415206, 0.6938227619617339, 0.032378649117590606], [-0.6799732291206182, -0.06596353359017514, 0.5765207528844549, -0.16455369834320838, 0.4893365900762759, -0.5574452465645838, 0.5430190779260708, -0.7021795958757411, -0.0075576211457531045, -0.11590139060238652, 0.41209198173445827, -0.0896912669556313, -0.09687591625997917], [0.6609072154660085, 0.6146443461380251, 0.50556517777453, 0.05939355901931673, 0.002697477668642506, 0.008994475930161616, 0.23273825054620412, -0.16170875877430463, 0.0009415100010620736, -0.6581125583737788, -0.3884122723190701, -0.5386149819999222, 0.03107629840491452]], "inverted": true, "swapped": true, "error_lsq": 0.050293438503304394, "error_max": 0.30319143432232265, "target": "934.xyz", "model": "21.xyz", "model_rescale": 4.08911054899281, "target_rescale": 3.9970319238637724},
{"mapping": [3, 7, 10, 14, 12, 9, 4, 0, 15, 2, 11, 1, 6, 16], "R": [[0.19690805271513198, -0.620000346785189, -0.7594911380405834], [0.8317520118944363, 0.5157561332925529, -0.20538792973461764], [0.5190528002867268, -0.5912657447860143, 0.6172430716963517]], "T": [0.06825140681253285, 0.019585314966295092, 0.1399380303013088], "aligned_model": [[-0.054036622039412605, -0.47599453864436947, 0.029773888211554314, 0.38829941571950055, 0.04778032873678867, 0.5639918961634534, -0.392077403930462, -0.6430514961254845, 0.6262850238369901, 0.07123936437946467, 0.6390808366129835, 0.06520530855208061, -0.3669277635710947, 0.023045001068763775], [-0.17716157163500826, -0.40272142378748554, -0.6158091079017708, -0.2642798435509256, -0.6834961887230474, -0.4832169385747255, 0.2337468329628614, 0.31609216122709527, 0.3500359065660582, 0.5284845760535369, 0.4273546038324586, 0.8073039276913284, 0.05024084049199004, 0.01945527592131526], [-0.6970895223555184, 0.31671347335351085, 0.6358501365917337, -0.33840539206565806, -0.08417542348144591, 0.23469494358313714, -0.3381042440605991, 0.21874963205954068, -0.19309035689134696, -0.3721815295162111, 0.4461585380889538, 0.23734690935232888, 0.7442917818163715, 0.12503788258437357]], "inverted": true, "swapped": false, "error_lsq": 0.04027733309274743, "error_max": 0.2871505478848739, "target": "934.xyz", "model": "22.xyz", "model_rescale": 4.204369325754507, "target_rescale": 3.9970319238637724},
{"mapping": [4, 13, 9, 0, 7, 5, 12, 14, 6, 1, 2, 10, 11, 15], "R": [[-0.20772884203507525, 0.11194504836187713, 0.9717597616355722], [-0.5030664314732701, 0.8397589145937445, -0.20427709339298447], [-0.8389117317760653, -0.5312939596001384, -0.11812635091667796]], "T": [-0.030083895921119166, 0.006591629401850771, -0.02365631369894207], "aligned_model": [[-0.15477894937965253, -0.5800074346522883, 0.05576607277781892, 0.3655416277383453, -0.03322269099041748, 0.61600654175205, -0.411164070447111, -0.6423688977510943, 0.7035863368210215, 0.27233692098466006, 0.5700364471291622, -0.05451880845815783, -0.17344043192739866, -0.011159424626181469], [-0.38907463385073704, -0.2649467970226079, -0.5592019600451281, -0.10243221652341765, -0.6968941450119098, -0.14028450779238882, 0.1896825249810454, 0.3667001092975614, 0.12090956507534341, 0.46878916218954997, 0.5015261098104752, 0.5895563186202928, -0.010528805070799825, 0.0322283259164021], [-0.6257895052627237, 0.2505349150015477, 0.4877312535840631, -0.5752617016392604, -0.05055356456826712, 0.47859580369735066, -0.3720737167497095, 0.2848366705283394, -0.10698010840168348, -0.38481350131458897, 0.3639268605655046, 0.5030875928821202, 0.682296231595403, 0.00025959914107538326]], "inverted": true, "swapped": false, "error_lsq": 0.046311925153552945, "error_max": 0.2434167451413906, "target": "934.xyz", "model": "23.xyz", "model_rescale": 4.410303926677745, "target_rescale": 3.9970319238637724},
{"mapping": [14, 7, 1, 9, 11, 10, 13, 12, 8, 15, 4, 5, 0, 16], "R": [[0.19897003775975575, -0.9025801575548239, 0.38178525804723107], [-0.9560758745979087, -0.0932115224313006, 0.2779038216683668], [-0.21524369000211274, -0.4203102083870299, -0.8814814136667465]], "T": [0.017386933840907462, 0.005347087612540078, 0.061443192151658055], "aligned_model": [[-0.11036163748285764, -0.4821666380007487, 0.023783535463541464, 0.4581277156726456, 0.05776563347678507, 0.5893460333059595, -0.617910345480349, -0.6215701485998009, 0.8055432100090625, 0.2320502180909697, 0.48802501976521334, -0.009253916059651514, -0.33740590497584155, 0.046640463785828624], [-0.09032860370332838, -0.377818663640083, -0.6414437331701884, -0.12231108418381878, -0.5806402415861711, -0.28468052972653773, -0.008977989492102247, 0.4369825935541944, 0.22693573943134746, 0.4164320148572112, 0.37276482920766674, 0.6276263744570846, 0.1475202895960676, -0.01603194502766121], [-0.5963382720373254, 0.274893731175466, 0.6253191246130667, -0.3650200982173297, -0.17458624932766184, 0.17338387285067416, -0.2391874498030377, 0.2886005640176125, -0.012142275002693104, -0.4809985538653402, 0.40406305180633834, 0.14896911807508645, 0.7128222164134705, 0.17601804836084414]], "inverted": false, "swapped": false, "error_lsq": 0.04768563182423319, "error_max": 0.3328003392625212, "target": "934.xyz", "model": "24.xyz", "model_rescale": 4.28219845311461, "target_rescale": 3.9970319238637724},
{"mapping": [7, 9, 5, 4, 3, 1, 13, 12, 0, 2, 6, 14, 11, 15], "R": [[0.525094310166984, -0.24397844899052004, 0.8153223177728178], [-0.04235403938069668, -0.9643305406917463, -0.2612905349171739], [0.8499894709809045, 0.10266997963058484, -0.5166979528740729]], "T": [0.018714456048318152, 0.010272722320669916, 0.10541310332094798], "aligned_model": [[-0.3459408598755998, -0.48857018993881857, 0.04406330058100944, 0.3548162083480635, 0.17233481604758974, 0.47827629935369403, -0.3379092621573599, -0.6761586812396918, 0.7770198548340085, 0.22553426184933523, 0.6756145858368191, -0.12729884848288717, -0.31469514760614986, 0.08552690142074423], [-0.31584348054991074, -0.43449870813120717, -0.5451668293990898, -0.16248003916655937, -0.7108115212202332, -0.41992969835676797, 0.2688720044755675, 0.30971168689907735, 0.18180172642741144, 0.5811815695712589, 0.5322025517342366, 0.7136732636823644, 0.08159846295379147, 0.025718061653741527], [-0.49974863418723836, 0.14681777067097163, 0.7504906346149403, -0.5205586760152208, -0.13224977466078985, 0.22205867017931236, -0.2931623497856543, 0.21453473179465604, -0.1417809398079894, -0.21092323737887209, 0.43445505750490554, 0.3584988955072769, 0.52994548861411, 0.07741919200876299]], "inverted": true, "swapped": false, "error_lsq": 0.042584168506080135, "error_max": 0.2136566767295108, "target": "934.xyz", "model": "25.xyz", "model_rescale": 4.100010024507729, "target_rescale": 3.9970319238637724},
{"mapping": [0, 4, 5, 2, 9, 11, 8, 12, 1, 7, 6, 13], "R": [[-0.11722552557308796, 0.19529197290812803, -0.9737141374509075], [0.07396424972664431, -0.976034226983184, -0.2046618614195463], [-0.9903471441451672, -0.09601162989445577, 0.09997150098164048]], "T": [-0.07618638028875249, 0.05085665893612187, 0.012872285678436533], "aligned_model": [[-0.6991830833562259, -0.12493064626252011, 0.3402118991062397, 0.7338650474205791, -0.4991635914746678, 0.18031149273483613, -0.1249077421243926, 0.40636712691265087, 0.15074780671825727, -0.017037082650827762, -0.5087927588417424, 0.03927713418082027], [-0.4331141017999728, -0.5572903294269745, -0.22495911094376383, -0.4794430201962108, 0.42624665456741057, 0.7869277553157936, 0.2962917561311939, 0.31348888099115363, -0.24681042258209848, 0.5726453704593772, 0.1732956464007503, 0.038852311133980355], [-0.2159601316631136, -0.014285245554211973, 0.5417422534825194, -0.012814295851533479, 0.20737211465713068, 0.11613874981079228, 0.7226044561910442, -0.28474682908267923, -0.552546724644027, -0.6407939755644158, -0.3492019690204779, 0.04768388709332896]], "inverted": true, "swapped": true, "error_lsq": 0.05291576729868752, "error_max": 0.24977656895469, "target": "934.xyz", "model": "26.xyz", "model_rescale": 3.6694154284099745, "target_rescale": 3.9970319238637724},
{"mapping": [11, 9, 8, 2, 10, 4, 12, 3, 0, 6, 5, 1, 7, 13], "R": [[0.955689044092763, 0.12242050791869313, 0.2677156518435006], [-0.2893757669324472, 0.5576217275719972, 0.778022926687819], [-0.05403810242152516, -0.8210184091605687, 0.5683385041558686]], "T": [0.04328478462568598, -0.03696714138951815, 0.1224906019140185], "aligned_model": [[-0.22899602676225111, -0.5490151494963585, 0.10829116437667553, 0.33318733117241445, 0.10374106841124682, 0.7270537234449214, -0.46557971810587984, -0.6506317454937331, 0.6517360324439044, -0.04802056008537038, 0.45937258665115394, 0.27140689599421797, -0.2595049635228099, 0.06957259994262505], [-0.42500039404410905, -0.36998381628830457, -0.47092995323514153, -0.02064276754155736, -0.6200365557045641, -0.4929608693861349, 0.0996949804164087, 0.369093532820687, 0.21066076366488282, 0.5274268433111485, 0.32301540181537336, 0.8090335683049658, 0.20202011262072253, -0.035361796180696174], [-0.5926798839349271, 0.17856392666590504, 0.5870416119836981, -0.4921797768480274, -0.012660482927302208, 0.13025773926897388, -0.47090066502602335, 0.2026516798790855, 0.0490001753268558, -0.2573951649492458, 0.691051952442265, 0.23153075597178502, 0.6198154309294808, 0.07169953027664736]], "inverted": true, "swapped": false, "error_lsq": 0.05052281144595249, "error_max": 0.2956510635333616, "target": "934.xyz", "model": "27.xyz", "model_rescale": 4.103607728864725, "target_rescale": 3.9970319238637724},
