[{"mapping": [8, 2, 6, 9, 3, 4, 10, 0, 1, 7, 5, 11], "R": [[-0.6535640928519809, 0.7122601490768963, 0.2560067510272438], [-0.6163034082542427, -0.30447314844410933, -0.7262686905345266], [-0.4393450642817919, -0.6324409710901795, 0.6379610745004268]], "T": [0.04383874659009633, -0.03493889325189984, -0.03794481087165444], "aligned_model": [[-0.24701298035632796, -0.6294683872506169, -0.2562326505687015, 0.33288044336848366, 0.5960193734814967, 0.23770606208994988, 0.6160608083167839, -0.13868649905809205, -0.582379964188147, -0.0004276992208298164, 0.047673778907727456, 0.02850957430272533], [-0.4522422627874452, 0.2102416448722738, -0.6131042808585992, -0.5695135447976873, -0.13494375773531486, 0.4078137884203111, -0.0020507136236169524, 0.5562090693582694, 0.063432432143368, -0.17119028606424788, 0.5138052185202874, 0.028358699457667412], [-0.4179009417575408, -0.40576848171240876, 0.27960271098250633, -0.04436850732586514, -0.4368534434586159, -0.685041398404368, 0.3270779633203972, -0.033470997686476406, 0.27836795859895713, 0.8980462946405593, 0.5845915534094892, -0.013640755196517033]], "inverted": false, "swapped": false, "error_lsq": 0.05354479114433719, "error_max": 0.343279657660866, "target": "936.xyz", "model": "0.xyz", "model_rescale": 3.751011558992144, "target_rescale": 3.8147209673844555},
{"mapping": [5, 13, 8, 4, 10, 9, 6, 12, 0, 1, 7, 14], "R": [[-0.38319209509876134, 0.6204642057075395, -0.6842426380236282], [-0.8436432593322521, -0.5367155820717534, -0.014227963474560179], [-0.37607162780124254, 0.5718046461835466, 0.729115613168332]], "T": [-0.04759425736171098, -0.012553020497210991, 0.015103675810005804], "aligned_model": [[-0.2739956316551684, -0.5192532188422352, -0.23319493668210378, 0.4008755389547332, 0.6055006051015612, 0.07358660915858804, 0.5482458186896028, -0.10146799872313349, -0.5303151585917816, 0.05426735422478267, 0.018625146356989156, -0.03823226816738302], [-0.28308398810169766, 0.24612409878894073, -0.6491150042245075, -0.6430290154291669, -0.2662623180567478, 0.15745999841998293, 0.21253219396684245, 0.7227987760708431, 0.046958073980162225, -0.17852014263149013, 0.43735709134383804, 0.03359624277826627], [-0.5003004959626276, -0.47287805572664715, 0.04266235590994225, 0.17926466848565767, -0.41098603432717484, -0.6098766377378252, 0.4126423472257264, -0.07616767431186328, 0.5972922016753124, 0.6842558826294287, 0.49767274405988726, -0.012939346509698987]], "inverted": true, "swapped": false, "error_lsq": 0.043473212407093516, "error_max": 0.2548942607126563, "target": "936.xyz", "model": "1.xyz", "model_rescale": 3.9405287249114394, "target_rescale": 3.8147209673844555},
{"mapping": [5, 0, 2, 8, 9, 11, 3, 6, 1, 4, 7, 12], "R": [[-0.20961986990941958, 0.8972717501156271, -0.3885394659279772], [-0.3913399738919441, -0.4411418456974169, -0.8076180389323464], [-0.8960538683435335, -0.01724176380525455, 0.44361039957092224]], "T": [0.03316397176647774, 0.01319693363953347, 0.052839985635783], "aligned_model": [[-0.2424389581931538, -0.6716712411802284, -0.41558771015209156, 0.5916900548833627, 0.5306568120401003, 0.21100940442940036, 0.4772093874306092, -0.058902603678232704, -0.6149840473012366, 0.16096206831771442, 0.04497476732218174, -0.008276074093974059], [-0.26501724020567663, 0.2870827704645024, -0.48421642165732637, -0.5048569456872941, -0.4362181371024077, 0.20955348000775356, 0.26778929509485067, 0.5293490544717062, -0.05821573022367591, -0.23653444218752767, 0.5910798577183909, -0.06297953378802992], [-0.5593006671933217, -0.3092703004000278, -0.07114190606290764, 0.19552342091226382, -0.3953877189481249, -0.6085444697428307, 0.30741036271285965, -0.0902209357779883, 0.5023182489331576, 0.695488885368922, 0.5958148324957013, 0.06795220311241365]], "inverted": true, "swapped": false, "error_lsq": 0.04953043298638197, "error_max": 0.2606100343472751, "target": "936.xyz", "model": "2.xyz", "model_rescale": 3.932901565614263, "target_rescale": 3.8147209673844555},
{"mapping": [5, 6, 0, 7, 9, 12, 8, 10, 1, 3, 11, 13], "R": [[-0.4909439283643543, 0.3403798802420308, 0.8019448835977424], [0.8703345356421464, 0.2324376232422391, 0.4341549808191406], [-0.03862454233703305, 0.911106079678936, -0.4103582048665959]], "T": [-0.05453660578682143, -0.10658903128821613, 0.09637388608419932], "aligned_model": [[0.02841446701220801, -0.4695648375271487, -0.4379963746233385, 0.36139147763278356, 0.5551249825526555, 0.042608414379065956, 0.6127108735680616, -0.26232935629136656, -0.6752255324868502, 0.06975401404163398, 0.23967931519267013, -0.059925583625922374], [-0.25066477913480806, 0.04566724596661546, -0.5437197724635666, -0.6671450997855413, -0.07533708902564197, 0.3205643512779321, -0.020642294829417568, 0.5570912406849263, 0.11499174819212991, -0.22396768369403547, 0.6320987556518309, -0.052120615935158016], [-0.6030265600542073, -0.4244541599893156, 0.42927875229426316, -0.053703663338952726, -0.31244025652469826, -0.5291120393999815, 0.3899393563264361, -0.07537042890946734, 0.43462798487533283, 0.5774763407269408, 0.5031736447311697, -0.005747015327402502]], "inverted": false, "swapped": false, "error_lsq": 0.05053388819050748, "error_max": 0.2673271102466982, "target": "936.xyz", "model": "3.xyz", "model_rescale": 3.9243930471874484, "target_rescale": 3.8147209673844555},
{"mapping": [5, 6, 11, 9, 1, 0, 7, 3, 10, 8, 4, 12], "R": [[-0.08234740773021557, -0.45596748648145025, 0.8861786251720939], [-0.8501244463596294, 0.49618929059286865, 0.17630829136112644], [-0.5201031918204767, -0.7388435823452314, -0.428489008826852]], "T": [-0.020505977653646177, -0.022485754951948527, 0.09434042679517123], "aligned_model": [[-0.0628372930891386, -0.6202482419638004, -0.5105911739558829, 0.15467854173806336, 0.5699516317263185, 0.25628842965550763, 0.7082392468414901, -0.3005552298150633, -0.5262516263553193, 0.19784312285109726, 0.13938223502494365, -0.0012577828337641019], [-0.17142563756942192, 0.025458842399715475, -0.6430838963645257, -0.6824020709578307, -0.19956383805270037, 0.37596513078100596, 0.2725025207492456, 0.562691732433656, 0.03712130836817509, -0.16090148663711465, 0.4464464532576081, -0.025993051502547316], [-0.6470421133784406, -0.30506794407557886, 0.06590578897136641, 0.2718460092752591, -0.2664413133097642, -0.6041895304017914, 0.2519192130785613, -0.08480503082398234, 0.5819837968317042, 0.668362311784809, 0.4213046648858705, -0.023133897427895275]], "inverted": true, "swapped": false, "error_lsq": 0.04889995842834163, "error_max": 0.3281579242875574, "target": "936.xyz", "model": "4.xyz", "model_rescale": 3.8936222436046832, "target_rescale": 3.8147209673844555},
{"mapping": [7, 8, 10, 4, 5, 6, 1, 9, 3, 2, 0, 11], "R": [[0.936520453105292, 0.3417364701165932, -0.07839404255241708], [-0.34793995561404695, 0.9334080831850173, -0.08767632252876024], [0.04321143601819384, 0.10938708898733392, 0.9930595332406427]], "T": [-0.08244788301084618, -0.00837328523747947, -0.010472299063227358], "aligned_model": [[-0.17641863855442874, -0.7805040417265933, -0.38876367471798323, 0.3478755466085366, 0.6021565865867643, 0.3103070105997935, 0.6064853697388115, -0.18596618885756228, -0.46458014334386166, 0.06596768050248741, -0.0067425681700478135, 0.07482492115853537], [-0.30914272205133414, 0.13691411941375742, -0.550222424212217, -0.6566227627694038, -0.2580206997840882, 0.2781032504352823, 0.3134892351636303, 0.5955378149241207, 0.12544531402104744, -0.2927067412597636, 0.5225920868856755, -0.06855046386144141], [-0.5765595453153401, -0.2040491459730467, 0.09924345107425277, 0.14833248583650532, -0.36566766173570364, -0.6415692933212761, 0.24425158748428508, -0.09178212182462019, 0.39738741999034033, 0.6635349495755141, 0.6931346849043825, -0.03561485528517572]], "inverted": true, "swapped": false, "error_lsq": 0.03723641610626096, "error_max": 0.2048924621499493, "target": "936.xyz", "model": "5.xyz", "model_rescale": 3.6523030999806103, "target_rescale": 3.8147209673844555},
{"mapping": [7, 11, 9, 8, 5, 3, 1, 4, 10, 6, 2, 12], "R": [[-0.43781377467634197, -0.3729316718580743, 0.818071553611782], [0.7428696497683411, 0.3624782676042363, 0.5628091941037332], [-0.5064225332237056, 0.8541261462101328, 0.11834164188277779]], "T": [0.05299827908150563, -0.0441197481337837, 0.043745705542213055], "aligned_model": [[-0.07672405790680716, -0.6845689895750128, -0.4395291719047838, 0.2541455269309495, 0.5357194102834009, 0.18057434027193747, 0.6646833839624547, -0.2845816157204688, -0.5438671882024918, 0.15429581671463055, 0.1469667844097522, 0.0975276205608908], [-0.14233631136827846, 0.07420173326287818, -0.5727275513593175, -0.650670910608896, -0.3979585169494641, 0.42538029412252004, 0.2416483540528476, 0.41947609233900696, -0.015439400172121982, -0.13289945922709429, 0.6243239297527043, -0.036182246939519394], [-0.619838261782103, -0.4216181890474304, 0.01818449323400575, 0.2566742725527836, -0.28134192135384456, -0.45217239443039703, 0.20669597474381868, 0.05956699653669173, 0.5453452403024103, 0.6797342540552844, 0.3909698459890982, -0.051558355390200185]], "inverted": false, "swapped": false, "error_lsq": 0.05516636464563577, "error_max": 0.2620218200860698, "target": "936.xyz", "model": "6.xyz", "model_rescale": 4.08911054899281, "target_rescale": 3.8147209673844555},
{"mapping": [5, 8, 11, 13, 7, 4, 2, 3, 9, 1, 0, 14], "R": [[-0.8246037328660559, -0.22141090874404742, 0.5205822636553241], [0.4090725948187057, 0.4022526782175685, 0.8190557948241892], [-0.3907534976320203, 0.88835240324768, -0.24112592505248026]], "T": [-0.023194577034111576, -0.12541918113433614, -0.06716795235533735], "aligned_model": [[0.122695956980619, -0.6406974407215327, -0.35806175932565093, 0.35668430980790944, 0.7002180381215427, -0.1631573759976574, 0.6532406691144194, -0.18476939932316847, -0.572424177539844, 0.033807827873103775, 0.1892853801635951, -0.13218016932888405], [-0.2403401155891381, 0.1110623825965269, -0.5587848646802123, -0.6904792767588117, -0.18400375722230644, 0.3026268048482596, -0.0007835160907500027, 0.6482150710879754, 0.10942345793792366, -0.1484474864678236, 0.6091311155257099, -0.12080380828208773], [-0.80609309098053, -0.23424774358762188, 0.14399363862677578, 0.20170681778152183, -0.3364837525151144, -0.6094193133427785, 0.3535942751061754, -0.02433038874046886, 0.440525940369088, 0.6636989861797538, 0.4805037673543696, 0.05719281915894639]], "inverted": true, "swapped": false, "error_lsq": 0.04958601000741424, "error_max": 0.32529803217394837, "target": "936.xyz", "model": "7.xyz", "model_rescale": 3.964800864290218, "target_rescale": 3.8147209673844555},
{"mapping": [5, 8, 1, 0, 3, 10, 6, 9, 7, 2, 4, 13], "R": [[-0.7739805810367437, 0.5534078798619869, -0.3077235426233835], [0.14634215177143464, 0.6291505795035481, 0.763382946446445], [0.6160665830841103, 0.5458106510659262, -0.5679372310300308]], "T": [0.03663146294624309, 0.04422236269367931, 0.09281122436537384], "aligned_model": [[-0.12466845744666616, -0.6114131052383532, -0.3931828832019939, 0.3794470727262308, 0.5725610066987776, 0.11887632720170996, 0.5931290239097194, -0.2783172514030987, -0.5944605470756837, 0.033280446709853834, 0.32188597335108005, -0.01249574640712428], [-0.1990751851393081, 0.11638469354809557, -0.5673473588283109, -0.55508120715587, -0.31916609648190775, 0.3757407949580395, 0.18678142428370104, 0.5885140914038769, -0.049938796520270404, -0.1866148061725974, 0.38485962765078685, 0.06175882535903009], [-0.6906805508742115, -0.31448279358649645, 0.15885662341083095, 0.2837878234017607, -0.23382473136148693, -0.6544941512206794, 0.17339163004077932, -0.1872076110296322, 0.4085796774186864, 0.7135460307956861, 0.6384205287490877, 0.03474947966579253]], "inverted": false, "swapped": false, "error_lsq": 0.04129763650467546, "error_max": 0.2429936614058464, "target": "936.xyz", "model": "8.xyz", "model_rescale": 4.121658175737393, "target_rescale": 3.8147209673844555},
{"mapping": [2, 1, 0, 10, 11, 8, 7, 6, 4, 5, 9, 12], "R": [[-0.4895187336518683, -0.4260886961677465, -0.7608020980530623], [-0.402127458777628, 0.8844807227058069, -0.23661647884046658], [0.7737343964830041, 0.19011121523961635, -0.6043118479222446]], "T": [0.07536371225865712, -0.05178645997611407, -0.01988142555089774], "aligned_model": [[-0.2302811206400931, -0.5978827366824273, -0.4817410464733246, 0.3544014936743671, 0.6434640714958493, 0.3082101723261457, 0.6355574819488072, -0.13357939467191038, -0.6170011035359062, 0.11976006275330628, 0.014860757249645029, -0.011126777620007106], [-0.19424113188491027, 0.0040299828948137245, -0.5825152412893879, -0.7307576982757277, -0.21250886315746048, 0.3706302014418529, 0.250018499735553, 0.5959586471720959, 0.0756503473050275, -0.2774782627803378, 0.5803835146299406, -0.04235398888619371], [-0.6270340862817375, -0.1560998509088028, 0.1437813118274857, 0.17406909571639045, -0.25325315799441817, -0.5656836130857571, 0.20441217000408768, -0.15007783228214605, 0.5209685903670777, 0.5535382117876854, 0.518533221980821, -0.032512105720568826]], "inverted": true, "swapped": false, "error_lsq": 0.03878537617015508, "error_max": 0.20603312102165178, "target": "936.xyz", "model": "9.xyz", "model_rescale": 3.833441315466971, "target_rescale": 3.8147209673844555},
{"mapping": [10, 8, 13, 1, 12, 11, 6, 7, 2, 5, 4, 14], "R": [[-0.28390327819930505, 0.19196588341432602, 0.9394402739039057], [0.13273750180663318, -0.9624525841873061, 0.23678213362775197], [0.9496208107670251, 0.19192217901048833, 0.24776237196564782]], "T": [0.021023730889790062, 0.014275674896323186, 0.02046715220272303], "aligned_model": [[-0.20774698356313942, -0.5911772985379217, -0.4883736365830963, 0.5381938152978748, 0.52110526259544, 0.054026087281094745, 0.6371728942774338, -0.040495565412165466, -0.5868365154764261, -0.07437736941087003, 0.2860440609857202, -0.04289289162949292], [-0.4062189011739808, 0.08711725345740841, -0.5407424938573533, -0.4740700246260827, -0.08753013571195692, 0.2943736103158656, 0.1858936047761689, 0.646934443000324, 0.03408089541677328, -0.3039734363884974, 0.3205452055004018, 0.0804059861961949], [-0.6478160327002204, -0.45646404448828737, 0.281533610752387, 0.21962165118562701, -0.29980475709326054, -0.600655277025124, 0.24880256917822943, -0.17921318259631602, 0.40356495832457223, 0.6095777824708042, 0.7073993026729426, 0.04409537472876314]], "inverted": true, "swapped": false, "error_lsq": 0.04856536637471431, "error_max": 0.27288201799531014, "target": "936.xyz", "model": "10.xyz", "model_rescale": 4.2482417240324, "target_rescale": 3.8147209673844555},
{"mapping": [4, 5, 6, 0, 10, 9, 8, 7, 2, 1, 3, 11], "R": [[-0.3409544416235758, -0.4140798403477314, -0.8439715365785467], [0.8728514694550483, 0.19395845892639316, -0.44778390824265013], [0.3491137078479146, -0.8893357082837146, 0.29529919905781143]], "T": [-0.010709100584643659, -0.03162669847247072, 0.0912064644195369], "aligned_model": [[-0.2297871509611638, -0.564765584099869, -0.4847525753053994, 0.3667011080417521, 0.5327779824098466, 0.25184184484605526, 0.5135575114192045, -0.1233625040162164, -0.5381882186182149, 0.22376245055379582, 0.0696635832509879, -0.012806587696327011], [-0.448944256650902, 0.08541574121404355, -0.47166956515366143, -0.6879119786362436, -0.12259953287469544, 0.3148235745399932, 0.2356488226926524, 0.6143076434761, 0.0632946202154428, -0.30344112336029666, 0.5842514412287908, -0.02635937978595771], [-0.6461472117165901, -0.40225949257091415, 0.04508491088273105, 0.11748652147409605, -0.24248215773209997, -0.6090435705836335, 0.2660382243452796, -0.07801021112428284, 0.6016112152612106, 0.6997182259228266, 0.6130359147027846, -0.03439041345129014]], "inverted": false, "swapped": false, "error_lsq": 0.04066810849872841, "error_max": 0.21034038801561064, "target": "936.xyz", "model": "11.xyz", "model_rescale": 3.6694154284099745, "target_rescale": 3.8147209673844555},
{"mapping": [5, 0, 12, 10, 7, 6, 8, 4, 1, 2, 3, 13], "R": [[0.2433521079114904, 0.2134088277292755, 0.9461693420430886], [0.9602696912638689, -0.1904004544270725, -0.204033788853607], [0.13660846099355745, 0.9582297945697478, -0.2512643810487093]], "T": [0.11080314222181382, -0.017114247682850837, -0.05387322648842448], "aligned_model": [[-0.16973495313523085, -0.5424927248251753, -0.24932432792335452, 0.40169726836980596, 0.5168442328339387, 0.08716965433801291, 0.5738526891010596, -0.14133986034821977, -0.5187160617233991, 0.05463873950753065, -0.005134008390027353, -0.002818787980489193], [-0.37815068939009805, 0.1573703430965361, -0.5813958588636182, -0.5409602806954583, -0.4595898703997846, 0.2315519798072368, 0.22793865922998083, 0.6727752759284492, 0.1082712350388372, -0.15032509972177338, 0.5217051563756498, 0.027625156499308065], [-0.7138140248101323, -0.28516849687960866, 0.0630154761160917, 0.1570645092963151, -0.4914932380341971, -0.5612797686318662, 0.49214146311212664, 0.036431818866935486, 0.49790349165796194, 0.5828480643124478, 0.6075503348709893, -0.05455767446694676]], "inverted": false, "swapped": false, "error_lsq": 0.04122407525326164, "error_max": 0.28036117865397603, "target": "936.xyz", "model": "12.xyz", "model_rescale": 3.9764082729961374, "target_rescale": 3.8147209673844555},
{"mapping": [0, 1, 12, 6, 4, 7, 14, 8, 10, 13, 11, 15], "R": [[0.24544772754734426, 0.9619674840516819, 0.11989150374034967], [-0.9337988571072788, 0.20140310956021232, 0.2957304210334427], [0.26033652741592916, -0.1845409089788894, 0.9477180727443477]], "T": [-0.02101092975550441, -0.10597062375149588, -0.04679383525840278], "aligned_model": [[-0.09405830508364842, -0.6429958493121629, -0.4705446647000025, 0.5861023482543197, 0.5033513657941059, 0.22931814838959588, 0.5462370754572623, -0.2202679174246315, -0.5876795850514668, 0.05652856350150644, 0.02248336152352332, 0.0761673184760502], [-0.22080876858408557, 0.01093122189541984, -0.4238299854542422, -0.48712798395172596, -0.287231554514742, 0.259116358694335, 0.10502609855787823, 0.5714020605394033, 0.24472983862646283, -0.2941496066749381, 0.42801908694836255, -0.06926075917686224], [-0.759944741414554, -0.099626557972999, 0.27584897385570184, 0.217386671457346, -0.502921426798328, -0.6592320336152754, 0.4752388489021844, -0.013391199282839633, 0.40269778841351533, 0.5303169370879847, 0.5393016639925532, -0.07503296921517139]], "inverted": false, "swapped": false, "error_lsq": 0.046689008703905105, "error_max": 0.22481020334395355, "target": "936.xyz", "model": "13.xyz", "model_rescale": 4.170626492500431, "target_rescale": 3.8147209673844555},
{"mapping": [4, 8, 2, 6, 5, 12, 11, 10, 1, 3, 9, 13], "R": [[0.679466673611365, -0.5095324861438125, -0.5279220444493795], [-0.4422856798184691, 0.2896550515690438, -0.8488128937098266], [0.5854130310123118, 0.8102324337279029, -0.02854796763936425]], "T": [-0.1667186143550855, -0.03606727565397693, 0.05102164340759453], "aligned_model": [[-0.2733321888336502, -0.5011325165539906, -0.36870499695539793, 0.4848411521230013, 0.6428268231755745, 0.15353757179341665, 0.48310756488586715, -0.10620362776597744, -0.5432551853108162, 0.05625148670504124, 0.04188173505895362, -0.06517595849757038], [-0.37229004981560887, 0.25989647229339957, -0.6594136367510226, -0.565771197191593, -0.14568093081165162, 0.22934232065990295, 0.14323377014645855, 0.512324656517137, 0.20888569957814979, -0.2952364184992525, 0.5642581320590031, -0.04273281127965701], [-0.5643245375872831, -0.5423830201416285, 0.11079607429117634, 0.09973399548362928, -0.3487793815191729, -0.5512240229149555, 0.2637109070743841, -0.0670144955608661, 0.6747465190965279, 0.6498449010220311, 0.5534176401496701, 0.05211737601660448]], "inverted": true, "swapped": false, "error_lsq": 0.04447704852368405, "error_max": 0.31743287704018297, "target": "936.xyz", "model": "14.xyz", "model_rescale": 3.9786697098870705, "target_rescale": 3.8147209673844555},
{"mapping": [10, 4, 5, 7, 6, 1, 9, 0, 2, 8, 3, 11], "R": [[-0.30806102341195557, -0.6380619128971461, 0.7056737214636898], [-0.08231353829396565, -0.7210896713996726, -0.6879347114474164], [0.9477989698601208, -0.2700123721438461, 0.16961848844199373]], "T": [0.03357170954743896, -0.028894716214135287, -0.00548689751990529], "aligned_model": [[-0.1669547508282037, -0.5427867339228606, -0.4622790792436091, 0.2780085352158198, 0.762605308417959, 0.14074401895329372, 0.5177752915845699, -0.10535273917749163, -0.6249512999698214, -0.05017905989742745, 0.1285170762497357, 0.12949529244248734], [-0.44415218157380654, -0.03944251486567094, -0.5798883323953369, -0.6378109787009846, -0.045096956708969495, 0.18796123981620416, 0.22061705652636726, 0.652592712152531, 0.25613944718187415, -0.204581046787107, 0.47578475836175105, -0.005307196101586649], [-0.6980700078028258, -0.21191949832522322, 0.3030542146723039, -0.08515890594763606, -0.314684552628674, -0.6396475096073521, 0.2956858676092272, -0.014457326907910711, 0.48333862135211547, 0.47860839050631776, 0.7570307990525946, -0.023138136562819586]], "inverted": false, "swapped": false, "error_lsq": 0.04970629087857383, "error_max": 0.26638833640734855, "target": "936.xyz", "model": "15.xyz", "model_rescale": 3.769337070930944, "target_rescale": 3.8147209673844555},
{"mapping": [6, 3, 7, 5, 10, 9, 8, 2, 1, 0, 11], "R": [[-0.6586095788752893, -0.0037041056197236744, 0.7524757153658], [-0.35374278078756755, 0.8841267713315382, -0.30526365203795425], [-0.664153195922743, -0.46723241734326204, -0.5836046611612853]], "T": [-0.09036755529126747, 0.04705145849151187, -0.02100365289618369], "aligned_model": [[-0.2272727952771337, -0.284455394351084, -0.03220361983495992, -0.6607315012560656, 0.29446163440949624, 0.3876700851897925, 0.6680196089322803, 0.297155585120762, 0.08106228957791847, -0.48736071521346114, -0.1137190466063746], [-0.12559734199388944, -0.6927000190182833, 0.6760642209327108, 0.4093174477872727, 0.27329268716732835, -0.3721340412732607, 0.23851305162012487, -0.381257071191476, 0.42740537780316773, 0.10010231915772352, 0.043057866633923435], [-0.6887448070856459, -0.09810017241154438, -0.152376371610603, 0.12631345239611322, -0.7021193104904234, -0.3606315292367738, 0.03960438383148232, 0.4133474430892993, 0.5394872933147016, 0.6146321412188429, 0.012805084208328255]], "inverted": false, "swapped": true, "error_lsq": 0.03839830639255184, "error_max": 0.17979902661163993, "target": "936.xyz", "model": "16.xyz", "model_rescale": 3.7852294659196426, "target_rescale": 3.8147209673844555},
{"mapping": [10, 9, 11, 7, 5, 4, 1, 0, 8, 2, 3, 12], "R": [[-0.8404261017528714, -0.36363096355466695, 0.4018164877612376], [-0.14203515864778438, -0.5677397727770668, -0.8108622349788793], [0.5229818172751047, -0.7385418557883833, 0.4254949424473574]], "T": [0.02477120531409881, -0.026548387400817615, 0.041393898474691965], "aligned_model": [[-0.23079917595650196, -0.7913428146540316, -0.38423108303240006, 0.3285002680542556, 0.5899338237849648, 0.3624475899222487, 0.6509432242349604, -0.2036489238187756, -0.5436466652464266, 0.14035212103033792, 0.13167124149727585, -0.045537745991455866], [-0.22826606268945743, 0.04425508792450688, -0.6087301002056307, -0.6489951729466311, -0.13949255835504548, 0.35339382452918716, 0.10437527189867163, 0.5838844066169054, 0.06369136863058666, -0.21671286264459053, 0.5889501650902362, -0.05953736094347333], [-0.6956602616604277, -0.2346614579398423, 0.21947718190201176, 0.14972515336953499, -0.27490317626834004, -0.45196728763675964, 0.29638753055846145, -0.16095037333293408, 0.34629359035925233, 0.6111004416245185, 0.533561842684805, -0.0077612282501625385]], "inverted": false, "swapped": false, "error_lsq": 0.04022163328753637, "error_max": 0.2923076735528464, "target": "936.xyz", "model": "17.xyz", "model_rescale": 3.901054581598922, "target_rescale": 3.8147209673844555},
{"mapping": [5, 13, 8, 4, 10, 9, 6, 12, 0, 1, 7, 14], "R": [[-0.38319209509876134, 0.6204642057075395, -0.6842426380236282], [-0.8436432593322521, -0.5367155820717534, -0.014227963474560179], [-0.37607162780124254, 0.5718046461835466, 0.729115613168332]], "T": [-0.04759425736171098, -0.012553020497210991, 0.015103675810005804], "aligned_model": [[-0.2739956316551684, -0.5192532188422352, -0.23319493668210378, 0.4008755389547332, 0.6055006051015612, 0.07358660915858804, 0.5482458186896028, -0.10146799872313349, -0.5303151585917816, 0.05426735422478267, 0.018625146356989156, -0.03823226816738302], [-0.28308398810169766, 0.24612409878894073, -0.6491150042245075, -0.6430290154291669, -0.2662623180567478, 0.15745999841998293, 0.21253219396684245, 0.7227987760708431, 0.046958073980162225, -0.17852014263149013, 0.43735709134383804, 0.03359624277826627], [-0.5003004959626276, -0.47287805572664715, 0.04266235590994225, 0.17926466848565767, -0.41098603432717484, -0.6098766377378252, 0.4126423472257264, -0.07616767431186328, 0.5972922016753124, 0.6842558826294287, 0.49767274405988726, -0.012939346509698987]], "inverted": true, "swapped": false, "error_lsq": 0.043473212407093516, "error_max": 0.2548942607126563, "target": "936.xyz", "model": "18.xyz", "model_rescale": 3.9405287249114394, "target_rescale": 3.8147209673844555},
{"mapping": [9, 11, 13, 4, 8, 5, 1, 10, 14, 12, 3, 15], "R": [[-0.4488495163334118, -0.4640442196516473, -0.76367340787483], [0.820269285358281, -0.5530092119693505, -0.14607912573278026], [-0.3545312555827451, -0.6919853854561757, 0.6288591377486621]], "T": [0.0992220879759549, -0.08740902925891597, 0.04682938314519458], "aligned_model": [[-0.2098453857073611, -0.5049345876236164, -0.48389378194430277, 0.4382157389144136, 0.5937318249687702, 0.19259854832922924, 0.5724199268820599, -0.28903255924912336, -0.5470856972212882, 0.08212428491938063, 0.06471599354478715, 0.09562755401150283], [-0.3417942568442348, 0.11062631586890717, -0.41987996941579725, -0.6963313192453913, -0.23155460613164452, 0.2193417591219714, 0.2811681055633202, 0.5959538614325788, 0.10484869070624916, -0.20629133803952385, 0.4703178198502073, -0.049589055961376576], [-0.6079799781607611, -0.2922722466185012, 0.07455665438323178, 0.26810291973988054, -0.5072052080341668, -0.7202738910222838, 0.3220640555981067, 0.0601532519685104, 0.42769967337983117, 0.5813513415332703, 0.6896191513461841, 0.034826231296815405]], "inverted": false, "swapped": false, "error_lsq": 0.04002932955493759, "error_max": 0.20959310949957008, "target": "936.xyz", "model": "19.xyz", "model_rescale": 4.410303926677745, "target_rescale": 3.8147209673844555},
{"mapping": [5, 8, 1, 0, 3, 10, 6, 9, 7, 2, 4, 13], "R": [[-0.7739805810367437, 0.5534078798619869, -0.3077235426233835], [0.14634215177143464, 0.6291505795035481, 0.763382946446445], [0.6160665830841103, 0.5458106510659262, -0.5679372310300308]], "T": [0.03663146294624309, 0.04422236269367931, 0.09281122436537384], "aligned_model": [[-0.12466845744666616, -0.6114131052383532, -0.3931828832019939, 0.3794470727262308, 0.5725610066987776, 0.11887632720170996, 0.5931290239097194, -0.2783172514030987, -0.5944605470756837, 0.033280446709853834, 0.32188597335108005, -0.01249574640712428], [-0.1990751851393081, 0.11638469354809557, -0.5673473588283109, -0.55508120715587, -0.31916609648190775, 0.3757407949580395, 0.18678142428370104, 0.5885140914038769, -0.049938796520270404, -0.1866148061725974, 0.38485962765078685, 0.06175882535903009], [-0.6906805508742115, -0.31448279358649645, 0.15885662341083095, 0.2837878234017607, -0.23382473136148693, -0.6544941512206794, 0.17339163004077932, -0.1872076110296322, 0.4085796774186864, 0.7135460307956861, 0.6384205287490877, 0.03474947966579253]], "inverted": false, "swapped": false, "error_lsq": 0.04129763650467546, "error_max": 0.2429936614058464, "target": "936.xyz", "model": "20.xyz", "model_rescale": 4.121658175737393, "target_rescale": 3.8147209673844555},
{"mapping": [7, 11, 9, 8, 5, 3, 1, 4, 10, 6, 2, 12], "R": [[-0.43781377467634197, -0.3729316718580743, 0.818071553611782], [0.7428696497683411, 0.3624782676042363, 0.5628091941037332], [-0.5064225332237056, 0.8541261462101328, 0.11834164188277779]], "T": [0.05299827908150563, -0.0441197481337837, 0.043745705542213055], "aligned_model": [[-0.07672405790680716, -0.6845689895750128, -0.4395291719047838, 0.2541455269309495, 0.5357194102834009, 0.18057434027193747, 0.6646833839624547, -0.2845816157204688, -0.5438671882024918, 0.15429581671463055, 0.1469667844097522, 0.0975276205608908], [-0.14233631136827846, 0.07420173326287818, -0.5727275513593175, -0.650670910608896, -0.3979585169494641, 0.42538029412252004, 0.2416483540528476, 0.41947609233900696, -0.015439400172121982, -0.13289945922709429, 0.6243239297527043, -0.036182246939519394], [-0.619838261782103, -0.4216181890474304, 0.01818449323400575, 0.2566742725527836, -0.28134192135384456, -0.45217239443039703, 0.20669597474381868, 0.05956699653669173, 0.5453452403024103, 0.6797342540552844, 0.3909698459890982, -0.051558355390200185]], "inverted": false, "swapped": false, "error_lsq": 0.05516636464563577, "error_max": 0.2620218200860698, "target": "936.xyz", "model": "21.xyz", "model_rescale": 4.08911054899281, "target_rescale": 3.8147209673844555},
{"mapping": [11, 1, 6, 10, 9, 15, 12, 2, 0, 7, 13, 16], "R": [[0.747729842074596, 0.5783402559415762, 0.32622481761590705], [0.3063192847920382, -0.7363407290951903, 0.6032999473231022], [0.5891252659966248, -0.3511764215219977, -0.7277407106459075]], "T": [0.014460621182706607, 0.020654678061054567, -0.023817313768414006], "aligned_model": [[-0.14717677012974598, -0.6831343539125879, -0.361075201776462, 0.41617023774393824, 0.6475957238999605, 0.07114332380402918, 0.6604076760179431, -0.2916042865909746, -0.5845886158836899, 0.08115554738979794, 0.1982432967329857, -0.002494717470742345], [-0.20736787190723138, 0.12272715307941773, -0.5304530377927192, -0.6146629309935727, -0.2251735843265364, 0.39213278007600605, 0.06351954638706381, 0.6422374515850762, 0.0599802894249559, -0.2234373380307541, 0.3196352632585492, 0.03767828614501097], [-0.7363986078634198, -0.3884278482177911, 0.30907495071393276, 0.26967259883894734, -0.23888943813888813, -0.6485557461071692, 0.3309847598545607, -0.22682706048252002, 0.4657466820894289, 0.6408382831446794, 0.5361509923621943, 0.017272389216162323]], "inverted": false, "swapped": false, "error_lsq": 0.03918170252135658, "error_max": 0.22779240572711698, "target": "936.xyz", "model": "22.xyz", "model_rescale": 4.204369325754507, "target_rescale": 3.8147209673844555},
{"mapping": [9, 11, 13, 4, 8, 5, 1, 10, 14, 12, 3, 15], "R": [[-0.4488495163334118, -0.4640442196516473, -0.76367340787483], [0.820269285358281, -0.5530092119693505, -0.14607912573278026], [-0.3545312555827451, -0.6919853854561757, 0.6288591377486621]], "T": [0.0992220879759549, -0.08740902925891597, 0.04682938314519458], "aligned_model": [[-0.2098453857073611, -0.5049345876236164, -0.48389378194430277, 0.4382157389144136, 0.5937318249687702, 0.19259854832922924, 0.5724199268820599, -0.28903255924912336, -0.5470856972212882, 0.08212428491938063, 0.06471599354478715, 0.09562755401150283], [-0.3417942568442348, 0.11062631586890717, -0.41987996941579725, -0.6963313192453913, -0.23155460613164452, 0.2193417591219714, 0.2811681055633202, 0.5959538614325788, 0.10484869070624916, -0.20629133803952385, 0.4703178198502073, -0.049589055961376576], [-0.6079799781607611, -0.2922722466185012, 0.07455665438323178, 0.26810291973988054, -0.5072052080341668, -0.7202738910222838, 0.3220640555981067, 0.0601532519685104, 0.42769967337983117, 0.5813513415332703, 0.6896191513461841, 0.034826231296815405]], "inverted": false, "swapped": false, "error_lsq": 0.04002932955493759, "error_max": 0.20959310949957008, "target": "936.xyz", "model": "23.xyz", "model_rescale": 4.410303926677745, "target_rescale": 3.8147209673844555},
{"mapping": [13, 7, 11, 9, 15, 12, 4, 0, 1, 10, 3, 16], "R": [[-0.6167278633739801, -0.4536909196685862, 0.6432816583336093], [-0.6390251821804338, -0.18864542228599807, -0.7456941203937453], [0.4596667913580764, -0.8709635205109398, -0.17357703437310107]], "T": [0.08338144965881691, -0.10094913561058484, -0.05082400221552279], "aligned_model": [[-0.19321528686076336, -0.5451986709258169, -0.3126832527503528, 0.3184174564852164, 0.663069700871154, 0.037804989033805164, 0.5483402476574535, -0.14892066967243356, -0.5749272881739799, 0.12548561982018175, 0.03275638073554274, 0.053712633604444567], [-0.21630959448289455, 0.044886936748486025, -0.5639108970391227, -0.6339977516348226, -0.453788509665791, 0.4338283825878969, 0.23965487734173813, 0.6140623532290537, 0.11791950706249942, -0.2634579688388296, 0.5347961385194913, -0.016867466922439206], [-0.6867271659949028, -0.2106669522852242, 0.12099172922745201, 0.17947413515890243, -0.27168617271437034, -0.6492482890305442, 0.32558879713591715, -0.12279696427559585, 0.45421210789717953, 0.578145046509001, 0.5836175108113675, 0.029738172970935492]], "inverted": false, "swapped": false, "error_lsq": 0.036672549788712726, "error_max": 0.2309477128720995, "target": "936.xyz", "model": "24.xyz", "model_rescale": 4.28219845311461, "target_rescale": 3.8147209673844555},
{"mapping": [2, 14, 12, 7, 4, 0, 3, 8, 11, 9, 5, 15], "R": [[-0.27607136357603734, 0.5388229968123395, 0.7958984736255229], [0.9596397978700666, 0.10832254839335759, 0.2595335890659754], [0.05362891530849101, 0.8354256421823181, -0.5469807453897224]], "T": [-0.02464070348958203, -0.014525311093761883, -0.0028373700814290567], "aligned_model": [[-0.16947931505919062, -0.7320398212860023, -0.5622777823445927, 0.430380405914691, 0.5939061634168399, 0.28101391041904983, 0.6891428156509817, -0.1629209837404531, -0.4506108085525144, 0.08034788123637493, 0.001457538816308248, 0.005721855352959448], [-0.21269452706501324, -0.08959188940467498, -0.48151268919619894, -0.6155634405871081, -0.1797570755352331, 0.30025123466014375, 0.08023179775145566, 0.6646499054873949, 0.034619070482484596, -0.2407026463884365, 0.5680527783650043, 0.008833488335447753], [-0.6420014826752503, -0.27504339840587094, 0.2751717311478053, 0.1901780765591675, -0.35603251512948786, -0.6906201521248666, 0.2827839228685759, 0.03647733714758799, 0.3327388069644946, 0.6254101081905578, 0.6178093348524314, -0.06622981398502681]], "inverted": true, "swapped": false, "error_lsq": 0.040723888717417105, "error_max": 0.2368312261381979, "target": "936.xyz", "model": "25.xyz", "model_rescale": 4.100010024507729, "target_rescale": 3.8147209673844555},
{"mapping": [4, 5, 6, 0, 10, 9, 8, 7, 2, 1, 3, 11], "R": [[-0.3409544416235758, -0.4140798403477314, -0.8439715365785467], [0.8728514694550483, 0.19395845892639316, -0.44778390824265013], [0.3491137078479146, -0.8893357082837146, 0.29529919905781143]], "T": [-0.010709100584643659, -0.03162669847247072, 0.0912064644195369], "aligned_model": [[-0.2297871509611638, -0.564765584099869, -0.4847525753053994, 0.3667011080417521, 0.5327779824098466, 0.25184184484605526, 0.5135575114192045, -0.1233625040162164, -0.5381882186182149, 0.22376245055379582, 0.0696635832509879, -0.012806587696327011], [-0.448944256650902, 0.08541574121404355, -0.47166956515366143, -0.6879119786362436, -0.12259953287469544, 0.3148235745399932, 0.2356488226926524, 0.6143076434761, 0.0632946202154428, -0.30344112336029666, 0.5842514412287908, -0.02635937978595771], [-0.6461472117165901, -0.40225949257091415, 0.04508491088273105, 0.11748652147409605, -0.24248215773209997, -0.6090435705836335, 0.2660382243452796, -0.07801021112428284, 0.6016112152612106, 0.6997182259228266, 0.6130359147027846, -0.03439041345129014]], "inverted": false, "swapped": false, "error_lsq": 0.04066810849872841, "error_max": 0.21034038801561064, "target": "936.xyz", "model": "26.xyz", "model_rescale": 3.6694154284099745, "target_rescale": 3.8147209673844555},
{"mapping": [1, 6, 3, 7, 5, 0, 8, 2, 12, 9, 10, 13], "R": [[-0.5048204010203929, 0.8327339265542003, -0.22739958284753622], [-0.7548156773366214, -0.29801916635068915, 0.5843268517999992], [0.4188193595817503, 0.4666248858057874, 0.779006777882111]], "T": [0.07629937667710751, 0.06950383651132135, 0.09099440390388716], "aligned_model": [[-0.10409408920644328, -0.507130021436533, -0.34303898478837774, 0.22977194269287682, 0.5505886370829154, 0.17977401282168298, 0.6580946727222825, -0.2857344434279037, -0.6737488963630127, 0.003286944805232811, 0.24956958857302453, 0.047302496348707285], [-0.2894448769898969, -0.03687586285509291, -0.6031526704999903, -0.540863226959129, -0.21383752358996733, 0.3553097102107236, 0.04166992172582089, 0.6151805734310549, 0.060650699174052344, -0.15255174386557785, 0.4848641508726382, 0.11586685625062991], [-0.6953011335615685, -0.25467007038275125, 0.24758234249535663, 0.09616586689208881, -0.47534990024405244, -0.49598203971783994, 0.3538569138163318, -0.09148315112162037, 0.34999637962274177, 0.7314817492011897, 0.4901735151006641, 0.07417148330957685]], "inverted": false, "swapped": false, "error_lsq": 0.04407462748563943, "error_max": 0.22617690904068544, "target": "936.xyz", "model": "27.xyz", "model_rescale": 4.103607728864725, "target_rescale": 3.8147209673844555},
{"mapping": [4, 1, 7, 11, 13, 2, 10, 0, 5, 6, 9, 14], "R": [[-0.07675330040014766, 0.921950216370377, -0.3796270925688787], [0.6179878929897316, 0.3427822593384047, 0.7075247605568098], [0.7824320385795798, -0.1803000865708998, -0.5960637413789983]], "T": [0.18424816646483075, 0.003899354524991067, 0.03309222340063412], "aligned_model": [[-0.029494374572828247, -0.6283665747519972, -0.37768581342658225, 0.3848531417283879, 0.4952319403911708, 0.0631467587706177, 0.5625189975537838, -0.2782250816065769, -0.409518784250297, 0.11043587442048303, 0.0456853483210313, 0.066060427247259], [-0.2860090862564642, 0.13735504903743878, -0.4277650915096653, -0.6107933816011313, -0.3952713564291172, 0.2980657561477622, 0.19163454002170374, 0.5429164475840335, 0.04462387736620805, -0.18957488422198793, 0.4646651879086024, 0.06696894885788299], [-0.7986989218088756, -0.32004753934802166, 0.16717150530642927, 0.2654103619791286, -0.37166000800102705, -0.6303241492062468, 0.3184725919958477, -0.03950811537342968, 0.45844235195319866, 0.6317463199675135, 0.6953754847528639, -0.04573792680726383]], "inverted": true, "swapped": false, "error_lsq": 0.04070043640507287, "error_max": 0.2196985246226572, "target": "936.xyz", "model": "28.xyz", "model_rescale": 4.137296879288765, "target_rescale": 3.8147209673844555},
{"mapping": [9, 10, 7, 5, 0, 8, 2, 6, 4, 3, 11], "R": [[-0.657049946262423, -0.43508522619285495, 0.6156185621513207], [-0.2715228229594828, -0.6252366779329879, -0.7316792010023483], [0.7032501153420884, -0.6479042695615098, 0.2926761567933165]], "T": [0.011960481408879139, 0.03748650324743264, -0.08868851899152], "aligned_model": [[0.48840783712229013, 0.08944056200943164, -0.18663893086380454, -0.5819176475015969, -0.18419667054071442, 0.6445448937803857, 0.6272822681683929, -0.23942211360213164, -0.5056931470029189, 0.06777339256192905, 0.0018385665786353807], [-0.3467691928728549, -0.77012754809635, -0.24896894907971479, 0.2961554472860103, 0.7435039025303236, -0.23285115543104495, 0.38497323665834426, -0.4722599230965472, 0.2755488984323227, 0.2124877628436303, 0.07745533747383206], [0.29200695057723125, -0.1590697593950338, -0.6316438000240242, -0.3308726488605769, -0.25455783276450733, -0.46583103601021647, 0.0626895652224379, 0.32530939621818544, 0.40078133190436316, 0.6577066103860655, -0.09076475547092605]], "inverted": false, "swapped": true, "error_lsq": 0.03999557370871147, "error_max": 0.23509007202957152, "target": "936.xyz", "model": "29.xyz", "model_rescale": 3.607286011436655, "target_rescale": 3.8147209673844555},
