[{"mapping": [10, 11, 12, 9, 8, 3, 5, 1, 13, 6, 2, 14], "R": [[0.25879280667914634, 0.9532784052974024, 0.15584147459765474], [0.9020554741986335, -0.29620914339428067, 0.31393640253705074], [0.34543046287119594, 0.059333172536684076, -0.936566799516897]], "T": [0.09822077630227763, -0.0955236250412874, 0.007591460308390183], "aligned_model": [[-0.19681354768962797, 0.034120833547360035, 0.45186285113132163, -0.12119592487623188, -0.13189523141717155, -0.5471054307132673, 0.31462801616625247, -0.2683801978912108, 0.5347043735623008, 0.14738674499709054, -0.4741779521021253, 0.09450792774585784], [-0.45477037816911464, -0.8374540956577263, -0.22697140326180737, 0.6291636604093417, 0.3264330579314437, -0.4863380309068716, -0.33514341969798134, -0.402142589177762, 0.39102642377924446, 0.34339149849627426, 0.16264769228223336, -0.05628738005021691], [-0.5605286892960063, 0.021467131460911712, -0.5379006576263649, 0.025958132252321894, -0.6403569841921714, -0.05136322025052341, 0.5631363054140138, 0.5949093700945237, -0.18153644449673556, 0.546191993364133, 0.40634908526567765, -0.004374276636217641]], "inverted": false, "swapped": true, "error_lsq": 0.04674185519238896, "error_max": 0.2962178057070901, "target": "937.xyz", "model": "0.xyz", "model_rescale": 3.751011558992144, "target_rescale": 3.9787378328778216},
{"mapping": [13, 0, 2, 3, 6, 1, 8, 4, 9, 5, 12, 7, 11, 10, 14], "R": [[-0.8946156066539573, -0.30698171830678966, 0.3246923789628934], [0.40193297925498295, -0.8703227381701467, 0.2845842785735576], [0.19522498948235545, 0.38509811223820567, 0.9019903810086807]], "T": [0.0631903221856984, -0.02883656217246322, -0.0421456788840368], "aligned_model": [[-0.012360604231380468, -0.2564673847310762, 0.24736359725528603, -0.4439746264688742, -0.2592068320644798, -0.043941457106897924, 0.6216482206231804, 0.6060382384419483, 0.1646309334621583, 0.4998312332651764, -0.5770357603005937, -0.5356895289486346, -0.3056422313115037, 0.5103412072217776, 0.03277424307712871], [-0.6954460066281628, -0.20830238097343473, -0.7489671016709966, -0.5664454161868383, 0.6482482730538387, 0.3775760859907808, -0.10270631015226596, 0.5203516695860467, -0.21802889433905734, -0.4239656503379024, -0.2081640381849074, 0.18720156249920814, 0.3459974651115267, 0.39501372815997554, -0.03861346862955285], [0.23610978715493186, -0.7063109360228693, -0.4044029256297741, -0.2349313745523881, -0.005513096281942291, -0.598056724568846, -0.39298223363006735, -0.2132666764968871, 0.5808356090913865, 0.16594988919191322, 0.289407218446801, -0.22747640054375184, 0.5580151232327583, 0.49902043750299224, 0.002386182464418428]], "inverted": false, "swapped": false, "error_lsq": 0.0328219209957868, "error_max": 0.21615513070163145, "target": "937.xyz", "model": "1.xyz", "model_rescale": 3.9405287249114394, "target_rescale": 3.9787378328778216},
{"mapping": [12, 13, 8, 5, 6, 10, 4, 7, 2, 3, 1, 11, 14], "R": [[-0.7906097011852344, -0.39955786170504776, 0.4639933356649472], [-0.07610412393212798, -0.6877668976406502, -0.7219313380303412], [0.6075725987174848, -0.6060777257575511, 0.5133471804035132]], "T": [-0.053069589921605126, -0.012149546569701953, -0.05504017613275271], "aligned_model": [[-0.3295823156755763, 0.2511420992614958, -0.4555259560658217, 0.3566684077976616, 0.5632187481053499, -0.7813399091908065, 0.007700185140013499, 0.8303555872510818, 0.060782342853483246, -0.6028955580747402, 0.050622273237615006, -0.4090595192018498, -0.04610310615397513], [0.586652785146545, 0.4914666214891857, 0.23982164792011013, -0.20194723449427576, -0.2612540792486309, 0.06852490979331309, 0.28507540016481253, 0.28323774144398634, -0.6823250097015303, -0.5204405777370492, -0.6867477922316112, -0.13903755916219984, -0.004194259810638097], [0.014812284416192353, -0.39686505599718747, -0.7072498023589796, 0.4020937487336739, -0.2631024950816886, -0.010565908124880966, 0.6012123659902219, 0.010576244232736176, -0.3570384589896796, 0.05445457274702528, 0.2728607160095775, 0.5867797072080642, -0.09484756919643092]], "inverted": true, "swapped": true, "error_lsq": 0.04481430590006574, "error_max": 0.24995613440556022, "target": "937.xyz", "model": "2.xyz", "model_rescale": 3.932901565614263, "target_rescale": 3.9787378328778216},
{"mapping": [6, 1, 2, 5, 9, 8, 0, 13, 4, 12, 3, 11, 10, 14], "R": [[0.7326976002139628, 0.5833622540259593, 0.35048923980409447], [0.2604132521795005, -0.7161363335081168, 0.6475597964040442], [0.628760021574206, -0.3831934660289804, -0.6766266347570873]], "T": [-0.053700647662964784, -0.045587368126174616, 0.04298048592567486], "aligned_model": [[-0.33375626461427094, 0.44693042460515964, 0.26615431524894134, -0.061041942533971744, -0.3108317496103967, -0.14820246787789312, 0.23283069003881834, -0.7017451687709518, -0.12602707743213248, -0.2802266982349715, 0.6941646645805158, 0.4419630517132991, 0.3742822749866703, -0.07468414004611244], [-0.004647953095313545, 0.2935691036832758, -0.28499312157934653, 0.5321165687459779, -0.619463808858549, -0.8005764210104922, -0.606436329009183, -0.24321656581296033, 0.5859227437326822, -0.08314190759214987, -0.15632227562712847, 0.4116950824516603, -0.28130591949108064, -0.07970255818690415], [-0.5934526433711719, -0.4127554109627812, -0.5844572119720994, -0.2382384342989862, -0.37915943432802207, 0.3111202667223539, -0.10745705737963093, 0.10622006169817336, 0.38746110909931714, 0.6652171701505717, 0.07603684169365799, 0.359164637417197, 0.590822953077935, 0.03337351551058304]], "inverted": true, "swapped": true, "error_lsq": 0.04413651181342811, "error_max": 0.23634598636833512, "target": "937.xyz", "model": "3.xyz", "model_rescale": 3.9243930471874484, "target_rescale": 3.9787378328778216},
{"mapping": [6, 9, 7, 5, 4, 2, 1, 13, 12, 10, 11, 3, 14], "R": [[-0.0690461966419865, -0.9932983269892794, 0.09268795137219854], [0.3497255955629668, -0.11111387397187555, -0.9302396007583695], [0.9343043564799454, -0.03181415740297194, 0.35505383936993923]], "T": [-0.0095543982904168, 0.027957249151265684, -0.12125302602039671], "aligned_model": [[0.013938657974272968, -0.40412564922256766, 0.6507317858133183, 0.3528678754833956, 0.6039890568207197, -0.5532783868897758, -0.17829500474104068, 0.24615856175903508, 0.26831697648155434, -0.2925024592025959, 0.12555631878783963, -0.5307975747165452, -0.0253542720362579], [-0.5196505654414447, -0.06616866423587553, -0.35828234456710245, -0.4712905046276769, 0.0722864459245087, -0.4713486418272264, -0.5923320781812003, 0.2569216557716534, 0.6296356660284381, 0.5607319811617946, 0.04580967786918935, 0.0045745073555832905, 0.03694241845094618], [-0.5510530609901052, -0.7608673828441246, -0.6568278009400657, 0.05841775680082771, 0.25861851090882515, -0.2126763725184051, 0.27889888105416044, -0.7087940268229024, -0.0953017647030495, 0.29702375568032785, 0.6109959378298214, 0.42684939695204355, -0.15821351503638953]], "inverted": true, "swapped": true, "error_lsq": 0.05005956945979925, "error_max": 0.3437283172268854, "target": "937.xyz", "model": "4.xyz", "model_rescale": 3.8936222436046832, "target_rescale": 3.9787378328778216},
{"mapping": [9, 8, 2, 6, 3, 10, 12, 4, 7, 13, 5, 14], "R": [[0.7380301482535458, 0.6062789649193024, -0.29620485641735933], [-0.48616775254474665, 0.1733661249369179, -0.8564958278415294], [-0.4679235158168898, 0.7761249921376946, 0.4227027086793088]], "T": [-0.13580833411597543, 0.0410853974727205, 0.0006026048244834603], "aligned_model": [[0.0009628250530640814, -0.5044792105261273, -0.22140214411633025, 0.3783969915015564, -0.7894044244461598, -0.8131781040544288, -0.241898578130426, 0.046456170000919145, 0.796345335715563, 0.2634871960927127, 0.24212787922374485, -0.12986589409899138], [-0.47632978648015817, -0.6750652941310473, 0.15601481206066972, 0.0505548243223059, 0.36031237019329265, -0.024742736193116566, -0.24400360824902606, 0.4380873883207255, 0.010570429102746554, -0.4910404594117442, 0.5606145472155768, 0.003950418359582507], [-0.535333830326853, -0.04465198441462295, -0.72930513330494, -0.4691393726667037, -0.20811672404972476, 0.27574045744452524, 0.5899853371461788, 0.5766860218458244, 0.04705237047760821, 0.1435130559840313, -0.010951424524172637, -0.016194054335632778]], "inverted": false, "swapped": true, "error_lsq": 0.04161899555819048, "error_max": 0.22853908277643956, "target": "937.xyz", "model": "5.xyz", "model_rescale": 3.6523030999806103, "target_rescale": 3.9787378328778216},
{"mapping": [7, 5, 4, 13, 12, 6, 11, 9, 2, 0, 10, 8, 14], "R": [[-0.20948422701483138, -0.4583435608340819, -0.8637346461002551], [0.9700269972235301, -0.20865659860204308, -0.1245393452581447], [-0.12314212638045546, -0.8639349536288945, 0.48831589428231786]], "T": [0.024769888689165062, 0.032199759002610885, 0.03582749569432106], "aligned_model": [[0.2416193801204442, -0.3116333511814431, 0.11317589725853759, 0.5898802498854011, 0.5903899444901665, -0.18417547462034262, -0.26583525776016453, 0.10949983835063075, -0.5325410882439591, -0.11689188865346266, 0.12664567286057232, 0.47728743695455755, 0.04366154520335672], [-0.5327913452889801, -0.0038388148423595045, 0.46239022197564267, -0.3357801668850971, 0.3782871924800358, -0.6000613970591118, 0.6942518217954993, -0.6192612553482907, -0.3560273612017002, -0.10824548342020124, 0.6139542809003309, -0.054405585375769415, 0.002354796433184255], [0.7469959415224664, 0.5821002259125428, 0.6101301831171833, 0.1267081805103212, 0.04998119069343834, 0.2401360320861579, 0.21470699465686857, -0.34109698944748656, -0.2674620605993807, -0.5802003393629794, -0.40011629334709253, -0.6264152006653784, 0.01464187440512852]], "inverted": true, "swapped": true, "error_lsq": 0.05381868604649268, "error_max": 0.2965247481928057, "target": "937.xyz", "model": "6.xyz", "model_rescale": 4.08911054899281, "target_rescale": 3.9787378328778216},
{"mapping": [13, 5, 7, 12, 8, 4, 6, 3, 1, 2, 11, 10, 9, 0, 14], "R": [[-0.3337746984034873, 0.35270812098899584, 0.8741804345179964], [0.9080090070769483, 0.3693974692956978, 0.1976490646197659], [-0.25320761002149106, 0.8597339652859748, -0.44355767963237724]], "T": [-0.03192970029320851, -0.0711655521266595, -0.05492410613791009], "aligned_model": [[-0.12912787829368888, -0.19181793936339067, 0.3348946595960693, -0.5362574017751608, -0.30301782769953456, 0.059225561033978476, 0.4501118265161569, 0.4307225009165705, 0.15890373261631482, 0.5971836686631509, -0.5137488809647214, -0.6996841818569957, -0.10247201193859207, 0.7641048500556938, -0.07071142932263569], [-0.7528871708334409, -0.20077838791149483, -0.617488949445012, -0.5506904474197258, 0.5518334447311991, 0.3628650705506303, -0.025005089070471623, 0.5707754242447601, -0.18265777849445214, -0.5096452287670646, -0.13871318212529338, 0.06877443722677272, 0.4508941998271713, 0.23443010380968693, 0.0020430709749932746], [0.19347611755928387, -0.7885026591165107, -0.4626735378625981, -0.20890904800984014, -0.11435852695966126, -0.602790537499598, -0.17595362540990234, -0.07270499016621332, 0.644431413750876, 0.19425752533792667, 0.27343340904296154, -0.286862999455142, 0.5256227959857863, 0.3420601162532874, 0.08825842590801983]], "inverted": true, "swapped": false, "error_lsq": 0.044060880129713445, "error_max": 0.29689655102825413, "target": "937.xyz", "model": "7.xyz", "model_rescale": 3.964800864290218, "target_rescale": 3.9787378328778216},
{"mapping": [4, 11, 5, 12, 6, 10, 13, 1, 3, 0, 8, 9, 2, 14], "R": [[-0.031741209225546366, -0.38989098648065323, -0.9203138129453688], [0.9931173483563895, 0.0915584820315314, -0.07304092525191208], [0.11274053410585638, -0.9162980208585114, 0.38430132570718684]], "T": [-0.033944350491898714, 0.024753984896478537, -0.012154643115783098], "aligned_model": [[-0.1292628752347999, 0.16100347149985395, 0.3611262914767494, -0.6440276302424345, 0.2975116932205639, -0.2772699858671333, -0.5172424733966433, 0.7060625460185039, 0.3339269327316983, 0.06118529062321297, -0.5351797443642768, -0.05034884564383514, 0.5435384722896699, -0.04983525365025675], [-0.23269472571287278, -0.6183228545486784, 0.12573132885523558, -0.19610515968110775, 0.636893452724382, -0.6141607198508093, 0.5027396323136454, -0.11177934507265119, -0.5452084397866271, -0.013869838829571532, 0.03491029508518557, 0.5723028176967918, 0.2187966446447109, 0.051715378343569145], [-0.6809876370774002, -0.3334172855287265, -0.508745599781132, -0.14971378037221297, -0.03616454460404027, 0.25513662419329464, -0.04331375607220475, -0.09642939335495707, 0.32321235150611216, 0.6271745134745829, 0.6199038473245697, 0.5108882359352385, 0.4146490733853502, 0.014622389696547534]], "inverted": false, "swapped": true, "error_lsq": 0.038447770304612106, "error_max": 0.20052658150941294, "target": "937.xyz", "model": "8.xyz", "model_rescale": 4.121658175737393, "target_rescale": 3.9787378328778216},
{"mapping": [1, 5, 4, 11, 6, 2, 13, 8, 12, 9, 3, 10, 14], "R": [[-0.34236925283986486, 0.5207954829458634, 0.782020050672013], [-0.9296829642942526, -0.30817842169518006, -0.20178118421329383], [0.1359149756683351, -0.7961143921225472, 0.5896855043533147]], "T": [-0.00121464353670854, -0.07192373437092989, -0.06558423845421654], "aligned_model": [[-0.6101662199980034, -0.28986025093390244, 0.3196512168840492, 0.11489563463222403, -0.5122090514599145, -0.6875021846023215, 0.27917615972444393, 0.31624371025963993, 0.661905835861189, -0.29019216000424364, -0.20969491748228763, 0.3863995734618412, -0.0019098499075168238], [0.2957200061470209, -0.0836935308311682, 0.07037742444989298, 0.5637310789034977, -0.5365950352542718, -0.017335483129983453, -0.6848817652606994, -0.18631372819888353, -0.08339259103554586, -0.5380307430189217, 0.6189128547765991, 0.4717200056787003, -0.09983105381452728], [-0.32514126145025424, -0.6395398113010015, -0.6976431861639526, -0.43602117209452296, -0.15569311461088337, 0.21607142123272519, 0.027591374635211552, 0.6672002653132539, -0.0590587999742436, 0.4568034878120436, 0.1623154107853724, 0.2394906524139435, -0.03529983263860306]], "inverted": false, "swapped": true, "error_lsq": 0.043418026893053546, "error_max": 0.25004757906562575, "target": "937.xyz", "model": "9.xyz", "model_rescale": 3.833441315466971, "target_rescale": 3.9787378328778216},
{"mapping": [0, 8, 13, 10, 7, 9, 2, 3, 1, 5, 12, 11, 6, 4, 14], "R": [[-0.9835429835738935, -0.15551383329805513, 0.09197090363538285], [-0.1796210342856645, 0.8965259907015305, -0.40494126986365286], [-0.019480336360347746, -0.4147970535690729, -0.909705403328849]], "T": [-0.04480743473777143, -0.04518914506822078, 0.033662346415940056], "aligned_model": [[-0.028393195068429862, -0.29103967484171345, 0.3946142300554339, -0.5796829354405046, -0.23793516665353265, 0.16061402588317333, 0.5190043526805517, 0.47692060989095836, -0.011074680982750884, 0.554626259817294, -0.509953217150936, -0.6518533973797279, -0.043840657915692104, 0.5001175238686837, -0.0038148285795923803], [-0.7104726841617278, -0.11706658042453713, -0.6448794440167277, -0.5604045724952686, 0.5470402025198747, 0.2694241494738825, -0.08349320430824633, 0.6062906387990251, -0.4239867064155738, -0.3146793777485829, -0.09820421792269277, 0.17383356566450714, 0.24294197777126678, 0.3653360420629358, 0.012069728500123007], [0.17840814791277831, -0.7023829515085379, -0.2543770385161787, -0.3187797135159514, -0.2027272806878498, -0.6851774305486046, -0.41052153706198063, -0.2065371298695024, 0.6668948801310254, 0.19331654081420746, 0.4129364695304135, -0.187383649853974, 0.6486494108642485, 0.44650425357765383, -0.03003909190907242]], "inverted": false, "swapped": false, "error_lsq": 0.03913343773073607, "error_max": 0.23444767333176694, "target": "937.xyz", "model": "10.xyz", "model_rescale": 4.2482417240324, "target_rescale": 3.9787378328778216},
{"mapping": [4, 13, 8, 9, 11, 3, 10, 2, 6, 1, 5, 14], "R": [[-0.49546411732339857, 0.8550779127075898, -0.15283020527558394], [0.7033003889382152, 0.498162927768823, 0.5071511217735298], [0.5097880651450177, 0.14378964008726788, -0.8481984838699449]], "T": [-0.06326203186816755, -0.04090091423348748, 0.004737409710420894], "aligned_model": [[-0.7844610229970954, 0.015643762068721742, 0.41975427002398946, 0.6240219495235141, -0.5761835802952089, 0.07357909038004877, -0.1235071005026846, 0.5003909117163056, 0.22029363610472874, -0.06292981022657058, -0.3986647378238453, -0.031171765608896812], [-0.04592020798429452, -0.7147630242741205, -0.27536201257846343, -0.3439039835430268, 0.4884199638933166, 0.6745711518948315, 0.29328838374243965, 0.2942905495818632, -0.25159620093519547, 0.5459107542771333, 0.06713668269298056, -0.06594066671682478], [-0.04575868370383309, 0.056717957947849375, 0.606868003115271, -0.09264099651782817, 0.11194306850939711, 0.20975374443735473, 0.6555461613236333, -0.34632158619054976, -0.5955608425590259, -0.4738080384257559, -0.5325825293093912, 0.011036031227235451]], "inverted": true, "swapped": true, "error_lsq": 0.04414174316416102, "error_max": 0.27830054910162355, "target": "937.xyz", "model": "11.xyz", "model_rescale": 3.6694154284099745, "target_rescale": 3.9787378328778216},
{"mapping": [12, 4, 5, 7, 13, 10, 8, 3, 6, 2, 1, 9, 11, 14], "R": [[-0.9496430388886462, -0.07283858528647146, -0.30475012581425237], [-0.25984260067560017, -0.36044889373141836, 0.8958562484472257], [-0.17509974747119944, 0.9299307154305971, 0.3233712153767866]], "T": [0.041869688726327084, 0.011828240893970415, -0.049934563595290304], "aligned_model": [[0.022185113360568068, -0.2699038408911462, -0.07658604929362518, 0.6618410236793831, 0.6441455436260636, -0.42616352182809275, 0.3207220580498449, -0.5586919174093908, 0.49349309272565917, 0.09327121327046092, -0.34890326665512233, 0.6376380976380914, -0.6712623700036662, 0.0764796739867821], [-0.3903685458399212, 0.2872177713348273, 0.6352007171208307, 0.609939462832669, -0.12422607849432729, -0.5528234157800408, -0.7310722403216804, -0.15919247342055126, 0.46950285205430176, 0.19579885552712412, 0.5175465904557707, -0.14156005627271254, 0.12159959468804266, -0.006575745748078881], [-0.5769574743411603, -0.6412558859900337, -0.15120059142907277, -0.4103478239392709, -0.3358913117948517, -0.08119806925580839, 0.0955928811599851, 0.377540745825009, 0.21787985650735858, 0.6689625591247517, 0.3561433093086993, 0.3918625825285918, -0.23474548545323992, -0.03728983259854217]], "inverted": true, "swapped": true, "error_lsq": 0.04379864931115425, "error_max": 0.344461814141514, "target": "937.xyz", "model": "12.xyz", "model_rescale": 3.9764082729961374, "target_rescale": 3.9787378328778216},
{"mapping": [8, 7, 3, 2, 9, 4, 14, 6, 10, 11, 1, 0, 12, 13, 15], "R": [[-0.27348348919854315, -0.49627556488026947, -0.8239644075071206], [-0.957518210231679, 0.05900773019951916, 0.2822710839803173], [-0.09146397219951108, 0.866157405717616, -0.4913305306105218]], "T": [0.003979023862995323, 0.0744283731575544, -0.021687818340634837], "aligned_model": [[-0.039028681315930555, -0.2685237566733474, 0.37098034893044124, -0.6279846648261158, -0.48392992548598646, -0.021572311722548688, 0.7845225348135425, 0.5618174944271697, 0.012219521159193735, 0.5248069315361029, -0.4260154821558241, -0.595498780202813, -0.06789116977064392, 0.4761485608183542, 0.04825862865162066], [-0.6248462141287932, -0.24617052635133663, -0.5699423530976866, -0.40450103598769677, 0.41133876563701716, 0.332861358800057, -0.05626691877218759, 0.53731518285029, -0.3577242454419382, -0.45197391528431735, -0.13068076004545834, 0.18274999485312796, 0.3216569857034849, 0.2675873690873038, 0.05234582947639291], [0.07221758895468565, -0.6493758612063885, -0.41985843736926676, -0.10833671412328398, 0.07798851336418568, -0.6913319349883698, -0.13339550722310128, -0.26295706186399775, 0.6560459844168922, 0.26498903817454356, 0.3982616387745471, -0.41665708576272037, 0.5622010609454376, 0.3162856670834028, -0.11729300981789016]], "inverted": true, "swapped": false, "error_lsq": 0.04569043176439547, "error_max": 0.35039433616934007, "target": "937.xyz", "model": "13.xyz", "model_rescale": 4.170626492500431, "target_rescale": 3.9787378328778216},
{"mapping": [11, 1, 4, 5, 12, 13, 7, 3, 10, 2, 0, 6, 8, 14], "R": [[0.7292901697706669, 0.47087253436099646, -0.49640195875955617], [-0.3637628319115986, -0.3476436436749059, -0.8641877684462382], [-0.5794932703625867, 0.8108162266487315, -0.08224716534681775]], "T": [-0.017993280291080018, 0.08116535533094016, 0.07192584514983993], "aligned_model": [[0.2765673950886916, -0.13886017930189928, -0.14843153016429164, -0.46611570738041724, 0.23780199223109436, -0.29807140177946356, -0.9096180630577382, 0.5291446788200642, 0.7006614580168977, -0.08789001554551953, 0.3344958882635483, -0.6057988478019841, 0.440523682859072, -0.02122632815641128], [-0.33228337245865147, -0.6658778407639442, 0.049544027661409515, -0.28493623476972074, 0.5757323901242191, 0.692651356139818, 0.33701643414341254, -0.4352883469760631, 0.11424457146585831, -0.3757418776627563, 0.013660131517727048, -0.03052722877483388, 0.5913815779361735, 0.10649888034301767], [-0.47310288633982023, 0.09783812978745246, -0.6384888141665842, -0.20742291616049888, -0.2884560534917774, 0.17517003016087096, -0.035520329426360575, 0.15300046957711746, -0.07403688612139867, 0.6547213527405652, 0.6108856299706132, 0.42852603277539514, 0.4965193056962711, 0.10424003611902072]], "inverted": true, "swapped": true, "error_lsq": 0.04301234027283669, "error_max": 0.2413543227409844, "target": "937.xyz", "model": "14.xyz", "model_rescale": 3.9786697098870705, "target_rescale": 3.9787378328778216},
{"mapping": [6, 4, 9, 2, 13, 8, 11, 10, 0, 1, 12, 14], "R": [[0.3861943174447483, -0.9150044463967795, 0.11670823555991316], [0.025592592987332297, 0.13710450745616154, 0.9902259202926311], [-0.92206234515762, -0.37943275703255575, 0.07636631805386282]], "T": [-0.05398308705631378, -0.027918653647289765, -0.06181111678154881], "aligned_model": [[0.1806244489549968, -0.7714394344994732, 0.5863533774658907, 0.5350067586401996, -0.058238241268362016, 0.41593578267577636, -0.49279918496748915, -0.050019046439668716, 0.5498572994499688, 0.0035920063737987715, -0.39043785012791404, -0.025081319490387343], [-0.37518958797099544, -0.09946145354175802, 0.10395033764383332, -0.4821644354023913, 0.41429234315434726, 0.6186645122564085, -0.2768852902633324, 0.2978930470357831, 0.04637269416634961, -0.7594947489684345, 0.5332948370258453, -0.006597764911216237], [-0.6181532009134835, -0.008509607778315803, -0.44421465550369793, -0.06902972143967481, -0.5789663865319623, 0.04747964899694869, 0.486110598617971, 0.5959844505741166, 0.1598661308295568, 0.12483109702463548, 0.04654245496555702, -0.08197431496782126]], "inverted": false, "swapped": true, "error_lsq": 0.04673865448453476, "error_max": 0.24018166861508672, "target": "937.xyz", "model": "15.xyz", "model_rescale": 3.769337070930944, "target_rescale": 3.9787378328778216},
{"mapping": [10, 11, 8, 0, 12, 4, 13, 5, 9, 2, 14], "R": [[0.502340524229732, 0.8533481003567688, 0.13946690408154977], [0.5255797555875835, -0.42942188184674557, 0.7344132133259149], [0.6866002608746185, -0.2956245372236441, -0.6642184992592514]], "T": [0.03772915435576187, -0.019615758823740483, 0.04272335886578493], "aligned_model": [[-0.38789311011892286, -0.20398794850904267, -0.14196639014234788, -0.4589725957334156, 0.2959535667903387, 0.38651635771545506, 0.5601323408877609, 0.2400679151734114, 0.0045975187757036, -0.414427416291465, 0.04260589214369481], [0.030519975320003882, -0.6339915049031594, 0.7125059120960611, 0.38374442323393604, 0.1049158346913717, -0.5715771283940408, 0.41634232579812, -0.5487444555726281, 0.6083191025985017, 0.07405394270984259, 0.019976070047333115], [-0.5532599315862862, -0.30206272692111275, -0.24458375260539067, 0.14207703938747368, -0.5553693774693517, -0.267742688939516, 0.035395042937772625, 0.34597517259142985, 0.4649232992051653, 0.6258878292034977, 0.05297770142009505]], "inverted": false, "swapped": true, "error_lsq": 0.04448183599050441, "error_max": 0.26759098991065794, "target": "937.xyz", "model": "16.xyz", "model_rescale": 3.7852294659196426, "target_rescale": 3.9787378328778216},
{"mapping": [13, 6, 5, 7, 9, 2, 3, 1, 4, 12, 10, 11, 14], "R": [[0.5218088250495182, -0.8530158896264793, -0.008913032322793502], [0.7732117552473899, 0.4773528954324614, -0.41746592048872205], [0.36035972534079297, 0.2109457401015517, 0.9086488667716022]], "T": [-0.023428476337446054, 0.12674305934142757, -0.07682616167700966], "aligned_model": [[-0.05133179411562373, -0.3806086470549347, 0.21962974105403155, 0.12745350703038838, -0.6972491345718161, -0.6534329431841402, -0.17218895332969325, -0.13263668667406073, 0.6807779576172692, 0.38686201174050844, 0.11334794465553194, 0.46571575769434415, -0.05257291064552182], [-0.207802250187924, -0.4585143128810647, -0.28043793982325904, -0.78047457955224, -0.06439829482078815, 0.08107562681081265, 0.7141183878637103, 0.07025872203828173, 0.018534328195801406, 0.34835488877625254, 0.843486813772117, 0.47038340191153805, 0.1204708315996368], [-0.6687037552630222, 0.04585409859770366, 0.3567705994479047, -0.23865938131822895, -0.36506805376383206, 0.31599597897749904, 0.3765147824051709, 0.6703263508917364, 0.04600381205040706, -0.5484751823107333, -0.1570420422600951, 0.3674838578048803, -0.10524636811621646]], "inverted": true, "swapped": true, "error_lsq": 0.045150309081233644, "error_max": 0.2877160879615782, "target": "937.xyz", "model": "17.xyz", "model_rescale": 3.901054581598922, "target_rescale": 3.9787378328778216},
{"mapping": [13, 0, 2, 3, 6, 1, 8, 4, 9, 5, 12, 7, 11, 10, 14], "R": [[-0.8946156066539573, -0.30698171830678966, 0.3246923789628934], [0.40193297925498295, -0.8703227381701467, 0.2845842785735576], [0.19522498948235545, 0.38509811223820567, 0.9019903810086807]], "T": [0.0631903221856984, -0.02883656217246322, -0.0421456788840368], "aligned_model": [[-0.012360604231380468, -0.2564673847310762, 0.24736359725528603, -0.4439746264688742, -0.2592068320644798, -0.043941457106897924, 0.6216482206231804, 0.6060382384419483, 0.1646309334621583, 0.4998312332651764, -0.5770357603005937, -0.5356895289486346, -0.3056422313115037, 0.5103412072217776, 0.03277424307712871], [-0.6954460066281628, -0.20830238097343473, -0.7489671016709966, -0.5664454161868383, 0.6482482730538387, 0.3775760859907808, -0.10270631015226596, 0.5203516695860467, -0.21802889433905734, -0.4239656503379024, -0.2081640381849074, 0.18720156249920814, 0.3459974651115267, 0.39501372815997554, -0.03861346862955285], [0.23610978715493186, -0.7063109360228693, -0.4044029256297741, -0.2349313745523881, -0.005513096281942291, -0.598056724568846, -0.39298223363006735, -0.2132666764968871, 0.5808356090913865, 0.16594988919191322, 0.289407218446801, -0.22747640054375184, 0.5580151232327583, 0.49902043750299224, 0.002386182464418428]], "inverted": false, "swapped": false, "error_lsq": 0.0328219209957868, "error_max": 0.21615513070163145, "target": "937.xyz", "model": "18.xyz", "model_rescale": 3.9405287249114394, "target_rescale": 3.9787378328778216},
{"mapping": [8, 4, 0, 7, 14, 12, 1, 3, 5, 6, 9, 13, 11, 2, 15], "R": [[-0.21593217309243073, 0.8636161235073967, 0.4555661179693215], [-0.504850130938252, 0.3006162935442819, -0.8091700620681219], [-0.8357629101098054, -0.4047184642115497, 0.37108398350108596]], "T": [-0.01794764484657225, 0.006181113518600449, -0.10536825174320692], "aligned_model": [[0.07041838183806723, -0.18429925248320034, 0.3152830956445519, -0.5320043242825041, -0.21116385376670832, 0.010545939444663886, 0.6208545402692259, 0.5126068354550167, 0.08421817976613338, 0.5229953575567303, -0.5564539010448415, -0.6312805434223708, -0.34840763528165924, 0.5708243347204839, 0.004172093769625851], [-0.7070976784145601, -0.39521908695125585, -0.5215790033450954, -0.47399301950056855, 0.7555759341282132, 0.25080841812700155, -0.009058704067512975, 0.6340157838816737, -0.33050526110805706, -0.42224355019138854, -0.24569377790754915, 0.27856508755728115, 0.34126133518309726, 0.08917536400672843, 0.01973767590025037], [0.1306337945239766, -0.693475427618104, -0.3936403291209967, -0.13372457816141245, -0.13389651019342086, -0.5947399506630153, -0.27034988778389485, -0.32844708309205367, 0.6479358516445496, 0.1811913952207428, 0.3799974846462962, -0.13634520419937357, 0.4402787418989557, 0.5284967129579906, -0.07513113070156427]], "inverted": true, "swapped": false, "error_lsq": 0.035109477928904384, "error_max": 0.23151605207804413, "target": "937.xyz", "model": "19.xyz", "model_rescale": 4.410303926677745, "target_rescale": 3.9787378328778216},
{"mapping": [4, 11, 5, 12, 6, 10, 13, 1, 3, 0, 8, 9, 2, 14], "R": [[-0.031741209225546366, -0.38989098648065323, -0.9203138129453688], [0.9931173483563895, 0.0915584820315314, -0.07304092525191208], [0.11274053410585638, -0.9162980208585114, 0.38430132570718684]], "T": [-0.033944350491898714, 0.024753984896478537, -0.012154643115783098], "aligned_model": [[-0.1292628752347999, 0.16100347149985395, 0.3611262914767494, -0.6440276302424345, 0.2975116932205639, -0.2772699858671333, -0.5172424733966433, 0.7060625460185039, 0.3339269327316983, 0.06118529062321297, -0.5351797443642768, -0.05034884564383514, 0.5435384722896699, -0.04983525365025675], [-0.23269472571287278, -0.6183228545486784, 0.12573132885523558, -0.19610515968110775, 0.636893452724382, -0.6141607198508093, 0.5027396323136454, -0.11177934507265119, -0.5452084397866271, -0.013869838829571532, 0.03491029508518557, 0.5723028176967918, 0.2187966446447109, 0.051715378343569145], [-0.6809876370774002, -0.3334172855287265, -0.508745599781132, -0.14971378037221297, -0.03616454460404027, 0.25513662419329464, -0.04331375607220475, -0.09642939335495707, 0.32321235150611216, 0.6271745134745829, 0.6199038473245697, 0.5108882359352385, 0.4146490733853502, 0.014622389696547534]], "inverted": false, "swapped": true, "error_lsq": 0.038447770304612106, "error_max": 0.20052658150941294, "target": "937.xyz", "model": "20.xyz", "model_rescale": 4.121658175737393, "target_rescale": 3.9787378328778216},
{"mapping": [7, 5, 4, 13, 12, 6, 11, 9, 2, 0, 10, 8, 14], "R": [[-0.20948422701483138, -0.4583435608340819, -0.8637346461002551], [0.9700269972235301, -0.20865659860204308, -0.1245393452581447], [-0.12314212638045546, -0.8639349536288945, 0.48831589428231786]], "T": [0.024769888689165062, 0.032199759002610885, 0.03582749569432106], "aligned_model": [[0.2416193801204442, -0.3116333511814431, 0.11317589725853759, 0.5898802498854011, 0.5903899444901665, -0.18417547462034262, -0.26583525776016453, 0.10949983835063075, -0.5325410882439591, -0.11689188865346266, 0.12664567286057232, 0.47728743695455755, 0.04366154520335672], [-0.5327913452889801, -0.0038388148423595045, 0.46239022197564267, -0.3357801668850971, 0.3782871924800358, -0.6000613970591118, 0.6942518217954993, -0.6192612553482907, -0.3560273612017002, -0.10824548342020124, 0.6139542809003309, -0.054405585375769415, 0.002354796433184255], [0.7469959415224664, 0.5821002259125428, 0.6101301831171833, 0.1267081805103212, 0.04998119069343834, 0.2401360320861579, 0.21470699465686857, -0.34109698944748656, -0.2674620605993807, -0.5802003393629794, -0.40011629334709253, -0.6264152006653784, 0.01464187440512852]], "inverted": true, "swapped": true, "error_lsq": 0.05381868604649268, "error_max": 0.2965247481928057, "target": "937.xyz", "model": "21.xyz", "model_rescale": 4.08911054899281, "target_rescale": 3.9787378328778216},
{"mapping": [6, 1, 0, 8, 15, 2, 4, 3, 10, 7, 5, 11, 9, 12, 16], "R": [[-0.7639748714067011, 0.5788118919565852, 0.28516519701526244], [-0.3673565249628564, -0.026839645276499513, -0.9296928616530549], [-0.5304635514588438, -0.8150192802449954, 0.23313513978506262]], "T": [0.03123376436157914, -0.00532458619922721, -0.02329691089803953], "aligned_model": [[-0.00510878326338883, -0.332900851987016, 0.3859372121272255, -0.49602443516783695, -0.31710232371745595, 0.11600444927772711, 0.5497013402858046, 0.6688540686862028, 0.03137149093342216, 0.49382179716284386, -0.46919941857741226, -0.7167114859895828, -0.1830891315720677, 0.450270657914574, 0.07248466207017545], [-0.7447542381448666, -0.18140952595812335, -0.5650423653216265, -0.43980428657507303, 0.5644983484022845, 0.31465407906079984, 0.025658833430967764, 0.5670549973719885, -0.3200042153118289, -0.4374021396662433, -0.13065588986673404, 0.08431296984603895, 0.310746358658079, 0.23945159536694038, -0.023555003994344535], [0.06323133655356583, -0.7062306239572259, -0.4245211250934528, -0.14156862793295472, -0.3156508245679094, -0.6649209551252735, -0.4886178606639357, -0.1650741415039934, 0.7197455651878729, 0.3009213608086114, 0.4579387358310041, -0.15907629549606017, 0.5781284507705083, 0.5329963650036452, -0.03851748045572627]], "inverted": true, "swapped": false, "error_lsq": 0.03537641478377325, "error_max": 0.1767196270263029, "target": "937.xyz", "model": "22.xyz", "model_rescale": 4.204369325754507, "target_rescale": 3.9787378328778216},
{"mapping": [8, 4, 0, 7, 14, 12, 1, 3, 5, 6, 9, 13, 11, 2, 15], "R": [[-0.21593217309243073, 0.8636161235073967, 0.4555661179693215], [-0.504850130938252, 0.3006162935442819, -0.8091700620681219], [-0.8357629101098054, -0.4047184642115497, 0.37108398350108596]], "T": [-0.01794764484657225, 0.006181113518600449, -0.10536825174320692], "aligned_model": [[0.07041838183806723, -0.18429925248320034, 0.3152830956445519, -0.5320043242825041, -0.21116385376670832, 0.010545939444663886, 0.6208545402692259, 0.5126068354550167, 0.08421817976613338, 0.5229953575567303, -0.5564539010448415, -0.6312805434223708, -0.34840763528165924, 0.5708243347204839, 0.004172093769625851], [-0.7070976784145601, -0.39521908695125585, -0.5215790033450954, -0.47399301950056855, 0.7555759341282132, 0.25080841812700155, -0.009058704067512975, 0.6340157838816737, -0.33050526110805706, -0.42224355019138854, -0.24569377790754915, 0.27856508755728115, 0.34126133518309726, 0.08917536400672843, 0.01973767590025037], [0.1306337945239766, -0.693475427618104, -0.3936403291209967, -0.13372457816141245, -0.13389651019342086, -0.5947399506630153, -0.27034988778389485, -0.32844708309205367, 0.6479358516445496, 0.1811913952207428, 0.3799974846462962, -0.13634520419937357, 0.4402787418989557, 0.5284967129579906, -0.07513113070156427]], "inverted": true, "swapped": false, "error_lsq": 0.035109477928904384, "error_max": 0.23151605207804413, "target": "937.xyz", "model": "23.xyz", "model_rescale": 4.410303926677745, "target_rescale": 3.9787378328778216},
{"mapping": [15, 12, 5, 6, 7, 0, 4, 3, 9, 8, 14, 13, 11, 10, 16], "R": [[-0.13693475474730177, -0.984266310667853, -0.11166334504478267], [0.5778419787619388, 0.012188852326986188, -0.8160576446914998], [0.8045790952558882, -0.1762704216913456, 0.5670813150809784]], "T": [-0.005009818276757377, 0.014355370175306754, 0.005002845272925299], "aligned_model": [[-0.04431676671260308, -0.32225308333087205, 0.13983813372314124, -0.4899139398019815, -0.3717177327114085, 0.08462401109424471, 0.6361809804452, 0.7145988581660284, 0.1003009862081068, 0.6427074254109212, -0.4841618073603303, -0.6905687774496969, -0.2120881716945339, 0.46818799465720695, 0.07689113753979132], [-0.6709630726907485, -0.05585981306540721, -0.41410390787030804, -0.5107205021971906, 0.5429736077841001, 0.3612654757621404, -0.16797851805364652, 0.4615575999874686, -0.22905945134294184, -0.3655831172675042, -0.2724476885319068, -0.01991005355367908, 0.32404797266159147, 0.18798364504306872, 0.0925473406332219], [0.20021500295542302, -0.7302538266478235, -0.4320826741463276, -0.25395933524753056, -0.16238580739104655, -0.6598316953160769, -0.16679088519696206, -0.297362005649522, 0.5725227504325364, 0.33939151918961064, 0.38750430525455437, -0.14672526044096654, 0.5167943400457646, 0.41697492961429516, -0.03522747809725313]], "inverted": false, "swapped": false, "error_lsq": 0.04066962360904106, "error_max": 0.2292099644921344, "target": "937.xyz", "model": "24.xyz", "model_rescale": 4.28219845311461, "target_rescale": 3.9787378328778216},
{"mapping": [11, 14, 12, 10, 0, 2, 13, 4, 5, 9, 8, 6, 1, 3, 15], "R": [[-0.873793702385771, 0.48443964924558836, -0.04245929709472451], [-0.1379080359287127, -0.16312425094110666, 0.9769195731385403], [0.4663324343183215, 0.8594816490150993, 0.20934506373218864]], "T": [0.13693931122585318, -0.04416115307847658, -0.0437572530777235], "aligned_model": [[0.02609676320489182, -0.23834933979040235, 0.363241086546018, -0.5306976366724789, -0.23287026551533513, -0.016528133474050438, 0.514154825284634, 0.4238127258749583, -0.07867651500814013, 0.6058127666920101, -0.45420892634862636, -0.7043622543517631, -0.042139190337266846, 0.5046363180326128, 0.10838702404615289], [-0.5765850317275473, -0.382147675660918, -0.6722493857926118, -0.47047115628673847, 0.6771923611533691, 0.2632947616635691, -0.08581592083792201, 0.6283295286277242, -0.38567142670943527, -0.41714754891206063, -0.10112918512509503, 0.1993881420211856, 0.2720138544560973, 0.2914139702101982, 0.023334230218443316], [-0.01700254805047769, -0.6139047461579411, -0.41619862919750944, -0.090932519833194, -0.13564934463992295, -0.6359553857118388, -0.5008018824229122, -0.05417358696273281, 0.7060168658381548, 0.2691525025406788, 0.31574860426836504, -0.2561073215357558, 0.48334961818757394, 0.5497354534275586, -0.054493200391371]], "inverted": true, "swapped": false, "error_lsq": 0.04244819884271329, "error_max": 0.3134650513949281, "target": "937.xyz", "model": "25.xyz", "model_rescale": 4.100010024507729, "target_rescale": 3.9787378328778216},
{"mapping": [4, 13, 8, 9, 11, 3, 10, 2, 6, 1, 5, 14], "R": [[-0.49546411732339857, 0.8550779127075898, -0.15283020527558394], [0.7033003889382152, 0.498162927768823, 0.5071511217735298], [0.5097880651450177, 0.14378964008726788, -0.8481984838699449]], "T": [-0.06326203186816755, -0.04090091423348748, 0.004737409710420894], "aligned_model": [[-0.7844610229970954, 0.015643762068721742, 0.41975427002398946, 0.6240219495235141, -0.5761835802952089, 0.07357909038004877, -0.1235071005026846, 0.5003909117163056, 0.22029363610472874, -0.06292981022657058, -0.3986647378238453, -0.031171765608896812], [-0.04592020798429452, -0.7147630242741205, -0.27536201257846343, -0.3439039835430268, 0.4884199638933166, 0.6745711518948315, 0.29328838374243965, 0.2942905495818632, -0.25159620093519547, 0.5459107542771333, 0.06713668269298056, -0.06594066671682478], [-0.04575868370383309, 0.056717957947849375, 0.606868003115271, -0.09264099651782817, 0.11194306850939711, 0.20975374443735473, 0.6555461613236333, -0.34632158619054976, -0.5955608425590259, -0.4738080384257559, -0.5325825293093912, 0.011036031227235451]], "inverted": true, "swapped": true, "error_lsq": 0.04414174316416102, "error_max": 0.27830054910162355, "target": "937.xyz", "model": "26.xyz", "model_rescale": 3.6694154284099745, "target_rescale": 3.9787378328778216},
