[{"mapping": [10, 8, 9, 6, 12, 1, 3, 0, 4, 7, 7, 13], "R": [[-0.8071995858640943, -0.5327833609180954, -0.2541076915594115], [0.5712488305899355, -0.5966607390332266, -0.5636228668586425], [0.1486728022553741, -0.6001148663590516, 0.7859761733312225]], "T": [-0.006829362557878716, -0.11677714807759365, -0.05050202266833807], "aligned_model": [[-0.2795079370481873, 0.14454866395761337, 0.5018165938165892, -0.019887262446575092, -0.13727873569239654, -0.6646616981736597, 0.5029785539720434, -0.2260985378552611, 0.47347492642833605, -0.21307440036284953, -0.21307440036284953, -0.03159330377225429], [-0.34740396403259394, -0.6917584728504774, -0.33499877311897897, 0.6286113845999073, 0.30668168785961214, -0.428840822043591, -0.25372784627234557, -0.5838481598328606, 0.30617723060050495, 0.22980792500545277, 0.22980792500545277, -0.006953078943025326], [-0.5392526205404814, -0.015920876348105198, -0.39539898448129135, -0.1275563016836937, -0.7304076486585692, -0.0011441938800085677, 0.41075333018675514, 0.5828749726130504, 0.06269741937203067, 0.5403036170823673, 0.5403036170823673, -0.14530058539085872]], "inverted": false, "swapped": true, "error_lsq": 0.05984719381063249, "error_max": 0.39344518492713265, "target": "938.xyz", "model": "0.xyz", "model_rescale": 3.751011558992144, "target_rescale": 3.7970033734736948},
{"mapping": [4, 8, 3, 6, 11, 12, 9, 10, 1, 7, 2, 5, 13, 14], "R": [[-0.7505942824650433, 0.26847847457212537, 0.603761154615144], [-0.585777286004015, 0.15241426948597592, -0.7960118476874746], [-0.30573386193314867, -0.9511515121937627, 0.04286731294309776]], "T": [-0.013387067109866934, 0.06122607890242541, -0.07986523757089924], "aligned_model": [[0.1273552899728064, 0.2759944796451916, -0.3128020543752184, -0.4942768591281688, -0.13827941082700101, -0.28459050954811593, 0.44742169900644524, 0.45495763990926313, -0.5239983930261843, -0.655044012512848, 0.2113478648796444, 0.5774144413285606, 0.3091590429464725, -0.011382721980011296], [-0.014171724274447468, 0.4987682796203304, 0.4190855269961438, -0.44026669392916357, -0.7066793524011504, -0.22873040520414942, -0.2860554105896846, -0.5116482464904842, 0.22620816910023286, -0.05488666856894813, 0.8099942241421899, 0.23072103581477782, 0.22580366878749883, 0.025932220461261347], [0.6947835409789176, 0.32662387068226845, -0.6845909359860766, 0.20469714926267296, -0.25721838804189234, -0.7078373979501698, -0.3980483129548635, 0.2735778141950749, 0.3648172707378707, -0.20016161360945284, -0.34926935224990896, -0.19082056283191987, -0.7094527391111722, -0.12174767542142302]], "inverted": false, "swapped": false, "error_lsq": 0.04037300228195665, "error_max": 0.34636740129777693, "target": "938.xyz", "model": "1.xyz", "model_rescale": 3.9405287249114394, "target_rescale": 3.7970033734736948},
{"mapping": [7, 0, 3, 10, 8, 4, 11, 1, 9, 5, 2, 6, 13], "R": [[-0.005377080498425224, 0.9077521153931749, 0.41947250685179543], [0.6508997360701125, -0.3152723524684101, 0.6906032705923804], [0.7591446638086652, 0.27674797337695317, -0.5891603675083532]], "T": [-0.003986911371069005, 0.024691339958756574, -0.021282162355443182], "aligned_model": [[-0.2814050191347587, 0.352595989679208, -0.29526825158412, 0.4414194463442549, 0.34898525546109055, -0.6402021008999225, 0.08596026622045089, 0.6145314359959898, -0.057089762970959065, -0.6491988401990231, 0.19239355728455415, -0.5619384726869262, -0.054800224225907565], [0.6834057429634783, 0.5867400956691513, 0.11190048193004828, -0.2744205883218346, -0.12546886848842087, -0.06526027773127843, 0.15354853315709946, 0.36290250760995496, -0.5694665389152282, -0.5872781040989448, -0.8908647845544336, 0.0950252777646893, -0.02193088341226416], [0.007770569415281023, -0.49493873656541676, -0.6529195998386933, 0.25901181012884256, -0.47688862375720725, -0.11893291364539217, 0.6414702949958561, 0.16742812803674256, -0.28481926214128545, 0.18835914359606898, 0.2946875764330856, 0.4741521195923301, 0.108739843338432]], "inverted": false, "swapped": true, "error_lsq": 0.053610616645288725, "error_max": 0.27700317659298057, "target": "938.xyz", "model": "2.xyz", "model_rescale": 3.932901565614263, "target_rescale": 3.7970033734736948},
{"mapping": [2, 1, 8, 4, 5, 9, 12, 6, 0, 7, 3, 10, 8, 13], "R": [[-0.9771903723334914, 0.0032394625337491476, -0.2123404862507977], [-0.07204005205739625, -0.9456516283981053, 0.317101290769337], [-0.19977288884706157, 0.32516534807771946, 0.9243150379016861]], "T": [0.017106967794862683, 0.12071620272059919, -0.1364474668508845], "aligned_model": [[0.03956814642962451, 0.3753416825294617, -0.14668726242437038, -0.49732554898041254, -0.054957298660287306, -0.0905355741067014, 0.4692371778536986, 0.35599013484232694, -0.31810150459322045, -0.6208783565640158, -0.19355384502511896, 0.7287264441621516, -0.14668726242437038, 0.08313956325206984], [-0.09528522510183576, 0.46732278583247977, 0.444975916959688, -0.33087806587253393, -0.5891375646562591, -0.25940619854971064, -0.4328511522387702, -0.3856656748528052, 0.3742721224460637, -0.09548786670115794, 0.5834973859686649, 0.04030141376792715, 0.444975916959688, 0.027440829502969194], [0.6679397109505189, 0.4115492362547829, -0.7742670443180412, 0.406367609207127, -0.22427716624596014, -0.7558931727963765, -0.40528062484106925, 0.1724665241544966, 0.38537147181886944, -0.37303375896289814, -0.18271923421246192, -0.1530794503067186, -0.7742670443180412, -0.15552438868430238]], "inverted": true, "swapped": false, "error_lsq": 0.05549777465027007, "error_max": 0.45158019198615484, "target": "938.xyz", "model": "3.xyz", "model_rescale": 3.9243930471874484, "target_rescale": 3.7970033734736948},
{"mapping": [9, 10, 5, 4, 6, 8, 3, 12, 11, 1, 7, 0, 13], "R": [[0.35468552692627936, -0.6212648182472067, -0.6987332843061741], [0.858767737436658, 0.5120009028639159, -0.019314466196565294], [0.36975147075698134, -0.5931990400150697, 0.7151214923341691]], "T": [-0.05992901334643194, -0.07690027464398015, -0.06339265101565744], "aligned_model": [[-0.11529041620713806, -0.2831539634723148, 0.6351453448553829, 0.4418724665594257, 0.6675749319169232, -0.5866361769674083, -0.136094301363535, 0.4046676012241879, 0.1929519258975894, -0.5140378637407524, 0.15638362757338164, -0.638677033909528, 0.05249974394513801], [-0.5413370964471673, 0.23516065779858597, -0.4349333927514085, -0.4776713797648749, 0.09672708115618205, -0.3417974212237741, -0.683537524513744, 0.26387612622582657, 0.5467870616630435, 0.48455884085619444, 0.07416717714197914, -0.08105541260357364, -0.013115163855681788], [-0.5178471090928722, -0.5315892723494293, -0.5360853986137604, 0.0364798987878211, -0.015398002821359835, -0.14779497298819586, 0.27954495555703673, -0.6349060063078937, -0.16827748222652708, 0.042021424272598584, 0.6015111005556413, 0.5131784052577195, -0.1337672246598148]], "inverted": false, "swapped": true, "error_lsq": 0.041463796214575264, "error_max": 0.24941581533682636, "target": "938.xyz", "model": "4.xyz", "model_rescale": 3.8936222436046832, "target_rescale": 3.7970033734736948},
{"mapping": [0, 7, 3, 8, 4, 6, 11, 12, 10, 1, 9, 13], "R": [[0.3326732207082886, -0.9274009819019936, -0.1710436990677897], [0.6803825007816832, 0.11044420483852006, 0.7244872188297391], [-0.6529993727819633, -0.35739263616477235, 0.6677292286260632]], "T": [-0.06021563158646178, -0.00734298537473458, -0.07354413880394643], "aligned_model": [[0.09233357444869375, -0.5743928401761763, -0.29987601355942545, 0.3656130342227982, -0.5980067649200078, -0.6463337693610525, -0.09229979800163135, -0.06011231912755773, 0.4373017686686559, 0.3555547561671441, 0.1488443597182606, -0.10107794586460439], [-0.6037549123882994, -0.498089249995946, 0.10604145986158217, 0.0424730609136481, 0.34091190368797597, 0.0926586284961595, -0.2401032622419851, 0.33642680261238644, 0.052276204649569204, -0.5849713427906605, 0.5853286207599456, 0.03972499154543147], [-0.6105937384345325, -0.15416320845630588, -0.7224840242487482, -0.4869482937630206, -0.1826127378208947, 0.3827201936899051, 0.5657748351823932, 0.6615942203717098, 0.2660754554014249, 0.0878367120729885, -0.24769805968146746, 0.0597833649620665]], "inverted": true, "swapped": true, "error_lsq": 0.039524431339152656, "error_max": 0.30724367565537064, "target": "938.xyz", "model": "5.xyz", "model_rescale": 3.6523030999806103, "target_rescale": 3.7970033734736948},
{"mapping": [0, 8, 3, 7, 4, 1, 9, 11, 10, 12, 5, 6, 13], "R": [[-0.43305413786962743, 0.8906084528854873, -0.13885495066043768], [0.7745787216644117, 0.4464795004537142, 0.4479775213326309], [0.46096845620792715, 0.08644442910633832, -0.8831961520850052]], "T": [0.04263339526251742, -0.06251279012000686, 0.1073450632726287], "aligned_model": [[0.1442091640288522, -0.3220923289601532, 0.3189683298060403, 0.6852118639227838, 0.46212357259097653, -0.20000460418322724, -0.30881272414386285, 0.06011501404676783, -0.4893997979819593, -0.1537892781593553, 0.12526172910668928, 0.5090620369632126, 0.05022992762752984], [-0.4386612771779141, 0.034549121283392034, 0.33314299896120597, -0.355280592512368, 0.41647604971737145, -0.7388655054286846, 0.486479756467322, -0.4988691394977656, -0.24911108104390856, -0.022080534406067873, 0.6354223847174927, -0.0029561823060832576, -0.05941909461080924], [0.8253947818109333, 0.5680714656798426, 0.6157854300290816, 0.22175423231501423, -0.023017556277459064, 0.23477001912160478, 0.12704556543276885, -0.4153623310535075, -0.11297570119216328, -0.6790323594712706, -0.476447332099152, -0.47627233535265234, -0.03960413946125092]], "inverted": true, "swapped": true, "error_lsq": 0.05276521324630361, "error_max": 0.318273703758482, "target": "938.xyz", "model": "6.xyz", "model_rescale": 4.08911054899281, "target_rescale": 3.7970033734736948},
{"mapping": [0, 2, 12, 9, 8, 10, 4, 3, 1, 11, 13, 7, 5, 14], "R": [[0.06968379554542814, 0.39601820588481296, -0.9155947516484338], [0.9683112086140633, 0.19380497151811182, 0.15752154229576443], [0.23982821333353466, -0.8975573595167263, -0.3699638015625404]], "T": [0.013112170446774736, 0.0265716218570446, -0.16531503000678446], "aligned_model": [[0.2594615994696244, 0.27430863012390055, -0.20587665599586596, -0.4732521104547209, -0.14679565196432545, -0.27854604618116435, 0.46241334109146237, 0.3241595092356286, -0.3629660684695278, -0.5538630450766616, -0.21494506164922061, 0.5768599118697305, 0.442197295578632, -0.11987915128665569], [-0.12133901370665084, 0.5678217167005927, 0.41551320413716264, -0.4081613235829932, -0.6257656943026089, -0.2234913258013943, -0.4702728346499934, -0.5522336429656035, 0.2622139902978163, 0.08519999763523682, 0.721480305141224, 0.5454855078188208, 0.0262299266845376, -0.02860618994173867], [0.7302800714822469, 0.37223895572417487, -0.7209860275205204, 0.2694427880022662, -0.28378227257764943, -0.7749697727782701, -0.38468579788116253, 0.2759167171643927, 0.4186232297986775, -0.30543241469876614, -0.19672113031524224, -0.27579501703618287, -0.794907809681326, -0.08386885198271277]], "inverted": false, "swapped": false, "error_lsq": 0.05221699267021246, "error_max": 0.32141646165548415, "target": "938.xyz", "model": "7.xyz", "model_rescale": 3.964800864290218, "target_rescale": 3.7970033734736948},
{"mapping": [5, 3, 2, 8, 9, 12, 11, 10, 1, 7, 0, 6, 4, 13], "R": [[-0.8137193311516309, 0.558979677314836, 0.1593818385486383], [-0.20158284432139795, -0.014201417292209417, -0.9793685091027726], [-0.5451836451925511, -0.8290597325258864, 0.12423668105140367]], "T": [0.011097316421193939, 0.0815671856429904, -0.1344920741610199], "aligned_model": [[0.005979295399344853, 0.4530464669079239, -0.2516456813795513, -0.4233807072665612, 0.0038764951959275335, -0.27701625321233964, 0.5355391092193874, 0.41602341824431865, -0.6070789497886586, -0.6745363026870553, 0.04916425380485327, 0.5338363081315712, 0.22923938964042181, -0.009770345918746476], [-0.13211458494948153, 0.46955017107503816, 0.524879944788269, -0.43928393566228685, -0.6066706375073881, -0.40603169220563373, -0.39634486133298596, -0.4591235920038478, 0.3971070362557878, 0.005859472785653783, 0.7877964084839278, 0.2538608358500405, 0.17352665666372724, 0.021063401223587547], [0.6738300335074928, 0.28990496529814025, -0.5504832308455937, 0.22744789016275932, -0.14603700008868062, -0.6344049091656385, -0.5630876945487332, 0.33329243609687376, 0.15083685487088452, -0.31063987438613705, -0.020691522288644043, -0.3176987001942704, -0.7971012248637893, -0.08981535585473822]], "inverted": false, "swapped": false, "error_lsq": 0.04477501388686983, "error_max": 0.2765773885969397, "target": "938.xyz", "model": "8.xyz", "model_rescale": 4.121658175737393, "target_rescale": 3.7970033734736948},
{"mapping": [7, 11, 1, 0, 6, 4, 12, 9, 10, 5, 3, 8, 13], "R": [[0.325237522339919, -0.9432546791291255, -0.06701615001774755], [0.3313846789396907, 0.18006378441661275, -0.9261539980508673], [0.8856662738448545, 0.27901190627386874, 0.3711436481083747]], "T": [-0.0003423632468911378, 0.06012919892694365, -0.058154315139160195], "aligned_model": [[-0.5517506881627819, 0.0029298682452943738, 0.3864222324581804, 0.06751484702844138, -0.5398497413487273, -0.5199896861005985, 0.0821271615455528, 0.23425642686626938, 0.5256580912423815, -0.2941604562895812, -0.2828006205117214, 0.3934665231720194, -0.02708646170953185], [0.2892228106754312, -0.41891741054427273, 0.20314653707383282, 0.8123872201143745, -0.452279991520448, -0.04470222081788392, -0.7471920720999301, -0.014282955162530954, -0.22004176944220502, -0.5579573969137283, 0.571010006837848, 0.45393709420938216, -0.08394241299815969], [-0.4520762728082897, -0.5423434612133105, -0.6602527308089232, -0.3694483690209894, -0.14804617144399237, 0.3178427106802461, -0.06425577117125897, 0.5457674843024658, -0.16420727598494805, 0.5471508962757785, 0.32996195486417695, 0.1529015756121771, -0.07191913532404343]], "inverted": true, "swapped": true, "error_lsq": 0.046671177794203156, "error_max": 0.23493129770848029, "target": "938.xyz", "model": "9.xyz", "model_rescale": 3.833441315466971, "target_rescale": 3.7970033734736948},
{"mapping": [10, 8, 3, 12, 6, 4, 5, 0, 11, 7, 9, 2, 3, 14], "R": [[0.47959054499308496, 0.6251224874218743, -0.615804177375182], [0.04340276666705245, -0.7178174520966246, -0.6948771872145147], [-0.8764183413181639, 0.30652892389625985, -0.3713905085164668]], "T": [0.004638628487951909, -0.12961434245416664, -0.031012561504992875], "aligned_model": [[0.14564533693250797, 0.1172234835962194, -0.07041144781360101, -0.358548844836984, -0.3825700637720606, -0.0719317732927923, 0.5280841977941394, 0.4541427351790004, -0.4691482136191529, -0.4758226015129145, 0.11505134777095985, 0.514555423383821, -0.07041144781360101, 0.0074183642952949675], [0.009903761507469494, 0.528846787409289, 0.3319308968749424, -0.4992456539150644, -0.5943695507886413, -0.36402723099937484, -0.3806551078013908, -0.5102951527764183, 0.1598293289009497, 0.3100697748105313, 0.6535724339299629, 0.26604002732182364, 0.3319308968749424, -0.04945658788461377], [0.7667379949726897, 0.3706252768966346, -0.7629041708621427, 0.27637580866915423, -0.33972212243433225, -0.7893661408762953, -0.3780262090386483, 0.3108223992932596, 0.3653275328612212, -0.17154319970547224, -0.2108392315244368, -0.3473869234370607, -0.7629041708621427, -0.08184417625250238]], "inverted": true, "swapped": false, "error_lsq": 0.054723741909988785, "error_max": 0.36386611340207714, "target": "938.xyz", "model": "10.xyz", "model_rescale": 4.2482417240324, "target_rescale": 3.7970033734736948},
{"mapping": [6, 7, 1, 0, 12, 10, 11, 8, 3, 9, 4, 13], "R": [[0.34580011396497784, -0.48547996902835344, -0.8029517300896968], [0.4579664118055785, -0.6595689936924034, 0.5960163657295944], [-0.8189560713736309, -0.5738274498765455, -0.00574551376720045]], "T": [0.020868077060433702, 0.06887922471292501, -0.07423346405393008], "aligned_model": [[-0.699444612788479, -0.09662574415916203, 0.44912038399735293, 0.6826871762288792, -0.549187011921197, 0.14672761206983706, -0.28476439236857215, 0.5434004442302697, 0.18898953184653702, 0.03312765120722935, -0.432135435160661, -0.10513000081902721], [-0.09944000001005548, -0.6276046553493577, 0.010833806797284767, -0.4097688975093368, 0.5454781807507547, 0.5519139562898265, 0.10550706384476125, 0.24587574902291562, -0.230936313800855, 0.5464333953464946, -0.09016519577232202, 0.11800430044052909], [0.0463078265583579, 0.03896962447725849, 0.5138090554255488, -0.05714035203964614, 0.2521048811760568, 0.2681936167700514, 0.5333705893822542, -0.29861448391121975, -0.6851851195360827, -0.5181783004827691, -0.5122853107201039, -0.016159737245349602]], "inverted": true, "swapped": true, "error_lsq": 0.043246636161178416, "error_max": 0.23148428060601395, "target": "938.xyz", "model": "11.xyz", "model_rescale": 3.6694154284099745, "target_rescale": 3.7970033734736948},
{"mapping": [5, 7, 11, 0, 1, 3, 2, 12, 6, 4, 11, 10, 8, 13], "R": [[0.6777415377888464, -0.5839036278775651, -0.44690374948866557], [-0.30505585429608945, 0.32972749220924047, -0.8934319821010934], [0.6690346281884766, 0.7418465705473225, 0.045346797592373936]], "T": [0.058961935449209704, 0.04592600612852581, -0.056494308282188044], "aligned_model": [[0.025635477424374234, 0.43659562189009876, -0.26397550346212195, -0.42183302184486193, -0.09314094707321761, -0.21052797969910841, 0.3769348533834115, 0.44408678860158857, -0.3421794355231952, -0.5940595544781352, -0.26397550346212195, 0.69197487299278, 0.22065555757663835, -0.022914730035293054], [0.07423609058211693, 0.5322736596522594, 0.6240999251250223, -0.3632344555833909, -0.742130331525951, -0.28898109951921747, -0.34244833661220475, -0.4160583172513257, 0.3220601484501499, -0.09359233833908776, 0.6240999251250223, 0.0968977152620748, 0.20931424029753137, -0.04246220219859163], [0.7451656438112363, 0.3594673212541995, -0.3827687002419264, 0.2784113352022736, -0.32539097228630665, -0.8024576564591107, -0.4740732430399557, 0.25976165245548466, 0.2310650236692382, -0.3755181553538125, -0.3827687002419264, -0.07150407439985965, -0.7774362676724961, -0.03660053899711242]], "inverted": true, "swapped": false, "error_lsq": 0.04924632984966267, "error_max": 0.37196786520822567, "target": "938.xyz", "model": "12.xyz", "model_rescale": 3.9764082729961374, "target_rescale": 3.7970033734736948},
{"mapping": [5, 6, 10, 0, 2, 8, 3, 4, 9, 1, 13, 14, 11, 15], "R": [[0.14674479293809073, 0.9057733144010376, 0.3975432915601975], [0.6391175924881225, -0.3935621031689387, 0.660785573330281], [0.7549799127908923, 0.15711006927692756, -0.6366488493777838]], "T": [-0.0339246885196358, 0.04897202181238852, -0.06423157349997055], "aligned_model": [[-0.10329663756401965, 0.5492240452181072, -0.4065569858629332, -0.2991251810487426, -0.4884318608623317, -0.10555316303984681, 0.5114631779695078, 0.3242724284397952, -0.49851433765719255, -0.6219652321201197, 0.15247372418680094, 0.6715488812612675, 0.2398722941999637, 0.05786534317057969], [0.13594234988009862, 0.37424648841626296, 0.35007999482802377, -0.5024763352413211, -0.5597522425251658, -0.21931613569223596, -0.3361302351878868, -0.3332914062562758, 0.016666356564417006, 0.03570235936138671, 0.6277186534347241, 0.31841125093279316, 0.2932283909182678, -0.0069548659686811815], [0.7667001929864821, 0.30697306199757224, -0.7096973421673239, 0.3265130256531655, -0.307413633286193, -0.7142651594239827, -0.5767662299411964, 0.4271269704802606, 0.3160471774508945, -0.30372022333849535, -0.13343066535254086, -0.3259902098936155, -0.768446552859446, -0.05827774460565567]], "inverted": false, "swapped": false, "error_lsq": 0.05017738686505354, "error_max": 0.3613410862309223, "target": "938.xyz", "model": "13.xyz", "model_rescale": 4.170626492500431, "target_rescale": 3.7970033734736948},
{"mapping": [6, 5, 9, 2, 0, 7, 8, 4, 3, 1, 11, 12, 10, 13], "R": [[-0.4347093239146465, -0.8635201999848117, -0.2556573251832647], [0.5789189661690166, -0.0504937741148391, -0.8138201333129063], [0.6898410210414194, -0.5017800743292127, 0.5218583358486303]], "T": [-0.03661990777663787, -0.052261527428497975, -0.10840126024895294], "aligned_model": [[0.015124530938546488, 0.5508215167180608, -0.35844480416483177, -0.24889392954699296, -0.3418572667932682, -0.10563233137287496, 0.47884205687328113, 0.4626962203600406, -0.5825149930036337, -0.6934778007648208, -0.027783053158785126, 0.665388477946216, 0.17933593594952218, -0.01032806368962368], [0.2938440263123211, 0.4603374263159933, 0.5383662693137506, -0.46636237163707156, -0.540642146292284, -0.3628568345247114, -0.40236611485868495, -0.48166252683016264, 0.22045700523853667, -0.06857040203776935, 0.6429050924567202, 0.13758813052595487, 0.19156578485991133, 0.03147128462190356], [0.6564665229409908, 0.3599732840677923, -0.5599474707789535, 0.3567787025004433, -0.2638777289079126, -0.8541878540463946, -0.512482976816911, 0.1549641066626211, 0.21268558516025102, -0.5072573733065939, 0.019367795977384278, -0.19115061031010236, -0.5690959751280821, -0.05688334031460707]], "inverted": true, "swapped": false, "error_lsq": 0.05200086972822982, "error_max": 0.32147583227065796, "target": "938.xyz", "model": "14.xyz", "model_rescale": 3.9786697098870705, "target_rescale": 3.7970033734736948},
{"mapping": [8, 9, 7, 1, 4, 6, 2, 12, 11, 10, 5, 13], "R": [[0.8984474535489381, -0.030754657277827162, 0.4380026532649687], [0.22271433000763835, -0.8277751292197779, -0.514962777931016], [0.3784052066511212, 0.560216463968084, -0.7368629540684067]], "T": [0.11715712467691003, -0.08534423592186838, -0.24802844065032745], "aligned_model": [[-0.1535398706053422, -0.5333050740245382, 0.6781977032170095, 0.5923176097928026, -0.10015705542847819, 0.30185127966471514, -0.54314869463263, 0.007279849295455998, 0.5216846774647281, 0.032565752587368726, -0.4420799599583323, 0.12168837939457769], [-0.5456824280317547, -0.12793664749109926, 0.22357698052189443, -0.6215141543166378, 0.5026181560563006, 0.5792199084982808, -0.24471803622265395, 0.16436190296567735, -0.0046845789022438855, -0.46360377445766665, 0.5598625157155374, -0.006825354111195045], [-0.5117073591483533, -0.2285318928328121, -0.5666358538200327, -0.10907648619648089, -0.41970110266794025, 0.045151542253780735, 0.46977473445880236, 0.5162881910503521, 0.2939927484980278, 0.21692693507801034, 0.07711251575691816, -0.1236274785564421]], "inverted": false, "swapped": true, "error_lsq": 0.0471551265271259, "error_max": 0.25084970442050114, "target": "938.xyz", "model": "15.xyz", "model_rescale": 3.769337070930944, "target_rescale": 3.7970033734736948},
{"mapping": [7, 11, 3, 4, 0, 1, 8, 10, 9, 5, 13], "R": [[0.38229327563161564, -0.760131794847064, -0.5254060390492584], [0.7729672970600311, 0.5746309143851471, -0.2689253984074383], [0.5063332984137615, -0.30331331440520554, 0.8072345534118133]], "T": [-0.01463588718227815, 0.015985283891594773, -0.018551129174282574], "aligned_model": [[-0.3618402445745975, -0.2068271622407786, -0.0454159135431515, -0.5458306573007848, 0.42455985579867406, 0.4337623522037264, 0.5037155887007781, 0.320212638865197, 0.11417867568342935, -0.6081149284888244, -0.10577407441249709], [0.012231747844671376, -0.6372698985924993, 0.6931395849137248, 0.37399240667463207, 0.2234278779997821, -0.4510247760655143, 0.30559703609379296, -0.3769612953033847, 0.35672747115066716, 0.17087922601597227, -0.0746748831065024], [-0.6439666531575985, -0.034540846804122324, -0.1972428990310418, 0.09126574737544778, -0.6754189917664769, -0.35530613874052, 0.027832778232886005, 0.29750097198434466, 0.5223711120538128, 0.6586083830134066, 0.05311414406363829]], "inverted": true, "swapped": true, "error_lsq": 0.04062952250771358, "error_max": 0.1916931126148259, "target": "938.xyz", "model": "16.xyz", "model_rescale": 3.7852294659196426, "target_rescale": 3.7970033734736948},
{"mapping": [9, 12, 6, 5, 2, 10, 1, 11, 4, 3, 8, 7, 13], "R": [[-0.0556251134481921, 0.9503393037973595, -0.3062042690947105], [0.06944275109484566, -0.3022541226531243, -0.9506945617071605], [-0.9960339106045815, -0.07414615969246319, -0.04918125586648514]], "T": [0.06247058306151118, 0.25109539182202845, 0.01768921075646785], "aligned_model": [[-0.11797333283783104, -0.3640982719485697, 0.3120356452548001, 0.11736902582762307, -0.7096097537116102, -0.540841303513711, -0.28245609321152576, -0.19895940293530404, 0.5197341828805879, 0.577553738859312, -0.09619758989242166, 0.6150927051599064, 0.022116300285026737], [0.04816621963900525, -0.4014610501978344, -0.3505823513063646, -0.6102288274095221, -0.25632242393496973, 0.2484065341047956, 0.7423649328392236, 0.027460431341670616, -0.1721636689222784, 0.43416241934063304, 0.6524409867599859, 0.3888065697083841, 0.12400585174014564], [-0.5752315639947884, 0.24311145200922546, 0.3883819520767973, -0.2820794685118186, -0.33311599908769385, 0.06695398219822651, 0.4327110652624181, 0.6055474058966525, -0.1671309664919242, -0.4211637396482976, -0.39275056648921397, 0.4505332405374197, 0.0799879033861709]], "inverted": true, "swapped": true, "error_lsq": 0.04580512210358952, "error_max": 0.30823958551978903, "target": "938.xyz", "model": "17.xyz", "model_rescale": 3.901054581598922, "target_rescale": 3.7970033734736948},
{"mapping": [4, 8, 3, 6, 11, 12, 9, 10, 1, 7, 2, 5, 13, 14], "R": [[-0.7505942824650433, 0.26847847457212537, 0.603761154615144], [-0.585777286004015, 0.15241426948597592, -0.7960118476874746], [-0.30573386193314867, -0.9511515121937627, 0.04286731294309776]], "T": [-0.013387067109866934, 0.06122607890242541, -0.07986523757089924], "aligned_model": [[0.1273552899728064, 0.2759944796451916, -0.3128020543752184, -0.4942768591281688, -0.13827941082700101, -0.28459050954811593, 0.44742169900644524, 0.45495763990926313, -0.5239983930261843, -0.655044012512848, 0.2113478648796444, 0.5774144413285606, 0.3091590429464725, -0.011382721980011296], [-0.014171724274447468, 0.4987682796203304, 0.4190855269961438, -0.44026669392916357, -0.7066793524011504, -0.22873040520414942, -0.2860554105896846, -0.5116482464904842, 0.22620816910023286, -0.05488666856894813, 0.8099942241421899, 0.23072103581477782, 0.22580366878749883, 0.025932220461261347], [0.6947835409789176, 0.32662387068226845, -0.6845909359860766, 0.20469714926267296, -0.25721838804189234, -0.7078373979501698, -0.3980483129548635, 0.2735778141950749, 0.3648172707378707, -0.20016161360945284, -0.34926935224990896, -0.19082056283191987, -0.7094527391111722, -0.12174767542142302]], "inverted": false, "swapped": false, "error_lsq": 0.04037300228195665, "error_max": 0.34636740129777693, "target": "938.xyz", "model": "18.xyz", "model_rescale": 3.9405287249114394, "target_rescale": 3.7970033734736948},
{"mapping": [3, 14, 7, 1, 6, 8, 5, 10, 12, 0, 13, 11, 9, 15], "R": [[0.8908858852047591, 0.3827714118031395, 0.24455753075537146], [-0.4180869614840938, 0.48054759132348174, 0.7708938351745965], [0.17755458929560497, -0.7890247516899781, 0.5881448027829862]], "T": [-0.08705159402241507, 0.08121097196273719, -0.09854195653012886], "aligned_model": [[-0.06551834539790277, 0.3372216948120632, -0.2374048494098126, -0.38804475432882485, -0.21849818354779493, -0.2981276702096762, 0.31735438023552054, 0.5343010768890782, -0.3596498423941597, -0.6844411583195081, 0.18605726260435257, 0.6151754124123822, 0.3057505763527096, -0.06089910340759104], [-0.10640210831045949, 0.46030487846556567, 0.4051875924187412, -0.39724142147265573, -0.6233952059206649, -0.289888856058685, -0.42881720089150777, -0.1654073091712404, 0.3382423000507723, -0.21863913217934433, 0.6932470151640445, 0.21349840558110947, 0.26081784380898887, 0.052567821979743315], [0.7319797145826984, 0.4268330985592671, -0.7052202872241311, 0.24205435678541842, -0.3095760385711819, -0.7230449294932826, -0.6158327003467161, 0.31498472786666093, 0.30116312671919676, -0.2594452861130289, -0.14494540065310446, -0.19122673543208396, -0.7329374747131713, -0.0894335042666156]], "inverted": false, "swapped": false, "error_lsq": 0.045782594885375484, "error_max": 0.3017183287197909, "target": "938.xyz", "model": "19.xyz", "model_rescale": 4.410303926677745, "target_rescale": 3.7970033734736948},
{"mapping": [5, 3, 2, 8, 9, 12, 11, 10, 1, 7, 0, 6, 4, 13], "R": [[-0.8137193311516309, 0.558979677314836, 0.1593818385486383], [-0.20158284432139795, -0.014201417292209417, -0.9793685091027726], [-0.5451836451925511, -0.8290597325258864, 0.12423668105140367]], "T": [0.011097316421193939, 0.0815671856429904, -0.1344920741610199], "aligned_model": [[0.005979295399344853, 0.4530464669079239, -0.2516456813795513, -0.4233807072665612, 0.0038764951959275335, -0.27701625321233964, 0.5355391092193874, 0.41602341824431865, -0.6070789497886586, -0.6745363026870553, 0.04916425380485327, 0.5338363081315712, 0.22923938964042181, -0.009770345918746476], [-0.13211458494948153, 0.46955017107503816, 0.524879944788269, -0.43928393566228685, -0.6066706375073881, -0.40603169220563373, -0.39634486133298596, -0.4591235920038478, 0.3971070362557878, 0.005859472785653783, 0.7877964084839278, 0.2538608358500405, 0.17352665666372724, 0.021063401223587547], [0.6738300335074928, 0.28990496529814025, -0.5504832308455937, 0.22744789016275932, -0.14603700008868062, -0.6344049091656385, -0.5630876945487332, 0.33329243609687376, 0.15083685487088452, -0.31063987438613705, -0.020691522288644043, -0.3176987001942704, -0.7971012248637893, -0.08981535585473822]], "inverted": false, "swapped": false, "error_lsq": 0.04477501388686983, "error_max": 0.2765773885969397, "target": "938.xyz", "model": "20.xyz", "model_rescale": 4.121658175737393, "target_rescale": 3.7970033734736948},
{"mapping": [0, 8, 3, 7, 4, 1, 9, 11, 10, 12, 5, 6, 13], "R": [[-0.43305413786962743, 0.8906084528854873, -0.13885495066043768], [0.7745787216644117, 0.4464795004537142, 0.4479775213326309], [0.46096845620792715, 0.08644442910633832, -0.8831961520850052]], "T": [0.04263339526251742, -0.06251279012000686, 0.1073450632726287], "aligned_model": [[0.1442091640288522, -0.3220923289601532, 0.3189683298060403, 0.6852118639227838, 0.46212357259097653, -0.20000460418322724, -0.30881272414386285, 0.06011501404676783, -0.4893997979819593, -0.1537892781593553, 0.12526172910668928, 0.5090620369632126, 0.05022992762752984], [-0.4386612771779141, 0.034549121283392034, 0.33314299896120597, -0.355280592512368, 0.41647604971737145, -0.7388655054286846, 0.486479756467322, -0.4988691394977656, -0.24911108104390856, -0.022080534406067873, 0.6354223847174927, -0.0029561823060832576, -0.05941909461080924], [0.8253947818109333, 0.5680714656798426, 0.6157854300290816, 0.22175423231501423, -0.023017556277459064, 0.23477001912160478, 0.12704556543276885, -0.4153623310535075, -0.11297570119216328, -0.6790323594712706, -0.476447332099152, -0.47627233535265234, -0.03960413946125092]], "inverted": true, "swapped": true, "error_lsq": 0.05276521324630361, "error_max": 0.318273703758482, "target": "938.xyz", "model": "21.xyz", "model_rescale": 4.08911054899281, "target_rescale": 3.7970033734736948},
{"mapping": [1, 2, 9, 8, 6, 10, 7, 0, 11, 5, 14, 13, 12, 16], "R": [[0.5396028432686524, -0.8256942274431307, -0.16449259650050496], [0.3104888813751845, 0.01355671913644383, 0.9504803364134593], [-0.7825761471440164, -0.563955014281589, 0.2636841212281844]], "T": [0.04171992668204977, 0.10110700620159936, -0.0660576423012606], "aligned_model": [[-0.06566240433664725, 0.352081077919105, -0.3613203441167903, -0.4212098498301176, -0.03958803931315223, -0.2242842472625226, 0.35225374789194064, 0.500925799210507, -0.6097835770107161, -0.597769114792055, 0.13893342489330898, 0.6271879779900118, 0.24625649766298174, 0.08525554738498185], [-0.028156130080885675, 0.4463482326442981, 0.3979364094903316, -0.30513781611534835, -0.6393533948843949, -0.24703362486771208, -0.3642850322192193, -0.4539297790788401, 0.22797434626115382, -0.025181993831694408, 0.6890332112066279, 0.11152464112629139, 0.3024457983070445, 0.08188975550675545], [0.7096732761552915, 0.48687841253727465, -0.5730077947030243, 0.25241242602406844, -0.0919716856110262, -0.7436823833325072, -0.5051193514820232, 0.2187993951758011, 0.31517836460353216, -0.3359352224247108, -0.304206543581486, -0.37240483064884694, -0.7462024709656911, -0.06505892404672668]], "inverted": false, "swapped": false, "error_lsq": 0.04006918727001298, "error_max": 0.22599473263430642, "target": "938.xyz", "model": "22.xyz", "model_rescale": 4.204369325754507, "target_rescale": 3.7970033734736948},
{"mapping": [3, 14, 7, 1, 6, 8, 5, 10, 12, 0, 13, 11, 9, 15], "R": [[0.8908858852047591, 0.3827714118031395, 0.24455753075537146], [-0.4180869614840938, 0.48054759132348174, 0.7708938351745965], [0.17755458929560497, -0.7890247516899781, 0.5881448027829862]], "T": [-0.08705159402241507, 0.08121097196273719, -0.09854195653012886], "aligned_model": [[-0.06551834539790277, 0.3372216948120632, -0.2374048494098126, -0.38804475432882485, -0.21849818354779493, -0.2981276702096762, 0.31735438023552054, 0.5343010768890782, -0.3596498423941597, -0.6844411583195081, 0.18605726260435257, 0.6151754124123822, 0.3057505763527096, -0.06089910340759104], [-0.10640210831045949, 0.46030487846556567, 0.4051875924187412, -0.39724142147265573, -0.6233952059206649, -0.289888856058685, -0.42881720089150777, -0.1654073091712404, 0.3382423000507723, -0.21863913217934433, 0.6932470151640445, 0.21349840558110947, 0.26081784380898887, 0.052567821979743315], [0.7319797145826984, 0.4268330985592671, -0.7052202872241311, 0.24205435678541842, -0.3095760385711819, -0.7230449294932826, -0.6158327003467161, 0.31498472786666093, 0.30116312671919676, -0.2594452861130289, -0.14494540065310446, -0.19122673543208396, -0.7329374747131713, -0.0894335042666156]], "inverted": false, "swapped": false, "error_lsq": 0.045782594885375484, "error_max": 0.3017183287197909, "target": "938.xyz", "model": "23.xyz", "model_rescale": 4.410303926677745, "target_rescale": 3.7970033734736948},
{"mapping": [3, 1, 14, 4, 5, 6, 12, 0, 10, 9, 11, 7, 13, 16], "R": [[-0.04697280880660992, 0.5449193764403989, -0.837171683952954], [0.987112248580302, 0.15367634487447834, 0.044642913533510464], [0.1529802730274651, -0.8242854203525787, -0.5451152005389458]], "T": [-0.09290737633204829, 0.032365279660292096, -0.15777324123001524], "aligned_model": [[0.07340046318817842, 0.3487921209397389, -0.3066354343706711, -0.3890204886938806, -0.1740485542443476, -0.0716345597547888, 0.44648817681809505, 0.5024759979516867, -0.4350887172781033, -0.645561862359171, -0.10877646058671772, 0.5193114092356775, 0.2759259742413659, -0.05235156879622623], [-0.17731613128236523, 0.46607761910205825, 0.3214254251817349, -0.3883233111352107, -0.5857925546275676, -0.3128934886348037, -0.49545458463655057, -0.3347077903255715, 0.3139676299142552, 0.3209696960106766, 0.6642181388304615, 0.28983697025969934, 0.09355063735199795, 0.01851636745559343], [0.7010785463639049, 0.4364746113501503, -0.7312839555961873, 0.2996352274858944, -0.24083366853134858, -0.8347089397642417, -0.4346025440128149, 0.1271158775580402, 0.3190873175452088, -0.2186049234814109, -0.19286772988796386, -0.18653752151233766, -0.7530924290091964, -0.04550720080777193]], "inverted": false, "swapped": false, "error_lsq": 0.04388921551181015, "error_max": 0.2680518875289422, "target": "938.xyz", "model": "24.xyz", "model_rescale": 4.28219845311461, "target_rescale": 3.7970033734736948},
{"mapping": [6, 0, 7, 14, 11, 9, 5, 8, 2, 13, 4, 1, 3, 15], "R": [[0.7307900084600008, 0.4704013923398219, 0.4946397614626117], [-0.515945771248336, -0.09379877534573551, 0.8514703464446667], [0.44692944036614124, -0.8774533148996575, 0.17415440133861265]], "T": [-0.0814472504718511, -0.037422411963710794, -0.15820497895911612], "aligned_model": [[0.17597187912907752, 0.22073206647734572, -0.3768775835108598, -0.5066190192793684, -0.17365948817177412, -0.13232700455999985, 0.5435180959385448, 0.4614165346432664, -0.42377142306171084, -0.644885729900688, -0.008539212258079923, 0.5398400458285253, 0.3660762496569062, -0.057598914640348914], [-0.09405842260485556, 0.5015665045678643, 0.3732664162252949, -0.40484292156036583, -0.5710846657086035, -0.25153624661607354, -0.5378299703883205, -0.359407007116756, 0.27290604999269485, 0.1289527147058911, 0.6875205678145554, 0.11142955463272125, 0.3216430050698924, 0.015549044450468515], [0.703609901960898, 0.37446075140096824, -0.7494761607965424, 0.3559698561227367, -0.21458381714233254, -0.7972982431336494, -0.44853457127067575, 0.13088131996119112, 0.3470577556140554, -0.2463687700618047, -0.21977337230943766, -0.19970903108435295, -0.6786279684424934, -0.11225498311863513]], "inverted": true, "swapped": false, "error_lsq": 0.039948709213721956, "error_max": 0.23291112646172332, "target": "938.xyz", "model": "25.xyz", "model_rescale": 4.100010024507729, "target_rescale": 3.7970033734736948},
{"mapping": [6, 7, 1, 0, 12, 10, 11, 8, 3, 9, 4, 13], "R": [[0.34580011396497784, -0.48547996902835344, -0.8029517300896968], [0.4579664118055785, -0.6595689936924034, 0.5960163657295944], [-0.8189560713736309, -0.5738274498765455, -0.00574551376720045]], "T": [0.020868077060433702, 0.06887922471292501, -0.07423346405393008], "aligned_model": [[-0.699444612788479, -0.09662574415916203, 0.44912038399735293, 0.6826871762288792, -0.549187011921197, 0.14672761206983706, -0.28476439236857215, 0.5434004442302697, 0.18898953184653702, 0.03312765120722935, -0.432135435160661, -0.10513000081902721], [-0.09944000001005548, -0.6276046553493577, 0.010833806797284767, -0.4097688975093368, 0.5454781807507547, 0.5519139562898265, 0.10550706384476125, 0.24587574902291562, -0.230936313800855, 0.5464333953464946, -0.09016519577232202, 0.11800430044052909], [0.0463078265583579, 0.03896962447725849, 0.5138090554255488, -0.05714035203964614, 0.2521048811760568, 0.2681936167700514, 0.5333705893822542, -0.29861448391121975, -0.6851851195360827, -0.5181783004827691, -0.5122853107201039, -0.016159737245349602]], "inverted": true, "swapped": true, "error_lsq": 0.043246636161178416, "error_max": 0.23148428060601395, "target": "938.xyz", "model": "26.xyz", "model_rescale": 3.6694154284099745, "target_rescale": 3.7970033734736948},
{"mapping": [12, 11, 0, 3, 7, 5, 8, 9, 6, 1, 2, 10, 4, 13], "R": [[-0.19525896531246467, 0.5488708083350741, 0.8127821185426682], [-0.5971397023754396, -0.7239498414637267, 0.345428433820403], [0.7780090695564399, -0.4178964737853711, 0.4691102481141032]], "T": [0.041319417032882146, -0.026871965227336737, -0.16594353080449972], "aligned_model": [[-0.031721144798785926, 0.46974668718965934, -0.26318479128373107, -0.2963045921723921, -0.1775961553809566, -0.37011450727617107, 0.4565468833279051, 0.4295742387513758, -0.502945960074376, -0.8251710270299554, 0.010047858588477655, 0.6184497870310308, 0.42769798610550547, 0.03825123331324962], [0.16785479254322813, 0.42204178592996827, 0.3691213237597311, -0.5015471058272997, -0.616830721207624, -0.27255554651103714, -0.3559041912841777, -0.39614383176499807, 0.21263874835391008, -0.019330409503623726, 0.6426873896681862, 0.14069535097419508, 0.3715798085466921, 0.029767229787257134], [0.5998758862207723, 0.42659506494524624, -0.5988405685950333, 0.39398928627099983, -0.17831943947241866, -0.7954990911297325, -0.5232685059746446, 0.25567242888688224, 0.17698539647706926, -0.33560227352293936, -0.05262095535003812, -0.19300735277133133, -0.7721434610475248, -0.15846374723738124]], "inverted": false, "swapped": false, "error_lsq": 0.045686680483392285, "error_max": 0.26756782700742393, "target": "938.xyz", "model": "27.xyz", "model_rescale": 4.103607728864725, "target_rescale": 3.7970033734736948},
