[{"mapping": [8, 2, 3, 4, 10, 9, 7, 6, 1, 2, 0, 11], "R": [[-0.7869760301094695, 0.048767341094166916, -0.6150532289775775], [0.5896236464704674, -0.23412070611490793, -0.7730015850508498], [-0.18169392823099098, -0.9709836463148398, 0.1554930063801243]], "T": [0.035321923674978654, -0.04015329128033304, -0.07583395868218118], "aligned_model": [[-0.43175522954849055, 0.024935061892330128, 0.19077720096098671, 0.5673160554157165, 0.2612897016668513, -0.3411178888531919, -0.17944699282252938, -0.6368885327980959, -0.144227046920562, 0.024935061892330128, 0.505496288241757, 0.08547109895509425], [0.29514713326837916, 0.7530702642609832, -0.24023240232946574, 0.3246075655928281, -0.6809856011228133, -0.397018074469618, -0.6091023850431629, -0.16263856642723842, 0.26491313711584596, 0.7530702642609832, 0.25323693847029183, -0.026292785879049454], [-0.34512199949595934, 0.06358895773805254, -0.7160171518953773, -0.5619206051045159, -0.08165288781319421, -0.39253100396518575, 0.6499584021752152, 0.16558879715372637, 0.5378249049730548, 0.06358895773805254, 0.1992108267484885, -0.02973404006134659]], "inverted": false, "swapped": false, "error_lsq": 0.06374038873003551, "error_max": 0.4588587482824992, "target": "939.xyz", "model": "0.xyz", "model_rescale": 3.751011558992144, "target_rescale": 3.8243468047441667},
{"mapping": [6, 4, 1, 8, 3, 7, 12, 11, 9, 10, 5, 14], "R": [[-0.8708977211977829, 0.3048897420272024, -0.38545999068527836], [-0.4907942978887806, -0.5804822204239761, 0.6497394469566316], [-0.025653778910090963, 0.7550381692194352, 0.6551787898348022]], "T": [0.123990286794712, 0.005196284700808823, -0.05438835134529938], "aligned_model": [[-0.5622821638470111, 0.09847107164134164, -0.008203451047260862, 0.6309303234009839, 0.3067770806180836, -0.2940636156121297, -0.23745991866835073, -0.5947183082509013, 0.0686428887476867, -0.14939423395204002, 0.5718754929526807, 0.09620961209911313], [0.08164419583631063, 0.6798291561573352, -0.03149705854573079, 0.3377559154508507, -0.731230059645123, -0.4337713458847673, -0.5250168570399966, 0.044515071778907706, 0.16211987490958932, 0.7287647517572379, 0.22759904954281496, -0.012937206619465114], [-0.34919606095168465, -0.46644809011880073, -0.7376627937713246, -0.3242663671615204, 0.03319656099600634, -0.3231175417540457, 0.32004839548020325, 0.29005754762425384, 0.5831861726906793, 0.2179410914744934, 0.31980665034644606, -0.010762406663695608]], "inverted": false, "swapped": false, "error_lsq": 0.049693019215976963, "error_max": 0.2517816955419353, "target": "939.xyz", "model": "1.xyz", "model_rescale": 3.9405287249114394, "target_rescale": 3.8243468047441667},
{"mapping": [2, 1, 5, 0, 11, 9, 10, 8, 3, 4, 6, 12], "R": [[-0.030348541054356304, -0.7213640420539766, -0.6918908041645162], [-0.6097031438271552, -0.5351562327178646, 0.5846964024094096], [-0.7920486364252866, 0.4395926812570604, -0.4235767133850409]], "T": [0.0515277336525589, 0.13565796982383252, 0.018225335014411828], "aligned_model": [[-0.19050734835317773, 0.10906242858651803, 0.07039572721398842, 0.654020742230986, 0.33668181636314803, -0.4132422227113508, -0.21751568026383433, -0.654912486236798, 0.04456809683351286, -0.38978349833085457, 0.5828223402385123, -0.0048051374884538825], [0.29346787514445516, 0.8774111891468024, -0.2041553908687412, 0.24972823870353517, -0.5059107224876264, -0.5190498408832613, -0.5072705232639845, -0.07303932686579942, 0.08639655146136951, 0.5846902422724647, 0.07370526227385185, 0.17180193306489683], [-0.5987711644754826, -0.2532857197534045, -0.623839427365937, -0.5535439686804496, -0.10298131165329234, -0.057456085100917514, 0.49335238488256183, 0.25921791620080226, 0.5877203347160392, 0.3269487333950813, 0.11436895898047231, -0.038947492954463384]], "inverted": true, "swapped": false, "error_lsq": 0.05707620954645578, "error_max": 0.3589939431006623, "target": "939.xyz", "model": "2.xyz", "model_rescale": 3.932901565614263, "target_rescale": 3.8243468047441667},
{"mapping": [7, 8, 3, 11, 1, 0, 2, 5, 6, 9, 10, 13], "R": [[0.8448730890010054, 0.5213908439530045, 0.1197541286297579], [-0.1656919879261486, 0.042190993238128235, 0.9852746242681077], [0.5086606222413722, -0.8522743149547297, 0.1220363202061836]], "T": [-0.029894461134309804, 0.038636027476178614, -0.08113656852592484], "aligned_model": [[-0.6569445754828882, 0.06937082488558599, 0.03510883775192055, 0.7596218529127575, 0.39212687609950714, -0.24193476170492198, -0.21190778891906625, -0.44755858656483827, -0.03775917590893051, -0.24840707081037505, 0.5348774640864181, -0.019809118262972828], [0.2965865204060495, 0.5493960342874453, -0.05864085470483771, 0.36973283988119815, -0.567787314310584, -0.5489571569829594, -0.6690786084656877, 0.32126853940022615, -0.09712267982106573, 0.7348267877102965, 0.11100027861591333, 0.08655110168196914], [-0.3047707444468101, -0.5988791145518929, -0.5781247549129526, -0.3355920440736048, -0.027124140625399487, -0.32346586855813436, 0.31912708928063893, 0.4311867934111642, 0.5883408249208243, 0.004674876899738223, 0.3535374794004382, 0.023872761447001067]], "inverted": false, "swapped": false, "error_lsq": 0.06505985851894454, "error_max": 0.4451251626508131, "target": "939.xyz", "model": "3.xyz", "model_rescale": 3.9243930471874484, "target_rescale": 3.8243468047441667},
{"mapping": [3, 2, 4, 7, 9, 10, 11, 6, 5, 0, 1, 12], "R": [[-0.15156770952018483, 0.7188539410169021, -0.6784366152525034], [0.28476645564169095, -0.6255093759320318, -0.7263925153540538], [-0.9465385862034754, -0.30329364006782056, -0.1098984655140261]], "T": [0.00969922583764904, -0.11229235598974638, -0.07991562363354263], "aligned_model": [[-0.4900470888163569, 0.10236229615572295, 0.037477364557982305, 0.5951197769267944, 0.4404199117746583, -0.39683595411493067, -0.21697046166738462, -0.6220532478874968, -0.09439484966483888, 0.004707133968530786, 0.5573584625142284, 0.00964143433528674], [0.29099062307917567, 0.7237852819004169, 0.06344848488927632, 0.2682668426762237, -0.6054649447987859, -0.5698202446949004, -0.7040347674137266, -0.05898833967364939, 0.23376569896630797, 0.7013748167189588, 0.2183230023920852, -0.03387096634341896], [-0.2813351612849551, -0.45886447128030716, -0.6462289656063805, -0.47409354486375643, 0.18266365987948915, -0.4299514761355975, 0.3939998252347353, 0.2658646657460615, 0.5856903753029137, 0.1675579394708511, 0.23776841006560998, 0.009711901662346645]], "inverted": false, "swapped": false, "error_lsq": 0.043331749888131245, "error_max": 0.27256373595215455, "target": "939.xyz", "model": "4.xyz", "model_rescale": 3.8936222436046832, "target_rescale": 3.8243468047441667},
{"mapping": [8, 9, 3, 0, 2, 10, 4, 7, 5, 6, 1, 11], "R": [[-0.38605076673598177, -0.672021348993492, -0.6319431240226672], [0.2581296268402354, -0.7363796075632262, 0.6253912130117835], [-0.8856262762869458, 0.07830951450492107, 0.4577485321528864]], "T": [-0.07597602713564348, 0.06442430989141915, -0.09235395838046889], "aligned_model": [[-0.5294542154110244, 0.07382837168900365, 0.0683311783045177, 0.7023631040736258, 0.363775157469269, -0.40022736675267245, -0.012541698960036332, -0.6647838597474416, -0.06932679132328338, -0.1908613728049125, 0.6208462669383673, -0.03516399539321684], [0.2509520816542417, 0.6056257570076814, -0.07175725662380392, 0.12249476089473751, -0.5352106017224803, -0.4649645168689176, -0.5371576224961986, 0.12093440684078186, 0.09301013380933854, 0.674062343279314, 0.23229014772511303, 0.037495854198155744], [-0.6450091397101099, -0.35060883162259604, -0.6317165856737396, -0.5089284757548423, -0.15727955684894487, -0.2109960181356034, 0.4221359477795451, 0.1719554674556628, 0.7177753494345913, 0.4073974335186512, 0.2673243953341706, 0.07073317241422561]], "inverted": false, "swapped": false, "error_lsq": 0.044131987847786436, "error_max": 0.29159821750836334, "target": "939.xyz", "model": "5.xyz", "model_rescale": 3.6523030999806103, "target_rescale": 3.8243468047441667},
{"mapping": [7, 5, 3, 0, 2, 4, 10, 9, 6, 8, 1, 12], "R": [[0.06757114279334275, -0.07748323446659094, -0.9947012059096929], [0.6841822825603774, 0.729237922667318, -0.01032745730211948], [0.7261740458678443, -0.6798591034327998, 0.10228809602038705]], "T": [-0.08206848726257296, 0.03345807542920287, 0.006637091354015995], "aligned_model": [[-0.3852675188974284, 0.04990010589507429, 0.16612348271269559, 0.5505836071541685, 0.429629544851839, -0.1042678351587563, -0.4433422131198921, -0.7730112234273527, 0.09141076397813727, -0.19795895912224748, 0.6053068093447294, -0.06232178612877105], [0.21612369092195383, 0.6741767976052028, -0.11610329249018664, 0.3628198584297516, -0.5201334072241455, -0.5221497600731726, -0.4727018637033329, 0.1601757996336752, -0.014714719285445071, 0.5566156803505081, 0.12424692744304103, 0.07941977609011364], [-0.5777614711266973, -0.18301348064588494, -0.6247683617534592, -0.6850534997541087, 0.09559342037575488, -0.1345674553442651, 0.47775963665355015, 0.1775277841790169, 0.6313040372623556, 0.4147775348433086, 0.047225907023792424, -0.08624089352235244]], "inverted": true, "swapped": false, "error_lsq": 0.059009025101304874, "error_max": 0.3584120206680681, "target": "939.xyz", "model": "6.xyz", "model_rescale": 4.08911054899281, "target_rescale": 3.8243468047441667},
{"mapping": [13, 12, 11, 10, 9, 1, 0, 2, 6, 7, 4, 14], "R": [[-0.9584259750149774, 0.2789072397188516, 0.06025281776814195], [0.27598699604933324, 0.9597277272479835, -0.052477305219356646], [-0.07246260020352024, -0.03366661824168307, -0.996802754002974]], "T": [0.11675464156630293, 0.09252730909625784, -0.026061504801218063], "aligned_model": [[-0.46559669896876194, 0.06224540975572404, 0.14299771251945764, 0.6426329358015367, 0.2797205957304998, -0.3760547696588922, -0.20823094365582234, -0.6242779713577684, -0.020235263211317342, -0.2828210853002738, 0.6513442581273748, 0.12506059830043875], [0.32408808760857843, 0.5987252445966078, -0.02631658314066794, 0.32375653524640535, -0.6557807090463152, -0.42387921496809167, -0.5578934649580114, 0.0331782715462434, 0.062640655305464, 0.6613343340513054, 0.24262783513410663, -0.05470550367766122], [-0.40440135782149417, -0.5248543593548906, -0.600272697187854, -0.46110169044873717, -0.19349661364843024, -0.19461192742616407, 0.5705902941404817, 0.2861690215988519, 0.45298287766003487, 0.3146535835031974, 0.40814266796834653, -0.10101664079233126]], "inverted": false, "swapped": false, "error_lsq": 0.04910990694749299, "error_max": 0.24994479860504354, "target": "939.xyz", "model": "7.xyz", "model_rescale": 3.964800864290218, "target_rescale": 3.8243468047441667},
{"mapping": [0, 1, 3, 5, 10, 6, 11, 4, 12, 7, 8, 13], "R": [[-0.14604795883687488, -0.7221544771760964, 0.6761382290730955], [0.6642384097612506, -0.5780739576561412, -0.4739386399921523], [0.7331148127799818, 0.3798992110735228, 0.564109263093851]], "T": [-0.07642897700681582, 0.06877111024022346, -0.046350954386247895], "aligned_model": [[-0.436037406639045, 0.0541221451862063, -0.07266636988929716, 0.6737033343170913, 0.5450568643337035, -0.415902913759494, -0.1985247098773873, -0.6774270532053589, -0.10298834725041588, -0.04218419021193026, 0.6006458216356778, -0.0010123965575546262], [0.2786861435401688, 0.7727653916991293, -0.19025521228723558, 0.048333747854485534, -0.4672861859162048, -0.3745254794507814, -0.6104932335615224, -0.14357020894218409, 0.1452037613683702, 0.676814653894132, 0.32160922962300137, 0.07049287987660469], [-0.6292547446079862, -0.2710025676448581, -0.7237385116442677, -0.4150711093750248, -0.08549092446745829, -0.20367674061502272, 0.4128068700576595, 0.2516521858444676, 0.7047333198349316, 0.3223813449311337, 0.21575624474702212, -0.026312208869585907]], "inverted": false, "swapped": false, "error_lsq": 0.047126574690399985, "error_max": 0.28244211164816774, "target": "939.xyz", "model": "8.xyz", "model_rescale": 4.121658175737393, "target_rescale": 3.8243468047441667},
{"mapping": [7, 9, 5, 4, 0, 10, 3, 11, 2, 6, 1, 12], "R": [[0.6659155142145337, 0.4231324462809311, 0.6144228680906241], [-0.37621890995242907, 0.9016679495232902, -0.21320000139932405], [-0.6442172457506858, -0.08918431312052946, 0.7596251039628826]], "T": [-0.10264129735445188, 0.08894595722909798, -0.004286475749452963], "aligned_model": [[-0.6095324986950088, 0.0524822569095858, -0.008424318130476588, 0.6879286221184546, 0.4972001789639054, -0.30440755301677325, -0.2957660269960618, -0.7019243889228628, 0.06428234863766868, 0.046392382661775255, 0.5201783116848337, -0.021624537132844526], [0.3713902351085228, 0.7278588433899968, -0.13299978958610414, 0.2474281650747035, -0.4188107342177512, -0.5982873774846955, -0.5394919086132068, -0.09527937579612594, -0.04740423759854934, 0.7429099187966186, 0.16893501633721633, 0.10152673228733844], [-0.34852106176588243, -0.5150866557073203, -0.5731284156346269, -0.375784133803591, -0.03889267030246552, -0.25624193278408613, 0.4321223681646529, 0.09547763295431455, 0.655934374904361, 0.16978864965825247, 0.2796663385220036, 0.027448663985398684]], "inverted": true, "swapped": false, "error_lsq": 0.04575105605993971, "error_max": 0.22199262448276622, "target": "939.xyz", "model": "9.xyz", "model_rescale": 3.833441315466971, "target_rescale": 3.8243468047441667},
{"mapping": [5, 4, 2, 3, 8, 13, 10, 0, 12, 6, 7, 14], "R": [[-0.057930004058884904, -0.995780207791505, -0.07117508272172851], [0.3637768921647319, -0.08744840214617303, 0.9273721743124765], [-0.9296830036935744, 0.027830823429940532, 0.3673077155608155]], "T": [0.005184494385312583, 0.06949589172970755, 0.08102385005059808], "aligned_model": [[-0.4243484632759574, 0.04598779044650557, 0.06947758963453714, 0.5691652627809333, 0.34689397997138116, -0.4589198101243815, -0.1559635058386721, -0.635337248593534, -0.12621906500326607, -0.04362133533279023, 0.6635209234453504, 0.07614865997208997], [0.2147801211391082, 0.7599898785430401, -0.1661887305923698, 0.3472367650951364, -0.631048616514513, -0.36273432368806596, -0.6235665386847191, -0.15383023693975603, 0.2304398685150117, 0.7202402809454027, 0.13449672389410539, 0.057960295985583284], [-0.4208019488424929, -0.3157956621906862, -0.5949712768784416, -0.5182319800334538, 0.07542190341504161, -0.4021642880800199, 0.492666818035876, 0.1416893157499311, 0.6465768521886086, 0.2691177067677566, 0.1602830121218034, 0.01899270593708758]], "inverted": true, "swapped": false, "error_lsq": 0.0395840016982567, "error_max": 0.26927332947679117, "target": "939.xyz", "model": "10.xyz", "model_rescale": 4.2482417240324, "target_rescale": 3.8243468047441667},
{"mapping": [5, 7, 2, 3, 1, 6, 0, 4, 10, 9, 8, 11], "R": [[-0.4534526001661946, 0.7812535037209261, 0.4289798390674028], [-0.511890980006606, -0.6222915099538622, 0.5922169376395942], [0.7296220692868288, 0.04895140001184606, 0.6820963249032256]], "T": [0.02637995641771785, -0.006764194569327225, -0.06675867125127688], "aligned_model": [[-0.5751857532504693, 0.12550177416210817, 0.15851011582497895, 0.716865808695087, 0.474301290309344, -0.45082872668389734, -0.04052104475786444, -0.8076695056266427, 0.0328431817156126, -0.19172476748109124, 0.5483644704708878, -0.06367206529585742], [0.3244475270663809, 0.6164835091030113, -0.243902162288214, 0.22470713318272142, -0.5516872074698234, -0.379881967058461, -0.542174456093694, 0.03617846239223424, 0.1376208162415172, 0.6843274091732812, 0.15514845070316852, 0.06650797274584155], [-0.3710671705148546, -0.3123058394482582, -0.7552820852510084, -0.42414073387508067, -0.02711094225712142, -0.2981396098960703, 0.46493633890959174, 0.19469305146027965, 0.5610259716848127, 0.3258398855321123, 0.212837987069872, -0.018503695223264074]], "inverted": true, "swapped": false, "error_lsq": 0.04277340520081633, "error_max": 0.269925689105822, "target": "939.xyz", "model": "11.xyz", "model_rescale": 3.6694154284099745, "target_rescale": 3.8243468047441667},
{"mapping": [8, 9, 10, 7, 12, 2, 1, 3, 4, 11, 6, 13], "R": [[0.5860425064881829, 0.7951153262714982, -0.15603140234330287], [-0.6155690803716108, 0.3116633048525968, -0.7238374760253903], [-0.5269050084023668, 0.5202476355895591, 0.6720963545385257]], "T": [0.1613920800262145, 0.01589533892148167, 0.0036879196223517305], "aligned_model": [[-0.5045954233951252, 0.024881962503865374, 0.15979082744834894, 0.67625367902566, 0.36778681199586616, -0.331377470055655, -0.27672540937877654, -0.6411483207950199, -0.18242398628067932, -0.028717761020262217, 0.5021835649831383, 0.1608763030508357], [0.2783409077473322, 0.5785008541806155, -0.1076445546067944, 0.2788233888927276, -0.5907800468485963, -0.3466357966982733, -0.6233768960295439, -0.06446969272412617, 0.13326235791665306, 0.716462893574091, 0.32391190792839386, -0.04861983563451545], [-0.24162987427237737, -0.5526629488986996, -0.6194205123585087, -0.46316504747071136, -0.22239766413387085, -0.22448508406274645, 0.34406648710237187, 0.30488431293013024, 0.6484313919830521, 0.13819441988319917, 0.3335997115482162, 0.10736796594095535]], "inverted": true, "swapped": false, "error_lsq": 0.04941876392940947, "error_max": 0.2498113698648489, "target": "939.xyz", "model": "12.xyz", "model_rescale": 3.9764082729961374, "target_rescale": 3.8243468047441667},
{"mapping": [2, 8, 7, 3, 4, 0, 5, 9, 12, 10, 14, 15], "R": [[0.09281683415664269, 0.7721877485568683, 0.628578647645474], [-0.5830218402849449, -0.4696085591324058, 0.6629881861242639], [0.8071372677852846, -0.4280115444333954, 0.4066147424575813]], "T": [0.03757986580499418, 0.06380156168390128, 0.1133592499523432], "aligned_model": [[-0.45326023976394536, 0.05851089519741178, 0.04873398915721528, 0.6040001789114987, 0.21462909102151279, -0.39354701134762393, -0.1878593338957085, -0.4947051528425672, -0.2674093458028707, -0.1350525011706869, 0.8175704301931968, 0.11517377842476342], [0.2514914018884991, 0.6228257652048005, -0.17432418787665613, 0.3122657037933438, -0.5804074037647681, -0.3743785351337636, -0.675057251270341, -0.18532548626788992, 0.2718803058813969, 0.8355189736827257, 0.2017598742905128, 0.021526327270103812], [-0.48673076709107016, -0.31873642062877544, -0.6037219252652579, -0.45749716483140906, -0.15029222921098956, -0.2729511848688691, 0.43907189568915306, 0.24027457377028566, 0.6338382139501921, 0.25757159633251836, 0.2200844251603451, 0.051872145184888134]], "inverted": false, "swapped": false, "error_lsq": 0.049213793741448804, "error_max": 0.2744983574760491, "target": "939.xyz", "model": "13.xyz", "model_rescale": 4.170626492500431, "target_rescale": 3.8243468047441667},
{"mapping": [2, 0, 3, 1, 11, 6, 5, 4, 12, 8, 10, 13], "R": [[0.02414660293195589, -0.6555265301272938, 0.7547860026962058], [0.8550998210917308, -0.37758927868787673, -0.35528950531764836], [0.5179007989332868, 0.6539964104788643, 0.5514231202488922]], "T": [0.049352178873337656, 0.13807063244587758, -0.09049061548181296], "aligned_model": [[-0.4525387952276194, -0.0019983508392795654, 0.16453601444693786, 0.5732224989091509, 0.34595082368446395, -0.33870920868379456, -0.219268983065401, -0.5699996398835286, -0.0363234765826878, -0.03731565394333861, 0.4500154583201459, 0.049214090947147106], [0.20399308473388175, 0.6364886796222314, -0.24703684836993745, 0.41773602624468636, -0.4966019754486741, -0.5965575578304722, -0.578389648941839, 0.3040069047264728, 0.0030149877129440616, 0.6360062796270058, 0.20608862472280617, 0.039026930898858045], [-0.5108379095574055, -0.4142204100250802, -0.6507570848266543, -0.5785086737463385, 0.0037408857037119075, -0.22171198785924173, 0.40118729220648536, 0.21271164166216422, 0.6237402828095763, 0.453664758309621, 0.3008797898944415, -0.0671054263802691]], "inverted": false, "swapped": false, "error_lsq": 0.04565298616568377, "error_max": 0.30810890173927635, "target": "939.xyz", "model": "14.xyz", "model_rescale": 3.9786697098870705, "target_rescale": 3.8243468047441667},
{"mapping": [4, 2, 0, 3, 9, 1, 6, 10, 7, 5, 8, 11], "R": [[0.704779227809626, -0.6486989546166699, 0.28718618756358605], [0.708463199084955, 0.6646649759459687, -0.2372769801161847], [-0.03696127149299597, 0.37068873199759467, 0.9280214051300955]], "T": [-0.02555843738744502, 0.007908400051314657, -0.009936061446497599], "aligned_model": [[-0.44213429656257464, 0.2078361842546633, 0.055553282642012106, 0.7995142416873496, 0.48940669601986664, -0.5023139882026307, -0.013540786179400754, -0.8114596584314319, -0.12818016991929213, -0.06536999625978192, 0.3354518833698039, 0.002021385663612693], [0.3853256793366877, 0.6552992880738276, -0.13877201291265548, 0.08656678855852486, -0.3415430980142276, -0.4465547714528683, -0.7160733446290134, 0.012865601100896839, 0.0019322156999564966, 0.755105061403008, 0.36019804340743944, -0.08657396287361271], [-0.2527023707657211, -0.5393313815627527, -0.6850000076066562, -0.4077012741844236, -0.020368219601094625, -0.1737635988314271, 0.31109618028785885, 0.26329586460939275, 0.6429874184678466, 0.28121987061566167, 0.12344940070270839, 0.0096012760596178]], "inverted": false, "swapped": false, "error_lsq": 0.05781335951058953, "error_max": 0.3119442127478461, "target": "939.xyz", "model": "15.xyz", "model_rescale": 3.769337070930944, "target_rescale": 3.8243468047441667},
{"mapping": [0, 2, 9, 1, 7, 5, 8, 4, 10, 3, 11], "R": [[0.14068504475687948, 0.5825644369979124, -0.8005163302063614], [-0.016448115957536313, -0.8070710563049033, -0.5902251854642728], [-0.9899177630809552, 0.09620284205881441, -0.10396074026575886]], "T": [0.12668806706955804, 0.008007964509583763, -0.016516928891593778], "aligned_model": [[-0.33263626545663394, -0.3064576878805875, -0.0714106908907424, -0.6018888426568594, 0.37641388987654717, 0.2965532666149354, 0.5702102846607956, 0.3984365175903402, 0.10609249686306726, -0.5761115145185945, 0.06342467648890274], [-0.03567488607063538, -0.4505530139081919, 0.7760737557106608, 0.3425941851818885, 0.12996899782795912, -0.48268196974171573, 0.4479846491835611, -0.4248589343031809, 0.29930751468270306, -0.05500879051640337, 0.04891298957869663], [-0.5815593770027246, 0.0279521204734998, -0.13040243587665085, -0.05722001722955338, -0.668128237455994, -0.3238478929774364, -0.03537640274886062, 0.41731297092928654, 0.5626606590315418, 0.5697250866162984, -0.036898866535629384]], "inverted": true, "swapped": true, "error_lsq": 0.04701300869095617, "error_max": 0.2911806738736539, "target": "939.xyz", "model": "16.xyz", "model_rescale": 3.7852294659196426, "target_rescale": 3.8243468047441667},
{"mapping": [3, 0, 8, 9, 11, 2, 7, 1, 5, 4, 10, 12], "R": [[0.32003163795438766, 0.9119886535285929, -0.25662510894948726], [-0.46878752049208916, -0.08295186893197921, -0.8794073277336112], [-0.8232970371251866, 0.4017408160441209, 0.40098167711890903]], "T": [-0.02717862971187837, 0.02727690090746387, -0.022083920881242627], "aligned_model": [[-0.6238555686577716, 0.04128809374726841, 0.1531486967116661, 0.6918553613803153, 0.3578091498744438, -0.39155534016230675, -0.08652187976926692, -0.6712300353842771, -0.19013842373531245, -0.09613990728698667, 0.677862398918848, 0.06426223244557608], [0.2690392117132316, 0.628713938056798, -0.10851267038525, 0.18210875160316875, -0.582383392418478, -0.43970763305997046, -0.526294598947573, 0.03753376644445153, 0.15042573740901644, 0.6406379578602714, 0.25375535387648096, 0.02245906554581652], [-0.48901323755194626, -0.33725522963653004, -0.6330251283026662, -0.47626340431925046, -0.15636277530066928, -0.1745374513317109, 0.40390196902274544, 0.22152793804157972, 0.6028060535626883, 0.3255067019763624, 0.29553178019039533, -0.030034058159986936]], "inverted": false, "swapped": false, "error_lsq": 0.03778157027163041, "error_max": 0.2571014409729545, "target": "939.xyz", "model": "17.xyz", "model_rescale": 3.901054581598922, "target_rescale": 3.8243468047441667},
{"mapping": [6, 4, 1, 8, 3, 7, 12, 11, 9, 10, 5, 14], "R": [[-0.8708977211977829, 0.3048897420272024, -0.38545999068527836], [-0.4907942978887806, -0.5804822204239761, 0.6497394469566316], [-0.025653778910090963, 0.7550381692194352, 0.6551787898348022]], "T": [0.123990286794712, 0.005196284700808823, -0.05438835134529938], "aligned_model": [[-0.5622821638470111, 0.09847107164134164, -0.008203451047260862, 0.6309303234009839, 0.3067770806180836, -0.2940636156121297, -0.23745991866835073, -0.5947183082509013, 0.0686428887476867, -0.14939423395204002, 0.5718754929526807, 0.09620961209911313], [0.08164419583631063, 0.6798291561573352, -0.03149705854573079, 0.3377559154508507, -0.731230059645123, -0.4337713458847673, -0.5250168570399966, 0.044515071778907706, 0.16211987490958932, 0.7287647517572379, 0.22759904954281496, -0.012937206619465114], [-0.34919606095168465, -0.46644809011880073, -0.7376627937713246, -0.3242663671615204, 0.03319656099600634, -0.3231175417540457, 0.32004839548020325, 0.29005754762425384, 0.5831861726906793, 0.2179410914744934, 0.31980665034644606, -0.010762406663695608]], "inverted": false, "swapped": false, "error_lsq": 0.049693019215976963, "error_max": 0.2517816955419353, "target": "939.xyz", "model": "18.xyz", "model_rescale": 3.9405287249114394, "target_rescale": 3.8243468047441667},
{"mapping": [9, 8, 5, 6, 10, 11, 14, 13, 12, 4, 1, 15], "R": [[-0.19014739152790883, 0.8497769695132276, 0.4916534059477749], [0.8580716084271813, -0.09948028316850976, 0.5038023303557688], [0.477029437567874, 0.5176705277931404, -0.7102535746816411]], "T": [0.009284190163769294, 0.10871775299784213, 0.06830483113580595], "aligned_model": [[-0.5182006290151787, 0.13003202941584224, 0.1250281036677774, 0.5687801164628744, 0.2231614553228055, -0.33775517459825954, -0.21840630188372068, -0.615940244915441, 0.027653189487805395, -0.13676740174061766, 0.648525648547424, 0.030673987330884153], [0.11269274903593322, 0.6105079514739489, 0.028567579966945686, 0.3188326809244687, -0.6416428650990468, -0.4366125939787924, -0.5217981836156788, -0.08772265039785505, 0.13427508264104715, 0.7533081968327932, 0.17619044613128043, 0.08117709378291994], [-0.4891481371931688, -0.48477627644717963, -0.7511107770928643, -0.3801363368107987, -0.027191216970240115, -0.2501157929948041, 0.4560491484168359, 0.21607295714945368, 0.6152494946756699, 0.38109409059804134, 0.21776123797170494, 0.049034766888361246]], "inverted": true, "swapped": false, "error_lsq": 0.043843456202858254, "error_max": 0.22518054188716174, "target": "939.xyz", "model": "19.xyz", "model_rescale": 4.410303926677745, "target_rescale": 3.8243468047441667},
{"mapping": [0, 1, 3, 5, 10, 6, 11, 4, 12, 7, 8, 13], "R": [[-0.14604795883687488, -0.7221544771760964, 0.6761382290730955], [0.6642384097612506, -0.5780739576561412, -0.4739386399921523], [0.7331148127799818, 0.3798992110735228, 0.564109263093851]], "T": [-0.07642897700681582, 0.06877111024022346, -0.046350954386247895], "aligned_model": [[-0.436037406639045, 0.0541221451862063, -0.07266636988929716, 0.6737033343170913, 0.5450568643337035, -0.415902913759494, -0.1985247098773873, -0.6774270532053589, -0.10298834725041588, -0.04218419021193026, 0.6006458216356778, -0.0010123965575546262], [0.2786861435401688, 0.7727653916991293, -0.19025521228723558, 0.048333747854485534, -0.4672861859162048, -0.3745254794507814, -0.6104932335615224, -0.14357020894218409, 0.1452037613683702, 0.676814653894132, 0.32160922962300137, 0.07049287987660469], [-0.6292547446079862, -0.2710025676448581, -0.7237385116442677, -0.4150711093750248, -0.08549092446745829, -0.20367674061502272, 0.4128068700576595, 0.2516521858444676, 0.7047333198349316, 0.3223813449311337, 0.21575624474702212, -0.026312208869585907]], "inverted": false, "swapped": false, "error_lsq": 0.047126574690399985, "error_max": 0.28244211164816774, "target": "939.xyz", "model": "20.xyz", "model_rescale": 4.121658175737393, "target_rescale": 3.8243468047441667},
{"mapping": [7, 5, 3, 0, 2, 4, 10, 9, 6, 8, 1, 12], "R": [[0.06757114279334275, -0.07748323446659094, -0.9947012059096929], [0.6841822825603774, 0.729237922667318, -0.01032745730211948], [0.7261740458678443, -0.6798591034327998, 0.10228809602038705]], "T": [-0.08206848726257296, 0.03345807542920287, 0.006637091354015995], "aligned_model": [[-0.3852675188974284, 0.04990010589507429, 0.16612348271269559, 0.5505836071541685, 0.429629544851839, -0.1042678351587563, -0.4433422131198921, -0.7730112234273527, 0.09141076397813727, -0.19795895912224748, 0.6053068093447294, -0.06232178612877105], [0.21612369092195383, 0.6741767976052028, -0.11610329249018664, 0.3628198584297516, -0.5201334072241455, -0.5221497600731726, -0.4727018637033329, 0.1601757996336752, -0.014714719285445071, 0.5566156803505081, 0.12424692744304103, 0.07941977609011364], [-0.5777614711266973, -0.18301348064588494, -0.6247683617534592, -0.6850534997541087, 0.09559342037575488, -0.1345674553442651, 0.47775963665355015, 0.1775277841790169, 0.6313040372623556, 0.4147775348433086, 0.047225907023792424, -0.08624089352235244]], "inverted": true, "swapped": false, "error_lsq": 0.059009025101304874, "error_max": 0.3584120206680681, "target": "939.xyz", "model": "21.xyz", "model_rescale": 4.08911054899281, "target_rescale": 3.8243468047441667},
{"mapping": [13, 12, 7, 10, 8, 0, 1, 2, 15, 14, 5, 16], "R": [[0.22494149407219138, -0.9401593922796518, 0.25593288446959406], [-0.8153653856942558, -0.3254307423971214, -0.47882577177353014], [0.533460975195214, -0.10097103055438592, -0.839776302912006]], "T": [-0.0018557525733328513, 0.04143898273424011, 0.008091413701747471], "aligned_model": [[-0.37671613648209773, 0.04946618237770702, 0.057380109404351516, 0.6160205581530099, 0.3819424326745156, -0.34814007286735366, -0.19825245130974864, -0.6042353214971798, -0.15272691934711657, -0.16119735361627957, 0.6969961323610524, -0.03375238176866441], [0.3160416498850592, 0.6767933227737134, 0.04378896199453024, 0.23990664460447392, -0.5123594638993975, -0.5097275962469834, -0.6000270161173163, -0.06828894961789088, 0.1955946051737869, 0.6350376849202004, 0.07993981720674756, 0.031075827021040066], [-0.4618054194410907, -0.364279943440517, -0.7006269917758235, -0.47146552874607434, 0.17170147319291001, -0.4118871213591738, 0.43229430184473533, 0.39065182092928497, 0.7044971524781929, 0.19268128581632954, 0.09670734125850981, -0.025685212566272236]], "inverted": true, "swapped": false, "error_lsq": 0.04647854987970763, "error_max": 0.2309060528223106, "target": "939.xyz", "model": "22.xyz", "model_rescale": 4.204369325754507, "target_rescale": 3.8243468047441667},
{"mapping": [9, 8, 5, 6, 10, 11, 14, 13, 12, 4, 1, 15], "R": [[-0.19014739152790883, 0.8497769695132276, 0.4916534059477749], [0.8580716084271813, -0.09948028316850976, 0.5038023303557688], [0.477029437567874, 0.5176705277931404, -0.7102535746816411]], "T": [0.009284190163769294, 0.10871775299784213, 0.06830483113580595], "aligned_model": [[-0.5182006290151787, 0.13003202941584224, 0.1250281036677774, 0.5687801164628744, 0.2231614553228055, -0.33775517459825954, -0.21840630188372068, -0.615940244915441, 0.027653189487805395, -0.13676740174061766, 0.648525648547424, 0.030673987330884153], [0.11269274903593322, 0.6105079514739489, 0.028567579966945686, 0.3188326809244687, -0.6416428650990468, -0.4366125939787924, -0.5217981836156788, -0.08772265039785505, 0.13427508264104715, 0.7533081968327932, 0.17619044613128043, 0.08117709378291994], [-0.4891481371931688, -0.48477627644717963, -0.7511107770928643, -0.3801363368107987, -0.027191216970240115, -0.2501157929948041, 0.4560491484168359, 0.21607295714945368, 0.6152494946756699, 0.38109409059804134, 0.21776123797170494, 0.049034766888361246]], "inverted": true, "swapped": false, "error_lsq": 0.043843456202858254, "error_max": 0.22518054188716174, "target": "939.xyz", "model": "23.xyz", "model_rescale": 4.410303926677745, "target_rescale": 3.8243468047441667},
{"mapping": [11, 14, 7, 13, 0, 1, 3, 10, 4, 15, 5, 16], "R": [[0.8140737360584082, -0.5655875060637608, 0.13188906415802895], [-0.008720194248895918, -0.2389751941213926, -0.9709865162848064], [0.5806960568767167, 0.7893045227155473, -0.19947546202131003]], "T": [0.02018169144863434, 0.14862523276168293, -0.03631605484788189], "aligned_model": [[-0.4254063928848992, 0.011243176114223652, 0.1287629416434674, 0.4533547495687162, 0.4095996623305094, -0.39973101894547847, -0.19794781542476153, -0.587035464169697, -0.048454211748127946, 0.11907243188711995, 0.4728594426904351, -0.009532722979311254], [0.24093955748296034, 0.7360165298446802, -0.22587762638775133, 0.33368844551697496, -0.49714548894549704, -0.5454241567282189, -0.6061932134118758, 0.061631853062221215, -0.018013564785158503, 0.8003991881680809, 0.2094464878814778, 0.038307476000069715], [-0.4763737910166591, -0.3725325878580925, -0.574729109367666, -0.5581391406084896, 0.005152367188635626, -0.316144770616121, 0.40177025648969533, 0.18163674758159679, 0.6280671154203434, 0.2370436410551098, 0.3961023326939197, 0.0009300972287380402]], "inverted": true, "swapped": false, "error_lsq": 0.04110635922625312, "error_max": 0.22783031688274924, "target": "939.xyz", "model": "24.xyz", "model_rescale": 4.28219845311461, "target_rescale": 3.8243468047441667},
{"mapping": [13, 7, 11, 9, 8, 14, 6, 2, 0, 4, 1, 15], "R": [[0.4894384603312124, 0.8692223298155405, 0.07001810407784381], [-0.8014062619212546, 0.41668848951002113, 0.4290905569495306], [0.34379935558696667, -0.26612636859187877, 0.9005435908594797]], "T": [0.06646459317649606, 0.06050730705318998, -0.14131229059980216], "aligned_model": [[-0.38373611713125216, 0.03147575620798014, 0.16902178460454576, 0.42430741317128723, 0.4360427600455666, -0.44676596815214337, -0.1700315220791184, -0.5616494862111283, -0.12260212765208087, -0.04133353692604559, 0.5454559699879209, 0.04659985221666456], [0.3407645411982305, 0.8005025410901916, -0.2813195896116279, 0.3259571978015281, -0.461625332753137, -0.46960173359134016, -0.5864336524021758, 0.022853688276162083, 0.05988278322975606, 0.6238156082220512, 0.08734170586924425, 0.06563773036908047], [-0.4090652739347695, -0.37949046054897817, -0.5525463680441267, -0.6496021248073536, 0.12838298550157462, -0.33031869482953824, 0.43983667258347253, 0.12856718741946177, 0.6522918658163099, 0.31224244039344734, 0.28262706217031724, -0.07014213352880655]], "inverted": true, "swapped": false, "error_lsq": 0.0448434289798581, "error_max": 0.2779876750586715, "target": "939.xyz", "model": "25.xyz", "model_rescale": 4.100010024507729, "target_rescale": 3.8243468047441667},
{"mapping": [5, 7, 2, 3, 1, 6, 0, 4, 10, 9, 8, 11], "R": [[-0.4534526001661946, 0.7812535037209261, 0.4289798390674028], [-0.511890980006606, -0.6222915099538622, 0.5922169376395942], [0.7296220692868288, 0.04895140001184606, 0.6820963249032256]], "T": [0.02637995641771785, -0.006764194569327225, -0.06675867125127688], "aligned_model": [[-0.5751857532504693, 0.12550177416210817, 0.15851011582497895, 0.716865808695087, 0.474301290309344, -0.45082872668389734, -0.04052104475786444, -0.8076695056266427, 0.0328431817156126, -0.19172476748109124, 0.5483644704708878, -0.06367206529585742], [0.3244475270663809, 0.6164835091030113, -0.243902162288214, 0.22470713318272142, -0.5516872074698234, -0.379881967058461, -0.542174456093694, 0.03617846239223424, 0.1376208162415172, 0.6843274091732812, 0.15514845070316852, 0.06650797274584155], [-0.3710671705148546, -0.3123058394482582, -0.7552820852510084, -0.42414073387508067, -0.02711094225712142, -0.2981396098960703, 0.46493633890959174, 0.19469305146027965, 0.5610259716848127, 0.3258398855321123, 0.212837987069872, -0.018503695223264074]], "inverted": true, "swapped": false, "error_lsq": 0.04277340520081633, "error_max": 0.269925689105822, "target": "939.xyz", "model": "26.xyz", "model_rescale": 3.6694154284099745, "target_rescale": 3.8243468047441667},
{"mapping": [10, 11, 9, 12, 7, 8, 5, 4, 0, 2, 6, 13], "R": [[0.7959230483365839, -0.5247206299996374, -0.3019515881385354], [-0.23518466256935103, -0.7275861134137108, 0.6444428772666135], [-0.5578482550109308, -0.44191255698420095, -0.7025088016252501]], "T": [0.03576399952158045, -0.047876880857557536, -0.028389812414871405], "aligned_model": [[-0.4141085254891325, 0.06391587070568312, 0.1358765965603409, 0.5808616233956183, 0.29575631476282954, -0.4335565188346768, -0.0704761405999212, -0.732401515201245, -0.13523690938745647, 0.0025588864958850654, 0.6018165456541167, 0.03177855002015449], [0.18808450140109131, 0.6754245943415336, -0.13179454816020042, 0.4371880819735028, -0.6153470203340585, -0.4211942795092782, -0.6031253876745046, 0.11582140568542754, 0.06930868940648063, 0.5905382066453062, 0.2177073448516635, 0.005163899070999928], [-0.35061280541150713, -0.48906097210347627, -0.6975675380595543, -0.3403407310511683, -0.10907538446129803, -0.24913754930876494, 0.525135822064386, 0.21379850906746953, 0.5992721781559429, 0.20280976094317893, 0.254876786173275, -0.007314917817472611]], "inverted": false, "swapped": false, "error_lsq": 0.04301923510272393, "error_max": 0.25904609225395875, "target": "939.xyz", "model": "27.xyz", "model_rescale": 4.103607728864725, "target_rescale": 3.8243468047441667},
{"mapping": [2, 4, 1, 8, 5, 0, 9, 3, 10, 13, 11, 14], "R": [[-0.22390352210110134, -0.6017783256558284, -0.7666355454592422], [-0.8662994474064611, 0.4832824548647684, -0.12634609706335867], [0.44653385114007005, 0.6358466132572786, -0.6295288747907176]], "T": [0.033973130145941416, 0.06805945429660255, 0.1510583125739834], "aligned_model": [[-0.45602339121707547, 0.01921912581287874, -0.02185040054790041, 0.5892918021088787, 0.31026770577944085, -0.3584619983276903, -0.08211418203207389, -0.709346043911494, -0.11446013817562622, 0.1534126109527418, 0.6204448920889711, -0.023595204448854358], [0.32271261231870163, 0.6550966733815081, -0.20474692586645354, 0.3939527611491517, -0.576498218491113, -0.38832541068170895, -0.6778144731798429, -0.027777853372440847, -0.0031017241627910447, 0.7046089913212525, 0.3023869082505507, 0.027282147031149374], [-0.33512671845185527, -0.5394334758635897, -0.7005996260598751, -0.3565780749364571, -0.05714140958687278, -0.2328678078453748, 0.4677912384202519, 0.10836559066344964, 0.6334263544687593, 0.1307745680477154, 0.4216183802598601, 0.012554139074999915]], "inverted": true, "swapped": false, "error_lsq": 0.047440136270281076, "error_max": 0.2753100832627001, "target": "939.xyz", "model": "28.xyz", "model_rescale": 4.137296879288765, "target_rescale": 3.8243468047441667},
{"mapping": [0, 1, 3, 10, 4, 2, 5, 9, 8, 7, 11], "R": [[-0.5511338299027446, -0.3666001042962147, -0.7495704537044781], [0.06843452995544862, -0.9151492582473869, 0.39726382951262285], [-0.8316058060442517, 0.16764903417336452, 0.5294578214496681]], "T": [0.00936723415769955, 0.12973532420597533, 0.016271675059106528], "aligned_model": [[0.5162946957680656, 0.008342030261826089, -0.0712630027478067, -0.5426661127248381, -0.006276118876342086, 0.45973139373278116, 0.50439062172419, -0.4364570225684583, -0.44537804556067573, 0.22436992836832634, 0.01033064333283017], [-0.3461851542978941, -0.6596934657450957, -0.3144499885430292, 0.0800298588291992, 0.6616462883962339, 0.004649316281241989, 0.4589224839732169, -0.4457433812990509, 0.27794830835152473, 0.15011752300290054, 0.05190602769870452], [0.2369167494631922, -0.12943394735773703, -0.7823372635809981, -0.32064795101957067, -0.3914725659877329, -0.40963503620747865, 0.1195711362611947, 0.35123895382648374, 0.418623215645761, 0.6909517363682417, 0.021978994371642746]], "inverted": false, "swapped": true, "error_lsq": 0.03865140887615392, "error_max": 0.16925900723541992, "target": "939.xyz", "model": "29.xyz", "model_rescale": 3.607286011436655, "target_rescale": 3.8243468047441667},
