[{"mapping": [7, 6, 3, 10, 1, 4, 11, 5, 2, 9, 8, 12], "R": [[0.5358977848454203, -0.7947920028850282, -0.28481438929200453], [-0.7392840269285788, -0.6046724272584014, 0.2963619126029831], [-0.4077654861878781, 0.05173903616650627, -0.9116196467883548]], "T": [-0.13886789405067465, -0.14455634682016344, 0.05948469229251058], "aligned_model": [[-0.3566039620406881, 0.22901624265638196, 0.3183383797013428, -0.3007800280294416, 0.11715752497944679, -0.5803416040311865, 0.5299945945577064, -0.233680083213629, 0.5012693359051213, 0.15551145467586605, -0.5142819254533207, -0.027957467247050657], [-0.11936839489625792, -0.6927924677914252, -0.37027735109669796, 0.7171407165354287, 0.3625585275108893, -0.6243332661005947, -0.1660788745462027, -0.5308788008067942, 0.03811038090507268, 0.4280868226102527, 0.11198882496465307, -0.10060108131126669], [-0.43368572556636775, 0.09247979862602787, -0.5783665185689786, -0.0676122770362616, -0.6454264501492357, -0.23721588878778116, 0.6332991559675984, 0.5726884647215098, -0.06435143085803288, 0.36426138415745785, 0.49837133178650356, 0.047509901061122274]], "inverted": true, "swapped": true, "error_lsq": 0.05021139855579404, "error_max": 0.24823447683774588, "target": "94.xyz", "model": "0.xyz", "model_rescale": 3.751011558992144, "target_rescale": 4.080246281396095},
{"mapping": [7, 4, 5, 8, 0, 3, 2, 1, 12, 9, 11, 13, 14], "R": [[-0.860011957463536, -0.09592657901385077, -0.5011761411504311], [0.5032407417739722, 0.003061853718634322, -0.8641408339330969], [0.08442860201685042, -0.9953837031469348, 0.045640931968740195]], "T": [0.017819393945800514, 0.16509771822600364, -0.1575578949137178], "aligned_model": [[0.3644779907602881, -0.21757901571895513, -0.2831822486856063, -0.5977806097487036, -0.2877809533968998, -0.0038404805781760663, -0.6288112775807911, -0.11468953933515441, 0.5702688266558561, 0.2859387428955685, 0.7984105504554421, -0.02118673145060201, 0.062461964023958996], [-0.3891416650739705, 0.47138457901144837, 0.6078082187992037, 0.3317382556926023, -0.5287639558319879, -0.36200735399802353, 0.020165170184444442, -0.2725017997748468, -0.08621536482361433, 0.6542030416534956, 0.3206968845677928, 0.2681599197382679, 0.17267128639997667], [-0.26856936752407046, -0.8477389708259089, 0.16414300780656033, -0.34109486357137664, -0.13169433991932888, 0.3947979525108241, 0.3370140747199833, -0.6835175833709255, 0.2709470206516054, 0.19326630414891094, -0.21410287470287898, 0.5603271258950355, -0.12667918954418553]], "inverted": true, "swapped": false, "error_lsq": 0.050678737388090984, "error_max": 0.29735860482996057, "target": "94.xyz", "model": "1.xyz", "model_rescale": 3.9405287249114394, "target_rescale": 4.080246281396095},
{"mapping": [5, 10, 3, 8, 2, 1, 4, 9, 0, 6, 11, 7, 12], "R": [[-0.5278434185967278, 0.5884822914039916, 0.6124295209638636], [0.5285738220475484, -0.3368105572179572, 0.7792100892522993], [0.6648240670208673, 0.7350151299466134, -0.1332730980333115]], "T": [-0.006934268979876979, 0.09263014212177911, 0.0042325287220036575], "aligned_model": [[0.4007659929589741, -0.1944795454694756, -0.23243069038389882, -0.6192610013502964, -0.008450665706466354, -0.11646223195982386, -0.6669423228140802, -0.12318379357970655, 0.6914749994699161, 0.41770766756045524, 0.5151265892010795, -0.09401155722653912, -0.043146222403913574], [-0.37070732612832563, 0.636319054523731, 0.6166109524016411, 0.15363203805801012, -0.5857244887970281, -0.36548523004775535, 0.09089890271536677, 0.08495661107911583, -0.2677830821396544, 0.3641494762706117, 0.27414214182423124, 0.5647502771292721, 0.012437889655572312], [-0.37940162943824735, -0.6127895576817112, 0.04158427515145972, -0.4669622416506231, -0.05903138495386192, 0.640911618582585, 0.24104911084182837, -0.7937701479913707, 0.29622018222259505, 0.2074864839210964, -0.4453452102248474, 0.6354456283549688, 0.0017011691403729864]], "inverted": false, "swapped": false, "error_lsq": 0.053309186995666676, "error_max": 0.3549110051235067, "target": "94.xyz", "model": "2.xyz", "model_rescale": 3.932901565614263, "target_rescale": 4.080246281396095},
{"mapping": [5, 7, 3, 8, 12, 10, 11, 9, 6, 0, 4, 1, 13], "R": [[-0.08993786722328204, -0.8221222661038449, -0.5621620403545637], [-0.5322056027793468, 0.5167730667124578, -0.6705988323065242], [0.8418244332457923, 0.23887355880649602, -0.4840155436486726]], "T": [-0.020713908736202657, 0.18350082352492975, -0.020750038553133336], "aligned_model": [[0.3564199029344007, 0.05883057465009961, -0.29348311157384993, -0.6740595397384557, 0.015330446527625663, -0.13039191832475291, -0.8114136395695049, -0.244804041954284, 0.45419388920487985, 0.29556404715179646, 0.7754574012746549, 0.11746358071814858, 0.00759962699546627], [-0.26961225894363955, 0.38212971036850907, 0.6142434098240777, 0.2869061582790276, -0.5766657998384257, -0.3481717038011514, -0.0027472181260564943, -0.21103999804313073, -0.27056618238979535, 0.7545129659464804, 0.4132849310972113, 0.3647089121665201, 0.0712142900051616], [-0.43216018456961197, -0.7018974439076784, 0.006512837539722864, -0.3389222383547023, -0.0838160304782925, 0.44662614633503966, 0.35048344728663344, -0.5986030403620255, 0.16627401946119608, 0.13045749092032388, -0.2974030948539456, 0.6841181980209853, -0.024571810763400412]], "inverted": false, "swapped": false, "error_lsq": 0.05437361774781072, "error_max": 0.3100010586519694, "target": "94.xyz", "model": "3.xyz", "model_rescale": 3.9243930471874484, "target_rescale": 4.080246281396095},
{"mapping": [11, 10, 4, 8, 9, 1, 7, 9, 5, 3, 6, 2, 12], "R": [[0.46545129983918426, 0.8429174608627096, -0.269898576600131], [-0.872934063254088, 0.38686909008934495, -0.297184165702264], [-0.14608630561665306, 0.3739284173557893, 0.9158800849483916]], "T": [0.016194883338050123, 0.12508645407021668, -0.08354503455517731], "aligned_model": [[0.37739526594713674, -0.015920664658537517, -0.34633221866426994, -0.554922583653364, -0.21622353946662481, -0.09986290319313475, -0.5915696977767329, -0.21622353946662481, 0.6033972289122935, 0.32111738833401626, 0.7111782993374783, -0.13688298352403167, 0.09155716616862004], [-0.25018770405777147, 0.5077992285856092, 0.5763342385432324, 0.0923599674918882, -0.46872925533443366, -0.3548697894624111, 0.1636490413974059, -0.46872925533443366, -0.2097498221971803, 0.691099821126847, 0.2699540366207841, 0.5790694704387526, 0.08019723872649907], [-0.6792275600936535, -0.6748378920450355, 0.0480483040378934, -0.34639515323458187, -0.38529322722932413, 0.4325294702035984, 0.438042829292499, -0.38529322722932413, 0.25807049966768764, 0.11546377084015072, -0.21593819808121092, 0.7049225157215977, -0.002993835576051873]], "inverted": true, "swapped": false, "error_lsq": 0.05895952467415086, "error_max": 0.39204962378485264, "target": "94.xyz", "model": "4.xyz", "model_rescale": 3.8936222436046832, "target_rescale": 4.080246281396095},
{"mapping": [10, 8, 9, 1, 11, 5, 4, 6, 3, 7, 2, 12], "R": [[0.452086159029507, -0.2731235009245731, 0.8491299417972801], [0.6326035095239588, -0.572950713594449, -0.521095269149109], [0.6288329703124019, 0.7727425399409019, -0.08624420220377449]], "T": [-0.15682937370818145, -0.11934411211164954, 0.056735469019274], "aligned_model": [[0.0027224061082941897, -0.6441414198698967, -0.34192543209539594, 0.6263029297827272, -0.571195379537031, -0.7084752513924175, -0.0039125262079760526, -0.15417615672798685, 0.5443232109751126, 0.2775299290101452, 0.11792562901909143, -0.11742989684956882], [-0.5333532820222798, -0.46173834362196164, 0.05747159251439547, -0.14988394720175846, 0.6247516978184509, -0.0060436737551247816, -0.45892641100612286, 0.3848090152467033, 0.2543726300559335, -0.42401088047679336, 0.41061320047293925, -0.02913869291457398], [-0.710096093010533, -0.15460729135013912, -0.6080531350671887, -0.396459128695183, -0.1706969944677069, 0.37994180869361927, 0.6686312638403403, 0.4843016557491427, 0.24531586392517113, 0.15558204545448562, -0.26284727035308075, -0.011728005443409358]], "inverted": true, "swapped": true, "error_lsq": 0.0512581706815437, "error_max": 0.268904597357994, "target": "94.xyz", "model": "5.xyz", "model_rescale": 3.6523030999806103, "target_rescale": 4.080246281396095},
{"mapping": [10, 3, 3, 2, 6, 8, 1, 4, 9, 7, 11, 5, 12], "R": [[0.1538510413533915, -0.18293448218145564, -0.9710122719633774], [0.6217234538589823, -0.7458725204638621, 0.2390274673307314], [-0.7679777366539574, -0.6404757282254252, -0.0010186058984849033]], "T": [-0.022871522602939613, 0.030747210852594832, 0.012189856384296024], "aligned_model": [[0.2613445236655352, -0.18504215808049027, -0.18504215808049027, -0.5518697832369203, -0.28099964551887274, 0.045565340694779556, -0.7075805615567307, 0.008364531940582245, 0.6403865268828961, 0.36066443701311435, 0.6658449530958293, -0.11603473607007844, -0.028894052452929024], [-0.5434678111188164, 0.6675705560355738, 0.6675705560355738, -0.05309852126793948, -0.5652080406223626, -0.3231400359009058, 0.0966632417096254, 0.09925432722935795, -0.21722745936396903, 0.5854977328167981, 0.350528922060287, 0.31291960922489875, 0.13033413970666688], [-0.4329745955353079, -0.2131929623192323, -0.2131929623192323, -0.5257156814757568, 0.04102858852402042, 0.5812094650039702, 0.10812459901945039, -0.5565479442138462, 0.15799862808158782, 0.12159774348125288, -0.4327576421131402, 0.6250543464961336, 0.04646671364434484]], "inverted": false, "swapped": false, "error_lsq": 0.06820580226301837, "error_max": 0.5383076360062016, "target": "94.xyz", "model": "6.xyz", "model_rescale": 4.08911054899281, "target_rescale": 4.080246281396095},
{"mapping": [4, 7, 13, 2, 3, 9, 1, 6, 8, 12, 5, 11, 14], "R": [[0.6665765870209035, -0.7279544011631385, -0.16049312590507042], [-0.6991353585832358, -0.5358153096694847, -0.47340437714757677], [0.2586221259178238, 0.42776669312957394, -0.8661006016824688]], "T": [0.03713875963406917, 0.102993193459979, -0.030402893182567142], "aligned_model": [[0.5092330343587743, -0.061568858467341565, -0.2900199472356099, -0.6664663877777882, -0.041074599259861296, -0.18011305443097694, -0.620997350266289, -0.15988639585126627, 0.43787175564276787, 0.3149114361338798, 0.6274131404720356, 0.07752129124514925, -0.02011684626724876], [-0.29238621739291926, 0.5035612410702257, 0.7521016293666946, 0.25837178621677453, -0.6612764517605652, -0.3972939350655214, 0.08425494599629364, -0.10895383822608325, -0.3695647171015193, 0.7448624691169936, 0.33615848707210627, 0.31939966726015606, 0.038962149992152514], [-0.37340669337729504, -0.685453280481065, 0.05631470195083407, -0.3922548418296774, -0.22073422573390075, 0.5326883482916247, 0.2927871403621086, -0.4370999675744568, 0.2546428230817319, 0.10688545726592633, -0.45196111070946365, 0.5137189242399748, 0.11097102078790269]], "inverted": true, "swapped": false, "error_lsq": 0.05064590186134326, "error_max": 0.344605318594511, "target": "94.xyz", "model": "7.xyz", "model_rescale": 3.964800864290218, "target_rescale": 4.080246281396095},
{"mapping": [0, 5, 9, 10, 6, 4, 11, 3, 2, 7, 1, 12, 13], "R": [[-0.49812089694200345, 0.383674470074913, 0.7776049595022069], [-0.4727809988224347, 0.6315791100321946, -0.6144802315155485], [-0.7268794254772625, -0.6737222935183872, -0.13320875359438336]], "T": [0.03036916939312361, 0.08940054268875104, -0.0756715215931605], "aligned_model": [[0.46712871065588335, -0.14874932372126368, -0.42246012636756614, -0.654640212194212, -0.23438248103907616, -0.037383260121408295, -0.6567842660413705, -0.06095041163553095, 0.5421262202203121, 0.49865330395910545, 0.686174620374713, -0.05534534717150425, 0.0033197913781429222], [-0.381995089098616, 0.5163297580869927, 0.5636722567632386, 0.3624712962617834, -0.4263112068987808, -0.340198963932074, -0.06394297980647527, -0.31511951760703566, -0.18990748476004932, 0.5198971118303556, 0.3654245103250748, 0.4382020090374901, 0.15967551634288424], [-0.3921942442695523, -0.7718889685393381, 0.133777032754535, -0.4380642970283559, -0.05436945339939955, 0.4774534798485247, 0.36186618509394175, -0.670639546483113, 0.23849479500588333, 0.2440718727605149, -0.3141036312712209, 0.5889076655708908, -0.0962125937690658]], "inverted": true, "swapped": false, "error_lsq": 0.04329902428499459, "error_max": 0.2821640484171223, "target": "94.xyz", "model": "8.xyz", "model_rescale": 4.121658175737393, "target_rescale": 4.080246281396095},
{"mapping": [7, 3, 0, 10, 7, 9, 5, 11, 6, 1, 2, 4, 12], "R": [[-0.685175125797511, 0.5382134260770641, 0.4907762779299279], [0.3983999307919672, -0.2871436076488182, 0.8711062183978356], [0.6097643332741929, 0.7923855479353535, -0.017680534207679677]], "T": [0.046946092843337534, 0.07166004696639644, -0.10739246315813301], "aligned_model": [[-0.07349612447821635, -0.03398936676107911, -0.25994259985323376, -0.5995870438854585, -0.07349612447821635, 0.07479544516029138, -0.5237232434698263, -0.03798352828669363, 0.6087164475433581, 0.36105310482547537, 0.4779491210031165, -0.07879774593103966, 0.08520887690774695], [-0.5887008860807117, 0.5020845028424723, 0.7659340367802103, 0.23471575059444388, -0.5887008860807117, -0.4228337072506926, 0.022604520798892913, -0.18278069635874278, -0.14096395217658886, 0.5693067617520247, 0.5504031766779243, 0.354268031645001, 0.13286056340126698], [-0.1754220207417725, -0.7637980013983493, 0.09907109412323305, -0.470557124463926, -0.1754220207417725, 0.5618534988399673, 0.12422785162470086, -0.6827870600604363, 0.2381319985846358, 0.25123861190404795, -0.36698417398495803, 0.724742821350886, -0.057197178762011254]], "inverted": true, "swapped": false, "error_lsq": 0.056030825889105726, "error_max": 0.5050884949715093, "target": "94.xyz", "model": "9.xyz", "model_rescale": 3.833441315466971, "target_rescale": 4.080246281396095},
{"mapping": [13, 9, 7, 3, 5, 1, 4, 2, 0, 11, 8, 6, 14], "R": [[-0.7595987276219799, 0.39827072814227893, -0.5141888759007615], [-0.5034135037647564, -0.860599451862926, 0.07709362931217645], [-0.41180652887291785, 0.31740984634735353, 0.8542051113282971]], "T": [0.09211482278415342, 0.13653360314310453, 0.07944908840638572], "aligned_model": [[0.3240439927564245, -0.03155863315089355, -0.12525187479479574, -0.6216055423602164, -0.15180808795905745, 0.13544587255139273, -0.674567095970496, -0.09968130013108098, 0.5025489707223028, 0.39579032298808037, 0.5332052621384071, -0.30585805557001866, 0.0460033870761758], [-0.4847021441962743, 0.44323004294339446, 0.7513692349354995, 0.3400190457880309, -0.48406981442699176, -0.34260397345898475, -0.04010174626880217, -0.1176006111353512, -0.39075641866746996, 0.7442403472935633, 0.46029576305256414, 0.15873244413277815, 0.1701450465528314], [-0.3632263545067173, -0.6611940757716305, -0.05708970257948888, -0.3716814522993154, -0.033635893717179746, 0.6399475591694835, 0.20949280752831018, -0.5649733687561429, 0.21110016059706577, 0.1411806421978963, -0.4756875168519716, 0.6293166793754537, 0.0035488118884816483]], "inverted": true, "swapped": false, "error_lsq": 0.05239000408790754, "error_max": 0.3802879742085456, "target": "94.xyz", "model": "10.xyz", "model_rescale": 4.2482417240324, "target_rescale": 4.080246281396095},
{"mapping": [4, 0, 1, 10, 6, 2, 3, 9, 8, 11, 5, 12], "R": [[-0.609136718019144, -0.7608896090093284, 0.2236055939874874], [0.5513300680539861, -0.6089586335656161, -0.5702670766101483], [0.5700768499250368, -0.22409012809030412, 0.7904403833762659]], "T": [-0.09812614473172597, -0.004598465474792028, -0.07307388583368038], "aligned_model": [[-0.6630034035606804, -0.15844217029949087, 0.4484669153530111, 0.7080695802002758, -0.5544496983033369, 0.21703175852134615, -0.22375485369583403, 0.525923163589841, 0.07413343517737066, 0.02737862134541351, -0.493134437452604, -0.031453308512305544], [-0.3986314202126695, -0.7357984132769783, -0.05490177640260784, -0.3701506207658115, 0.46483555202150906, 0.5276294082550487, 0.3049625757987917, 0.233667862328981, -0.29598101945749283, 0.7810960350755921, 0.12185328260091025, 0.08754992408536658], [0.12382171272043982, -0.07392570405038265, 0.6468704406755148, -0.03686501121401878, 0.01852729916592538, 0.2024023897916837, 0.6720644267881479, -0.3205811588064037, -0.6067361824506309, -0.45259462582906995, -0.5726646241323565, -0.03512667280449246]], "inverted": true, "swapped": true, "error_lsq": 0.05016161829169222, "error_max": 0.24608419156978026, "target": "94.xyz", "model": "11.xyz", "model_rescale": 3.6694154284099745, "target_rescale": 4.080246281396095},
{"mapping": [2, 11, 6, 4, 1, 12, 0, 3, 10, 7, 9, 5, 13], "R": [[0.3738830528623411, -0.5256412932236627, -0.7641418020501766], [-0.26632393795095266, 0.7283506847537511, -0.6313294228000459], [0.8884160190229761, 0.4395526258332413, 0.13232711840915182]], "T": [0.029085945554964, 0.12777120184874807, -0.04226076637984738], "aligned_model": [[0.23515064810387065, 0.023348164642047288, -0.2736713572368671, -0.5593213590590077, -0.37271888758485205, 0.13858704411253778, -0.624685246695132, -0.21620771003947142, 0.6227177098650333, 0.48934607906476146, 0.6769583237334892, -0.12963075615875974, -0.08316543445142427], [-0.45829369535350045, 0.6354142137262846, 0.5980061334372845, 0.10918021718779569, -0.6104683326070546, -0.30045939601062505, 0.03278144530368299, -0.33034486448540484, -0.03697137013223917, 0.5749197961377746, 0.48080122171425405, 0.43099045084423454, 0.08264139678230184], [-0.2432056544040653, -0.5782591798748622, 0.04183416910267693, -0.4907135163062458, -0.1424044628041661, 0.4738754217896873, 0.23031589946089465, -0.7287078458367866, 0.11262629146439584, 0.33241784602875424, -0.3589900728185653, 0.6839884250912425, -0.02567902461871531]], "inverted": true, "swapped": false, "error_lsq": 0.04790142772437326, "error_max": 0.32526019690663716, "target": "94.xyz", "model": "12.xyz", "model_rescale": 3.9764082729961374, "target_rescale": 4.080246281396095},
{"mapping": [6, 12, 1, 10, 14, 3, 8, 13, 4, 0, 5, 2, 15], "R": [[0.5972453910162654, 0.44722306792740396, -0.6657998726520069], [-0.0721489980446627, -0.7967916001423281, -0.599931386096593], [-0.7988069009410093, 0.40634304898229623, -0.44361341453205827]], "T": [0.023723739303658092, 0.11740573761988335, -0.08027520354851964], "aligned_model": [[0.4313175330202156, -0.1685055569914097, -0.3335945269547739, -0.7417854452221034, -0.12589127866500507, -0.24606686367371597, -0.5440794354143549, -0.1347384759694996, 0.6593124747300784, 0.461698497512812, 0.7728051304120963, -0.16714808028626713, 0.06338324579815188], [-0.415567496738779, 0.44618750643947114, 0.6415395961112478, 0.30975696130981556, -0.6551628206659523, -0.4660778538011542, 0.09004283950847898, -0.15217773071374882, -0.08164121925092313, 0.5250156681013867, 0.34162673766937895, 0.5879427234475305, 0.03671230512803633], [-0.4456046938449397, -0.5922947159560392, -0.04978039674444048, -0.23240539157822748, -0.22013659465217975, 0.4630510119069135, 0.3398481869400834, -0.6062932889018959, 0.18855743981672152, 0.33099136359104037, -0.3826423950005174, 0.5348852693045261, -0.02107749860680052]], "inverted": false, "swapped": false, "error_lsq": 0.04439151191014209, "error_max": 0.2724028450916922, "target": "94.xyz", "model": "13.xyz", "model_rescale": 4.170626492500431, "target_rescale": 4.080246281396095},
{"mapping": [9, 8, 4, 12, 11, 3, 6, 10, 1, 0, 7, 2, 13], "R": [[-0.34060975433774815, 0.9383942044253721, 0.05832077117847517], [-0.6904326025481644, -0.29174721078487553, 0.6619564837191446], [0.6381910502259864, 0.1852022734744868, 0.7472698985716835]], "T": [-0.03777111799045547, 0.12583081409322702, -0.009833308392386511], "aligned_model": [[0.31264995686086305, -0.011666771681246038, -0.4283693705725102, -0.5127006911204887, -0.3330605127327463, 0.03538660057561908, -0.6904751711422916, 0.05593841827604234, 0.6811805610645908, 0.416556300838383, 0.6033687196540832, -0.08727801948414389, -0.11482280223993013], [-0.5499517145451317, 0.6402694644663648, 0.7177132858861932, 0.21793435952783063, -0.5109152263936872, -0.33006889027130903, -0.16215776847897836, -0.023878765835651294, -0.1167747204460047, 0.4576685768000731, 0.3747050462550986, 0.43429905448882467, 0.05935451509116592], [-0.2870146258563725, -0.5448358606395295, -0.022920525709853215, -0.5590736552998885, -0.09360862938917021, 0.5022965698654819, 0.4357329182645545, -0.5456820458781306, 0.11290832142492367, 0.18848134631049362, -0.43928776236833644, 0.569242315864137, -0.00914007031406483]], "inverted": true, "swapped": false, "error_lsq": 0.04649192911496048, "error_max": 0.2401144146366659, "target": "94.xyz", "model": "14.xyz", "model_rescale": 3.9786697098870705, "target_rescale": 4.080246281396095},
{"mapping": [2, 11, 10, 1, 8, 0, 6, 4, 7, 3, 5, 12], "R": [[0.3498375974703872, -0.00461397399518354, -0.9367990001276257], [0.6422635317276635, -0.726802080228837, 0.24342615304799137], [-0.6819906239889638, -0.6868314548846808, -0.25129930635028963]], "T": [-0.015049646583250788, 0.08295115505337733, -0.03634461422617133], "aligned_model": [[-0.12269673872853279, -0.7408898082308581, 0.6091701172135036, 0.6395046208990647, -0.018364737705378727, 0.4929253508011566, -0.4994565195329481, 0.14216772433765493, 0.44880177241739716, 0.10873829896471124, -0.542667798379858, -0.03387768528857551], [-0.5340662173400791, -0.18727853873354186, 0.12299970720382766, -0.521524793770763, 0.6223939207434125, 0.5776444841988558, -0.1932934217086755, 0.322268624132089, 0.010503423018550409, -0.6310969246241611, 0.44558713656428195, -0.019462909459357705], [-0.2935990752324318, -0.4573377957921517, -0.6637494338553681, -0.19691163422006994, -0.36553014729522315, 0.15215478718338274, 0.3186612655405201, 0.6202572521784555, 0.22983892487996602, 0.34002435390631713, 0.07194542461321302, -0.09578742803277976]], "inverted": false, "swapped": true, "error_lsq": 0.05771328875681205, "error_max": 0.3218113365078444, "target": "94.xyz", "model": "15.xyz", "model_rescale": 3.769337070930944, "target_rescale": 4.080246281396095},
{"mapping": [7, 10, 4, 0, 3, 2, 6, 9, 5, 8, 12], "R": [[-0.6977044965767099, 0.4792857161915906, 0.5324412058728685], [-0.47761110978063276, -0.8651587738532883, 0.15293110814607777], [0.5339438765177036, -0.14759911340990148, 0.832537349582503]], "T": [0.026389948140489457, 0.08247586970774304, 0.02583631121468951], "aligned_model": [[-0.2674902627099608, -0.4734672807114731, -0.24190923492074068, -0.6795590262729088, 0.41514899588656096, 0.5147492347418107, 0.5760841588678379, 0.12713268251735052, 0.17907819103889494, -0.33509107883658, 0.10794975109037894], [0.14898590343518775, -0.6474373618184944, 0.699094501254666, 0.27074789269887567, 0.11978711888407878, -0.3329970803246567, 0.44457357468547043, -0.5627198316709976, 0.4698619994769697, -0.012881878324141921, -0.0009503406716158541], [-0.4219039330799712, -0.021707699397901715, -0.22096963541026052, -0.041109958912803925, -0.6913219622562011, -0.19180014476616278, -0.03508811872086815, 0.31051444656895905, 0.5240639586274939, 0.5353566439712036, -0.0018159893997100884]], "inverted": false, "swapped": true, "error_lsq": 0.04509535731840312, "error_max": 0.22423468429412813, "target": "94.xyz", "model": "16.xyz", "model_rescale": 3.7852294659196426, "target_rescale": 4.080246281396095},
{"mapping": [5, 2, 8, 3, 4, 10, 0, 1, 6, 11, 7, 9, 12], "R": [[-0.1317564748815515, 0.5946892503211967, 0.793085699580569], [0.9338089345674385, -0.19400219390512763, 0.300606091891071], [0.3326275771020991, 0.7801973111414897, -0.5297650900529185]], "T": [-0.05299137935443903, 0.11428694135774242, -0.09817298013467615], "aligned_model": [[0.23010795227578035, 0.05736019451415251, -0.3129979747729594, -0.7063040150978922, -0.26232157191200106, 0.21236558028998492, -0.6543851855233175, -0.08898141266356394, 0.7461248236654484, 0.38949284170047116, 0.592056452918559, -0.2479559991085856, -0.027854467989851812], [-0.43128969684418583, 0.5290441765224906, 0.6591834166968048, 0.26080092125527227, -0.5620005499330809, -0.2401654209866645, -0.06636691166498204, -0.09850021949024018, -0.16937830715771257, 0.6472788328934659, 0.18203868653285796, 0.3700923031244261, 0.1274599855963372], [-0.3314323011471241, -0.5339320730443795, 0.1461430298900581, -0.5273717975084946, -0.07362130611898057, 0.5750315074290038, 0.16910371362756507, -0.7521458357852241, 0.1632472883177298, 0.14278226904631744, -0.3641617022302832, 0.7042073532779635, -0.010751849479906442]], "inverted": false, "swapped": false, "error_lsq": 0.050042582202515534, "error_max": 0.25704133961446496, "target": "94.xyz", "model": "17.xyz", "model_rescale": 3.901054581598922, "target_rescale": 4.080246281396095},
{"mapping": [7, 4, 5, 8, 0, 3, 2, 1, 12, 9, 11, 13, 14], "R": [[-0.860011957463536, -0.09592657901385077, -0.5011761411504311], [0.5032407417739722, 0.003061853718634322, -0.8641408339330969], [0.08442860201685042, -0.9953837031469348, 0.045640931968740195]], "T": [0.017819393945800514, 0.16509771822600364, -0.1575578949137178], "aligned_model": [[0.3644779907602881, -0.21757901571895513, -0.2831822486856063, -0.5977806097487036, -0.2877809533968998, -0.0038404805781760663, -0.6288112775807911, -0.11468953933515441, 0.5702688266558561, 0.2859387428955685, 0.7984105504554421, -0.02118673145060201, 0.062461964023958996], [-0.3891416650739705, 0.47138457901144837, 0.6078082187992037, 0.3317382556926023, -0.5287639558319879, -0.36200735399802353, 0.020165170184444442, -0.2725017997748468, -0.08621536482361433, 0.6542030416534956, 0.3206968845677928, 0.2681599197382679, 0.17267128639997667], [-0.26856936752407046, -0.8477389708259089, 0.16414300780656033, -0.34109486357137664, -0.13169433991932888, 0.3947979525108241, 0.3370140747199833, -0.6835175833709255, 0.2709470206516054, 0.19326630414891094, -0.21410287470287898, 0.5603271258950355, -0.12667918954418553]], "inverted": true, "swapped": false, "error_lsq": 0.050678737388090984, "error_max": 0.29735860482996057, "target": "94.xyz", "model": "18.xyz", "model_rescale": 3.9405287249114394, "target_rescale": 4.080246281396095},
{"mapping": [5, 10, 12, 14, 9, 7, 13, 11, 8, 1, 2, 4, 15], "R": [[0.13989708422940617, -0.3171137938270524, -0.9380126052397827], [-0.1058094046750139, -0.9466919862617246, 0.3042674038245802], [-0.984496407157705, 0.05668443271697021, -0.16599307028043586]], "T": [-0.011736954996444334, 0.2030517062001615, 0.04475259642367917], "aligned_model": [[0.5162683485459707, -0.036313464755681424, -0.3007263164232603, -0.6070919621924775, -0.09282110294242388, -0.11249456192003754, -0.6322958237060349, -0.2684585404724051, 0.555360090375842, 0.40897798649618033, 0.5830677480301751, -0.09334645059971151, 0.006581267860088547], [-0.3309362187918889, 0.38411889225161333, 0.624556289156367, 0.4506976156232985, -0.5541992158036104, -0.34687993393684996, -0.05123092806776852, -0.17273098223735217, -0.21741233172949298, 0.711334603593667, 0.25849054003923755, 0.24602556748902563, 0.20636331895854237], [-0.31208061132559156, -0.7197830183451748, 0.24213065431874814, -0.3841563461606233, -0.05014866296125829, 0.4725944419280548, 0.005042676408620064, -0.5139016799594878, 0.31656703583753776, 0.05766995689551612, -0.5864836382563532, 0.7701202039782101, 0.009527283916046736]], "inverted": false, "swapped": false, "error_lsq": 0.05817247880759362, "error_max": 0.2956644600268677, "target": "94.xyz", "model": "19.xyz", "model_rescale": 4.410303926677745, "target_rescale": 4.080246281396095},
{"mapping": [0, 5, 9, 10, 6, 4, 11, 3, 2, 7, 1, 12, 13], "R": [[-0.49812089694200345, 0.383674470074913, 0.7776049595022069], [-0.4727809988224347, 0.6315791100321946, -0.6144802315155485], [-0.7268794254772625, -0.6737222935183872, -0.13320875359438336]], "T": [0.03036916939312361, 0.08940054268875104, -0.0756715215931605], "aligned_model": [[0.46712871065588335, -0.14874932372126368, -0.42246012636756614, -0.654640212194212, -0.23438248103907616, -0.037383260121408295, -0.6567842660413705, -0.06095041163553095, 0.5421262202203121, 0.49865330395910545, 0.686174620374713, -0.05534534717150425, 0.0033197913781429222], [-0.381995089098616, 0.5163297580869927, 0.5636722567632386, 0.3624712962617834, -0.4263112068987808, -0.340198963932074, -0.06394297980647527, -0.31511951760703566, -0.18990748476004932, 0.5198971118303556, 0.3654245103250748, 0.4382020090374901, 0.15967551634288424], [-0.3921942442695523, -0.7718889685393381, 0.133777032754535, -0.4380642970283559, -0.05436945339939955, 0.4774534798485247, 0.36186618509394175, -0.670639546483113, 0.23849479500588333, 0.2440718727605149, -0.3141036312712209, 0.5889076655708908, -0.0962125937690658]], "inverted": true, "swapped": false, "error_lsq": 0.04329902428499459, "error_max": 0.2821640484171223, "target": "94.xyz", "model": "20.xyz", "model_rescale": 4.121658175737393, "target_rescale": 4.080246281396095},
{"mapping": [10, 3, 3, 2, 6, 8, 1, 4, 9, 7, 11, 5, 12], "R": [[0.1538510413533915, -0.18293448218145564, -0.9710122719633774], [0.6217234538589823, -0.7458725204638621, 0.2390274673307314], [-0.7679777366539574, -0.6404757282254252, -0.0010186058984849033]], "T": [-0.022871522602939613, 0.030747210852594832, 0.012189856384296024], "aligned_model": [[0.2613445236655352, -0.18504215808049027, -0.18504215808049027, -0.5518697832369203, -0.28099964551887274, 0.045565340694779556, -0.7075805615567307, 0.008364531940582245, 0.6403865268828961, 0.36066443701311435, 0.6658449530958293, -0.11603473607007844, -0.028894052452929024], [-0.5434678111188164, 0.6675705560355738, 0.6675705560355738, -0.05309852126793948, -0.5652080406223626, -0.3231400359009058, 0.0966632417096254, 0.09925432722935795, -0.21722745936396903, 0.5854977328167981, 0.350528922060287, 0.31291960922489875, 0.13033413970666688], [-0.4329745955353079, -0.2131929623192323, -0.2131929623192323, -0.5257156814757568, 0.04102858852402042, 0.5812094650039702, 0.10812459901945039, -0.5565479442138462, 0.15799862808158782, 0.12159774348125288, -0.4327576421131402, 0.6250543464961336, 0.04646671364434484]], "inverted": false, "swapped": false, "error_lsq": 0.06820580226301837, "error_max": 0.5383076360062016, "target": "94.xyz", "model": "21.xyz", "model_rescale": 4.08911054899281, "target_rescale": 4.080246281396095},
{"mapping": [15, 12, 7, 13, 2, 1, 0, 14, 11, 5, 9, 6, 16], "R": [[-0.3613649759416101, 0.8149633262983242, 0.4530453961265813], [0.4510297792481237, 0.5780314919961359, -0.6800380375332765], [-0.8160805673425318, -0.04140496406824157, -0.5764530653543264]], "T": [-0.015438785526418284, 0.08993193304045122, -0.04302425300675649], "aligned_model": [[0.3596050984044049, -0.10286290192266132, -0.4362433138844245, -0.5461994846338274, -0.22589729774765122, -0.0013109291507551989, -0.6474040722561788, 0.10029922009184389, 0.6184906929884738, 0.5611021355434216, 0.49126193972590604, -0.18127738017442002, -0.06285648868790703], [-0.49213386157719996, 0.5483496519867872, 0.660857393304607, 0.27621569489083597, -0.594607654574895, -0.4983092800392498, 0.06608681896742685, -0.010610729053452173, -0.22100206282796764, 0.46255424843953447, 0.4262501858241047, 0.4912055432825667, 0.09334126792168985], [-0.2711656866753886, -0.6150205159862093, 0.00954813275793482, -0.38989801445625216, -0.13449335704899412, 0.48967740850256325, 0.40433542899721053, -0.666176299542465, 0.25252015438675607, 0.11970936474549074, -0.4140930059836647, 0.5628149821041789, -0.040660295526915635]], "inverted": false, "swapped": false, "error_lsq": 0.04435768363092382, "error_max": 0.25305948100575865, "target": "94.xyz", "model": "22.xyz", "model_rescale": 4.204369325754507, "target_rescale": 4.080246281396095},
{"mapping": [5, 10, 12, 14, 9, 7, 13, 11, 8, 1, 2, 4, 15], "R": [[0.13989708422940617, -0.3171137938270524, -0.9380126052397827], [-0.1058094046750139, -0.9466919862617246, 0.3042674038245802], [-0.984496407157705, 0.05668443271697021, -0.16599307028043586]], "T": [-0.011736954996444334, 0.2030517062001615, 0.04475259642367917], "aligned_model": [[0.5162683485459707, -0.036313464755681424, -0.3007263164232603, -0.6070919621924775, -0.09282110294242388, -0.11249456192003754, -0.6322958237060349, -0.2684585404724051, 0.555360090375842, 0.40897798649618033, 0.5830677480301751, -0.09334645059971151, 0.006581267860088547], [-0.3309362187918889, 0.38411889225161333, 0.624556289156367, 0.4506976156232985, -0.5541992158036104, -0.34687993393684996, -0.05123092806776852, -0.17273098223735217, -0.21741233172949298, 0.711334603593667, 0.25849054003923755, 0.24602556748902563, 0.20636331895854237], [-0.31208061132559156, -0.7197830183451748, 0.24213065431874814, -0.3841563461606233, -0.05014866296125829, 0.4725944419280548, 0.005042676408620064, -0.5139016799594878, 0.31656703583753776, 0.05766995689551612, -0.5864836382563532, 0.7701202039782101, 0.009527283916046736]], "inverted": false, "swapped": false, "error_lsq": 0.05817247880759362, "error_max": 0.2956644600268677, "target": "94.xyz", "model": "23.xyz", "model_rescale": 4.410303926677745, "target_rescale": 4.080246281396095},
{"mapping": [15, 12, 0, 2, 8, 10, 3, 5, 11, 7, 13, 1, 16], "R": [[-0.4813796890631612, -0.7443268695581347, -0.4628726673840679], [0.12576604300607705, -0.5812745410495008, 0.8039296053475615], [-0.8674425037914892, 0.3287817196583167, 0.37342480291816754]], "T": [0.15613884083433574, 0.0004979685829045594, -0.08086293340266816], "aligned_model": [[0.35281296012192953, 0.05092148841181665, -0.2962415170415934, -0.7107890010278021, -0.18676848080391242, -0.0482506422453399, -0.6529607084001566, -0.15490836752021495, 0.5695854542506114, 0.3332763472999377, 0.663430338945568, -0.05196647349411712, 0.058565819799498084], [-0.5146264370140403, 0.5915340722497962, 0.6021316217706643, 0.22200978197555898, -0.7456641117720337, -0.3887963505252791, 0.12926094476198424, -0.031589519185438765, -0.057868264096306445, 0.5935983935335581, 0.3992160910160967, 0.373884966978893, 0.03510602685133526], [-0.5339416554759883, -0.6154482565225162, -0.14230209230124252, -0.2604808186761942, -0.04393887807653256, 0.39919833205428734, 0.2906596096927788, -0.6265936918646496, 0.39492774257597235, 0.1615934264000824, -0.35990740766537177, 0.6631865791618031, -0.019854593028184167]], "inverted": true, "swapped": false, "error_lsq": 0.04412967915622245, "error_max": 0.24755179665212476, "target": "94.xyz", "model": "24.xyz", "model_rescale": 4.28219845311461, "target_rescale": 4.080246281396095},
{"mapping": [4, 14, 11, 12, 7, 3, 9, 13, 1, 8, 6, 5, 15], "R": [[0.501389149461513, -0.35169082546780994, 0.790520388152027], [0.7343865573872689, -0.3101054269462467, -0.6037474708082528], [0.4574771088602537, 0.8832599772775039, 0.10279351832001385]], "T": [0.026379166098292044, 0.07891400365514979, -0.12896054423705094], "aligned_model": [[0.3526099436533418, -0.04502909170112924, -0.3047660091103651, -0.632717146861751, -0.3611301476542715, 0.1030930364528353, -0.5279531853868277, -0.2918386732891371, 0.4329540602415438, 0.39748516207098655, 0.7311494212542516, -0.022149665375892087, 0.09499951400263953], [-0.5711236467411005, 0.6117435912727553, 0.5035222927934111, 0.32658447797254836, -0.5958894268258714, -0.44773147280465675, -0.05726910847168444, -0.16040492038708665, -0.01296487797885422, 0.5502580300603526, 0.5783184494032341, 0.4250498040719608, 0.05810402417978026], [-0.20428056726454374, -0.6685327045380925, -0.04816608291883347, -0.4267377875362931, -0.13374256434240495, 0.433893672305274, 0.2330387485071443, -0.5698463755220529, 0.35697414829761426, 0.22041204406098652, -0.38604267503472844, 0.6476446586168221, -0.14751621835664688]], "inverted": true, "swapped": false, "error_lsq": 0.04770644353086395, "error_max": 0.24837021705602538, "target": "94.xyz", "model": "25.xyz", "model_rescale": 4.100010024507729, "target_rescale": 4.080246281396095},
{"mapping": [4, 0, 1, 10, 6, 2, 3, 9, 8, 11, 5, 12], "R": [[-0.609136718019144, -0.7608896090093284, 0.2236055939874874], [0.5513300680539861, -0.6089586335656161, -0.5702670766101483], [0.5700768499250368, -0.22409012809030412, 0.7904403833762659]], "T": [-0.09812614473172597, -0.004598465474792028, -0.07307388583368038], "aligned_model": [[-0.6630034035606804, -0.15844217029949087, 0.4484669153530111, 0.7080695802002758, -0.5544496983033369, 0.21703175852134615, -0.22375485369583403, 0.525923163589841, 0.07413343517737066, 0.02737862134541351, -0.493134437452604, -0.031453308512305544], [-0.3986314202126695, -0.7357984132769783, -0.05490177640260784, -0.3701506207658115, 0.46483555202150906, 0.5276294082550487, 0.3049625757987917, 0.233667862328981, -0.29598101945749283, 0.7810960350755921, 0.12185328260091025, 0.08754992408536658], [0.12382171272043982, -0.07392570405038265, 0.6468704406755148, -0.03686501121401878, 0.01852729916592538, 0.2024023897916837, 0.6720644267881479, -0.3205811588064037, -0.6067361824506309, -0.45259462582906995, -0.5726646241323565, -0.03512667280449246]], "inverted": true, "swapped": true, "error_lsq": 0.05016161829169222, "error_max": 0.24608419156978026, "target": "94.xyz", "model": "26.xyz", "model_rescale": 3.6694154284099745, "target_rescale": 4.080246281396095},
{"mapping": [9, 2, 0, 4, 8, 7, 5, 10, 3, 6, 12, 1, 13], "R": [[0.8730547820430612, -0.3811468063728539, 0.3041421699526676], [-0.3559241883588742, -0.9244468288147594, -0.13680655260407643], [0.3333066451375067, 0.011188059979704554, -0.9427520923451037]], "T": [-0.012948744747569647, 0.04199433223904897, -0.11364788539026714], "aligned_model": [[0.40113419433697434, 0.008416601535250003, -0.45294541881304123, -0.7148571690470839, -0.3723836867222131, 0.0867057788356634, -0.5416855872973052, -0.13947397322913585, 0.6478013815247132, 0.36201845246255293, 0.720820554604362, -0.06569174218511155, -0.01315216770940052], [-0.46029407824490404, 0.6230606618350674, 0.520085033378733, 0.13493499469405107, -0.47675761708238124, -0.3306991692594255, 0.034404075754902466, -0.13629081712742935, -0.14342109752764992, 0.5562409781070767, 0.2792473082205231, 0.5164022784046243, 0.09128466539160043], [-0.31639207821206566, -0.46583404183499366, 0.007865699974621679, -0.5310411858261088, -0.21394808475672078, 0.3836418235205941, 0.4748741949586278, -0.6740910064700933, 0.31280446759788927, 0.14352991309603264, -0.30080144286102095, 0.6291858312193205, -0.1426957941318381]], "inverted": false, "swapped": false, "error_lsq": 0.0493307665320412, "error_max": 0.27169728819219063, "target": "94.xyz", "model": "27.xyz", "model_rescale": 4.103607728864725, "target_rescale": 4.080246281396095},
{"mapping": [3, 5, 7, 1, 2, 13, 8, 0, 10, 6, 9, 11, 14], "R": [[0.7295695885861961, 0.6261604500102278, -0.27504782539252715], [0.38143298642320933, -0.7063558964567714, -0.5962970940806462], [-0.5676593100429524, 0.33012791215488013, -0.7541740312009022]], "T": [0.08918957615591622, 0.006138851807664131, 0.06421122746216458], "aligned_model": [[0.32390699533502043, 0.001362357298661035, -0.3823046822533617, -0.576038778076835, -0.26063249721659115, -0.15590502677180476, -0.6450915540132116, 0.00848978748483123, 0.5917553191832186, 0.3241936232489359, 0.6313297521307422, 0.06972742322937694, -0.004085501282757781], [-0.5331033023944767, 0.590641659450331, 0.5509593991852372, 0.042128769978080044, -0.5831392584094743, -0.28032909687572827, 0.20521237459299033, -0.07141676311795367, -0.023104149466791957, 0.5902123788616834, 0.38911555671082354, 0.3598055165187054, -0.028785868488637366], [-0.40232546437690647, -0.36681459295641344, 0.03347068410863206, -0.5349855637423121, -0.20355085355820607, 0.5912190859866209, 0.36995774209480703, -0.6408876391399584, 0.14388429140243247, 0.13420033873277065, -0.4148887612129496, 0.6529406630562409, -0.0551216341205132]], "inverted": true, "swapped": false, "error_lsq": 0.05327702566294082, "error_max": 0.3595520398270384, "target": "94.xyz", "model": "28.xyz", "model_rescale": 4.137296879288765, "target_rescale": 4.080246281396095},
