[{"mapping": [6, 10, 12, 1, 13, 5, 9, 7, 11, 3, 8, 14], "R": [[-0.8443273530618122, -0.05360154032083228, -0.5331399401159777], [-0.44351339602005635, -0.4884209795359099, 0.751492391378608], [-0.3006778814984413, 0.8709602870535582, 0.38861419165181404]], "T": [-0.1406504216061464, -0.08344446330725026, -0.03157114749458171], "aligned_model": [[-0.24960893452139035, 0.06213299798384589, 0.5059504203845763, -0.05496422734390652, 0.01252565135295361, -0.7195223711533105, 0.3343968035593331, -0.16391581282862636, 0.47905492010488515, 0.18844124695870976, -0.4207850643359239, -0.13606316770059723], [-0.41091460146821507, -0.5405141841182907, -0.29436937127960944, 0.6856947661062963, 0.2636339177210322, -0.5635268003344641, -0.29679194803612824, -0.5472940968803042, 0.25103212485088844, 0.458521650348979, 0.006593993268483964, 0.04148958579838906], [-0.5266001948750563, -0.012013901828479397, -0.5011399897569853, -0.02944040126321399, -0.6984896643262857, 0.015611395828942318, 0.4689707589505166, 0.5778589652748357, -0.009249114038020721, 0.5313678074554469, 0.45520940823311606, -0.09013332430125379]], "inverted": true, "swapped": true, "error_lsq": 0.04407626899340023, "error_max": 0.23128745198273581, "target": "940.xyz", "model": "0.xyz", "model_rescale": 3.751011558992144, "target_rescale": 3.9987997915301547},
{"mapping": [2, 4, 8, 1, 5, 13, 9, 3, 0, 7, 12, 6, 11, 10, 14], "R": [[-0.5790536379553315, 0.8079734478248455, 0.10897610738472771], [0.38971487149287853, 0.39171433441879117, -0.8334759739477393], [-0.7161139597214853, -0.4401576851775682, -0.5417028787731699]], "T": [0.018758303210798456, 0.04634511450518133, -0.1025557169674245], "aligned_model": [[-0.5817766558863885, 0.4006773282357882, -0.1146432781529279, 0.5840188169631912, -0.5338252167970088, -0.6438763413379179, -0.3680755592474082, -0.2557176752341062, 0.15083023524001482, 0.4520750657848444, -0.04627864209727302, 0.7190657900087035, 0.29270277139269657, 0.10535890398697347, 0.006000239054807614], [-0.3111041365396, 0.589444498661545, 0.2440614383357521, -0.15336251238511797, 0.3119328940977755, -0.1444395891576721, 0.3685987476630894, -0.6564845949032746, -0.6142789325140532, -0.4027548754559308, -0.3286771067799878, 0.11252649044197449, 0.24656781710337186, 0.8396970631311667, 0.04310404272252634], [-0.5445126128495605, -0.5323869479904247, -0.7218541309169959, -0.4579188619192639, -0.2217221205486236, 0.1255204172348463, 0.32253460297233544, 0.016184446171728137, -0.4513212424562312, 0.12154873655039612, 0.5354910159327162, 0.15996131997314356, 0.6196605156412655, 0.08598279285329687, -0.04935290034970409]], "inverted": true, "swapped": false, "error_lsq": 0.04154927969911619, "error_max": 0.30090295870190603, "target": "940.xyz", "model": "1.xyz", "model_rescale": 3.9405287249114394, "target_rescale": 3.9987997915301547},
{"mapping": [7, 5, 10, 2, 4, 9, 8, 0, 13, 11, 1, 3, 14], "R": [[0.7678334644538598, -0.3429939932377653, 0.5410978575706944], [0.4542095095731811, 0.8870926481421448, -0.08222137815342134], [-0.45180249255407384, 0.30890411815799645, 0.836930554769604]], "T": [-0.09801648855087738, -0.05164352544128758, -0.14315669038236847], "aligned_model": [[-0.37961751678767897, 0.3063991344554384, -0.3972746080755677, 0.4613975619722033, 0.6182930414229554, -0.7439759866306614, 0.024850982188976703, 0.6521599300876244, 0.055353145438412577, -0.5961433335223648, 0.0022891422852783228, -0.4534053328199227, -0.05434288073076204], [0.6485980711348456, 0.5353904559335964, 0.20000437330335014, -0.28654903797769016, -0.21026398732249157, 0.21538678558988605, 0.2881799538607066, 0.3463080607291483, -0.7555847543433912, -0.5110850991042081, -0.6192496127410352, -0.21648747310367378, -0.17581514238702609], [-0.011000000558430284, -0.3873637444821393, -0.45546141938417595, 0.29141498638307073, -0.3331676012336543, 0.038943159470294864, 0.29611684479079126, 0.15047577159044243, -0.407071679761852, 0.04969210649648806, 0.37325780231932326, 0.6088101333265377, -0.10152600936805223]], "inverted": true, "swapped": true, "error_lsq": 0.04004730124062388, "error_max": 0.1883906212211451, "target": "940.xyz", "model": "2.xyz", "model_rescale": 3.932901565614263, "target_rescale": 3.9987997915301547},
{"mapping": [10, 5, 7, 6, 9, 3, 8, 11, 13, 1, 0, 4, 2, 14], "R": [[-0.8030976316159675, -0.2555215305987042, -0.5382777549679343], [-0.5468250048219826, 0.6748981513378536, 0.4954744185345866], [0.2366782799376884, 0.6922580680073317, -0.6817346691231817]], "T": [-0.04639850497975542, -0.03229433233546207, -0.054301122440821026], "aligned_model": [[-0.20619765903914597, 0.565864144778468, 0.12779424341620763, -0.008895102488402501, -0.39980371585942087, -0.3028406474629073, 0.3135116609885408, -0.6742678927026664, -0.3497490003022663, -0.18867848372566517, 0.835614969413063, 0.42271493798265947, 0.3563269825569785, -0.0715845255027392], [0.04687830072433134, 0.15347559754794576, -0.4720088836631312, 0.5463854812034881, -0.520996882992422, -0.7718376948960255, -0.47267071874184285, -0.24878780154135194, 0.4740779060990631, -0.26751976386333365, -0.12350735217407062, 0.45669251446005465, -0.12334207475463961, -0.013341989057577032], [-0.5218610173604132, -0.45232368154353714, -0.6571367742578844, -0.22129086727079694, -0.4517980273215195, 0.2716465790726795, -0.06272501006936032, 0.18089705251040325, 0.4358746145431518, 0.669126290780508, 0.09089723410118355, 0.28509301597969117, 0.5673898878512906, 0.08010706604170129]], "inverted": false, "swapped": true, "error_lsq": 0.04438886161353245, "error_max": 0.3178418500805795, "target": "940.xyz", "model": "3.xyz", "model_rescale": 3.9243930471874484, "target_rescale": 3.9987997915301547},
{"mapping": [7, 8, 9, 10, 11, 5, 6, 3, 1, 2, 13, 4, 14], "R": [[0.8855952014050698, 0.06884368328351151, 0.45932742844323327], [0.3955095339964464, 0.40670090740695153, -0.8235087008843781], [-0.24350225412966464, 0.9109637309938973, 0.3329440389126233]], "T": [0.026128963560452776, -0.1484645503892424, -0.05654489017891589], "aligned_model": [[-0.017770102482059066, -0.2321177460966887, 0.49601884639321137, 0.19158596235564807, 0.6713325828837186, -0.5882842187837232, -0.1227939539436134, 0.41368214853850466, 0.17402524719701956, -0.3825543759928958, 0.18837610676679453, -0.5535115969525493, 0.03921698642798503], [-0.5554542471696782, 0.005516793382513874, -0.35746508885630335, -0.6175322326169719, 0.1339085391808429, -0.5729245524735702, -0.5064805603400764, 0.4099432797686328, 0.6082681081798278, 0.47438812557252313, 0.12688793958891997, 0.008533029491667649, -0.029759580026741145], [-0.704260168723355, -0.5393865141882291, -0.5637445435868704, -0.1114613889759993, -0.036915839067509774, -0.15718347465225296, 0.4058498631815048, -0.5634098482322514, 0.009819188440412054, -0.011715279338027594, 0.6409961414325528, 0.4057672559096169, 0.01271492317137294]], "inverted": false, "swapped": true, "error_lsq": 0.03825419839286789, "error_max": 0.2697511287777647, "target": "940.xyz", "model": "4.xyz", "model_rescale": 3.8936222436046832, "target_rescale": 3.9987997915301547},
{"mapping": [7, 8, 5, 10, 4, 2, 1, 13, 12, 11, 6, 14], "R": [[-0.48662720286853445, -0.015813163965616273, -0.8734666045555165], [0.6519552410840906, -0.6720994798900598, -0.35105078372579734], [-0.581505227019785, -0.7402919917011853, 0.3373713650738023]], "T": [-0.05776233324761926, -0.10169420045863783, -0.0835798797352944], "aligned_model": [[-0.003484789418470635, -0.44323907034712223, -0.36762085884101225, 0.3139581754215235, -0.5361256591680559, -0.7140661139463432, -0.31594734815903613, 0.06438285277939532, 0.6980171096333493, 0.3365692723774225, 0.09080390623249404, -0.09569943434904714], [-0.5492045128626736, -0.47702205002278153, 0.152325390820944, -0.08330957765447614, 0.4802142600228355, -0.08115353849614088, -0.3045151707576549, 0.3823012764625403, 0.1650623093432271, -0.4001537124919031, 0.46189608812550054, -0.07751785737961014], [-0.703169495426724, -0.2681722459131051, -0.721748915380056, -0.4180977415603994, -0.0004233289669118845, 0.2711321874911519, 0.6172239232450192, 0.499116912642742, 0.11820035092859948, 0.41824885223486, -0.23996551134724298, 0.04693973132758528]], "inverted": true, "swapped": true, "error_lsq": 0.04434357028599265, "error_max": 0.317106489020753, "target": "940.xyz", "model": "5.xyz", "model_rescale": 3.6523030999806103, "target_rescale": 3.9987997915301547},
{"mapping": [0, 4, 6, 5, 10, 2, 13, 8, 1, 11, 12, 9, 14], "R": [[-0.32727024259890863, -0.8117933430308595, 0.4836173658172671], [0.03735602233909846, 0.5002867185276569, 0.865053597680415], [-0.9441920969295665, 0.301172321894974, -0.13340358548456605]], "T": [0.14896493357714935, -0.03406550026115648, -0.038632092612593136], "aligned_model": [[0.20521302645366052, -0.14469046689818793, 0.24385038798601644, 0.639218128027933, 0.5583046969279967, -0.35721202612133685, -0.45523608799422366, 0.28962824199878306, -0.551584133969181, -0.18279473966022425, 0.10223326872076871, 0.5231843385739767, 0.01096827061831368], [-0.6860657484894936, -0.04145669481295879, 0.4133177960413401, -0.18387943945860466, 0.2342888365169414, -0.49888904127667827, 0.4177521702738855, -0.584928768856412, -0.2904882602437533, 0.14075778953169002, 0.7411478972618742, -0.08497424740145254, -0.03575538492319504], [0.5770642408985056, 0.6599921382268769, 0.3550776271117465, 0.5136409971224286, -0.14276296638784258, 0.2524025843204888, 0.1010408758594133, -0.0559855974712189, -0.2445451575511428, -0.6351049824476371, -0.3213637729925318, -0.6543409133011391, -0.03500533390615823]], "inverted": false, "swapped": true, "error_lsq": 0.04423822350155089, "error_max": 0.25350988534033503, "target": "940.xyz", "model": "6.xyz", "model_rescale": 4.08911054899281, "target_rescale": 3.9987997915301547},
{"mapping": [5, 11, 10, 13, 8, 4, 3, 7, 12, 2, 6, 1, 0, 9, 14], "R": [[0.7610537770310727, -0.500587598003774, 0.41256418311766985], [-0.6456563108306741, -0.6459778687261523, 0.40723521630691734], [0.06265043296947129, -0.5763025679630707, -0.814831438647226]], "T": [0.0006638699333163921, -0.004343636637216692, -0.12227522388938858], "aligned_model": [[-0.5256645407468735, 0.27134787838807795, -0.3152279861902871, 0.5947237238671694, -0.4323191100052994, -0.6896493311413141, -0.35856725269597267, 0.018697128213897504, 0.12307783233028567, 0.5031956611722195, -0.09031452269959524, 0.6432603160951543, 0.1967361230930697, 0.156894883599292, 0.07034497863416518], [-0.4658653853702207, 0.29894588116941695, 0.19651808543682936, -0.33619735145178486, 0.5185482410178889, -0.026242371330580425, 0.304339295894864, -0.7705296243795007, -0.27614147615983287, -0.404285591093656, -0.20493139544518332, 0.24747294285144264, 0.17685552936627463, 0.7408899570279627, 0.14545450688764447], [-0.42306968717058535, -0.5456860160435788, -0.7380201405084512, -0.3922021107670829, -0.18753468029823456, 0.01857086069652103, 0.5118535358776392, -0.013083656812909544, -0.769687514668849, 0.365216083880337, 0.32564268102601457, 0.12592686419651505, 0.7795998876889192, 0.06420820472981664, -0.11391928152714731]], "inverted": false, "swapped": false, "error_lsq": 0.05432169224682547, "error_max": 0.41987896117646867, "target": "940.xyz", "model": "7.xyz", "model_rescale": 3.964800864290218, "target_rescale": 3.9987997915301547},
{"mapping": [12, 11, 13, 10, 4, 9, 6, 1, 3, 8, 7, 0, 2, 14], "R": [[-0.31949889392943304, -0.56504912261016, 0.7606838671980347], [0.9334594086788554, -0.3257782300288183, 0.15007357258428944], [0.16301530335152742, 0.7580158533149415, 0.6315362040266819]], "T": [-0.07480175522725185, 0.021936112175661354, 0.05359068867521242], "aligned_model": [[-0.304522803724521, 0.18848422574588108, 0.31940998449550495, -0.5503541348669713, 0.18035223264983646, -0.3862743006380466, -0.33755422142554903, 0.6768782207287497, 0.37011201099613567, -0.005069414661434929, -0.5924697576710217, 0.09128781609539882, 0.5567095406212254, 0.05419849111568545], [-0.26050528069265655, -0.5640710543144626, 0.179829085386331, -0.09551590433244968, 0.7294888011500359, -0.605184637793204, 0.4116908985675809, -0.1613339640470082, -0.6199340845256972, 0.0010951395516952678, -0.2007828570204155, 0.6366650520147745, 0.32958962549565196, 0.029917646741026337], [-0.6883877225752993, -0.23569060141103285, -0.5854504158500266, -0.04873862695875488, -0.03930481550462094, 0.23088601827828592, -0.32484656459880756, 0.03595234698345449, 0.383716805306642, 0.6177189592784031, 0.5727428083384671, 0.6875250161596976, 0.3056224742638529, 0.005069357014760557]], "inverted": true, "swapped": true, "error_lsq": 0.04441790948097172, "error_max": 0.26734728499025007, "target": "940.xyz", "model": "8.xyz", "model_rescale": 4.121658175737393, "target_rescale": 3.9987997915301547},
{"mapping": [5, 8, 2, 4, 7, 10, 3, 11, 1, 9, 6, 13, 14], "R": [[0.4867613109164165, 0.6823841954590983, -0.545357897148809], [-0.652861618055941, 0.6989791734762133, 0.29189008670369176], [0.5803749941755852, 0.21396243790476133, 0.7857384687677832]], "T": [-0.10213455463877161, 0.032233325227469384, -0.0017775904311605195], "aligned_model": [[-0.6644475999660927, -0.17461342669687452, 0.3917782919191407, 0.058916282876748716, -0.6944667046336132, -0.5132858177601403, 0.3363458662140789, 0.3105388137170827, 0.648409868677822, -0.3503906694461535, -0.3164216201998027, 0.4121537934248526, 0.032220418308148174], [0.27663362867533203, -0.32963649658106187, 0.10060668965479092, 0.6409106459534087, -0.4415066587279546, 0.018207672092282884, -0.6934825776780299, -0.2662419316763476, -0.12925030443851476, -0.5619204413073842, 0.5808031916843102, 0.5318109508739103, 0.06345307088696717], [-0.43980784899993675, -0.43459937399096904, -0.5570724715810808, -0.4236051462768121, -0.11047844152782607, 0.2831333617780729, -0.0013188209559218678, 0.4850702131119644, -0.09938867672659371, 0.3254523266889664, 0.12980721805009732, 0.2714188791595685, -0.007535784770440687]], "inverted": false, "swapped": true, "error_lsq": 0.04065597191443283, "error_max": 0.26061833085646374, "target": "940.xyz", "model": "9.xyz", "model_rescale": 3.833441315466971, "target_rescale": 3.9987997915301547},
{"mapping": [10, 7, 11, 9, 12, 0, 1, 13, 8, 2, 5, 3, 4, 6, 14], "R": [[-0.6245287371654493, 0.7711779351929778, 0.12348460926781354], [0.24539342401938818, 0.3438638920399903, -0.906388267355194], [-0.741448530851987, -0.5357632089109938, -0.4039948762977382]], "T": [-0.043767750254204936, 0.07848270524331549, -0.07592731656806215], "aligned_model": [[-0.5544428952276172, 0.4041449990126118, -0.09284179995896019, 0.5991374746290252, -0.47824645695456963, -0.597596121359978, -0.5781447171210123, -0.15247017834742066, 0.0867306397128329, 0.39905565060874265, -0.010785462826494292, 0.8118813871159969, 0.3677282720172035, -0.08448194929583766, 0.046866939909466325], [-0.2831057082915218, 0.3652933453940712, 0.2966409169231975, -0.2873593950344334, 0.47775062670183754, -0.24966597075148608, 0.25539557093749476, -0.6612917403550285, -0.37216609242811705, -0.45969660065589324, -0.21022404950184068, 0.12976208756798907, 0.411084603858235, 0.6764242736637708, 0.05598937639328925], [-0.609049121621667, -0.4772100130830894, -0.7203928419189388, -0.40870735805932024, -0.19771991744735462, 0.1463687551580283, 0.40235296542977383, 0.20084712802709329, -0.6983782734715304, 0.09991558285541155, 0.5348064879225414, 0.06391841419859864, 0.5206961666965493, 0.243506248976011, -0.0931391933631828]], "inverted": false, "swapped": false, "error_lsq": 0.04192021362702034, "error_max": 0.3235069938982721, "target": "940.xyz", "model": "10.xyz", "model_rescale": 4.2482417240324, "target_rescale": 3.9987997915301547},
{"mapping": [13, 4, 5, 0, 11, 9, 10, 8, 2, 3, 1, 14], "R": [[-0.4875219806551207, -0.7819412763749177, -0.3884458246387426], [0.7926982567297481, -0.5828981422215, 0.17849153921780836], [-0.3659942515337184, -0.2209017792954336, 0.9040191434634473]], "T": [-0.04921202881765903, 0.08332247343154844, 0.14043340112621364], "aligned_model": [[-0.713801411461804, -0.028530509243265112, 0.5125649276837424, 0.641246599204543, -0.545737921780126, 0.04536191088109305, -0.029807476160342336, 0.4419267894904603, 0.07081372388509923, -0.046742823505215955, -0.3398887397209454, -0.1306394669102326], [-0.27899158399390045, -0.6661772203647726, -0.2768960742683805, -0.413214853923467, 0.530305631117836, 0.7846823029936286, 0.2759833165282687, 0.20125444606123738, -0.29440991229091906, 0.6690833037649468, 0.09585638525921239, 0.03865564916694882], [0.014910111390930264, 0.030041265316682095, 0.4903580011895683, -0.14951092503642258, -0.08334252722925453, 0.2849303730382955, 0.6018676799508019, -0.12112416832460762, -0.49193459731607336, -0.4725976048946243, -0.5766940415102099, 0.03828872327927113]], "inverted": false, "swapped": true, "error_lsq": 0.04336981427394182, "error_max": 0.2731840547142869, "target": "940.xyz", "model": "11.xyz", "model_rescale": 3.6694154284099745, "target_rescale": 3.9987997915301547},
{"mapping": [6, 4, 2, 0, 5, 12, 10, 11, 8, 3, 1, 7, 13, 14], "R": [[-0.4785937600751319, -0.8716770997260406, -0.1054848170607757], [-0.08651911098997522, 0.16637016269314542, -0.9822603587638872], [0.8737633868792234, -0.4609772258785184, -0.15504044946624096]], "T": [0.06474173093138705, -0.04240298844364454, 0.0006500699810774897], "aligned_model": [[-0.0219218808015533, -0.0279177018746265, -0.03426479194055519, 0.5912182972481302, 0.6574645242921257, -0.4534381179792526, 0.23013711454452837, -0.4217154371354196, 0.4759440099869825, -0.03549194267479486, -0.4070537916608211, 0.7356692108641971, -0.6445415493178328, -0.04582309329529813], [-0.3384794343090153, 0.3177513289668281, 0.6863529877729435, 0.5885479457525068, -0.06715420696537577, -0.686214069736544, -0.5144725260328344, -0.14072740109089013, 0.2952040119808645, 0.30612311984408086, 0.5084128089382645, -0.2625454465527639, -0.0019466609147734126, 0.040134830482962694], [-0.517992931783542, -0.6597036511895834, -0.12619494390110206, -0.36276909640589766, -0.46396271945207496, 0.009240708917023308, 0.015177614877848276, 0.5007493653842283, 0.20182623685552697, 0.7670779036274621, 0.2707107305853016, 0.298133579025561, -0.28915526799455105, -0.004042068893785132]], "inverted": false, "swapped": true, "error_lsq": 0.03977900880956643, "error_max": 0.2893954096258586, "target": "940.xyz", "model": "12.xyz", "model_rescale": 3.9764082729961374, "target_rescale": 3.9987997915301547},
{"mapping": [6, 9, 5, 12, 4, 14, 7, 11, 13, 10, 8, 1, 2, 0, 15], "R": [[0.11884255257272147, 0.9865501230736838, 0.11222879470661551], [-0.020721866901640573, -0.11054088449094832, 0.9936555324095317], [0.9926968580236923, -0.1204141499959974, 0.007306199465579394]], "T": [-0.008645799327632254, 0.0006310302121989783, -0.0980932947066227], "aligned_model": [[-0.552782570254907, 0.3617526888852016, -0.0656141805475892, 0.4900091321989042, -0.5271313790672526, -0.5733054986539804, -0.3284396744449338, -0.0901083067278952, -0.036955040774016595, 0.5310093252342545, 0.1085430085169126, 0.591648902360348, 0.32286760087774985, 0.04575726153412571, -0.11071548722293154], [-0.14589842887093793, 0.41153490430035516, 0.5142275699820695, -0.21210125703235663, 0.4857072917039193, -0.5645627643787472, 0.4784084711316699, -0.7157870982290898, -0.49734529695535495, -0.5270673356921524, -0.22686518472026038, 0.021959338732435614, 0.3895190210579164, 0.7168837735539104, 0.016218239838187876], [-0.6139451124264728, -0.3335972070023934, -0.7582425988131345, -0.4346965748098226, -0.20643278851434732, -0.12097206407113911, 0.3923088803587939, 0.2345530999501566, -0.45263343434717546, 0.17840929138297856, 0.5608187572061705, 0.10809582392479339, 0.5143807945137842, 0.007406696414731281, -0.06763853346799892]], "inverted": true, "swapped": false, "error_lsq": 0.046988139403940886, "error_max": 0.32178040287496795, "target": "940.xyz", "model": "13.xyz", "model_rescale": 4.170626492500431, "target_rescale": 3.9987997915301547},
{"mapping": [10, 5, 12, 6, 11, 1, 13, 7, 9, 0, 8, 2, 3, 14], "R": [[-0.4408165687140188, 0.8885179056131594, -0.12734474528618728], [-0.8738996459654405, -0.3924526119301454, 0.2868455266701659], [0.20489060868833614, 0.23773278863886632, 0.9494750969231955]], "T": [-0.046426641264745216, -0.02711651593449282, 0.026391289447828398], "aligned_model": [[0.2026517834121764, -0.07275419652994819, -0.12456139925179072, -0.4039607597587415, 0.10414204041217287, -0.2679889434147892, -0.6737868833753429, 0.6216758600639227, 0.6402271186127229, -0.23472425341882613, 0.23067612187061648, -0.4258739654882376, 0.3840180338696133, -0.13655753491190525], [-0.26689577721179314, -0.7579466956182912, 0.1818259196079631, -0.36947555217809436, 0.6149789714288528, 0.636210707813446, 0.31994715941305235, -0.39013626620933706, 0.10739972840653589, -0.46813499206904385, -0.10951956587537637, 0.16342977293456268, 0.6213252786083281, 0.07306577887486122], [-0.3353851263433517, 0.20802852403817054, -0.7694195432968676, -0.31874933564483776, -0.2214998740784941, 0.35779581369325564, -0.24687149958604518, 0.12104081122952132, -0.15288840694798617, 0.7862576327649268, 0.516249888614603, 0.6401412889812033, 0.3627980111542042, 0.05637491654256456]], "inverted": true, "swapped": true, "error_lsq": 0.04943613362639213, "error_max": 0.32423973263550987, "target": "940.xyz", "model": "14.xyz", "model_rescale": 3.9786697098870705, "target_rescale": 3.9987997915301547},
{"mapping": [8, 11, 5, 0, 10, 6, 1, 13, 4, 2, 12, 14], "R": [[-0.993715895084273, -0.00857972728472696, -0.11160245578203914], [-0.11051078543405078, 0.23357160478674882, 0.9660391667733209], [0.01777881209787309, 0.9723017503414578, -0.23305196871797929]], "T": [-0.04405001207971538, 0.030188054834029525, -0.17540394025594624], "aligned_model": [[0.054582456811499695, -0.7274503128848321, 0.637979221123634, 0.6468037653274826, -0.06617330272866787, 0.2948744347199134, -0.39930510638020034, -0.14170507763689547, 0.5393592978504882, 0.15590048213065028, -0.43275037970113633, -0.0787608818645997], [-0.4489129539128295, 0.0645736724265733, 0.06722334689723378, -0.5423128439196319, 0.40835420562326763, 0.5022946657168099, -0.44223347716337996, 0.2755241570207944, -0.03694774312267394, -0.556128920300729, 0.7377850740461322, -0.014544693087128087], [-0.46569949766703095, -0.007507454554229659, -0.4936216155827053, -0.2235072240266428, -0.5023859783085751, -0.012898635737529196, 0.32412937421695986, 0.5449989367040318, 0.3036475200494734, 0.24080445288769575, 0.00150096612890524, -0.04949435023652332]], "inverted": false, "swapped": true, "error_lsq": 0.04470423862937098, "error_max": 0.2521901384121333, "target": "940.xyz", "model": "15.xyz", "model_rescale": 3.769337070930944, "target_rescale": 3.9987997915301547},
{"mapping": [13, 1, 6, 4, 12, 11, 10, 3, 5, 0, 14], "R": [[0.5015906506560187, -0.6307477387835061, 0.592084545646959], [-0.7926837452773376, -0.06097254050603698, 0.6065763177682859], [-0.34649574188951393, -0.7735888050661888, -0.530566736168695]], "T": [0.09671407052181538, 0.06966456572783454, 0.07274520653616182], "aligned_model": [[-0.2928913991075094, -0.24991544154802722, -0.03910380882036821, -0.6098828549830295, 0.4439733983346368, 0.36686524799349485, 0.4914439489164426, 0.3059266020314635, -0.03471012112745614, -0.4652157979502254, 0.006136356951748606], [0.00636019109349327, -0.6050615836399131, 0.5902498562256591, 0.3428918337675938, 0.21814915472747565, -0.43612848903841683, 0.3732785782106617, -0.7359430230464896, 0.6538400853274823, 0.20030531577055433, -0.01187742177275844], [-0.5852112921660346, -0.08059892576471209, -0.20058036058585235, 0.051970588178535004, -0.6624011390077094, -0.33664372688732513, 0.023519346182299228, 0.23447149147219756, 0.5301997079265616, 0.761597849768616, 0.007894068107200752]], "inverted": false, "swapped": true, "error_lsq": 0.04262868174732336, "error_max": 0.2353540750925261, "target": "940.xyz", "model": "16.xyz", "model_rescale": 3.7852294659196426, "target_rescale": 3.9987997915301547},
{"mapping": [11, 13, 6, 12, 1, 2, 0, 4, 10, 7, 8, 5, 14], "R": [[0.28404270849273655, 0.5858516392518954, -0.7590109330819796], [0.2946296525563715, 0.6999844673387523, 0.6505498545991653], [0.9124215624296821, -0.40841107021033385, 0.026216219083378057]], "T": [0.050888872651749475, 0.05379191685236818, -0.09005843624229602], "aligned_model": [[-0.19215018764931296, -0.35630377118679735, 0.2937958274613345, 0.28341129173529106, -0.6930880613414411, -0.5894943033200453, -0.13241547859981279, -0.2331104788731353, 0.5295623029049773, 0.5826776795040424, -0.011727731054127236, 0.4514631376280139, -0.07885437699270444], [-0.31582020599667726, -0.5536378257781503, -0.2656646184303485, -0.7224173209225209, 0.013746778247273446, 0.3509482905224493, 0.7708171375580353, 0.06552491424951704, -0.06692013580447462, 0.5325773719618362, 0.6093312279442743, 0.4489632184916236, 0.007606791660036583], [-0.63844376204864, 0.14216963822111017, 0.3606145494630594, -0.25287553333709595, -0.29938241181533903, 0.1519843275596397, 0.41947516856243294, 0.6124873950077359, -0.17201377965514142, -0.3640437939294732, -0.1949054005584756, 0.41111805691354253, -0.08042975724018163]], "inverted": true, "swapped": true, "error_lsq": 0.049390797924479236, "error_max": 0.2803523240580346, "target": "940.xyz", "model": "17.xyz", "model_rescale": 3.901054581598922, "target_rescale": 3.9987997915301547},
{"mapping": [2, 4, 8, 1, 5, 13, 9, 3, 0, 7, 12, 6, 11, 10, 14], "R": [[-0.5790536379553315, 0.8079734478248455, 0.10897610738472771], [0.38971487149287853, 0.39171433441879117, -0.8334759739477393], [-0.7161139597214853, -0.4401576851775682, -0.5417028787731699]], "T": [0.018758303210798456, 0.04634511450518133, -0.1025557169674245], "aligned_model": [[-0.5817766558863885, 0.4006773282357882, -0.1146432781529279, 0.5840188169631912, -0.5338252167970088, -0.6438763413379179, -0.3680755592474082, -0.2557176752341062, 0.15083023524001482, 0.4520750657848444, -0.04627864209727302, 0.7190657900087035, 0.29270277139269657, 0.10535890398697347, 0.006000239054807614], [-0.3111041365396, 0.589444498661545, 0.2440614383357521, -0.15336251238511797, 0.3119328940977755, -0.1444395891576721, 0.3685987476630894, -0.6564845949032746, -0.6142789325140532, -0.4027548754559308, -0.3286771067799878, 0.11252649044197449, 0.24656781710337186, 0.8396970631311667, 0.04310404272252634], [-0.5445126128495605, -0.5323869479904247, -0.7218541309169959, -0.4579188619192639, -0.2217221205486236, 0.1255204172348463, 0.32253460297233544, 0.016184446171728137, -0.4513212424562312, 0.12154873655039612, 0.5354910159327162, 0.15996131997314356, 0.6196605156412655, 0.08598279285329687, -0.04935290034970409]], "inverted": true, "swapped": false, "error_lsq": 0.04154927969911619, "error_max": 0.30090295870190603, "target": "940.xyz", "model": "18.xyz", "model_rescale": 3.9405287249114394, "target_rescale": 3.9987997915301547},
{"mapping": [3, 2, 10, 6, 14, 12, 13, 0, 1, 8, 7, 5, 9, 11, 15], "R": [[-0.33624704323922955, -0.2762556498910709, 0.9003447905197977], [-0.780531544911077, -0.45320020193121313, -0.4305578757475415], [0.5269804866516439, -0.8475213229605318, -0.06323902130509895]], "T": [-0.10180176998828919, -0.0689818697010591, 0.010658230315591363], "aligned_model": [[-0.5373663110305243, 0.44948202882328103, -0.0981049421074906, 0.5135763390879899, -0.6507022319617038, -0.607591627052115, -0.44891505531657194, 0.10874649607714704, -0.05595907302379749, 0.5491340744383642, 0.0602429818988737, 0.6868410866926189, 0.2811855154861548, -0.0009126424669884114, -0.08312085763124827], [-0.061482781622438115, 0.16311927469325824, 0.4953668534266811, -0.36163914996332547, 0.4469785297803104, -0.2634336617188071, 0.3321836223574698, -0.7234036416601939, -0.45740141875252716, -0.37886751112834727, -0.16384699822600884, 0.1933315015783216, 0.3320620488945266, 0.6414566357465765, -0.049592058983931576], [-0.7212269308528951, -0.6198499099584098, -0.5365171429553878, -0.29584618200406293, -0.16887480588828768, -0.0699902866071272, 0.4228577699829855, 0.0019501881328916025, -0.5208943306124082, 0.2398428092333606, 0.6891622131462859, -0.011630390392975753, 0.5412186523967614, 0.07632188712159597, -0.0187085104434027]], "inverted": true, "swapped": false, "error_lsq": 0.04843840113313262, "error_max": 0.27895439820218726, "target": "940.xyz", "model": "19.xyz", "model_rescale": 4.410303926677745, "target_rescale": 3.9987997915301547},
{"mapping": [12, 11, 13, 10, 4, 9, 6, 1, 3, 8, 7, 0, 2, 14], "R": [[-0.31949889392943304, -0.56504912261016, 0.7606838671980347], [0.9334594086788554, -0.3257782300288183, 0.15007357258428944], [0.16301530335152742, 0.7580158533149415, 0.6315362040266819]], "T": [-0.07480175522725185, 0.021936112175661354, 0.05359068867521242], "aligned_model": [[-0.304522803724521, 0.18848422574588108, 0.31940998449550495, -0.5503541348669713, 0.18035223264983646, -0.3862743006380466, -0.33755422142554903, 0.6768782207287497, 0.37011201099613567, -0.005069414661434929, -0.5924697576710217, 0.09128781609539882, 0.5567095406212254, 0.05419849111568545], [-0.26050528069265655, -0.5640710543144626, 0.179829085386331, -0.09551590433244968, 0.7294888011500359, -0.605184637793204, 0.4116908985675809, -0.1613339640470082, -0.6199340845256972, 0.0010951395516952678, -0.2007828570204155, 0.6366650520147745, 0.32958962549565196, 0.029917646741026337], [-0.6883877225752993, -0.23569060141103285, -0.5854504158500266, -0.04873862695875488, -0.03930481550462094, 0.23088601827828592, -0.32484656459880756, 0.03595234698345449, 0.383716805306642, 0.6177189592784031, 0.5727428083384671, 0.6875250161596976, 0.3056224742638529, 0.005069357014760557]], "inverted": true, "swapped": true, "error_lsq": 0.04441790948097172, "error_max": 0.26734728499025007, "target": "940.xyz", "model": "20.xyz", "model_rescale": 4.121658175737393, "target_rescale": 3.9987997915301547},
{"mapping": [0, 4, 6, 5, 10, 2, 13, 8, 1, 11, 12, 9, 14], "R": [[-0.32727024259890863, -0.8117933430308595, 0.4836173658172671], [0.03735602233909846, 0.5002867185276569, 0.865053597680415], [-0.9441920969295665, 0.301172321894974, -0.13340358548456605]], "T": [0.14896493357714935, -0.03406550026115648, -0.038632092612593136], "aligned_model": [[0.20521302645366052, -0.14469046689818793, 0.24385038798601644, 0.639218128027933, 0.5583046969279967, -0.35721202612133685, -0.45523608799422366, 0.28962824199878306, -0.551584133969181, -0.18279473966022425, 0.10223326872076871, 0.5231843385739767, 0.01096827061831368], [-0.6860657484894936, -0.04145669481295879, 0.4133177960413401, -0.18387943945860466, 0.2342888365169414, -0.49888904127667827, 0.4177521702738855, -0.584928768856412, -0.2904882602437533, 0.14075778953169002, 0.7411478972618742, -0.08497424740145254, -0.03575538492319504], [0.5770642408985056, 0.6599921382268769, 0.3550776271117465, 0.5136409971224286, -0.14276296638784258, 0.2524025843204888, 0.1010408758594133, -0.0559855974712189, -0.2445451575511428, -0.6351049824476371, -0.3213637729925318, -0.6543409133011391, -0.03500533390615823]], "inverted": false, "swapped": true, "error_lsq": 0.04423822350155089, "error_max": 0.25350988534033503, "target": "940.xyz", "model": "21.xyz", "model_rescale": 4.08911054899281, "target_rescale": 3.9987997915301547},
{"mapping": [15, 4, 2, 13, 1, 11, 8, 9, 14, 10, 5, 7, 6, 0, 16], "R": [[0.7993670859048047, -0.1605183590369169, -0.5790044200039897], [-0.47231201896147246, -0.7635271778309362, -0.4403948290546382], [-0.37139415546909016, 0.6255078777486514, -0.6861532453889436]], "T": [0.03250979807634739, -0.031135142716891183, -0.11366494822631415], "aligned_model": [[-0.5371392847285893, 0.27595015791115063, -0.2482483695061009, 0.6259137898691438, -0.5324132715820045, -0.6976994596151573, -0.3680079461048302, 0.025164986495784927, 0.08144977149000292, 0.4291371931504577, -0.16496107221944384, 0.6807638479902947, 0.22207175465571077, 0.30818736862138424, 0.06636631548618613], [-0.22182176774779683, 0.41570281419481353, 0.2874553771808596, 0.015601423507946625, 0.5258270349740932, -0.13524546951898667, 0.21315338580265147, -0.7293556760838867, -0.4888983634705686, -0.4134822419103145, -0.4295699823965411, 0.07550550233415548, 0.3409076956150056, 0.6889374147841053, 0.00011409715602834353], [-0.5267576150554297, -0.5904928179384715, -0.6975560008553809, -0.400749190096404, -0.13922740615861706, 0.09090413568723837, 0.3968942251217422, 0.027691877183967845, -0.5607446935453728, 0.47593899886871416, 0.4340429920687324, 0.15871465380492453, 0.5037607716907611, -0.03898705851567266, -0.12561784196180803]], "inverted": false, "swapped": false, "error_lsq": 0.04758143781395099, "error_max": 0.2774815007654303, "target": "940.xyz", "model": "22.xyz", "model_rescale": 4.204369325754507, "target_rescale": 3.9987997915301547},
{"mapping": [3, 2, 10, 6, 14, 12, 13, 0, 1, 8, 7, 5, 9, 11, 15], "R": [[-0.33624704323922955, -0.2762556498910709, 0.9003447905197977], [-0.780531544911077, -0.45320020193121313, -0.4305578757475415], [0.5269804866516439, -0.8475213229605318, -0.06323902130509895]], "T": [-0.10180176998828919, -0.0689818697010591, 0.010658230315591363], "aligned_model": [[-0.5373663110305243, 0.44948202882328103, -0.0981049421074906, 0.5135763390879899, -0.6507022319617038, -0.607591627052115, -0.44891505531657194, 0.10874649607714704, -0.05595907302379749, 0.5491340744383642, 0.0602429818988737, 0.6868410866926189, 0.2811855154861548, -0.0009126424669884114, -0.08312085763124827], [-0.061482781622438115, 0.16311927469325824, 0.4953668534266811, -0.36163914996332547, 0.4469785297803104, -0.2634336617188071, 0.3321836223574698, -0.7234036416601939, -0.45740141875252716, -0.37886751112834727, -0.16384699822600884, 0.1933315015783216, 0.3320620488945266, 0.6414566357465765, -0.049592058983931576], [-0.7212269308528951, -0.6198499099584098, -0.5365171429553878, -0.29584618200406293, -0.16887480588828768, -0.0699902866071272, 0.4228577699829855, 0.0019501881328916025, -0.5208943306124082, 0.2398428092333606, 0.6891622131462859, -0.011630390392975753, 0.5412186523967614, 0.07632188712159597, -0.0187085104434027]], "inverted": true, "swapped": false, "error_lsq": 0.04843840113313262, "error_max": 0.27895439820218726, "target": "940.xyz", "model": "23.xyz", "model_rescale": 4.410303926677745, "target_rescale": 3.9987997915301547},
{"mapping": [6, 9, 14, 8, 13, 12, 7, 2, 5, 4, 0, 10, 1, 11, 16], "R": [[-0.37324536905421807, 0.9021769700610285, -0.2162512639756885], [-0.9014062840556762, -0.4077995076588626, -0.14548633137902323], [-0.21944157660871438, 0.1406281488347607, 0.9654372678795813]], "T": [0.029211867324555926, 0.07178778670093235, -0.1081225785686609], "aligned_model": [[-0.530399287161033, 0.43821109302011313, -0.14569433959262507, 0.7395132327896176, -0.617225801340946, -0.6584934947746018, -0.35132436360649144, 0.10682681909932204, -0.11952038837897343, 0.44520259702102377, -0.27506541709161414, 0.6584421326887081, 0.23400113736914668, 0.16749413185651668, 0.07456773001582648], [-0.07017844768606853, 0.3333321763167001, 0.49574919421913927, -0.1872794306731005, 0.31711564235982936, -0.3262044130841097, 0.3622319004197641, -0.7310304353080185, -0.5026556588994453, -0.4757858477592124, -0.3247104412891898, 0.18960375055504203, 0.3484161654950461, 0.6865240460080317, 0.02970304374715696], [-0.6026719025284445, -0.5040192181974082, -0.6059323150460231, -0.4307102633227421, -0.23508401994853534, 0.013694409713053107, 0.35314230242399913, 0.3189052575846365, -0.3166782722047695, -0.07651244345571886, 0.45808436281865716, 0.010083250756718204, 0.6779266848307023, -0.04730454325190441, -0.00510825987329637]], "inverted": true, "swapped": false, "error_lsq": 0.04362324269185277, "error_max": 0.29837222735481655, "target": "940.xyz", "model": "24.xyz", "model_rescale": 4.28219845311461, "target_rescale": 3.9987997915301547},
{"mapping": [7, 1, 3, 5, 4, 13, 2, 12, 9, 11, 14, 8, 6, 0, 15], "R": [[0.9487052482333891, 0.252612765013607, -0.1901187600596107], [0.24354542156337, -0.20046629250443435, 0.9489462014282197], [0.20160352082725153, -0.9465727951519138, -0.2517061061403739]], "T": [-0.004619827740166133, -0.031600086092562034, -0.06517346985140919], "aligned_model": [[-0.5940700213636578, 0.3340150390289848, -0.013720854416571063, 0.7328317447648031, -0.4520616825921603, -0.5364544666184167, -0.37441971761277143, -0.16879699204882107, -0.004776584161057324, 0.2798734629707676, 0.025114555470630472, 0.6514891192078269, 0.3643157699668725, -0.06132691424443373, -0.015476676438006253], [-0.17311812002129096, 0.3977035200466732, 0.23347231618269737, -0.16746264507902814, 0.489308008520034, -0.2662408246721508, 0.22403094635925958, -0.7446800737725482, -0.497463991838033, -0.48214633697898757, -0.29298035526326405, 0.1729736317950685, 0.4588857223361079, 0.7531410417967951, 0.039408405010231816], [-0.5530946940878635, -0.39819334855350574, -0.7929777963879329, -0.4688902321857699, -0.3163688450464826, 0.057350395681271246, 0.4512380337827994, 0.15614686387982318, -0.5549126663936801, 0.046847575498314226, 0.649627793604353, 0.03289130778690383, 0.5947563229566183, 0.1505111160024336, -0.04711679623835735]], "inverted": true, "swapped": false, "error_lsq": 0.038802920804805664, "error_max": 0.24917347751208427, "target": "940.xyz", "model": "25.xyz", "model_rescale": 4.100010024507729, "target_rescale": 3.9987997915301547},
{"mapping": [13, 4, 5, 0, 11, 9, 10, 8, 2, 3, 1, 14], "R": [[-0.4875219806551207, -0.7819412763749177, -0.3884458246387426], [0.7926982567297481, -0.5828981422215, 0.17849153921780836], [-0.3659942515337184, -0.2209017792954336, 0.9040191434634473]], "T": [-0.04921202881765903, 0.08332247343154844, 0.14043340112621364], "aligned_model": [[-0.713801411461804, -0.028530509243265112, 0.5125649276837424, 0.641246599204543, -0.545737921780126, 0.04536191088109305, -0.029807476160342336, 0.4419267894904603, 0.07081372388509923, -0.046742823505215955, -0.3398887397209454, -0.1306394669102326], [-0.27899158399390045, -0.6661772203647726, -0.2768960742683805, -0.413214853923467, 0.530305631117836, 0.7846823029936286, 0.2759833165282687, 0.20125444606123738, -0.29440991229091906, 0.6690833037649468, 0.09585638525921239, 0.03865564916694882], [0.014910111390930264, 0.030041265316682095, 0.4903580011895683, -0.14951092503642258, -0.08334252722925453, 0.2849303730382955, 0.6018676799508019, -0.12112416832460762, -0.49193459731607336, -0.4725976048946243, -0.5766940415102099, 0.03828872327927113]], "inverted": false, "swapped": true, "error_lsq": 0.04336981427394182, "error_max": 0.2731840547142869, "target": "940.xyz", "model": "26.xyz", "model_rescale": 3.6694154284099745, "target_rescale": 3.9987997915301547},
