[{"mapping": [10, 9, 4, 7, 1, 8, 6, 3, 5, 2, 0, 11], "R": [[0.6217198825079422, 0.36031851858683306, -0.6954386765615647], [0.5310774413609938, -0.846550970233929, 0.036169131499854595], [-0.5756918785007922, -0.39181886115829534, -0.7176746066769017]], "T": [0.058487517209411095, -0.018369265454009874, -0.024841912097463826], "aligned_model": [[-0.47348003643382935, -0.03669355552729108, 0.6116602192922662, -0.8128911220949716, -0.03389985442724328, 0.507659084857154, -0.15020836918166164, 0.25314717809310655, -0.5241801655979261, 0.6296221164318517, 0.12129215640361585, 0.041323717187092074], [-0.44118194794073384, -0.24116412260151826, -0.45358253771188783, 0.3406621083795096, 0.6641965459499628, 0.17171044125474036, 0.4225858657124577, -0.6579790230951227, 0.12785393710626272, 0.4719884672189879, 0.09816019721152533, -0.0021106033834660254], [-0.0259835618123183, -0.5822102278898821, 0.37131189144918825, -0.11648824008320584, 0.14083562465227767, -0.4313122044997434, -0.5607141792996063, -0.18927879707722423, 0.5476993344296788, 0.2616974554687434, 0.579532024822444, 0.040528691116611254]], "inverted": false, "swapped": false, "error_lsq": 0.05919216908440041, "error_max": 0.404862048334127, "target": "941.xyz", "model": "0.xyz", "model_rescale": 3.751011558992144, "target_rescale": 3.817716336993392},
{"mapping": [2, 8, 10, 0, 7, 4, 1, 5, 3, 11, 9, 14], "R": [[0.07610390040807452, -0.4605979312983511, 0.884340286330074], [0.8967039597376485, -0.3562378800302674, -0.26271007103337773], [0.43603922407680196, 0.8129846975898257, 0.38590889669879375]], "T": [0.03325467308698534, 0.0626917325915803, 0.04168335297285441], "aligned_model": [[-0.6223877119218872, -0.038744893454988834, 0.8276945145804713, -0.6264073703585943, -0.15274261349059073, 0.4954021843834601, -0.08081559803511543, 0.05289014866392735, -0.6392554916933884, 0.5375593733263715, 0.33626215438422696, 0.04389667261827074], [-0.43747770859170304, -0.3460263698880535, -0.14051283989851232, 0.33675401215606804, 0.6942981089931896, 0.0014927041363910973, 0.4988294596588186, -0.5538845257202989, 0.17547192710396503, 0.45349816212209765, -0.2529736431759059, 0.07167004120466153], [-0.019158204160305677, -0.4761813274824631, 0.036488346160118916, -0.2137385996009285, 0.12013982798831649, -0.5972597795737156, -0.4897838668164659, 0.13932664655009028, 0.38580047766385, 0.5209307764200206, 0.5343611971608869, 0.09469231696755895]], "inverted": false, "swapped": false, "error_lsq": 0.05144124774598635, "error_max": 0.2615960075818057, "target": "941.xyz", "model": "1.xyz", "model_rescale": 3.9405287249114394, "target_rescale": 3.817716336993392},
{"mapping": [1, 2, 8, 0, 11, 9, 5, 4, 6, 10, 3, 12], "R": [[0.06147290946503575, 0.9945917904333164, 0.08371530209318931], [0.6271713822631333, 0.026756452266691266, -0.7784215757109068], [-0.7764516331826821, 0.1003556807796683, -0.6221347110258317]], "T": [-0.061831393496946656, -0.016120455563841583, 0.08128846488863853], "aligned_model": [[-0.588712302381194, -0.17373647044930446, 0.6810240169984733, -0.7913985821097153, 0.007863847203721165, 0.6136586486483957, -0.12621488675416703, 0.156324159617795, -0.4085705970648369, 0.6498672314021452, 0.17030230221538983, -0.057055998324539885], [-0.5770427845230558, -0.175828741757357, -0.22915558443082717, 0.2768818293521301, 0.6918653720046882, 0.32084144134360526, 0.38247889148938863, -0.6673270576475793, 0.28750485480828963, 0.32319663742109245, -0.06606258651955002, -0.06621294344010689], [-0.10576495284690149, -0.5715056409326593, 0.02236781421274693, -0.20993544657736682, 0.04239205858982517, -0.20252659828644745, -0.5229048871945211, 0.22282940571695073, 0.36928028595298035, 0.381015168799661, 0.6013071274762676, 0.009063476366427431]], "inverted": true, "swapped": false, "error_lsq": 0.0549914744035358, "error_max": 0.28673441188509147, "target": "941.xyz", "model": "2.xyz", "model_rescale": 3.932901565614263, "target_rescale": 3.817716336993392},
{"mapping": [8, 9, 4, 11, 1, 6, 10, 7, 3, 2, 0, 13], "R": [[0.10228237905386961, 0.9063644616519341, 0.4099289909112069], [-0.9107918846347399, -0.08037558033520753, 0.404966552901937], [0.3999955722487178, -0.4147809406664901, 0.817288390619396]], "T": [-0.026862111243376306, 0.007338239019877506, -0.021811074109261225], "aligned_model": [[-0.6514947079277141, -0.1324705504876944, 0.7540727623391558, -0.818317518986632, 0.010570071053316567, 0.48447252724671314, -0.10964159674344287, 0.09482708497646608, -0.35821812878084774, 0.6530699582964398, 0.18944890693471791, 0.01703256108168477], [-0.3748812208845034, -0.510216492952021, -0.24032777489786306, 0.34084035211117913, 0.6793824646222022, 0.306744980802465, 0.5487816369423665, -0.6892576966440273, -0.061546244249810055, 0.3934956261322996, 0.0830117412230019, 0.025111955895428223], [-0.0721015221256944, -0.5324742667937552, 0.2815512065231661, -0.2669301808411154, 0.2875818984599816, -0.36178864857131743, -0.48347333586316055, 0.07661854179489662, 0.36047624674717793, 0.26589486320887856, 0.6078184944642587, -0.1275554857263531]], "inverted": true, "swapped": false, "error_lsq": 0.054022286852227756, "error_max": 0.28328928170358747, "target": "941.xyz", "model": "3.xyz", "model_rescale": 3.9243930471874484, "target_rescale": 3.817716336993392},
{"mapping": [0, 1, 11, 2, 4, 9, 7, 5, 3, 10, 6, 12], "R": [[0.5123767023959352, -0.5516567437889817, -0.6581374870602688], [-0.8352028267831069, -0.4983910008088993, -0.23247074750645835], [-0.19976574525021798, 0.668790884615544, -0.7161092093247953]], "T": [0.1525227626605653, 0.12212090757138033, -0.0029879679591021386], "aligned_model": [[-0.5753762164206698, -0.07473677381079219, 0.8359340571090408, -0.7480740184462152, -0.1559477712919869, 0.7067863926792601, -0.2967374449964698, -0.022405361831508985, -0.30154225739764284, 0.4987397641574973, 0.1681939261957872, 0.09851707305586269], [-0.3151577441303966, -0.22492004276754063, -0.20938274244773453, 0.29253702736347, 0.6292814232627639, 0.019726812311169406, 0.45430246037510286, -0.6134059091320418, 0.18207529802342876, 0.5417037739737771, -0.27200586546118005, 0.01638483672989917], [-0.05066196903897538, -0.5844309848173039, 0.21879664384203565, -0.10833631530585378, -0.001800345648135609, -0.42724575453610414, -0.578087473005874, 0.04199595079748378, 0.49014872606166987, 0.445578332173815, 0.6019376606508152, -0.01227665989660958]], "inverted": true, "swapped": false, "error_lsq": 0.049482130959821846, "error_max": 0.25002711541624706, "target": "941.xyz", "model": "4.xyz", "model_rescale": 3.8936222436046832, "target_rescale": 3.817716336993392},
{"mapping": [7, 5, 1, 10, 3, 1, 4, 6, 8, 0, 9, 11], "R": [[-0.42561835992895874, -0.8386932286504591, -0.33976856815669765], [0.21330158587884454, 0.27190974152916786, -0.9383855955432774], [0.879404028392498, -0.4718673125756967, 0.06316481749863972]], "T": [-0.10188502135001186, 0.0977012688488155, 0.05312613120946539], "aligned_model": [[-0.5990756288319468, 0.038986153160617806, 0.6605456066744646, -0.5823138499773263, -0.0900577040099894, 0.6605456066744646, -0.1395793812406724, 0.04763824868498136, -0.560349008650792, 0.5840827531188092, 0.1588948337908792, -0.04596626039132727], [-0.2945887864244495, -0.40481822750132224, -0.011455294412061806, 0.44974398207317456, 0.5667970201072167, -0.011455294412061806, 0.25164664207876447, -0.6846751120800788, 0.14246975284392024, 0.5591947494754597, -0.09512868782429426, 0.033408584176450734], [-0.08346647383743536, -0.5671966275434784, -0.1702416133471848, -0.1583483783052345, 0.3849262563406101, -0.1702416133471848, -0.7250156015104652, 0.041352500063395393, 0.6307673533533443, 0.368071029098634, 0.579288101313159, -0.09427712100119667]], "inverted": false, "swapped": false, "error_lsq": 0.06806219404867629, "error_max": 0.4102592213237626, "target": "941.xyz", "model": "5.xyz", "model_rescale": 3.6523030999806103, "target_rescale": 3.817716336993392},
{"mapping": [1, 2, 10, 0, 7, 4, 3, 6, 5, 9, 8, 12], "R": [[0.15692403446343783, 0.6095924262955006, -0.7770276193359429], [0.5287865852094384, -0.7163599106972138, -0.4552067943785788], [-0.8341220502481994, -0.33944889475301737, -0.43475838478480866]], "T": [0.0896204005521611, 0.0452517646107123, 0.043388020830974726], "aligned_model": [[-0.45189361933308186, 0.05663816718014926, 0.8180413721088121, -0.8234249043551832, -0.011469587901185643, 0.36341276377885773, -0.24928606578507922, 0.22621486949562986, -0.43836170209574493, 0.592327680905174, 0.0370965603187374, 0.014055834685077692], [-0.34801067533011193, -0.3927783308441435, -0.2255372698258688, 0.3226859017353452, 0.7204897562260796, 0.08712095751075863, 0.4074734577415402, -0.5716452988077244, 0.229708622127563, 0.3000114511231301, -0.14662754116485943, 0.11824829760900954], [-0.14230550515460458, -0.5756866450751035, -0.02552662704857448, -0.23327477255343057, 0.06893266040430851, -0.45902248309142224, -0.44300539508686143, 0.19637307327686135, 0.4321219876839483, 0.49620781676398595, 0.6869147731021678, 0.03388892805568822]], "inverted": false, "swapped": false, "error_lsq": 0.049915907431578345, "error_max": 0.28134328564141026, "target": "941.xyz", "model": "6.xyz", "model_rescale": 4.08911054899281, "target_rescale": 3.817716336993392},
{"mapping": [1, 9, 10, 0, 6, 8, 3, 11, 2, 5, 12, 14], "R": [[0.6195608690550266, -0.7122873766678631, -0.32983484136063296], [0.12952849603704927, -0.32166566628503, 0.9379517939893222], [-0.7741877667918555, -0.6238412395578073, -0.10702994710275374]], "T": [0.06799814404590482, 0.0695118183535498, 0.1205158523368907], "aligned_model": [[-0.5362165622473352, -0.11870950288272575, 0.7436517804180758, -0.70184376480163, -0.20556828623032664, 0.45329458325000477, -0.1158496516900489, 0.2072326188417308, -0.6594921650975536, 0.6139552073545333, 0.42800036893781596, 0.024896743149621856], [-0.3317504242471637, -0.3022419285025204, -0.17936001038998123, 0.3658019082594468, 0.4855207326298613, 0.04756608739888372, 0.5074945960893624, -0.5006802516809832, 0.2252635215703353, 0.47171749362464244, -0.2416036519400826, -0.046588744711082916], [0.011615621770491705, -0.5439363387082118, 0.09170830095021354, -0.33138214623073753, 0.08528861966045495, -0.44181324357980695, -0.5125895975493239, 0.11543380007216464, 0.43138367045044207, 0.46788123545166016, 0.6511828667894972, 0.010845022200118876]], "inverted": true, "swapped": false, "error_lsq": 0.05317988771114258, "error_max": 0.31376965222295794, "target": "941.xyz", "model": "7.xyz", "model_rescale": 3.964800864290218, "target_rescale": 3.817716336993392},
{"mapping": [4, 12, 1, 11, 10, 8, 9, 2, 6, 5, 3, 13], "R": [[0.1785772863796642, -0.9756877502629164, -0.12705733656961526], [-0.5521902103544578, -0.20626034055654635, 0.8078011163041292], [-0.8143685433377048, -0.07409511387660192, -0.5755986359622809]], "T": [0.04168754984486346, -0.07469992211853771, 0.0709747141479716], "aligned_model": [[-0.5650115935631419, -0.15117571890702886, 0.7119797517288026, -0.6782529873036918, 0.02396123258137016, 0.5491243014705984, -0.0316138898968681, -0.015596900670347386, -0.43979819521815505, 0.5858667158809554, 0.0624500585921472, 0.08141859430752224], [-0.4152759135103196, -0.1641338687788137, -0.4110433841702571, 0.2461670167288229, 0.746445049232145, 0.28396912092196674, 0.38121388989238125, -0.7344838249150777, -0.05427908620718576, 0.5302596178087152, 0.11012995645086479, -0.017829245352524115], [-0.03398974883517199, -0.6539254624554499, 0.0974573650922988, -0.18566385469672506, 0.09422824525600185, -0.38170844444224117, -0.4395409288425992, 0.07449907136994924, 0.3938683343084358, 0.26323420876826537, 0.7719522672272024, 0.03520675852699682]], "inverted": false, "swapped": false, "error_lsq": 0.055053268200684936, "error_max": 0.27911469184994747, "target": "941.xyz", "model": "8.xyz", "model_rescale": 4.121658175737393, "target_rescale": 3.817716336993392},
{"mapping": [11, 8, 9, 3, 0, 6, 2, 7, 10, 4, 5, 12], "R": [[0.2604260955744761, 0.9610717417801851, -0.09230035696266323], [0.4992732398897548, -0.052229259890812785, 0.8648689706199693], [0.8263803486735518, -0.2713175474658047, -0.4934392645131918]], "T": [0.012182887062097913, 0.028117828445396512, -0.021550318890354157], "aligned_model": [[-0.47896694854774113, -0.012585196481675519, 0.7622986405193788, -0.725491620423358, -0.06292779268286114, 0.5493519573693281, -0.2215803290664069, 0.0809261014993424, -0.5536082359260561, 0.6710864003467804, 0.07061605444256067, 0.0542323379528714], [-0.36517174510033307, -0.2877505882061176, -0.2828814932911069, 0.2774439597174164, 0.7341923094115869, -0.061465627349139296, 0.4502742937759094, -0.6340395858120351, 0.06078429768237678, 0.5008336361558726, 0.007090246023662542, 0.10182962509262536], [-0.10597321195941595, -0.6774215128964133, 0.1622854647035851, -0.1494439963769266, 0.3170371236394202, -0.45004331118678303, -0.521035181948076, 0.08814398144449487, 0.483716083644742, 0.3397166779976249, 0.5931539286979967, -0.044518234483285755]], "inverted": true, "swapped": false, "error_lsq": 0.041873810722139, "error_max": 0.22911318221256782, "target": "941.xyz", "model": "9.xyz", "model_rescale": 3.833441315466971, "target_rescale": 3.817716336993392},
{"mapping": [6, 1, 10, 4, 2, 0, 5, 12, 7, 8, 11, 14], "R": [[-0.5548299504609817, 0.41814174291081274, -0.7192504493616756], [0.7261012654420473, -0.1786494452199805, -0.6639738910876322], [-0.4061288938193417, -0.89064126255081, -0.2044931858204006]], "T": [-0.012580188942566376, 0.07395967634493983, 0.02873098040345634], "aligned_model": [[-0.5359992643242389, -0.04782608723334367, 0.7769687921779749, -0.7558211490389265, 0.0014321638542862686, 0.41891485264292627, -0.1331835164773226, 0.034353534844632855, -0.2698209786931985, 0.5064230641282768, 0.18001055583683476, -0.04210059871573857], [-0.327399141444465, -0.32950665231572984, -0.10299980517563173, 0.21605273261565072, 0.7894697221410537, -0.02432756844660429, 0.41013832416331, -0.5266882834904812, 0.09942807474041918, 0.3770747723173695, -0.22824175010866937, 0.14813890310449623], [-0.13305016483356355, -0.588991919612871, 0.17382368122384767, -0.2228937772912668, -0.03834571645599216, -0.48893165906561664, -0.545615566208924, 0.022461113755268672, 0.6428095694728492, 0.525033533562562, 0.6091792415932802, 0.08013947513738948]], "inverted": true, "swapped": false, "error_lsq": 0.055209617281013396, "error_max": 0.3190367074930534, "target": "941.xyz", "model": "10.xyz", "model_rescale": 4.2482417240324, "target_rescale": 3.817716336993392},
{"mapping": [5, 9, 3, 4, 0, 8, 10, 7, 6, 1, 2, 11], "R": [[-0.46783178518892593, 0.7830463025993097, 0.4098437613926718], [0.8549876541548607, 0.5184434257545317, -0.01457825554289896], [-0.22389625278175457, 0.34359118480755013, -0.9120392347442258]], "T": [0.044534402655102175, 0.062288801443740445, 0.05738734132406868], "aligned_model": [[-0.5514051992468257, -0.18623250302611924, 0.7420265097410252, -0.795625946529162, -0.032094852976028064, 0.5589864750444021, 0.03553568800753288, 0.14621633734193198, -0.42521113357118395, 0.4941691581170327, 0.19398318648159008, -0.046996350382033196], [-0.3935842048188056, -0.2205513764951863, -0.3364963904734571, 0.18715723451588742, 0.813120590472278, 0.12231083450040575, 0.3526533519582491, -0.5728047373262116, 0.1959843516952936, 0.5115997023549113, -0.19404746192255057, 0.035797433639904064], [0.09234393394478053, -0.6815706893682683, 0.16939965186245842, -0.15327362400393935, -0.007566932588252764, -0.2721490750503789, -0.5175994528492336, -0.1544456775052782, 0.48393952943402296, 0.3657618778235726, 0.735409514619949, -0.024631245042469038]], "inverted": true, "swapped": false, "error_lsq": 0.05927584318202558, "error_max": 0.2773330683065166, "target": "941.xyz", "model": "11.xyz", "model_rescale": 3.6694154284099745, "target_rescale": 3.817716336993392},
{"mapping": [9, 11, 3, 7, 12, 4, 6, 8, 10, 1, 2, 13], "R": [[0.5402435983106004, 0.17307694648478694, -0.8235175924532012], [-0.6494437547309011, -0.5365631493848074, -0.5388161060726435], [-0.5351258393363603, 0.8259203093021499, -0.17747106456207734]], "T": [-0.046932793466187304, 0.19262068323585255, -0.0633078361825085], "aligned_model": [[-0.5622052382961787, -0.0579430517582469, 0.6715590049712342, -0.7796762944201868, -0.14373071854068223, 0.5984839990238663, -0.09649974949539959, 0.07430695705171494, -0.47292436758227074, 0.665956251731138, 0.18461194121478028, 0.05141263510239397], [-0.4227540030996598, -0.34077918731624957, -0.24762722188433342, 0.26162788552684346, 0.6519529688335496, 0.06375263228404249, 0.34597883783127265, -0.5257551259969897, 0.08201086939226498, 0.3755838365215065, -0.006274137829059362, 0.26342197383753013], [-0.08554676391030128, -0.5735940315811469, 0.11332799885321791, -0.16572993492682436, 0.42802963783647685, -0.4016993833080608, -0.6054141234940976, 0.14122815310667636, 0.3947592278725603, 0.35476774057243404, 0.5138762413762838, -0.0783869511202551]], "inverted": false, "swapped": false, "error_lsq": 0.04749044229102686, "error_max": 0.3157061665149552, "target": "941.xyz", "model": "12.xyz", "model_rescale": 3.9764082729961374, "target_rescale": 3.817716336993392},
{"mapping": [8, 14, 4, 10, 12, 6, 13, 7, 1, 5, 0, 15], "R": [[0.6774041268252095, 0.6103057297821088, -0.41067087205608255], [0.7152538673303286, -0.6768884985133619, 0.1738788827009642], [-0.17185911156870498, -0.41152020214742124, -0.8950505957739827]], "T": [-0.019649046468010113, 0.04276697817762348, 0.016012245406360866], "aligned_model": [[-0.5983055259831559, 0.07669914423917476, 0.612417232679447, -0.7862760113519418, -0.24059122914636524, 0.5623956477845713, -0.034127991965067, 0.1255439052824446, -0.5141844504164136, 0.6614787864983317, 0.23350133598211212, 0.034800525399024805], [-0.3606586996801645, -0.125584305387871, -0.27630194937910524, 0.25036054045604617, 0.6400242302034511, 0.17935246318934767, 0.42382144022091744, -0.6373732937113776, 0.21246047755700304, 0.41449586477503736, -0.17695873952874652, -0.042498700613820134], [-0.029344538084875114, -0.7593476136554634, 0.13663960553546184, -0.10782195250225807, 0.05702275337870241, -0.4596212110238641, -0.4625986647086177, 0.31158273824983834, 0.37651388031384025, 0.3333549873469012, 0.6600180111771642, -0.020780184749866547]], "inverted": false, "swapped": false, "error_lsq": 0.05349015700368296, "error_max": 0.29153013809338146, "target": "941.xyz", "model": "13.xyz", "model_rescale": 4.170626492500431, "target_rescale": 3.817716336993392},
{"mapping": [5, 4, 7, 6, 3, 0, 2, 12, 11, 1, 10, 13], "R": [[-0.7355684294981468, 0.6609614062856668, 0.14855673975455772], [0.6589873780388951, 0.6472590008429528, 0.38313368608516357], [0.1570818930082393, 0.37971806018236226, -0.9116685108416831]], "T": [0.09077570692045912, 0.046414810350859745, -0.010624301185322826], "aligned_model": [[-0.733036348627593, -0.004983041974528993, 0.8588561682117112, -0.7074459139564075, -0.15420639772223038, 0.5806989850234818, 0.03807945583580577, -0.15920179910092463, -0.4123526472069132, 0.5938035636368976, 0.2377691715752729, -0.004629826692408676], [-0.3343184846158416, -0.3536583527533526, -0.14590782211135966, 0.26263361066062624, 0.6773548763208429, 0.26501028395935333, 0.3847291748601602, -0.6360775407317816, 0.10594348277413106, 0.5339261810145853, -0.30019654231891685, 0.04170046104227086], [0.04933971797382346, -0.5884087391610071, 0.16400162161603915, -0.16418517311368913, 0.12117860465713136, -0.2714874971684838, -0.5724949830371486, 0.07552416591183779, 0.4823035308182573, 0.30577751413214327, 0.40959206751541083, 0.024476981132649008]], "inverted": true, "swapped": false, "error_lsq": 0.05255229924180214, "error_max": 0.3211742602475788, "target": "941.xyz", "model": "14.xyz", "model_rescale": 3.9786697098870705, "target_rescale": 3.817716336993392},
{"mapping": [2, 5, 10, 3, 9, 7, 8, 4, 0, 6, 1, 11], "R": [[0.671903384773791, -0.4490482541183184, -0.5889834522317361], [-0.056024598027457434, 0.7621434264064504, -0.6449795671192209], [0.7385168149374699, 0.466361515413446, 0.4869289999536783]], "T": [0.05431695939278326, 0.058713192579984516, 0.019487895914766008], "aligned_model": [[-0.6807651324810967, 0.055782003745065686, 0.7225122800157202, -0.7556348281295541, -0.14925924196311147, 0.5991239411149087, -0.17409475939460278, 0.0035794331058223577, -0.445575079577046, 0.513764238501979, 0.36163476149571755, 0.08228375256836018], [-0.34099016246725966, -0.34170310219314676, -0.42372831098929, 0.4783895132499756, 0.6423885248470946, 0.1936168742425063, 0.14180944106671056, -0.551041072034736, -0.003975543009887186, 0.616957463201345, -0.053835908471785404, 0.14325161065919084], [-0.21232876103061138, -0.6764461758586674, 0.13388281550613318, -0.0945257877417452, 0.09224849509871515, -0.3295999937798226, -0.4421951406265596, 0.04272946000991444, 0.49905401010912126, 0.34294921174943915, 0.6140974819923891, 0.06575219584865709]], "inverted": true, "swapped": false, "error_lsq": 0.05416841398697007, "error_max": 0.2962967739338186, "target": "941.xyz", "model": "15.xyz", "model_rescale": 3.769337070930944, "target_rescale": 3.817716336993392},
{"mapping": [6, 1, 4, 5, 3, 0, 8, 7, 10, 2, 11], "R": [[0.7571691065723775, 0.24248704360782997, -0.6065434673085864], [-0.15675605351521388, -0.8339615943003865, -0.5290894054111207], [-0.6341312827315203, 0.49568951261277683, -0.593438643287564]], "T": [-0.023577886392955376, 0.08462053073984238, 0.0365123352749663], "aligned_model": [[-0.256039641417134, -0.3233642414652862, -0.06418378788912146, -0.6895824395628085, 0.40652952897632644, 0.5073613547912584, 0.5876475646521199, 0.17491325112363268, 0.17674250267246738, -0.5369144004330865, -0.06048356075719737], [0.10069128666023003, -0.4491153118765812, 0.6499134942088518, 0.06744694168073334, 0.021892466420232792, -0.33522248494926904, 0.3321062437576006, -0.3765359354277013, 0.3995953172304722, 0.055879558411845956, 0.12941292150892658], [-0.5799175677164263, -0.15726193427937257, -0.1824229704322754, 0.06122821641803449, -0.7633102704118182, -0.2314133883462566, -0.08935375361387907, 0.3534136337394654, 0.5269888688381087, 0.7595682234012733, 0.04669854962692327]], "inverted": true, "swapped": true, "error_lsq": 0.051766715257358493, "error_max": 0.2613838661149649, "target": "941.xyz", "model": "16.xyz", "model_rescale": 3.7852294659196426, "target_rescale": 3.817716336993392},
{"mapping": [5, 4, 3, 6, 11, 0, 10, 1, 7, 8, 2, 12], "R": [[0.491509628553633, -0.5986647260626313, -0.6324704189188807], [0.7287712764048063, 0.6803425160101545, -0.07763045533991111], [0.476771131389453, -0.42277015821522623, 0.7706845538845928]], "T": [0.09110193173492621, 0.06328403674113375, 0.006059048842854931], "aligned_model": [[-0.38740910982152765, 0.02459057675850866, 0.7366044133181162, -0.7469702077371029, -0.10425528181958778, 0.584678514656022, -0.2689323243992062, 0.02179373605386449, -0.48616643664786807, 0.5483987796254862, 0.1352796029637499, 0.07573910605170749], [-0.3432825645122853, -0.3236203982663935, -0.37064898741156177, 0.3245698739891539, 0.6487304536423546, 0.037509294345318335, 0.49088195512458416, -0.5899175107369439, 0.041593156916975786, 0.4842012867528179, -0.04647903639640388, 0.14760180465310155], [-0.1887223476358227, -0.5835746365248498, 0.17196277991059075, -0.1233937850247809, 0.40231670048255674, -0.4645416047745041, -0.5742774310403437, 0.2128881247261789, 0.4031959796029416, 0.20077466918295162, 0.6061318962292956, -0.027142533857250975]], "inverted": false, "swapped": false, "error_lsq": 0.05485595596141718, "error_max": 0.3495887982989001, "target": "941.xyz", "model": "17.xyz", "model_rescale": 3.901054581598922, "target_rescale": 3.817716336993392},
{"mapping": [2, 8, 10, 0, 7, 4, 1, 5, 3, 11, 9, 14], "R": [[0.07610390040807452, -0.4605979312983511, 0.884340286330074], [0.8967039597376485, -0.3562378800302674, -0.26271007103337773], [0.43603922407680196, 0.8129846975898257, 0.38590889669879375]], "T": [0.03325467308698534, 0.0626917325915803, 0.04168335297285441], "aligned_model": [[-0.6223877119218872, -0.038744893454988834, 0.8276945145804713, -0.6264073703585943, -0.15274261349059073, 0.4954021843834601, -0.08081559803511543, 0.05289014866392735, -0.6392554916933884, 0.5375593733263715, 0.33626215438422696, 0.04389667261827074], [-0.43747770859170304, -0.3460263698880535, -0.14051283989851232, 0.33675401215606804, 0.6942981089931896, 0.0014927041363910973, 0.4988294596588186, -0.5538845257202989, 0.17547192710396503, 0.45349816212209765, -0.2529736431759059, 0.07167004120466153], [-0.019158204160305677, -0.4761813274824631, 0.036488346160118916, -0.2137385996009285, 0.12013982798831649, -0.5972597795737156, -0.4897838668164659, 0.13932664655009028, 0.38580047766385, 0.5209307764200206, 0.5343611971608869, 0.09469231696755895]], "inverted": false, "swapped": false, "error_lsq": 0.05144124774598635, "error_max": 0.2615960075818057, "target": "941.xyz", "model": "18.xyz", "model_rescale": 3.9405287249114394, "target_rescale": 3.817716336993392},
{"mapping": [7, 11, 14, 8, 1, 10, 5, 13, 0, 3, 12, 15], "R": [[-0.55093856208396, 0.4242431177354792, -0.7186685452021253], [-0.26509343206918345, 0.7275842426008454, 0.6327295174027648], [0.7913230522881538, 0.5391094016737555, -0.2883901523012279]], "T": [-0.05776056139435782, 0.014427754422069748, 0.06130306493166757], "aligned_model": [[-0.6136086448083374, 0.2328772582448272, 0.6508950579658098, -0.742744574571821, 0.02445098258255895, 0.5796381179202622, -0.35737643323683904, 0.11357910729700765, -0.5324946024387981, 0.6409150961709688, 0.1774364661477338, -0.040216462271210354], [-0.41422063988741126, -0.2724793809742531, -0.29782907264330405, 0.2524054474358074, 0.6122443352890281, 0.22880507028442673, 0.28954739161593385, -0.6313046846158429, 0.376417012193018, 0.3948975979846016, -0.07604631414521398, 0.0387025655639274], [0.007275190993745573, -0.5323526899919018, 0.054833970983662716, -0.1541863196215241, 0.32846597713489545, -0.3457219060445069, -0.663819102243805, -0.009423029820189749, 0.40228052091373845, 0.3654800176074514, 0.5477553887637568, 0.0350297926016406]], "inverted": true, "swapped": false, "error_lsq": 0.050322970503487996, "error_max": 0.2586312613180635, "target": "941.xyz", "model": "19.xyz", "model_rescale": 4.410303926677745, "target_rescale": 3.817716336993392},
{"mapping": [4, 12, 1, 11, 10, 8, 9, 2, 6, 5, 3, 13], "R": [[0.1785772863796642, -0.9756877502629164, -0.12705733656961526], [-0.5521902103544578, -0.20626034055654635, 0.8078011163041292], [-0.8143685433377048, -0.07409511387660192, -0.5755986359622809]], "T": [0.04168754984486346, -0.07469992211853771, 0.0709747141479716], "aligned_model": [[-0.5650115935631419, -0.15117571890702886, 0.7119797517288026, -0.6782529873036918, 0.02396123258137016, 0.5491243014705984, -0.0316138898968681, -0.015596900670347386, -0.43979819521815505, 0.5858667158809554, 0.0624500585921472, 0.08141859430752224], [-0.4152759135103196, -0.1641338687788137, -0.4110433841702571, 0.2461670167288229, 0.746445049232145, 0.28396912092196674, 0.38121388989238125, -0.7344838249150777, -0.05427908620718576, 0.5302596178087152, 0.11012995645086479, -0.017829245352524115], [-0.03398974883517199, -0.6539254624554499, 0.0974573650922988, -0.18566385469672506, 0.09422824525600185, -0.38170844444224117, -0.4395409288425992, 0.07449907136994924, 0.3938683343084358, 0.26323420876826537, 0.7719522672272024, 0.03520675852699682]], "inverted": false, "swapped": false, "error_lsq": 0.055053268200684936, "error_max": 0.27911469184994747, "target": "941.xyz", "model": "20.xyz", "model_rescale": 4.121658175737393, "target_rescale": 3.817716336993392},
{"mapping": [1, 2, 10, 0, 7, 4, 3, 6, 5, 9, 8, 12], "R": [[0.15692403446343783, 0.6095924262955006, -0.7770276193359429], [0.5287865852094384, -0.7163599106972138, -0.4552067943785788], [-0.8341220502481994, -0.33944889475301737, -0.43475838478480866]], "T": [0.0896204005521611, 0.0452517646107123, 0.043388020830974726], "aligned_model": [[-0.45189361933308186, 0.05663816718014926, 0.8180413721088121, -0.8234249043551832, -0.011469587901185643, 0.36341276377885773, -0.24928606578507922, 0.22621486949562986, -0.43836170209574493, 0.592327680905174, 0.0370965603187374, 0.014055834685077692], [-0.34801067533011193, -0.3927783308441435, -0.2255372698258688, 0.3226859017353452, 0.7204897562260796, 0.08712095751075863, 0.4074734577415402, -0.5716452988077244, 0.229708622127563, 0.3000114511231301, -0.14662754116485943, 0.11824829760900954], [-0.14230550515460458, -0.5756866450751035, -0.02552662704857448, -0.23327477255343057, 0.06893266040430851, -0.45902248309142224, -0.44300539508686143, 0.19637307327686135, 0.4321219876839483, 0.49620781676398595, 0.6869147731021678, 0.03388892805568822]], "inverted": false, "swapped": false, "error_lsq": 0.049915907431578345, "error_max": 0.28134328564141026, "target": "941.xyz", "model": "21.xyz", "model_rescale": 4.08911054899281, "target_rescale": 3.817716336993392},
{"mapping": [12, 7, 0, 9, 11, 6, 5, 13, 14, 1, 2, 16], "R": [[0.6194338566223488, 0.5882567879707439, 0.5198611821210612], [0.781131257364228, -0.5279141343219333, -0.33337760205464384], [0.07833042856096331, 0.6125851925972972, -0.7865136526291129]], "T": [0.008205113190879309, 0.07042142508337029, 0.051315162459216], "aligned_model": [[-0.54524407565732, 0.10666491982403399, 0.6959978863107041, -0.6378685724640538, 0.024730578055257062, 0.48552016648069873, -0.23900844945849414, -0.0684218480242843, -0.5388288367827958, 0.5995712667291513, 0.2176925220136085, 0.032545811975657285], [-0.3728215585805372, -0.4270594916546114, -0.2793488829526552, 0.2587472038465169, 0.8281432804060518, 0.0738469598244012, 0.5351428924333352, -0.5858063856436788, -0.06596048397507756, 0.46928665313937235, 0.0374275151804743, 0.029541626077126286], [-0.15410917599675264, -0.44729750481743163, -0.01710435989953498, -0.18250058833619934, 0.15844839369872019, -0.5211555653217281, -0.4184171721468528, 0.06625956848797346, 0.3578708970407693, 0.39944011640998095, 0.7414457709872765, 0.05273743117074232]], "inverted": true, "swapped": false, "error_lsq": 0.05037803240980416, "error_max": 0.24280401058555373, "target": "941.xyz", "model": "22.xyz", "model_rescale": 4.204369325754507, "target_rescale": 3.817716336993392},
{"mapping": [7, 11, 14, 8, 1, 10, 5, 13, 0, 3, 12, 15], "R": [[-0.55093856208396, 0.4242431177354792, -0.7186685452021253], [-0.26509343206918345, 0.7275842426008454, 0.6327295174027648], [0.7913230522881538, 0.5391094016737555, -0.2883901523012279]], "T": [-0.05776056139435782, 0.014427754422069748, 0.06130306493166757], "aligned_model": [[-0.6136086448083374, 0.2328772582448272, 0.6508950579658098, -0.742744574571821, 0.02445098258255895, 0.5796381179202622, -0.35737643323683904, 0.11357910729700765, -0.5324946024387981, 0.6409150961709688, 0.1774364661477338, -0.040216462271210354], [-0.41422063988741126, -0.2724793809742531, -0.29782907264330405, 0.2524054474358074, 0.6122443352890281, 0.22880507028442673, 0.28954739161593385, -0.6313046846158429, 0.376417012193018, 0.3948975979846016, -0.07604631414521398, 0.0387025655639274], [0.007275190993745573, -0.5323526899919018, 0.054833970983662716, -0.1541863196215241, 0.32846597713489545, -0.3457219060445069, -0.663819102243805, -0.009423029820189749, 0.40228052091373845, 0.3654800176074514, 0.5477553887637568, 0.0350297926016406]], "inverted": true, "swapped": false, "error_lsq": 0.050322970503487996, "error_max": 0.2586312613180635, "target": "941.xyz", "model": "23.xyz", "model_rescale": 4.410303926677745, "target_rescale": 3.817716336993392},
{"mapping": [1, 10, 14, 3, 5, 9, 4, 11, 0, 6, 13, 16], "R": [[-0.04727841378860943, -0.39470107936692245, -0.9175923983644478], [0.961782525540826, 0.2300429631967691, -0.1485079413632845], [0.26970191907723573, -0.8895455542186902, 0.36874053454403394]], "T": [0.06890888028470173, 0.047374645980954776, 0.030524372264387322], "aligned_model": [[-0.5983393842561968, -0.08952981200349712, 0.6997694713309563, -0.7573438261281886, 0.09027118044605897, 0.46838653467371344, -0.20333701354255518, 0.20013645057161106, -0.5492809912836785, 0.5598387967533618, 0.36031441106701456, -0.04753444862643684], [-0.4900315515489322, -0.17642913381820913, -0.16958862862243992, 0.18541832431367225, 0.6717895271784828, -0.11955213847375123, 0.5018155345400862, -0.5660514743714942, 0.2736954195469613, 0.4067646383378382, -0.06499927326425609, 0.048308084282759865], [-0.017534777686109938, -0.5598932724662117, 0.14494396041596982, -0.29734967771793197, 0.10299327386242145, -0.422215106800394, -0.40907774908051187, -0.05438267265356993, 0.40066758945054826, 0.4862926689564578, 0.6603192140439039, 0.0008543609523910568]], "inverted": true, "swapped": false, "error_lsq": 0.050796232091642905, "error_max": 0.2602205593016363, "target": "941.xyz", "model": "24.xyz", "model_rescale": 4.28219845311461, "target_rescale": 3.817716336993392},
{"mapping": [10, 0, 3, 14, 13, 4, 2, 8, 11, 7, 9, 15], "R": [[0.4203282388870095, -0.6063557077118588, -0.6750236494519259], [0.9016624160934709, 0.36244444242031776, 0.2358790231519325], [0.10163197822845943, -0.7077900690768955, 0.6990737866044571]], "T": [0.007526371191830415, 0.012940260806537863, 0.05223122873937098], "aligned_model": [[-0.7003391437041202, 0.17696618624378896, 0.7244325978228535, -0.7047825538670899, 0.007110365086144139, 0.6000103729600015, -0.175591247575099, -0.23383577347363357, -0.37939016087678984, 0.5732720764160785, 0.21928962236290664, 0.026209027607122598], [-0.34564716142127366, -0.17926879077707072, -0.2377389621030428, 0.24076723314017995, 0.6067581402546814, 0.16801707819503298, 0.365723079770367, -0.6331623289080399, -0.05193710722470929, 0.4894977452315351, 0.07773939829875927, 0.0003910036442985841], [0.059035070961404486, -0.7223008891229512, 0.204713143335633, -0.09218307406101128, 0.06945359569733, -0.3472214735711045, -0.5052562103379441, -0.02677393321494389, 0.42980717550760067, 0.2938316567378784, 0.6908477655692512, -0.018335016224179095]], "inverted": false, "swapped": false, "error_lsq": 0.04953283658357243, "error_max": 0.25983984365499624, "target": "941.xyz", "model": "25.xyz", "model_rescale": 4.100010024507729, "target_rescale": 3.817716336993392},
{"mapping": [5, 9, 3, 4, 0, 8, 10, 7, 6, 1, 2, 11], "R": [[-0.46783178518892593, 0.7830463025993097, 0.4098437613926718], [0.8549876541548607, 0.5184434257545317, -0.01457825554289896], [-0.22389625278175457, 0.34359118480755013, -0.9120392347442258]], "T": [0.044534402655102175, 0.062288801443740445, 0.05738734132406868], "aligned_model": [[-0.5514051992468257, -0.18623250302611924, 0.7420265097410252, -0.795625946529162, -0.032094852976028064, 0.5589864750444021, 0.03553568800753288, 0.14621633734193198, -0.42521113357118395, 0.4941691581170327, 0.19398318648159008, -0.046996350382033196], [-0.3935842048188056, -0.2205513764951863, -0.3364963904734571, 0.18715723451588742, 0.813120590472278, 0.12231083450040575, 0.3526533519582491, -0.5728047373262116, 0.1959843516952936, 0.5115997023549113, -0.19404746192255057, 0.035797433639904064], [0.09234393394478053, -0.6815706893682683, 0.16939965186245842, -0.15327362400393935, -0.007566932588252764, -0.2721490750503789, -0.5175994528492336, -0.1544456775052782, 0.48393952943402296, 0.3657618778235726, 0.735409514619949, -0.024631245042469038]], "inverted": true, "swapped": false, "error_lsq": 0.05927584318202558, "error_max": 0.2773330683065166, "target": "941.xyz", "model": "26.xyz", "model_rescale": 3.6694154284099745, "target_rescale": 3.817716336993392},
{"mapping": [10, 4, 5, 11, 6, 0, 2, 8, 9, 1, 7, 13], "R": [[0.3330194312108604, 0.03625324417991624, 0.9422227765886508], [-0.3385786632842878, 0.9372163077761387, 0.08360670551509136], [-0.8800355374668798, -0.3468591857294451, 0.3243858166913073]], "T": [-0.03614152351947961, 0.03894747212978882, 0.08661733343471897], "aligned_model": [[-0.45033023419173346, 0.061228223737385484, 0.7168777832909486, -0.7964135002570198, 0.09683763810489138, 0.4405139923445649, -0.15853861833677274, -0.05726383798905818, -0.5680993813871834, 0.7039541578551939, 0.18933083263844952, -0.04474568680750328], [-0.2769985876035019, -0.40665851657986074, -0.19189166836593893, 0.3269027762222715, 0.7102512516129145, 0.146991436735372, 0.4286034482109865, -0.5975996991701528, -0.11839801044181678, 0.4997341061027397, -0.0906833586087557, 0.07088614998646069], [-0.21424230025398408, -0.5971114177774529, 0.16180851980045025, -0.18768857878335735, 0.14007956337083338, -0.358421276173291, -0.4568132671830403, 0.13875886171631424, 0.4830095281579062, 0.22654843811907685, 0.6597548291973592, 0.03993491108614848]], "inverted": true, "swapped": false, "error_lsq": 0.04760332235419367, "error_max": 0.2684477864608771, "target": "941.xyz", "model": "27.xyz", "model_rescale": 4.103607728864725, "target_rescale": 3.817716336993392},
{"mapping": [5, 1, 4, 9, 3, 2, 0, 7, 6, 12, 13, 14], "R": [[-0.857591145034772, 0.2802684418009095, 0.4312621343086347], [0.44985335311647323, 0.8152148059450772, 0.3647694900314384], [-0.24933790054424984, 0.5068278018207173, -0.8252006971966066]], "T": [-0.06549378778473906, 0.06290389463982277, 0.22902710425809558], "aligned_model": [[-0.5822837617254342, 0.1324790093391232, 0.7515257245362661, -0.7951804992651734, 0.1042723876907994, 0.5264051492597884, -0.1380883701288511, -0.23130245779714892, -0.638266896526744, 0.5873186098082015, 0.43191420392762414, -0.015441730116288119], [-0.252714655220262, -0.2940351938139678, -0.286853850524009, 0.35026960016111336, 0.6934013998755333, 0.24098366100210522, 0.23581078147355225, -0.6159229682267393, -0.1450273990897127, 0.6059609581368572, -0.07767031462641305, 0.04693730895266029], [-0.18140372328835186, -0.568633281374537, 0.050819575463220135, -0.005711432058614185, -0.14135539279429316, -0.17005177437367902, -0.4598306285731464, 0.050749733953166426, 0.402124781428676, 0.35637943623387924, 0.619791373893316, 0.08273914276732694]], "inverted": true, "swapped": false, "error_lsq": 0.06304073632431714, "error_max": 0.3282991165533327, "target": "941.xyz", "model": "28.xyz", "model_rescale": 4.137296879288765, "target_rescale": 3.817716336993392},
{"mapping": [7, 0, 3, 6, 4, 8, 10, 1, 5, 2, 11], "R": [[0.09353161832115775, 0.3769558757691508, -0.9214966652665313], [-0.558915989499152, -0.7460719392672278, -0.36192482385189007], [-0.8239324930213694, 0.5488906349730795, 0.14090535043936603]], "T": [0.053328008897883146, 0.03835779676428795, 0.02209492387215729], "aligned_model": [[0.3370816706264014, 0.18897364898633418, -0.18583749354936224, -0.5274813828385436, -0.033990147840694034, 0.44846524650992625, 0.5784956400992564, -0.3781550852115666, -0.413018032518813, 0.16620134641731835, 0.040683600029641054], [-0.39043291472607905, -0.5976576715389328, -0.3430648446985646, 0.01933568000344653, 0.519819676527458, 0.0012532921263851832, 0.34299873230189815, -0.36604101867881345, 0.2839416614095973, 0.354041765482054, 0.09495345843950304], [0.3189329876788291, -0.305064690741537, -0.7690814347200237, -0.2886801903043971, -0.3380545446929186, -0.5193640511880386, 0.12838445256320172, 0.27225130194053027, 0.43035685800963785, 0.8435287185648146, 0.03254461467290031]], "inverted": true, "swapped": true, "error_lsq": 0.0496392697240049, "error_max": 0.2258823720543218, "target": "941.xyz", "model": "29.xyz", "model_rescale": 3.607286011436655, "target_rescale": 3.817716336993392},
