[{"mapping": [2, 8, 4, 9, 3, 1, 0, 10, 7, 5, 11], "R": [[0.11308401605300333, 0.9585309289504707, -0.2615921702931346], [0.9739490834003781, -0.1590224560614069, -0.1616633582843112], [-0.1965583583999616, -0.23649591267830852, -0.9515432176362599]], "T": [-0.051672274313243484, -0.016074254301519653, -0.016919918204324064], "aligned_model": [[0.05257967271555435, -0.27828706806618875, -0.6131821461324747, -0.3052826175159024, -0.6962408001975967, 0.5647748249454532, 0.15232360891529118, -0.0557521507324338, 0.7190561024576624, 0.5526015956337302, -0.012510254712655648], [-0.6006115508206297, -0.5910346850950018, 0.05110119281828322, -0.022381797512842375, 0.20564660837980703, -0.33263738820899624, 0.09824525642086056, 0.6080781655425668, 0.2926212768050877, 0.493323332197251, 0.009757111254120591], [-0.5611606058649015, 0.1285782912873864, -0.5935849768799315, 0.5353467140913744, 0.08005321868443295, -0.1640977548006358, -0.5897271485144059, 0.2517405689835768, 0.43836916378744406, -0.2700078900608395, -0.06821643526383213]], "inverted": true, "swapped": false, "error_lsq": 0.04979001466938599, "error_max": 0.33737874459631634, "target": "942.xyz", "model": "0.xyz", "model_rescale": 3.751011558992144, "target_rescale": 3.779940679471377},
{"mapping": [11, 6, 10, 1, 4, 12, 9, 5, 3, 13, 14], "R": [[-0.3241051702837204, -0.8891935565158794, 0.32294064105652953], [0.9455810354748478, -0.3149049950060529, 0.08192282630959917], [0.028850371673092817, 0.33191815733834057, 0.9428669009374787]], "T": [-0.012304373122875256, 0.10337777259965925, 0.07320889796412428], "aligned_model": [[0.026958440748661484, -0.29083526595552694, -0.5607346173915364, -0.3032919029709944, -0.7983204304095638, 0.5850530310105807, 0.1303870957174665, 0.010553009155722107, 0.699731854267052, 0.5602868739769109, 0.020292679161667427], [-0.49944940910497354, -0.5933197089930904, 0.0651204515842018, -0.17307864659851413, 0.1471115434178324, -0.2833024229099208, 0.21936325571300264, 0.6580429636799394, 0.12752356402924608, 0.462186296824991, 0.08190963413779252], [-0.44812478536318084, 0.10075714927535918, -0.5352435592492537, 0.6429313349392272, 0.1496293460609567, -0.14037401849883385, -0.5595439240457376, -0.2129905305378676, 0.3485764362712635, -0.19305770713033715, 0.0347334037280732]], "inverted": true, "swapped": false, "error_lsq": 0.04357866625140008, "error_max": 0.26927555999041825, "target": "942.xyz", "model": "1.xyz", "model_rescale": 3.9405287249114394, "target_rescale": 3.779940679471377},
{"mapping": [1, 2, 4, 9, 8, 0, 7, 3, 11, 6, 12], "R": [[0.2737267659977697, -0.6965329354424201, -0.66326128141206], [-0.5042208636823898, 0.48331972032346726, -0.7156559009564795], [0.8190451624933679, 0.5303243514967148, -0.2189088943049181]], "T": [0.020437546700324726, 0.026708759781651367, -0.04762665202922489], "aligned_model": [[0.006033286128616488, -0.08960062916784571, -0.5565811897964442, -0.2850723949855246, -0.6731977892839183, 0.7122884842185905, 0.15421885184426926, -0.11508084064342679, 0.43827240654710253, 0.5147884414165281, -0.025987858967508475], [-0.48660751986863576, -0.6353229572917253, 0.07177949985077352, 0.12428349875912674, 0.2100494539243719, -0.44112051016712145, 0.42959966287781814, 0.5648618066651199, 0.19911652054416873, 0.22354693497288047, -0.048078868486270215], [-0.650557200833676, 0.06974128636151683, -0.44349749966024754, 0.6923219630344468, 0.24553879725676125, -0.1211660476629522, -0.717470914341353, -0.18483358840883862, 0.5031036657878176, -0.1582052171768148, -0.047682098906992085]], "inverted": true, "swapped": false, "error_lsq": 0.04489641392440046, "error_max": 0.24430875707862654, "target": "942.xyz", "model": "2.xyz", "model_rescale": 3.932901565614263, "target_rescale": 3.779940679471377},
{"mapping": [7, 3, 4, 1, 2, 9, 5, 6, 10, 12, 13], "R": [[0.2563232568247031, 0.12331423057803009, 0.9586928541236374], [0.6051900258187999, -0.7938394772744514, -0.059698550820485585], [0.7536865533232086, 0.5954934801134049, -0.2781080625983507]], "T": [0.02603029550092127, -0.18812345127457314, 0.03728312313311746], "aligned_model": [[-0.019848243118555223, -0.10722153218233378, -0.6060316000054156, -0.3495192571607717, -0.6311513821246728, 0.5834414399370993, 0.19010378064771077, -0.005003607973031052, 0.376991413677602, 0.559884685233075, 0.08843507037973246], [-0.5129158057232047, -0.6491390768432908, 0.059314716395592965, 0.019533930242924574, 0.32285079168483005, -0.25807572818771307, 0.22034849840482007, 0.49147182585189625, 0.2736445195348128, 0.338908142137963, -0.09383429171812388], [-0.5968679894047366, 0.21162193545491498, -0.512715529562271, 0.6411122101346067, 0.07217465224225794, -0.4362065118134808, -0.5310743730359472, -0.02500184153994893, 0.45769015799812596, -0.10542987651403457, 0.011990311490181774]], "inverted": false, "swapped": false, "error_lsq": 0.04975752286764396, "error_max": 0.30569158261594986, "target": "942.xyz", "model": "3.xyz", "model_rescale": 3.9243930471874484, "target_rescale": 3.779940679471377},
{"mapping": [6, 11, 10, 9, 8, 5, 3, 4, 1, 0, 12], "R": [[0.30102786072131044, 0.6200623225542771, 0.7245032389286795], [-0.8217107325146952, -0.2168732697392523, 0.5270269983053706], [0.4839149709811784, -0.7539818970115937, 0.4442269688335953]], "T": [-0.055766070138054104, 0.09006779178471078, -0.04564490436280039], "aligned_model": [[0.12171975400033688, -0.3047975787055857, -0.6653867229795701, -0.27983022732871154, -0.5386166006222125, 0.5892193855021006, 0.12132051628783344, -0.22059632195066708, 0.44374307896422654, 0.7545823810592277, 0.05872310308346145], [-0.40163680473390373, -0.6551395616863998, -0.013184062607350028, -0.1860117028832514, 0.34142674794752026, -0.3068285950403222, 0.24800114738920595, 0.6303489600619914, 0.21255475507369845, 0.28521223663802003, 0.0573644016212981], [-0.5438836892130903, 0.048074834543583606, -0.38450982392898525, 0.5636684451243068, 0.2705993197490988, -0.05513805519794755, -0.6754470689035432, -0.2281127555925553, 0.449983841544701, -0.21469042085363305, -0.04325148182226738]], "inverted": true, "swapped": false, "error_lsq": 0.03900692298169523, "error_max": 0.20892428114179817, "target": "942.xyz", "model": "4.xyz", "model_rescale": 3.8936222436046832, "target_rescale": 3.779940679471377},
{"mapping": [8, 7, 10, 5, 4, 9, 3, 2, 1, 0, 11], "R": [[-0.2707324833392714, 0.9586561143389032, 0.08764916945178197], [0.4156272582835791, 0.034277612507366384, 0.9088888971994709], [0.8683074942879547, 0.28249513220838146, -0.4077236755965281]], "T": [0.01694421282992752, -0.09621462334825934, -0.09217869818139177], "aligned_model": [[0.0777329921972042, -0.3865368567484694, -0.5155991515011524, -0.24605255831309653, -0.5616721111210206, 0.5879730740539053, 0.19608814787050752, -0.13064841630978133, 0.4249903946843332, 0.6698784716211365, -0.03607321912312694], [-0.5332287001347742, -0.5925863283572999, 0.008401491024183874, -0.15079130817059758, 0.3171097360198677, -0.321635033752763, 0.1290406874728242, 0.6303762613376523, 0.30447328093821113, 0.47697485591270006, -0.0560274205094979], [-0.6847883904108478, 0.010610816587120264, -0.4160929356048356, 0.6726905330529483, 0.26136157182652375, -0.16392562873294825, -0.5896216876849751, -0.17843741970620472, 0.4700101348574778, -0.25905884540791446, 0.06454499667332436]], "inverted": true, "swapped": false, "error_lsq": 0.035574421025969305, "error_max": 0.17337212687764936, "target": "942.xyz", "model": "5.xyz", "model_rescale": 3.6523030999806103, "target_rescale": 3.779940679471377},
{"mapping": [9, 10, 11, 2, 4, 8, 7, 3, 1, 5, 12], "R": [[-0.8391338414781985, -0.45718326484652716, 0.29468264019163387], [0.5376378768351305, -0.6150265253741606, 0.576791024963461], [-0.08246156364182532, 0.6424374175205373, 0.7618886106848481]], "T": [0.09017571879295906, -0.025469994256377297, -0.019383423046768863], "aligned_model": [[0.034194557050231375, -0.35785005027511496, -0.5903645188772069, -0.22914968436423255, -0.4606160700673724, 0.6396485598030718, 0.004328942458932922, -0.13744335198297336, 0.3998478321711421, 0.6641775913607199, 0.11330696003324162], [-0.5011407194082561, -0.6549673726962241, 0.02963614598815157, 0.10001160510388715, 0.03803563762582415, -0.3909959746771159, 0.34885371519987557, 0.6309032732317086, 0.2838241169772987, 0.2591889349585244, 0.06875815947683295], [-0.5609241379926185, 0.08868601044538117, -0.5747187283895527, 0.6577408560406119, 0.12801753342976097, -0.15419238898087861, -0.5844764695702156, -0.021479918716777555, 0.5198894215741174, -0.25045629963265004, -0.06079273275751053]], "inverted": false, "swapped": false, "error_lsq": 0.04679194563865994, "error_max": 0.32427848782530116, "target": "942.xyz", "model": "6.xyz", "model_rescale": 4.08911054899281, "target_rescale": 3.779940679471377},
{"mapping": [2, 7, 13, 5, 12, 3, 1, 11, 8, 9, 14], "R": [[-0.6662079401870281, -0.6425481286280678, -0.37854838901826726], [-0.3358721692563261, -0.19468902097314345, 0.9215671820499951], [-0.6658504834801933, 0.7410992426855443, -0.08611066217435487]], "T": [0.03886192666495096, -0.007334627629601773, 0.013120969728821735], "aligned_model": [[-0.0986163787987059, -0.42721698887014675, -0.5653128200995713, -0.29192189987825695, -0.6031877438589829, 0.7788228580286604, 0.15151506425719852, -0.11371871595773518, 0.50652030301024, 0.6192926907437891, 0.12390439873395075], [-0.5045034065720798, -0.6254293699054689, 0.0644196872194445, -0.25708559352364835, 0.2518584731686583, -0.2838679888676715, 0.1523809945664385, 0.5498584450222306, 0.3149715394098178, 0.43933709883700867, 0.11016764242577726], [-0.6066067640889746, 0.017398656253986552, -0.39396466748304637, 0.6524235152546095, 0.18221583981626147, 0.06250271173434814, -0.6938063599681911, -0.0907351338126394, 0.3906965926276388, -0.26641758717162445, -0.06641365771270015]], "inverted": false, "swapped": false, "error_lsq": 0.045205745727491434, "error_max": 0.2490356732908512, "target": "942.xyz", "model": "7.xyz", "model_rescale": 3.964800864290218, "target_rescale": 3.779940679471377},
{"mapping": [5, 10, 3, 11, 6, 8, 1, 2, 12, 7, 13], "R": [[0.8486327053710011, -0.4256429526527947, 0.31408694374600593], [0.48407848685779387, 0.3854804177712842, -0.7855398564530924], [0.2132851376354305, 0.8186775460288911, 0.5331758862626371]], "T": [-0.06736660692290465, 0.1143683451430029, -0.069602393428025], "aligned_model": [[-0.01907177100612635, -0.20061059992838925, -0.6689831329732593, -0.27184180916204886, -0.5950167856126034, 0.5348467377844259, 0.3063256266934917, -0.016659099511435085, 0.4515433169861448, 0.5831495578655287, -0.02360127382528894], [-0.5769896379827318, -0.6874324124572881, -0.0503691775422071, -0.07137655889210875, 0.19522518078499074, -0.34725645133371186, 0.31796657879018386, 0.772841492162974, 0.2174582771692459, 0.3920770223211213, 0.04996320876003879], [-0.5373228986022887, 0.05079526621195944, -0.439577797887632, 0.7119486585115962, 0.1574510897807383, -0.1932923935958737, -0.6876814862332512, -0.11910583876088184, 0.4696377145684951, -0.15059483091844922, -0.07496433762474372]], "inverted": false, "swapped": false, "error_lsq": 0.03539065471089924, "error_max": 0.1666059740749427, "target": "942.xyz", "model": "8.xyz", "model_rescale": 4.121658175737393, "target_rescale": 3.779940679471377},
{"mapping": [8, 2, 11, 0, 10, 6, 7, 5, 4, 9, 12], "R": [[-0.09196921175583855, -0.9940367537247743, 0.05858836346342178], [-0.6357258838224679, 0.10390046809853809, 0.764890379967644], [-0.7664165086473228, 0.03310022618075231, -0.6414905379657843]], "T": [-0.051722879111078056, -0.028059877888448603, -0.0862302332464487], "aligned_model": [[0.04986854929910383, -0.22352432068412115, -0.499157766537221, -0.2214937240554364, -0.6939703652450936, 0.5529146870143561, 0.0354175175740758, -0.09428815248731598, 0.5107771308608449, 0.6742465155780231, -0.010709304006776312], [-0.5350457854919484, -0.6679126127167416, -0.040392223097372115, 0.037767353520145985, 0.3541436488112765, -0.3234131554794348, 0.3077062796269526, 0.5592970530495225, 0.2379691158501604, 0.35066500390021094, -0.06867715619226503], [-0.5992583113204797, 0.12214249353194757, -0.5364324204125116, 0.6790598287132216, 0.04763335899653222, -0.25164457706265453, -0.6649171512306917, 0.10063319136444175, 0.5469760767274288, -0.23698075206430536, -0.019918591793260818]], "inverted": false, "swapped": false, "error_lsq": 0.04149317010096505, "error_max": 0.2225525170047889, "target": "942.xyz", "model": "9.xyz", "model_rescale": 3.833441315466971, "target_rescale": 3.779940679471377},
{"mapping": [13, 9, 10, 7, 11, 5, 0, 12, 6, 1, 14], "R": [[0.6822356000955202, 0.47739251728127424, 0.5537607519553491], [-0.7117376857260935, 0.2603537845534834, 0.6524150316983376], [0.16728434678585374, -0.8392331567046948, 0.5174008658747139]], "T": [0.025753872752113487, -0.023186626685106355, 0.01605837611015963], "aligned_model": [[0.17358545705839756, -0.37118890043017816, -0.5558005467225856, -0.3254688039205082, -0.5715802025392193, 0.5780016322348416, 0.1946819364385728, -0.021692774127981353, 0.4427849015417984, 0.5327432596679951, 0.004014808109306701], [-0.47922330400870067, -0.6958331400196758, 0.16933644407060044, -0.10425939259751243, 0.2403479393309848, -0.31856025074352395, 0.129112127229077, 0.5774520191824928, 0.3710360190096648, 0.4247427448661411, -0.102043684539041], [-0.6210153347207025, 0.23490359412945566, -0.5321053475492129, 0.5764009631049796, 0.21374149641669832, -0.23930809746049936, -0.6258850486236692, 0.017504094251797955, 0.3792431702480027, -0.2804715086741369, 0.06428516432695462]], "inverted": true, "swapped": false, "error_lsq": 0.04018907445544601, "error_max": 0.16981178230646318, "target": "942.xyz", "model": "10.xyz", "model_rescale": 4.2482417240324, "target_rescale": 3.779940679471377},
{"mapping": [4, 6, 0, 2, 1, 5, 10, 8, 7, 9, 11], "R": [[-0.4137155266815504, -0.8420513660106269, 0.34610541744134016], [-0.2647903805340504, 0.47502511612706066, 0.8391884135431715], [-0.8710485160765961, 0.25553989130487914, -0.4194923677406424]], "T": [-0.04968476955489094, 0.06528766781096373, 0.024308475054854062], "aligned_model": [[0.23112145406100515, -0.22237962980532355, -0.5887338651689654, -0.24161824602758636, -0.7106957777850959, 0.4880361397675433, 0.01689349311511873, -0.09524784358494696, 0.5310117843236927, 0.628633368761882, 0.04305988965311541], [-0.5249453242643995, -0.5597364647060921, 0.04193963477164445, -0.17924823070040607, 0.27890986929954803, -0.4576337335186027, 0.37209587058528815, 0.6766696487651467, 0.26081979815347156, 0.2704914263326368, 0.03274502706227207], [-0.5575956923787442, 0.022449131793988303, -0.5074061267802801, 0.6959639085421592, 0.15305844898828966, 0.06425346260656856, -0.5382201234934547, -0.007217841004665659, 0.3126051018346509, -0.39650837686287965, -0.054088747795963496]], "inverted": true, "swapped": false, "error_lsq": 0.04828019625872786, "error_max": 0.29882950503650013, "target": "942.xyz", "model": "11.xyz", "model_rescale": 3.6694154284099745, "target_rescale": 3.779940679471377},
{"mapping": [5, 12, 0, 2, 1, 7, 6, 4, 8, 11, 13], "R": [[0.21063419363594932, -0.05554871815356699, 0.9759854386120878], [0.9775641922931488, 0.013214127270849363, -0.2102228265120457], [-0.0012191872609519927, 0.9983685325329348, 0.057085784837009684]], "T": [0.0943275432833716, -0.026297466430478575, -0.035467571714087466], "aligned_model": [[-0.002762289585702654, -0.29167992272082316, -0.4699305754926754, -0.1332902896671942, -0.6588925440387796, 0.5972384688435997, 0.2118203887888494, -0.16334541569838884, 0.3962829215905642, 0.6089156141925401, -0.014275588901549674], [-0.5228632501869283, -0.5705780638953908, 0.07119502680188948, -0.032347595194071405, 0.17996864460637707, -0.5296495372507615, 0.11519636407128832, 0.6566067324109802, 0.3416642874058706, 0.49029423972501385, 0.012620673286239115], [-0.6588188203953426, 0.09308345970436371, -0.46307235838527466, 0.5764695912831841, 0.2910095110860756, -0.2496698411293107, -0.5702850738946287, -0.15763610761667377, 0.5527712815896771, -0.15105639174618374, -0.07550210504621781]], "inverted": false, "swapped": false, "error_lsq": 0.043295122158917745, "error_max": 0.22933996915788152, "target": "942.xyz", "model": "12.xyz", "model_rescale": 3.9764082729961374, "target_rescale": 3.779940679471377},
{"mapping": [7, 4, 3, 6, 14, 9, 8, 11, 12, 1, 15], "R": [[-0.057240464431658644, 0.8968864520780568, 0.43854101439943244], [0.24340411311620058, 0.43854332438745963, -0.8651209108288338], [-0.9682344586667859, 0.057222763949590805, -0.24340827499533688]], "T": [0.13499130570114437, -0.02138361475387221, 0.0016399759841052575], "aligned_model": [[-0.07939630259699598, -0.1643988553924582, -0.5300224242181902, -0.3356808331597785, -0.5758086277029119, 0.6553042532994195, 0.06031361998631625, -0.23631247659616306, 0.5799020897779414, 0.665488475916017, 0.04069184799724275], [-0.4847281687137104, -0.673082026585561, 0.11515477692540177, -0.18004932600948892, 0.2847420921947986, -0.304577967925617, 0.3493189733904045, 0.6638318365850302, 0.29319363768807694, 0.21556524017090797, -0.06726154593973599], [-0.5554807260607495, 0.040607054853696284, -0.495911482590807, 0.5821154151467497, 0.20128602726745692, 0.10447246798373347, -0.5955665804500659, -0.15053750345207234, 0.3337680859153664, -0.2547787651500858, -0.022680848013554047]], "inverted": true, "swapped": false, "error_lsq": 0.044776456644916154, "error_max": 0.2546949675675104, "target": "942.xyz", "model": "13.xyz", "model_rescale": 4.170626492500431, "target_rescale": 3.779940679471377},
{"mapping": [2, 4, 6, 12, 5, 0, 3, 11, 10, 1, 13], "R": [[-0.47037176452062185, 0.8820614843716797, 0.02679441975086988], [0.5114349314599346, 0.29722242194478143, -0.8062835374580399], [-0.719155556207646, -0.36554940798927227, -0.5909220898683376]], "T": [0.15038915999648567, -0.029425714581911976, -0.03067534947028637], "aligned_model": [[0.060031988097674335, -0.18417470879306785, -0.5720283631383043, -0.24755522663106577, -0.7072841903047706, 0.6050393982387725, 0.12413600041554029, -0.18623741552954493, 0.2929551516948844, 0.82679335061637, 0.06840478264395122], [-0.46060828426147477, -0.6252927676082655, 0.11478947006232385, -0.025069674075966573, 0.18903647769551293, -0.3701184112447173, 0.30541818454777947, 0.5919636778765005, 0.24019114959520868, 0.221103717249878, 0.030693981943727376], [-0.5193974999068323, 0.1592525405597875, -0.4366361478436164, 0.58359447011139, 0.1788253022818903, -0.21255457817642498, -0.632891207163793, -0.04542061043536015, 0.4439929447491372, -0.29624425689968775, -0.03522781182682164]], "inverted": true, "swapped": false, "error_lsq": 0.0407832159610829, "error_max": 0.23266912712262058, "target": "942.xyz", "model": "14.xyz", "model_rescale": 3.9786697098870705, "target_rescale": 3.779940679471377},
{"mapping": [5, 4, 7, 1, 6, 2, 8, 9, 0, 3, 11], "R": [[0.6794308298778344, -0.3065138449489579, -0.6666505908391019], [0.04788323235568695, -0.888106641013795, 0.4571365116093508], [-0.7321754867999125, -0.3425140245914042, -0.5887301584660924]], "T": [-0.09612963002670591, -0.01844049354074616, -0.04270486240268284], "aligned_model": [[-0.010377748809811904, 0.04966919606138587, -0.6431561122059908, -0.40191672049914273, -0.6489498759769962, 0.7004532977183829, 0.13190776590785894, 0.009871543778704028, 0.3906789126477226, 0.6405932980514658, -0.13869278936313922], [-0.5175604848129538, -0.6007429123233982, -0.029638701256742825, -0.08491798052020354, 0.501733524340195, -0.3252382902331284, 0.027343140074082076, 0.59457871891076, 0.07624294277758854, 0.5036700944467457, 0.06663747037756237], [-0.6657501552266818, 0.07804829690321269, -0.41353182114382186, 0.559580029087748, 0.1834907555764797, -0.20138116005546874, -0.5097497542175922, -0.06233810885952633, 0.4450020944319459, -0.21530003457716268, -0.010776996469464076]], "inverted": false, "swapped": false, "error_lsq": 0.0556654004679602, "error_max": 0.32740968973689794, "target": "942.xyz", "model": "15.xyz", "model_rescale": 3.769337070930944, "target_rescale": 3.779940679471377},
{"mapping": [6, 8, 2, 9, 3, 7, 4, 0, 1, 5, 10], "R": [[-0.49684660612807735, 0.8668497468952698, 0.04141215143672172], [0.5178322988892272, 0.2578338449191312, 0.8157030211059143], [0.6964145031560653, 0.42672382722531943, -0.5769866680193457]], "T": [0.0567845064904379, 0.010643996715602615, -0.04224119864150094], "aligned_model": [[0.020477041177140116, -0.3289615924139676, -0.6178758871416895, -0.30737467442218436, -0.5234891427455993, 0.6530548353730673, 0.10464363399519773, -0.05666399915708539, 0.4829380875665513, 0.6508651634710064, 0.00246730160800291], [-0.38309736429296987, -0.6317302974557425, 0.05656237783260528, -0.2705379901613614, 0.18769036854815338, -0.29487334740916643, 0.260539558254312, 0.6295523465360936, 0.4707526149874194, 0.15487244888402224, 0.03237680605714112], [-0.6547413521868624, -0.04923584763416977, -0.3409897781615269, 0.6279113691557572, 0.2914959927830046, 0.2072730280397982, -0.7793261576355235, -0.18904721251924658, 0.4555756664087045, -0.31849696438224306, -0.06312559841802393]], "inverted": true, "swapped": false, "error_lsq": 0.057539641247236206, "error_max": 0.35795598221052577, "target": "942.xyz", "model": "16.xyz", "model_rescale": 3.7852294659196426, "target_rescale": 3.779940679471377},
{"mapping": [6, 11, 7, 8, 2, 10, 5, 1, 0, 4, 12], "R": [[0.4260464128767441, -0.36228135949507867, 0.8289973888000232], [0.49955171206979276, 0.858169164092535, 0.11829527788064459], [-0.754276170273858, 0.36372778607513295, 0.546598167389797]], "T": [0.0032155877680508727, 0.08495527536653519, 0.05865259338869369], "aligned_model": [[0.04998161121036066, -0.4100842633384334, -0.44860298982008273, -0.145592266696627, -0.5896740647746783, 0.5456101892038814, 0.1500142589609855, -0.20963372438222946, 0.5199240003621827, 0.5833579882620146, 0.03478002832306571], [-0.4521444699253389, -0.5183708886094374, -0.07941732185895106, -0.14678249521384593, 0.2232305718834853, -0.459370118598539, 0.29594223349712856, 0.6812783726269851, 0.26271674614798307, 0.4056020281219484, -0.0005771362909114675], [-0.6461381830554807, 0.1144454905232708, -0.45151270080918215, 0.648872670468865, 0.11737927651638558, -0.18377891672740776, -0.5464454682469149, -0.21217592844371255, 0.4675051726868932, -0.19116161794866146, 0.0703033504856133]], "inverted": true, "swapped": false, "error_lsq": 0.04365183497115032, "error_max": 0.19606573953751774, "target": "942.xyz", "model": "17.xyz", "model_rescale": 3.901054581598922, "target_rescale": 3.779940679471377},
{"mapping": [11, 6, 10, 1, 4, 12, 9, 5, 3, 13, 14], "R": [[-0.3241051702837204, -0.8891935565158794, 0.32294064105652953], [0.9455810354748478, -0.3149049950060529, 0.08192282630959917], [0.028850371673092817, 0.33191815733834057, 0.9428669009374787]], "T": [-0.012304373122875256, 0.10337777259965925, 0.07320889796412428], "aligned_model": [[0.026958440748661484, -0.29083526595552694, -0.5607346173915364, -0.3032919029709944, -0.7983204304095638, 0.5850530310105807, 0.1303870957174665, 0.010553009155722107, 0.699731854267052, 0.5602868739769109, 0.020292679161667427], [-0.49944940910497354, -0.5933197089930904, 0.0651204515842018, -0.17307864659851413, 0.1471115434178324, -0.2833024229099208, 0.21936325571300264, 0.6580429636799394, 0.12752356402924608, 0.462186296824991, 0.08190963413779252], [-0.44812478536318084, 0.10075714927535918, -0.5352435592492537, 0.6429313349392272, 0.1496293460609567, -0.14037401849883385, -0.5595439240457376, -0.2129905305378676, 0.3485764362712635, -0.19305770713033715, 0.0347334037280732]], "inverted": true, "swapped": false, "error_lsq": 0.04357866625140008, "error_max": 0.26927555999041825, "target": "942.xyz", "model": "18.xyz", "model_rescale": 3.9405287249114394, "target_rescale": 3.779940679471377},
{"mapping": [8, 2, 9, 10, 11, 0, 7, 13, 12, 4, 15], "R": [[0.8293983842968802, 0.5557198038492385, 0.05721730276314202], [0.3402031979358569, -0.42118033162911683, -0.8407549657082043], [-0.44312538207593266, 0.7167863195252484, -0.5383839409766116]], "T": [0.08831646631157929, 0.021063235934134457, 0.03909959113084477], "aligned_model": [[0.11807304253266787, -0.312429380890732, -0.44797681995190375, -0.41393712730293397, -0.6089203173939041, 0.613041529849701, 0.08877603387286483, -0.1655608434238402, 0.46363835879041315, 0.6809866046776396, 0.06438968655046742], [-0.42435587444319023, -0.7000968850983633, 0.15985468536884034, -0.14208138265146722, 0.1877264974971063, -0.33107223301893424, 0.27137606485420773, 0.6413586706110277, 0.2995313494112757, 0.2546452966023417, -0.004778667352337132], [-0.5716282679178712, 0.3123323285462975, -0.4920654412546301, 0.6213617297543279, 0.11188301364615268, -0.2317111862692947, -0.6189040755892043, -0.006832213672332776, 0.32498077101504347, -0.3198524344090974, 0.057728921600277566]], "inverted": true, "swapped": false, "error_lsq": 0.04335164995515002, "error_max": 0.2094420917868159, "target": "942.xyz", "model": "19.xyz", "model_rescale": 4.410303926677745, "target_rescale": 3.779940679471377},
{"mapping": [5, 10, 3, 11, 6, 8, 1, 2, 12, 7, 13], "R": [[0.8486327053710011, -0.4256429526527947, 0.31408694374600593], [0.48407848685779387, 0.3854804177712842, -0.7855398564530924], [0.2132851376354305, 0.8186775460288911, 0.5331758862626371]], "T": [-0.06736660692290465, 0.1143683451430029, -0.069602393428025], "aligned_model": [[-0.01907177100612635, -0.20061059992838925, -0.6689831329732593, -0.27184180916204886, -0.5950167856126034, 0.5348467377844259, 0.3063256266934917, -0.016659099511435085, 0.4515433169861448, 0.5831495578655287, -0.02360127382528894], [-0.5769896379827318, -0.6874324124572881, -0.0503691775422071, -0.07137655889210875, 0.19522518078499074, -0.34725645133371186, 0.31796657879018386, 0.772841492162974, 0.2174582771692459, 0.3920770223211213, 0.04996320876003879], [-0.5373228986022887, 0.05079526621195944, -0.439577797887632, 0.7119486585115962, 0.1574510897807383, -0.1932923935958737, -0.6876814862332512, -0.11910583876088184, 0.4696377145684951, -0.15059483091844922, -0.07496433762474372]], "inverted": false, "swapped": false, "error_lsq": 0.03539065471089924, "error_max": 0.1666059740749427, "target": "942.xyz", "model": "20.xyz", "model_rescale": 4.121658175737393, "target_rescale": 3.779940679471377},
{"mapping": [9, 10, 11, 2, 4, 8, 7, 3, 1, 5, 12], "R": [[-0.8391338414781985, -0.45718326484652716, 0.29468264019163387], [0.5376378768351305, -0.6150265253741606, 0.576791024963461], [-0.08246156364182532, 0.6424374175205373, 0.7618886106848481]], "T": [0.09017571879295906, -0.025469994256377297, -0.019383423046768863], "aligned_model": [[0.034194557050231375, -0.35785005027511496, -0.5903645188772069, -0.22914968436423255, -0.4606160700673724, 0.6396485598030718, 0.004328942458932922, -0.13744335198297336, 0.3998478321711421, 0.6641775913607199, 0.11330696003324162], [-0.5011407194082561, -0.6549673726962241, 0.02963614598815157, 0.10001160510388715, 0.03803563762582415, -0.3909959746771159, 0.34885371519987557, 0.6309032732317086, 0.2838241169772987, 0.2591889349585244, 0.06875815947683295], [-0.5609241379926185, 0.08868601044538117, -0.5747187283895527, 0.6577408560406119, 0.12801753342976097, -0.15419238898087861, -0.5844764695702156, -0.021479918716777555, 0.5198894215741174, -0.25045629963265004, -0.06079273275751053]], "inverted": false, "swapped": false, "error_lsq": 0.04679194563865994, "error_max": 0.32427848782530116, "target": "942.xyz", "model": "21.xyz", "model_rescale": 4.08911054899281, "target_rescale": 3.779940679471377},
{"mapping": [0, 6, 1, 5, 11, 13, 2, 15, 14, 3, 16], "R": [[-0.9560709018749023, 0.2843730502257979, -0.07113648074923799], [0.07164943938335755, -0.008612145707099395, -0.9973926953724748], [-0.2842442407933034, -0.9586750227535896, -0.012141347711149164]], "T": [0.027025988717596844, -0.06627135689509628, 0.04296315502388216], "aligned_model": [[0.004126699701927153, -0.2853299363886326, -0.5403860875544154, -0.33752028204236784, -0.6256361150905722, 0.6377770413722377, 0.06622264378047496, -0.11986748084367618, 0.44640061901542105, 0.7825929840573302, 0.05170068130271198], [-0.5870178534195234, -0.7429243700942454, 0.08032334255871787, -0.13380891787145524, 0.30768964810169963, -0.2757364120368806, 0.3619913097125665, 0.6441590826537267, 0.3828454094946156, 0.2674719382413185, -0.09288565556003309], [-0.5300796942460358, 0.031190120966657603, -0.4923422821414519, 0.6431912352405068, 0.1846613386852422, -0.09788253494899328, -0.5369579947846314, -0.02927199609308455, 0.22800811052733744, -0.225388762799063, 0.012165605043184147]], "inverted": true, "swapped": false, "error_lsq": 0.04039842302586982, "error_max": 0.24460268299615798, "target": "942.xyz", "model": "22.xyz", "model_rescale": 4.204369325754507, "target_rescale": 3.779940679471377},
{"mapping": [8, 2, 9, 10, 11, 0, 7, 13, 12, 4, 15], "R": [[0.8293983842968802, 0.5557198038492385, 0.05721730276314202], [0.3402031979358569, -0.42118033162911683, -0.8407549657082043], [-0.44312538207593266, 0.7167863195252484, -0.5383839409766116]], "T": [0.08831646631157929, 0.021063235934134457, 0.03909959113084477], "aligned_model": [[0.11807304253266787, -0.312429380890732, -0.44797681995190375, -0.41393712730293397, -0.6089203173939041, 0.613041529849701, 0.08877603387286483, -0.1655608434238402, 0.46363835879041315, 0.6809866046776396, 0.06438968655046742], [-0.42435587444319023, -0.7000968850983633, 0.15985468536884034, -0.14208138265146722, 0.1877264974971063, -0.33107223301893424, 0.27137606485420773, 0.6413586706110277, 0.2995313494112757, 0.2546452966023417, -0.004778667352337132], [-0.5716282679178712, 0.3123323285462975, -0.4920654412546301, 0.6213617297543279, 0.11188301364615268, -0.2317111862692947, -0.6189040755892043, -0.006832213672332776, 0.32498077101504347, -0.3198524344090974, 0.057728921600277566]], "inverted": true, "swapped": false, "error_lsq": 0.04335164995515002, "error_max": 0.2094420917868159, "target": "942.xyz", "model": "23.xyz", "model_rescale": 4.410303926677745, "target_rescale": 3.779940679471377},
{"mapping": [3, 4, 10, 15, 9, 0, 1, 11, 13, 7, 16], "R": [[0.3093689488723588, -0.670098616217907, 0.6747286106402031], [-0.8127626590459798, -0.5546706823988207, -0.17820576350874748], [0.4936676144270767, -0.49326288997863343, -0.7162290191243345]], "T": [0.01835028448628366, 0.019114069273850898, 0.09668634713849503], "aligned_model": [[0.025045541573761584, -0.26958279058787454, -0.48090727391721444, -0.3671271882616768, -0.5566594477947416, 0.6000120178736307, 0.1969150920241146, -0.1354231027505487, 0.49054261703148044, 0.5434196876609975, 0.03384561445851049], [-0.5188634074852077, -0.5883158701473257, 0.0269168194636184, -0.05280171165220145, 0.24022164567277118, -0.36369960978040533, 0.20270627792047724, 0.5981957706125223, 0.37227265189694586, 0.33237898731021315, -0.03690403203090138], [-0.6242757827036701, -0.05166386676184084, -0.32100367398011975, 0.6929660040884792, 0.2102435180678716, -0.19573308813888105, -0.7223031888163721, -0.10761640654628515, 0.4794395841389286, -0.16426979795051996, -0.008490155947922462]], "inverted": true, "swapped": false, "error_lsq": 0.03852120056840875, "error_max": 0.2338106405401969, "target": "942.xyz", "model": "24.xyz", "model_rescale": 4.28219845311461, "target_rescale": 3.779940679471377},
{"mapping": [1, 9, 4, 12, 13, 8, 0, 2, 14, 6, 15], "R": [[0.9400818374545261, -0.3131408108786635, -0.13486649491395195], [-0.2822031816182814, -0.9366206085118234, 0.2076131016951021], [-0.19133087354800113, -0.15711355216274198, -0.9688693557720587]], "T": [-0.06508082302962044, -0.12657507371887552, -0.030663061506207165], "aligned_model": [[0.11599582640048366, -0.39610163786847613, -0.48551035369838513, -0.2044301692485389, -0.485693428066755, 0.5694796153268614, 0.12800444697472563, -0.06478918042329544, 0.28866017817094464, 0.667633988988622, -0.05316851924574697], [-0.43394502472008034, -0.6544613235592317, 0.08608826582050291, -0.09060004641265063, 0.18373370448192825, -0.3424749001339001, 0.3199554351622268, 0.5567867361252397, 0.33035454145820187, 0.3408615651249761, -0.08419143156670642], [-0.5622760401846394, 0.2313197838325184, -0.5898248330744297, 0.7201414785384708, 0.2516664544718503, -0.21140146903381524, -0.685554468673486, -0.07304909905496502, 0.4655498522096479, -0.26905166835740646, -0.09022684522407733]], "inverted": true, "swapped": false, "error_lsq": 0.04259546298720865, "error_max": 0.21395101747370085, "target": "942.xyz", "model": "25.xyz", "model_rescale": 4.100010024507729, "target_rescale": 3.779940679471377},
{"mapping": [4, 6, 0, 2, 1, 5, 10, 8, 7, 9, 11], "R": [[-0.4137155266815504, -0.8420513660106269, 0.34610541744134016], [-0.2647903805340504, 0.47502511612706066, 0.8391884135431715], [-0.8710485160765961, 0.25553989130487914, -0.4194923677406424]], "T": [-0.04968476955489094, 0.06528766781096373, 0.024308475054854062], "aligned_model": [[0.23112145406100515, -0.22237962980532355, -0.5887338651689654, -0.24161824602758636, -0.7106957777850959, 0.4880361397675433, 0.01689349311511873, -0.09524784358494696, 0.5310117843236927, 0.628633368761882, 0.04305988965311541], [-0.5249453242643995, -0.5597364647060921, 0.04193963477164445, -0.17924823070040607, 0.27890986929954803, -0.4576337335186027, 0.37209587058528815, 0.6766696487651467, 0.26081979815347156, 0.2704914263326368, 0.03274502706227207], [-0.5575956923787442, 0.022449131793988303, -0.5074061267802801, 0.6959639085421592, 0.15305844898828966, 0.06425346260656856, -0.5382201234934547, -0.007217841004665659, 0.3126051018346509, -0.39650837686287965, -0.054088747795963496]], "inverted": true, "swapped": false, "error_lsq": 0.04828019625872786, "error_max": 0.29882950503650013, "target": "942.xyz", "model": "26.xyz", "model_rescale": 3.6694154284099745, "target_rescale": 3.779940679471377},
{"mapping": [5, 0, 8, 2, 10, 1, 7, 9, 12, 3, 13], "R": [[0.6926371743247336, -0.5229252499681752, -0.49679264053442873], [0.7023605478590941, 0.3322368190953576, 0.6295302668247748], [-0.16414446550073547, -0.7849636163435348, 0.5974016366418475]], "T": [-0.0788435796542086, 0.02703980820338088, -0.03652585093270274], "aligned_model": [[-0.018324425648436532, -0.13612763311568113, -0.541216340743257, -0.13194538205041395, -0.6043964152498802, 0.5463976042490687, 0.21740801754529462, -0.10217830679805345, 0.34281586263968356, 0.5917385203116763, -0.08409073382956138], [-0.5359009297745548, -0.6220423919567917, 0.15268962371861045, -0.2069795624616233, 0.2552667161459472, -0.5780884077318665, 0.15747050218191516, 0.7030081659137092, 0.43851430495480664, 0.442641901337461, 0.005527599452893828], [-0.5891682825685961, 0.07457850446074907, -0.4593505735943841, 0.5995124961338186, 0.14677012660352415, -0.18665898493716485, -0.57629557029779, -0.12246655929536943, 0.4950988913479912, -0.21095568703151346, 0.01622878462840313]], "inverted": false, "swapped": false, "error_lsq": 0.046795372129625395, "error_max": 0.27180168577591635, "target": "942.xyz", "model": "27.xyz", "model_rescale": 4.103607728864725, "target_rescale": 3.779940679471377},
{"mapping": [3, 10, 12, 11, 13, 0, 2, 4, 7, 1, 14], "R": [[0.42936998342750043, -0.8047049501983552, 0.4099894638374639], [-0.9023904375325704, -0.40061578153513105, 0.15874033461843512], [0.0365091164128169, -0.43812890650042624, -0.8981704435726531]], "T": [-0.014534290724589411, -0.15512543431666562, 0.10732048345037373], "aligned_model": [[0.033167348725347115, -0.24648763931661408, -0.5655223810525126, -0.31807441162127265, -0.5112948071619274, 0.5493146491182468, 0.023389526238234964, -0.09355432980919552, 0.41938801893168576, 0.6953385619983645, 0.09441623126008244], [-0.4161519376094377, -0.6087084640623553, -0.0587799668830801, -0.038476992264118035, 0.2602406211571794, -0.24966156422437952, 0.20037308330125228, 0.6967357014761493, 0.2012181296127826, 0.31718118872332723, -0.09186227744681272], [-0.5949049580848541, 0.1226617842237673, -0.5441572923382777, 0.7125623932947168, 0.1312487559059703, -0.32026463575026953, -0.5357217346897064, -0.19217530263577529, 0.5598820142856917, -0.16812065159376335, 0.016282772832169085]], "inverted": true, "swapped": false, "error_lsq": 0.04399557835180374, "error_max": 0.21832740512574003, "target": "942.xyz", "model": "28.xyz", "model_rescale": 4.137296879288765, "target_rescale": 3.779940679471377},
{"mapping": [1, 7, 2, 8, 3, 0, 5, 4, 9, 6, 10], "R": [[0.8359668584167566, 0.06741869451662685, 0.5446229257555107], [0.16592382210863252, 0.9149249590211066, -0.36794239306865606], [-0.5230953038268281, 0.3979535638612881, 0.753660576204181]], "T": [0.0005657794687943651, 0.016170107609729294, -0.047119332680974374], "aligned_model": [[-0.02374492431790974, -0.13227333400735827, -0.5326263978036995, -0.28477525316014646, -0.6363684911493764, 0.5712494634489498, 0.11254094082457565, -0.061382464096746345, 0.5250070574196237, 0.5132458680945301, 0.029208302057996724], [-0.559397939987787, -0.6375698889357938, 0.020027556893679726, -0.013373938846385273, 0.20734390547206724, -0.3451918240082677, 0.162849135180762, 0.7862780946487457, 0.013474024729507744, 0.4951759892281041, 0.0824924074058741], [-0.53197949618796, 0.2155401646371309, -0.619666534443929, 0.6132302129333435, 0.10662083411221232, -0.23220858029771313, -0.6945333992116957, 0.005092411171124689, 0.5323185788913355, -0.20158717742122234, -0.005533868732958157]], "inverted": false, "swapped": false, "error_lsq": 0.04724115818304708, "error_max": 0.27721298305204817, "target": "942.xyz", "model": "29.xyz", "model_rescale": 3.607286011436655, "target_rescale": 3.779940679471377},
{"mapping": [2, 7, 13, 5, 12, 3, 1, 11, 8, 9, 14], "R": [[-0.6662079401870281, -0.6425481286280678, -0.37854838901826726], [-0.3358721692563261, -0.19468902097314345, 0.9215671820499951], [-0.6658504834801933, 0.7410992426855443, -0.08611066217435487]], "T": [0.03886192666495096, -0.007334627629601773, 0.013120969728821735], "aligned_model": [[-0.0986163787987059, -0.42721698887014675, -0.5653128200995713, -0.29192189987825695, -0.6031877438589829, 0.7788228580286604, 0.15151506425719852, -0.11371871595773518, 0.50652030301024, 0.6192926907437891, 0.12390439873395075], [-0.5045034065720798, -0.6254293699054689, 0.0644196872194445, -0.25708559352364835, 0.2518584731686583, -0.2838679888676715, 0.1523809945664385, 0.5498584450222306, 0.3149715394098178, 0.43933709883700867, 0.11016764242577726], [-0.6066067640889746, 0.017398656253986552, -0.39396466748304637, 0.6524235152546095, 0.18221583981626147, 0.06250271173434814, -0.6938063599681911, -0.0907351338126394, 0.3906965926276388, -0.26641758717162445, -0.06641365771270015]], "inverted": false, "swapped": false, "error_lsq": 0.045205745727491434, "error_max": 0.2490356732908512, "target": "942.xyz", "model": "30.xyz", "model_rescale": 3.964800864290218, "target_rescale": 3.779940679471377},
