[{"mapping": [4, 0, 8, 14, 6, 1, 15, 2, 9, 12, 13, 16], "R": [[-0.9487745756627011, 0.28794836072102126, 0.13004824540968696], [0.08697717260306984, -0.15766975866143473, 0.9836540136905969], [0.30374623622694874, 0.9445771481259335, 0.12454812409764004]], "T": [-0.014795979831334615, -0.03382622194819501, -0.05969573843752632], "aligned_model": [[-0.26656126403414204, 0.029062457286212554, 0.4537422691707333, -0.19359098907984837, -0.14183788738186176, -0.6705760212565345, 0.4141736595262781, -0.2494481173281914, 0.7882166104553804, 0.2186531831116762, -0.5612581506129458, 0.017066712603792167], [-0.3121954864706028, -0.6808683266670437, -0.2737510939533314, 0.6564707014471103, 0.33029863938141385, -0.47424482160562487, -0.11520127326401508, -0.5977195804521296, 0.1880998822366624, 0.3936379293680479, 0.04949470844698642, -0.11046624249041617], [-0.5677183640176786, -0.2246212134793237, -0.3322057144049123, -0.09549196624311357, -0.7078639328957586, 0.01990008795145902, 0.5264912017027321, 0.6215639662666035, 0.11592946787285749, 0.3321493266831398, 0.4786269680972386, 0.015191917820318965]], "inverted": false, "swapped": true, "error_lsq": 0.04593754447915068, "error_max": 0.26558626260820417, "target": "943.xyz", "model": "0.xyz", "model_rescale": 3.751011558992144, "target_rescale": 4.268675119373296},
{"mapping": [5, 4, 14, 13, 8, 12, 0, 1, 10, 15, 7, 3, 2, 11, 16], "R": [[-0.47621100802657546, -0.20015730313804042, 0.8562477035500998], [-0.5562881532755399, -0.6855517151121185, -0.46964064606049816], [0.68100408688906, -0.6999684992250289, 0.2151221367806167]], "T": [-0.09523469129931693, -0.04607514298017891, -0.11626220774556209], "aligned_model": [[0.09651003676976135, 0.14839827451208082, -0.5875724077435875, 0.2339011987115608, -0.1942642323934577, -0.4800935359107388, 0.3837360041843281, 0.6209593398872963, -0.6426523062026588, -0.11125433804057924, 0.041493952948847626, 0.48282987448694337, 0.6474616818548081, -0.06982390082280003, -0.03054343115276993], [-0.07173628332099216, -0.5347775447967871, 0.24843131969479842, 0.6056535018296473, -0.5072216061724503, 0.40587689527142845, -0.46247736813496876, 0.023020935300428688, -0.2889217592210279, 0.3185893600338314, -0.35376392635452136, 0.04405175602575527, 0.3864050203940595, 0.7555840604812142, -0.019957011203309356], [-0.7310780847300146, -0.4337132028462847, -0.5412661890391762, -0.3658097129410236, 0.24275145698364184, 0.07967066913656382, 0.09583145047459049, -0.45188601931634775, -0.04417786311888121, 0.5169953626143047, 0.6755540604070048, 0.5378178015284669, 0.19760900189582833, 0.10028018761203181, -0.028912513808727835]], "inverted": true, "swapped": true, "error_lsq": 0.04019952301198068, "error_max": 0.2373189463048102, "target": "943.xyz", "model": "1.xyz", "model_rescale": 3.9405287249114394, "target_rescale": 4.268675119373296},
{"mapping": [2, 1, 13, 8, 4, 11, 3, 0, 10, 12, 9, 15, 16], "R": [[0.3603677299311718, 0.696392718230786, 0.6206224949350382], [-0.5931087048651672, -0.3424579451374555, 0.7286594678074223], [0.7199702517725427, -0.6306819624877258, 0.2896257909013162]], "T": [0.05255951847779243, -0.18108280398991092, -0.17507860778570145], "aligned_model": [[-0.23703469301125446, 0.1798613708040805, -0.47956660164180814, 0.4387812239085718, 0.614435638872823, -0.7424306183350787, 0.02161639075756204, 0.53874932709813, 0.1594848259352688, -0.4916312935510357, -0.165114809519253, -0.3731876077587056, 0.03202012572463103], [0.6368648953345352, 0.5350113276250621, 0.286663879564084, -0.38290816562493835, -0.049937728046792945, 0.020449537714928634, 0.39765568711121635, 0.19163635892828426, -0.7693333318697526, -0.4571813845443933, -0.7169559150525701, -0.12027821643864968, -0.11285435112899717], [0.11517797610539976, -0.49344150495697586, -0.4807082042237487, 0.22673358670493493, -0.4320968722096935, -0.04252977387375234, 0.48386481955755517, 0.09415615165377622, -0.0952978335317278, -0.03945928276919827, 0.44972738189451483, 0.4159325307661334, -0.08893862552857407]], "inverted": true, "swapped": true, "error_lsq": 0.04411512464389858, "error_max": 0.23139043731859876, "target": "943.xyz", "model": "2.xyz", "model_rescale": 3.932901565614263, "target_rescale": 4.268675119373296},
{"mapping": [15, 7, 3, 12, 2, 1, 0, 13, 14, 5, 8, 10, 4, 16], "R": [[0.8380250457368943, 0.4116197027937618, 0.35816650176929093], [0.4134850673987279, -0.05078474207768853, -0.90909350949744], [-0.35601140677785276, 0.9099396299997479, -0.21275748635471428]], "T": [0.04755143352223376, 0.01921761710431344, 0.14349587246256876], "aligned_model": [[-0.056155931780740506, 0.5904330654009137, 0.0991302158510049, -0.2289677549526292, -0.36578748868026645, -0.2616609005297883, 0.4217743777619043, -0.6970821922530261, -0.28917632042294217, -0.18354693341009917, 0.616648924585383, 0.3917442085719106, 0.33873836733933405, 0.043718274571745694], [0.19617149189498215, -0.08779332027758194, -0.4383008178747966, 0.5192212624875187, -0.5592143112521728, -0.6968052702199543, -0.5137771960107129, -0.17774917498018503, 0.5109819781350012, -0.24653283370585535, 0.051571251353898895, 0.5000422858758664, -0.36777110408527014, -0.02654760299024999], [-0.5580624557160192, -0.515418617538047, -0.603577530585448, -0.11007889049194233, -0.43245514134027296, 0.2919898404623277, -0.010326028774622714, 0.09789473115101777, 0.5366130313979502, 0.6833044868375509, -0.01909259577187608, 0.262557404330257, 0.5489734835683667, 0.041574645527855975]], "inverted": true, "swapped": true, "error_lsq": 0.03978980830679878, "error_max": 0.26007431488988025, "target": "943.xyz", "model": "3.xyz", "model_rescale": 3.9243930471874484, "target_rescale": 4.268675119373296},
{"mapping": [4, 8, 6, 5, 14, 0, 1, 10, 12, 15, 13, 2, 16], "R": [[-0.3338323226584753, 0.5041675838283262, -0.7964741224705016], [0.4409595817589555, -0.6632695373081644, -0.6046719508410995], [-0.8331330191532533, -0.553071937722139, -0.0008967167131650466]], "T": [0.023221083228001173, -0.010062559159490052, -0.15173246937659826], "aligned_model": [[0.0051584924069396874, -0.28356639768527975, 0.5721882549614327, 0.36017782180623614, 0.7128872404889554, -0.524187247342837, -0.15658044657511677, 0.258586239663325, 0.21285837754247613, -0.3646430156498177, 0.1449779326164231, -0.583452700878814, -0.07719866504257039], [-0.5975549457473721, 0.04912472359973869, -0.301016276168713, -0.5268990137687913, 0.1585148890754119, -0.3659165989440126, -0.6150413875044431, 0.2415601681523305, 0.5662230617715536, 0.5811805322878415, -0.042673928432873466, -0.03942737395467499, 0.01975570331559188], [-0.38300856493323765, -0.6554506734359837, -0.5793181895978686, 0.03471680783209455, -0.07622681937722811, -0.2983594863067577, 0.329955737214782, -0.6468344014094762, -0.0010697762109238562, 0.03332164939883367, 0.6094944259242079, 0.5325458058739105, -0.11269619960138892]], "inverted": true, "swapped": true, "error_lsq": 0.034784078509556865, "error_max": 0.2321606105185614, "target": "943.xyz", "model": "4.xyz", "model_rescale": 3.8936222436046832, "target_rescale": 4.268675119373296},
{"mapping": [9, 7, 15, 12, 2, 0, 4, 5, 14, 10, 13, 16], "R": [[-0.1339629275128652, 0.30244692950584884, -0.9437053506707838], [-0.9535636126598027, -0.29856713688856185, 0.039674946519843046], [-0.2697598388629568, 0.9051980554567332, 0.328399314454188]], "T": [-0.03086885364567893, -0.03380906542101127, 0.08835549866613146], "aligned_model": [[0.09247916975986223, -0.6370223895903856, -0.2251845760756961, 0.32000720396044224, -0.6531495319379951, -0.6528897845547368, -0.2180132358155771, 0.11791530682309201, 0.6717963347259603, 0.2978404628432527, 0.032788196727459404, -0.11901911465058128], [-0.5965866130476122, -0.5213183862634596, -0.054778108400714745, -0.005434771359580794, 0.5473888442415915, -0.16136403821956108, -0.11340433532889971, 0.3183612331223145, 0.0910310290899807, -0.5388319283722434, 0.7212381372215235, -0.01737815757353161], [-0.5385347038243427, -0.2794116355871153, -0.6159552839513629, -0.4282173994170225, -0.2464995115668419, 0.29955954817405195, 0.6863553039272667, 0.607260549591197, 0.10922297478196144, 0.06117517460124902, -0.05726771249080842, 0.02159741503728556]], "inverted": true, "swapped": true, "error_lsq": 0.04303359888706949, "error_max": 0.22473156246004364, "target": "943.xyz", "model": "5.xyz", "model_rescale": 3.6523030999806103, "target_rescale": 4.268675119373296},
{"mapping": [9, 7, 3, 15, 2, 10, 0, 12, 4, 5, 1, 13, 16], "R": [[0.34992454145784063, 0.8940278491073235, 0.2797624354806293], [0.3530209176284698, 0.15077627763877027, -0.9233865635897839], [-0.867714841985703, 0.4218776115438335, -0.2628502118618077]], "T": [-0.04667770643469299, -0.1899094812993314, -0.09201093158898498], "aligned_model": [[0.13230204635325044, -0.06191537518060318, 0.3133295182111722, 0.5012953676501439, 0.5408859065117695, -0.3091516672983775, -0.31744899187496506, 0.40100291936091914, -0.5836142608999595, -0.2516742226593045, -0.01570852542353149, 0.5184842881237859, 0.013295901789994749], [-0.696823427118739, 0.037005312323131256, 0.41140315985856746, -0.21420208959895826, 0.5066728300091221, -0.6941547967910682, 0.353050642574007, -0.6185391256910493, 0.09622843647315557, -0.036056587809125434, 0.487706842072116, 0.032396684443863594, -0.12386097658183955], [0.5682383611747244, 0.7378189316780869, 0.436117901614137, 0.39109087809326665, -0.010192749234929119, 0.10968378460239074, 0.19023838190464565, -0.010614662420146873, -0.26167655083346164, -0.6833896706035874, -0.5045985336354519, -0.567958939765745, -0.024647393092140202]], "inverted": false, "swapped": true, "error_lsq": 0.046495053418741814, "error_max": 0.251653011035385, "target": "943.xyz", "model": "6.xyz", "model_rescale": 4.08911054899281, "target_rescale": 4.268675119373296},
{"mapping": [7, 3, 0, 9, 10, 6, 8, 4, 12, 15, 14, 13, 5, 1, 16], "R": [[-0.2971158591652128, 0.2383736375558948, 0.9246081197733927], [-0.2762847983390463, 0.905451783309901, -0.32221697395958726], [-0.9139961030766327, -0.35119094096985426, -0.20316507214931992]], "T": [-0.009757054475310358, 0.022448766234353136, 0.01179768542767682], "aligned_model": [[0.10951091197424148, 0.351752758923489, 0.5582802114651348, -0.61948207924139, -0.40175530341137755, -0.09593359549829741, 0.04080503297607052, 0.47133060676660304, -0.5793134328109444, -0.2894474429431721, -0.5006705243995053, 0.04239086314208676, 0.2758179052427988, 0.6516896634642982, 0.021357964149518117], [-0.6306331121756878, -0.7771524694846994, -0.19105069021713209, -0.3848264041147509, 0.21309082913779817, 0.7336442262302024, -0.11969344748252689, 0.38035135790553315, -0.16957005549263526, -0.6518593667864088, 0.4685415286289642, -0.0680542307643692, 0.5160834462996381, 0.06659604639726474, -0.08470884191207739], [-0.5355589847196626, 0.004678884480371064, -0.27022909823121305, -0.420968947713471, -0.4051311496860962, -0.22404800708807482, -0.5614324501885294, -0.1867535445802406, 0.183556153627945, 0.048319016167438715, 0.27592659352454035, 0.7762873322709828, 0.31212224732177424, 0.44870815476382253, 0.018593832132493382]], "inverted": true, "swapped": true, "error_lsq": 0.04274636609133938, "error_max": 0.22083377017380462, "target": "943.xyz", "model": "7.xyz", "model_rescale": 3.964800864290218, "target_rescale": 4.268675119373296},
{"mapping": [1, 13, 2, 4, 3, 14, 0, 11, 12, 9, 10, 7, 15, 16], "R": [[0.17126872294968593, 0.9609210998500585, 0.21748026209782423], [-0.5526299041309249, 0.2764438038652456, -0.7862436087910405], [-0.8156391442294986, 0.014472842411504927, 0.5783799125428747]], "T": [-0.187723542726254, -0.1283683517136159, 0.09163102015513291], "aligned_model": [[-0.2366684920232564, 0.27205900152167806, 0.40749459974112423, -0.7464206516159158, 0.27317877880950947, -0.19515223446009658, -0.39424363298903486, 0.6111260553017407, 0.26524999858617615, 0.11715237467645748, -0.40693410827920706, -0.03598148136013957, 0.4455395182238846, -0.11521183667204735], [-0.07674488076673822, -0.47709969179271683, 0.2385299539228318, -0.011502016005316779, 0.5801015683155419, -0.8150358186672246, 0.45412345831252543, -0.34705513790953735, -0.38285552401478684, 0.08168674685427088, -0.2115536988820507, 0.6702947839617368, 0.15449449457064438, -0.04643577171797805], [-0.6991223613868651, -0.4205614069264446, -0.4984987340930638, -0.1788537187087576, -0.14446553020259711, 0.2870574054590318, -0.16496243976439917, 0.026752633707781887, 0.4392197389072778, 0.8583461951208455, 0.6473860046876814, 0.373502718998698, 0.3223223400748035, 0.06869219285102901]], "inverted": false, "swapped": true, "error_lsq": 0.038999652872103455, "error_max": 0.2466561173485119, "target": "943.xyz", "model": "8.xyz", "model_rescale": 4.121658175737393, "target_rescale": 4.268675119373296},
{"mapping": [13, 12, 15, 2, 14, 5, 10, 4, 8, 6, 1, 0, 16], "R": [[-0.8576520200588157, 0.14346008534760057, -0.4938139491762986], [0.5046373672416108, 0.4194277306324689, -0.7546002294990062], [0.09886425073042591, -0.8963813823861784, -0.43211836021969163]], "T": [0.005427965462430795, -0.07827279108769845, -0.07138017264013923], "aligned_model": [[-0.5756900250904229, -0.1322323457948823, 0.282773084848897, 0.02153207088782247, -0.5317022276087713, -0.4567764299668641, 0.1871207511757464, 0.0633552254292323, 0.5666416655460691, -0.18642176111969075, -0.2712675878343988, 0.4480687409732, 0.061336334989260013], [0.35249056180621036, -0.33308111056797157, 0.055261307156518794, 0.7701622626597441, -0.540755481229557, 0.03328861769741144, -0.6533275866920142, 0.017990153630491793, -0.23269460371876755, -0.5939253688896701, 0.5938163206832127, 0.3212678144447796, -0.00010544756867907068], [-0.33989354803807953, -0.6253558277251852, -0.7343283671597878, -0.4135069737114248, -0.15716936028492556, 0.3637568705701105, -0.05970153665105389, 0.5501824323231416, 0.040632365088979286, 0.44451193879031786, 0.24813085668301665, 0.23230372302955116, -0.1284871389555713]], "inverted": false, "swapped": true, "error_lsq": 0.03947049505038187, "error_max": 0.19991534169498854, "target": "943.xyz", "model": "9.xyz", "model_rescale": 3.833441315466971, "target_rescale": 4.268675119373296},
{"mapping": [15, 9, 13, 5, 14, 12, 10, 4, 2, 1, 3, 0, 8, 11, 16], "R": [[0.6244274352093441, -0.13906637188272897, 0.7686032281803502], [-0.42981548111115586, 0.7604609094330963, 0.48678317290285855], [-0.6521878796444062, -0.6343183344627232, 0.4150797757171155]], "T": [-0.09376025703543331, 0.09662465760832241, -0.0743386041370812], "aligned_model": [[0.11211096690210301, 0.12211073769072103, -0.53703491425971, -0.4264661332942783, -0.7579782604556714, -0.38556888288691515, -0.10803017859157768, 0.08210183379278307, 0.14565718973193223, -0.08869268882375317, 0.5255800717731137, 0.49351857010778444, 0.39741060514022597, -0.4263317522936163, -0.024542146238609827], [-0.5533080056784383, -0.6427470023962074, 0.09789296742652545, 0.6425590170861158, 0.02125840446237061, -0.4559874632390607, -0.08813030597174872, 0.6892643097045004, -0.0018528577928712958, 0.6391666962576283, -0.14926870408472748, 0.381344694543352, 0.02713478608649522, -0.45694862378921475, 0.05072362668025891], [0.18920750493245264, -0.43718001713634136, 0.557215500877754, 0.007426746118652738, -0.325123849966023, -0.08964341285704137, -0.6483583334475466, -0.20400340905602515, 0.8032339545690652, 0.5052940012993876, 0.4966746798245177, 0.07339609002835833, -0.39880133526632777, 0.44829570244707423, 0.00048808545413615845]], "inverted": true, "swapped": true, "error_lsq": 0.04373252096290884, "error_max": 0.3323642753427483, "target": "943.xyz", "model": "10.xyz", "model_rescale": 4.2482417240324, "target_rescale": 4.268675119373296},
{"mapping": [2, 13, 5, 14, 7, 8, 0, 10, 12, 9, 15, 16], "R": [[0.008252792318122426, -0.7767365259249681, 0.6297715940823034], [-0.9553043252722416, -0.19223996857119036, -0.22458281456935908], [0.29550894662446575, -0.5997700924335585, -0.743606279348917]], "T": [0.11220933715146217, 0.007504056080451502, 0.08904816646740393], "aligned_model": [[-0.7161600943290339, -0.09555325196177511, 0.40673201132980197, 0.6749789376051661, -0.45304163049927626, 0.041816908290546476, -0.26723155715711555, 0.49736523937994337, 0.13897515034865934, 0.04226521990297352, -0.39502417443248905, 0.0016428438856061212], [-0.37144591312427866, -0.7334007526899197, -0.3774570747636705, -0.3104706094727326, 0.6496862893507108, 0.5943977764638865, 0.3030545336697565, 0.39968659808805845, -0.11345450334984936, 0.5189213289775655, 0.08937238122580085, 0.01724133567531152], [0.17479859782878338, 0.03204475591954191, 0.5138827455591859, -0.21417016506588055, -0.0027855687572295174, 0.133256637600226, 0.5543029171429821, -0.15931540088772975, -0.5236665188006795, -0.5880669067764437, -0.4308207798280645, 0.07573197591966482]], "inverted": false, "swapped": true, "error_lsq": 0.04371480880786304, "error_max": 0.20900782240571672, "target": "943.xyz", "model": "11.xyz", "model_rescale": 3.6694154284099745, "target_rescale": 4.268675119373296},
{"mapping": [1, 5, 14, 6, 4, 2, 0, 15, 10, 9, 12, 8, 13, 16], "R": [[-0.5932639129215678, -0.7603645808207731, -0.264355128299492], [0.017120973560835084, -0.34023175715134607, 0.940185738931429], [-0.8048259450895703, 0.5532522531892283, 0.21486540543261606]], "T": [0.06798593366399444, 0.06749121082413503, -0.02079062682126564], "aligned_model": [[-0.12469236402948908, 0.09693104542809952, -0.08638407645006185, 0.5625112562684689, 0.5165756291396214, -0.5310160169531684, 0.3592345160850925, -0.32956840741748217, 0.4137856252397669, 0.11043539345444807, -0.30666020436507646, 0.5128286631769691, -0.6185141821563942, 0.022797972835015362], [-0.38522624057660604, 0.17398362810694729, 0.7496340212372427, 0.5523271393445026, -0.10619002398581434, -0.6226097131355706, -0.5333921611054998, -0.12549234850555516, 0.4555102556268015, 0.2564744440645228, 0.41025875144041735, -0.10959836255502639, 0.037571804586422036, -0.02226390640652992], [-0.6439065743218515, -0.6558060935811424, -0.1643522995804073, -0.31950017962860733, -0.4301368221740426, -0.0667200134603668, -0.06438990066071093, 0.5614119762079278, 0.2853146998930513, 0.8083100967863794, 0.3437876936511604, 0.32864885432845126, -0.37175649128269694, 0.028190513475271024]], "inverted": false, "swapped": true, "error_lsq": 0.03673842448439476, "error_max": 0.2289161988332125, "target": "943.xyz", "model": "12.xyz", "model_rescale": 3.9764082729961374, "target_rescale": 4.268675119373296},
{"mapping": [10, 7, 9, 11, 14, 6, 5, 12, 15, 8, 3, 2, 0, 1, 13, 16], "R": [[-0.34802575467728575, 0.8979455350691782, 0.2693917039009064], [-0.649055054528095, -0.02343989273653041, -0.7603802388410892], [-0.6764655277786428, -0.439481953529184, 0.5909737745867704]], "T": [0.07289581703868576, 0.05048042101128572, -0.06865171595820765], "aligned_model": [[0.029274753207074497, -0.3681727752657645, -0.5849770856935399, -0.5361878870138806, 0.14791199743790784, 0.6212207148236649, 0.6250344222902345, -0.4166213841000642, -0.6420061349936541, 0.014443989121719979, -0.379517603648858, -0.25687996462219775, 0.233787492350783, 0.4612196397016139, -0.011733820742799134, 0.002043960957153923], [0.014344424726456112, -0.6880733618944548, -0.12635047600205082, 0.502935118249163, 0.6831832201362, 0.20333124104654182, 0.32919965518868677, 0.39669194574011746, -0.04946682329375113, -0.4662303544092319, -0.46369204642928763, -0.06741026014569337, -0.5417722740170956, 0.05738629374623236, 0.5650149445096727, -0.003627129808262554], [-0.669174879066054, -0.08700706181637782, -0.5793950043931584, 0.2697202452903391, -0.3908606673610502, -0.5634496570445368, 0.1126812555292604, -0.24550520711105292, 0.046142563491732555, -0.35316371985934913, 0.4800293655289034, 0.7766303977627359, 0.19806550161508615, 0.6238137480965806, 0.5000720011887447, -0.001201938999105201]], "inverted": true, "swapped": true, "error_lsq": 0.03996107907130416, "error_max": 0.23814315866802263, "target": "943.xyz", "model": "13.xyz", "model_rescale": 4.170626492500431, "target_rescale": 4.268675119373296},
{"mapping": [15, 2, 12, 13, 9, 6, 14, 3, 7, 1, 0, 5, 8, 16], "R": [[0.7594135579751098, -0.3574526151235926, 0.5436162947382], [0.6213704799499336, 0.6461469746333297, -0.4431622883538089], [-0.1928465053102438, 0.6743305681292373, 0.7128032759998555]], "T": [-0.11317363799153302, 0.14983283541260453, 0.11485914829441851], "aligned_model": [[0.2862228467910868, 0.10750158112339225, -0.2029643835760202, -0.5581354288845799, 0.3523484161586095, -0.4735362770173528, -0.702788787451248, 0.5276181784679244, 0.7441572679277608, -0.3142652692034261, 0.33856273226466266, -0.6121323417168871, 0.3864797934703647, -0.035885306262643815], [-0.12778015725832456, -0.73792827190522, 0.1727807205964926, -0.4622903033149449, 0.49682781688545985, 0.7495566811293509, 0.42794760667017495, -0.44905666175066605, 0.11987218669040134, -0.4248205689796555, -0.020266007855874624, 0.08695428491457922, 0.4525340050745107, 0.07174313702938212], [-0.43072810733187333, 0.09656175359848868, -0.5033460635662517, -0.03570275122790326, -0.5078834380939681, 0.3964948109735101, -0.1762851754391156, 0.08623438942885686, 0.04832953558601916, 0.624454205090812, 0.5783115141419093, 0.5179839395464808, 0.2152193610284232, 0.09422912738547873]], "inverted": true, "swapped": true, "error_lsq": 0.042086566659277465, "error_max": 0.24297056732207004, "target": "943.xyz", "model": "14.xyz", "model_rescale": 3.9786697098870705, "target_rescale": 4.268675119373296},
{"mapping": [0, 8, 2, 1, 15, 11, 6, 14, 13, 5, 9, 16], "R": [[0.8855134259380921, 0.44153491369444525, -0.14461290562125395], [-0.2828922987508435, 0.7592928444382445, 0.5860429367310411], [0.36856196194242086, -0.47803901135128957, 0.7972708346825658]], "T": [-0.08913355854568072, -0.04771972489639933, 0.013794728776225448], "aligned_model": [[-0.14415295612470724, -0.5817094221721406, 0.6137262761653667, 0.5033401465042323, -0.0005021227957050928, 0.4531625205115918, -0.47825448310730123, -0.07528452174052205, 0.659155311058432, 0.17536213082496055, -0.5893983354554407, -0.052089946901429623], [-0.41878234406552994, -0.07941756296918698, 0.0562239885218934, -0.551354741798357, 0.5715688784810362, 0.5812481965365415, -0.4184109701131224, 0.12466874527218744, 0.0596172838182236, -0.524706387699054, 0.624170272833587, -0.010150868593779283], [-0.5403468223174817, -0.3144094570906044, -0.5626910801046383, -0.14644939688517633, -0.3641974319652041, 0.03633607304926076, 0.5429652835197911, 0.7065062756980399, 0.16838176605613508, 0.35723155159924924, -0.13859822677959954, -0.08476204090594175]], "inverted": false, "swapped": true, "error_lsq": 0.04241955649080605, "error_max": 0.22266109320458266, "target": "943.xyz", "model": "15.xyz", "model_rescale": 3.769337070930944, "target_rescale": 4.268675119373296},
{"mapping": [2, 7, 13, 11, 1, 0, 5, 8, 14, 12, 16], "R": [[0.12134145458762606, -0.9538482363036698, -0.27468125800450605], [0.865866342015928, -0.03359096077876726, 0.49914639647894476], [-0.4853367173030655, -0.2984044058896219, 0.8218291071647112]], "T": [0.1104078391052796, -0.0018505350879310309, 0.14627448779703642], "aligned_model": [[-0.3401449554033622, -0.2028226617858966, -0.14976662778107705, -0.6101919083166012, 0.36605588701338343, 0.31059019192938275, 0.5733010340245066, 0.1820580589855504, 0.1432323218630622, -0.3876333824409366, 0.0379481726031593], [0.055548774520888695, -0.7886182410167468, 0.622480082764154, 0.3971664283378465, 0.2722709370370047, -0.45369962217626086, 0.4191929395101512, -0.5779835423077193, 0.5192205773437026, 0.17858396669072726, -0.048097803078405825], [-0.6479922364632297, -0.006117579917636312, -0.22504093647324377, 0.03803742081813796, -0.55362050100859, -0.30488722181316896, -0.008242113427175207, 0.2658183122688279, 0.6332717329917641, 0.47818561989020303, 0.07480511035788787]], "inverted": false, "swapped": true, "error_lsq": 0.04029995905304162, "error_max": 0.21615813929485694, "target": "943.xyz", "model": "16.xyz", "model_rescale": 3.7852294659196426, "target_rescale": 4.268675119373296},
{"mapping": [10, 4, 5, 6, 8, 0, 2, 1, 14, 12, 15, 13, 16], "R": [[-0.5592442824352728, -0.05623845722881719, -0.8270931437824761], [-0.008727048234372994, -0.9972416357068175, 0.07370860629469428], [-0.8289569778900302, 0.04843919839668919, 0.5572108872465742]], "T": [-0.022198544953253657, 0.0685632333004956, -0.07355617489114766], "aligned_model": [[-0.0031529392805255962, -0.3229327335056946, 0.19563233415271947, 0.1289078334970031, -0.5063974984082925, -0.6459601258471078, -0.18583706311420936, -0.10528216724788556, 0.6279363312150444, 0.3753429859100119, -0.07506360950188493, 0.446721108469157, -0.07614860612205293], [-0.1852932200512095, -0.41071917225879706, -0.33230435873826225, -0.655348713260918, -0.005244282538225106, 0.07425497003438022, 0.7717732605432701, 0.06727341578975715, -0.17113338005093193, 0.4000962451906066, 0.7510570129641153, 0.4058982866290394, 0.16474555945004976], [-0.6203933013397861, 0.20717415374974016, 0.3817217393755167, -0.22176860769265364, -0.40740875622774964, 0.1686762639705909, 0.4884671552380847, 0.7160303937076259, -0.24568706707438576, -0.42400340439181017, -0.32979728191534663, 0.4379846722933358, -0.05524126254998776]], "inverted": true, "swapped": true, "error_lsq": 0.03206605682811415, "error_max": 0.18499143636082352, "target": "943.xyz", "model": "17.xyz", "model_rescale": 3.901054581598922, "target_rescale": 4.268675119373296},
{"mapping": [5, 4, 14, 13, 8, 12, 0, 1, 10, 15, 7, 3, 2, 11, 16], "R": [[-0.47621100802657546, -0.20015730313804042, 0.8562477035500998], [-0.5562881532755399, -0.6855517151121185, -0.46964064606049816], [0.68100408688906, -0.6999684992250289, 0.2151221367806167]], "T": [-0.09523469129931693, -0.04607514298017891, -0.11626220774556209], "aligned_model": [[0.09651003676976135, 0.14839827451208082, -0.5875724077435875, 0.2339011987115608, -0.1942642323934577, -0.4800935359107388, 0.3837360041843281, 0.6209593398872963, -0.6426523062026588, -0.11125433804057924, 0.041493952948847626, 0.48282987448694337, 0.6474616818548081, -0.06982390082280003, -0.03054343115276993], [-0.07173628332099216, -0.5347775447967871, 0.24843131969479842, 0.6056535018296473, -0.5072216061724503, 0.40587689527142845, -0.46247736813496876, 0.023020935300428688, -0.2889217592210279, 0.3185893600338314, -0.35376392635452136, 0.04405175602575527, 0.3864050203940595, 0.7555840604812142, -0.019957011203309356], [-0.7310780847300146, -0.4337132028462847, -0.5412661890391762, -0.3658097129410236, 0.24275145698364184, 0.07967066913656382, 0.09583145047459049, -0.45188601931634775, -0.04417786311888121, 0.5169953626143047, 0.6755540604070048, 0.5378178015284669, 0.19760900189582833, 0.10028018761203181, -0.028912513808727835]], "inverted": true, "swapped": true, "error_lsq": 0.04019952301198068, "error_max": 0.2373189463048102, "target": "943.xyz", "model": "18.xyz", "model_rescale": 3.9405287249114394, "target_rescale": 4.268675119373296},
{"mapping": [15, 11, 14, 13, 3, 10, 12, 7, 9, 8, 5, 4, 2, 0, 1, 16], "R": [[0.3162361799495548, -0.8496908329959398, 0.42192436148387935], [-0.7584760180119354, -0.49359278812433627, -0.42553529772793525], [0.5698322635580327, -0.18544985261334251, -0.8005620173190948]], "T": [0.2619166036494951, 0.050949477361442674, -0.08830207187842476], "aligned_model": [[-0.3784822737494644, -0.10993170301573418, 0.7708654294143865, 0.2255674967474961, -0.566213986930161, 0.45602356066522187, 0.1377359994492274, -0.43934088854051356, -0.11834229467996743, 0.07231304158732516, 0.7481342575455705, 0.5570020990709392, -0.3937685684442531, -0.024728618217535026, 0.27718160328774377, 0.1531499437811049], [-0.13138294530681624, -0.6643471262669971, -0.29633634606790343, -0.6718139523638651, 0.08087466998339152, 0.35539693607754924, -0.29474960661449484, 0.5412115260295103, 0.24833013132371526, 0.5974607695860663, -0.10417858178283249, 0.41353318705751446, -0.3529115622278522, 0.4606499643061421, -0.1720057245450798, 0.04262078978958908], [-0.38979194687977115, -0.28898441146519904, -0.44902706034449835, 0.17936635171188475, 0.20049953211076194, -0.5714903488323997, -0.5941063702759192, -0.1789727141313141, -0.8240796718717257, -0.21764509917660996, 0.3053358020157979, 0.33645644506589034, 0.40578835147391573, 0.3564084945366664, 0.673544014259228, -0.06385761152182984]], "inverted": false, "swapped": true, "error_lsq": 0.03667884641793287, "error_max": 0.2886537192628653, "target": "943.xyz", "model": "19.xyz", "model_rescale": 4.410303926677745, "target_rescale": 4.268675119373296},
{"mapping": [1, 13, 2, 4, 3, 14, 0, 11, 12, 9, 10, 7, 15, 16], "R": [[0.17126872294968593, 0.9609210998500585, 0.21748026209782423], [-0.5526299041309249, 0.2764438038652456, -0.7862436087910405], [-0.8156391442294986, 0.014472842411504927, 0.5783799125428747]], "T": [-0.187723542726254, -0.1283683517136159, 0.09163102015513291], "aligned_model": [[-0.2366684920232564, 0.27205900152167806, 0.40749459974112423, -0.7464206516159158, 0.27317877880950947, -0.19515223446009658, -0.39424363298903486, 0.6111260553017407, 0.26524999858617615, 0.11715237467645748, -0.40693410827920706, -0.03598148136013957, 0.4455395182238846, -0.11521183667204735], [-0.07674488076673822, -0.47709969179271683, 0.2385299539228318, -0.011502016005316779, 0.5801015683155419, -0.8150358186672246, 0.45412345831252543, -0.34705513790953735, -0.38285552401478684, 0.08168674685427088, -0.2115536988820507, 0.6702947839617368, 0.15449449457064438, -0.04643577171797805], [-0.6991223613868651, -0.4205614069264446, -0.4984987340930638, -0.1788537187087576, -0.14446553020259711, 0.2870574054590318, -0.16496243976439917, 0.026752633707781887, 0.4392197389072778, 0.8583461951208455, 0.6473860046876814, 0.373502718998698, 0.3223223400748035, 0.06869219285102901]], "inverted": false, "swapped": true, "error_lsq": 0.038999652872103455, "error_max": 0.2466561173485119, "target": "943.xyz", "model": "20.xyz", "model_rescale": 4.121658175737393, "target_rescale": 4.268675119373296},
{"mapping": [9, 7, 3, 15, 2, 10, 0, 12, 4, 5, 1, 13, 16], "R": [[0.34992454145784063, 0.8940278491073235, 0.2797624354806293], [0.3530209176284698, 0.15077627763877027, -0.9233865635897839], [-0.867714841985703, 0.4218776115438335, -0.2628502118618077]], "T": [-0.04667770643469299, -0.1899094812993314, -0.09201093158898498], "aligned_model": [[0.13230204635325044, -0.06191537518060318, 0.3133295182111722, 0.5012953676501439, 0.5408859065117695, -0.3091516672983775, -0.31744899187496506, 0.40100291936091914, -0.5836142608999595, -0.2516742226593045, -0.01570852542353149, 0.5184842881237859, 0.013295901789994749], [-0.696823427118739, 0.037005312323131256, 0.41140315985856746, -0.21420208959895826, 0.5066728300091221, -0.6941547967910682, 0.353050642574007, -0.6185391256910493, 0.09622843647315557, -0.036056587809125434, 0.487706842072116, 0.032396684443863594, -0.12386097658183955], [0.5682383611747244, 0.7378189316780869, 0.436117901614137, 0.39109087809326665, -0.010192749234929119, 0.10968378460239074, 0.19023838190464565, -0.010614662420146873, -0.26167655083346164, -0.6833896706035874, -0.5045985336354519, -0.567958939765745, -0.024647393092140202]], "inverted": false, "swapped": true, "error_lsq": 0.046495053418741814, "error_max": 0.251653011035385, "target": "943.xyz", "model": "21.xyz", "model_rescale": 4.08911054899281, "target_rescale": 4.268675119373296},
{"mapping": [14, 2, 4, 13, 15, 1, 11, 12, 9, 10, 5, 0, 6, 0, 8, 7, 16], "R": [[0.5410175558549911, 0.8407114297357502, -0.022456539545583187], [-0.5768945211853919, 0.39040994995956935, 0.7174766772507969], [0.6119580996138292, -0.3752124236805564, 0.6962204546210874]], "T": [-0.03269997464730515, 0.07287196249129586, -0.09783906083888894], "aligned_model": [[-0.30201929836630104, 0.5359728645667632, 0.4505829283017414, -0.07777662007039277, 0.11554283668274973, 0.645751821929841, 0.032020226018364295, -0.5974664753112536, -0.6982323602437135, -0.6958842790951002, -0.5114215608737993, 0.4953758878166965, 0.028500775136834314, 0.4953758878166965, 0.13471917378281703, -0.23205455046901766, -0.011409971235436134], [-0.05265659920692807, -0.10175940841273139, 0.4380197857316674, 0.6364710202737374, -0.5412804724271796, -0.2683404794510905, -0.6416105596503089, 0.4102976644479549, -0.16774652486470126, 0.33474729392795527, -0.23016702852401466, 0.5802942956539009, 0.3988945935126197, 0.5802942956539009, -0.2025877749440671, 0.7273827099282241, 0.11494124960885796], [-0.666638030613432, -0.5069465230167904, -0.4433776097270265, -0.4399708543518328, -0.46163553342602504, 0.13297603929755264, 0.16902991719792648, -0.4327303886169299, -0.17979635964371674, 0.2799747800060047, 0.322544177115932, 0.1546245156825441, 0.569639658551596, 0.1546245156825441, 0.5160459282682295, 0.09624757599613987, -0.10436296063523123]], "inverted": true, "swapped": false, "error_lsq": 0.04108722868956988, "error_max": 0.319637018284177, "target": "943.xyz", "model": "22.xyz", "model_rescale": 4.204369325754507, "target_rescale": 4.268675119373296},
{"mapping": [15, 11, 14, 13, 3, 10, 12, 7, 9, 8, 5, 4, 2, 0, 1, 16], "R": [[0.3162361799495548, -0.8496908329959398, 0.42192436148387935], [-0.7584760180119354, -0.49359278812433627, -0.42553529772793525], [0.5698322635580327, -0.18544985261334251, -0.8005620173190948]], "T": [0.2619166036494951, 0.050949477361442674, -0.08830207187842476], "aligned_model": [[-0.3784822737494644, -0.10993170301573418, 0.7708654294143865, 0.2255674967474961, -0.566213986930161, 0.45602356066522187, 0.1377359994492274, -0.43934088854051356, -0.11834229467996743, 0.07231304158732516, 0.7481342575455705, 0.5570020990709392, -0.3937685684442531, -0.024728618217535026, 0.27718160328774377, 0.1531499437811049], [-0.13138294530681624, -0.6643471262669971, -0.29633634606790343, -0.6718139523638651, 0.08087466998339152, 0.35539693607754924, -0.29474960661449484, 0.5412115260295103, 0.24833013132371526, 0.5974607695860663, -0.10417858178283249, 0.41353318705751446, -0.3529115622278522, 0.4606499643061421, -0.1720057245450798, 0.04262078978958908], [-0.38979194687977115, -0.28898441146519904, -0.44902706034449835, 0.17936635171188475, 0.20049953211076194, -0.5714903488323997, -0.5941063702759192, -0.1789727141313141, -0.8240796718717257, -0.21764509917660996, 0.3053358020157979, 0.33645644506589034, 0.40578835147391573, 0.3564084945366664, 0.673544014259228, -0.06385761152182984]], "inverted": false, "swapped": true, "error_lsq": 0.03667884641793287, "error_max": 0.2886537192628653, "target": "943.xyz", "model": "23.xyz", "model_rescale": 4.410303926677745, "target_rescale": 4.268675119373296},
{"mapping": [11, 7, 13, 14, 1, 0, 3, 9, 10, 8, 4, 6, 5, 12, 2, 15, 16], "R": [[0.3654687245721693, -0.7162526218939179, 0.5944869998491814], [0.27758813460884496, -0.5257416263835707, -0.8040774650566574], [0.8884691547172441, 0.4588877029488224, 0.006681107571325451]], "T": [-0.02448607369684485, 0.16259533974334361, -0.13191608933568363], "aligned_model": [[-0.2027079246009614, 0.4675575507258416, 0.4842398883026484, -0.11326901313217089, 0.06359171291948068, 0.5243873340803046, -0.09258064750760076, -0.5851303428634892, -0.5659455515729642, -0.766380102491, -0.32328424126236094, 0.3086214862585939, 0.10020434822301547, 0.6992824573146591, 0.1720427562665412, -0.3429380701512401, -0.02011435412180778], [0.10120251463647315, -0.08035578328087453, 0.5593702713247517, 0.7212444266698443, -0.6138929907926757, -0.26253571739246384, -0.6516663705391453, 0.37928631899775145, -0.18977694110582422, 0.14850183666513628, -0.07872264333190857, 0.8277784993942866, 0.3660894325713737, 0.29716158410833965, -0.32300049026298755, 0.7675157712282872, 0.04699434236743294], [-0.7362250992771795, -0.5071476447365527, -0.4111188348189544, -0.503640150106635, -0.4863783942659714, 0.1653840579563375, 0.2443710095920221, -0.3083899020919939, -0.21216168599301127, 0.2217805185997276, 0.4393716307276243, 0.024508996175302833, 0.45001559591051155, 0.19092578245087347, 0.6153904475366127, 0.07295896615187164, -0.09939644604310127]], "inverted": true, "swapped": false, "error_lsq": 0.042334407589139485, "error_max": 0.30859138438476197, "target": "943.xyz", "model": "24.xyz", "model_rescale": 4.28219845311461, "target_rescale": 4.268675119373296},
{"mapping": [4, 8, 5, 7, 0, 9, 6, 3, 10, 15, 14, 12, 11, 13, 14, 16], "R": [[-0.5968489514081688, -0.5407904147452887, 0.5927200490303902], [-0.7521388724866833, 0.6343366006033142, -0.17861745051783853], [-0.27938941586507937, -0.5524154274227417, -0.7853526277080377]], "T": [-0.03626589391802982, 0.10523331750054361, -0.07417170051183448], "aligned_model": [[-0.056016535445110156, -0.28534584437290117, 0.06418332437737548, 0.03506087593865608, 0.23920323310017205, -0.4560503291617866, -0.5995105602967178, 0.5873703197681872, -0.6248172742393663, 0.16714238433672388, -0.3967000817964732, -0.17131459438794266, 0.34838785570963304, 0.5116895732577272, -0.3967000817964732, 0.0417385011293064], [0.4071057859506193, -0.29070165372690643, 0.7300373820263538, -0.6923898254405905, -0.09631151367087352, -0.5813214609804158, 0.5662302409174955, -0.49402629142578686, -0.02568421620056756, -0.5013038749890936, 0.509284762885044, -0.08930253194483574, -0.054112671093729456, 0.4231472863504656, 0.509284762885044, 0.025175194172009974], [-0.628649038924276, -0.43824366980755963, -0.196453886270458, -0.38889368231466387, -0.649744372892194, 0.20394373063367688, -0.2718731208802623, -0.22272456235763688, -0.05672036939298887, 0.27936710318936764, 0.3912189884769041, 0.5043473736600375, 0.64474703242708, 0.36631681501436264, 0.3912189884769041, -0.07593130846054652]], "inverted": true, "swapped": true, "error_lsq": 0.04366050070185639, "error_max": 0.31032860129297035, "target": "943.xyz", "model": "25.xyz", "model_rescale": 4.100010024507729, "target_rescale": 4.268675119373296},
{"mapping": [2, 13, 5, 14, 7, 8, 0, 10, 12, 9, 15, 16], "R": [[0.008252792318122426, -0.7767365259249681, 0.6297715940823034], [-0.9553043252722416, -0.19223996857119036, -0.22458281456935908], [0.29550894662446575, -0.5997700924335585, -0.743606279348917]], "T": [0.11220933715146217, 0.007504056080451502, 0.08904816646740393], "aligned_model": [[-0.7161600943290339, -0.09555325196177511, 0.40673201132980197, 0.6749789376051661, -0.45304163049927626, 0.041816908290546476, -0.26723155715711555, 0.49736523937994337, 0.13897515034865934, 0.04226521990297352, -0.39502417443248905, 0.0016428438856061212], [-0.37144591312427866, -0.7334007526899197, -0.3774570747636705, -0.3104706094727326, 0.6496862893507108, 0.5943977764638865, 0.3030545336697565, 0.39968659808805845, -0.11345450334984936, 0.5189213289775655, 0.08937238122580085, 0.01724133567531152], [0.17479859782878338, 0.03204475591954191, 0.5138827455591859, -0.21417016506588055, -0.0027855687572295174, 0.133256637600226, 0.5543029171429821, -0.15931540088772975, -0.5236665188006795, -0.5880669067764437, -0.4308207798280645, 0.07573197591966482]], "inverted": false, "swapped": true, "error_lsq": 0.04371480880786304, "error_max": 0.20900782240571672, "target": "943.xyz", "model": "26.xyz", "model_rescale": 3.6694154284099745, "target_rescale": 4.268675119373296},
