[{"mapping": [2, 4, 0, 10, 8, 6, 3, 5, 1, 9, 11, 12], "R": [[0.07917109970771011, 0.9142706434150254, 0.39729224452605116], [-0.12057454868151474, 0.404399881013112, -0.9065994233655956], [-0.9895421745339212, 0.023873140263835413, 0.1422545535039999]], "T": [0.013143485774415048, -0.008342543421414564, -0.018268697778986792], "aligned_model": [[-0.4385730048249265, 0.3093580202975011, 0.3527325641097877, -0.10506523252620556, -0.11512205734469633, -0.41615793791131755, 0.45899754525872477, -0.29798122992135484, 0.6449080322184683, 0.06142732323371281, -0.6186792732350366, 0.0017977131058915727], [-0.308573575096466, -0.6268833805028918, -0.31541867062453, 0.6941623396990567, 0.4107077392767601, -0.6055835709976032, -0.35649752211223573, -0.377492503197565, 0.1313546576405663, 0.2136467737892589, 0.1843588536202695, 0.009773894482437488], [-0.5241891293716308, 0.04003772291119006, -0.5601891277447903, -0.038604977453414555, -0.7053158179908324, 0.018604966458234264, 0.5954397770607339, 0.6118186183771365, -0.058301582403727015, 0.5842693411711514, 0.2757166173601048, -0.05733466302059326]], "inverted": true, "swapped": true, "error_lsq": 0.04109427888338995, "error_max": 0.2189083051358482, "target": "945.xyz", "model": "0.xyz", "model_rescale": 3.751011558992144, "target_rescale": 3.9072622193790756},
{"mapping": [7, 1, 12, 4, 6, 10, 11, 13, 3, 8, 2, 5, 14], "R": [[-0.7882357803621416, -0.41094482764198864, 0.4580488000106345], [0.16182418989079633, 0.5797230247380167, 0.7985825856821527], [-0.5937148188508298, 0.7035947436009606, -0.3904576169752938]], "T": [0.040498863663878136, 0.07239666791829183, 0.0032066122919023696], "aligned_model": [[-0.5281688374704723, -0.051078452307767495, -0.5841580678924834, 0.6492438236652527, -0.15585420890029544, 0.6059537243021315, -0.19617876522264607, -0.11955259169607804, -0.5680540913710843, 0.5397263778332283, 0.06112321820230079, 0.4218060695473887, 0.013514540001672563], [-0.11618795774926649, -0.5491637202766415, 0.4743895869378498, -0.24547141102557365, -0.015131817199239964, 0.48179257266202546, 0.6014917139017497, 0.4900131650932218, 0.030677515800825922, -0.2894748840829897, -0.1397046670642222, 0.3314833918803841, 0.11982686503989717], [-0.28092347841593596, -0.2983921749441034, -0.010228974555624245, -0.38917512526894504, -0.7161750530692461, -0.4270369720745517, -0.5452212509928613, 0.5754672095944605, 0.4629116294252699, 0.24864320509816681, 0.8021595281052294, 0.424591153066147, -0.0018958499437720187]], "inverted": false, "swapped": false, "error_lsq": 0.0460005279275335, "error_max": 0.2597578895449513, "target": "945.xyz", "model": "1.xyz", "model_rescale": 3.9405287249114394, "target_rescale": 3.9072622193790756},
{"mapping": [5, 2, 11, 1, 0, 7, 6, 10, 9, 4, 8, 3, 12], "R": [[0.9415232870173258, 0.16290969147720447, -0.2949480164823848], [0.3054153205046057, -0.04287868415429014, 0.9512533313719675], [0.1423214038897876, -0.9857088063256811, -0.0901263952837418]], "T": [0.05264555817269999, 0.09212800973293982, -0.04667554889002763], "aligned_model": [[-0.5843588414002553, -0.14060236863638675, -0.5653202003319001, 0.518589728852079, -0.20119581060483638, 0.6993491925533012, 0.022992185390237868, -0.20682340155960188, -0.5077911574752013, 0.6221317671475318, 0.05196686789273383, 0.32473871913655805, 0.054646057726887215], [-0.18846676594859468, -0.5334249101966217, 0.44527692536754626, -0.3429039979060423, 0.05132124636812685, 0.5188663015890053, 0.5184494143434241, 0.4888396213603507, 0.003326368116416137, -0.16031063224464265, -0.1155765529496272, 0.48501782007011457, 0.004125515948564973], [-0.25540563096177243, -0.23511230399157484, -0.07858877090095523, -0.5166431163856673, -0.8446914358476209, -0.21572788604876236, -0.3824231190122727, 0.6510227207421896, 0.5263916926183868, 0.2752808327935767, 0.7000159028690707, 0.26701631784994106, -0.046411357700305925]], "inverted": false, "swapped": false, "error_lsq": 0.038649818264447876, "error_max": 0.23708548276109337, "target": "945.xyz", "model": "2.xyz", "model_rescale": 3.932901565614263, "target_rescale": 3.9072622193790756},
{"mapping": [5, 7, 6, 8, 9, 11, 10, 2, 4, 3, 0, 1, 13], "R": [[0.13070115038096664, 0.9909074677485236, -0.03193117049688348], [0.9843528246973284, -0.13354114734584482, -0.1149620740763945], [-0.11818090285440783, -0.016405862542532595, -0.992856546473232]], "T": [0.07384542054609208, 0.07298767003590576, -0.0358085615448487], "aligned_model": [[-0.5902668402313006, -0.14501388428383194, -0.45301151328677225, 0.5347793569391873, -0.13731608467923592, 0.7611372004787854, 0.0851335900898337, -0.3445725500626774, -0.5634167548280686, 0.5040735907864811, 0.13782316951770615, 0.30149514691373647, -0.002521688662696253], [-0.011593561446559486, -0.6032400406325824, 0.5073987417175944, -0.30766893634069514, -0.23531555236301374, 0.41758317562946967, 0.7361918980330852, 0.37672469169159817, -0.21297360312042782, -0.14937495767352266, -0.06548570392499245, 0.5922156740380089, 0.13007852831005803], [-0.29772573551539416, -0.1033306717055969, -0.01578225998019816, -0.46175125702738024, -0.6683849452000256, -0.49033319798284736, -0.3063231997740017, 0.61754438803575, 0.48892896773048045, 0.12588269180852246, 0.6166347704644665, 0.4410001032850622, -0.10163580811460382]], "inverted": false, "swapped": false, "error_lsq": 0.046257698605482456, "error_max": 0.24652584485601595, "target": "945.xyz", "model": "3.xyz", "model_rescale": 3.9243930471874484, "target_rescale": 3.9072622193790756},
{"mapping": [9, 8, 5, 7, 1, 2, 0, 6, 11, 4, 10, 3, 12], "R": [[-0.9680920414318432, 0.12187435525038552, 0.21896219045449233], [0.17535401200380085, 0.9536676733816283, 0.24447686847847772], [-0.17902170200983292, 0.2750720092615293, -0.9446092419251083]], "T": [-0.04245530962400623, 0.0072965774552610635, 0.05391791455909184], "aligned_model": [[-0.555987553462559, 0.06103579527522893, -0.4260000766774442, 0.4389186847423546, -0.192223450117542, 0.7009210010559979, 0.16206296998178454, -0.2567701466905326, -0.7307140383186678, 0.5293322296122001, 0.05802867937612377, 0.37875755932625527, -0.0790389154120517], [-0.43565408532063005, -0.6112750420443821, 0.6301151190842594, -0.1958142792342077, 0.1298181482599321, 0.38438701091773014, 0.7183032506315945, 0.5241168878863124, -0.080989359934643, -0.15214620058299017, -0.2923182132570818, 0.4486725133822534, 0.10732460412987328], [-0.14041874348929229, -0.000809698878289411, -0.14258545855173949, -0.5543121540455616, -0.633627188516444, -0.3415678070851304, -0.36556288043205193, 0.5105166794236176, 0.43423304313316297, 0.05598671752825182, 0.6842048846448878, 0.3380312239621105, 0.0006352283307111406]], "inverted": true, "swapped": false, "error_lsq": 0.04533074130226685, "error_max": 0.33028691779472585, "target": "945.xyz", "model": "4.xyz", "model_rescale": 3.8936222436046832, "target_rescale": 3.9072622193790756},
{"mapping": [6, 2, 11, 5, 10, 8, 0, 1, 3, 4, 9, 12], "R": [[0.6059804138525161, -0.17738342937983295, -0.7754500996251038], [0.5725691978352498, -0.5794625912903296, 0.5799893266133397], [-0.552224819903481, -0.7954610136748038, -0.2495786930128886]], "T": [-0.13302063349483603, 0.02102127458763497, 0.009963502349527135], "aligned_model": [[0.04542211458972442, -0.5174988055382288, -0.2974363627405898, 0.3916669527544987, -0.5896161929676154, -0.9117898000533853, -0.20523550583044028, 0.02718806323304304, 0.6879069602832069, 0.3789905410885165, 0.19377531242454785, -0.17582523502818084], [-0.5649004099177882, -0.5945787961449542, 0.1666836238480846, -0.050382924936298396, 0.5633770954360124, -0.006176535893277994, -0.417164485410681, 0.27741084580984515, 0.1511656264151095, -0.3875880233699959, 0.5173670976534116, 0.013709791620339704], [-0.3989499234455858, -0.14286002823114072, -0.6788841881641865, -0.5813779257836001, -0.06263563554481091, 0.24843320418856132, 0.5632016919074277, 0.5834109221194964, 0.08596453587631445, 0.2211943121719355, -0.23804437646311621, 0.019832130644223008]], "inverted": false, "swapped": true, "error_lsq": 0.04382910353328446, "error_max": 0.252429868466316, "target": "945.xyz", "model": "5.xyz", "model_rescale": 3.6523030999806103, "target_rescale": 3.9072622193790756},
{"mapping": [8, 6, 5, 10, 9, 11, 7, 0, 1, 4, 2, 3, 12], "R": [[-0.8400106510026937, -0.4310304191941602, 0.32953737865580246], [-0.43353144288834855, 0.89841430228164, 0.07001592306712102], [-0.3262400867906605, -0.08405069413812725, -0.941542822491745]], "T": [-0.02553182463832436, 0.03122685457522048, -0.05789238989014957], "aligned_model": [[-0.5673313062732105, -0.22039264073585346, -0.5899630925459242, 0.41960836263873486, 0.055602484314611775, 0.6782843551778958, 0.08344698317782806, -0.34570950794473954, -0.3594273674045577, 0.518109998755738, 0.26363806861751105, 0.19963342226347447, -0.047177021350361725], [-0.13690099391790986, -0.5889774742069818, 0.4124305345194701, -0.5216980020434558, 0.036073221402048904, 0.42438772061430297, 0.6844352461169015, 0.6777299225786704, -0.08942388844459102, -0.03414941706322794, -0.33480882227077524, 0.515793729454526, 0.12964857717904227], [-0.4210582623612982, -0.05733115755633715, -0.06004371318662492, -0.38161659082538113, -0.7762631937372654, -0.4109310868983946, -0.2260009154433884, 0.6252501755186828, 0.5390431432481053, 0.11331249581803433, 0.5409483989005112, 0.3861079009941417, -0.026693348446551586]], "inverted": true, "swapped": false, "error_lsq": 0.054605321539243794, "error_max": 0.33056800868260333, "target": "945.xyz", "model": "6.xyz", "model_rescale": 4.08911054899281, "target_rescale": 3.9072622193790756},
{"mapping": [4, 3, 5, 0, 6, 2, 7, 12, 10, 1, 11, 13, 14], "R": [[0.6822366386027521, -0.7273785616803773, 0.07398376143319042], [0.7287381318095784, 0.6846938603487549, 0.011621224006334887], [-0.05910925642150581, 0.045986363288537196, 0.997191731913573]], "T": [-0.041091254759198226, 0.029084030416423587, 0.05707346453388232], "aligned_model": [[-0.6166724305498679, -0.09631159223056882, -0.6703591540272771, 0.5111105652195813, 0.04373606595895668, 0.5901516453886755, -0.026349656234477787, -0.20542861140738095, -0.5651315376864343, 0.6608262274867454, 0.054261833686160804, 0.37363149813555147, 0.034857884951482954], [-0.15106927104510365, -0.5563278803623658, 0.44195700994639137, -0.4162152542766823, 0.030986939599024366, 0.32641943928764555, 0.6896135873374517, 0.5344548218347585, -0.001067847396688009, -0.1493208213556642, -0.03592966651627337, 0.5558819022150172, -0.09484260534949067], [-0.30775606791955956, -0.4727331467061511, -0.06149737213396708, -0.5605331094011919, -0.4348042347470441, -0.34698544074545834, -0.34637709531713223, 0.5320424260485176, 0.5507814193369912, 0.17295968389187916, 0.6325837343746833, 0.35098427218051553, 0.1360587771621512]], "inverted": false, "swapped": false, "error_lsq": 0.045532871705695324, "error_max": 0.36308120182185943, "target": "945.xyz", "model": "7.xyz", "model_rescale": 3.964800864290218, "target_rescale": 3.9072622193790756},
{"mapping": [7, 8, 2, 5, 1, 3, 0, 4, 12, 10, 11, 6, 13], "R": [[0.9615518291454015, 0.11885791980684739, -0.24756993914108744], [0.27412052057065023, -0.46993758179569284, 0.8390569762644801], [-0.016613851727050016, -0.8746607708793196, -0.4844507362112128]], "T": [0.008409975481229319, 0.11589845445003549, -0.007479062251781099], "aligned_model": [[-0.6211157516688869, -0.05883273265993448, -0.4827482744982358, 0.5428287770357424, -0.28693661017736444, 0.6014207372271441, 0.07838691725754093, -0.26413912057348243, -0.5130602597194647, 0.6453998757000886, 0.1469390608122291, 0.27549738040076677, 0.024682739555004052], [-0.13067806136618937, -0.6150084347370888, 0.5525063400452663, -0.3502645630476088, 0.07464883544784895, 0.462980119959344, 0.7047579681615832, 0.5009261345347782, -0.23772212873136261, -0.3732479943952022, 0.032176291048706895, 0.5129580855592699, 0.04050776143867449], [-0.2305273656879678, -0.23619530336273473, -0.08961221918162945, -0.4503778188891301, -0.6960927089684142, -0.2395033058627046, -0.4093584885151538, 0.5145976283044655, 0.40928971565600586, 0.1660537346728715, 0.8054991763047241, 0.32041389384103314, -0.019463092287131396]], "inverted": true, "swapped": false, "error_lsq": 0.045616951375688226, "error_max": 0.2650565108865027, "target": "945.xyz", "model": "8.xyz", "model_rescale": 4.121658175737393, "target_rescale": 3.9072622193790756},
{"mapping": [2, 0, 8, 4, 1, 9, 6, 11, 3, 5, 10, 7, 12], "R": [[-0.630918548979649, -0.36117428973772325, 0.6866548747266457], [0.7665104873226123, -0.4270752128083021, 0.47965449589177744], [0.12001440487652187, 0.8289510812087737, 0.5462935544054492]], "T": [0.006153955914384741, 0.1356761532681777, 0.030580323202575883], "aligned_model": [[-0.6346132302171712, 0.01083515456849184, -0.41394980210605753, 0.5195112457048898, -0.15365467251571796, 0.6700357595456324, 0.014989788155924545, -0.22341311158825672, -0.5895751431352688, 0.5145345518670333, 0.056329350685147425, 0.32642136366281027, -0.00912851593631037], [-0.014012384890936952, -0.6359218318408206, 0.7245339284092995, -0.2689814338059102, -0.1652436955179956, 0.48776498933396795, 0.5658086948550075, 0.37609486462910086, -0.1913537412290585, -0.1472889003116624, -0.2944507305110936, 0.6398456988204023, 0.09774489597772032], [-0.19158449304815492, -0.12251728904912777, -0.054933949759598394, -0.570122971245731, -0.5684523658882006, -0.32786663153425233, -0.5126415235880577, 0.5714406372387371, 0.43163179137173346, 0.23842125850446638, 0.6542421900866241, 0.3443521625778968, -0.04724496964210191]], "inverted": false, "swapped": false, "error_lsq": 0.04403018164979643, "error_max": 0.21793839820310076, "target": "945.xyz", "model": "9.xyz", "model_rescale": 3.833441315466971, "target_rescale": 3.9072622193790756},
{"mapping": [12, 1, 11, 4, 6, 3, 7, 8, 10, 5, 13, 9, 14], "R": [[0.9892252555202202, -0.12430739158776472, -0.0773373534432176], [-0.14330374102210547, -0.9302578923418278, -0.33776366226225363], [-0.02995716358443113, 0.3452070771759851, -0.9380483155027725]], "T": [-0.036327315500054476, 0.02852984648324209, -0.01626160837325279], "aligned_model": [[-0.5358043546597745, -0.1665772901270728, -0.5403761592868781, 0.5506589840126698, -0.02424047526261254, 0.6575265625899637, -0.04492118076714942, -0.21586801435789196, -0.6468491856241635, 0.45369864495388784, 0.26079480184666054, 0.31592421576421154, 0.024356189609296225], [-0.1526130934529857, -0.6750964045840603, 0.4839548298304279, -0.1218255955671369, -0.20622539211908258, 0.5003446866628772, 0.6398732770381208, 0.5551758596103685, 0.06399544472726806, -0.41612154862773326, -0.2855539624821946, 0.6877570828860384, 0.10087516999611293], [-0.30039182495408817, -0.19943905194221323, -0.07838993254148158, -0.5346754443387216, -0.6534220703345671, -0.24049229805095843, -0.2810243931051316, 0.5296032803013, 0.533064688977624, 0.12372016320456823, 0.6536311813653909, 0.29877558949300875, -0.0062360420504964514]], "inverted": true, "swapped": false, "error_lsq": 0.04485241386241753, "error_max": 0.31600706784501664, "target": "945.xyz", "model": "10.xyz", "model_rescale": 4.2482417240324, "target_rescale": 3.9072622193790756},
{"mapping": [0, 4, 3, 5, 8, 10, 1, 11, 6, 7, 2, 12], "R": [[0.9671576271818889, 0.24180913416273192, 0.07832283715091745], [-0.06012654423643796, -0.08174498990613299, 0.9948379542937787], [0.24696340389232346, -0.9668743968379331, -0.06452114286961269]], "T": [0.007501846445103426, 0.082723704861576, 0.07992339748150581], "aligned_model": [[-0.6412048140998508, -0.09063444507458451, 0.40660841663204417, 0.6689901903877652, -0.5585962691780723, 0.09035538760327713, -0.22528792074002515, 0.508919574670654, 0.1296551528097476, -0.04158196369404043, -0.3465901124372146, -0.023867594516693652], [-0.20150429916414014, -0.5962484454917107, -0.5032137829414405, -0.2869403184174544, 0.6487552852754073, 0.7758287417600833, 0.020817925768048078, 0.4024697536119973, -0.3431441194992103, 0.5908910073898633, 0.04752973585851017, 0.1108899059006858], [0.12101296707312587, 0.13561490154881883, 0.5204083911607995, -0.15642801085254435, -0.0724908664000655, 0.22359202559790678, 0.6817713689729006, -0.33129907134915604, -0.5083549298700413, -0.5433530255963849, -0.5708624448380949, 0.06558098440709174]], "inverted": false, "swapped": true, "error_lsq": 0.04238020997003281, "error_max": 0.29004989005464393, "target": "945.xyz", "model": "11.xyz", "model_rescale": 3.6694154284099745, "target_rescale": 3.9072622193790756},
{"mapping": [10, 7, 2, 5, 12, 0, 1, 3, 8, 6, 11, 4, 13], "R": [[0.17146248704903183, -0.9243059358985523, -0.3409679638876093], [0.28303150252762055, 0.3777183478924366, -0.8816019613421725], [0.9436597819722519, 0.054656989746139834, 0.3263722251662544]], "T": [0.007408049820044712, -0.010551653055513588, -0.019704486106083323], "aligned_model": [[-0.5103809130270971, -0.028388148298471513, -0.5148599289889293, 0.5059562346918263, -0.14264806340604677, 0.5709757739923629, -0.06866829776874224, -0.22979199506258166, -0.5375088237832885, 0.5147654852052626, 0.10741664915483394, 0.34083523552946, 0.08061953045255894], [-0.2774146371165587, -0.7288322814738692, 0.3734331161505421, -0.36614316779401024, 0.09444874175740722, 0.3591000597175154, 0.8113412180062332, 0.684925328272018, 0.10516157044515348, -0.215608973674691, -0.22991872721697482, 0.48024359411025014, 0.08380451273500483], [-0.27309652426071407, -0.20667210230936076, -0.09784172896042292, -0.5389107789066571, -0.674094721545991, -0.2573742063917316, -0.20726245564347873, 0.4289566418675188, 0.4924223556826901, 0.12310574277647407, 0.6780813089198743, 0.42259064945352004, -0.04518033465748754]], "inverted": false, "swapped": false, "error_lsq": 0.0413733127421725, "error_max": 0.25452589213769283, "target": "945.xyz", "model": "12.xyz", "model_rescale": 3.9764082729961374, "target_rescale": 3.9072622193790756},
{"mapping": [7, 4, 8, 5, 0, 12, 1, 11, 3, 6, 14, 13, 15], "R": [[-0.9410769455811286, 0.2965567752777377, -0.16256771368436887], [0.33794983987735583, 0.8428336628222789, -0.4188332872879745], [0.012809692524144128, -0.4490940835175306, -0.8933926437614015]], "T": [0.05306918650739917, 0.16093839189947634, -0.09925377246509834], "aligned_model": [[-0.5586459491161027, -0.010767063606228158, -0.5279898466395714, 0.5950993094386969, -0.16575563907994562, 0.49815750671760417, -0.05335203187282092, -0.15795840286505747, -0.5880296420038618, 0.49121634931012814, 0.08234452152364485, 0.4798186412513689, 0.004184985633292233], [-0.2362302262456143, -0.5421200680631565, 0.527209900597891, -0.30368465715995285, -0.1396690790076524, 0.6042677563166396, 0.69257759522804, 0.5404988112434838, -0.0074941510069419515, -0.33125389530741145, -0.018158824166318865, 0.3128465164246385, 0.07575067506437572], [-0.2969792906281063, -0.2315317253734705, 0.06768459509204475, -0.5387451534414717, -0.7228391937537533, -0.21136530981161838, -0.4299452601445294, 0.565536377387065, 0.41946215931758557, 0.28731138613200413, 0.6791260715264054, 0.31219412310112193, -0.055184933379043614]], "inverted": true, "swapped": false, "error_lsq": 0.04460385806935077, "error_max": 0.2937844188726355, "target": "945.xyz", "model": "13.xyz", "model_rescale": 4.170626492500431, "target_rescale": 3.9072622193790756},
{"mapping": [8, 12, 0, 5, 4, 6, 2, 1, 7, 11, 9, 3, 13], "R": [[-0.9205418378670475, 0.28603158312374377, 0.26606138049721423], [-0.3755248213494643, -0.46028988129643433, -0.8044341699148337], [-0.10762821789294638, -0.8404279615956619, 0.531128052433073]], "T": [-0.04244739370257499, 0.12330551968226383, -0.011198789859911608], "aligned_model": [[-0.6122750577792463, -0.01013726578556711, -0.4889827232973476, 0.5987201746773173, -0.24450377961090097, 0.7068228845022055, -0.043119728946889445, -0.25412247732201143, -0.7509150352854904, 0.5695642389511713, 0.14727377392355034, 0.4177651483171796, 0.05223258634717632], [-0.29148843359689697, -0.5391847261235201, 0.5124983015305051, -0.3531700968324383, 0.05634402157089219, 0.2668412942172059, 0.6850323250756114, 0.45557100844143655, -0.01480303670426164, -0.14637030661319372, -0.10428784600861557, 0.5598870294719986, 0.08767081948929684], [-0.24529001648084478, -0.32066421770662845, 0.05946650932432387, -0.44604929805896776, -0.6877728843073468, -0.3654314798500823, -0.35382790611281845, 0.6488070993938729, 0.35816475784286256, 0.21766003417688112, 0.7427996033160658, 0.25912436103048986, -0.02226271654357383]], "inverted": false, "swapped": false, "error_lsq": 0.04488643118122366, "error_max": 0.23143544731808455, "target": "945.xyz", "model": "14.xyz", "model_rescale": 3.9786697098870705, "target_rescale": 3.9072622193790756},
{"mapping": [10, 1, 11, 7, 9, 5, 0, 4, 6, 2, 3, 12], "R": [[0.2025170640958569, 0.9552207452738226, 0.21573170037923758], [0.8453337754558111, -0.05931067277248947, -0.5309360151363804], [-0.49436590378344125, 0.28988889577525606, -0.8194917823154688]], "T": [-0.05571058382573487, -0.07289278277385805, -0.07513044297691597], "aligned_model": [[-0.06025596173098229, -0.7008381033457587, 0.5715061592561322, 0.5388504046443022, -0.05118893731575458, 0.4016084095332056, -0.4153821378060067, -0.2331181232766734, 0.46762184003276835, 0.3603483655201828, -0.34239805783838745, -0.05339926090569167], [-0.36459706166051264, -0.033874677694045896, 0.0019010239287176323, -0.5892665975341503, 0.40815679724877896, 0.572185126316887, -0.391438441617145, 0.25893835327626125, 0.08796623154295599, -0.5178535395964671, 0.6998227444080517, -0.11726546839489217], [-0.7253518893936686, -0.1254539266948718, -0.4269347016468128, -0.24534219862515583, -0.5031883018817819, -0.00574646055582069, 0.4468458772968733, 0.5011942210689093, 0.4174178045730519, 0.3480087999679563, 0.05661487926326152, -0.07809760949811081]], "inverted": false, "swapped": true, "error_lsq": 0.051565127212112365, "error_max": 0.28047722305405876, "target": "945.xyz", "model": "15.xyz", "model_rescale": 3.769337070930944, "target_rescale": 3.9072622193790756},
{"mapping": [9, 11, 1, 10, 3, 5, 4, 6, 0, 8, 12], "R": [[-0.01106245371627762, 0.20487366361759296, -0.9787259085534012], [-0.3700782779206111, -0.9101225916284156, -0.1863301811808583], [-0.9289347072475493, 0.3601439297884693, 0.0858874816689133]], "T": [-0.06786208771222733, 0.07688514907833735, 0.048808682833860306], "aligned_model": [[-0.1994036649059126, -0.3466807019659539, -0.0806442124433203, -0.7767789947987268, 0.43633880261067803, 0.30553926450696034, 0.6001986040808928, 0.43001247434359474, 0.23232854245470957, -0.5857050077725229, -0.0925789754192286], [-0.03524213813327681, -0.5778444221543182, 0.7021670462023875, 0.08131636824247085, 0.24501331472794938, -0.4715357359667216, 0.23986439782780114, -0.4286956793560692, 0.5194174725718166, 0.2401108039047802, 0.081493069758522], [-0.5715033025648555, -0.079060631861644, -0.12178893847399141, -0.024110171415296408, -0.5947363472524784, -0.3869507353174973, 0.019344588552161708, 0.24595119699668688, 0.5150113969620524, 0.6564969500583937, 0.0855636015402452]], "inverted": false, "swapped": true, "error_lsq": 0.04787452815072362, "error_max": 0.30145111249192913, "target": "945.xyz", "model": "16.xyz", "model_rescale": 3.7852294659196426, "target_rescale": 3.9072622193790756},
{"mapping": [9, 11, 0, 6, 10, 5, 4, 3, 8, 7, 2, 1, 12], "R": [[-0.6380605576717473, 0.021504646876378264, 0.7696858287030763], [-0.6701106363464027, -0.5078576793200495, -0.541324590805806], [0.37924986459989474, -0.8611725307500095, 0.3384544466875647]], "T": [-0.00750017692909848, 0.1209834911791801, 0.04779603003857638], "aligned_model": [[-0.7236970585737732, -0.0363599568128694, -0.5274869688921556, 0.5045767518548773, -0.09524154962903122, 0.5345500500862499, 0.07893146428642024, -0.26468907630570276, -0.53963607510929, 0.5842041826456341, 0.18051411357757252, 0.43996745249499586, -0.0473105909317803], [-0.1968125442982694, -0.6113752613406653, 0.5435187353431239, -0.2840496062355335, -0.028836728863347247, 0.39288606507196483, 0.7140401080114195, 0.5826483524133128, -0.16897412865927486, -0.2521538193175067, -0.09131600785069659, 0.5082891744259541, 0.06667601521753867], [-0.3173470817259767, 0.07517933053193865, -0.08191464555139247, -0.5531354510038126, -0.7390396761048854, -0.20609282805383958, -0.32982826170903423, 0.642114797285309, 0.28646290209678305, 0.09341952784372268, 0.5897061427945623, 0.39996244324318675, -0.014763353622327904]], "inverted": false, "swapped": false, "error_lsq": 0.03796125534978846, "error_max": 0.28757182121238817, "target": "945.xyz", "model": "17.xyz", "model_rescale": 3.901054581598922, "target_rescale": 3.9072622193790756},
{"mapping": [7, 1, 12, 4, 6, 10, 11, 13, 3, 8, 2, 5, 14], "R": [[-0.7882357803621416, -0.41094482764198864, 0.4580488000106345], [0.16182418989079633, 0.5797230247380167, 0.7985825856821527], [-0.5937148188508298, 0.7035947436009606, -0.3904576169752938]], "T": [0.040498863663878136, 0.07239666791829183, 0.0032066122919023696], "aligned_model": [[-0.5281688374704723, -0.051078452307767495, -0.5841580678924834, 0.6492438236652527, -0.15585420890029544, 0.6059537243021315, -0.19617876522264607, -0.11955259169607804, -0.5680540913710843, 0.5397263778332283, 0.06112321820230079, 0.4218060695473887, 0.013514540001672563], [-0.11618795774926649, -0.5491637202766415, 0.4743895869378498, -0.24547141102557365, -0.015131817199239964, 0.48179257266202546, 0.6014917139017497, 0.4900131650932218, 0.030677515800825922, -0.2894748840829897, -0.1397046670642222, 0.3314833918803841, 0.11982686503989717], [-0.28092347841593596, -0.2983921749441034, -0.010228974555624245, -0.38917512526894504, -0.7161750530692461, -0.4270369720745517, -0.5452212509928613, 0.5754672095944605, 0.4629116294252699, 0.24864320509816681, 0.8021595281052294, 0.424591153066147, -0.0018958499437720187]], "inverted": false, "swapped": false, "error_lsq": 0.0460005279275335, "error_max": 0.2597578895449513, "target": "945.xyz", "model": "18.xyz", "model_rescale": 3.9405287249114394, "target_rescale": 3.9072622193790756},
{"mapping": [0, 12, 5, 3, 1, 10, 2, 9, 7, 14, 13, 11, 15], "R": [[0.5960242129846547, -0.24872159033825178, 0.7634741043648003], [0.7921964709521552, 0.33735067430409804, -0.5085462358109848], [-0.13107207538974294, 0.907927361106703, 0.39810553626751316]], "T": [-0.10772953989461073, -0.025757958797760577, -0.0014316478048777368], "aligned_model": [[-0.6663804352496114, 0.07930680825380554, -0.3566552320111609, 0.488240284983122, -0.14445845090800813, 0.5354473853244673, 0.04454430918971816, -0.3002240912346643, -0.5857804560723243, 0.6343354333306019, 0.16197961747602388, 0.2888728203235057, -0.09090525471432842], [-0.21363563046671447, -0.5333934168452356, 0.7674219738365731, -0.25783814210896067, -0.11576843269377146, 0.378516598050873, 0.656288901681852, 0.4219278612142632, -0.056772086191732754, -0.16010970638698366, -0.15543721061923008, 0.4383109532488111, 0.005028691198276605], [-0.35538844681184706, -0.0878186168084694, -0.014247147379920702, -0.563914848641498, -0.654170895639895, -0.2033959082498873, -0.5181037275692033, 0.591470621731248, 0.5144472085024746, 0.17471643055015781, 0.6000416329395067, 0.3813996657539102, -0.020312122352342837]], "inverted": false, "swapped": false, "error_lsq": 0.03713497847980279, "error_max": 0.2640291488872173, "target": "945.xyz", "model": "19.xyz", "model_rescale": 4.410303926677745, "target_rescale": 3.9072622193790756},
{"mapping": [7, 8, 2, 5, 1, 3, 0, 4, 12, 10, 11, 6, 13], "R": [[0.9615518291454015, 0.11885791980684739, -0.24756993914108744], [0.27412052057065023, -0.46993758179569284, 0.8390569762644801], [-0.016613851727050016, -0.8746607708793196, -0.4844507362112128]], "T": [0.008409975481229319, 0.11589845445003549, -0.007479062251781099], "aligned_model": [[-0.6211157516688869, -0.05883273265993448, -0.4827482744982358, 0.5428287770357424, -0.28693661017736444, 0.6014207372271441, 0.07838691725754093, -0.26413912057348243, -0.5130602597194647, 0.6453998757000886, 0.1469390608122291, 0.27549738040076677, 0.024682739555004052], [-0.13067806136618937, -0.6150084347370888, 0.5525063400452663, -0.3502645630476088, 0.07464883544784895, 0.462980119959344, 0.7047579681615832, 0.5009261345347782, -0.23772212873136261, -0.3732479943952022, 0.032176291048706895, 0.5129580855592699, 0.04050776143867449], [-0.2305273656879678, -0.23619530336273473, -0.08961221918162945, -0.4503778188891301, -0.6960927089684142, -0.2395033058627046, -0.4093584885151538, 0.5145976283044655, 0.40928971565600586, 0.1660537346728715, 0.8054991763047241, 0.32041389384103314, -0.019463092287131396]], "inverted": true, "swapped": false, "error_lsq": 0.045616951375688226, "error_max": 0.2650565108865027, "target": "945.xyz", "model": "20.xyz", "model_rescale": 4.121658175737393, "target_rescale": 3.9072622193790756},
{"mapping": [8, 6, 5, 10, 9, 11, 7, 0, 1, 4, 2, 3, 12], "R": [[-0.8400106510026937, -0.4310304191941602, 0.32953737865580246], [-0.43353144288834855, 0.89841430228164, 0.07001592306712102], [-0.3262400867906605, -0.08405069413812725, -0.941542822491745]], "T": [-0.02553182463832436, 0.03122685457522048, -0.05789238989014957], "aligned_model": [[-0.5673313062732105, -0.22039264073585346, -0.5899630925459242, 0.41960836263873486, 0.055602484314611775, 0.6782843551778958, 0.08344698317782806, -0.34570950794473954, -0.3594273674045577, 0.518109998755738, 0.26363806861751105, 0.19963342226347447, -0.047177021350361725], [-0.13690099391790986, -0.5889774742069818, 0.4124305345194701, -0.5216980020434558, 0.036073221402048904, 0.42438772061430297, 0.6844352461169015, 0.6777299225786704, -0.08942388844459102, -0.03414941706322794, -0.33480882227077524, 0.515793729454526, 0.12964857717904227], [-0.4210582623612982, -0.05733115755633715, -0.06004371318662492, -0.38161659082538113, -0.7762631937372654, -0.4109310868983946, -0.2260009154433884, 0.6252501755186828, 0.5390431432481053, 0.11331249581803433, 0.5409483989005112, 0.3861079009941417, -0.026693348446551586]], "inverted": true, "swapped": false, "error_lsq": 0.054605321539243794, "error_max": 0.33056800868260333, "target": "945.xyz", "model": "21.xyz", "model_rescale": 4.08911054899281, "target_rescale": 3.9072622193790756},
{"mapping": [13, 0, 14, 6, 7, 5, 9, 15, 2, 8, 1, 11, 16], "R": [[0.6968942693270702, -0.5945616037985733, 0.4010422380093619], [-0.2321019036481852, -0.7160826097139005, -0.658296591505849], [0.6785772496200988, 0.365680455252668, -0.637032747152157]], "T": [-0.0682751403821794, 0.1113833438733062, -0.0693199059701532], "aligned_model": [[-0.5753360731309288, -0.07919054369808644, -0.5175695398592575, 0.4306512202802696, -0.08846730724025152, 0.49025219546777454, 0.02669636519917319, -0.21294739338958624, -0.4627140303880371, 0.5752370925618309, 0.17486215617494477, 0.41856317063421794, -0.09171457392091575], [-0.09130269129009708, -0.6623449998116507, 0.5695854837357036, -0.3551011502005661, -0.21536313347472372, 0.5004616265622203, 0.7616598936059165, 0.5059102045597718, -0.05036200349346118, -0.04133474687150013, -0.23791455509684453, 0.4182729169760897, 0.07237350871716175], [-0.44152623001361435, -0.10544056942279145, -0.07213550024409593, -0.3676969023625295, -0.7006876307927503, -0.2547770681299525, -0.3443988647401432, 0.5264363472918805, 0.5133551613095473, 0.13884159111984218, 0.600660402743447, 0.4353584857863598, -0.0832653765209659]], "inverted": true, "swapped": false, "error_lsq": 0.03909332680044708, "error_max": 0.24575543159453628, "target": "945.xyz", "model": "22.xyz", "model_rescale": 4.204369325754507, "target_rescale": 3.9072622193790756},
{"mapping": [0, 12, 5, 3, 1, 10, 2, 9, 7, 14, 13, 11, 15], "R": [[0.5960242129846547, -0.24872159033825178, 0.7634741043648003], [0.7921964709521552, 0.33735067430409804, -0.5085462358109848], [-0.13107207538974294, 0.907927361106703, 0.39810553626751316]], "T": [-0.10772953989461073, -0.025757958797760577, -0.0014316478048777368], "aligned_model": [[-0.6663804352496114, 0.07930680825380554, -0.3566552320111609, 0.488240284983122, -0.14445845090800813, 0.5354473853244673, 0.04454430918971816, -0.3002240912346643, -0.5857804560723243, 0.6343354333306019, 0.16197961747602388, 0.2888728203235057, -0.09090525471432842], [-0.21363563046671447, -0.5333934168452356, 0.7674219738365731, -0.25783814210896067, -0.11576843269377146, 0.378516598050873, 0.656288901681852, 0.4219278612142632, -0.056772086191732754, -0.16010970638698366, -0.15543721061923008, 0.4383109532488111, 0.005028691198276605], [-0.35538844681184706, -0.0878186168084694, -0.014247147379920702, -0.563914848641498, -0.654170895639895, -0.2033959082498873, -0.5181037275692033, 0.591470621731248, 0.5144472085024746, 0.17471643055015781, 0.6000416329395067, 0.3813996657539102, -0.020312122352342837]], "inverted": false, "swapped": false, "error_lsq": 0.03713497847980279, "error_max": 0.2640291488872173, "target": "945.xyz", "model": "23.xyz", "model_rescale": 4.410303926677745, "target_rescale": 3.9072622193790756},
{"mapping": [5, 4, 13, 3, 0, 1, 7, 14, 15, 10, 9, 11, 16], "R": [[0.7518798630111938, -0.527949558138744, -0.3948999058741004], [0.4831278771894384, 0.8487727341349145, -0.21487740707568287], [0.44862470493798645, -0.029225157830998216, 0.8932422763556693]], "T": [-0.07309518273316862, 0.1028095515185948, 0.013541416018107807], "aligned_model": [[-0.5350308212671236, 0.0041069759577551795, -0.48662588778607363, 0.4506777607496101, -0.08668621457270492, 0.6641988684504375, 0.07519831512542305, -0.32773369241686234, -0.5128532796817283, 0.47052019321573435, 0.06184057493149872, 0.30647175732502047, 0.004238188660160985], [-0.2747314183519809, -0.564791564510688, 0.6707246120918869, -0.35626672624227895, 0.10746589870487416, 0.3335557602469952, 0.6507381102251779, 0.43482604010673653, -0.1583907755642898, -0.18344265228727122, -0.03622475170130951, 0.4885108992422713, 0.0625669219578968], [-0.18565776909404252, -0.135565758729011, -0.01198237252548685, -0.5558107241435571, -0.7415608375678453, -0.3599408711349413, -0.3324560257771865, 0.5455886608247164, 0.5112375041429035, 0.2287760440960096, 0.6092609703891239, 0.34199977713830426, -0.06916475159475312]], "inverted": false, "swapped": false, "error_lsq": 0.038869397742387596, "error_max": 0.2021610241901304, "target": "945.xyz", "model": "24.xyz", "model_rescale": 4.28219845311461, "target_rescale": 3.9072622193790756},
{"mapping": [0, 4, 6, 3, 1, 5, 8, 14, 2, 9, 13, 11, 15], "R": [[-0.13034742598971072, 0.8478362109205023, -0.5139876535383144], [0.8079959166254963, -0.20959838778090417, -0.5506460882964391], [-0.5745886765803699, -0.4870752254956222, -0.6577275860521649]], "T": [0.08417006947315495, 0.050534693775927376, 0.0950267028312939], "aligned_model": [[-0.6184066351768991, -0.18349826589685928, -0.6461358453927405, 0.40875945044590845, 0.08485501235828549, 0.5990298948865663, -0.0019645313036022183, -0.2299861130879662, -0.5228845996589224, 0.7478774669798667, 0.06013761696303539, 0.369999581420845, 0.0205397061536301], [-0.11070483098195597, -0.5889729488156124, 0.5431608402869799, -0.39594864638142435, 0.03935389547628785, 0.49071683785256964, 0.5784006605439308, 0.5063543654503329, -0.06644798048030362, -0.06223153051843568, -0.2568363847494231, 0.46716639439736724, 0.030529681837707268], [-0.28699680662163063, -0.1374215932110066, -0.09515711731800243, -0.44842495608740296, -0.5450919732353383, -0.42115129081576497, -0.34756160316642853, 0.6181700338294913, 0.389271000986286, 0.1554415439891641, 0.60282776451738, 0.29799612758691235, 0.0628227155705747]], "inverted": true, "swapped": false, "error_lsq": 0.03829496350042922, "error_max": 0.21245018570897922, "target": "945.xyz", "model": "25.xyz", "model_rescale": 4.100010024507729, "target_rescale": 3.9072622193790756},
{"mapping": [0, 4, 3, 5, 8, 10, 1, 11, 6, 7, 2, 12], "R": [[0.9671576271818889, 0.24180913416273192, 0.07832283715091745], [-0.06012654423643796, -0.08174498990613299, 0.9948379542937787], [0.24696340389232346, -0.9668743968379331, -0.06452114286961269]], "T": [0.007501846445103426, 0.082723704861576, 0.07992339748150581], "aligned_model": [[-0.6412048140998508, -0.09063444507458451, 0.40660841663204417, 0.6689901903877652, -0.5585962691780723, 0.09035538760327713, -0.22528792074002515, 0.508919574670654, 0.1296551528097476, -0.04158196369404043, -0.3465901124372146, -0.023867594516693652], [-0.20150429916414014, -0.5962484454917107, -0.5032137829414405, -0.2869403184174544, 0.6487552852754073, 0.7758287417600833, 0.020817925768048078, 0.4024697536119973, -0.3431441194992103, 0.5908910073898633, 0.04752973585851017, 0.1108899059006858], [0.12101296707312587, 0.13561490154881883, 0.5204083911607995, -0.15642801085254435, -0.0724908664000655, 0.22359202559790678, 0.6817713689729006, -0.33129907134915604, -0.5083549298700413, -0.5433530255963849, -0.5708624448380949, 0.06558098440709174]], "inverted": false, "swapped": true, "error_lsq": 0.04238020997003281, "error_max": 0.29004989005464393, "target": "945.xyz", "model": "26.xyz", "model_rescale": 3.6694154284099745, "target_rescale": 3.9072622193790756},
{"mapping": [2, 10, 6, 4, 0, 5, 1, 3, 12, 8, 9, 7, 13], "R": [[0.24059236772013093, -0.9044233268279183, 0.3523262103283573], [-0.41275664561006464, 0.23319949863655454, 0.8804827910529467], [-0.8784914707039271, -0.3572624241718966, -0.3172007190648705]], "T": [0.03159288566050757, 0.021149723624321104, 0.017838642676479444], "aligned_model": [[-0.4829102701945741, 0.09366220486385637, -0.5103392066201768, 0.3215436370693287, 0.01894166192893979, 0.5411498853772068, -0.07196717798434835, -0.1637987462333354, -0.6697705989067385, 0.6075227712917293, 0.05710087145652253, 0.35768769728354977, -0.01049999064081291], [-0.2049532127093383, -0.5763781615656526, 0.43463274804467217, -0.4914366260557871, 0.1489974106642355, 0.4917234687877291, 0.8181685810456778, 0.5175208431044873, 0.01855214084705681, -0.23897349046016603, -0.19436743185355948, 0.4486516401599492, 0.0024024439087163944], [-0.36464483539772635, 0.049438419996374855, -0.06298108063949474, -0.5554975291878188, -0.6305657516560845, -0.36280622347010305, -0.3477880902471094, 0.624690389205572, 0.3890735123167854, 0.11269576028614094, 0.6641862533518079, 0.3449973349182432, -0.016074313452353647]], "inverted": true, "swapped": false, "error_lsq": 0.04347893901714762, "error_max": 0.29688664867274395, "target": "945.xyz", "model": "27.xyz", "model_rescale": 4.103607728864725, "target_rescale": 3.9072622193790756},
{"mapping": [0, 2, 5, 4, 1, 8, 7, 6, 9, 13, 10, 11, 14], "R": [[0.8844867848943927, -0.2545343931364653, 0.391018375601239], [-0.09910358300155914, 0.7164591222928436, 0.6905539847974387], [-0.4559184216320211, -0.6495371958510301, 0.6084733552281046]], "T": [0.031124287157954626, -0.016787279735357027, 0.16749822869789902], "aligned_model": [[-0.5375162687084987, 0.09493933566815654, -0.48138322916791715, 0.5680495584508727, -0.25529629006411003, 0.5217809177283962, 0.027709469044588295, -0.16200970850730276, -0.7048620758527062, 0.6695173515119468, -0.08053180195929242, 0.4567240430698005, -0.028798562522786186], [-0.23663760745665502, -0.5757866197239924, 0.45988164384184294, -0.24924601323267598, 0.0049643868632315985, 0.38002864380984147, 0.5847392058776117, 0.5135423493487375, 0.13891774996051243, -0.1247030632669541, -0.12023476267048344, 0.4590629807001616, -0.059988540133157964], [-0.20399267644834493, -0.30659889606451896, -0.0452532539928415, -0.5248047955641406, -0.6812366828138356, -0.35602175230077515, -0.23028999597290092, 0.455103873784654, 0.49030458433969737, 0.14140202201604396, 0.653920691525409, 0.4214521829307749, 0.03073854458501149]], "inverted": false, "swapped": false, "error_lsq": 0.04144558034690457, "error_max": 0.2583533160406012, "target": "945.xyz", "model": "28.xyz", "model_rescale": 4.137296879288765, "target_rescale": 3.9072622193790756},
