[{"mapping": [6, 2, 9, 11, 8, 1, 3, 0, 13, 12, 5, 14], "R": [[-0.9525374304979597, -0.30428691104505207, 0.009050926306473361], [0.21401240125089255, -0.6904949752094514, -0.6909525174144213], [0.21649742633844768, -0.6562211250616363, 0.7228434819597315]], "T": [-0.011291973702744465, -0.0513247081195122, -0.002211185209092855], "aligned_model": [[-0.322187558196629, 0.07896885600327912, 0.31653329493548243, -0.3231476715632466, -0.0788092855031695, -0.4981032525603292, 0.5042762266197438, -0.25501017953930744, 0.6540230669140874, 0.14864295200974104, -0.4327330537100495, 0.045189067050946316], [-0.36705814500745615, -0.6360526291678451, -0.44362064856432704, 0.6887828907146031, 0.3944652794515485, -0.5682985454097886, -0.39101357853061103, -0.5589343991258909, 0.24502016348222563, 0.45624109072307106, 0.1957176224350016, 0.03830593497652644], [-0.5997279400114046, -0.03586040165625182, -0.47448786206920746, -0.14952326783817177, -0.6337824320473182, -0.042677752899367954, 0.5096583875582161, 0.5741648347562435, 0.16416578659851372, 0.46345378037476886, 0.38560985148989957, 0.020958761097642584]], "inverted": true, "swapped": true, "error_lsq": 0.044772554777780325, "error_max": 0.22740262726630878, "target": "946.xyz", "model": "0.xyz", "model_rescale": 3.751011558992144, "target_rescale": 4.200764791561619},
{"mapping": [11, 12, 9, 10, 6, 7, 13, 3, 2, 5, 8, 0, 1, 4, 14], "R": [[0.8068209360882839, 0.3066956879727346, -0.5049531978991286], [-0.1725442031095451, 0.9397599404125783, 0.2950927860335446], [0.5650384721971748, -0.15096029072136255, 0.8111365579003353]], "T": [0.03273601991218504, 0.023978044348103196, 0.014269123517277344], "aligned_model": [[-0.18838525632583336, -0.5504760790548606, 0.22784214839551636, 0.6048182834054839, -0.21813433886014189, -0.5687839614932432, -0.048807599641636126, -0.5453217410948079, 0.08588301000113825, 0.46390996819323627, 0.510494967222482, -0.4154367109708781, -0.13713036480821006, 0.5813130140800936, 0.01009597561430875], [-0.04578864206845946, -0.34166970274530567, -0.4943984591128519, 0.0599136899979447, 0.5337316597626243, 0.2847267587425811, -0.6797729726877522, -0.3127078051801588, -0.3321020284862858, -0.40037563266995224, 0.19456991007187474, 0.26234205518365167, 0.6767567899594145, 0.587633314136269, -0.011509883930160288], [-0.7492549295340976, -0.2652670579354613, -0.3426748785644695, -0.5721473337014584, -0.4765883506352604, -0.08503265747825446, 0.1742295637255972, 0.38291224793409034, 0.7586618163634989, 0.1695077466772549, 0.4421278101811246, 0.5780317687241882, 0.18951429479449658, -0.06897742727938022, -0.02082856563848497]], "inverted": true, "swapped": false, "error_lsq": 0.04302350722309649, "error_max": 0.2863499561186965, "target": "946.xyz", "model": "1.xyz", "model_rescale": 3.9405287249114394, "target_rescale": 4.200764791561619},
{"mapping": [11, 13, 10, 0, 3, 8, 5, 4, 2, 6, 1, 7, 14], "R": [[-0.0606172965891385, -0.48088721216500435, 0.8746845331491776], [0.09100838109000625, -0.8753086994156826, -0.4749233151768847], [0.994003530137394, 0.05081505587320044, 0.09682361370555692]], "T": [-0.02457005121220989, -0.03096858716177382, -0.04012290168091595], "aligned_model": [[-0.4395159010486187, 0.18743620587947116, -0.4317241774450815, 0.607321927701278, 0.6600786709320373, -0.7563939971886393, 0.17811088401186115, 0.6107082298266349, 0.12992770610341117, -0.5589019580367756, -0.018104360612058383, -0.6564495155251231, -0.016510435314465846], [0.5819978912689465, 0.4095544818023325, 0.08200647132242649, -0.41240498078877513, -0.13557238923828857, 0.2231933581954158, 0.22758544571803496, 0.17866208171760503, -0.5802542401411716, -0.5359314121681322, -0.6186546138449711, -0.031426807428102124, 0.07007730715669602], [0.3045597376445347, -0.6050463085317186, -0.6258668915218362, 0.2831328534921205, -0.44450357536267315, -0.08489965761399085, 0.49008262836200367, 0.16870420866442587, -0.20012834913716152, 0.073331488305436, 0.3604617231520918, 0.47195597491272556, -0.0786634827773135]], "inverted": true, "swapped": true, "error_lsq": 0.04760745840652699, "error_max": 0.2672476279881684, "target": "946.xyz", "model": "2.xyz", "model_rescale": 3.932901565614263, "target_rescale": 4.200764791561619},
{"mapping": [2, 3, 0, 9, 1, 7, 5, 6, 10, 8, 12, 13, 11, 14], "R": [[0.05006049029536774, -0.9652617916430277, 0.25644418672584524], [-0.9970775435762402, -0.06313760426744969, -0.0430118009776191], [0.0577089196516343, -0.25354154791958594, -0.9656015555451338]], "T": [0.075072484839561, -0.09503913830345928, -0.016451011284479868], "aligned_model": [[-0.22280965002574168, 0.4579238577233151, 0.23890369730216052, -0.4314872322441814, -0.33790403077401554, -0.34530740355251266, 0.41568396995336354, -0.655735086550555, -0.13676537266304578, -0.24275854901308733, 0.7549221964532757, 0.5265189099137773, 0.2454842265157746, 0.15314037901417615], [0.08120486666987034, 0.34670767797962065, -0.37845579491835, 0.3744980543633069, -0.4858228208810622, -0.6399320416782925, -0.6175468762628957, -0.22913632923740104, 0.46645660002886996, -0.09307474500267772, -0.10693052981207975, 0.473665405139775, -0.47048721337752625, -0.057649614660668966], [-0.4974814814620809, -0.5655358262035531, -0.7527320793740638, -0.10214143597645922, -0.4437953967032881, 0.416987700100192, -0.012311749165009458, 0.019717716628738533, 0.3853961312287643, 0.6914678508199776, 0.17773715832511566, 0.15938115442540648, 0.6883274397557279, 0.048879180657629584]], "inverted": true, "swapped": true, "error_lsq": 0.04705253729487, "error_max": 0.2889100266002785, "target": "946.xyz", "model": "3.xyz", "model_rescale": 3.9243930471874484, "target_rescale": 4.200764791561619},
{"mapping": [6, 8, 7, 1, 5, 9, 2, 11, 12, 13, 4, 3, 14], "R": [[-0.9913581774561115, 0.10956032405038514, -0.07214914680626329], [0.08313410383021867, 0.950144563837746, 0.3005229252318798], [0.10147750869647694, 0.291927804779802, -0.951041782481297]], "T": [-0.014329570918653459, -0.08045735434486104, -0.06142717574172073], "aligned_model": [[-0.00881316154001837, -0.060683687841273856, 0.45574067488086717, 0.2920968091174137, 0.5594465105125345, -0.5660536397463305, -0.24703461992982467, 0.3957840527872202, 0.11856973001266742, -0.49310926026545115, 0.2589665911511553, -0.3911347837031253, -0.036569329124481825], [-0.693204175761656, 0.026740715050569047, -0.28864089309220164, -0.7114616764335066, 0.12503097181871328, -0.47583598552195916, -0.5551607222868905, 0.37441103985235213, 0.5881815672884382, 0.47805753681338115, 0.2152811513785002, 0.019421602933781174, 0.025008421642065487], [-0.48318639848324574, -0.8285838807286287, -0.6916574681334823, 0.05613613439227756, 0.0712499123246589, -0.2153331893929019, 0.2063247643622415, -0.6014416602140014, 0.12647133164620983, 0.06886790615693346, 0.5121407955921894, 0.6394662419055741, -0.0733841740568609]], "inverted": false, "swapped": true, "error_lsq": 0.04506264461567709, "error_max": 0.29927210526493586, "target": "946.xyz", "model": "4.xyz", "model_rescale": 3.8936222436046832, "target_rescale": 4.200764791561619},
{"mapping": [6, 9, 1, 7, 0, 3, 13, 12, 11, 8, 5, 14], "R": [[0.5263765381196116, -0.171008300818891, -0.8328768823591208], [0.6797498720919156, -0.5037933862182667, 0.533040650789184], [-0.5107522408254688, -0.8467280466913613, -0.1489421479568308]], "T": [-0.1491927375459452, -0.047224705952316495, -0.003176940946155414], "aligned_model": [[-0.03710980992788103, -0.4377371917294125, -0.3283501662716086, 0.5012461555100772, -0.6637161655099779, -0.8510062525216409, -0.2767910595975226, 0.011912780307947124, 0.6453438449734121, 0.47843906665710045, 0.09676311948766791, -0.11144627916306427], [-0.45025946610116324, -0.6643093100109768, 0.09143793334869281, -0.10967806575565299, 0.5060252244366985, 0.09977969433786647, -0.19215802012080624, 0.3398736650103039, 0.07078610028139586, -0.5035338509720968, 0.524619237504871, -0.04366023684932542], [-0.6182950916657378, -0.14586352247003911, -0.6773875912333702, -0.4874552364425812, -0.28327627199062116, 0.3560681757676389, 0.7185284598908176, 0.5662490367758851, 0.1434489519892556, -0.008637963588461285, -0.042519973772874926, 0.09842574601560658]], "inverted": true, "swapped": true, "error_lsq": 0.040856238060297624, "error_max": 0.21550314076702834, "target": "946.xyz", "model": "5.xyz", "model_rescale": 3.6523030999806103, "target_rescale": 4.200764791561619},
{"mapping": [7, 10, 9, 6, 2, 11, 13, 5, 12, 4, 3, 0, 14], "R": [[-0.23249628805896594, -0.8696652376260456, -0.4354628003671909], [0.919230273252934, -0.0502112929678873, -0.3905054811316083], [0.31774389179673984, -0.4910816638028004, 0.8110965532552429]], "T": [0.10283954703000335, -0.05535220582238615, 0.06870083108029602], "aligned_model": [[0.2983225453130121, -0.16915029217718647, 0.3759625927261643, 0.6444654622441671, 0.5642081022089166, -0.3468097937049286, -0.5045206432202909, 0.01591791684701814, -0.5022636037562211, -0.06202208469827965, 0.03831408129260559, 0.534146542841238, -0.005487921251920658], [-0.738218441692509, 0.268914936153674, 0.4007058142072325, -0.195733485764599, 0.31400343206178927, -0.7031180545877964, 0.3792225027508236, -0.5237264405416562, -0.148163143413242, -0.06631088822751022, 0.5860372355801882, 0.017532832251946795, -0.05031939461515793], [0.4649037393614531, 0.653941137266948, 0.5179509345077268, 0.5589093623264983, 0.025094663448537793, 0.28066535494795986, 0.04859847024549942, -0.3339377909708938, -0.2852516905404393, -0.6123519006325298, -0.40844234042967187, -0.608009982517401, 0.0680397824681013]], "inverted": false, "swapped": true, "error_lsq": 0.05373825590577227, "error_max": 0.3196110767605157, "target": "946.xyz", "model": "6.xyz", "model_rescale": 4.08911054899281, "target_rescale": 4.200764791561619},
{"mapping": [12, 13, 7, 5, 10, 11, 2, 1, 0, 6, 3, 9, 8, 4, 14], "R": [[0.26935397419632223, -0.40038709214930945, 0.8758644946707612], [0.9379336876999035, -0.09725310596291636, -0.33289973093744984], [0.21846929775670465, 0.9111706809488477, 0.3493410312529952]], "T": [-0.024517799214665126, 0.017456121400716854, -0.046813238848806005], "aligned_model": [[-0.30014073576986694, -0.4593442362731621, 0.3507501188716846, 0.44258916208063764, -0.15793966464628423, -0.5632829128089464, -0.006103631920409136, -0.5127203845284367, 0.16548597060162223, 0.3425419402894941, 0.41021734954065325, -0.3863549216261911, 0.046254644292386266, 0.5801045392997664, -0.1401759227402994], [0.006503929694940305, -0.4748218079121107, -0.5556980893666681, 0.14955866943853063, 0.5889073126872651, 0.21742993874053257, -0.7562020209266639, -0.3092771860071691, -0.33039140477374895, -0.2346582074390533, 0.20660524558036703, 0.35330466900828866, 0.6680260527947355, 0.3797812933000373, 0.07228065615415066], [-0.7040148550616121, -0.37005143631023146, -0.407309015345846, -0.6340621069573058, -0.46504408455953944, -0.166285778411, 0.17957920922457915, 0.39233325194743024, 0.8061561914907536, 0.17868283491365788, 0.5869685812790169, 0.562150600654511, 0.14527788247388107, -0.04815013066311144, 0.05798290295820033]], "inverted": true, "swapped": false, "error_lsq": 0.0480607791060163, "error_max": 0.3289891162544204, "target": "946.xyz", "model": "7.xyz", "model_rescale": 3.964800864290218, "target_rescale": 4.200764791561619},
{"mapping": [11, 10, 12, 7, 4, 6, 5, 13, 9, 2, 1, 0, 3, 14], "R": [[-0.8504850347620756, -0.48268208104663224, 0.20902921872849156], [0.47939263123674014, -0.547752115103912, 0.685675087424872], [-0.21646688144301918, 0.683363467735643, 0.6972492095389214]], "T": [0.015227261076462951, -0.05528561662394997, 0.040918245435729014], "aligned_model": [[-0.32053408974157377, 0.35075105554924274, 0.30417672160936204, -0.7147598531425645, 0.18568422444457763, -0.45457094126323544, -0.2771646866077579, 0.7024197895075399, 0.19289682556287624, 0.08822721917016099, -0.46658866151681794, -0.058419623363444015, 0.6524966103823465, 0.07657329887016039], [-0.10283099916073545, -0.6742872360703636, 0.34942014165731355, -0.3186665511959074, 0.6235483557567791, -0.5422316331762232, 0.4379130687696552, -0.0824529766497424, -0.6039254755130958, -0.1172838552226728, 0.04040643445743246, 0.562963997048369, 0.28683925725744924, -0.04846406177705552], [-0.7018588649579981, -0.11999989042231145, -0.46184167665564174, -0.20248664280148632, 0.005405778740334585, 0.35001882120131156, -0.20466200451376948, -0.25092768371393176, 0.4305829760010534, 0.6257372373718727, 0.5552927790798876, 0.5524053227477467, 0.3873975442355528, -0.048248657587599095]], "inverted": true, "swapped": true, "error_lsq": 0.045400544108203995, "error_max": 0.275181495480086, "target": "946.xyz", "model": "8.xyz", "model_rescale": 4.121658175737393, "target_rescale": 4.200764791561619},
{"mapping": [11, 8, 10, 13, 7, 5, 6, 0, 9, 1, 12, 3, 14], "R": [[-0.8562106084727251, 0.3647018135379635, 0.3659179978367918], [-0.3381021946170911, -0.931101556979112, 0.13688241883521823], [0.3906280839031834, -0.0065174989983907, 0.9205255141890057]], "T": [-0.0013032254482766015, 0.006846452896975649, 0.017715140791279588], "aligned_model": [[-0.7075884670664601, -0.25458475803730757, 0.32106093625629345, 0.23917365086588918, -0.5334442279490226, -0.5317107867362421, 0.09151920681673398, 0.08301872767430801, 0.5762811848778291, 0.016184760030305625, -0.3118316290529933, 0.5153468140048596, -0.026687915248996035], [0.07614724454803408, -0.22407792216783046, 0.06550727019363389, 0.6574337988596, -0.554553186765863, 0.11572860270238945, -0.7125033817151987, -0.015600587230735874, -0.2817404157231455, -0.5602993881565321, 0.6419729498505352, 0.4838474092869424, 0.0985250457298799], [-0.3861073964419186, -0.6784830626640536, -0.6259261597366771, -0.25986846855009704, -0.23358754778074567, 0.3273280440949292, -0.147480959066431, 0.8187528535501508, -0.24213989449092985, 0.4465793128852331, 0.032963885388571035, 0.4033994439798523, -0.03435461720879518]], "inverted": true, "swapped": true, "error_lsq": 0.04893813096502197, "error_max": 0.2551160433525396, "target": "946.xyz", "model": "9.xyz", "model_rescale": 3.833441315466971, "target_rescale": 4.200764791561619},
{"mapping": [1, 0, 5, 4, 6, 12, 13, 10, 8, 2, 9, 11, 7, 3, 14], "R": [[0.8879584451957421, -0.41096188899576, -0.2064948556225967], [-0.20121873004472035, -0.750855899504939, 0.6290679143445633], [-0.41357081894731207, -0.51703553453478, -0.7494220664909621]], "T": [-0.08338200741657892, 0.04146364500425152, -0.024029106824212016], "aligned_model": [[-0.4396860163428154, -0.41474082006468904, 0.23902115270808771, 0.4096647723083722, -0.16428128503751727, -0.6216156858190105, 0.11242121278129469, -0.6352164780629115, -0.06829925556520702, 0.5181500488141564, 0.4717191954952766, -0.4135792058583861, 0.10037567962704702, 0.720206317056791, -0.0022583173778406157], [-0.14622367052556917, -0.5207363108427431, -0.3811492891851851, 0.31060596694084486, 0.4560320491798803, 0.2649019659645239, -0.731006787231543, -0.30926403787221174, -0.11998956744209173, -0.3168400348838998, 0.06082986685498208, 0.40613658518448714, 0.5808058541449435, 0.36635752374150127, 0.06088893694551386], [-0.6432462397639644, -0.21885084234091048, -0.4422272795419251, -0.5900501873818829, -0.5558353809359399, -0.17699930480608989, 0.0012111724183499865, 0.4741906769966022, 0.7383780896030554, 0.13853753561225893, 0.5670696417024228, 0.4485389177871181, 0.32130706370159745, 0.030849140931883335, 0.02134104365080806]], "inverted": true, "swapped": false, "error_lsq": 0.04762667811739862, "error_max": 0.3679926021492738, "target": "946.xyz", "model": "10.xyz", "model_rescale": 4.2482417240324, "target_rescale": 4.200764791561619},
{"mapping": [1, 6, 8, 10, 4, 12, 5, 13, 9, 3, 2, 14], "R": [[0.5988061226409775, 0.32952927634317, 0.729960056112953], [0.04354995437510226, 0.8966857397342147, -0.4405202442921675], [-0.7997090902081864, 0.29557594656881514, 0.5225899260876963]], "T": [-0.0479215737708685, 0.039920838830009374, 0.042159281740918784], "aligned_model": [[-0.6654661356671742, -0.1814666579283171, 0.4549410404872397, 0.5981874070887785, -0.3506453086073281, 0.15934996062114393, -0.3496723164115343, 0.49942086911619465, 0.1412146870717948, -0.13640350599028397, -0.32617502353223193, 0.03348058611472496], [-0.3092703542159268, -0.6917119455305661, -0.4121875280680154, -0.20195395805525207, 0.6705137343693923, 0.6637698121574936, 0.32926836166377876, 0.4915352648466141, -0.39938777910423623, 0.5596391174530502, -0.1401548625281029, 0.1060715270624101], [-0.008722321394965378, 0.0263757700111062, 0.42281234688877134, -0.17155462858534765, 0.08509195195361885, 0.30272990613786005, 0.5050546844568872, -0.19152072033801587, -0.463455378050903, -0.562219255209019, -0.4490980726839463, 0.0696980066683104]], "inverted": false, "swapped": true, "error_lsq": 0.0472251840531934, "error_max": 0.2351843611998855, "target": "946.xyz", "model": "11.xyz", "model_rescale": 3.6694154284099745, "target_rescale": 4.200764791561619},
{"mapping": [12, 13, 9, 3, 4, 11, 5, 7, 2, 1, 6, 0, 10, 14], "R": [[-0.09633861785475478, 0.22358344050777318, -0.9699120144840679], [0.7890931312745753, -0.5767747258909581, -0.21133609665340264], [-0.6066719878856462, -0.7857107360244721, -0.12086247726553162]], "T": [-0.005233391630097749, 0.05616589585181976, -0.032463576149483225], "aligned_model": [[0.14555754838762974, -0.01739433396986937, -0.2261389980868558, 0.5999045661095752, 0.5818465864896648, -0.4950090905476114, 0.21563201722639994, -0.5141216240989892, 0.25372191107905373, 0.22288015534111003, -0.3632909392562418, 0.7504419359476969, -0.5254322426998728, -0.030332641665880226], [-0.39802570620009603, 0.1634299111658093, 0.7127228043952767, 0.39345170462268275, -0.2675477470698515, -0.5934973225410358, -0.5174243888151469, -0.29146057686128013, 0.5386891174794408, 0.15949752586503324, 0.338575807358684, 0.04872052307468737, 0.4281502552942318, 0.015705380367818017], [-0.5530576231992661, -0.7717147008991351, 0.03494940504161345, -0.4365129452795039, -0.23661756309793977, -0.10153999213840838, 0.07365103178048596, 0.4982767045559936, 0.1940303985808541, 0.6332476951185111, 0.5552518093620672, 0.24713407113187155, -0.3681042465972496, -0.12989858470747884]], "inverted": false, "swapped": true, "error_lsq": 0.05372997100864756, "error_max": 0.31953534849423737, "target": "946.xyz", "model": "12.xyz", "model_rescale": 3.9764082729961374, "target_rescale": 4.200764791561619},
{"mapping": [9, 1, 12, 5, 0, 7, 10, 8, 11, 13, 14, 3, 4, 6, 15], "R": [[0.8881082096954067, 0.10793633437345172, 0.44678132860902114], [0.14378488349795376, 0.8580095329092292, -0.4930979098661505], [-0.43656581995055393, 0.502164703218883, 0.7464856969105247]], "T": [-0.007813649651719008, -0.011058702035130468, -0.050415819666540004], "aligned_model": [[-0.06954297290212842, -0.35378950220077676, 0.242922792485923, 0.37026929330534447, -0.41031170549299606, -0.5491638572789778, -0.1721130340842909, -0.5189404743143469, 0.019831816597461954, 0.5146970622977434, 0.39394271353408955, -0.30902730414723173, 0.021945079633286634, 0.6452155491621195, -0.014054141932571412], [-0.06045960845137778, -0.49107546024281945, -0.5270674073858584, 0.36051681603231583, 0.36220237779752934, 0.5106749561460826, -0.7672984560303984, -0.2630930229786818, -0.3782395730381936, -0.2681881402818589, 0.11391093131511006, 0.2518944511023293, 0.6969955675661584, 0.36106851195613543, 0.0795071074669608], [-0.646442805308903, -0.2810826780440045, -0.32984342663244187, -0.6998839316262827, -0.5255783337902976, 0.025529170594590825, 0.16696413734541637, 0.3677718258054072, 0.6531171468067504, 0.13759363241469663, 0.6291299513857772, 0.6902389048266862, -0.16719463242790938, 0.0864527589148359, 0.00744232736906289]], "inverted": false, "swapped": false, "error_lsq": 0.050352123561867565, "error_max": 0.28764213054169563, "target": "946.xyz", "model": "13.xyz", "model_rescale": 4.170626492500431, "target_rescale": 4.200764791561619},
{"mapping": [12, 4, 11, 5, 10, 6, 7, 3, 13, 0, 2, 1, 9, 14], "R": [[0.9314757021477467, 0.3358320165867351, -0.13989236199181648], [0.3377876516914031, -0.6555709808733226, 0.6753711508508469], [0.13510188256708294, -0.6763457293959036, -0.7240883479622866]], "T": [-0.009321944195451478, 0.06590226872089439, 0.04487463582549558], "aligned_model": [[0.17239031330287252, 0.042715486330162276, -0.38339027630205175, -0.39621600945901886, 0.41263777311984745, -0.3686944976527869, -0.7003617049161089, 0.5845833057840775, 0.6507574557098995, -0.1491608635183698, 0.11355930627976839, -0.4633192018165317, 0.2840170445257139, 0.04366489070416998], [-0.4068304808795689, -0.6329595729608488, 0.13258374757887442, -0.3819890070399964, 0.6098402747434759, 0.6406469028495867, 0.4372084258955972, -0.36192917453363566, -0.03905954947433263, -0.5042964535464154, 0.14384621439352668, 0.07962174711950895, 0.5951279815855155, 0.044263412194377794], [-0.4486337062718146, 0.04081190581171148, -0.6778566746356439, -0.15198582457964235, -0.1735637091373168, 0.35128924588543353, -0.1698168404535683, 0.37266476319272457, -0.288927529364067, 0.5967749641622273, 0.6193404471797146, 0.592216374368456, 0.3887978157541219, -0.04723813079147033]], "inverted": false, "swapped": true, "error_lsq": 0.05558129598230744, "error_max": 0.4390062445594137, "target": "946.xyz", "model": "14.xyz", "model_rescale": 3.9786697098870705, "target_rescale": 4.200764791561619},
{"mapping": [2, 10, 1, 0, 6, 7, 13, 11, 5, 4, 8, 14], "R": [[-0.8521414726779467, -0.1178557023492704, -0.5098675749310017], [-0.42503666442818416, -0.41251204226249205, 0.8057156129058138], [-0.30528469407099923, 0.9032961022899348, 0.30142562458057254]], "T": [-0.014159444262821654, -0.0975366878563994, -0.03436166212476632], "aligned_model": [[0.04069335400623746, -0.7104503076943722, 0.5068628123497375, 0.5930286951246432, 0.04301360173495015, 0.23470695080249318, -0.5703095892942616, -0.007351343903160647, 0.46349597648423696, 0.33265124237981736, -0.3697144263540914, -0.07327236886889349], [-0.33261882510569285, 0.07341702606159017, 0.007432317840097069, -0.5893460678262592, 0.40982691241748975, 0.6765108064465544, -0.47436417957334925, 0.4507966893738076, -0.07646628580505095, -0.5986905678569365, 0.5811949771929312, -0.1130183129407423], [-0.5755765806817028, -0.1214692345976211, -0.5070159001504795, -0.23113964822005356, -0.5753638431044806, -0.01404818851472553, 0.2925079458404232, 0.5706162226060604, 0.36619918306377136, 0.31161436291243055, 0.08841260966534836, 0.05522956505485911]], "inverted": false, "swapped": true, "error_lsq": 0.053729746499524174, "error_max": 0.2769527006362831, "target": "946.xyz", "model": "15.xyz", "model_rescale": 3.769337070930944, "target_rescale": 4.200764791561619},
{"mapping": [13, 12, 9, 10, 3, 4, 2, 5, 6, 8, 14], "R": [[-0.3966660408062255, -0.3198582509385176, -0.8604340482440628], [0.5805621501243864, -0.8134737055527934, 0.03475802378094435], [-0.711058114301541, -0.4857481134093672, 0.5083749879814872]], "T": [0.06534786215888233, 0.02352093980866267, 0.08716398834296413], "aligned_model": [[-0.3792381176885826, -0.14830079867450213, -0.036468426748452215, -0.5316514734977601, 0.32739978798937597, 0.3968150597356129, 0.43354330247033446, 0.2749706453135583, 0.1437671898149129, -0.5432238686005458, -0.014987169422781041], [-0.0835164600685097, -0.5824560886459595, 0.7065703448431727, 0.4120781076968839, 0.05526088800806001, -0.4914119687046664, 0.46115205812425775, -0.5341275607166411, 0.5467207177480932, 0.1402297944005375, -0.03443533505988648], [-0.5036253010776378, -0.2081192172393963, 0.0006323481852717194, -0.032205138699725216, -0.6701542547007078, -0.25357912658425313, -0.06806858174440722, 0.27191812809138355, 0.6101193796627785, 0.5542710767332815, 0.043028294597188876]], "inverted": false, "swapped": true, "error_lsq": 0.04865217418288157, "error_max": 0.27385731559493864, "target": "946.xyz", "model": "16.xyz", "model_rescale": 3.7852294659196426, "target_rescale": 4.200764791561619},
{"mapping": [5, 3, 2, 0, 12, 13, 10, 9, 1, 7, 8, 6, 14], "R": [[0.5200993997189353, 0.850935455058277, 0.0735218725058486], [-0.06799312111555536, 0.12705740125221643, -0.989562202323835], [-0.8513950609986931, 0.5096717258312417, 0.12394023557842328]], "T": [-0.047918515711945026, 0.059410750488043396, -0.05267418047977679], "aligned_model": [[-0.012774449922796208, -0.45844351662772564, 0.20545269425408222, 0.17698864771707032, -0.6188215093895374, -0.7708716135358007, -0.3097169291172953, 0.09721283849328469, 0.6073452762021203, 0.48079341123594377, 0.016000860038123718, 0.5874256107143256, -0.1468254698455123], [-0.11962390836316827, -0.5456158275598506, -0.2516652535130147, -0.7087437965834442, -0.021489581174124445, 0.10780054317529761, 0.5667827840792492, 0.2210773824954257, -0.2166194031038779, 0.5618124919765364, 0.831178482535176, 0.3565124689270178, 0.09364924081165167], [-0.649129660025106, 0.27690376306116865, 0.3834688906509223, -0.14557648563190015, -0.46202853667560523, 0.12937781553803968, 0.38967079603819726, 0.608545572155598, -0.0347457092498397, -0.4126086629789837, -0.10225665136112652, 0.19519342493206568, -0.08105985931025644]], "inverted": true, "swapped": true, "error_lsq": 0.04548850471897195, "error_max": 0.23220391820955294, "target": "946.xyz", "model": "17.xyz", "model_rescale": 3.901054581598922, "target_rescale": 4.200764791561619},
{"mapping": [11, 12, 9, 10, 6, 7, 13, 3, 2, 5, 8, 0, 1, 4, 14], "R": [[0.8068209360882839, 0.3066956879727346, -0.5049531978991286], [-0.1725442031095451, 0.9397599404125783, 0.2950927860335446], [0.5650384721971748, -0.15096029072136255, 0.8111365579003353]], "T": [0.03273601991218504, 0.023978044348103196, 0.014269123517277344], "aligned_model": [[-0.18838525632583336, -0.5504760790548606, 0.22784214839551636, 0.6048182834054839, -0.21813433886014189, -0.5687839614932432, -0.048807599641636126, -0.5453217410948079, 0.08588301000113825, 0.46390996819323627, 0.510494967222482, -0.4154367109708781, -0.13713036480821006, 0.5813130140800936, 0.01009597561430875], [-0.04578864206845946, -0.34166970274530567, -0.4943984591128519, 0.0599136899979447, 0.5337316597626243, 0.2847267587425811, -0.6797729726877522, -0.3127078051801588, -0.3321020284862858, -0.40037563266995224, 0.19456991007187474, 0.26234205518365167, 0.6767567899594145, 0.587633314136269, -0.011509883930160288], [-0.7492549295340976, -0.2652670579354613, -0.3426748785644695, -0.5721473337014584, -0.4765883506352604, -0.08503265747825446, 0.1742295637255972, 0.38291224793409034, 0.7586618163634989, 0.1695077466772549, 0.4421278101811246, 0.5780317687241882, 0.18951429479449658, -0.06897742727938022, -0.02082856563848497]], "inverted": true, "swapped": false, "error_lsq": 0.04302350722309649, "error_max": 0.2863499561186965, "target": "946.xyz", "model": "18.xyz", "model_rescale": 3.9405287249114394, "target_rescale": 4.200764791561619},
{"mapping": [9, 11, 5, 8, 7, 13, 10, 14, 3, 2, 1, 12, 4, 0, 15], "R": [[-0.010820371251899108, 0.4709209207605244, 0.882109066927685], [0.9980709785232457, -0.04884596616106035, 0.03831962185934862], [0.06113298124271377, 0.8808220921274923, -0.46948397270250397]], "T": [-0.029565317696346308, 0.078438452782146, 0.04192984433888565], "aligned_model": [[-0.25272430636170656, -0.4078883204476843, 0.3539197535688101, 0.48074511684271326, -0.1784056926599218, -0.6857999925776957, -0.10508397790964284, -0.6151189259781801, 0.0123102008983597, 0.49323826652933056, 0.4730177674551963, -0.21644717132914587, -0.02270564625568963, 0.49772776739189695, -0.014903524503991336], [-0.04213841050191797, -0.46292608285009684, -0.3638396845652459, 0.2603639453136295, 0.48851443909317344, 0.1008804612359416, -0.6682056339527107, -0.26415838765792593, -0.215561535012876, -0.615815311357406, 0.06535825279928291, 0.3287305816178094, 0.8095806515575621, 0.5190862569476671, 0.041479508306546294], [-0.682412017474281, -0.24618358306204852, -0.5484868662140482, -0.48604603683722475, -0.510618594418372, -0.10013441264328533, 0.27586055341742133, 0.41541791486429097, 0.8402023811287443, 0.03826838125762856, 0.46943256347340084, 0.4920054882423002, 0.048934035488075754, 0.06351162040524348, 0.04446262000553889]], "inverted": true, "swapped": false, "error_lsq": 0.03679685714138636, "error_max": 0.24535064015259822, "target": "946.xyz", "model": "19.xyz", "model_rescale": 4.410303926677745, "target_rescale": 4.200764791561619},
{"mapping": [11, 10, 12, 7, 4, 6, 5, 13, 9, 2, 1, 0, 3, 14], "R": [[-0.8504850347620756, -0.48268208104663224, 0.20902921872849156], [0.47939263123674014, -0.547752115103912, 0.685675087424872], [-0.21646688144301918, 0.683363467735643, 0.6972492095389214]], "T": [0.015227261076462951, -0.05528561662394997, 0.040918245435729014], "aligned_model": [[-0.32053408974157377, 0.35075105554924274, 0.30417672160936204, -0.7147598531425645, 0.18568422444457763, -0.45457094126323544, -0.2771646866077579, 0.7024197895075399, 0.19289682556287624, 0.08822721917016099, -0.46658866151681794, -0.058419623363444015, 0.6524966103823465, 0.07657329887016039], [-0.10283099916073545, -0.6742872360703636, 0.34942014165731355, -0.3186665511959074, 0.6235483557567791, -0.5422316331762232, 0.4379130687696552, -0.0824529766497424, -0.6039254755130958, -0.1172838552226728, 0.04040643445743246, 0.562963997048369, 0.28683925725744924, -0.04846406177705552], [-0.7018588649579981, -0.11999989042231145, -0.46184167665564174, -0.20248664280148632, 0.005405778740334585, 0.35001882120131156, -0.20466200451376948, -0.25092768371393176, 0.4305829760010534, 0.6257372373718727, 0.5552927790798876, 0.5524053227477467, 0.3873975442355528, -0.048248657587599095]], "inverted": true, "swapped": true, "error_lsq": 0.045400544108203995, "error_max": 0.275181495480086, "target": "946.xyz", "model": "20.xyz", "model_rescale": 4.121658175737393, "target_rescale": 4.200764791561619},
{"mapping": [7, 10, 9, 6, 2, 11, 13, 5, 12, 4, 3, 0, 14], "R": [[-0.23249628805896594, -0.8696652376260456, -0.4354628003671909], [0.919230273252934, -0.0502112929678873, -0.3905054811316083], [0.31774389179673984, -0.4910816638028004, 0.8110965532552429]], "T": [0.10283954703000335, -0.05535220582238615, 0.06870083108029602], "aligned_model": [[0.2983225453130121, -0.16915029217718647, 0.3759625927261643, 0.6444654622441671, 0.5642081022089166, -0.3468097937049286, -0.5045206432202909, 0.01591791684701814, -0.5022636037562211, -0.06202208469827965, 0.03831408129260559, 0.534146542841238, -0.005487921251920658], [-0.738218441692509, 0.268914936153674, 0.4007058142072325, -0.195733485764599, 0.31400343206178927, -0.7031180545877964, 0.3792225027508236, -0.5237264405416562, -0.148163143413242, -0.06631088822751022, 0.5860372355801882, 0.017532832251946795, -0.05031939461515793], [0.4649037393614531, 0.653941137266948, 0.5179509345077268, 0.5589093623264983, 0.025094663448537793, 0.28066535494795986, 0.04859847024549942, -0.3339377909708938, -0.2852516905404393, -0.6123519006325298, -0.40844234042967187, -0.608009982517401, 0.0680397824681013]], "inverted": false, "swapped": true, "error_lsq": 0.05373825590577227, "error_max": 0.3196110767605157, "target": "946.xyz", "model": "21.xyz", "model_rescale": 4.08911054899281, "target_rescale": 4.200764791561619},
{"mapping": [9, 14, 12, 10, 5, 11, 3, 2, 4, 13, 0, 1, 8, 6, 16], "R": [[-0.41644544813966844, 0.10091865330476585, 0.9035422591881928], [0.8224152749245071, -0.3818382218012481, 0.42170213177373045], [0.38756458080505557, 0.9187028887441324, 0.07601774739222489]], "T": [-0.041847140110414294, 0.014921218844803547, 0.004116874256518959], "aligned_model": [[-0.18570198942079696, -0.3063499731013883, 0.24940103937009367, 0.4348369416066611, -0.10469000307454297, -0.6254684341028309, -0.0817695881033404, -0.4329090400791799, 0.10306834128450032, 0.3732945999696435, 0.42902541743655076, -0.3898903443397669, -0.11788212901352749, 0.4753436021274368, -0.008427125896864097], [-0.06107620373442901, -0.5103716863949543, -0.472867790859975, 0.21016735886706223, 0.45261606150420364, 0.502545637171344, -0.837616812128533, -0.2485647425536244, -0.37182056888163495, -0.49278597403744084, 0.14985472572504235, 0.41909005835211754, 0.6996395514642869, 0.5448174289216645, -0.0022779924416958287], [-0.6894808374277969, -0.2526480006613468, -0.4672703190300684, -0.6170003773626048, -0.5456131078547014, -0.08249514632242749, 0.16493953181706272, 0.5508339564041487, 0.5660087488605193, 0.08548460721726579, 0.604243012205413, 0.5919194418139562, 0.0824846195180183, 0.08948590400975426, 0.033322014446191775]], "inverted": true, "swapped": false, "error_lsq": 0.041444018030235036, "error_max": 0.33970415600025494, "target": "946.xyz", "model": "22.xyz", "model_rescale": 4.204369325754507, "target_rescale": 4.200764791561619},
{"mapping": [9, 11, 5, 8, 7, 13, 10, 14, 3, 2, 1, 12, 4, 0, 15], "R": [[-0.010820371251899108, 0.4709209207605244, 0.882109066927685], [0.9980709785232457, -0.04884596616106035, 0.03831962185934862], [0.06113298124271377, 0.8808220921274923, -0.46948397270250397]], "T": [-0.029565317696346308, 0.078438452782146, 0.04192984433888565], "aligned_model": [[-0.25272430636170656, -0.4078883204476843, 0.3539197535688101, 0.48074511684271326, -0.1784056926599218, -0.6857999925776957, -0.10508397790964284, -0.6151189259781801, 0.0123102008983597, 0.49323826652933056, 0.4730177674551963, -0.21644717132914587, -0.02270564625568963, 0.49772776739189695, -0.014903524503991336], [-0.04213841050191797, -0.46292608285009684, -0.3638396845652459, 0.2603639453136295, 0.48851443909317344, 0.1008804612359416, -0.6682056339527107, -0.26415838765792593, -0.215561535012876, -0.615815311357406, 0.06535825279928291, 0.3287305816178094, 0.8095806515575621, 0.5190862569476671, 0.041479508306546294], [-0.682412017474281, -0.24618358306204852, -0.5484868662140482, -0.48604603683722475, -0.510618594418372, -0.10013441264328533, 0.27586055341742133, 0.41541791486429097, 0.8402023811287443, 0.03826838125762856, 0.46943256347340084, 0.4920054882423002, 0.048934035488075754, 0.06351162040524348, 0.04446262000553889]], "inverted": true, "swapped": false, "error_lsq": 0.03679685714138636, "error_max": 0.24535064015259822, "target": "946.xyz", "model": "23.xyz", "model_rescale": 4.410303926677745, "target_rescale": 4.200764791561619},
{"mapping": [2, 12, 0, 3, 4, 5, 13, 6, 14, 7, 11, 15, 8, 10, 16], "R": [[-0.8759358978504299, 0.15897523649055478, 0.455481258714048], [-0.08767948428492524, 0.8759592417120574, -0.47434978116867216], [-0.4743928866377435, -0.4554363633286321, -0.7533452781198668]], "T": [0.07683074008544977, -0.00020829300352854293, 0.11223590119103613], "aligned_model": [[-0.14353567749500917, -0.36126515798728626, 0.0730714065864555, 0.3879585054874596, -0.10835931105940774, -0.493196187626763, -0.08508583960154267, -0.5483397730273566, -0.034764228376523376, 0.42838488030658817, 0.5728371285945684, -0.43425837907575815, -0.04069637485018368, 0.4657417432828802, 0.1333885795045282], [0.10481519564294556, -0.5919202265720709, -0.377559613922989, 0.2688864829775957, 0.48938406858628836, 0.048090462632653416, -0.6097897828454188, -0.33243025469249965, -0.09370303404989466, -0.5587180126307518, -0.01999167702780608, 0.30276035325864653, 0.8132038840514667, 0.5202505016056093, 0.018070703959658832], [-0.7671403891498274, -0.21044785505975103, -0.5419641134055315, -0.6877881608031529, -0.33485283432018365, -0.14918055834222407, 0.42268726983634297, 0.38916276421735874, 0.7732618359509967, 0.03218918821920699, 0.5050561741982372, 0.5075991550372109, 0.09627736967922998, 0.07155641027010051, 0.007797791305370422]], "inverted": true, "swapped": false, "error_lsq": 0.03878082053824458, "error_max": 0.25649012224479373, "target": "946.xyz", "model": "24.xyz", "model_rescale": 4.28219845311461, "target_rescale": 4.200764791561619},
{"mapping": [14, 11, 10, 6, 2, 13, 5, 9, 3, 8, 1, 7, 4, 0, 15], "R": [[-0.7662654379033456, 0.11129202401551144, -0.6328122660515718], [0.6019264608180801, 0.4688757949360471, -0.6464054646196229], [0.22477058179800705, -0.8762246140765626, -0.42627293046188686]], "T": [-0.11533610095617634, 0.0059717786774539225, 0.016457696823409994], "aligned_model": [[-0.2378343795190624, -0.3041712486938004, 0.14078761492293956, 0.5614760595125903, -0.07043944775275877, -0.6006293740481928, 0.16074302646965627, -0.5417544669090798, 0.020780482558781746, 0.43969622175938355, 0.39458669876618596, -0.6199625281656619, 0.022187389827510742, 0.508740147071583, -0.062324881137425805], [-0.05056244198540934, -0.459916639734773, -0.486540003332793, 0.08675504527519627, 0.5322584895468448, 0.3260170177278098, -0.7338193661921529, -0.3334038055671955, 0.04573674455672523, -0.3966505886284084, -0.08158399075710886, 0.32751553710500864, 0.6214608377616543, 0.5265838757767679, 0.05749833942126734], [-0.7331706634577371, -0.19274636579693696, -0.5505851636141792, -0.5731154523620159, -0.41918735695469683, -0.10592670165058934, 0.335471894448608, 0.4162892537014636, 0.7779932298359282, -0.09207988659734737, 0.3935387549643627, 0.5139592406685493, 0.38646996777672166, -0.05457787903302622, 0.01188117570427959]], "inverted": false, "swapped": false, "error_lsq": 0.049631551545152745, "error_max": 0.3910963349677718, "target": "946.xyz", "model": "25.xyz", "model_rescale": 4.100010024507729, "target_rescale": 4.200764791561619},
{"mapping": [1, 6, 8, 10, 4, 12, 5, 13, 9, 3, 2, 14], "R": [[0.5988061226409775, 0.32952927634317, 0.729960056112953], [0.04354995437510226, 0.8966857397342147, -0.4405202442921675], [-0.7997090902081864, 0.29557594656881514, 0.5225899260876963]], "T": [-0.0479215737708685, 0.039920838830009374, 0.042159281740918784], "aligned_model": [[-0.6654661356671742, -0.1814666579283171, 0.4549410404872397, 0.5981874070887785, -0.3506453086073281, 0.15934996062114393, -0.3496723164115343, 0.49942086911619465, 0.1412146870717948, -0.13640350599028397, -0.32617502353223193, 0.03348058611472496], [-0.3092703542159268, -0.6917119455305661, -0.4121875280680154, -0.20195395805525207, 0.6705137343693923, 0.6637698121574936, 0.32926836166377876, 0.4915352648466141, -0.39938777910423623, 0.5596391174530502, -0.1401548625281029, 0.1060715270624101], [-0.008722321394965378, 0.0263757700111062, 0.42281234688877134, -0.17155462858534765, 0.08509195195361885, 0.30272990613786005, 0.5050546844568872, -0.19152072033801587, -0.463455378050903, -0.562219255209019, -0.4490980726839463, 0.0696980066683104]], "inverted": false, "swapped": true, "error_lsq": 0.0472251840531934, "error_max": 0.2351843611998855, "target": "946.xyz", "model": "26.xyz", "model_rescale": 3.6694154284099745, "target_rescale": 4.200764791561619},
