[{"mapping": [1, 7, 5, 3, 2, 6, 10, 11, 0, 9, 4, 12], "R": [[-0.8689399958667493, -0.04951308998783126, 0.49243450072365025], [0.09705637229283512, -0.9927109822860748, 0.0714490465014838], [0.48530747385595496, 0.10987884040375348, 0.867411837739766]], "T": [0.019253224185771738, 0.010057591207454517, 0.12183517660805963], "aligned_model": [[-0.40893934686126016, 0.3061673287316391, 0.33589519005076696, -0.28916375853145637, 0.06137171253218603, -0.41283819129090454, 0.4582251176987555, -0.3686495476714106, 0.4957044199767832, 0.2556774574329893, -0.5724211674374893, -0.02338675217005043], [0.014626577220809137, -0.7133013432911914, -0.43402354005255706, 0.7235530044858229, 0.3472471289801112, -0.5971391915192951, -0.20995472176313762, -0.6384820811822405, 0.07398142826650878, 0.4993843603274579, 0.09875507164286017, -0.11109165713809144], [-0.4141842613791028, 0.05575970674419789, -0.5941295337039012, -0.06153225340815764, -0.6698272067976139, -0.11283917556866553, 0.6694812832326029, 0.5782791567945521, -0.09721546672185467, 0.3578124345032439, 0.4164290282443801, 0.053918033413881544]], "inverted": false, "swapped": true, "error_lsq": 0.054459244557704706, "error_max": 0.37004250850450066, "target": "947.xyz", "model": "0.xyz", "model_rescale": 3.751011558992144, "target_rescale": 4.10826434721533},
{"mapping": [7, 13, 3, 2, 8, 12, 9, 11, 4, 1, 6, 10, 14], "R": [[0.9377212264516495, 0.21676851687267565, -0.27145959470027065], [-0.27666137469855107, -0.006580662624611652, -0.960944940477512], [-0.21008899355254812, 0.9762008527819682, 0.0538006488421451]], "T": [0.06546410524151679, 0.03045040582622744, -0.06694389417522276], "aligned_model": [[-0.5495320065698468, 0.05834910806183942, -0.3745969553458127, 0.33624002571776734, 0.6361477672580552, -0.5579427248607152, 0.1737399510105483, -0.35562231975692105, 0.5475871054677179, -0.07403028958712794, -0.33080861471532674, 0.4509657841209298, 0.03536239378566611], [-0.09622260885110506, 0.030038968926080517, -0.38296335581822144, -0.5654041837477662, -0.28657663619390744, 0.2286163095741296, 0.5403000311695701, 0.7035774943644123, 0.11448361019064945, -0.33551444219287374, 0.3007041279279972, 0.7186688678334056, 0.06596160103781698], [0.14615409644577168, -0.7932023921188882, -0.534748569387556, -0.5722911123944933, 0.052355161459052585, -0.4191786210987267, -0.4700807469864585, 0.012536507716172818, 0.5544012620197396, 0.5095078325648249, 0.5106862663758737, 0.1571042083886891, -0.09586887343952954]], "inverted": true, "swapped": false, "error_lsq": 0.05121350363484421, "error_max": 0.3565565816657516, "target": "947.xyz", "model": "1.xyz", "model_rescale": 3.9405287249114394, "target_rescale": 4.10826434721533},
{"mapping": [2, 11, 5, 9, 3, 0, 6, 1, 4, 8, 4, 7, 12], "R": [[-0.5390548386237293, 0.5133301854544103, -0.6677664274712275], [-0.5850078601484161, -0.7985652752889498, -0.14163087469635652], [-0.6059584841562303, 0.3143018005103132, 0.7307726689436729]], "T": [0.03507177357567673, 0.0868303334848967, -0.11404723338204106], "aligned_model": [[-0.6213675252655401, 0.1683884584576123, -0.44917401060501705, 0.1343427746918625, 0.5836376390179865, -0.473062032232319, 0.20328103132715478, -0.46229039328010313, 0.12507874438033353, 0.25438184108254625, 0.12507874438033353, 0.44422598577263783, -0.03666203314071485], [-0.07625998392320928, -0.18666876364941337, -0.24903264744384151, -0.7068382312283694, 0.14559774794556782, 0.48510885907470686, 0.4275046925859718, 0.5999885034482957, 0.14959723724229115, -0.506708033291195, 0.14959723724229115, 0.7404300151487303, 0.06335315106836084], [-0.03244684841857595, -0.7582825897821617, -0.5392276173623415, -0.21708404628613742, 0.035691074468784445, -0.6489343614052978, -0.5026374031588796, 0.22731166856516846, 0.578523905839115, 0.3335073125279123, 0.578523905839115, 0.07118273159814328, -0.06875271288037298]], "inverted": true, "swapped": false, "error_lsq": 0.05970707302727937, "error_max": 0.3007241138268476, "target": "947.xyz", "model": "2.xyz", "model_rescale": 3.932901565614263, "target_rescale": 4.10826434721533},
{"mapping": [10, 3, 11, 8, 7, 1, 0, 2, 5, 12, 6, 4, 13], "R": [[-0.9791242603288891, -0.11564655827941803, 0.1671572804083957], [-0.11226834940708247, -0.3778590155367792, -0.9190312193277143], [0.16944468288150885, -0.9186122348062328, 0.3569874808834109]], "T": [0.045986960082245884, 0.018981246333152867, -0.1520885813597198], "aligned_model": [[-0.5854325716766249, 0.1466659719568813, -0.4358416874581589, 0.32062880259613596, 0.7578104801977554, -0.5358963377768033, 0.13256315542155855, -0.17576496918076606, 0.3051269641411609, -0.15745049262754973, -0.24469688350663776, 0.4552849348120108, 0.012861857687811645], [-0.20693796632195136, 0.004751473164304569, -0.6361452263891112, -0.5611490621251388, 0.0039528433510321245, 0.4051155615792321, 0.5976841698994049, 0.7922398898359222, 0.009950039243090035, -0.3327120038114557, 0.24699175065856296, 0.7242170647519729, -0.012288749615676886], [0.09973541385904122, -0.6524351894272965, -0.5213569898586019, -0.5081888608886351, -0.09894753638209473, -0.39923375969478636, -0.478520531081938, 0.06492986323586936, 0.5184071913708089, 0.49448304715270297, 0.4225472804479331, 0.16150990849478364, -0.04555481768331489]], "inverted": false, "swapped": false, "error_lsq": 0.05043872134265234, "error_max": 0.29995106286137246, "target": "947.xyz", "model": "3.xyz", "model_rescale": 3.9243930471874484, "target_rescale": 4.10826434721533},
{"mapping": [1, 3, 0, 2, 4, 5, 6, 11, 8, 7, 9, 10, 12], "R": [[-0.8689517062312123, -0.10867753386846941, -0.48281686576810123], [0.4829519416764548, 0.026836780409447702, -0.8752355164458292], [0.10807568768602525, -0.9937147381666043, 0.02916615987184401]], "T": [0.03349145681905527, 0.16982613826536244, -0.006257972158235231], "aligned_model": [[-0.5204827202919409, 0.3378990826481931, -0.3287766175315009, 0.19928143848601107, 0.5073153440025218, -0.5908098854754732, -0.04899668842693328, -0.20934302802070068, 0.307781018799712, 0.10331185917711957, -0.28477917488519777, 0.5848026413854754, -0.06134404528051263], [-0.2587063238860903, 0.060203906691601417, -0.3516843349226899, -0.6525635539893051, -0.18713767026635295, 0.20989490962991492, 0.5981964560061156, 0.9147734017052315, 0.1251682372031082, -0.5796134661482322, 0.40728938698644157, 0.6062376000057953, 0.14361123520464947], [0.1338592643228381, -0.5964039998891099, -0.572041519128369, -0.3901894326635206, 0.014599467113134933, -0.43318352462080256, -0.5817673912899063, 0.10428192585862847, 0.5586378385691951, 0.2701188533230797, 0.5768392772592881, 0.04597930717809333, -0.07335504648807763]], "inverted": true, "swapped": false, "error_lsq": 0.05530324158434758, "error_max": 0.27967247588712557, "target": "947.xyz", "model": "4.xyz", "model_rescale": 3.8936222436046832, "target_rescale": 4.10826434721533},
{"mapping": [5, 0, 1, 6, 3, 9, 10, 8, 11, 7, 4, 12], "R": [[-0.3511042025501597, -0.9324448243817111, 0.08527888622265804], [-0.9300096295792363, 0.35785217449782036, 0.08380877100324252], [-0.10866428963329587, -0.04988457367706162, -0.9928260680842086]], "T": [-0.20781492502566168, -0.015922249553405893, -0.01638646704438223], "aligned_model": [[-0.07608815509769931, -0.4961262275566507, -0.15013141942613195, 0.46049293191565044, -0.763476749283485, -0.6931096366773495, -0.0740293189908231, -0.02123410347946858, 0.617675655303436, 0.31554847015203336, 0.003829133258766576, -0.09580253790318108], [-0.7173911075464087, -0.45840786171623127, 0.16031875750067726, -0.0030679296421907733, 0.49195426966571737, 0.08259082748549569, -0.291874396891969, 0.2648173790876899, 0.17652321854566597, -0.5948924218995657, 0.6151051292452718, -0.05675295872434505], [-0.5647158857795519, -0.02896657515444795, -0.6769152794723058, -0.42093850407058464, -0.28307304840301883, 0.3088927788089598, 0.6521715508203294, 0.46419196170257804, 0.23048073961207965, 0.0122162486595088, 0.02535806504828162, -0.09941733249630966]], "inverted": true, "swapped": true, "error_lsq": 0.04558956859193119, "error_max": 0.22517427979909987, "target": "947.xyz", "model": "5.xyz", "model_rescale": 3.6523030999806103, "target_rescale": 4.10826434721533},
{"mapping": [9, 4, 10, 6, 1, 11, 3, 7, 5, 8, 5, 0, 12], "R": [[0.11355521132086417, -0.10672695344898497, -0.9877826539220924], [-0.6965213356219485, 0.7004281811724409, -0.15575105791898577], [0.7084936435884874, 0.7056980377094473, 0.005199669964976512]], "T": [0.012423470004811664, -0.019828273685204387, -0.14066980231975246], "aligned_model": [[-0.6669764591942723, -0.0229567117356632, -0.3279673548267268, 0.21887674872147553, 0.7018664464476565, -0.6541074446131486, 0.2246513628187069, -0.32002652088823974, 0.14040373575164267, -0.0759947488100931, 0.14040373575164267, 0.610097195047911, 0.027589240115882152], [-0.22284925851782078, 0.09998002306959994, -0.5274718808991642, -0.6356255269780138, -0.020242647281806886, 0.39398322593452373, 0.6182039104220752, 0.5536529275940615, 0.19946310123950467, -0.4145803363851038, 0.19946310123950467, 0.7161311772077374, 0.07556196757508996], [0.0002595810696458256, -0.7006035633090689, -0.6255461742871817, -0.16886995509026786, -0.05674676304211486, -0.5395000742174549, -0.3153551093809014, 0.024903066930266782, 0.49133959195358057, 0.39789879149376073, 0.49133959195358057, 0.15650613131748214, -0.09825009584685498]], "inverted": true, "swapped": false, "error_lsq": 0.04634958330422328, "error_max": 0.3378802558810882, "target": "947.xyz", "model": "6.xyz", "model_rescale": 4.08911054899281, "target_rescale": 4.10826434721533},
{"mapping": [6, 13, 2, 1, 11, 7, 12, 5, 8, 3, 4, 10, 14], "R": [[-0.30683343898377263, -0.2846693992915069, 0.9081941278319323], [-0.16578146992890855, 0.9556210791306015, 0.24352588640527612], [-0.9372138202937481, -0.07583987228547837, -0.3404094135333517]], "T": [0.034105839113656895, 0.035024265170547186, -0.05140928614767411], "aligned_model": [[-0.4091112290802558, 0.11377998034326844, -0.4141858583695571, 0.25799313619798037, 0.5909302732467095, -0.6018238025289046, 0.2498159139697228, -0.2831630418681285, 0.3432570130638874, -0.21314477713654134, -0.26201285661765134, 0.46199994832122737, 0.1615245250450164], [-0.1768687167009524, 0.0770229864135223, -0.4241430795007285, -0.5809323231462487, 0.09549797145388625, 0.25797722504135356, 0.576794276826049, 0.7185296400655481, 0.0878850049033443, -0.3924471836230761, 0.28501439384817917, 0.5793682446720188, -0.06802865603270807], [0.0369250851280207, -0.7778958042503175, -0.5396094979935959, -0.3806782011226596, -0.2269670924620582, -0.4324269144835042, -0.4612340488055509, 0.06111666300867881, 0.5542145798988016, 0.5671266703624962, 0.5373760255784122, 0.14826835853981812, -0.0288408038540695]], "inverted": false, "swapped": false, "error_lsq": 0.04757634934810969, "error_max": 0.28214008306470095, "target": "947.xyz", "model": "7.xyz", "model_rescale": 3.964800864290218, "target_rescale": 4.10826434721533},
{"mapping": [9, 6, 11, 4, 2, 10, 3, 5, 7, 12, 8, 1, 13], "R": [[-0.2952654661379672, -0.0656279798724902, 0.9531585769242099], [0.4913179486413226, 0.8451874226923158, 0.21039223813060096], [-0.8194052586170115, 0.5304254790077272, -0.21731045389076792]], "T": [0.10538957253443662, 0.11725017636395837, -0.13468187179872573], "aligned_model": [[-0.48904961897773214, 0.1311325653651154, -0.3552180116120919, 0.32930500099445104, 0.7246816678375644, -0.6667515216094428, 0.14534004891244057, -0.3491624181829155, 0.341830989694536, -0.0510101717996988, -0.3156960080230806, 0.5053841917370364, 0.04507251025059139], [-0.11110063716580318, -0.05628047242734416, -0.4939008615885411, -0.5012156447093893, -0.10632205410012277, 0.3436588620021487, 0.5933164670083315, 0.8118238074434334, 3.729252595095767e-05, -0.47790662414501206, 0.3393270072077894, 0.5518474955613265, 0.14238514660741997], [0.12676540843816916, -0.6876106515061376, -0.4532229001293968, -0.38459246396216373, -0.06325718268866064, -0.3010286505746054, -0.6803260251181621, -0.034578516648429855, 0.5265365195633221, 0.3034989585313014, 0.4689955225570509, 0.3281889157087846, -0.09199391462660017]], "inverted": true, "swapped": false, "error_lsq": 0.04843470701582935, "error_max": 0.2852449486691753, "target": "947.xyz", "model": "8.xyz", "model_rescale": 4.121658175737393, "target_rescale": 4.10826434721533},
{"mapping": [1, 5, 4, 9, 7, 0, 10, 3, 8, 6, 2, 11, 12], "R": [[-0.44999603696253665, -0.05843396241865661, -0.8911167368835954], [-0.14380463588041834, -0.9800929528007916, 0.1368869262184162], [-0.8813760794447011, 0.18974529218476238, 0.4326348699266017]], "T": [0.05842024155092716, 0.09516230362374165, -0.059359221340308334], "aligned_model": [[-0.5685118449122479, 0.12541273863486485, -0.4404526643686795, 0.3140820684764759, 0.7184098627462623, -0.6070486084381905, 0.11983794526287073, -0.1324932887548841, 0.3192233106109215, 0.06251555856466937, -0.38100360853176396, 0.48636613409602725, -0.020478378799552166], [-0.15842847371062066, 0.08402876038405536, -0.48353082680989934, -0.664759828143701, -0.029054677473788898, 0.26564373091657034, 0.6998210173450065, 0.8411612286182637, 0.03668306754202856, -0.48056194776438355, 0.32861420849245215, 0.5372244326058367, 0.058829092218367546], [0.07322883365490909, -0.6734487553865787, -0.5114300147421441, -0.2837365841424937, -0.1241261251929637, -0.44264962790514706, -0.5144378257451546, 0.11304037066388314, 0.6182212357594273, 0.32626606937091196, 0.4251542861603197, 0.09708713281056133, -0.045793975761058814]], "inverted": true, "swapped": false, "error_lsq": 0.048161954926343564, "error_max": 0.35685106020802887, "target": "947.xyz", "model": "9.xyz", "model_rescale": 3.833441315466971, "target_rescale": 4.10826434721533},
{"mapping": [7, 2, 9, 8, 0, 3, 5, 4, 12, 11, 6, 1, 14], "R": [[0.33634292312251274, -0.9039449331870623, 0.26411549714252114], [-0.6566120077035863, -0.4261404582224083, -0.6223061796298197], [0.6750808169433264, 0.0358868726895154, -0.736870424812733]], "T": [0.09522269414826745, 0.047828034239694825, -0.016305507932871034], "aligned_model": [[-0.4820865920234646, -0.01779913342737298, -0.33859438657888413, 0.11205001654132571, 0.7615438556554315, -0.6591321663420047, 0.27971033520005745, -0.34370492499643734, 0.2728442578019401, -0.04652224360361876, -0.10786437759355672, 0.5411429108225826, 0.024271673130775467], [-0.2644426252530553, 0.0818442818522531, -0.3646665954707099, -0.6687511107137314, 0.1760112993353296, 0.20007919920779998, 0.5642712391239324, 0.71166937705003, 0.030477893824287436, -0.5193808162781399, 0.509698776843026, 0.5530175089380269, 0.025841355761138822], [0.09821523299061466, -0.7253324582792299, -0.5636272117434936, -0.32255790811226, -0.07468463074944323, -0.41890975153716903, -0.4121412414070661, -0.06699867135724966, 0.5591678711765043, 0.33514800757027635, 0.438293905246792, 0.2862629767594051, -0.07546110101320908]], "inverted": false, "swapped": false, "error_lsq": 0.04895013047244968, "error_max": 0.3479085530078844, "target": "947.xyz", "model": "10.xyz", "model_rescale": 4.2482417240324, "target_rescale": 4.10826434721533},
{"mapping": [10, 0, 5, 2, 11, 6, 7, 1, 9, 4, 8, 12], "R": [[0.1644568755749242, 0.39440980771848, 0.9040989103254167], [-0.7807043364537057, -0.5081605394394756, 0.36369438433794954], [0.6028720221726274, -0.7656459819864876, 0.22434695261900542]], "T": [-0.0076822038655923325, -0.022816555880002788, -0.17325999549133478], "aligned_model": [[-0.6971530589531902, 0.07622792981203902, 0.41432858353678736, 0.8036006751976404, -0.5138384828352037, 0.13861762006549666, -0.253807428577519, 0.601192961929675, -0.13648868673402853, -0.08009420378128733, -0.5041475488669402, 0.02832724156953699], [-0.24493437807643798, -0.4985370645183434, -0.18576275486629099, -0.307703714500464, 0.6688625764142385, 0.6066555872812096, 0.04495147564784114, 0.2891289921937112, -0.425837422476039, 0.49422056042203083, 0.1632841424104042, 0.06180339011877941], [-0.04554307295734003, 0.040572346275216414, 0.6048345255355486, -0.11978591078192918, 0.038398156571438025, 0.2658574812204004, 0.5648210887314274, -0.12180517115087908, -0.5879953838378436, -0.5881822638676587, -0.42519542282104816, -0.06078408306297542]], "inverted": true, "swapped": true, "error_lsq": 0.045031758052709564, "error_max": 0.2838778962809868, "target": "947.xyz", "model": "11.xyz", "model_rescale": 3.6694154284099745, "target_rescale": 4.10826434721533},
{"mapping": [6, 10, 7, 9, 2, 5, 12, 0, 3, 11, 4, 1, 13], "R": [[-0.026457084994240126, -0.9940418967698967, 0.10573897162216947], [0.3714235161523356, 0.08842857798211509, 0.9242429108438415], [-0.9280865230691822, 0.0637267138817576, 0.3668709740974194]], "T": [-0.017551941157029082, 0.042245876411713255, -0.10155481860864107], "aligned_model": [[-0.5543649177190204, 0.2987524067812072, -0.33651703469475863, 0.12693666619310268, 0.6204530611448639, -0.6479593924715901, 0.13491875939848552, -0.3471075614096359, 0.5420229332946374, -0.1785855297368691, -0.05685652986105075, 0.43222415771274514, -0.038057794045342874], [-0.021210293341439902, -0.14427817478057048, -0.3326124446494589, -0.7291995518541533, 0.1792519373390126, 0.30898021938229053, 0.4931796151969751, 0.6361543940805369, 0.13879667539116022, -0.5312178648254324, 0.19468066807527834, 0.695956529181768, 0.1471880750242212], [0.06475806774892301, -0.6199071361597714, -0.6582484746756121, -0.2709102449870193, -0.12374782875291482, -0.5210903094599106, -0.5865083720173617, 0.12071445552928112, 0.5455949350822287, 0.3346058968879169, 0.6215616542694047, 0.19312693759964245, -0.04257456152033509]], "inverted": true, "swapped": false, "error_lsq": 0.03984720697673304, "error_max": 0.23069331013054192, "target": "947.xyz", "model": "12.xyz", "model_rescale": 3.9764082729961374, "target_rescale": 4.10826434721533},
{"mapping": [13, 4, 6, 5, 0, 14, 7, 8, 1, 12, 10, 2, 15], "R": [[0.160963024879212, 0.21071846086519996, 0.9642036272864437], [0.96352103321598, -0.24519749665842472, -0.10726325644344381], [0.21381796737445702, 0.9462958934091613, -0.242499399885469]], "T": [-0.03625323409868547, 0.0541616632010047, -0.06399942244853223], "aligned_model": [[-0.5597399142155428, 0.2264399532618106, -0.42811919867537246, 0.32965920683580724, 0.6640671309424273, -0.7552318507710141, 0.3709450341642044, -0.11566292131164278, 0.21401420974163016, -0.11485824118775426, -0.30776242581899155, 0.5237508678342089, -0.05164262621299697], [-0.2416723602024099, -0.028522669703748643, -0.36362818586384976, -0.6393656500975767, 0.07929026790014747, 0.16655692680640033, 0.5343952810945165, 0.7096223921866737, 0.17148423741451935, -0.3258412037631053, 0.3038114737673433, 0.5726912406779765, 0.09684803400330068], [0.04968642770036619, -0.7273389374675809, -0.5695204541811203, -0.36056620601157835, -0.253809519747959, -0.39452187715030823, -0.48184980415423573, 0.18842516229484096, 0.5077734331458412, 0.4425897690151747, 0.6502166721991889, 0.16791003618997352, -0.1616196822881309]], "inverted": true, "swapped": false, "error_lsq": 0.05013054643406701, "error_max": 0.2832080450038214, "target": "947.xyz", "model": "13.xyz", "model_rescale": 4.170626492500431, "target_rescale": 4.10826434721533},
{"mapping": [0, 10, 7, 9, 11, 8, 12, 4, 3, 1, 2, 6, 13], "R": [[-0.7928786069413775, 0.15518573803197938, 0.5892884704167991], [-0.044667903266594144, 0.949628187855924, -0.31017911478247606], [-0.6077403171359186, -0.272256664823736, -0.7460080531647021]], "T": [-0.013600431634553736, 0.12673092672045924, -0.032354940898074], "aligned_model": [[-0.5068312856604625, 0.05802356120896851, -0.5400548319739756, 0.42141855283879215, 0.6843327444910425, -0.5040971242911176, 0.09769359723527148, -0.3663924180751304, 0.37914796764052877, -0.11617634424734538, -0.24517300257260288, 0.553552479560276, 0.080415328432529], [-0.11024673168855983, -0.06934269519781985, -0.36664072692101435, -0.5130708162118457, 0.09443541871621658, 0.29066606989789234, 0.543807875044836, 0.7398314067901732, -0.100872221681894, -0.6110611648322485, 0.35887610273141124, 0.6140731169300787, 0.16521415064296205], [0.20518099444589316, -0.5565242297846207, -0.40230085401936444, -0.2726020040485777, -0.1396206528340468, -0.5653601530013801, -0.6234273387483885, -0.08440055776077304, 0.4867010350178962, 0.15726436637120222, 0.5380965722740191, 0.3527741699141418, -0.03840632828152919]], "inverted": false, "swapped": false, "error_lsq": 0.05570322246719418, "error_max": 0.28940876130977355, "target": "947.xyz", "model": "14.xyz", "model_rescale": 3.9786697098870705, "target_rescale": 4.10826434721533},
{"mapping": [4, 3, 6, 11, 1, 5, 9, 0, 7, 8, 2, 12], "R": [[-0.10185504932504838, 0.9939232874095876, 0.04173784460068419], [-0.6885250796249476, -0.04015136310375214, -0.724100188349907], [-0.7180242082649109, -0.10249081317771636, 0.6884307296741763]], "T": [-0.017471972970963028, -0.08618634905282224, 0.07909584041428942], "aligned_model": [[-0.11273375944962258, -0.7624463887791396, 0.5374435848958827, 0.6475020098353326, -0.09908692144805845, 0.3739879540748309, -0.46685900320662377, -0.07349680435191126, 0.7120732484045786, 0.0591055001810688, -0.42596374726974306, 0.09382892388074174], [-0.522129516566349, -0.04025062189296083, 0.08314829123991108, -0.5708993618298663, 0.3272460544745561, 0.7180190976053564, -0.29518837948761795, 0.23664083166847943, 0.10453818323204195, -0.6678608192636577, 0.6628015364718207, -0.021390805427274992], [-0.4164948302963639, -0.2050227671248543, -0.4442180989052906, -0.24071077546730757, -0.462290564412972, 0.1795367543026633, 0.40373690315557664, 0.49348576900155505, 0.28237334034218436, 0.09842120058903427, -0.04070273391377026, 0.011852296603375362]], "inverted": false, "swapped": true, "error_lsq": 0.04705116943231527, "error_max": 0.2599709652023359, "target": "947.xyz", "model": "15.xyz", "model_rescale": 3.769337070930944, "target_rescale": 4.10826434721533},
{"mapping": [9, 3, 10, 0, 8, 4, 11, 1, 7, 5, 12], "R": [[-0.8051642275499235, -0.5904759590927104, 0.0552151103184563], [0.4054693320611972, -0.6160427742268965, -0.6753413367184599], [0.43278769325361155, -0.5213726518109415, 0.7354354971796269]], "T": [-0.06572923008734609, 0.002886309075136942, -0.04630623263819583], "aligned_model": [[-0.3987853350221421, -0.27260055787956666, -0.061684317965423154, -0.548000125992227, 0.2726806283829105, 0.45632220173181626, 0.7456939167187142, 0.03711730225278605, 0.060741970062547376, -0.36970135094708884, 0.0008417993488436942], [-0.029521370237377623, -0.7126744271055238, 0.6728517322516239, 0.17610318279425846, 0.20493240688630932, -0.30320747362362843, 0.34835545462660295, -0.5248775854510618, 0.5963965843879483, 0.1507303277558733, 0.016975665340317483], [-0.5352292782956138, -0.3343989971472959, -0.3498650732077662, 0.08209112278770064, -0.48132222117736295, -0.3264852198749104, -0.005600945197909296, 0.3798093078590745, 0.44530785163407166, 0.7878512752585267, 0.08205978458526214]], "inverted": true, "swapped": true, "error_lsq": 0.05491786184655673, "error_max": 0.2501259220975777, "target": "947.xyz", "model": "16.xyz", "model_rescale": 3.7852294659196426, "target_rescale": 4.10826434721533},
{"mapping": [11, 0, 9, 10, 4, 8, 3, 2, 5, 6, 7, 1, 12], "R": [[-0.9099090136874842, -0.1844375825644057, -0.3715486037493183], [0.07894596319452965, -0.9563395386581973, 0.28139335758740774], [-0.40722613092182325, 0.22671009006399515, 0.8847425689756414]], "T": [0.004597701650828856, 0.14285537967424466, -0.0988675033448626], "aligned_model": [[-0.6747785872400626, 0.2761397576391055, -0.37708665836030836, 0.08907393572167567, 0.6839786652961316, -0.4868014894595598, 0.16201315536382535, -0.3018686650014042, 0.4872962016785616, -0.025449684911831683, -0.17518308048416603, 0.37510266277116144, -0.036576988426355046], [-0.04076289422011037, 0.06256068462011377, -0.39701457929886996, -0.658454203450504, -0.03650141626548081, 0.21046689943900918, 0.7987351088906364, 0.6248367027291097, 0.05718229173534542, -0.46629188828301715, 0.16767155075148368, 0.6507686549743544, 0.06247287259811697], [0.1076857876436163, -0.7198061714229146, -0.6557510299759686, -0.09419919007459254, -0.1886412805641031, -0.5209592334505638, -0.5202195258841171, 0.11990039047763099, 0.3391636492394866, 0.5456710885198471, 0.5782514176759698, 0.18220959071690085, -0.11593047335671985]], "inverted": false, "swapped": false, "error_lsq": 0.04678883896762716, "error_max": 0.23623449361082524, "target": "947.xyz", "model": "17.xyz", "model_rescale": 3.901054581598922, "target_rescale": 4.10826434721533},
{"mapping": [7, 13, 3, 2, 8, 12, 9, 11, 4, 1, 6, 10, 14], "R": [[0.9377212264516495, 0.21676851687267565, -0.27145959470027065], [-0.27666137469855107, -0.006580662624611652, -0.960944940477512], [-0.21008899355254812, 0.9762008527819682, 0.0538006488421451]], "T": [0.06546410524151679, 0.03045040582622744, -0.06694389417522276], "aligned_model": [[-0.5495320065698468, 0.05834910806183942, -0.3745969553458127, 0.33624002571776734, 0.6361477672580552, -0.5579427248607152, 0.1737399510105483, -0.35562231975692105, 0.5475871054677179, -0.07403028958712794, -0.33080861471532674, 0.4509657841209298, 0.03536239378566611], [-0.09622260885110506, 0.030038968926080517, -0.38296335581822144, -0.5654041837477662, -0.28657663619390744, 0.2286163095741296, 0.5403000311695701, 0.7035774943644123, 0.11448361019064945, -0.33551444219287374, 0.3007041279279972, 0.7186688678334056, 0.06596160103781698], [0.14615409644577168, -0.7932023921188882, -0.534748569387556, -0.5722911123944933, 0.052355161459052585, -0.4191786210987267, -0.4700807469864585, 0.012536507716172818, 0.5544012620197396, 0.5095078325648249, 0.5106862663758737, 0.1571042083886891, -0.09586887343952954]], "inverted": true, "swapped": false, "error_lsq": 0.05121350363484421, "error_max": 0.3565565816657516, "target": "947.xyz", "model": "18.xyz", "model_rescale": 3.9405287249114394, "target_rescale": 4.10826434721533},
{"mapping": [1, 9, 8, 5, 11, 4, 13, 12, 10, 2, 3, 14, 15], "R": [[0.7402375358005142, 0.542284616223236, 0.3974616781522472], [-0.44298576076989526, -0.051331951305972165, 0.8950579012165853], [0.5057786139677121, -0.8386253190684976, 0.20222652612889605]], "T": [-0.12006323079404609, 0.13555009742997282, -0.15852258074081496], "aligned_model": [[-0.5548476380454247, 0.3447060932170263, -0.3800106446713775, 0.1709666349558598, 0.5969272233805114, -0.6584644545791202, 0.3037936802751806, -0.341778057996687, 0.3896441342121349, 0.07365384544979516, -0.1996681329235545, 0.35372930198616837, -0.10279276067373891], [-0.04627070132777056, -0.09820107572830095, -0.44376461922260757, -0.6298474485950284, 0.0655909923652975, 0.430067346081207, 0.5800830765718583, 0.602595651584046, 0.006290867831527935, -0.550293744168264, 0.3772913472600411, 0.6316028882597701, 0.110525203308411], [0.3034548433067269, -0.722756319063823, -0.5697329364277613, -0.30250472039488996, -0.17413072415788394, -0.5560760250595883, -0.43067252978740345, 0.022723241149816692, 0.42576715095793616, 0.33888791605871704, 0.6542829449303097, 0.20090923013277004, -0.13277705210045415]], "inverted": false, "swapped": false, "error_lsq": 0.04231602898233498, "error_max": 0.2655555313664767, "target": "947.xyz", "model": "19.xyz", "model_rescale": 4.410303926677745, "target_rescale": 4.10826434721533},
{"mapping": [9, 6, 11, 4, 2, 10, 3, 5, 7, 12, 8, 1, 13], "R": [[-0.2952654661379672, -0.0656279798724902, 0.9531585769242099], [0.4913179486413226, 0.8451874226923158, 0.21039223813060096], [-0.8194052586170115, 0.5304254790077272, -0.21731045389076792]], "T": [0.10538957253443662, 0.11725017636395837, -0.13468187179872573], "aligned_model": [[-0.48904961897773214, 0.1311325653651154, -0.3552180116120919, 0.32930500099445104, 0.7246816678375644, -0.6667515216094428, 0.14534004891244057, -0.3491624181829155, 0.341830989694536, -0.0510101717996988, -0.3156960080230806, 0.5053841917370364, 0.04507251025059139], [-0.11110063716580318, -0.05628047242734416, -0.4939008615885411, -0.5012156447093893, -0.10632205410012277, 0.3436588620021487, 0.5933164670083315, 0.8118238074434334, 3.729252595095767e-05, -0.47790662414501206, 0.3393270072077894, 0.5518474955613265, 0.14238514660741997], [0.12676540843816916, -0.6876106515061376, -0.4532229001293968, -0.38459246396216373, -0.06325718268866064, -0.3010286505746054, -0.6803260251181621, -0.034578516648429855, 0.5265365195633221, 0.3034989585313014, 0.4689955225570509, 0.3281889157087846, -0.09199391462660017]], "inverted": true, "swapped": false, "error_lsq": 0.04843470701582935, "error_max": 0.2852449486691753, "target": "947.xyz", "model": "20.xyz", "model_rescale": 4.121658175737393, "target_rescale": 4.10826434721533},
{"mapping": [9, 4, 10, 6, 1, 11, 3, 7, 5, 8, 5, 0, 12], "R": [[0.11355521132086417, -0.10672695344898497, -0.9877826539220924], [-0.6965213356219485, 0.7004281811724409, -0.15575105791898577], [0.7084936435884874, 0.7056980377094473, 0.005199669964976512]], "T": [0.012423470004811664, -0.019828273685204387, -0.14066980231975246], "aligned_model": [[-0.6669764591942723, -0.0229567117356632, -0.3279673548267268, 0.21887674872147553, 0.7018664464476565, -0.6541074446131486, 0.2246513628187069, -0.32002652088823974, 0.14040373575164267, -0.0759947488100931, 0.14040373575164267, 0.610097195047911, 0.027589240115882152], [-0.22284925851782078, 0.09998002306959994, -0.5274718808991642, -0.6356255269780138, -0.020242647281806886, 0.39398322593452373, 0.6182039104220752, 0.5536529275940615, 0.19946310123950467, -0.4145803363851038, 0.19946310123950467, 0.7161311772077374, 0.07556196757508996], [0.0002595810696458256, -0.7006035633090689, -0.6255461742871817, -0.16886995509026786, -0.05674676304211486, -0.5395000742174549, -0.3153551093809014, 0.024903066930266782, 0.49133959195358057, 0.39789879149376073, 0.49133959195358057, 0.15650613131748214, -0.09825009584685498]], "inverted": true, "swapped": false, "error_lsq": 0.04634958330422328, "error_max": 0.3378802558810882, "target": "947.xyz", "model": "21.xyz", "model_rescale": 4.08911054899281, "target_rescale": 4.10826434721533},
{"mapping": [7, 14, 12, 9, 11, 13, 2, 0, 8, 5, 6, 1, 16], "R": [[0.6884473230688072, -0.21428550912644484, -0.6929083661912402], [0.36082191149383425, 0.9299349890394218, 0.0709116657975691], [0.6291643915109383, -0.2988354676718793, 0.7175301608406438]], "T": [0.01973241710589291, 0.09105548852239036, -0.1416556453531148], "aligned_model": [[-0.6580536273953861, 0.07554151838388573, -0.43411551832332623, 0.11512420463738554, 0.7370726000576086, -0.547417075644774, 0.3008358481841465, -0.36186916673713054, 0.3357638987275645, 0.22469014063825904, -0.2735115693784091, 0.49890816583464004, -0.01711019439769035], [0.015999929790945333, -0.15268622466337545, -0.3640266179841758, -0.6011818435493841, -0.01385358509203631, 0.19000359668674877, 0.6420335639307136, 0.6906898178020217, 0.1493366337018885, -0.47136339847276815, 0.16527958165412732, 0.6644454055099666, 0.12099292490551597], [0.060257526560592856, -0.7326699492535147, -0.5048247986112994, -0.2804198140719055, 0.10392566186428975, -0.46612550649832774, -0.5140235425040725, 0.16640003230457256, 0.47274603823885775, 0.23171599398726822, 0.539565960984305, 0.12595038259331304, -0.14512296604960756]], "inverted": true, "swapped": false, "error_lsq": 0.045473917581013636, "error_max": 0.2955515238044629, "target": "947.xyz", "model": "22.xyz", "model_rescale": 4.204369325754507, "target_rescale": 4.10826434721533},
{"mapping": [1, 9, 8, 5, 11, 4, 13, 12, 10, 2, 3, 14, 15], "R": [[0.7402375358005142, 0.542284616223236, 0.3974616781522472], [-0.44298576076989526, -0.051331951305972165, 0.8950579012165853], [0.5057786139677121, -0.8386253190684976, 0.20222652612889605]], "T": [-0.12006323079404609, 0.13555009742997282, -0.15852258074081496], "aligned_model": [[-0.5548476380454247, 0.3447060932170263, -0.3800106446713775, 0.1709666349558598, 0.5969272233805114, -0.6584644545791202, 0.3037936802751806, -0.341778057996687, 0.3896441342121349, 0.07365384544979516, -0.1996681329235545, 0.35372930198616837, -0.10279276067373891], [-0.04627070132777056, -0.09820107572830095, -0.44376461922260757, -0.6298474485950284, 0.0655909923652975, 0.430067346081207, 0.5800830765718583, 0.602595651584046, 0.006290867831527935, -0.550293744168264, 0.3772913472600411, 0.6316028882597701, 0.110525203308411], [0.3034548433067269, -0.722756319063823, -0.5697329364277613, -0.30250472039488996, -0.17413072415788394, -0.5560760250595883, -0.43067252978740345, 0.022723241149816692, 0.42576715095793616, 0.33888791605871704, 0.6542829449303097, 0.20090923013277004, -0.13277705210045415]], "inverted": false, "swapped": false, "error_lsq": 0.04231602898233498, "error_max": 0.2655555313664767, "target": "947.xyz", "model": "23.xyz", "model_rescale": 4.410303926677745, "target_rescale": 4.10826434721533},
{"mapping": [11, 4, 10, 8, 5, 1, 0, 7, 6, 14, 13, 12, 16], "R": [[0.9687812754017409, 0.08321982206739661, -0.2335322282813389], [0.24540597441617668, -0.45563203330022317, 0.8556724595027886], [-0.03519585418516463, -0.8862696606822188, -0.46183042385966894]], "T": [-0.02069996010608504, 0.0021454139495318825, -0.0728093614065044], "aligned_model": [[-0.6160701489073401, 0.34580006564635, -0.32248309452016155, 0.17541928166486032, 0.6049395303377453, -0.6457230625226501, 0.15594463603647118, -0.3811718573737376, 0.44619436452379624, -0.1373939065473232, -0.028229631174090334, 0.43720803846806877, -0.03857499104521501], [-0.1481731828332734, -0.17399205611020804, -0.36570269131995686, -0.6733514921635122, 0.048584378744580076, 0.373738870756091, 0.6757647203355259, 0.5440538724321984, 0.05946247875566901, -0.2978947796294291, 0.3175625228154916, 0.6249820425018642, 0.05063509993514691], [0.08100918220501535, -0.6282710574356446, -0.5171050484308974, -0.4981890037183441, -0.11776137998054988, -0.5284405432569799, -0.36507555480535303, 0.06256467815609773, 0.5243694505671066, 0.5225967144070571, 0.5553959993771997, 0.14757810139270813, -0.1812965189329437]], "inverted": true, "swapped": false, "error_lsq": 0.04681162746051801, "error_max": 0.2721636496583379, "target": "947.xyz", "model": "24.xyz", "model_rescale": 4.28219845311461, "target_rescale": 4.10826434721533},
{"mapping": [2, 11, 14, 12, 9, 6, 1, 0, 7, 13, 4, 3, 15], "R": [[0.15260232503529808, -0.9349315822938884, 0.32033648999648395], [-0.4996815488718611, -0.3526415113165279, -0.7911778018962698], [0.8526610581648719, -0.03933066139593139, -0.5209819756606936]], "T": [0.054310649081436006, 0.09216941666770476, -0.1566662692825601], "aligned_model": [[-0.5683930253840541, 0.24223455473200856, -0.39994443985112627, 0.22139063484184268, 0.7095171452617376, -0.6998728944189752, 0.1570787668627941, -0.5492380989677932, 0.4468082845455597, -0.004986873558924597, -0.07939535447877505, 0.5206157666401887, 4.47583622911335e-05], [-0.07868754493121019, -0.20007481035850785, -0.41407275517802467, -0.6429838912362777, -0.06975018022300505, 0.3524732625124277, 0.7200729606208558, 0.604740760326647, -0.053689381367780314, -0.36841423262949446, 0.4337298604225148, 0.6155076031827025, 0.13681813307934024], [0.07099149330919297, -0.5758976954703886, -0.49947204886980384, -0.28336983067354415, -0.11978571363663695, -0.5757679580319992, -0.22775250075829287, 0.03968468799466021, 0.49924288825447294, 0.21382389623576376, 0.4758744336762978, 0.1730639609565487, -0.13326059344179864]], "inverted": false, "swapped": false, "error_lsq": 0.04688452514648453, "error_max": 0.2728546144388199, "target": "947.xyz", "model": "25.xyz", "model_rescale": 4.100010024507729, "target_rescale": 4.10826434721533},
{"mapping": [10, 0, 5, 2, 11, 6, 7, 1, 9, 4, 8, 12], "R": [[0.1644568755749242, 0.39440980771848, 0.9040989103254167], [-0.7807043364537057, -0.5081605394394756, 0.36369438433794954], [0.6028720221726274, -0.7656459819864876, 0.22434695261900542]], "T": [-0.0076822038655923325, -0.022816555880002788, -0.17325999549133478], "aligned_model": [[-0.6971530589531902, 0.07622792981203902, 0.41432858353678736, 0.8036006751976404, -0.5138384828352037, 0.13861762006549666, -0.253807428577519, 0.601192961929675, -0.13648868673402853, -0.08009420378128733, -0.5041475488669402, 0.02832724156953699], [-0.24493437807643798, -0.4985370645183434, -0.18576275486629099, -0.307703714500464, 0.6688625764142385, 0.6066555872812096, 0.04495147564784114, 0.2891289921937112, -0.425837422476039, 0.49422056042203083, 0.1632841424104042, 0.06180339011877941], [-0.04554307295734003, 0.040572346275216414, 0.6048345255355486, -0.11978591078192918, 0.038398156571438025, 0.2658574812204004, 0.5648210887314274, -0.12180517115087908, -0.5879953838378436, -0.5881822638676587, -0.42519542282104816, -0.06078408306297542]], "inverted": true, "swapped": true, "error_lsq": 0.045031758052709564, "error_max": 0.2838778962809868, "target": "947.xyz", "model": "26.xyz", "model_rescale": 3.6694154284099745, "target_rescale": 4.10826434721533},
{"mapping": [0, 8, 4, 10, 9, 5, 7, 1, 12, 2, 6, 3, 13], "R": [[-0.7333009320792765, -0.3136923863469555, -0.6032137513018228], [-0.6222821970134057, -0.047787803854751953, 0.7813329591684387], [-0.2739244609227765, 0.9483213656512716, -0.16016234625365033]], "T": [0.04616455446255576, 0.02865253549355077, -0.11159208998190656], "aligned_model": [[-0.6054963202983605, 0.15389138023103258, -0.3730547745616032, 0.24978922601606537, 0.7209641905787478, -0.5100895186279101, 0.1929300995680369, -0.5297863612081019, 0.4725477006181843, -0.19393983111804827, -0.09809129184882012, 0.4920822418323804, 0.02411248340517005], [-0.058949823307953196, -0.08703760575886824, -0.5821058000979219, -0.5087746739376284, 0.03592198469773692, 0.4337674391417096, 0.5861841496266786, 0.6398126693937185, 0.025119660684117175, -0.3901198217415259, 0.29770105413522147, 0.650819532638746, -0.0066689812538433604], [-0.043788888203585466, -0.7307592036571187, -0.46762576783695814, -0.289355155859995, -0.20883478470020164, -0.502030075753732, -0.36407357193740314, 0.1611907671865917, 0.5576744823399586, 0.3670614831208344, 0.503219732632219, 0.14705219100574735, -0.07235618879188521]], "inverted": true, "swapped": false, "error_lsq": 0.0466327958493189, "error_max": 0.23589020860808724, "target": "947.xyz", "model": "27.xyz", "model_rescale": 4.103607728864725, "target_rescale": 4.10826434721533},
{"mapping": [7, 13, 8, 11, 10, 1, 2, 0, 10, 6, 9, 3, 14], "R": [[-0.012792766286648272, 0.980962755477748, -0.19377414042188332], [0.2096133492137227, 0.19211503193145296, 0.9587252256707254], [0.9777006642946202, -0.028352898819721445, -0.2080805713332638]], "T": [0.09258828321480825, 0.044068246820518645, -0.08765328480533967], "aligned_model": [[-0.5496389981278527, 0.34957116919003106, -0.36071151195326523, 0.15482673416795026, 0.47842909976012815, -0.6521859173825783, 0.07764813788515272, -0.25187713542934986, 0.47842909976012815, -0.05940100495641795, -0.0022056404613331193, 0.33839727735947955, -0.005422085225299814], [-0.27832725618472665, -0.18886198056784442, -0.32589057725502263, -0.6364112437440103, 0.00516984466841959, 0.4816911728520679, 0.6189509178644255, 0.640958893679452, 0.00516984466841959, -0.3746543475438807, 0.18197400296067578, 0.7478939647750241, 0.15800654804718772], [-0.14836987483305084, -0.6349885005902848, -0.6620483935900903, -0.1593140942012723, 0.24308687741178014, -0.32568352828498304, -0.5465731174809751, 0.09877866533270942, 0.24308687741178014, 0.3627220121435719, 0.7136706450198497, 0.0003134686315070384, -0.1273060174260702]], "inverted": true, "swapped": false, "error_lsq": 0.05588908451219096, "error_max": 0.33221451254645357, "target": "947.xyz", "model": "28.xyz", "model_rescale": 4.137296879288765, "target_rescale": 4.10826434721533},
