[{"mapping": [13, 0, 1, 10, 5, 6, 12, 7, 4, 11, 8, 15], "R": [[0.4502414782721138, -0.6613505554489273, 0.5999150390269755], [0.8784318890230812, 0.44856094704516264, -0.1647740669319303], [-0.160125037363565, 0.601172620462162, 0.7829121616222183]], "T": [-0.005794063798606924, -0.10373171863513682, 0.10692308754570418], "aligned_model": [[-0.14142557680821183, 0.1799888547315622, 0.40277993944476703, -0.24067705751173143, -0.12307195493219192, -0.5402951170971855, 0.49085685396159007, -0.4321399315629538, 0.5972255794431022, 0.27564703993503004, -0.6575320724367127, 0.026285905293485172], [-0.3401915671514787, -0.8938019494576306, -0.2538634514270835, 0.6414817667470244, 0.3887122252917321, -0.48454915442426744, -0.22506418133086908, -0.42763591895259995, 0.2028024602952801, 0.40430755963508586, 0.13192370295684241, -0.09056645620497863], [-0.47993969526048325, -0.15645090690054175, -0.4505696771165701, 0.02630663923278903, -0.5777948655799936, -0.018733382384216096, 0.5790475414440741, 0.6300328907975301, -0.16865386322319298, 0.40160021450377237, 0.3330979742866459, 0.06400887555374865]], "inverted": false, "swapped": true, "error_lsq": 0.0434606378970352, "error_max": 0.2535826609552003, "target": "948.xyz", "model": "0.xyz", "model_rescale": 3.751011558992144, "target_rescale": 4.1985822095046785},
{"mapping": [8, 7, 10, 14, 12, 4, 3, 6, 11, 1, 2, 0, 13, 5, 15], "R": [[-0.9181872185594439, -0.17357254230601293, -0.3560966220444942], [0.3888061238319858, -0.2226072321257236, -0.8940222694519812], [0.07590803478432687, -0.9593323682450997, 0.27188118267439887]], "T": [-0.0025182523370925677, -0.029424586400778593, -0.04562283936388607], "aligned_model": [[0.08333389301143365, 0.35982286966208354, -0.47852476383217013, 0.18631208559559248, -0.26820896674846917, -0.4994618853113368, 0.44093419942840256, 0.6154036202622751, -0.6357736952728275, 0.04379632775211457, -0.11913375937806928, 0.6169008779216214, 0.40078082050071256, -0.1874059672746945, -0.019689445227634498], [-0.00090247537710679, -0.5328783819800251, 0.38297548293108324, 0.46323231545401383, -0.6059702817143107, 0.20765827905515105, -0.512652183788226, 0.04944415496298728, -0.15608092276601293, 0.32424214342252994, -0.17128529044509289, -0.1405398815670173, 0.4334691516471361, 0.8007634180123314, 0.0072818219796643435], [-0.768994726668987, -0.4646357069782609, -0.5150439244240046, -0.5687491148785383, 0.23948890377500875, 0.4343535031120229, 0.08813901286914382, -0.2873977859827066, -0.12984474114246447, 0.5651514559821623, 0.6627661763571874, 0.5306283694415488, 0.15881868833746765, -0.08683239147702197, -0.008181313470581889]], "inverted": false, "swapped": true, "error_lsq": 0.037365604666596844, "error_max": 0.23258622550132974, "target": "948.xyz", "model": "1.xyz", "model_rescale": 3.9405287249114394, "target_rescale": 4.1985822095046785},
{"mapping": [4, 5, 1, 8, 14, 2, 11, 10, 6, 3, 7, 12, 15], "R": [[-0.22809259593944103, -0.7706446960292382, 0.595046653767257], [-0.9503166537094175, 0.30917937048414873, 0.03614380375058179], [-0.21183018047516722, -0.5572386107844901, -0.8028780139540687]], "T": [-0.08209719733695994, -0.08557148787848107, 0.020504431118941922], "aligned_model": [[-0.33456002293658615, 0.35145059490941244, -0.46912576021148, 0.5587362263721456, 0.5766947600255855, -0.7565522986190558, 0.01859885846067097, 0.5804801557457979, 0.0858647904496602, -0.4755637435275615, 0.014529261662879933, -0.5581226418249432, -0.09644690122259475], [0.5988302269881638, 0.4393729423806784, 0.26275929511971974, -0.40097731336612996, -0.1936750768878997, 0.19591273161987954, 0.335016656016298, 0.3237098068910101, -0.6332958071416148, -0.6224198927863516, -0.7649599926486623, -0.040423447924654285, -0.04101753468841965], [-0.016850128988687825, -0.49092833471623415, -0.4581864849253871, 0.1664587983960308, -0.3055869526379356, -0.017119815805088347, 0.5074474769162332, 0.12293608737476955, -0.3234282433393761, 0.09142049518907286, 0.31954152448443524, 0.5261195330225903, -0.00870360538177873]], "inverted": true, "swapped": true, "error_lsq": 0.03804474377987605, "error_max": 0.20734733043063286, "target": "948.xyz", "model": "2.xyz", "model_rescale": 3.932901565614263, "target_rescale": 4.1985822095046785},
{"mapping": [14, 8, 10, 6, 5, 4, 11, 1, 0, 2, 9, 3, 12, 15], "R": [[-0.0673302601186764, 0.7654158124892778, 0.6400041172240457], [-0.9872122347428938, 0.04178985728392596, -0.15383631366530673], [-0.14449442773440407, -0.6421777338241865, 0.7528141327938387]], "T": [0.05740700076385965, -0.0452322856963137, 0.006694344371266207], "aligned_model": [[-0.08199562461610851, 0.418806580414205, 0.14808082333161138, -0.05124424251793697, -0.5022252322080341, -0.24766995629425506, 0.3916950718914026, -0.5736452263381878, -0.36814992123732776, -0.19919675519664046, 0.832661665333875, 0.22069269379079234, 0.4188469601957124, 0.0131530755035957], [0.09103559711839525, 0.14284093523478297, -0.5311104550105152, 0.5620122489127847, -0.4273454817957835, -0.655187895848351, -0.6037563849024318, -0.18724972154795677, 0.48369145619302095, -0.2313330315299505, -0.18752819145118577, 0.4803431100781939, -0.19604730323118114, -0.07686824386933308], [-0.7102622733910189, -0.5978466355620143, -0.6038077717221088, -0.2501165322174147, -0.5089558143382754, 0.2682679529391086, 0.02790586002241319, 0.2928316725056516, 0.5236402842941238, 0.6662848675413404, 0.12042300845459325, 0.3876923847542432, 0.5819344566692086, 0.01590490310724722]], "inverted": false, "swapped": true, "error_lsq": 0.04536561020325284, "error_max": 0.30816685846927266, "target": "948.xyz", "model": "3.xyz", "model_rescale": 3.9243930471874484, "target_rescale": 4.1985822095046785},
{"mapping": [9, 12, 7, 8, 6, 11, 10, 3, 13, 1, 14, 5, 15], "R": [[0.8759096386074228, -0.41543162187662924, 0.24535458532411306], [0.36270097817099406, 0.9023176968736164, 0.23296088586390748], [-0.3181671029952944, -0.11506233725092582, 0.9410262233954674]], "T": [-0.04867522866988261, 0.00887814986426183, -0.16200315180994435], "aligned_model": [[-0.04601603675601648, -0.2948161325793205, 0.5786507360516925, 0.400227464095384, 0.5694254699180973, -0.4957872464380965, -0.2772849572725361, 0.3468718800319461, 0.07421141107054707, -0.41106182445120865, 0.27896361597896424, -0.35567878913815465, -0.09049970419994588], [-0.6219750239171239, -0.07694574534992414, -0.2432593859759451, -0.49475011213039655, 0.19653115907020657, -0.4529344510574126, -0.5167989469403491, 0.2368718791338186, 0.5223079431311102, 0.6034202611573903, -0.1562025787604447, 0.09366921072203264, 0.03789534459862504], [-0.6480271538866552, -0.8072427313597426, -0.4832777900990049, 0.11421403659415763, 0.008996024663371877, -0.2667293542885619, 0.3750381437651295, -0.6515055166437298, 0.2121703564505088, -0.03764050040146989, 0.48408504659385815, 0.6277139537728416, -0.14072419978973905]], "inverted": true, "swapped": true, "error_lsq": 0.046105785735754704, "error_max": 0.30394323156163494, "target": "948.xyz", "model": "4.xyz", "model_rescale": 3.8936222436046832, "target_rescale": 4.1985822095046785},
{"mapping": [14, 5, 13, 6, 1, 4, 11, 12, 7, 8, 0, 15], "R": [[-0.7547788314321918, 0.623824850539873, 0.20285825462810245], [-0.47913406262908953, -0.7354918510732652, 0.4790430951734569], [0.44803958045065473, 0.264375287902873, 0.8540294148891328]], "T": [-0.042460985009458635, -0.017164767205737116, 0.07913986531071579], "aligned_model": [[0.06616554025627702, -0.6219462924342136, -0.242625406605017, 0.37103959091407157, -0.6025945351026137, -0.7309179409883013, -0.23870107769037432, 0.003952876921305901, 0.703865394911636, 0.41848967094868417, -0.0029047546927158732, -0.09627502422364163], [-0.5825217335390678, -0.4977939018866506, 0.09769984273696969, -0.0006884573477166055, 0.33006145794254105, 0.06237603852129009, -0.2788035454073261, 0.36521660288846347, 0.018683898099757196, -0.5742418934985328, 0.7395324382528393, -0.010597841652759447], [-0.3905415141688545, -0.31871215537831965, -0.5253908773605677, -0.44550158247807525, -0.17767678250934052, 0.30987527388865166, 0.642329520803573, 0.6587219922006373, 0.12431069694886127, -0.013814731964798654, -0.31320789789735526, 0.0688927771911064]], "inverted": false, "swapped": true, "error_lsq": 0.043176952013892524, "error_max": 0.25677122443727424, "target": "948.xyz", "model": "5.xyz", "model_rescale": 3.6523030999806103, "target_rescale": 4.1985822095046785},
{"mapping": [0, 2, 4, 13, 5, 3, 11, 6, 9, 8, 10, 14, 15], "R": [[-0.0011991513009302346, -0.39135884954085226, -0.9202373677058644], [0.995846671397185, 0.08330960104750423, -0.036727611417747275], [0.09103828372341405, -0.916459361488204, 0.3896335068206132]], "T": [-0.007858866555705071, -0.06479770877228802, 0.05827279033219073], "aligned_model": [[0.20895673425833156, -0.09446644298027794, 0.07065928386269744, 0.5986664016565086, 0.6685787048162426, -0.25462021762629555, -0.38480414908664984, 0.2787460478257875, -0.7647870191454037, -0.03839729009361521, 0.11956930036228151, 0.44958701598046186, 0.02339453483422564], [-0.6848934892392129, -0.025100996844122793, 0.47859485551770803, -0.25120428806995304, 0.4384090293987532, -0.6668132171281764, 0.4654647991422238, -0.595537798945865, 0.02743285890016242, -0.12161155856912584, 0.5433981824177412, -0.03243935881214653, -0.03487211360480323], [0.6028500040409823, 0.7838497553721497, 0.5400382622292556, 0.1851458739209245, -0.06134747420236739, 0.21555401706730598, 0.02858206844342074, -0.22926055303596243, -0.17141269673721113, -0.6678749771233159, -0.4222186159230564, -0.5262997212874807, 0.09250379671714391]], "inverted": false, "swapped": true, "error_lsq": 0.04257845553096743, "error_max": 0.2312045504786203, "target": "948.xyz", "model": "6.xyz", "model_rescale": 4.08911054899281, "target_rescale": 4.1985822095046785},
{"mapping": [5, 13, 1, 10, 11, 12, 4, 2, 8, 14, 7, 6, 3, 0, 15], "R": [[-0.19993523395503374, -0.9792088998055513, -0.034290417975690435], [-0.16793898799861484, -0.000231291601112793, 0.9857973639720266], [-0.9653094832919372, 0.20285432469088965, -0.16440110833220106]], "T": [-0.0554949538580048, 0.014338092081543075, -0.041531032778267335], "aligned_model": [[-0.01894160142397757, 0.35816183893191206, 0.5806757015455889, -0.5885839404609213, -0.38580871007379836, 0.009641817138116189, 0.2423881998556383, 0.5257047686246613, -0.6810235790089201, -0.3808365805157145, -0.39235722015913604, -0.037206695176903386, 0.14649259796238978, 0.6792744294076979, -0.021247486847078827], [-0.7456351164174007, -0.45095832100908406, -0.17349756731748311, -0.40228331597909445, 0.23733326435696883, 0.6852104522546634, 0.010352013656092812, 0.3525578614680262, -0.21437269117583166, -0.6228128675057238, 0.31252813612696356, -0.24369533147695432, 0.4186504413567379, 0.14484355713932007, -0.007461699308087648], [-0.4238900156481481, 0.13483335951344325, -0.28704090677462984, -0.44059857841171524, -0.5566170332528135, -0.21465722376229215, -0.7084555312752007, -0.3302400620982209, 0.2548746111628333, 0.15901896164583293, 0.5567457488001665, 0.5745753993701412, 0.45221361185057407, 0.3722012482990724, -0.07889355733696299]], "inverted": false, "swapped": true, "error_lsq": 0.04382493307892634, "error_max": 0.28764928089092473, "target": "948.xyz", "model": "7.xyz", "model_rescale": 3.964800864290218, "target_rescale": 4.1985822095046785},
{"mapping": [4, 13, 2, 10, 12, 14, 11, 0, 6, 7, 8, 9, 3, 15], "R": [[-0.7280362509866705, -0.6291738907600304, 0.2722194563861292], [0.22764002677385797, 0.15268188177395037, 0.9617007128979178], [-0.6466399581371937, 0.7621210259295117, 0.03206721653772876]], "T": [-0.004781090656042947, -0.043021174528766394, 0.008238778549145356], "aligned_model": [[-0.13597017581225196, 0.2181422350527067, 0.41150006911604853, -0.7802985052739334, 0.21455001642548843, -0.3921464480449456, -0.43934337771608534, 0.8184383620203042, 0.23492789810231895, 0.17563723067563383, -0.4075372207264436, -0.2164096925112162, 0.5670491282499721, -0.007351630096723922], [0.11677547608331537, -0.6218265376933743, 0.23231724440550508, -0.16208386663427402, 0.6125253223567689, -0.6180752165311924, 0.41383628897522307, -0.235329741902897, -0.49565601555973393, 0.09754156767957131, -0.211293701549372, 0.6324277155144133, 0.10749225792480158, -0.05770232688755306], [-0.692327423299062, -0.17617010288422147, -0.5269596748363463, -0.029297686956137062, -0.07199747555200231, 0.27524017980840193, -0.15480872678057223, -0.10760279883062046, 0.43738228043034827, 0.7209939546313157, 0.5921247651615568, 0.3731829668610105, 0.32193788336684953, -0.04488310239549942]], "inverted": false, "swapped": true, "error_lsq": 0.03972783083171388, "error_max": 0.25842671022968916, "target": "948.xyz", "model": "8.xyz", "model_rescale": 4.121658175737393, "target_rescale": 4.1985822095046785},
{"mapping": [9, 11, 10, 8, 12, 3, 4, 13, 5, 2, 7, 6, 15], "R": [[-0.3221310225688351, 0.09336323813188135, 0.9420800974780685], [0.6200272137101265, -0.7311917131197699, 0.28447307943605826], [0.7154004882285268, 0.6757529019031339, 0.17765178583926422]], "T": [-0.01419491768862519, -0.02212658515032486, 0.017141327603598426], "aligned_model": [[-0.607786868833481, -0.16279555847149071, 0.4334708397596745, 0.12159389587320604, -0.6393488541427931, -0.48597494745900244, 0.12411589039649035, 0.43675955848597475, 0.801776573267923, -0.2615832982618427, -0.43194038677299446, 0.13265059387161987, 0.01580005872191299], [0.13773236717301754, -0.27792613167486646, 0.045093695184088047, 0.6176922499547757, -0.31584095339819424, 0.18075243694993576, -0.7241501783919364, -0.040908260952822344, -0.2127384574702907, -0.6493515536413038, 0.5961940546346084, 0.5017102070145986, -0.06787203596990043], [-0.4891153658479269, -0.5630586843277687, -0.6248002388879792, -0.3047969356981682, -0.06770928350383446, 0.4464604709783015, -0.12973121469742133, 0.48082699936498735, -0.13435605543802576, 0.301617093684816, 0.07627596784622284, 0.40512876905308726, 0.024333911432798387]], "inverted": true, "swapped": true, "error_lsq": 0.04912573714521219, "error_max": 0.3110702075944187, "target": "948.xyz", "model": "9.xyz", "model_rescale": 3.833441315466971, "target_rescale": 4.1985822095046785},
{"mapping": [11, 9, 1, 0, 3, 12, 7, 6, 5, 13, 10, 14, 8, 4, 15], "R": [[-0.2805854167901391, -0.7831056550573361, 0.5549931142833435], [0.65769272945676, 0.2642767934367913, 0.7054063014110977], [-0.699079464370411, 0.5629416572505431, 0.4408906814932599]], "T": [-0.09797838248434101, -0.02024033128497571, 0.06259518946603819], "aligned_model": [[0.04569699747174369, -0.01001541855776486, -0.4926436099674525, -0.7748143277326065, -0.5109302499140862, -0.545523588576347, -0.01684215793447094, 0.027911662969858114, 0.33231014998946007, -0.15759573066958696, 0.5864950226115104, 0.5381298297047147, 0.534676180464496, -0.32123359484785097, -0.11177614671708508], [-0.6467055406392153, -0.629274063773998, 0.18211299556436636, 0.496437322370448, 0.17126189866290414, -0.50632927219178, 0.08287840426423884, 0.5678288107729795, 0.17280381753463275, 0.5463143591071551, -0.2757614976564082, 0.35740043961069706, 0.06093082735318109, -0.35945067520654406, -0.01934628647767864], [0.1676967544002539, -0.44291698490178716, 0.6135606378354634, 0.007554942073064896, -0.4281683707926266, -0.15582191292490605, -0.6743661634187093, -0.22865938033211536, 0.7715941686047183, 0.3694805878066956, 0.3510692134653057, 0.1317516074309072, -0.290406844532195, 0.6697459133494255, 0.11600773975859742]], "inverted": true, "swapped": true, "error_lsq": 0.04112811937693516, "error_max": 0.2209515154191755, "target": "948.xyz", "model": "10.xyz", "model_rescale": 4.2482417240324, "target_rescale": 4.1985822095046785},
{"mapping": [2, 4, 5, 10, 0, 6, 13, 8, 11, 7, 12, 15], "R": [[-0.278552798515993, -0.7792607047660361, 0.5613921022302057], [0.9602403005404893, -0.2373037148101611, 0.14705615306817008], [0.0186253498442292, 0.5800342239427246, 0.8143791472025432]], "T": [-0.011810708464084715, 0.08735022825992736, -0.08587958926493228], "aligned_model": [[-0.6741937751310013, -0.23522419125952126, 0.4223179732739992, 0.6719159276061967, -0.6852746504147884, 0.11707549791547861, -0.06644184542318399, 0.6201239361928688, 0.1279331883092674, 0.06740408755876647, -0.4634590295595322, -0.02541151670554346], [-0.21618831177333278, -0.5896619861949961, -0.3083527449669339, -0.2993408909066262, 0.4769209832857684, 0.6981538590855711, 0.24140585221986524, 0.4019245583244333, -0.41205098073305, 0.7019219208259896, -0.07705247502052556, 0.04845160590447647], [-0.017676501827102453, 0.07311546086883752, 0.5305985219956468, -0.08607130622437342, 0.2645102923253935, 0.1524691346436358, 0.540218962662429, -0.26795810191343816, -0.479856350076213, -0.5058263084909991, -0.5891397066897428, -0.049191807419717085]], "inverted": true, "swapped": true, "error_lsq": 0.04328863856318257, "error_max": 0.2586604460758664, "target": "948.xyz", "model": "11.xyz", "model_rescale": 3.6694154284099745, "target_rescale": 4.1985822095046785},
{"mapping": [4, 5, 14, 13, 1, 11, 12, 9, 6, 7, 8, 3, 10, 15], "R": [[0.6332597856772556, 0.7738635993027283, 0.01082467173743229], [0.3789150473414655, -0.32220456553821486, 0.8675295988290805], [0.6748373365057773, -0.5452699768193341, -0.49726775648259314]], "T": [0.11385379374209187, -0.0036306470863342183, -0.01562758008471927], "aligned_model": [[0.07284829630166097, -0.10104418754832659, -0.14360087914080805, 0.5156752592688116, 0.546729860802834, -0.39194311673317345, 0.15683074273718622, -0.3362617607076159, 0.3862999084175486, 0.11726429003371766, -0.3263225533027542, 0.5565115770994626, -0.5797467150925051, 0.12502412811977173], [-0.4456806884207836, 0.37094479899301613, 0.6841566000913945, 0.37904261568255804, -0.12938836693722755, -0.4063312884924522, -0.6477360747217417, -0.3888122173625552, 0.5502939050180674, 0.174312022261773, 0.47885217740629715, -0.08283322929107624, 0.20916873920411788, -0.015001705295133177], [-0.5956696983130946, -0.749525331698249, -0.12829795610791142, -0.348520621358396, -0.5606722960779514, -0.09404499558137736, 0.24430775904863722, 0.5165690699689255, 0.24019178780546524, 0.7114579521200608, 0.308264526323268, 0.48018716230574743, -0.3167038604663735, -0.06844803831633581]], "inverted": true, "swapped": true, "error_lsq": 0.039429179331209416, "error_max": 0.2541808039387821, "target": "948.xyz", "model": "12.xyz", "model_rescale": 3.9764082729961374, "target_rescale": 4.1985822095046785},
{"mapping": [2, 9, 1, 8, 12, 5, 7, 3, 14, 11, 6, 13, 10, 0, 4, 15], "R": [[0.8952660054454409, -0.35645570738926613, 0.26727908291406133], [0.12137819295752617, 0.7723553662601701, 0.6234857837059993], [-0.4286795000558451, -0.5257437749310365, 0.7347294531683988]], "T": [0.06309170700351675, -0.03310196987807306, -0.043829969284394255], "aligned_model": [[-0.5487421986267024, 0.2449971391006069, -0.006291180933465951, -0.4616805052899059, 0.5456245021712677, 0.5200335748918682, -0.6004430038601146, -0.5562916309223387, 0.1247885914037347, -0.05979729390249651, 0.46952760671459715, 0.5306349756290343, 0.07227040765813891, -0.22885170570466434, -0.0863189343835608, 0.008221865612057198], [-0.5400575023598051, -0.5574998994220756, -0.5591167132659515, -0.03245539239630867, -0.331263285229787, -0.2367792002419547, -0.0321589443846989, 0.5161472485507368, 0.7460180467329522, 0.40606071241984676, 0.5218673524109081, 0.2669622397925541, -0.2181631649049589, -0.4633147549698233, 0.15131288155920974, 0.044023602310385206], [0.02627619245303764, -0.27494974728090493, 0.30519307130333534, 0.4297379179195164, 0.24853190675897974, -0.7165435941179639, -0.405429882316776, 0.10826547466044747, 0.12342293426711687, 0.6062308976216431, -0.37621185273080776, 0.21277343721015712, 0.7383560728486644, -0.5505783652583345, -0.7217173821996179, -0.09510980346264496]], "inverted": false, "swapped": false, "error_lsq": 0.04654444788845515, "error_max": 0.45618026491634955, "target": "948.xyz", "model": "13.xyz", "model_rescale": 4.170626492500431, "target_rescale": 4.1985822095046785},
{"mapping": [2, 4, 12, 11, 3, 8, 9, 1, 0, 5, 13, 10, 6, 15], "R": [[-0.5911676965647013, -0.7721944621281429, -0.23288724137877065], [-0.7979139984609422, 0.602065988628135, 0.02915126750757828], [0.1177030398862206, 0.2030572776234699, -0.972066734543307]], "T": [-0.04858926657501713, 0.10509154707810937, 0.09047416562759417], "aligned_model": [[0.28962166835608094, -0.08689453948786235, -0.15671789229201935, -0.6020235957152751, 0.3003415830564855, -0.43668071462896324, -0.62887526888371, 0.42611361861220426, 0.7698641586950714, -0.0903914606683858, 0.4567037704774664, -0.6452333099314657, 0.27978962038916694, -0.032434615887150325], [-0.3466715637839446, -0.615893516961932, 0.032437424279222915, -0.17345539176254482, 0.5220067170182914, 0.6005985070619895, 0.37507299801600275, -0.4175585655324023, 0.17683125248774584, -0.37360590337334176, 0.007678125682605369, -0.08708191062132205, 0.6020925784775503, 0.05362371693774551], [-0.3754250601561758, -0.020213648883471783, -0.5931300907412262, -0.11019884820329304, -0.3000129970495824, 0.45831770516099357, -0.38342487471793196, 0.13247971944327747, -0.13991578365723292, 0.7934643110008393, 0.4827835654168011, 0.5638634546411612, 0.3932283979639948, 0.102057250902713]], "inverted": false, "swapped": true, "error_lsq": 0.04801943940708538, "error_max": 0.2980474082318889, "target": "948.xyz", "model": "14.xyz", "model_rescale": 3.9786697098870705, "target_rescale": 4.1985822095046785},
{"mapping": [2, 11, 13, 0, 5, 14, 9, 8, 6, 3, 10, 15], "R": [[0.7549412898747229, 0.3452803742813158, 0.5575348527029002], [-0.40172185511292874, -0.42849681142357987, 0.8093269016438615], [0.5183466021562381, -0.834968230375252, -0.18478326303294662]], "T": [-0.0165983997275155, -0.08467193825107275, -0.05060909220092909], "aligned_model": [[-0.08087823157230392, -0.6652270270007946, 0.5226487547662734, 0.6120620049238727, 0.036346453443063344, 0.237920070611676, -0.5850221388512251, -0.015364588173803977, 0.5640868165179095, 0.2856104016342118, -0.4108128894713395, -0.01801503006020333], [-0.6033338197651958, -0.0352559290639686, 0.09308848676100703, -0.6139633401811908, 0.6199105429264986, 0.5866733136361127, -0.3239552830820793, 0.35885979272528057, 0.026605973310052516, -0.6127864715049232, 0.5945380106293775, -0.07570678616653216], [-0.562855702058798, -0.08201887102854341, -0.36098117663273616, -0.2802366838933695, -0.5258502801592527, 0.14055764294798784, 0.4532163363489324, 0.527948658026051, 0.260718307566817, 0.22834628256725986, -0.033847448859957996, -0.10503057095056051]], "inverted": true, "swapped": true, "error_lsq": 0.050779942768969154, "error_max": 0.2630963020436422, "target": "948.xyz", "model": "15.xyz", "model_rescale": 3.769337070930944, "target_rescale": 4.1985822095046785},
{"mapping": [7, 11, 6, 14, 3, 12, 0, 4, 13, 5, 15], "R": [[-0.2903134736567151, -0.8316388595206511, 0.4733866224858526], [-0.7581096710475485, -0.10199122515210968, -0.6441021011114232], [0.5839416183811103, -0.5458704950143056, -0.6008640353651459]], "T": [-0.05264052886144212, -0.03907456111604655, -0.04396656746817885], "aligned_model": [[-0.16712717897435447, -0.23782949246871354, -0.1492552768736527, -0.652944965459865, 0.34540760766070255, 0.34319878334024007, 0.6576784149940454, 0.177853971570411, 0.0675501006143512, -0.4260866966778369, -0.03581913703415661], [0.20621734343634354, -0.663452411115251, 0.6002757746262005, 0.35921350588485396, 0.2143357373613838, -0.5032483696145348, 0.43368483302827054, -0.5004566145533227, 0.45435602963843125, 0.044305267913838396, -0.04916659898087158], [-0.7418585968740019, -0.04619378026307775, -0.21248832412399046, 0.13777505871499027, -0.5187213700803406, -0.37883835637312563, -0.050104698160031644, 0.4732736425113422, 0.3570291405120537, 0.7167433515192312, 0.007601539840727575]], "inverted": false, "swapped": true, "error_lsq": 0.04528268524786208, "error_max": 0.27955390486661147, "target": "948.xyz", "model": "16.xyz", "model_rescale": 3.7852294659196426, "target_rescale": 4.1985822095046785},
{"mapping": [4, 12, 3, 2, 11, 9, 8, 7, 13, 5, 10, 6, 15], "R": [[0.4182599746591733, 0.5433302748253763, 0.7279085148947555], [-0.18615460058495636, -0.7330883384102769, 0.6541620233305465], [0.8890472756153989, -0.40911331015385, -0.2054780795505854]], "T": [0.05308894025779497, 0.04790840667979627, 0.009035448134443451], "aligned_model": [[-0.029076438995075726, -0.41090960940621923, 0.12483052672033977, 0.0872246134223089, -0.5156741322999464, -0.6958750823964489, -0.07713889851597626, -0.10849137608528885, 0.6921005317956623, 0.41037060589853713, -0.18367527052837002, 0.486381266746262, 0.07369911386049803], [-0.21869372736205814, -0.46678049172461783, -0.3357120951840629, -0.6287405132249709, 0.09966099977359305, 0.0434919057255038, 0.6835621311505076, 0.1388412777652559, 0.07303306665992984, 0.5058278665801631, 0.6896780527366131, 0.2561867418394486, 0.034700408967568486], [-0.6660280313691858, 0.07295637079387429, 0.5528549736096168, -0.2675863666921555, -0.3039786868357572, 0.27965606090301764, 0.34135463445440334, 0.7342606617941846, -0.08970679442563045, -0.613663031575575, -0.377081893046407, 0.47312675243014196, -0.04040995289735367]], "inverted": true, "swapped": true, "error_lsq": 0.04037521407502617, "error_max": 0.2230450903920849, "target": "948.xyz", "model": "17.xyz", "model_rescale": 3.901054581598922, "target_rescale": 4.1985822095046785},
{"mapping": [8, 7, 10, 14, 12, 4, 3, 6, 11, 1, 2, 0, 13, 5, 15], "R": [[-0.9181872185594439, -0.17357254230601293, -0.3560966220444942], [0.3888061238319858, -0.2226072321257236, -0.8940222694519812], [0.07590803478432687, -0.9593323682450997, 0.27188118267439887]], "T": [-0.0025182523370925677, -0.029424586400778593, -0.04562283936388607], "aligned_model": [[0.08333389301143365, 0.35982286966208354, -0.47852476383217013, 0.18631208559559248, -0.26820896674846917, -0.4994618853113368, 0.44093419942840256, 0.6154036202622751, -0.6357736952728275, 0.04379632775211457, -0.11913375937806928, 0.6169008779216214, 0.40078082050071256, -0.1874059672746945, -0.019689445227634498], [-0.00090247537710679, -0.5328783819800251, 0.38297548293108324, 0.46323231545401383, -0.6059702817143107, 0.20765827905515105, -0.512652183788226, 0.04944415496298728, -0.15608092276601293, 0.32424214342252994, -0.17128529044509289, -0.1405398815670173, 0.4334691516471361, 0.8007634180123314, 0.0072818219796643435], [-0.768994726668987, -0.4646357069782609, -0.5150439244240046, -0.5687491148785383, 0.23948890377500875, 0.4343535031120229, 0.08813901286914382, -0.2873977859827066, -0.12984474114246447, 0.5651514559821623, 0.6627661763571874, 0.5306283694415488, 0.15881868833746765, -0.08683239147702197, -0.008181313470581889]], "inverted": false, "swapped": true, "error_lsq": 0.037365604666596844, "error_max": 0.23258622550132974, "target": "948.xyz", "model": "18.xyz", "model_rescale": 3.9405287249114394, "target_rescale": 4.1985822095046785},
{"mapping": [4, 12, 0, 7, 1, 3, 13, 9, 11, 5, 10, 2, 8, 12, 14, 15], "R": [[-0.5191664969455619, 0.807963474160726, 0.27867754281858503], [-0.8502671976481933, -0.5213283878582388, -0.07254243321407323], [0.08667087776619317, -0.2746119743115005, 0.9576410718593777]], "T": [-0.03480765600977573, -0.06932277747743187, -0.019122254861580805], "aligned_model": [[-0.4265264911847889, -0.04266519238164944, 0.0692412139093806, -0.656559915776072, 0.5246845613388504, 0.5907893882990783, -0.5397831027541905, -0.5076139896574335, -0.135983205358212, 0.12523499863774468, 0.4542995687804914, 0.6732797552419791, -0.1017436260373066, -0.04266519238164944, -0.012369621596762442, -0.003936939521404229], [-0.6786056025503455, -0.43466978821035757, -0.6019126543965433, -0.0996942195327193, -0.41341211445559617, -0.2199421535638228, 0.17698675385731405, 0.4428777239601831, 0.6288857997280193, 0.4625141141793432, 0.4584269103148989, 0.3488424561035488, -0.12091859610245198, -0.43466978821035757, 0.21128251098473716, -0.04440812550462142], [0.08085685223774572, -0.4272875192828358, 0.403010560289982, 0.30970483028246465, 0.04483406526148221, -0.577128291184968, -0.3874444756559604, 0.30199246629933196, -0.1656879153370072, 0.599584874663449, -0.3356004162559917, 0.26208112076538237, 0.7326287697156024, -0.4272875192828358, -0.7405764590734137, -0.01543366576657974]], "inverted": true, "swapped": false, "error_lsq": 0.039535466822603164, "error_max": 0.3980792104155692, "target": "948.xyz", "model": "19.xyz", "model_rescale": 4.410303926677745, "target_rescale": 4.1985822095046785},
{"mapping": [4, 13, 2, 10, 12, 14, 11, 0, 6, 7, 8, 9, 3, 15], "R": [[-0.7280362509866705, -0.6291738907600304, 0.2722194563861292], [0.22764002677385797, 0.15268188177395037, 0.9617007128979178], [-0.6466399581371937, 0.7621210259295117, 0.03206721653772876]], "T": [-0.004781090656042947, -0.043021174528766394, 0.008238778549145356], "aligned_model": [[-0.13597017581225196, 0.2181422350527067, 0.41150006911604853, -0.7802985052739334, 0.21455001642548843, -0.3921464480449456, -0.43934337771608534, 0.8184383620203042, 0.23492789810231895, 0.17563723067563383, -0.4075372207264436, -0.2164096925112162, 0.5670491282499721, -0.007351630096723922], [0.11677547608331537, -0.6218265376933743, 0.23231724440550508, -0.16208386663427402, 0.6125253223567689, -0.6180752165311924, 0.41383628897522307, -0.235329741902897, -0.49565601555973393, 0.09754156767957131, -0.211293701549372, 0.6324277155144133, 0.10749225792480158, -0.05770232688755306], [-0.692327423299062, -0.17617010288422147, -0.5269596748363463, -0.029297686956137062, -0.07199747555200231, 0.27524017980840193, -0.15480872678057223, -0.10760279883062046, 0.43738228043034827, 0.7209939546313157, 0.5921247651615568, 0.3731829668610105, 0.32193788336684953, -0.04488310239549942]], "inverted": false, "swapped": true, "error_lsq": 0.03972783083171388, "error_max": 0.25842671022968916, "target": "948.xyz", "model": "20.xyz", "model_rescale": 4.121658175737393, "target_rescale": 4.1985822095046785},
{"mapping": [0, 2, 4, 13, 5, 3, 11, 6, 9, 8, 10, 14, 15], "R": [[-0.0011991513009302346, -0.39135884954085226, -0.9202373677058644], [0.995846671397185, 0.08330960104750423, -0.036727611417747275], [0.09103828372341405, -0.916459361488204, 0.3896335068206132]], "T": [-0.007858866555705071, -0.06479770877228802, 0.05827279033219073], "aligned_model": [[0.20895673425833156, -0.09446644298027794, 0.07065928386269744, 0.5986664016565086, 0.6685787048162426, -0.25462021762629555, -0.38480414908664984, 0.2787460478257875, -0.7647870191454037, -0.03839729009361521, 0.11956930036228151, 0.44958701598046186, 0.02339453483422564], [-0.6848934892392129, -0.025100996844122793, 0.47859485551770803, -0.25120428806995304, 0.4384090293987532, -0.6668132171281764, 0.4654647991422238, -0.595537798945865, 0.02743285890016242, -0.12161155856912584, 0.5433981824177412, -0.03243935881214653, -0.03487211360480323], [0.6028500040409823, 0.7838497553721497, 0.5400382622292556, 0.1851458739209245, -0.06134747420236739, 0.21555401706730598, 0.02858206844342074, -0.22926055303596243, -0.17141269673721113, -0.6678749771233159, -0.4222186159230564, -0.5262997212874807, 0.09250379671714391]], "inverted": false, "swapped": true, "error_lsq": 0.04257845553096743, "error_max": 0.2312045504786203, "target": "948.xyz", "model": "21.xyz", "model_rescale": 4.08911054899281, "target_rescale": 4.1985822095046785},
{"mapping": [6, 5, 10, 7, 9, 11, 0, 4, 2, 3, 15, 14, 12, 8, 1, 16], "R": [[0.05270617664796051, 0.5788693319109448, 0.813715156253176], [0.08968217090498881, -0.8142989202295999, 0.5734756984691471], [0.994574867551419, 0.04275003024424956, -0.09483284108995876]], "T": [-0.0028761290606929505, -0.013575192721567667, -0.019247671825958587], "aligned_model": [[-0.5420896192984372, 0.31078480524474855, -0.021612383873689016, -0.48800927744817507, 0.5466436806216318, 0.4200085693811873, -0.7571052220903591, -0.3957712207944965, 0.006765259314345412, 0.0702304920028004, 0.5409567962079245, 0.44583053791361965, 0.14255270289036498, -0.10561701314947033, -0.16213076428626705, -0.04375513307767255], [-0.4945611182727414, -0.6309294078839748, -0.7419149703901333, -0.3177540526954558, -0.37315054851088214, -0.14443971901268415, 0.11611277350469566, 0.5472842591650862, 0.6735571836047025, 0.6441838497408165, 0.38467300073918337, 0.24900488636687718, -0.13977591872171474, -0.35976987364339336, 0.2656246842457481, 0.003438198365099135], [-0.20218339802147128, -0.15422783799867362, 0.32760320425225403, 0.4025546959839776, 0.2569427585625835, -0.643696258853561, -0.13924310850176358, 0.1125184391003614, -0.2406296277475451, 0.543146573619462, -0.297008618852714, 0.3569658513570511, 0.6934186860361703, -0.6111560867840202, -0.744977491474183, -0.0017805030020799327]], "inverted": false, "swapped": false, "error_lsq": 0.04423825508218853, "error_max": 0.2966672646239514, "target": "948.xyz", "model": "22.xyz", "model_rescale": 4.204369325754507, "target_rescale": 4.1985822095046785},
{"mapping": [4, 12, 0, 7, 1, 3, 13, 9, 11, 5, 10, 2, 8, 12, 14, 15], "R": [[-0.5191664969455619, 0.807963474160726, 0.27867754281858503], [-0.8502671976481933, -0.5213283878582388, -0.07254243321407323], [0.08667087776619317, -0.2746119743115005, 0.9576410718593777]], "T": [-0.03480765600977573, -0.06932277747743187, -0.019122254861580805], "aligned_model": [[-0.4265264911847889, -0.04266519238164944, 0.0692412139093806, -0.656559915776072, 0.5246845613388504, 0.5907893882990783, -0.5397831027541905, -0.5076139896574335, -0.135983205358212, 0.12523499863774468, 0.4542995687804914, 0.6732797552419791, -0.1017436260373066, -0.04266519238164944, -0.012369621596762442, -0.003936939521404229], [-0.6786056025503455, -0.43466978821035757, -0.6019126543965433, -0.0996942195327193, -0.41341211445559617, -0.2199421535638228, 0.17698675385731405, 0.4428777239601831, 0.6288857997280193, 0.4625141141793432, 0.4584269103148989, 0.3488424561035488, -0.12091859610245198, -0.43466978821035757, 0.21128251098473716, -0.04440812550462142], [0.08085685223774572, -0.4272875192828358, 0.403010560289982, 0.30970483028246465, 0.04483406526148221, -0.577128291184968, -0.3874444756559604, 0.30199246629933196, -0.1656879153370072, 0.599584874663449, -0.3356004162559917, 0.26208112076538237, 0.7326287697156024, -0.4272875192828358, -0.7405764590734137, -0.01543366576657974]], "inverted": true, "swapped": false, "error_lsq": 0.039535466822603164, "error_max": 0.3980792104155692, "target": "948.xyz", "model": "23.xyz", "model_rescale": 4.410303926677745, "target_rescale": 4.1985822095046785},
{"mapping": [13, 6, 12, 7, 5, 15, 11, 1, 10, 3, 8, 4, 0, 14, 9, 16], "R": [[0.7595649841650992, 0.5297634512992558, -0.3773747745912198], [-0.5146682405088977, 0.8442872540406504, 0.14931722899911362], [0.3977155227568421, 0.08080667257101679, 0.9139434581122908]], "T": [-0.03508773572110517, -0.02751177462391626, -0.04965967931114841], "aligned_model": [[-0.36307457494605183, 0.15627932593772398, 0.056090560374485426, -0.5963663627382082, 0.5049344357176603, 0.3989572715577445, -0.5446306353238985, -0.5713732612888291, -0.015004910732461147, 0.13961361761069585, 0.5273738412545671, 0.5284574492106703, -0.04219943553184986, -0.21470460115867607, 0.03732855748258025, -0.03399906786809699], [-0.6469041656072619, -0.7429592095353795, -0.654417054972692, -0.17638687962277041, -0.2991888763197991, -0.24496917533134213, 0.18295661188671106, 0.4837029403196836, 0.6082857102638225, 0.5700526452191068, 0.4804336520204547, 0.3140969229079547, -0.13392672292535604, -0.3342721591886492, 0.22619979884451638, 0.04887918864222982], [-0.1041052770790153, -0.22115809140429504, 0.44516566621555903, 0.27396572551312354, 0.12403442017590414, -0.5727575682082675, -0.36077152150741326, 0.38322910532298987, -0.18801496336823093, 0.5996839784816799, -0.367991401311269, 0.1493496051505076, 0.6980107651963039, -0.6256682192883908, -0.617820133404175, 0.04309518719083634]], "inverted": true, "swapped": false, "error_lsq": 0.035450415283245586, "error_max": 0.2483504671440058, "target": "948.xyz", "model": "24.xyz", "model_rescale": 4.28219845311461, "target_rescale": 4.1985822095046785},
{"mapping": [3, 7, 4, 1, 13, 12, 5, 8, 10, 6, 14, 2, 0, 9, 11, 15], "R": [[-0.618937219199313, -0.7437831528525404, -0.25239520641754765], [0.7734928592698597, -0.5213599109099982, -0.3604062151995382], [0.1364753287168003, -0.4182947104956667, 0.8980000110372983]], "T": [0.022634658275010024, -0.07575212706835405, -0.04715132311862992], "aligned_model": [[-0.5024975631848743, 0.17171318315245307, 0.06088497686634823, -0.5411722745648312, 0.5446681001928345, 0.4562261225044923, -0.7403054958907812, -0.4407141040192713, -0.041762579745886715, 0.06030494978029618, 0.5235158730173975, 0.5618157690066402, 0.01327015637269497, -0.17971206000406906, -0.0035648026151818488, 0.02501195868979398], [-0.6335653636907028, -0.825247774596628, -0.5873289647233613, -0.11622328632063009, -0.3302081975868026, 0.012977175600707797, 0.1266654619122738, 0.42679417722478213, 0.7008920425810214, 0.6360348125066302, 0.486092876414074, 0.04592051857757923, 0.007320407002662399, -0.4154640794796825, 0.22007894434469144, -0.0731555231653863], [0.06741694427392185, -0.1940454125394228, 0.47388094587080176, 0.25345011832365427, -0.1722498867904173, -0.6704854656362845, -0.36688577816983325, 0.07409715501817764, -0.19675629734338673, 0.504335246753571, -0.1637395972916777, 0.35690253655807713, 0.7643691216164042, -0.5953531827191241, -0.5035224842191834, 0.026833313970569816]], "inverted": true, "swapped": false, "error_lsq": 0.039074570898497814, "error_max": 0.287528212557012, "target": "948.xyz", "model": "25.xyz", "model_rescale": 4.100010024507729, "target_rescale": 4.1985822095046785},
{"mapping": [2, 4, 5, 10, 0, 6, 13, 8, 11, 7, 12, 15], "R": [[-0.278552798515993, -0.7792607047660361, 0.5613921022302057], [0.9602403005404893, -0.2373037148101611, 0.14705615306817008], [0.0186253498442292, 0.5800342239427246, 0.8143791472025432]], "T": [-0.011810708464084715, 0.08735022825992736, -0.08587958926493228], "aligned_model": [[-0.6741937751310013, -0.23522419125952126, 0.4223179732739992, 0.6719159276061967, -0.6852746504147884, 0.11707549791547861, -0.06644184542318399, 0.6201239361928688, 0.1279331883092674, 0.06740408755876647, -0.4634590295595322, -0.02541151670554346], [-0.21618831177333278, -0.5896619861949961, -0.3083527449669339, -0.2993408909066262, 0.4769209832857684, 0.6981538590855711, 0.24140585221986524, 0.4019245583244333, -0.41205098073305, 0.7019219208259896, -0.07705247502052556, 0.04845160590447647], [-0.017676501827102453, 0.07311546086883752, 0.5305985219956468, -0.08607130622437342, 0.2645102923253935, 0.1524691346436358, 0.540218962662429, -0.26795810191343816, -0.479856350076213, -0.5058263084909991, -0.5891397066897428, -0.049191807419717085]], "inverted": true, "swapped": true, "error_lsq": 0.04328863856318257, "error_max": 0.2586604460758664, "target": "948.xyz", "model": "26.xyz", "model_rescale": 3.6694154284099745, "target_rescale": 4.1985822095046785},
