[{"mapping": [3, 6, 4, 10, 8, 7, 9, 1, 5, 2, 0, 11], "R": [[0.9198576490144903, -0.13616954955746868, -0.36785834138000884], [0.06655980981339443, -0.8700251182618264, 0.4884936901446119], [-0.3865639627113989, -0.4738292386153597, -0.7912358405469566]], "T": [-0.004486725725440802, -0.09150332282437174, -0.01309130749627433], "aligned_model": [[-0.19570128835708178, 0.2071002559712148, 0.08519244301280406, -0.668126771773382, 0.5437532219552639, -0.451537881350918, -0.09188415903454272, 0.2914640309656568, -0.49333186451643735, 0.6689742898564077, -0.015021905321308884, -0.022122385718808188], [-0.7077023949840813, 0.41005664739296815, -0.7925811644888787, -0.09980549170983413, -0.1967286432063571, 0.7294935112053529, -0.18241774109676984, 0.4959791656193184, 0.35294931769264337, -0.06753564700797599, -0.06693730927588881, -0.07130343958496925], [-0.2534414880537866, -0.49144581297002554, 0.37779994766939246, -0.15894846103407195, -0.3155216009669794, -0.16379888074031043, -0.6076101731592048, 0.24988784548914997, 0.4890825798652381, 0.4280731251066367, 0.6050323977365213, 0.051042958709983856]], "inverted": false, "swapped": false, "error_lsq": 0.054088836346895895, "error_max": 0.32848306854378356, "target": "949.xyz", "model": "0.xyz", "model_rescale": 3.751011558992144, "target_rescale": 3.7953416525138963},
{"mapping": [12, 10, 7, 3, 11, 5, 9, 8, 2, 1, 0, 14], "R": [[0.23709967390906034, -0.9353446595616639, 0.26251497569032706], [-0.9636349199446388, -0.19215130608453657, 0.18570303345205966], [-0.1232537451581383, -0.2969987262590237, -0.9468897881511928]], "T": [0.07054643498456355, 0.04094268319127656, 0.008775117629602522], "aligned_model": [[-0.2340942424350998, 0.5175608667477463, 0.20145930100592385, -0.5248997412455794, 0.3340087719462033, -0.264357965475075, -0.14742097881801797, 0.1144097962926546, -0.5806490046254694, 0.4961862480274522, -0.1060615139860084, 0.05261644825413813], [-0.5887353706951877, 0.3576735447742432, -0.5653707616644839, -0.34862343813935537, -0.4404898418531058, 0.5158365565956654, 0.11318589177750273, 0.634544234218914, 0.376391929456235, -0.07955866097790765, -0.17990206416796137, 0.008514791230969869], [-0.24157405890640082, -0.6013997812684198, 0.24313136758777715, 0.2864223359428502, -0.5704841591703274, -0.22013730787711128, -0.608849968217528, 0.3022567291356935, 0.39238482110368794, 0.5472876291296335, 0.712722380159778, -0.031607549967089706]], "inverted": false, "swapped": false, "error_lsq": 0.04536777342322321, "error_max": 0.2599655464034789, "target": "949.xyz", "model": "1.xyz", "model_rescale": 3.9405287249114394, "target_rescale": 3.7953416525138963},
{"mapping": [10, 4, 9, 11, 8, 7, 3, 1, 0, 2, 5, 12], "R": [[-0.043144417517640865, 0.3138752114431644, 0.948483479496914], [-0.5743676513105315, -0.7845855452607617, 0.23351086333594312], [0.8174596995357556, -0.5347035382428124, 0.21413025434424293]], "T": [-0.058164858203306996, 0.05941566807572936, 0.01138203331069888], "aligned_model": [[-0.19560402284229972, 0.4453116955022738, 0.0985057656142739, -0.5465661232746113, 0.42295435782319557, -0.3254950576718364, -0.2031307198975942, 0.2597428650191823, -0.4107935792953702, 0.36198111873811145, -0.06768410524030974, 0.019535791213853182], [-0.6316748863215009, 0.2837799746456187, -0.7310437328934686, -0.40329077463970286, -0.4251142084485298, 0.6154160614624938, 0.018151672004857004, 0.753142411127522, 0.41062944878632657, 0.09352613489342482, -0.24784004484449168, 0.06778475478297859], [-0.45228966192056663, -0.4220550897982646, 0.043152430571142236, 0.2458628239600883, -0.3552852120701674, -0.4869230741907403, -0.5400541462607791, 0.22328818671005496, 0.6860907508887539, 0.5466235317345701, 0.6698496416184154, 0.05189225641003603]], "inverted": true, "swapped": false, "error_lsq": 0.051939095554745435, "error_max": 0.2938261607028195, "target": "949.xyz", "model": "2.xyz", "model_rescale": 3.932901565614263, "target_rescale": 3.7953416525138963},
{"mapping": [10, 5, 11, 1, 12, 4, 6, 7, 0, 8, 3, 13], "R": [[0.3229616351451007, -0.030724105118583755, -0.9459132156752358], [0.8526680215560152, 0.44314445114359813, 0.2767313506568959], [0.41067386968268804, -0.8959235596775549, 0.1693161184723564]], "T": [-0.01310525602750421, -0.0016015625165808206, 0.09117834585921933], "aligned_model": [[-0.05539088990481537, 0.2873182092352327, 0.21936266061592474, -0.6761594387922553, 0.3528884926472383, -0.33622634283955427, -0.19617105130513504, 0.34823976536364254, -0.5443149499406217, 0.5155028605907703, -0.0811418314227374, 0.02485050144117873], [-0.6075665846088655, 0.32119843671409887, -0.8057855819911413, -0.33096162843367993, -0.24854720127588736, 0.7584792820562577, -0.033609659132913014, 0.5971571760307737, 0.3171158453039895, -0.12949002312406704, -0.006370222832087151, -0.028153028150950585], [-0.28851068146382963, -0.47657651996833916, 0.40255501312995745, 0.11666792430621613, -0.5318756145553681, -0.19359573566614566, -0.5662063642094941, 0.23491524396180974, 0.3464934534965761, 0.5841334414010313, 0.5971761347560711, -0.01502385753594132]], "inverted": true, "swapped": false, "error_lsq": 0.042142612157867125, "error_max": 0.229758568618283, "target": "949.xyz", "model": "3.xyz", "model_rescale": 3.9243930471874484, "target_rescale": 3.7953416525138963},
{"mapping": [3, 8, 6, 0, 10, 7, 4, 9, 1, 11, 5, 12], "R": [[-0.24836444458072565, 0.4033833639640262, 0.8806798307814104], [-0.16641806001535142, 0.8778804086173, -0.44903342577880495], [-0.9542641835303444, -0.2580849663250237, -0.15090400322117653]], "T": [0.04263562728804852, -0.003655179503191143, -0.025546892203691367], "aligned_model": [[-0.2139799605943776, 0.2998885570026685, 0.1673237685131256, -0.73543851333012, 0.5872525387982783, -0.48802972765101954, -0.14309493538134857, 0.4053975485748393, -0.41839539921403596, 0.6810779738622125, -0.25182394176753037, -0.03141992312382361], [-0.5809386813667885, 0.44874880872312267, -0.6456711578178722, -0.24311410039747386, -0.24983327876871556, 0.4794233295624655, 0.009159545042124434, 0.5279679195463712, 0.41436411756569935, -0.08964289636889974, -0.2367631344363018, -0.030233660728203545], [-0.25759337223847434, -0.37978964866654064, 0.2806962559044564, 0.22058805100030796, -0.3996010094888571, -0.3832453602720795, -0.5892021151595451, 0.26336150296358307, 0.3249820792993067, 0.43394365616114244, 0.6321592300981987, 0.06385316805104477]], "inverted": false, "swapped": false, "error_lsq": 0.04778499414370613, "error_max": 0.2698624323803621, "target": "949.xyz", "model": "4.xyz", "model_rescale": 3.8936222436046832, "target_rescale": 3.7953416525138963},
{"mapping": [8, 6, 3, 10, 9, 5, 7, 1, 4, 0, 2, 11], "R": [[0.20405516210883606, -0.9766356560126126, -0.0674113211675208], [-0.9387196621943554, -0.21474285387431058, 0.2696125043829237], [-0.2777892845781712, 0.008264509346023546, -0.9606064809581588]], "T": [-0.02431786568695101, -0.08982031688939299, -0.03524713935882791], "aligned_model": [[-0.010238145786015809, 0.20532733329968025, 0.12116879928328325, -0.5775143410572097, 0.537882474740335, -0.23269653812884714, -0.42436437096615554, 0.42669570167588455, -0.5721478547300048, 0.6207341276968815, -0.17045341208726064, -0.0656357882517026], [-0.7449519056412832, 0.39175848859480666, -0.5586813686882995, -0.35485350620822753, -0.23597233962214648, 0.6746929219667077, -0.03517014703758972, 0.49607381140593954, 0.36328758925477533, -0.21386928694550944, -0.053447655420790496, 0.07460020889714544], [-0.37652003490982144, -0.6268158714589258, 0.2635587788272926, 0.11706329259668273, -0.24644919260601117, -0.2063280954350994, -0.541926209320396, 0.27527435690954644, 0.31858916092929407, 0.5574062904267271, 0.6958341806734212, -0.019534218980167068]], "inverted": false, "swapped": false, "error_lsq": 0.04594851517753153, "error_max": 0.21403546704503984, "target": "949.xyz", "model": "5.xyz", "model_rescale": 3.6523030999806103, "target_rescale": 3.7953416525138963},
{"mapping": [2, 10, 1, 3, 6, 11, 4, 9, 7, 8, 5, 12], "R": [[-0.8680354457832143, 0.4477489776148674, -0.21455842539685444], [0.16316156597340337, -0.15089416812122564, -0.974991924795334], [-0.46892725262352086, -0.8813352387552902, 0.05792606214056323]], "T": [0.021517005343441142, -0.0497141829430382, 0.059254012819269994], "aligned_model": [[-0.10161250389624109, 0.38140367675394093, 0.0018859551625060311, -0.6520068462543405, 0.5855304463747665, -0.4482748325421587, -0.2582341956964438, 0.301573111618517, -0.45273321226612323, 0.5646216325274038, -0.005872362105537272, -0.05752288398742142], [-0.5619332655659747, 0.25760281140665664, -0.737947322961585, -0.21769581450427322, -0.29713516463262735, 0.644828704653172, -0.004066134288742883, 0.6138618545138675, 0.32000431974829957, 0.009686153733855257, -0.1651594788307227, -0.058579852716397], [-0.4872643945197972, -0.5609966545660491, 0.15049343874056498, 0.08733417903841263, -0.1488232762535006, -0.20809371858417236, -0.43953163562875264, 0.12169034063950998, 0.38361957751771325, 0.45322363931417065, 0.7299445049204285, 0.12855643703401537]], "inverted": false, "swapped": false, "error_lsq": 0.045652277474963476, "error_max": 0.25604026633745086, "target": "949.xyz", "model": "6.xyz", "model_rescale": 4.08911054899281, "target_rescale": 3.7953416525138963},
{"mapping": [5, 11, 4, 7, 10, 13, 12, 1, 2, 3, 6, 14], "R": [[0.8283851888788415, 0.4739204339272287, -0.29862585479558507], [-0.5601140230339372, 0.6940491216752657, -0.4522920493470237], [-0.007089432057975742, 0.541936563638236, 0.840389493595128]], "T": [0.09265065275260083, -0.006383196911446055, 0.03429376216670865], "aligned_model": [[-0.2028518412322206, 0.32087306244991787, 0.25484492834300077, -0.652166910922001, 0.3849056505251396, -0.3812251475709666, -0.18772344626397947, 0.1560596018533706, -0.43879837828789175, 0.47276592659971084, -0.08577363741119005, 0.21784817760597797], [-0.6568543343617145, 0.3075443422166958, -0.6658583793459623, -0.18935192810592008, -0.2962924707051343, 0.456243601577106, -0.005528462415199959, 0.6954353725954422, 0.40029654925741187, -0.22554756066107082, -0.11828662922512087, 0.10166670972899476], [-0.23040758837052, -0.4060414451992884, 0.22306608646484774, 0.13945176131259265, -0.5571574427076859, -0.27765606318915614, -0.6209859888105201, 0.23770482264434398, 0.48408599726354695, 0.6930280003205579, 0.48682592784053297, 0.038238370083291534]], "inverted": true, "swapped": false, "error_lsq": 0.04624054328470625, "error_max": 0.2416352580080603, "target": "949.xyz", "model": "7.xyz", "model_rescale": 3.964800864290218, "target_rescale": 3.7953416525138963},
{"mapping": [4, 0, 11, 12, 6, 1, 2, 5, 8, 10, 9, 13], "R": [[-0.9948195230912074, 0.09340699706144928, -0.04011545059631538], [-0.07963690138191978, -0.9613515691312728, -0.26355478456504267], [-0.06318291236457368, -0.25899477490637157, 0.9638099533395205]], "T": [0.012771445767438742, 0.024994747200149246, -0.07655699740595633], "aligned_model": [[-0.08347184205825327, 0.266107445645472, 0.15023016731857455, -0.579878602769413, 0.4167108020509751, -0.3094796969488519, -0.2975577287165216, 0.32920688404851156, -0.31660137904487085, 0.44531003490943183, -0.16285922422972274, 0.0010411254835366538], [-0.5959724115714219, 0.3005911897607089, -0.7285995887159991, -0.3708654523467318, -0.34238045849605314, 0.664373172519637, -0.048199806176320026, 0.6190006432303718, 0.3909910911281724, 0.038830145550262235, -0.17870514537946, 0.05440343105236165], [-0.39314886762612733, -0.6873162335510223, 0.24019843070587077, 0.17391367886681652, -0.2724505344699796, -0.30121077864814244, -0.6570284338903151, 0.41952397567160327, 0.5138816530174053, 0.6219077215761691, 0.5570966527121646, -0.005214826711899892]], "inverted": false, "swapped": false, "error_lsq": 0.03650638063036402, "error_max": 0.2275115225596842, "target": "949.xyz", "model": "8.xyz", "model_rescale": 4.121658175737393, "target_rescale": 3.7953416525138963},
{"mapping": [3, 7, 2, 0, 11, 5, 10, 9, 4, 6, 1, 12], "R": [[0.8789523330902422, -0.3451937601744754, 0.3290654404397805], [-0.4677617910440378, -0.48949846054568374, 0.7359280970058689], [-0.09296076050944205, -0.8007699576407775, -0.5917142654571492]], "T": [0.09158796537752212, -0.033620356392512166, -0.02055793313417238], "aligned_model": [[-0.10744958960676665, 0.5195744891745397, 0.07590753959899499, -0.664614377944375, 0.3732833960216544, -0.28928529636677586, -0.34029104771821017, 0.3012222106124274, -0.4087115865270141, 0.5113670443365252, -0.1698845895751025, 0.05763979368297099], [-0.7063557887979097, 0.3631695412875764, -0.6769645484635225, -0.17689872182106142, -0.24142230662697212, 0.3931628737120425, -0.1094596249500235, 0.7082653034606154, 0.42167404860859353, 0.09507194154074018, -0.2151617167323544, -0.05161419066219629], [-0.3817989623130588, -0.3590785718851573, 0.24061026101432792, 0.14208759885755745, -0.5501786543927689, -0.2540307137008986, -0.6404044899427771, 0.29384462405012945, 0.5543640449267937, 0.5155445453295661, 0.5906756991260599, 0.058517056582769345]], "inverted": false, "swapped": false, "error_lsq": 0.04690869842786204, "error_max": 0.2992435884424143, "target": "949.xyz", "model": "9.xyz", "model_rescale": 3.833441315466971, "target_rescale": 3.7953416525138963},
{"mapping": [1, 13, 6, 12, 5, 10, 0, 9, 11, 3, 7, 14], "R": [[-0.9699867891501743, 0.1230640921747022, 0.20971613693598312], [0.235087454258602, 0.25427042300872205, 0.9381260260930699], [0.06212501689613714, 0.9592714846174581, -0.2755697753300835]], "T": [-0.013913679819727928, -0.03644754549821513, 0.04502892068733379], "aligned_model": [[-0.1985160439729396, 0.34986296017863483, -0.09256903239815747, -0.5528790729598188, 0.46865776111726976, -0.5485637025255564, -0.1633354775918399, 0.4051541652864772, -0.5001376251648018, 0.6675129478105957, -0.02726129796693312, 0.05083240387593808], [-0.579225692168911, 0.2764358389295744, -0.6850879672055616, -0.3057627057274288, -0.24853117823070953, 0.5018239812246924, -0.04976718446387587, 0.5571526430291605, 0.24598787191251995, -0.027758226844595453, 0.11195195389397813, 0.006247476206684824], [-0.42072077985963907, -0.5917262012827753, 0.2302544774633738, 0.04741780721310403, -0.37874051967616024, -0.27146319652874695, -0.6192892826399881, 0.40548846614426937, 0.4312330001694972, 0.5834563500084377, 0.6944235668400096, 0.09981874980116166]], "inverted": false, "swapped": false, "error_lsq": 0.04524032700562123, "error_max": 0.29546227331724295, "target": "949.xyz", "model": "10.xyz", "model_rescale": 4.2482417240324, "target_rescale": 3.7953416525138963},
{"mapping": [3, 5, 8, 1, 7, 6, 2, 4, 0, 9, 10, 11], "R": [[-0.30345022041437775, -0.8558830713249203, 0.4187864992450061], [0.6056478070655721, -0.5125543592965884, -0.6086696662087965], [0.7356009091396838, 0.06893618052580086, 0.6738984385553843]], "T": [-0.07133905733205533, -0.02899534301364627, -0.010632881705588994], "aligned_model": [[-0.1053245262056812, 0.4432546100408528, -0.0969773786258998, -0.7378802915072465, 0.4716716070878724, -0.25803612925400987, -0.35511128403341946, 0.2677909603906338, -0.5370645890568309, 0.6609110087347295, 0.07555981387991394, 0.029964184237953675], [-0.7573635268519796, 0.41724687569108676, -0.57412496747816, -0.25670531529942975, -0.34128294778346313, 0.548540340727441, -0.07045461620715655, 0.7371515585667713, 0.22271740262421474, -0.0671111359482396, -0.08477718590407442, 0.029630328418517343], [-0.3661555998674994, -0.32725159572405665, 0.27049733361682354, 0.04429894353281517, -0.26787229728708817, -0.2388408471328717, -0.6929170881796161, 0.24205138078493674, 0.5311972565452995, 0.36575512184003744, 0.6141162440840269, 0.035273585439736]], "inverted": true, "swapped": false, "error_lsq": 0.050299083829906284, "error_max": 0.3095515164720085, "target": "949.xyz", "model": "11.xyz", "model_rescale": 3.6694154284099745, "target_rescale": 3.7953416525138963},
{"mapping": [9, 2, 11, 7, 8, 12, 10, 0, 5, 4, 6, 13], "R": [[-0.751788485998346, -0.39738601229274906, 0.5262113924597049], [0.5695778345766357, 0.010754632681596432, 0.8218670380510914], [-0.3322576751247518, 0.9175885216751302, 0.21825705535158263]], "T": [0.028973270049858488, 0.036106702844790714, 0.02128450691209139], "aligned_model": [[-0.18227602053902492, 0.3335408405633369, 0.23205390811920357, -0.6673736732649843, 0.44327342911541634, -0.2414365974444912, -0.30287655972696126, 0.16840187781667032, -0.5848810085414575, 0.6625163255190806, -0.09060081724455206, 0.08841628131663212], [-0.6666446217604757, 0.21332633319164113, -0.6299619681666232, -0.22175691966608474, -0.4170109801174909, 0.5935864518448812, -0.008513628207369214, 0.5429765313522464, 0.3518449319106505, 0.01816396578899114, -0.09605769619738606, 0.12351441058254707], [-0.3045997975294168, -0.5283930085490741, 0.26651792397736557, -0.0065112695870068946, -0.42102488129511867, -0.2577555140221341, -0.5185427838414732, 0.5054131103951836, 0.4312394896091812, 0.40335767373221854, 0.5580241483838191, 0.08242734637899932]], "inverted": true, "swapped": false, "error_lsq": 0.038182401918426874, "error_max": 0.2622711954608588, "target": "949.xyz", "model": "12.xyz", "model_rescale": 3.9764082729961374, "target_rescale": 3.7953416525138963},
{"mapping": [2, 3, 0, 1, 7, 11, 8, 6, 12, 4, 9, 15], "R": [[0.1356045186664476, 0.934444919912548, -0.32927815926185133], [0.4082675739605968, 0.25011632841006404, 0.8779290462873397], [0.9027341815670713, -0.2534847409851352, -0.34758665612783435]], "T": [-0.05282728638833026, 0.10682832061316079, 0.13480895623243344], "aligned_model": [[-0.19508920279165082, 0.305125210662209, 0.20642400575484524, -0.5885335712360886, 0.43268186924077057, -0.2963948868281492, -0.2699641201911295, 0.3841263882694006, -0.5876826996291135, 0.6266611819722658, -0.20389179634326438, 0.045295606808773384], [-0.5826393755636492, 0.2757761076604699, -0.5538196267247746, -0.22608221904953024, -0.35390741703848255, 0.611081513810336, -0.0005062578320240013, 0.6404853336897424, 0.21679718526938685, -0.05329664220002177, -0.29278940541464193, 0.12236761394871709], [-0.24023151755141842, -0.6080033366254005, 0.28791346531863804, 0.060566601628718866, -0.2159575455517363, -0.4281726064460008, -0.5292570949436819, 0.46335192799795283, 0.46503625777111557, 0.3036850629742584, 0.5578743334427008, 0.09334688963739703]], "inverted": false, "swapped": false, "error_lsq": 0.04290765138728749, "error_max": 0.2601744538330203, "target": "949.xyz", "model": "13.xyz", "model_rescale": 4.170626492500431, "target_rescale": 3.7953416525138963},
{"mapping": [5, 2, 12, 11, 4, 3, 6, 0, 9, 8, 10, 13], "R": [[-0.7377505978873715, -0.22016782620443345, 0.6381615654528565], [0.13634132761118148, 0.8772465476678413, 0.4602711559397076], [-0.6611619300156708, 0.42657311554910315, -0.6171711913146021]], "T": [0.0554142154803655, 0.12226570218177477, 0.07450795566975792], "aligned_model": [[-0.25043887989280844, 0.33849805987670045, 0.12732739849578267, -0.6000825024465913, 0.6134150772547502, -0.4104690034680447, -0.3003595829013193, 0.41625938506181814, -0.5793657128206527, 0.5885279598479706, -0.06742114831927952, -0.017133064999457645], [-0.6505466373178944, 0.41211936096001256, -0.5895055207152486, -0.13584407848496707, -0.22625329695845434, 0.5056602419435073, -0.12476955226771727, 0.5899898461652419, 0.27005310652222825, -0.19759141518000514, -0.11362034917229857, 0.06377510506112355], [-0.2948628611578891, -0.44393255275045124, 0.2291570473270958, 0.016516188648053973, -0.19050652712383898, -0.25931094375482605, -0.6465245362986904, 0.15747358260373678, 0.5556729629264618, 0.48075597455020486, 0.5720997051508175, 0.03361439753186846]], "inverted": true, "swapped": false, "error_lsq": 0.043471055240377275, "error_max": 0.25867417866018955, "target": "949.xyz", "model": "14.xyz", "model_rescale": 3.9786697098870705, "target_rescale": 3.7953416525138963},
{"mapping": [3, 5, 9, 0, 8, 4, 2, 10, 1, 7, 6, 11], "R": [[0.3103389060330857, 0.44307631580811796, 0.8410547792932948], [-0.43867439773691147, 0.8516535433826151, -0.28679437723566764], [-0.8433590790240808, -0.2799457454824798, 0.45866746496117755]], "T": [-0.0009800720596421404, -0.007876265169990468, 0.06482202438220899], "aligned_model": [[-0.204845999585558, 0.49908793391212736, -0.03171813708877129, -0.6631659473799275, 0.2968030977126495, -0.18074069243574634, -0.25092275097678596, 0.11975250671170003, -0.37934355705098216, 0.5887686152546916, 0.0728050550325569, -0.007722138417085658], [-0.7874687240416739, 0.29044309347062935, -0.6076766516265637, -0.17626459554298593, -0.22599242321430343, 0.4914363382094066, -0.053693615135224755, 0.753584322564596, 0.28446564643328626, 0.13000315702724707, -0.2321940310465071, -0.06317570654237847], [-0.3776974824952374, -0.4879863849185315, 0.2282507116254072, -0.06541169935801805, -0.30393080804399686, -0.2406084481637287, -0.7654049590174623, 0.37774758461500124, 0.5465370557417172, 0.32951383788665556, 0.8208597124216824, 0.1482833173590546]], "inverted": false, "swapped": false, "error_lsq": 0.060864162716401125, "error_max": 0.3080602164114617, "target": "949.xyz", "model": "15.xyz", "model_rescale": 3.769337070930944, "target_rescale": 3.7953416525138963},
{"mapping": [6, 5, 4, 1, 0, 3, 2, 8, 9, 7, 11], "R": [[-0.31622596688398974, -0.7339686786608952, 0.6010749675481963], [0.8673747433696326, -0.4803235555893008, -0.13019345801735255], [0.38426838593976226, 0.4801866935795196, 0.7885166750782248]], "T": [0.011972722832797848, 0.04867543511574407, 0.008167048521361395], "aligned_model": [[-0.28184899592129564, -0.4831006814723958, -0.11209744670252425, -0.6601250894659162, 0.3193857472514803, 0.46531141941605475, 0.5971033483691638, 0.21932061909593936, 0.21088093960502924, -0.38104965951567826, 0.028845930031313173], [-0.09574733875702615, -0.5100978080756087, 0.6772799650077614, 0.28802296513980974, 0.27378529573180477, -0.3686965154498815, 0.45815936081612696, -0.6462620783071025, 0.5342472477543314, -0.054025526270593746, 0.03939893003572056], [-0.5732243542452368, -0.04310934469200313, -0.27034351888215613, -0.1871218647309113, -0.6252473317525236, -0.2507229630325082, -0.06346082924135284, 0.34887849328924125, 0.6498691214937244, 0.6803041063208961, 0.07839609269660718]], "inverted": false, "swapped": true, "error_lsq": 0.04611488151855491, "error_max": 0.2650224003067782, "target": "949.xyz", "model": "16.xyz", "model_rescale": 3.7852294659196426, "target_rescale": 3.7953416525138963},
{"mapping": [5, 10, 7, 1, 6, 0, 4, 8, 3, 11, 2, 12], "R": [[-0.4922013751290416, -0.8336963709004053, -0.2503760521067748], [-0.5486329401310825, 0.07379750684223418, 0.832799990986428], [-0.6758252017527938, 0.5472698503767263, -0.4937165254925453]], "T": [-0.025267149227319034, 0.05869525609171762, 0.049961621330736894], "aligned_model": [[-0.20960667688385903, 0.4683214100864433, 0.2247993379633016, -0.5730243530119393, 0.5500997885759231, -0.2891043971805789, -0.39266491872469617, 0.18089109882357107, -0.6743726742162178, 0.6163829265731411, -0.09801566988500329, 0.055052113568783], [-0.4439612922087624, 0.1357753613662101, -0.574141546914569, -0.34235946130632183, -0.49232518860997526, 0.6271633197276824, 0.04831941647874351, 0.5494880251162518, 0.3636033422845954, -0.0012961380763677893, -0.15910047356177304, 0.09230144625981387], [-0.33156733373610164, -0.5822440942117418, 0.2185182525303041, 0.1655960176058167, -0.3408357587854218, -0.22018856459766156, -0.5555942439783791, 0.4252310523883269, 0.39374708868739905, 0.400130562392486, 0.6168475833346403, 0.020511876022876352]], "inverted": true, "swapped": false, "error_lsq": 0.04324540991055325, "error_max": 0.20469450024835728, "target": "949.xyz", "model": "17.xyz", "model_rescale": 3.901054581598922, "target_rescale": 3.7953416525138963},
{"mapping": [12, 10, 7, 3, 11, 5, 9, 8, 2, 1, 0, 14], "R": [[0.23709967390906034, -0.9353446595616639, 0.26251497569032706], [-0.9636349199446388, -0.19215130608453657, 0.18570303345205966], [-0.1232537451581383, -0.2969987262590237, -0.9468897881511928]], "T": [0.07054643498456355, 0.04094268319127656, 0.008775117629602522], "aligned_model": [[-0.2340942424350998, 0.5175608667477463, 0.20145930100592385, -0.5248997412455794, 0.3340087719462033, -0.264357965475075, -0.14742097881801797, 0.1144097962926546, -0.5806490046254694, 0.4961862480274522, -0.1060615139860084, 0.05261644825413813], [-0.5887353706951877, 0.3576735447742432, -0.5653707616644839, -0.34862343813935537, -0.4404898418531058, 0.5158365565956654, 0.11318589177750273, 0.634544234218914, 0.376391929456235, -0.07955866097790765, -0.17990206416796137, 0.008514791230969869], [-0.24157405890640082, -0.6013997812684198, 0.24313136758777715, 0.2864223359428502, -0.5704841591703274, -0.22013730787711128, -0.608849968217528, 0.3022567291356935, 0.39238482110368794, 0.5472876291296335, 0.712722380159778, -0.031607549967089706]], "inverted": false, "swapped": false, "error_lsq": 0.04536777342322321, "error_max": 0.2599655464034789, "target": "949.xyz", "model": "18.xyz", "model_rescale": 3.9405287249114394, "target_rescale": 3.7953416525138963},
{"mapping": [7, 5, 4, 13, 8, 11, 9, 10, 14, 1, 12, 15], "R": [[0.0450684586830776, -0.5699544746617862, -0.8204393523258982], [0.9758614212816339, -0.15055838797019902, 0.15819816138629633], [-0.2136897762788884, -0.8077648597363114, 0.5494111492216519]], "T": [0.0678525320524925, -0.05738644131703485, 0.12729795554288184], "aligned_model": [[-0.15989799420414244, 0.39944478140894346, 0.04520406266544435, -0.6006681918095562, 0.5066254036531042, -0.31814181902464544, -0.23130742053355383, 0.05047934888089012, -0.4565838770617122, 0.6160357526750874, -0.07665642926204849, 0.0842243683010576], [-0.534999050425019, 0.27011443257781426, -0.7786799993478839, -0.062342400809450124, -0.3443951310986053, 0.4567115022037008, -0.03201098984543223, 0.7186745391801386, 0.36989393956197053, -0.01072409522478255, -0.22740380851403338, -0.021372127702889675], [-0.3370741391745252, -0.5612166779426434, 0.2451439507811608, 0.06107616453388734, -0.41802445796418863, -0.19816305180531937, -0.5790088164675968, 0.2511186484935267, 0.5043084208982566, 0.49176634383526185, 0.6276481500672632, 0.12257790239745996]], "inverted": false, "swapped": false, "error_lsq": 0.03854831829712064, "error_max": 0.25606104372562266, "target": "949.xyz", "model": "19.xyz", "model_rescale": 4.410303926677745, "target_rescale": 3.7953416525138963},
{"mapping": [4, 0, 11, 12, 6, 1, 2, 5, 8, 10, 9, 13], "R": [[-0.9948195230912074, 0.09340699706144928, -0.04011545059631538], [-0.07963690138191978, -0.9613515691312728, -0.26355478456504267], [-0.06318291236457368, -0.25899477490637157, 0.9638099533395205]], "T": [0.012771445767438742, 0.024994747200149246, -0.07655699740595633], "aligned_model": [[-0.08347184205825327, 0.266107445645472, 0.15023016731857455, -0.579878602769413, 0.4167108020509751, -0.3094796969488519, -0.2975577287165216, 0.32920688404851156, -0.31660137904487085, 0.44531003490943183, -0.16285922422972274, 0.0010411254835366538], [-0.5959724115714219, 0.3005911897607089, -0.7285995887159991, -0.3708654523467318, -0.34238045849605314, 0.664373172519637, -0.048199806176320026, 0.6190006432303718, 0.3909910911281724, 0.038830145550262235, -0.17870514537946, 0.05440343105236165], [-0.39314886762612733, -0.6873162335510223, 0.24019843070587077, 0.17391367886681652, -0.2724505344699796, -0.30121077864814244, -0.6570284338903151, 0.41952397567160327, 0.5138816530174053, 0.6219077215761691, 0.5570966527121646, -0.005214826711899892]], "inverted": false, "swapped": false, "error_lsq": 0.03650638063036402, "error_max": 0.2275115225596842, "target": "949.xyz", "model": "20.xyz", "model_rescale": 4.121658175737393, "target_rescale": 3.7953416525138963},
{"mapping": [2, 10, 1, 3, 6, 11, 4, 9, 7, 8, 5, 12], "R": [[-0.8680354457832143, 0.4477489776148674, -0.21455842539685444], [0.16316156597340337, -0.15089416812122564, -0.974991924795334], [-0.46892725262352086, -0.8813352387552902, 0.05792606214056323]], "T": [0.021517005343441142, -0.0497141829430382, 0.059254012819269994], "aligned_model": [[-0.10161250389624109, 0.38140367675394093, 0.0018859551625060311, -0.6520068462543405, 0.5855304463747665, -0.4482748325421587, -0.2582341956964438, 0.301573111618517, -0.45273321226612323, 0.5646216325274038, -0.005872362105537272, -0.05752288398742142], [-0.5619332655659747, 0.25760281140665664, -0.737947322961585, -0.21769581450427322, -0.29713516463262735, 0.644828704653172, -0.004066134288742883, 0.6138618545138675, 0.32000431974829957, 0.009686153733855257, -0.1651594788307227, -0.058579852716397], [-0.4872643945197972, -0.5609966545660491, 0.15049343874056498, 0.08733417903841263, -0.1488232762535006, -0.20809371858417236, -0.43953163562875264, 0.12169034063950998, 0.38361957751771325, 0.45322363931417065, 0.7299445049204285, 0.12855643703401537]], "inverted": false, "swapped": false, "error_lsq": 0.045652277474963476, "error_max": 0.25604026633745086, "target": "949.xyz", "model": "21.xyz", "model_rescale": 4.08911054899281, "target_rescale": 3.7953416525138963},
{"mapping": [9, 13, 5, 11, 12, 2, 14, 0, 1, 6, 8, 16], "R": [[0.547233591546733, 0.009463825765189213, -0.8369264198749792], [-0.07250615195857142, -0.9956409911222911, -0.05866749291714147], [-0.8338334691118031, 0.09278713703368821, -0.5441620098739599]], "T": [0.005473270368387717, 0.008719634295270052, -0.04324581750141199], "aligned_model": [[-0.019842550054438628, 0.4482999335183968, -0.010840491404610209, -0.6002896901893799, 0.4115050298235591, -0.44027925078396474, -0.16509747290729293, 0.3614713155594026, -0.46687277208655353, 0.4509770557503912, -0.14562112327332818, 0.03534800173668725], [-0.6435528506539658, 0.2871613009558277, -0.6492366301990331, -0.28952143394794044, -0.2576076974344493, 0.5563272908490138, -0.11173093246471133, 0.5953356642424624, 0.40305519250660626, -0.0033931905385037077, -0.12896238514045322, 0.04559248238067454], [-0.328635596885655, -0.44710810925313965, 0.2108338336666506, 0.317304499497318, -0.5992831082666547, -0.19385914275283675, -0.6500570471706105, 0.3162349516760855, 0.45813932884154485, 0.5542019084430602, 0.6193069455252143, -0.046926025668433215]], "inverted": false, "swapped": false, "error_lsq": 0.04351914862267144, "error_max": 0.2485176438040502, "target": "949.xyz", "model": "22.xyz", "model_rescale": 4.204369325754507, "target_rescale": 3.7953416525138963},
{"mapping": [7, 5, 4, 13, 8, 11, 9, 10, 14, 1, 12, 15], "R": [[0.0450684586830776, -0.5699544746617862, -0.8204393523258982], [0.9758614212816339, -0.15055838797019902, 0.15819816138629633], [-0.2136897762788884, -0.8077648597363114, 0.5494111492216519]], "T": [0.0678525320524925, -0.05738644131703485, 0.12729795554288184], "aligned_model": [[-0.15989799420414244, 0.39944478140894346, 0.04520406266544435, -0.6006681918095562, 0.5066254036531042, -0.31814181902464544, -0.23130742053355383, 0.05047934888089012, -0.4565838770617122, 0.6160357526750874, -0.07665642926204849, 0.0842243683010576], [-0.534999050425019, 0.27011443257781426, -0.7786799993478839, -0.062342400809450124, -0.3443951310986053, 0.4567115022037008, -0.03201098984543223, 0.7186745391801386, 0.36989393956197053, -0.01072409522478255, -0.22740380851403338, -0.021372127702889675], [-0.3370741391745252, -0.5612166779426434, 0.2451439507811608, 0.06107616453388734, -0.41802445796418863, -0.19816305180531937, -0.5790088164675968, 0.2511186484935267, 0.5043084208982566, 0.49176634383526185, 0.6276481500672632, 0.12257790239745996]], "inverted": false, "swapped": false, "error_lsq": 0.03854831829712064, "error_max": 0.25606104372562266, "target": "949.xyz", "model": "23.xyz", "model_rescale": 4.410303926677745, "target_rescale": 3.7953416525138963},
{"mapping": [3, 8, 1, 0, 10, 5, 4, 14, 12, 11, 7, 16], "R": [[-0.8268364019386093, 0.16230014774894663, -0.5385166909854184], [0.4415680890721516, -0.40571533908558993, -0.8002578873987017], [-0.34836645524846804, -0.8994741384116248, 0.2637936450832018]], "T": [0.05482199553071973, 0.14641522446411073, 0.08826730983656493], "aligned_model": [[-0.24085583645295175, 0.3663365624230529, 0.13328985910002736, -0.5981241944807468, 0.466354156749868, -0.3994764855848806, -0.13219442531458603, 0.4331329890921761, -0.6781153456814487, 0.5803008487363699, -0.08823919944183245, 0.016349056543820573], [-0.5738525869307084, 0.2212674310634681, -0.6873024694045379, -0.22328435000377198, -0.20192178245301537, 0.4595914696612198, 0.03189566349046809, 0.6209951763359022, 0.3258239033779423, -0.0308157543121787, -0.17855775320614684, 0.03962786293688694], [-0.3623321621737938, -0.66874159964571, 0.27559843615450497, 0.17411198744644105, -0.27654299178597674, -0.2136193624897092, -0.5642620009838502, 0.38794155205058534, 0.3653795877510025, 0.3935256293078546, 0.6502788354830142, 0.048814526538181566]], "inverted": true, "swapped": false, "error_lsq": 0.03749830301708448, "error_max": 0.18489842544190288, "target": "949.xyz", "model": "24.xyz", "model_rescale": 4.28219845311461, "target_rescale": 3.7953416525138963},
{"mapping": [7, 5, 4, 13, 3, 11, 9, 8, 14, 0, 2, 15], "R": [[-0.5468206969737524, -0.33509326953726004, -0.7672676365336732], [-0.8327593033834707, 0.12289559812143169, 0.5398227622013101], [-0.0865971592456487, 0.9341355215776803, -0.3462538943281057]], "T": [-0.0460792843340653, 0.035190082941989415, 0.03164543553642745], "aligned_model": [[-0.23295517296476445, 0.3449696610584625, 0.2633426631668182, -0.5247655799011388, 0.45142603699146755, -0.3185038253680349, -0.22015941649277762, 0.37734038975418494, -0.5260097314511532, 0.46484459788239807, -0.2188883840854226, -0.0018832529011713062], [-0.63736360357995, 0.5396958571536002, -0.6042248256137787, -0.30475393960266073, -0.3538932051263849, 0.4556977498348488, -0.03799779394855857, 0.5834436955276603, 0.4355375952829924, -0.1465660560047535, -0.1393056237185621, 0.013196960351074732], [-0.31229488885787804, -0.5321234240227687, 0.2050098094633998, 0.12227627415904627, -0.41684982091396705, -0.18151000721685873, -0.6173640606519788, 0.0772504002944989, 0.46699961340427726, 0.6411334703425554, 0.6707606738057706, 0.0868643978464462]], "inverted": false, "swapped": false, "error_lsq": 0.042461839427375865, "error_max": 0.26142789092361224, "target": "949.xyz", "model": "25.xyz", "model_rescale": 4.100010024507729, "target_rescale": 3.7953416525138963},
{"mapping": [3, 5, 8, 1, 7, 6, 2, 4, 0, 9, 10, 11], "R": [[-0.30345022041437775, -0.8558830713249203, 0.4187864992450061], [0.6056478070655721, -0.5125543592965884, -0.6086696662087965], [0.7356009091396838, 0.06893618052580086, 0.6738984385553843]], "T": [-0.07133905733205533, -0.02899534301364627, -0.010632881705588994], "aligned_model": [[-0.1053245262056812, 0.4432546100408528, -0.0969773786258998, -0.7378802915072465, 0.4716716070878724, -0.25803612925400987, -0.35511128403341946, 0.2677909603906338, -0.5370645890568309, 0.6609110087347295, 0.07555981387991394, 0.029964184237953675], [-0.7573635268519796, 0.41724687569108676, -0.57412496747816, -0.25670531529942975, -0.34128294778346313, 0.548540340727441, -0.07045461620715655, 0.7371515585667713, 0.22271740262421474, -0.0671111359482396, -0.08477718590407442, 0.029630328418517343], [-0.3661555998674994, -0.32725159572405665, 0.27049733361682354, 0.04429894353281517, -0.26787229728708817, -0.2388408471328717, -0.6929170881796161, 0.24205138078493674, 0.5311972565452995, 0.36575512184003744, 0.6141162440840269, 0.035273585439736]], "inverted": true, "swapped": false, "error_lsq": 0.050299083829906284, "error_max": 0.3095515164720085, "target": "949.xyz", "model": "26.xyz", "model_rescale": 3.6694154284099745, "target_rescale": 3.7953416525138963},
{"mapping": [11, 8, 12, 2, 9, 4, 10, 5, 0, 3, 6, 13], "R": [[-0.7749149764554222, -0.5807971574611679, 0.24936206838675434], [0.5772501785807285, -0.4896029270405547, 0.6535068516563838], [-0.2574665232483828, 0.6503565450722772, 0.7146659035437757]], "T": [0.06756873262025422, 0.07242394441310884, 0.04257366322548185], "aligned_model": [[-0.23855715360417623, 0.2849932060072876, 0.06763101100622429, -0.5527992340110002, 0.5143865619958032, -0.47969481941409753, -0.12175943922604647, 0.16709531072942962, -0.41084303610077477, 0.675749963286101, -0.06203772610388157, 0.014593341123999237], [-0.6664334952198793, 0.4308714718107419, -0.6978946247038996, -0.18938886435621105, -0.30361255267150833, 0.5028649304460633, -0.027453574820085536, 0.7964252679517342, 0.4404619319557585, -0.30293746428579943, -0.23179896510984338, 0.05236274955845642], [-0.26815466655390036, -0.4397116889312508, 0.23320973418891966, 0.13599360405936062, -0.30929835282979706, -0.39417996554782164, -0.519627407913481, 0.3457156159231367, 0.31202414551845303, 0.41946970175453013, 0.6441058892805537, 0.050605828703840255]], "inverted": true, "swapped": false, "error_lsq": 0.04855366647093609, "error_max": 0.2814074167113807, "target": "949.xyz", "model": "27.xyz", "model_rescale": 4.103607728864725, "target_rescale": 3.7953416525138963},
{"mapping": [12, 11, 3, 2, 10, 8, 13, 7, 1, 9, 0, 14], "R": [[-0.7492947240876918, -0.12330567762457073, 0.6506559200682765], [0.25292336388775577, 0.8547483107712213, 0.45324948674372034], [-0.6120352836675774, 0.504183533149675, -0.6092715129124772]], "T": [0.12772923182397844, -0.0064567227008542095, -0.05288778485023239], "aligned_model": [[-0.29108799832337445, 0.3820445832440188, -0.04968670987394605, -0.5272460890908328, 0.52250003927935, -0.31255056867120296, -0.18120951056957363, 0.0655792931859797, -0.4487802159890766, 0.7368485892498141, -0.057350584522193326, 0.019697157769905688], [-0.6783336611925853, 0.39976546264940643, -0.6602329493643867, -0.3109006416786366, -0.3120645752823267, 0.6474180549343321, 0.023749379340025824, 0.6914955128765589, 0.29561152514818195, -0.12864858827670705, -0.16203360233024103, -0.0023591062680940293], [-0.3852537343387651, -0.5451971099910907, 0.2705794957947208, 0.0872619044896684, -0.15552854832813762, -0.2784569521916022, -0.6216733136758941, 0.11764463887959035, 0.5629469838163058, 0.48018508301045815, 0.6188510312737858, 0.0587929589135041]], "inverted": false, "swapped": false, "error_lsq": 0.0447619398899023, "error_max": 0.297996634380892, "target": "949.xyz", "model": "28.xyz", "model_rescale": 4.137296879288765, "target_rescale": 3.7953416525138963},
{"mapping": [5, 6, 4, 2, 9, 1, 7, 3, 10, 8, 11], "R": [[-0.19129906654725598, -0.9260466559399225, 0.32533407162582273], [-0.563295573789227, -0.16785921602624998, -0.809024956441097], [0.8038051776939575, -0.3380249615302695, -0.4895266710760976]], "T": [-0.0007115794123589182, -0.05505216209858789, -0.05558192345223381], "aligned_model": [[0.5812880803909534, 0.15626221996517986, -0.10616453142733727, -0.6638296126151688, -0.13377891176209245, 0.520484545156472, 0.5672105145943169, -0.3939394168135089, -0.3689629379173499, 0.05877968317401533, 0.004069377964418173], [-0.36366276052893465, -0.6966973851517215, -0.14816812437055243, 0.11012076739369946, 0.7286710152019288, -0.2895173839034907, 0.46961826366169945, -0.3395756630508161, 0.3458854513807076, 0.09154895948312379, 0.010924676532308303], [0.2993693069769341, -0.14968685040987226, -0.7399168492058518, -0.2750764897278922, -0.2905225134084374, -0.5251786957612031, 0.08214151113882048, 0.4039369579006725, 0.2959199590572468, 0.7299016773121356, -0.025133992089553688]], "inverted": true, "swapped": true, "error_lsq": 0.04612656334752905, "error_max": 0.26146971111104583, "target": "949.xyz", "model": "29.xyz", "model_rescale": 3.607286011436655, "target_rescale": 3.7953416525138963},
