[{"mapping": [4, 8, 7, 1, 0, 13, 6, 12, 5, 10, 11, 15], "R": [[-0.6236384634251882, 0.5148331344220668, -0.5882362711001597], [-0.5427687843103121, -0.8267177239598288, -0.14812107098244437], [-0.5625629864423861, 0.22690228864388007, 0.7950083255496091]], "T": [-0.12187144365294746, -0.1523061395340044, -0.01772448532343416], "aligned_model": [[-0.1387655043848956, 0.31257441107978046, 0.4703524063552361, -0.10291742595973608, -0.039971790587018455, -0.6919564583026679, 0.42915580420563204, -0.34450339421496334, 0.5445430320484721, 0.010422520596760729, -0.508885571448676, -0.10240556692737499], [-0.25532802716968195, -0.7195220160036655, -0.3585980853130481, 0.6476903472837222, 0.413877022246975, -0.6165108104995127, -0.19225960560551897, -0.43517127487695684, 0.17005210372420915, 0.29453543849623065, 0.20237347417617524, -0.09758353048187064], [-0.6261745734168217, -0.11460186701791197, -0.5229464187880748, 0.020975971978870432, -0.662191135299356, 0.15506838426136146, 0.4209418362002179, 0.6698262179995508, -0.08886716866893205, 0.5006022398462817, 0.4205941481129112, 0.008724110145465477]], "inverted": false, "swapped": true, "error_lsq": 0.037516931871144174, "error_max": 0.19600995113249825, "target": "95.xyz", "model": "0.xyz", "model_rescale": 3.751011558992144, "target_rescale": 4.315900886211062},
{"mapping": [12, 10, 13, 14, 1, 3, 5, 6, 11, 4, 0, 7, 8, 9, 15], "R": [[-0.4840043141026381, 0.7434250723137532, -0.46158312987513506], [0.8287719610907442, 0.558734481251873, 0.03086771727877341], [0.28085024557553206, -0.3676070474235925, -0.8865597544693037]], "T": [-0.002544454112396656, 0.011083986819460715, -0.0019802823002900757], "aligned_model": [[-0.08432045519820544, 0.03560818931078794, -0.4032011621528251, 0.16640568907667416, -0.20838146548114847, -0.5478471284953785, 0.5379535716951712, 0.5680862848095759, -0.4406944360168914, -0.03451567301922052, -0.13246382431091183, 0.584783696935652, 0.5664840612264556, -0.07131990844818237, 0.002508771157480971], [0.1088260401617474, -0.5943199248582935, 0.5230423832607891, 0.6343843531432631, -0.7388441993326992, 0.36785339578964166, -0.426736993165163, -0.2267500911912576, -0.356219860990656, 0.3012758080331645, -0.3250247686094797, 0.21272643101463795, 0.45388032226688996, 0.6668680126905145, -0.052203558385993], [-0.7675276789377637, -0.345290874015304, -0.3863148746402805, -0.48325095146149377, 0.19060787794882503, 0.20103668639400205, 0.26119085099122913, -0.3417904647654056, -0.37723121788016245, 0.5419654653466324, 0.7808096324016326, 0.5107775798052503, -0.002462302282541384, 0.07562034231798048, -0.00847366637062482]], "inverted": false, "swapped": true, "error_lsq": 0.037717336289913674, "error_max": 0.29418612322982113, "target": "95.xyz", "model": "1.xyz", "model_rescale": 3.9405287249114394, "target_rescale": 4.315900886211062},
{"mapping": [0, 5, 7, 12, 6, 4, 2, 10, 14, 9, 13, 3, 15], "R": [[-0.8129536591816706, 0.06259076971685847, 0.5789548717900072], [-0.46745440761017637, -0.6630256831250432, -0.5847078931589595], [0.3472646322747993, -0.7459754279216047, 0.5682674864077896]], "T": [0.015707680679918887, -0.009472198276575798, 0.02406456336289292], "aligned_model": [[-0.3965700458876331, 0.1797145605373846, -0.4000795414830905, 0.5262317320382929, 0.5217891827189486, -0.5859028260664666, -0.10113006500100634, 0.6606979912048527, 0.0258652410215804, -0.4626916374538813, -0.07752948149339613, -0.45525333135328794, 0.06084150050163392], [0.7447052815142619, 0.4980024601760313, 0.15942920868624672, -0.5685039152602716, -0.03745013353131038, 0.10839522932626361, 0.35104754364968155, 0.24382478902159044, -0.7961540190521201, -0.4695758715229259, -0.6504526125894696, -0.15998918025488137, 0.03555381340892036], [0.08612577460184001, -0.49425540171885635, -0.6446117096403567, 0.1948052211877341, -0.4666025309134826, -0.048616218165174335, 0.5928045129755655, 0.09929632801877539, -0.1482650375971464, 0.008466136448057479, 0.41238301040198766, 0.49459157717271024, 0.026998686816990056]], "inverted": false, "swapped": true, "error_lsq": 0.04440019426366712, "error_max": 0.31354173008494896, "target": "95.xyz", "model": "2.xyz", "model_rescale": 3.932901565614263, "target_rescale": 4.315900886211062},
{"mapping": [1, 11, 2, 10, 0, 4, 3, 5, 6, 8, 13, 12, 9, 15], "R": [[-0.6063643481214128, 0.07492089173681743, -0.7916496303975985], [0.7555740546159456, -0.2560180555632638, -0.6029615271448303], [-0.24785101435845347, -0.9637642944241946, 0.09863193942390064]], "T": [0.019215047702270727, -0.09870466758904822, 0.08904490298081695], "aligned_model": [[-0.29456089964137666, 0.34325864081780055, 0.18005253579029043, -0.1287075723725784, -0.44552685078671994, -0.0913143714344759, 0.47963648101281514, -0.7120536623196303, -0.33266397936898956, -0.17235949514836524, 0.7475862289937936, 0.5109078223290513, 0.3473799141573393, -0.01182487997625083], [0.03056010954610522, 0.2657827178903789, -0.33707004454173534, 0.4818080048110677, -0.6368803577507682, -0.69978172280931, -0.5865895570573842, 0.03349002343855251, 0.4559904116133083, -0.14596869198400636, -0.12461946511670258, 0.47691225907812046, -0.48769550627624597, -0.06244154249089131], [-0.6366868872582652, -0.3903771276975244, -0.5309582606526767, -0.2672634164725512, -0.39777136944197156, 0.1762231658329504, -0.036795256828034514, 0.059804362261820815, 0.3462412645198068, 0.7825343295961306, 0.2868936375908936, 0.2599454850676763, 0.5154233223336777, 0.04668311420516527]], "inverted": true, "swapped": true, "error_lsq": 0.03924540840055015, "error_max": 0.23711060055588257, "target": "95.xyz", "model": "3.xyz", "model_rescale": 3.9243930471874484, "target_rescale": 4.315900886211062},
{"mapping": [1, 2, 0, 5, 4, 10, 6, 3, 9, 13, 8, 12, 15], "R": [[-0.3073985385152097, -0.08929153899537162, 0.9473822668714837], [-0.9399310829844667, -0.126817634039527, -0.31693350554377187], [0.1484442580848469, -0.9878989365114503, -0.044944337587562055]], "T": [0.005443054713476225, -0.05443633620417558, -0.046617692994506466], "aligned_model": [[-0.10208315002287505, -0.05873080401620917, 0.5661275634975658, 0.3118051141784914, 0.5599902361956668, -0.45447152913837063, -0.1611379525179789, 0.09155508995144941, 0.23097441254606024, -0.33912165641061504, 0.32890834508560435, -0.6806148603947477, -0.01599492264268865], [-0.607001173916913, -0.008783626285437739, -0.32730433790050656, -0.7215441692425385, 0.17662286564492724, -0.5723589379390386, -0.5265437217790179, 0.5157741683786559, 0.5392228525494244, 0.6132190437349077, 0.03777015833265576, 0.11974516024395225, -0.1109887281394836], [-0.6166717031736468, -0.7255051795138995, -0.641415241785361, 0.07252004004474212, -0.18874262772412373, -0.12450502849385943, 0.450394211780682, -0.41172042551584853, 0.14705466665057843, 0.029878906538322647, 0.5911365281497977, 0.27164160892142114, -0.06699544050784131]], "inverted": true, "swapped": true, "error_lsq": 0.05360071822875133, "error_max": 0.42899898307324374, "target": "95.xyz", "model": "4.xyz", "model_rescale": 3.8936222436046832, "target_rescale": 4.315900886211062},
{"mapping": [0, 5, 1, 2, 10, 6, 8, 12, 3, 4, 11, 15], "R": [[-0.9246607312521017, 0.36086909348941787, -0.12155669230632431], [0.20378431743858622, 0.19928868803605193, -0.9585175902334598], [-0.32167450014948046, -0.9110749234750098, -0.25781388591111015]], "T": [-0.019918816467184408, -0.05118129768756624, 0.11640236160895276], "aligned_model": [[0.11207466274232392, -0.611131868752136, -0.23252093915679808, 0.3421460813572549, -0.49121480081265745, -0.6923061655080768, -0.20759489485213134, -0.11909267954555752, 0.6615976166331253, 0.32451879182914306, 0.0027158030954052836, -0.06164356481479826], [-0.5556754537056079, -0.42676372438468585, 0.07748228508880811, 0.10010047098243685, 0.3680327155718491, 0.011024234579700157, -0.4417064657718879, 0.6028296188319391, -0.04160652427506595, -0.5617082616646303, 0.5693041808919723, -0.032390171035020544], [-0.569652706718384, -0.1335763162392411, -0.6452388787383939, -0.44316310341838006, -0.1801973502678159, 0.3205620382787774, 0.6927096242670191, 0.5222815379644229, 0.08036096079940974, 0.07356101050571104, -0.17027905177840633, 0.07191695462079949]], "inverted": true, "swapped": true, "error_lsq": 0.04057094054312942, "error_max": 0.26105949457329913, "target": "95.xyz", "model": "5.xyz", "model_rescale": 3.6523030999806103, "target_rescale": 4.315900886211062},
{"mapping": [11, 12, 9, 2, 4, 10, 8, 1, 6, 5, 7, 0, 15], "R": [[0.6181831070363234, -0.7519324874012243, -0.22901349428696405], [0.639849362328845, 0.6506108489741093, -0.40902116904209185], [0.45655496898214565, 0.10631583883785502, 0.8833201586683707]], "T": [0.08231162486494042, 0.018324300771543574, 0.15244293261734676], "aligned_model": [[0.135685875991283, -0.34778436860696965, 0.2405724608431356, 0.6529481836411724, 0.48630775208337745, -0.22214286427441365, -0.3085004959188903, 0.2991331824880774, -0.5892542674233936, -0.18981788302266717, -0.007621269139305303, 0.6626760025710732, 0.06888059543181493], [-0.5780518423207518, -0.1572935434445154, 0.5947637013453707, -0.35697299827487716, 0.4273370100910129, -0.6053817665666932, 0.6147991256537928, -0.6587904115474584, -0.08724796599396656, -0.0916082275243357, 0.5645283930847221, -0.08767575219687818, -0.037578818142239005], [0.4828782109694868, 0.7741176458202248, 0.441364606967777, 0.17727292529319644, -0.07251519932843481, 0.08817872432858181, 0.045925573338172376, -0.21682043899410763, -0.03599591098392818, -0.5308906184203888, -0.4324569063140099, -0.47568871492819653, 0.12473984173341549]], "inverted": false, "swapped": true, "error_lsq": 0.04645256342535408, "error_max": 0.2869118865860561, "target": "95.xyz", "model": "6.xyz", "model_rescale": 4.08911054899281, "target_rescale": 4.315900886211062},
{"mapping": [1, 2, 0, 10, 6, 8, 5, 7, 12, 11, 14, 13, 9, 4, 15], "R": [[0.4705050371591784, -0.3998138703826185, -0.7866218145065078], [0.20828766767989404, 0.9165905331130395, -0.34128879574346427], [0.8574621026612839, -0.003265525566396865, 0.5145367614101689]], "T": [0.015945291694029442, -0.062216524349417685, -0.0013453754694902065], "aligned_model": [[0.13063383873498838, 0.30718520469395133, 0.7535533776701763, -0.4116052451427416, -0.4420832957908623, -0.013635409584748296, 0.12315509969829555, 0.4502737679731278, -0.7044714955196437, -0.33182294156083597, -0.39268724701227414, -0.22166911313787832, 0.19615363610793837, 0.5935707721262511, -0.00021740945618989316], [-0.715122015846386, -0.666348487088417, -0.36584061857155914, -0.4505119060395919, 0.19043707412799835, 0.6563347400288609, 0.04790721454493946, 0.5196339968538457, -0.07514805684736287, -0.642327698267948, 0.4711219344713682, -0.022056426539732776, 0.3310318778414829, 0.12296005251544909, -0.1013128650138342], [-0.4512479376466389, 0.1301634002556438, -0.327466380156712, -0.39154906313438986, -0.4746649516501374, -0.05303039138229437, -0.7289875890704692, -0.3496891756642638, 0.2869878831247092, 0.09979348820936551, 0.4427700275407822, 0.7143828113542584, 0.502326398035625, 0.11341031309076821, -0.04912880082416674]], "inverted": false, "swapped": true, "error_lsq": 0.04379868660460839, "error_max": 0.27977808624987394, "target": "95.xyz", "model": "7.xyz", "model_rescale": 3.964800864290218, "target_rescale": 4.315900886211062},
{"mapping": [13, 12, 11, 9, 2, 8, 3, 10, 6, 5, 7, 0, 1, 15], "R": [[0.830636014833989, 0.39946557076896033, -0.3879060048915685], [-0.30575760728786366, 0.9094454151066541, 0.2818178889408651], [0.4653558814996425, -0.11548287627052757, 0.8775577524254323]], "T": [-0.03179270427141355, -0.03826664638899426, 0.050134043937106326], "aligned_model": [[-0.29732551381650885, 0.21577199979202832, 0.4925496731334075, -0.6500609922166924, 0.15048837082120797, -0.47204146599085983, -0.3997710575253477, 0.6577635874467807, 0.2861814345840554, 0.20883821487317156, -0.4773139600013331, -0.05667209123173465, 0.5752166041267928, 0.02756308546590492], [-0.15259338859364494, -0.5202085211194925, 0.11114152293276686, -0.11129631200563672, 0.5969085116136081, -0.5501489018033697, 0.3822229511878432, -0.13529233894480738, -0.5993226117792215, -0.12170577992736376, -0.15543008022013383, 0.6649410778077715, 0.43118468649900155, -0.02945234946611866], [-0.6475492648253116, -0.5055163736158718, -0.362713455885741, -0.1805510243031707, -0.12427008944065568, 0.3031555108012044, -0.3418299050558792, 0.08062696761675905, 0.33607826872925484, 0.7488607741832842, 0.7106779091961068, 0.5476158039266534, 0.28036545940954394, 0.07186445798884443]], "inverted": true, "swapped": true, "error_lsq": 0.03996036934360706, "error_max": 0.24430631869215672, "target": "95.xyz", "model": "8.xyz", "model_rescale": 4.121658175737393, "target_rescale": 4.315900886211062},
{"mapping": [5, 6, 10, 1, 8, 4, 12, 3, 11, 14, 0, 2, 15], "R": [[-0.06885080588978082, -0.5672579612830393, 0.8206570367025059], [-0.14923738524392824, -0.8074965128026618, -0.5706816841787518], [0.9864014240530492, -0.16176460420175678, -0.02905930924103134]], "T": [-0.08457045050849962, -0.07089848154655329, 0.022695379554367033], "aligned_model": [[-0.4882614188049109, -0.2564824835875549, 0.28207743657591267, 0.23114440116868387, -0.6752572129448874, -0.4540696552715364, 0.35623496472552263, 0.10008556940399257, 0.581668453953154, -0.1724158199682587, -0.28913506822469814, 0.3240328520124165, -0.06288452260263873], [0.2456884674684787, -0.3395652212739615, 0.016475645301313874, 0.5744282318722566, -0.4842129290593645, 0.17950440836757822, -0.6896482175342218, 0.01651648832490729, -0.022834883488044605, -0.8510889447141774, 0.7582253024694041, 0.42657929067992073, -0.03968019900238027], [-0.5157195883317205, -0.6065262704384563, -0.5636208932137738, -0.3318873674615567, 0.011623141421441965, 0.4491683080305116, -0.1358700326865059, 0.6739373352025215, -0.12398931847511985, 0.20229211333489405, 0.13808713292305227, 0.2521509977670978, -0.02857012411329766]], "inverted": false, "swapped": true, "error_lsq": 0.04136528224470715, "error_max": 0.2803165738410914, "target": "95.xyz", "model": "9.xyz", "model_rescale": 3.833441315466971, "target_rescale": 4.315900886211062},
{"mapping": [12, 11, 5, 0, 1, 10, 2, 4, 8, 7, 14, 9, 13, 6, 15], "R": [[0.794923403890111, 0.4369579192412938, 0.420909204888749], [0.5229820396664873, -0.14182812609018425, -0.8404609264183719], [-0.30754929382790114, 0.8882300149522456, -0.341263640612201]], "T": [-0.035948911337989546, 0.022861101781813654, 0.03335600522632678], "aligned_model": [[0.3120934947898101, -0.14447936016276797, -0.6560801059401189, -0.5538669170042135, -0.7303274671187721, -0.4935540264301411, -0.21160215060900228, 0.0690633155897184, 0.22513960790651488, -0.159775105043292, 0.6414676596175349, 0.5580979388756495, 0.6541680960958173, -0.29331503503163947, -0.09318492724056557], [-0.6702384254775462, -0.4648646102912203, 0.14349653856318528, 0.6477778315805828, -0.04751728600151188, -0.49887084049731356, 0.14518802209667667, 0.630734472358815, 0.1844690716695188, 0.5904169978153385, -0.22196459864906531, 0.30936422951967624, -0.18372546539013748, -0.35926947092529016, -0.00389492707672982], [0.061341156524642663, -0.4335974821504571, 0.4257445431430464, -0.25620954695857523, -0.3600098078632731, -0.031644163279334274, -0.6156992601553533, 0.009422224498593056, 0.6857193453100265, 0.5911032921723135, 0.39368380090861266, 0.1097032788879514, -0.19336140162288748, 0.5675791353416989, 0.02434679306508814]], "inverted": false, "swapped": true, "error_lsq": 0.044674419198551966, "error_max": 0.2723938737445733, "target": "95.xyz", "model": "10.xyz", "model_rescale": 4.2482417240324, "target_rescale": 4.315900886211062},
{"mapping": [7, 8, 13, 12, 0, 2, 4, 11, 6, 1, 5, 15], "R": [[0.040409711952803906, -0.07903994910073542, 0.9960520777680477], [-0.04129774132939024, -0.9961466103022029, -0.07737200620717022], [0.9983293803855431, -0.038008120574224216, -0.04351816895772431]], "T": [0.05612490739919207, 0.009769116747939767, 0.02350393922223954], "aligned_model": [[-0.6879345828396278, -0.24076287713996664, 0.6058485822425729, 0.747181288413279, -0.5403369685329885, 0.1587165320376163, -0.37920532281809505, 0.6007182971066966, 0.030648622538151312, -0.010457784711412454, -0.4652573055660123, 0.057607121632793495], [-0.2950886352349369, -0.6428039539799701, -0.18217488248645738, -0.3161757682038425, 0.6293903918114971, 0.6692158404122853, 0.08971493736383943, 0.3689217814626119, -0.383753144890142, 0.6770936567154785, 0.010688780561251263, 0.04110238651902498], [0.06790983418071961, 0.10010882842554203, 0.5044422499527438, -0.11252785881428018, 0.07745664847663478, 0.17079837435884018, 0.453860401641358, -0.1817475923867512, -0.5614290804285136, -0.4147837089852415, -0.506820597299025, -0.032075209267670435]], "inverted": false, "swapped": true, "error_lsq": 0.03873417942277337, "error_max": 0.20114924603883527, "target": "95.xyz", "model": "11.xyz", "model_rescale": 3.6694154284099745, "target_rescale": 4.315900886211062},
{"mapping": [11, 12, 6, 14, 13, 1, 2, 0, 8, 7, 5, 4, 10, 15], "R": [[-0.9303337167589053, -0.3489614758267775, -0.11271674165960673], [0.3441339227960273, -0.9369753498411161, 0.0604072592586032], [-0.12669261479099367, 0.017409255553168256, 0.991789241310121]], "T": [0.11609832986900609, 0.024048578033376438, -0.02788704366701718], "aligned_model": [[-0.14598929311281061, 0.20540122845069805, -0.2643171029997955, 0.6634290310551474, 0.6970401451011656, -0.5545852928240376, 0.002449337039504104, -0.1523105300919103, 0.40715966893439176, 0.18589319621410744, -0.43094090470697627, 0.4231922294136374, -0.49145638852495116, 0.05329952630763929], [-0.30777559050217695, 0.27097146618462126, 0.6079426847357587, 0.5084724015868897, -0.06294910216408564, -0.41130850138299313, -0.649661561426528, -0.47454154225449435, 0.6359470051197007, 0.39633409810377346, 0.30013171577536835, -0.14662081423289355, 0.047941702796791316, 0.016103325796522037], [-0.5653845664222628, -0.7582004828529066, -0.13746450287414283, -0.36616447012457437, -0.502521942519535, 0.02210346299385844, -0.04489374345143064, 0.6217072640617539, 0.21853919302141017, 0.6827934933138069, 0.39355162174418695, 0.47973065079094585, -0.36867739799779226, -0.03602312003090287]], "inverted": true, "swapped": true, "error_lsq": 0.049602356489141596, "error_max": 0.3272016117682278, "target": "95.xyz", "model": "12.xyz", "model_rescale": 3.9764082729961374, "target_rescale": 4.315900886211062},
{"mapping": [5, 0, 9, 12, 6, 4, 3, 6, 14, 13, 7, 2, 8, 10, 11, 15], "R": [[0.4942051257532686, -0.6736053588026713, 0.5495608376435868], [-0.206799240450761, 0.522917307923826, 0.8269169022475518], [-0.8443905303994026, -0.5223153354689323, 0.11912733735710034]], "T": [0.05780630648027635, -0.06804187597324822, 0.02396428247005182], "aligned_model": [[0.09342566464916385, -0.41045468025479626, 0.14416624624363977, 0.6527619940486671, 0.14813542057638146, -0.45798626488222843, -0.4374919334741939, 0.14813542057638146, 0.10866081406816519, 0.5504311118035194, -0.6901256338120652, -0.35175655377524273, -0.11893799940041838, 0.5143147123109959, 0.2591933823465754, -0.024779797403510995], [-0.6023866170646468, -0.6223467895748998, -0.66178496554831, -0.2841632789341486, 0.22708800503722504, -0.16620896943464575, 0.5804837287884299, 0.22708800503722504, 0.6899379876578353, 0.2380500469821794, -0.11966203360187887, -0.399808506699384, 0.2110344388172778, 0.09459481527107023, 0.6170839191341972, -0.012409483659991158], [-0.6210402638909184, -0.00023581176990877806, -0.014897406936746307, 0.1047900454451305, -0.6748903591977189, -0.46612241074638777, 0.2302108358475939, -0.6748903591977189, -0.22440718320760333, -0.17125119352656154, 0.11865784582004285, 0.6226701202084735, 0.6488888359244984, 0.6652881328181116, 0.37122583994773, -0.016941061237953497]], "inverted": false, "swapped": false, "error_lsq": 0.04559405383201821, "error_max": 0.44504341679922416, "target": "95.xyz", "model": "13.xyz", "model_rescale": 4.170626492500431, "target_rescale": 4.315900886211062},
{"mapping": [14, 8, 12, 6, 11, 1, 10, 9, 3, 7, 4, 5, 2, 15], "R": [[0.9711249968878494, -0.19815710227021932, 0.1328533147476738], [-0.2289808513957292, -0.930494099361259, 0.28591694729058365], [0.06696275168824554, -0.3080819596694186, -0.9490002613343104]], "T": [0.02212700159123207, 0.04963258758875575, 0.08365984367063935], "aligned_model": [[0.23303546320987178, -0.054991990778434904, -0.028521847784059612, -0.6086121436107873, -0.022458959976761048, -0.3179247897543793, -0.5046808906178477, 0.5443648913252337, 0.6875586401677003, -0.118873783459472, 0.3703559941131912, -0.5904374098071448, 0.2813404457708596, -0.02697059670632663], [-0.5193274516696911, -0.6663714111970769, 0.020852926697729264, -0.198729825433597, 0.610307786506942, 0.726631200534608, 0.4383985448398826, -0.35905840449100973, 0.19326403034231074, -0.4979519041614068, -0.11775653865833133, -0.022457143640824594, 0.6580452188332806, 0.09022743942284997], [-0.44593533104543753, 0.11906059276240889, -0.69023295576577, -0.11163401562954524, -0.30538539953599053, 0.3442150515918401, -0.15543461056754998, 0.05135089495793235, 0.13291479751238655, 0.6570747549481283, 0.5651449187272418, 0.49917432519195065, 0.2560928275178435, 0.0874672504554278]], "inverted": false, "swapped": true, "error_lsq": 0.042076740662606193, "error_max": 0.3186091191308259, "target": "95.xyz", "model": "14.xyz", "model_rescale": 3.9786697098870705, "target_rescale": 4.315900886211062},
{"mapping": [2, 13, 0, 1, 4, 7, 12, 8, 5, 10, 9, 15], "R": [[0.6278328027761689, 0.2527375531220974, 0.7361723310476125], [-0.5454823002136184, -0.5318127582575022, 0.647784107792255], [0.5552252082820812, -0.8082690884825443, -0.19602563274152945]], "T": [-0.036767639819163055, -0.040872667901269415, 0.014112291993697273], "aligned_model": [[0.021948419639525762, -0.7884775574628614, 0.5796018380864452, 0.4921951405475607, 0.05972819240313105, 0.38483484280671015, -0.5767034137343936, -0.08067726340641507, 0.6589790148851516, 0.19945322029019794, -0.47267268816750563, 0.005144850879789532], [-0.3588857935889246, -0.044428792655692544, 0.07456079851861264, -0.5738662498937183, 0.4463632648377085, 0.6317162862882414, -0.412060351832348, 0.5266532540939037, 0.012468675552916482, -0.6485716424956083, 0.4490285005926658, -0.08830345919331803], [-0.5879763639962763, -0.05841239309042809, -0.5769646660451624, -0.26511445752072765, -0.3524939389034181, 0.1497961260032423, 0.43003620713685053, 0.4566600872854924, 0.2713586046218375, 0.2605536529394583, -0.08975417314588766, 0.022277808588848758]], "inverted": true, "swapped": true, "error_lsq": 0.045204693185141843, "error_max": 0.25374728566489385, "target": "95.xyz", "model": "15.xyz", "model_rescale": 3.769337070930944, "target_rescale": 4.315900886211062},
{"mapping": [5, 0, 6, 10, 8, 4, 14, 3, 12, 11, 15], "R": [[0.8007149486067343, 0.5956556496060144, 0.06363896738753777], [-0.5338082570689038, 0.66126764309562, 0.5270425494016807], [0.27185348216047184, -0.4559818541205353, 0.8474527909860378]], "T": [0.010522649384384948, -0.018281459954346164, 0.004838250301080781], "aligned_model": [[-0.42588466898413413, -0.3679448750139992, -0.19498554793948564, -0.5755778196222646, 0.46736798106475924, 0.2719460334273348, 0.6615012059078468, 0.34233933568873137, 0.14465374707769826, -0.34858523402947367, -0.05220402688584247], [0.05399845903594896, -0.7384697868034166, 0.5766561794060752, 0.3306915872707143, 0.245366348827727, -0.5188600437544315, 0.44602480032407144, -0.48944688160591104, 0.5933156475149467, 0.10333709201903174, -0.00654890460941401], [-0.5929983808948268, -0.27923796418001384, -0.3137069349988422, 0.14814120002388695, -0.4867351970533652, -0.24453962369161547, 0.10135545162171092, 0.37056511501556944, 0.4633810145121704, 0.5740053995626252, 0.0039875273064773975]], "inverted": false, "swapped": true, "error_lsq": 0.0435974818055129, "error_max": 0.18613768755310858, "target": "95.xyz", "model": "16.xyz", "model_rescale": 3.7852294659196426, "target_rescale": 4.315900886211062},
{"mapping": [2, 4, 7, 0, 3, 9, 14, 8, 5, 10, 12, 6, 15], "R": [[-0.9720495192912789, 0.016394970844372393, -0.2342027689345413], [-0.20402882537896752, 0.434549608269244, 0.8772336498148744], [0.1161549416084944, 0.9004986634548987, -0.41905869118283234]], "T": [-0.010516344811411952, 0.1130453731499115, -0.0935587081408492], "aligned_model": [[-0.15248815743328373, -0.301457863450602, 0.13779639631145413, 0.1269686596876612, -0.6338850567804027, -0.5837248798048698, -0.37727848498844707, -0.030182630782110604, 0.6418708187644379, 0.5230815920892132, -0.08272566388979012, 0.5419959019723753, 0.043795218520647355], [-0.16440104080437898, -0.39934654244354484, -0.36678641535067136, -0.7017149436869168, -0.06216261566754808, 0.10078105903911971, 0.6574680260846344, 0.1677617649698897, -0.1837440322564132, 0.394188921822056, 0.8830547385778721, 0.4367448796911111, 0.11321182372766389], [-0.7018005722250027, 0.09060965474288325, 0.5359644789067153, -0.33824562735324776, -0.3093570330570689, 0.2412340197639431, 0.3730872626358691, 0.6251078570755906, 0.10491398382087876, -0.4429341933055155, -0.15817318976093603, 0.20242152023891158, -0.12707346433984656]], "inverted": false, "swapped": true, "error_lsq": 0.04410178126065448, "error_max": 0.299833859164366, "target": "95.xyz", "model": "17.xyz", "model_rescale": 3.901054581598922, "target_rescale": 4.315900886211062},
{"mapping": [12, 10, 13, 14, 1, 3, 5, 6, 11, 4, 0, 7, 8, 9, 15], "R": [[-0.4840043141026381, 0.7434250723137532, -0.46158312987513506], [0.8287719610907442, 0.558734481251873, 0.03086771727877341], [0.28085024557553206, -0.3676070474235925, -0.8865597544693037]], "T": [-0.002544454112396656, 0.011083986819460715, -0.0019802823002900757], "aligned_model": [[-0.08432045519820544, 0.03560818931078794, -0.4032011621528251, 0.16640568907667416, -0.20838146548114847, -0.5478471284953785, 0.5379535716951712, 0.5680862848095759, -0.4406944360168914, -0.03451567301922052, -0.13246382431091183, 0.584783696935652, 0.5664840612264556, -0.07131990844818237, 0.002508771157480971], [0.1088260401617474, -0.5943199248582935, 0.5230423832607891, 0.6343843531432631, -0.7388441993326992, 0.36785339578964166, -0.426736993165163, -0.2267500911912576, -0.356219860990656, 0.3012758080331645, -0.3250247686094797, 0.21272643101463795, 0.45388032226688996, 0.6668680126905145, -0.052203558385993], [-0.7675276789377637, -0.345290874015304, -0.3863148746402805, -0.48325095146149377, 0.19060787794882503, 0.20103668639400205, 0.26119085099122913, -0.3417904647654056, -0.37723121788016245, 0.5419654653466324, 0.7808096324016326, 0.5107775798052503, -0.002462302282541384, 0.07562034231798048, -0.00847366637062482]], "inverted": false, "swapped": true, "error_lsq": 0.037717336289913674, "error_max": 0.29418612322982113, "target": "95.xyz", "model": "18.xyz", "model_rescale": 3.9405287249114394, "target_rescale": 4.315900886211062},
{"mapping": [13, 14, 11, 9, 7, 12, 1, 4, 0, 8, 3, 10, 2, 5, 6, 15], "R": [[0.0069518474174052325, -0.8373052937751064, 0.5466914274375151], [0.4659946217531858, 0.48642681747901334, 0.7390791322546889], [-0.8847602411470524, 0.24961729958763113, 0.39356132867951893]], "T": [-0.03245231125901679, -0.009314523222599675, -0.10878108264931483], "aligned_model": [[0.05261057243288922, -0.4786216310553455, 0.18338318909055598, 0.6594647741108315, 0.531775695340454, -0.478920225290671, -0.41402717756719987, 0.01148260489244219, 0.022740131332358138, 0.5495770246007297, -0.8422834950278881, -0.32291627199520845, -0.03063456120141514, 0.5575480753826144, 0.162736532385586, -0.03622333380969859], [-0.5892404775003472, -0.6420799301155004, -0.6266517135814443, -0.34107261126642047, -0.007856638457641668, -0.00597775481004858, 0.4717994075263494, 0.3408505551092701, 0.6619072759400374, 0.4650922831879211, -0.02293585639965933, -0.4004111544178522, 0.12218449501619169, 0.05396906814971914, 0.5505640446900957, -0.013550690863135841], [-0.4370797861877661, -0.09205266406509885, 0.19374665506825897, -0.09473953902557708, -0.529815736902551, -0.4262623103245542, 0.13298208869947858, -0.7491865555144973, -0.24694529134904072, -0.016845291109838734, 0.15468904459844948, 0.5081290806059965, 0.750305634161048, 0.4735911124155032, 0.3458844648698832, -0.06934529963962978]], "inverted": true, "swapped": false, "error_lsq": 0.03989922015158759, "error_max": 0.2993634656762275, "target": "95.xyz", "model": "19.xyz", "model_rescale": 4.410303926677745, "target_rescale": 4.315900886211062},
{"mapping": [13, 12, 11, 9, 2, 8, 3, 10, 6, 5, 7, 0, 1, 15], "R": [[0.830636014833989, 0.39946557076896033, -0.3879060048915685], [-0.30575760728786366, 0.9094454151066541, 0.2818178889408651], [0.4653558814996425, -0.11548287627052757, 0.8775577524254323]], "T": [-0.03179270427141355, -0.03826664638899426, 0.050134043937106326], "aligned_model": [[-0.29732551381650885, 0.21577199979202832, 0.4925496731334075, -0.6500609922166924, 0.15048837082120797, -0.47204146599085983, -0.3997710575253477, 0.6577635874467807, 0.2861814345840554, 0.20883821487317156, -0.4773139600013331, -0.05667209123173465, 0.5752166041267928, 0.02756308546590492], [-0.15259338859364494, -0.5202085211194925, 0.11114152293276686, -0.11129631200563672, 0.5969085116136081, -0.5501489018033697, 0.3822229511878432, -0.13529233894480738, -0.5993226117792215, -0.12170577992736376, -0.15543008022013383, 0.6649410778077715, 0.43118468649900155, -0.02945234946611866], [-0.6475492648253116, -0.5055163736158718, -0.362713455885741, -0.1805510243031707, -0.12427008944065568, 0.3031555108012044, -0.3418299050558792, 0.08062696761675905, 0.33607826872925484, 0.7488607741832842, 0.7106779091961068, 0.5476158039266534, 0.28036545940954394, 0.07186445798884443]], "inverted": true, "swapped": true, "error_lsq": 0.03996036934360706, "error_max": 0.24430631869215672, "target": "95.xyz", "model": "20.xyz", "model_rescale": 4.121658175737393, "target_rescale": 4.315900886211062},
{"mapping": [11, 12, 9, 2, 4, 10, 8, 1, 6, 5, 7, 0, 15], "R": [[0.6181831070363234, -0.7519324874012243, -0.22901349428696405], [0.639849362328845, 0.6506108489741093, -0.40902116904209185], [0.45655496898214565, 0.10631583883785502, 0.8833201586683707]], "T": [0.08231162486494042, 0.018324300771543574, 0.15244293261734676], "aligned_model": [[0.135685875991283, -0.34778436860696965, 0.2405724608431356, 0.6529481836411724, 0.48630775208337745, -0.22214286427441365, -0.3085004959188903, 0.2991331824880774, -0.5892542674233936, -0.18981788302266717, -0.007621269139305303, 0.6626760025710732, 0.06888059543181493], [-0.5780518423207518, -0.1572935434445154, 0.5947637013453707, -0.35697299827487716, 0.4273370100910129, -0.6053817665666932, 0.6147991256537928, -0.6587904115474584, -0.08724796599396656, -0.0916082275243357, 0.5645283930847221, -0.08767575219687818, -0.037578818142239005], [0.4828782109694868, 0.7741176458202248, 0.441364606967777, 0.17727292529319644, -0.07251519932843481, 0.08817872432858181, 0.045925573338172376, -0.21682043899410763, -0.03599591098392818, -0.5308906184203888, -0.4324569063140099, -0.47568871492819653, 0.12473984173341549]], "inverted": false, "swapped": true, "error_lsq": 0.04645256342535408, "error_max": 0.2869118865860561, "target": "95.xyz", "model": "21.xyz", "model_rescale": 4.08911054899281, "target_rescale": 4.315900886211062},
{"mapping": [4, 3, 13, 7, 0, 2, 15, 1, 8, 6, 14, 12, 9, 10, 5, 16], "R": [[-0.07932102077084723, 0.1170657588845481, -0.9899514047470493], [-0.8283880627606167, 0.5446727605503162, 0.13078532559202088], [0.5545100478256312, 0.8304379519333658, 0.05377187786504589]], "T": [-0.015791429411804066, 0.08241251424438827, -0.015343044160404275], "aligned_model": [[-0.09750888023457438, -0.4995881276613889, 0.06902868306783361, 0.5564346368027864, 0.45450142740138755, -0.48785516411814533, -0.6917309343811087, -0.09924870363248459, 0.280606533666462, 0.7029565665029919, -0.5171578345274839, -0.024870123669817265, -0.1770168242971584, 0.4931441446823894, 0.16250996285467345, 0.0034865411646716506], [-0.4216084016462143, -0.6384485162400138, -0.5715607641097541, -0.3092297136637412, -0.1625978801052514, -0.03822946518009611, 0.3374837120071909, 0.488598325274037, 0.6780998839555306, 0.24027718352342858, -0.17009230528349645, -0.38612991626288556, 0.2248408959227422, 0.11585569664194786, 0.5841083888319948, 0.04522317854211556], [-0.49029289461157055, -0.039404481903067265, 0.02772046412579189, 0.14267557016450957, -0.5800322805288652, -0.5481236486768377, -0.11307475645418505, -0.6921342612753135, -0.21045025343199678, -0.1338512426668907, 0.2956161651961192, 0.5550560040146353, 0.6638241956996064, 0.6099581186303539, 0.4475164559968034, -0.0379475479790283]], "inverted": false, "swapped": false, "error_lsq": 0.03773614501265973, "error_max": 0.23821497796562233, "target": "95.xyz", "model": "22.xyz", "model_rescale": 4.204369325754507, "target_rescale": 4.315900886211062},
{"mapping": [13, 14, 11, 9, 7, 12, 1, 4, 0, 8, 3, 10, 2, 5, 6, 15], "R": [[0.0069518474174052325, -0.8373052937751064, 0.5466914274375151], [0.4659946217531858, 0.48642681747901334, 0.7390791322546889], [-0.8847602411470524, 0.24961729958763113, 0.39356132867951893]], "T": [-0.03245231125901679, -0.009314523222599675, -0.10878108264931483], "aligned_model": [[0.05261057243288922, -0.4786216310553455, 0.18338318909055598, 0.6594647741108315, 0.531775695340454, -0.478920225290671, -0.41402717756719987, 0.01148260489244219, 0.022740131332358138, 0.5495770246007297, -0.8422834950278881, -0.32291627199520845, -0.03063456120141514, 0.5575480753826144, 0.162736532385586, -0.03622333380969859], [-0.5892404775003472, -0.6420799301155004, -0.6266517135814443, -0.34107261126642047, -0.007856638457641668, -0.00597775481004858, 0.4717994075263494, 0.3408505551092701, 0.6619072759400374, 0.4650922831879211, -0.02293585639965933, -0.4004111544178522, 0.12218449501619169, 0.05396906814971914, 0.5505640446900957, -0.013550690863135841], [-0.4370797861877661, -0.09205266406509885, 0.19374665506825897, -0.09473953902557708, -0.529815736902551, -0.4262623103245542, 0.13298208869947858, -0.7491865555144973, -0.24694529134904072, -0.016845291109838734, 0.15468904459844948, 0.5081290806059965, 0.750305634161048, 0.4735911124155032, 0.3458844648698832, -0.06934529963962978]], "inverted": true, "swapped": false, "error_lsq": 0.03989922015158759, "error_max": 0.2993634656762275, "target": "95.xyz", "model": "23.xyz", "model_rescale": 4.410303926677745, "target_rescale": 4.315900886211062},
{"mapping": [10, 11, 9, 15, 4, 1, 7, 3, 0, 5, 11, 14, 13, 6, 12, 16], "R": [[0.8281290294809434, 0.2994270625406826, -0.4738625800263292], [0.5548469744549118, -0.31772542967084805, 0.7688923112365643], [0.07966897431987861, -0.8996632623147026, -0.42925385143535444]], "T": [0.04038052082845163, -0.030851564294326735, -0.012093160563040597], "aligned_model": [[-0.08444651217351093, -0.4787228261410444, 0.09360571224194723, 0.5545672516955937, 0.4857926479121043, -0.6371694326236131, -0.4914640303427907, 0.011678166355063371, 2.9281183078558315e-05, 0.6148146901979308, -0.4787228261410444, -0.012504208257473795, -0.12104400722043833, 0.4136567386759002, 0.24221720449457662, 0.015404053764755232], [-0.43491796259432275, -0.3836676106626514, -0.6549638601511186, -0.4210586590559418, -0.023036929795873986, 0.15319879551875776, 0.3458190306692995, 0.28327373984581905, 0.6873279785813251, 0.22434372709843126, -0.3836676106626514, -0.40662469407817425, 0.20433552574293343, 0.12218778153688098, 0.6852009407761941, 0.018840109438627052], [-0.506999721312048, 0.07021139095662896, -0.0036726624931376264, 0.2923154789868421, -0.5369086915123658, -0.5054357141706898, 0.11902332566773634, -0.8545612328248955, -0.24225773807263226, 0.010329634527991157, 0.07021139095662896, 0.5483956889037401, 0.6304142543771575, 0.6322219126556895, 0.29238442135817394, -0.11861613170475548]], "inverted": true, "swapped": false, "error_lsq": 0.04400316614046505, "error_max": 0.3132958292176187, "target": "95.xyz", "model": "24.xyz", "model_rescale": 4.28219845311461, "target_rescale": 4.315900886211062},
{"mapping": [6, 10, 8, 1, 0, 14, 12, 2, 13, 4, 11, 5, 9, 3, 7, 15], "R": [[0.09926272210048989, -0.2376888644388211, -0.9662561336017407], [0.9948941638426931, 0.041501767070613954, 0.09199568512579914], [0.018234987056468976, -0.9704543302246635, 0.24059484241198964]], "T": [0.01031752649882849, 0.06265660122847978, 0.01785497056313106], "aligned_model": [[0.022275092524723972, -0.5057950481120339, -0.007594551193257731, 0.4619423936386995, 0.5805557513067006, -0.5660284614905894, -0.664596232199239, 0.05478628960921629, -0.13194539202112776, 0.6706416770203685, -0.487101566534937, -0.06803990391285036, -0.14425303380358623, 0.5916374307183593, 0.2573311109271982, 0.06387634714338915], [-0.5317250845569688, -0.5055123399086093, -0.6312941504153992, -0.3465210432711592, -0.16613296500174757, 0.02003810325795783, 0.4149941554987046, 0.2556421640019317, 0.6193695450829838, 0.34918540015670724, -0.07459425659194406, -0.5288116233321417, 0.2801263187789223, 0.08655458448954448, 0.7277515277058766, 0.047519966312875334], [-0.659466639293373, -0.18343259359219438, 0.02544237423449583, 0.21403354602256353, -0.5188366293226483, -0.4782837103053007, 0.08691701805629018, -0.6375526324263107, -0.1329708133600452, -0.11068232615834922, 0.1916753351974812, 0.6255606010689925, 0.638893252567709, 0.5292661556325171, 0.3375095241551298, -0.031016856176894876]], "inverted": false, "swapped": false, "error_lsq": 0.03869303816249975, "error_max": 0.256676369075543, "target": "95.xyz", "model": "25.xyz", "model_rescale": 4.100010024507729, "target_rescale": 4.315900886211062},
{"mapping": [7, 8, 13, 12, 0, 2, 4, 11, 6, 1, 5, 15], "R": [[0.040409711952803906, -0.07903994910073542, 0.9960520777680477], [-0.04129774132939024, -0.9961466103022029, -0.07737200620717022], [0.9983293803855431, -0.038008120574224216, -0.04351816895772431]], "T": [0.05612490739919207, 0.009769116747939767, 0.02350393922223954], "aligned_model": [[-0.6879345828396278, -0.24076287713996664, 0.6058485822425729, 0.747181288413279, -0.5403369685329885, 0.1587165320376163, -0.37920532281809505, 0.6007182971066966, 0.030648622538151312, -0.010457784711412454, -0.4652573055660123, 0.057607121632793495], [-0.2950886352349369, -0.6428039539799701, -0.18217488248645738, -0.3161757682038425, 0.6293903918114971, 0.6692158404122853, 0.08971493736383943, 0.3689217814626119, -0.383753144890142, 0.6770936567154785, 0.010688780561251263, 0.04110238651902498], [0.06790983418071961, 0.10010882842554203, 0.5044422499527438, -0.11252785881428018, 0.07745664847663478, 0.17079837435884018, 0.453860401641358, -0.1817475923867512, -0.5614290804285136, -0.4147837089852415, -0.506820597299025, -0.032075209267670435]], "inverted": false, "swapped": true, "error_lsq": 0.03873417942277337, "error_max": 0.20114924603883527, "target": "95.xyz", "model": "26.xyz", "model_rescale": 3.6694154284099745, "target_rescale": 4.315900886211062},
