[{"mapping": [4, 2, 3, 1, 5, 12, 8, 9, 0, 7, 11, 13], "R": [[-0.6880280581456398, -0.4677039859585653, -0.5548606786597968], [0.537272584374855, -0.8422731109679208, 0.04375130420438575], [-0.48780688933583594, -0.2680093059184523, 0.8307920622259249]], "T": [-0.16266708127925245, 0.027707855478488905, -0.08975291379813921], "aligned_model": [[-0.1565962612649641, 0.3185617855394767, 0.35376036132389455, -0.16827055903002308, 0.03296216178853156, -0.641498126979335, 0.30576554492493274, -0.4053372862062783, 0.5726623254705844, 0.19590254568406118, -0.4394131403837342, -0.13085688840659715], [-0.44435854829890914, -0.663106122052456, -0.28361536356531386, 0.546308295764533, 0.35944806657944406, -0.38181564496470644, -0.1963098423482978, -0.7260020218296023, 0.29898949555333215, 0.3776900745819789, 0.18808008461614306, -0.02175343805908874], [-0.4650567778914388, 0.10912077181137853, -0.5713869968268956, -0.09981029786531062, -0.6306025994062332, 0.050112259197375164, 0.4865173196596013, 0.44234424502510217, -0.1543797358058694, 0.4446887478257383, 0.5599064599580151, 0.0104983496720997]], "inverted": false, "swapped": true, "error_lsq": 0.050699953115209556, "error_max": 0.301576073787234, "target": "950.xyz", "model": "0.xyz", "model_rescale": 3.751011558992144, "target_rescale": 4.064664852314629},
{"mapping": [12, 3, 10, 9, 5, 13, 2, 7, 6, 4, 0, 1, 8, 14], "R": [[0.44782253994463694, -0.5118564557453704, 0.7331152306624944], [0.892281483727144, 0.3084248674450434, -0.3297087425883556], [-0.057347419429483903, 0.8017961523063676, 0.5948396453091235]], "T": [-0.14414238289494996, 0.02542184526586552, 0.03213467443112659], "aligned_model": [[-0.18093649472362763, 0.407847174805665, -0.7937303886874381, -0.32940185068068123, 0.07304256773300508, 0.25799077984941354, 0.6573418582042498, -0.22538869519332713, -0.7308706451933018, -0.5048740086268311, 0.37014201912833744, -0.17709341451253613, 0.11403535253058572, -0.16071612561473306], [-0.6139762483866191, -0.48453490130189, 0.4764949616579514, 0.12893205789274234, 0.46154530905328395, -0.05131095593611691, 0.20538112384959803, -0.5734858019707156, -0.29435572434451507, 0.5694927586971653, -0.29781930554622543, -0.08269596434439128, 0.582050752674122, -0.004832108764653131], [-0.34441728114143255, -0.10445791077130942, -0.18471138739092127, -0.5916875653231006, -0.3586505204655296, -0.5677846492628943, -0.06260587290406158, 0.3048720767372677, 0.3745058143722374, 0.47871446043209825, 0.4865917469437132, 0.7198194264768977, 0.2849721093728413, -0.010454311952035812]], "inverted": true, "swapped": false, "error_lsq": 0.046379499207230224, "error_max": 0.33336608987916827, "target": "950.xyz", "model": "1.xyz", "model_rescale": 3.9405287249114394, "target_rescale": 4.064664852314629},
{"mapping": [6, 4, 12, 0, 2, 10, 5, 3, 8, 11, 7, 1, 13], "R": [[-0.6314053939512365, 0.050275772958441045, -0.7738214103672212], [0.6745287988186586, 0.5278846964307091, -0.5160897662602077], [0.3825416683886107, -0.84782668861489, -0.36722170145399746]], "T": [-0.0788101456504039, 0.015015948661077298, -0.01146608954280074], "aligned_model": [[-0.5506373365383954, 0.25314456917722344, -0.3597501465126742, 0.4488799505267381, 0.5432657320705507, -0.7591552174647646, 0.13616207122266044, 0.6522455083819254, 0.20712023931440665, -0.6042895135743043, -0.10908515846165567, -0.29546161351904177, -0.06645580533873725], [0.6326999614392969, 0.3994128341506537, 0.13548093206570905, -0.2675392011731429, -0.2957767650803097, 0.12257709606914777, 0.3835563487751413, 0.2614751708582789, -0.6786474496916011, -0.4685020999900716, -0.6545340010234313, -0.027907923029293256, -0.08346230979836083], [0.20996453151258596, -0.336706979598088, -0.5798953622297173, 0.4986176687697949, -0.5260391242838809, 0.011026073140723645, 0.49726337715182706, 0.008691356368997892, -0.208380641928578, -0.13166037198819672, 0.28429379486557377, 0.4578937397050058, -0.07194771189740395]], "inverted": false, "swapped": true, "error_lsq": 0.05183064229560445, "error_max": 0.27722606558482704, "target": "950.xyz", "model": "2.xyz", "model_rescale": 3.932901565614263, "target_rescale": 4.064664852314629},
{"mapping": [2, 5, 1, 0, 3, 4, 7, 6, 10, 11, 9, 12, 8, 13], "R": [[0.8862802532947469, 0.24987689050169043, -0.38996006489511914], [0.2348910128323849, -0.9681628039199464, -0.08652743609077859], [-0.3991660365191103, -0.014910556631916795, -0.9167574109820715]], "T": [-0.09056535568315108, 0.09963860477481591, 0.0057835149632980455], "aligned_model": [[-0.3835996772733399, 0.3067303719526615, -0.7677817701602361, -0.1738180712749251, -0.10074930720920865, 0.25567979977477906, 0.6081966009373769, -0.2820614241522697, -0.6057043506189255, -0.5269842616276268, 0.43737762715289863, -0.08707760829845623, 0.19117877841788686, -0.09399857860183389], [-0.448663049566549, -0.4645365696831636, 0.08276960009128093, 0.16187068713566752, 0.5683895579666738, -0.42331302000729176, 0.15250676232817706, -0.5505875964005105, -0.11556835963247798, 0.6419931647000583, 0.06516835328741524, -0.36076288066472223, 0.6989647739893691, 0.01265452968580974], [-0.5489200413575531, 0.2074321276099154, -0.2939863727104663, -0.6561428271735247, -0.19634097413749974, -0.6023795347178238, -0.13088847647571844, 0.09079765347997654, 0.45463005741226287, 0.5653358076312416, 0.5155687128902438, 0.6150027841782355, 0.3223512191375772, 0.08224599935690405]], "inverted": true, "swapped": false, "error_lsq": 0.05012010690058767, "error_max": 0.2811575723785095, "target": "950.xyz", "model": "3.xyz", "model_rescale": 3.9243930471874484, "target_rescale": 4.064664852314629},
{"mapping": [10, 12, 6, 1, 5, 11, 7, 4, 3, 2, 0, 8, 13], "R": [[-0.6582023916051112, 0.20131432729697502, 0.7254254981114728], [0.5057413033037228, -0.5955403674620441, 0.6241453395290438], [0.5576695668744743, 0.7776915920518493, 0.29017312390001976]], "T": [0.042335791771498155, -0.07422042063999273, -0.16204903032167933], "aligned_model": [[0.04214374619053146, -0.30155686486414246, 0.5707209123765967, 0.3057082844100801, 0.6843719795702752, -0.4560439008704966, -0.23481308258309774, 0.13704021011808304, 0.3308801947609909, -0.44907037009171447, 0.2640818185145837, -0.5484796444839215, -0.06777739673641572], [-0.6192191785841412, -0.00575471959717877, -0.3883522888974595, -0.4874208985967624, -0.02514746375177679, -0.5979647896164768, -0.43593667504381955, 0.46817828104175, 0.5975331157928085, 0.5931343502346682, 0.042171289025854986, 0.05125619299018205, -0.06464766131606162], [-0.5838558955027007, -0.7038988460929361, -0.6867549396768533, 0.008183932819112366, -0.00011654659461651784, -0.2029691102968644, 0.4115688507564394, -0.40816131443998194, 0.08509496397685812, 0.08597014335925099, 0.5834450074413993, 0.32466770035009873, -0.12610363072824154]], "inverted": true, "swapped": true, "error_lsq": 0.0442175251210504, "error_max": 0.3771292228993548, "target": "950.xyz", "model": "4.xyz", "model_rescale": 3.8936222436046832, "target_rescale": 4.064664852314629},
{"mapping": [10, 5, 7, 11, 0, 3, 4, 2, 9, 12, 8, 13], "R": [[0.1628751815938539, -0.47584482174579107, -0.8643167132703646], [0.9318595218541234, 0.3620432322513944, -0.023717704584719945], [0.3242059634716399, -0.8015587337174235, 0.5023883852665649]], "T": [-0.15762829877887213, -0.1975996653254727, -0.09816259811770858], "aligned_model": [[0.16076924297626588, -0.7848695192704205, -0.1688004591826049, 0.3686893890209522, -0.7570294865100011, -0.6447980241206885, -0.2000009882504381, 0.0028584907707336626, 0.681597031383643, 0.4031062763287517, 0.052975813959190765, -0.0869497248902868], [-0.6638241556724912, -0.4151956826983757, 0.32548469583825057, -0.07832318331608636, 0.2989530358587448, -0.00039336856259361563, -0.31526697229358186, 0.43419976899857393, 0.05964098841189727, -0.4197449023330917, 0.5487263740459327, -0.10533369316737123], [-0.49338714766006475, -0.105984066437572, -0.6109447689138052, -0.5809956410696088, -0.2105606492073603, 0.4669623220121897, 0.4918335839819321, 0.47054592283793184, 0.27549885991249357, 0.13157456542412896, -0.11670408823061997, -0.09855417337412672]], "inverted": true, "swapped": true, "error_lsq": 0.050724819467945166, "error_max": 0.29011399784563535, "target": "950.xyz", "model": "5.xyz", "model_rescale": 3.6523030999806103, "target_rescale": 4.064664852314629},
{"mapping": [9, 8, 11, 12, 10, 2, 7, 4, 0, 5, 1, 6, 13], "R": [[-0.6636626587090506, -0.5821474367265348, -0.46974060644994214], [-0.37298138879087617, 0.8018669065386377, -0.46679154642493814], [0.6484109492064918, -0.1345876149981158, -0.7492992825555458]], "T": [0.08062730692119813, -0.0568411705408167, -0.08167394545998323], "aligned_model": [[0.35845839565977117, -0.40911929649441536, 0.2781742646326014, 0.5882886264387728, 0.6389675554794113, -0.3351584224246044, -0.3616437292064495, 0.1616525144492156, -0.671931352366876, -0.10210169329519267, 0.028362776394983122, 0.6613565876600632, 0.04577667773701413], [-0.4743124629953923, -0.08098584658146452, 0.399151276122386, -0.29768877788922843, 0.34682294110336653, -0.6599284080223542, 0.43128184045565787, -0.6386807846073478, 0.05571036786846, -0.014611116868219455, 0.4044877647995344, 0.1330381025233221, -0.06345799174553687], [0.7298815979537218, 0.5193799084194876, 0.4450242822784017, 0.2358529810498292, -0.0656687473520171, 0.3785042025424434, 0.23898144196835386, -0.21818077342944858, -0.2803377477185324, -0.7185942590579107, -0.31302432663250124, -0.6107158358592083, 0.029007015319170118]], "inverted": true, "swapped": true, "error_lsq": 0.05402579130408959, "error_max": 0.329540608984669, "target": "950.xyz", "model": "6.xyz", "model_rescale": 4.08911054899281, "target_rescale": 4.064664852314629},
{"mapping": [11, 8, 13, 1, 2, 9, 3, 10, 12, 7, 4, 5, 6, 14], "R": [[0.7069121839569609, 0.39635095080547333, 0.58581659926021], [-0.6825030031542435, 0.16485370776192998, 0.7120483872059421], [0.1856470168320486, -0.9031772687754834, 0.38704780881516376]], "T": [-0.08711197987649802, 0.0067180799518088445, 0.028561044817552585], "aligned_model": [[-0.3808022706726816, 0.36919750518031913, -0.7682366356147862, -0.17712611812677853, -0.2462893623177664, 0.2985876068181267, 0.6874409219138105, -0.21560251325403218, -0.7153157287798931, -0.3884559092950274, 0.3969390988052358, -0.19884752081155108, 0.16699981883438894, -0.05110076366058322], [-0.40315204406565636, -0.49993099581675826, 0.20312109651592608, 0.22578413152185947, 0.7612098286586467, -0.2763776676751191, 0.1586302101789458, -0.6580822738314426, -0.2507348794949124, 0.5688798178772398, -0.09123197993258181, -0.0833902385671131, 0.42546457679421473, -0.05930362893351292], [-0.2719111793348931, 0.04396692535139907, -0.15416711607051872, -0.6655956945576136, -0.20711734906635607, -0.5924461487051449, -0.03010703239518434, 0.2751489012582216, 0.2455401718022519, 0.46725795744939486, 0.5315022229864803, 0.7768236253392381, 0.12458985086868551, -0.11877899980219084]], "inverted": true, "swapped": false, "error_lsq": 0.04871573024772593, "error_max": 0.34157965083058184, "target": "950.xyz", "model": "7.xyz", "model_rescale": 3.964800864290218, "target_rescale": 4.064664852314629},
{"mapping": [5, 9, 0, 3, 6, 10, 11, 8, 1, 2, 12, 7, 4, 13], "R": [[-0.056539315329764916, -0.6292110574267027, -0.7751753034211117], [0.14276178748323876, -0.7735339234521749, 0.6174660649001497], [-0.9881408694394906, -0.0757543033804412, 0.1335623736787876]], "T": [-0.130651308267586, 0.055036682292176314, 0.02167065478491488], "aligned_model": [[-0.3350144854880067, 0.40800750757369675, -0.7167399763667557, -0.43697814019365355, 0.04300685858738876, 0.25125267622116865, 0.662522854287834, -0.07625012571389436, -0.7721357739685011, -0.3992411222727087, 0.35381102162354816, -0.28559584094205615, 0.19356826330415114, -0.11282558763343006], [-0.5977651128124252, -0.36926454847100953, 0.43896048042572267, 0.22381175184827, 0.5148875749713266, -0.3987479207850416, 0.2679828067128641, -0.6964905846513753, -0.20946607176067597, 0.47904713312285574, -0.05815877544382082, -0.18795992401398257, 0.6346721674791088, -0.02062302339208108], [-0.45911644058367507, 0.08226663219205922, -0.1275337783770949, -0.6136572476724552, -0.2863647664985749, -0.5469794077745619, -0.09085498870312562, 0.17432994793275036, 0.30742555769169405, 0.45373937287631955, 0.5901405102328197, 0.6726683553028912, 0.2540448545915861, 0.014597533913137898]], "inverted": true, "swapped": false, "error_lsq": 0.04823212500648459, "error_max": 0.27340599881152694, "target": "950.xyz", "model": "8.xyz", "model_rescale": 4.121658175737393, "target_rescale": 4.064664852314629},
{"mapping": [0, 1, 7, 8, 5, 4, 10, 12, 11, 6, 2, 9, 13], "R": [[0.0608308202098356, -0.0025366309521869246, -0.9981448676499878], [0.9816586701675905, -0.18086427653371132, 0.0602857259949284], [-0.18068167200188578, -0.9835047935711092, -0.008512016520974386]], "T": [-0.13097952142159466, -0.07971586665502645, -0.02252410730035445], "aligned_model": [[-0.5613889574535392, -0.132145646467734, 0.14679466745027067, 0.12123563501586457, -0.6926146667321346, -0.46037559623176383, 0.29979760093968766, 0.23115343584672962, 0.5700228484005625, -0.21422846919791974, -0.2133610758746144, 0.4435487628143753, -0.06170104207458718], [0.16962833486422485, -0.4409280812979069, 0.10855129148593753, 0.584736232764477, -0.3896540227605823, 0.10348007593402889, -0.6083390736031224, -0.045987818544159995, -0.11484991244709511, -0.8414847232010274, 0.7677384930543487, 0.4854766653231371, 0.012019977839449802], [-0.6316668470083584, -0.3948188060904654, -0.6737418880086267, -0.333315610790789, -0.19382808789873857, 0.4482985847535592, 0.07714178697674351, 0.5106485424007314, -0.20064263903605306, 0.23431004061375046, 0.13041478355201827, 0.48793592673546904, -0.03966035224015221]], "inverted": true, "swapped": true, "error_lsq": 0.047697644447485116, "error_max": 0.24929279991866882, "target": "950.xyz", "model": "9.xyz", "model_rescale": 3.833441315466971, "target_rescale": 4.064664852314629},
{"mapping": [12, 7, 0, 1, 5, 6, 3, 11, 10, 13, 9, 8, 2, 14], "R": [[-0.5961239542454824, 0.7697272023632984, -0.22837746192805453], [-0.7965915378474586, -0.5314492815764429, 0.28810342403675726], [0.10039000450518419, 0.3536689059754231, 0.9299678230678717]], "T": [-0.07925205936969879, -0.04007862861617315, -0.06769410382386873], "aligned_model": [[-0.371581958902206, 0.38517583119557086, -0.6782599550697578, -0.46447991608284, -0.06784028616848595, 0.11606626516759327, 0.7568120013808508, -0.1328198888581516, -0.7407371848242201, -0.38817079586438286, 0.3639969122922446, -0.17937993936358232, 0.18228845342153474, -0.0036814093053869623], [-0.4413310169060649, -0.47281928167387555, 0.2701944591831842, 0.14396064959109448, 0.6121015526098171, -0.18495398888625728, 0.13871475664733937, -0.6747373676291508, -0.2764475837395395, 0.6295704836057204, 0.020479685407465996, -0.2082933051105435, 0.49203875593340096, -0.02759184580285509], [-0.40910266851102606, 0.13468237316420245, -0.16119872178526043, -0.6704693317513049, -0.24648443945599738, -0.7018009166964901, 0.08511840042544477, 0.176592313485657, 0.35929686724715326, 0.23533365424065641, 0.6088952592730975, 0.6867842541404698, 0.33862831022272777, -0.011569218875560144]], "inverted": false, "swapped": false, "error_lsq": 0.04940501283931135, "error_max": 0.3280891190188698, "target": "950.xyz", "model": "10.xyz", "model_rescale": 4.2482417240324, "target_rescale": 4.064664852314629},
{"mapping": [6, 5, 0, 3, 11, 7, 1, 2, 4, 9, 12, 13], "R": [[0.8265420102169572, 0.08027545843641498, 0.5571213118516783], [0.5410452481622887, 0.1596656627970605, -0.825697835509203], [-0.15523641579062286, 0.9839017872208581, 0.08853772255983358]], "T": [-0.08992406715858557, 0.029680556862526387, -0.008415118668898876], "aligned_model": [[-0.7402609726937878, -0.02319813052937368, 0.47688743317834414, 0.5259521063945486, -0.4323090931597927, 0.07762142281392732, -0.30254502882944717, 0.6198901222377176, 0.11917142288361697, -0.030233253837328708, -0.36940593938083355, -0.0448044867145843], [-0.4499445837973851, -0.5492514154855949, -0.07529835017209471, -0.41684642756524587, 0.6584443285020458, 0.514172872235776, -0.042514791886434374, 0.3046586693986111, -0.2862655824157655, 0.6511222108751196, 0.2230718321132927, 0.1347826282483147], [0.005992913462129058, 0.3097454879451556, 0.5265464154241586, -0.13841908457672364, 0.1001829865700006, 0.5149235153747217, 0.45919489499551225, -0.4193978078389392, -0.4776630786575243, -0.729762518610153, -0.5570868166036265, -0.029064617630354613]], "inverted": true, "swapped": true, "error_lsq": 0.053328949303240204, "error_max": 0.30528672645790816, "target": "950.xyz", "model": "11.xyz", "model_rescale": 3.6694154284099745, "target_rescale": 4.064664852314629},
{"mapping": [12, 1, 7, 5, 6, 0, 4, 2, 10, 9, 3, 8, 11, 13], "R": [[-0.7205978055861261, 0.12057458108771825, 0.6827888201925844], [-0.4725933117866986, 0.6351573232222872, -0.6109261300775894], [-0.5073404815692716, -0.7629134584948811, -0.4007102327223993]], "T": [-0.1294288077495333, 0.030209137837563776, -0.020848552847539503], "aligned_model": [[-0.41463491563233623, 0.3754062387073997, -0.7765653173301394, -0.4005146447506319, 0.016347984786829972, 0.3081964848865577, 0.5990149584031221, -0.11699284513311037, -0.6887376830675782, -0.5791261415928692, 0.490567867377709, -0.06561762044909156, 0.06495753859313885, -0.034913775780219786], [-0.5060834106948213, -0.6492134304378322, 0.36268795889990063, 0.17166176894256507, 0.4829103945754417, -0.09412143768321392, 0.13716624792535745, -0.5052187612567716, -0.19054588943583198, 0.41595476542349835, -0.2532915567783814, 0.017773365970416104, 0.6437260630699789, -0.012520125290569482], [-0.3255061946054174, -0.021057570677666115, -0.17196933230017758, -0.7631924183220029, -0.32689680453250863, -0.5719963330855682, 0.05404140579375738, 0.3526161511039133, 0.18401624947933284, 0.5210544694937442, 0.5049654633090883, 0.7330555095267565, 0.34086898849651015, -0.08529344855599182]], "inverted": true, "swapped": false, "error_lsq": 0.047020909076453295, "error_max": 0.26103278102030075, "target": "950.xyz", "model": "12.xyz", "model_rescale": 3.9764082729961374, "target_rescale": 4.064664852314629},
{"mapping": [3, 8, 6, 14, 13, 11, 10, 7, 4, 5, 1, 0, 9, 15], "R": [[0.4767609873294524, 0.8313413649004476, -0.2856054900839735], [-0.8789455517459407, 0.44626758426330704, -0.16822592042196116], [-0.012396694183114537, 0.331235230978308, 0.943466768748151]], "T": [-0.052793718628525964, 0.07573692618931746, 0.08337525506805638], "aligned_model": [[-0.176419923452403, 0.37843297700121076, -0.6473907262130021, -0.3203673913474802, -0.016268947356080053, 0.2780596989821172, 0.7091599788404237, -0.3251795119153124, -0.7180271238069263, -0.5439190784125192, 0.5226055718552024, -0.24385176953259127, 0.014281711308627022, -0.133727336932486], [-0.6139589904765236, -0.45315143943173475, 0.41078595622257097, 0.030063931175910164, 0.4943349922257537, -0.11655943112522141, 0.09494537193322551, -0.5751913222599648, -0.08428133494715814, 0.5681316198629461, 0.07052021880340359, -0.1468873509269911, 0.3300828255995788, 0.012050906573941311], [-0.3829717737944865, -0.10094368138585061, -0.25992541744016057, -0.6683736037732886, -0.3615091640577989, -0.6123997270693635, -0.1719764582290449, 0.3538047170526329, 0.3018298144547553, 0.5515282775444843, 0.3520963386023917, 0.7474860785948543, 0.6240305765710943, 0.05203015805355133]], "inverted": true, "swapped": false, "error_lsq": 0.04370267180507335, "error_max": 0.32997746269731904, "target": "950.xyz", "model": "13.xyz", "model_rescale": 4.170626492500431, "target_rescale": 4.064664852314629},
{"mapping": [3, 0, 11, 9, 10, 1, 7, 2, 6, 5, 8, 4, 12, 13], "R": [[-0.9269778559734894, 0.36163615919157643, 0.09965612324367161], [-0.2439897149526442, -0.3794844993800947, -0.8924463758274593], [-0.2849229255993988, -0.851593097139358, 0.44000923100825484]], "T": [-0.060602464326168476, -0.06941999779424737, 0.04341926853957663], "aligned_model": [[-0.5165412266628268, 0.34965681049728015, -0.6004020210557904, -0.11002760550477993, 0.15264222114059423, 0.21362728920915788, 0.7058906592859553, -0.16876061525252828, -0.8654783461945502, -0.7084572912693321, 0.5063865825953101, 0.04255159154140503, -0.07194388550222329, -0.15175603380889036], [-0.4084232024567007, -0.49756904976393246, 0.29976865000917785, 0.27473509437469434, 0.42522254609700505, -0.33711633266615904, 0.028088130167879935, -0.6664948914487514, -0.16536767050311518, 0.42134764474279696, 0.2395009279401444, -0.11519485203970684, 0.5466691135563257, -0.024280154779922306], [-0.3473111713513879, -0.02165087243676196, -0.2248638506064623, -0.6883053151786009, -0.12446093537917376, -0.6228773504428746, -0.2023657174246985, 0.2978510923981456, 0.2680481311517401, 0.45164845980509877, 0.4103628270324374, 0.7436528253403754, 0.43840243302528153, 0.04657557919065117]], "inverted": true, "swapped": false, "error_lsq": 0.05430623292327475, "error_max": 0.31826028809746193, "target": "950.xyz", "model": "14.xyz", "model_rescale": 3.9786697098870705, "target_rescale": 4.064664852314629},
{"mapping": [1, 0, 6, 10, 5, 4, 8, 2, 12, 11, 3, 13], "R": [[0.623040699558528, 0.6641659520213717, 0.413163254500161], [-0.05845800779150917, 0.5662744303801226, -0.8221410650385464], [-0.7800018897532671, 0.4880746435466735, 0.391637835644259]], "T": [0.07324982270521926, -0.027732021258121072, -0.04317363451212981], "aligned_model": [[-0.027065900796912373, -0.6860359586583373, 0.6328907872620889, 0.5849526600949538, -0.10975971634508308, 0.21693880822146192, -0.4140844372748046, -0.2777079171279081, 0.6022297901778141, 0.21807057572447777, -0.2958301565246042, 0.03875606201418973], [-0.30321298084622145, 0.04696938720956273, 0.019207218485172154, -0.43600358990578597, 0.27306283419211697, 0.5332356594518987, -0.2619622243054836, 0.2993812703956126, -0.028455499978482787, -0.7029142780005453, 0.6496401462586706, -0.07427345273207535], [-0.471105829053181, -0.23392083000307223, -0.6243660778613266, -0.2586248981363661, -0.6060863403362395, 0.12536500044872279, 0.5130115569769245, 0.6766745966549397, 0.32659738240209674, 0.17481903667849108, -0.01998407372090273, 0.05758696982374349]], "inverted": false, "swapped": true, "error_lsq": 0.05704610556406806, "error_max": 0.2936388527386369, "target": "950.xyz", "model": "15.xyz", "model_rescale": 3.769337070930944, "target_rescale": 4.064664852314629},
{"mapping": [2, 9, 0, 7, 3, 4, 5, 12, 1, 11, 13], "R": [[-0.6938716748438634, -0.34930810039426147, 0.6297030648236712], [-0.07707300672326389, 0.905469687109411, 0.4173540431823096], [-0.715962185093604, 0.24105704039695253, -0.6552019938851332]], "T": [0.09214541606474339, 0.0660287072819401, 0.1090309144357467], "aligned_model": [[-0.27330327072855687, -0.38389476818710944, -0.04653440380047644, -0.5049956941788126, 0.3858599534676904, 0.42479189631351544, 0.5687178827553373, 0.07716084653641347, 0.12985223353084097, -0.4396163242310721, -0.015412220786599623], [-0.2152688020579055, -0.7477097678947275, 0.7310525676763615, 0.48121026206021755, 0.2005253054360631, -0.24810288494767663, 0.5211019586797779, -0.5638625035764682, 0.47159727226075493, -0.06659044882959675, 0.03211153881854159], [-0.6228672241053543, -0.03694932715016919, -0.28718981125112825, 0.1969763053183272, -0.5918494432056374, -0.2839120798722347, 0.02761979307264595, 0.24890035183336567, 0.4302338123362174, 0.5823242125158163, 0.08093101773192807]], "inverted": true, "swapped": true, "error_lsq": 0.05038464260392223, "error_max": 0.23685241743113644, "target": "950.xyz", "model": "16.xyz", "model_rescale": 3.7852294659196426, "target_rescale": 4.064664852314629},
{"mapping": [12, 2, 8, 9, 4, 3, 5, 0, 11, 10, 6, 7, 13], "R": [[-0.06512654061568864, 0.5246135744960774, -0.8488457640595739], [-0.8458503447681176, 0.42229569868173955, 0.32588884167850585], [0.52942962512792, 0.7392204950685216, 0.4162419148855146]], "T": [-0.012021191244583236, 0.19046537685260673, -0.015366334492743994], "aligned_model": [[0.020835053437769417, -0.3353465783805937, 0.21526407188149171, 0.09935301480808867, -0.5618183292343609, -0.7037734857513999, -0.3346898085224126, -0.12405221794120103, 0.6741046697699278, 0.412158371506164, -0.04979001201623951, 0.5059586742600756, 0.03556242639897376], [-0.11770780750371113, -0.5707305616421909, -0.41179313941881196, -0.6633728394060219, 0.027509893486508175, 0.11214252934271932, 0.7230350980819802, 0.29348259007112687, 0.0040367296466874425, 0.4701997834436144, 0.8295269776040168, 0.09126518062762558, 0.08746118936933148], [-0.5814941380738858, 0.23840000269966172, 0.41744600930750225, -0.42603759063479363, -0.20219554081098487, 0.3177029296654348, 0.2150576362234898, 0.7562010272026392, -0.1526273900247014, -0.48094669798520484, -0.5086813902802145, 0.49310569103983654, 0.009824148814395209]], "inverted": true, "swapped": true, "error_lsq": 0.04685683831017188, "error_max": 0.28293967639811934, "target": "950.xyz", "model": "17.xyz", "model_rescale": 3.901054581598922, "target_rescale": 4.064664852314629},
{"mapping": [12, 3, 10, 9, 5, 13, 2, 7, 6, 4, 0, 1, 8, 14], "R": [[0.44782253994463694, -0.5118564557453704, 0.7331152306624944], [0.892281483727144, 0.3084248674450434, -0.3297087425883556], [-0.057347419429483903, 0.8017961523063676, 0.5948396453091235]], "T": [-0.14414238289494996, 0.02542184526586552, 0.03213467443112659], "aligned_model": [[-0.18093649472362763, 0.407847174805665, -0.7937303886874381, -0.32940185068068123, 0.07304256773300508, 0.25799077984941354, 0.6573418582042498, -0.22538869519332713, -0.7308706451933018, -0.5048740086268311, 0.37014201912833744, -0.17709341451253613, 0.11403535253058572, -0.16071612561473306], [-0.6139762483866191, -0.48453490130189, 0.4764949616579514, 0.12893205789274234, 0.46154530905328395, -0.05131095593611691, 0.20538112384959803, -0.5734858019707156, -0.29435572434451507, 0.5694927586971653, -0.29781930554622543, -0.08269596434439128, 0.582050752674122, -0.004832108764653131], [-0.34441728114143255, -0.10445791077130942, -0.18471138739092127, -0.5916875653231006, -0.3586505204655296, -0.5677846492628943, -0.06260587290406158, 0.3048720767372677, 0.3745058143722374, 0.47871446043209825, 0.4865917469437132, 0.7198194264768977, 0.2849721093728413, -0.010454311952035812]], "inverted": true, "swapped": false, "error_lsq": 0.046379499207230224, "error_max": 0.33336608987916827, "target": "950.xyz", "model": "18.xyz", "model_rescale": 3.9405287249114394, "target_rescale": 4.064664852314629},
{"mapping": [5, 11, 0, 6, 1, 2, 10, 9, 7, 4, 14, 13, 12, 15], "R": [[-0.732416403092722, 0.35838317919529783, -0.5789021587026524], [0.5255513591039762, 0.8381314839222729, -0.14605267749073536], [0.43285330243014575, -0.41121419300423034, -0.802210013679209]], "T": [-0.10770279525662135, 0.0902710642174229, 0.09696023680403049], "aligned_model": [[-0.21531963687072517, 0.2795133323114109, -0.6116893134948589, -0.33035905219656586, -0.033466312182365565, 0.2507709990114081, 0.6199004037511244, -0.33333652565184757, -0.6738968350731156, -0.6696783639587405, 0.5545706691051078, 0.01706148739979879, 0.006058048353049808, -0.08274077148490011], [-0.5166920101275093, -0.5086419320843355, 0.45619447462962603, 0.10093209908568677, 0.5734273153643824, -0.10863589048937697, -0.09001939386666619, -0.633105988922855, -0.21599261825737295, 0.44741896979003715, 0.08749931315503358, -0.18891966451430645, 0.5388771970622801, 0.07854408240511221], [-0.4609618765250802, 0.19981982708069687, -0.19419591563371602, -0.6161975221618601, -0.346400119495245, -0.6693672683824898, -0.13966810567431756, 0.21871780599197593, 0.38200832926317774, 0.3991089788882948, 0.4983641952729866, 0.6951376821623805, 0.3901326608902518, 0.06820746344671418]], "inverted": true, "swapped": false, "error_lsq": 0.04442666513421107, "error_max": 0.29155417443125364, "target": "950.xyz", "model": "19.xyz", "model_rescale": 4.410303926677745, "target_rescale": 4.064664852314629},
{"mapping": [5, 9, 0, 3, 6, 10, 11, 8, 1, 2, 12, 7, 4, 13], "R": [[-0.056539315329764916, -0.6292110574267027, -0.7751753034211117], [0.14276178748323876, -0.7735339234521749, 0.6174660649001497], [-0.9881408694394906, -0.0757543033804412, 0.1335623736787876]], "T": [-0.130651308267586, 0.055036682292176314, 0.02167065478491488], "aligned_model": [[-0.3350144854880067, 0.40800750757369675, -0.7167399763667557, -0.43697814019365355, 0.04300685858738876, 0.25125267622116865, 0.662522854287834, -0.07625012571389436, -0.7721357739685011, -0.3992411222727087, 0.35381102162354816, -0.28559584094205615, 0.19356826330415114, -0.11282558763343006], [-0.5977651128124252, -0.36926454847100953, 0.43896048042572267, 0.22381175184827, 0.5148875749713266, -0.3987479207850416, 0.2679828067128641, -0.6964905846513753, -0.20946607176067597, 0.47904713312285574, -0.05815877544382082, -0.18795992401398257, 0.6346721674791088, -0.02062302339208108], [-0.45911644058367507, 0.08226663219205922, -0.1275337783770949, -0.6136572476724552, -0.2863647664985749, -0.5469794077745619, -0.09085498870312562, 0.17432994793275036, 0.30742555769169405, 0.45373937287631955, 0.5901405102328197, 0.6726683553028912, 0.2540448545915861, 0.014597533913137898]], "inverted": true, "swapped": false, "error_lsq": 0.04823212500648459, "error_max": 0.27340599881152694, "target": "950.xyz", "model": "20.xyz", "model_rescale": 4.121658175737393, "target_rescale": 4.064664852314629},
{"mapping": [9, 8, 11, 12, 10, 2, 7, 4, 0, 5, 1, 6, 13], "R": [[-0.6636626587090506, -0.5821474367265348, -0.46974060644994214], [-0.37298138879087617, 0.8018669065386377, -0.46679154642493814], [0.6484109492064918, -0.1345876149981158, -0.7492992825555458]], "T": [0.08062730692119813, -0.0568411705408167, -0.08167394545998323], "aligned_model": [[0.35845839565977117, -0.40911929649441536, 0.2781742646326014, 0.5882886264387728, 0.6389675554794113, -0.3351584224246044, -0.3616437292064495, 0.1616525144492156, -0.671931352366876, -0.10210169329519267, 0.028362776394983122, 0.6613565876600632, 0.04577667773701413], [-0.4743124629953923, -0.08098584658146452, 0.399151276122386, -0.29768877788922843, 0.34682294110336653, -0.6599284080223542, 0.43128184045565787, -0.6386807846073478, 0.05571036786846, -0.014611116868219455, 0.4044877647995344, 0.1330381025233221, -0.06345799174553687], [0.7298815979537218, 0.5193799084194876, 0.4450242822784017, 0.2358529810498292, -0.0656687473520171, 0.3785042025424434, 0.23898144196835386, -0.21818077342944858, -0.2803377477185324, -0.7185942590579107, -0.31302432663250124, -0.6107158358592083, 0.029007015319170118]], "inverted": true, "swapped": true, "error_lsq": 0.05402579130408959, "error_max": 0.329540608984669, "target": "950.xyz", "model": "21.xyz", "model_rescale": 4.08911054899281, "target_rescale": 4.064664852314629},
{"mapping": [10, 7, 11, 9, 14, 12, 3, 6, 8, 1, 4, 0, 2, 16], "R": [[0.817572642948063, -0.5730195911205632, 0.0567760662158104], [-0.22907747689606237, -0.23320435475420903, 0.9450604417192624], [-0.5282977220108502, -0.7856616810788827, -0.32192738280930827]], "T": [-0.12796188407958087, 0.041849668881162726, -0.0036700818281120567], "aligned_model": [[-0.2687145101131515, 0.14588044274315293, -0.7944965878476803, -0.250698122374303, 0.20826214650153813, 0.32273603396839445, 0.6713758873901169, -0.4158951365375179, -0.764865418205089, -0.4979497115883933, 0.3915743319128546, 0.03513085247404846, 0.08967893329321469, -0.0946310125984045], [-0.6014564093311623, -0.6143536130335323, 0.4162334970988809, 0.0374123206052303, 0.3845157241571421, -0.19081779559401105, 0.37105385307087213, -0.5757478053404713, -0.07449863120390363, 0.37902745226955553, 0.15330046067784583, -0.2956968119805109, 0.6091055903859461, 0.022808121447854834], [-0.4700190897767391, 0.01060650229163003, -0.04189661842594837, -0.7054276876380227, -0.4295291685791757, -0.5400531013915575, -0.0871120107866568, 0.2983761572072729, 0.2444810401637626, 0.6122995043939992, 0.4479415069823533, 0.6742255817666795, 0.38633892256064967, 0.024474596355522876]], "inverted": false, "swapped": false, "error_lsq": 0.04697411654418824, "error_max": 0.31804178952058204, "target": "950.xyz", "model": "22.xyz", "model_rescale": 4.204369325754507, "target_rescale": 4.064664852314629},
{"mapping": [5, 11, 0, 6, 1, 2, 10, 9, 7, 4, 14, 13, 12, 15], "R": [[-0.732416403092722, 0.35838317919529783, -0.5789021587026524], [0.5255513591039762, 0.8381314839222729, -0.14605267749073536], [0.43285330243014575, -0.41121419300423034, -0.802210013679209]], "T": [-0.10770279525662135, 0.0902710642174229, 0.09696023680403049], "aligned_model": [[-0.21531963687072517, 0.2795133323114109, -0.6116893134948589, -0.33035905219656586, -0.033466312182365565, 0.2507709990114081, 0.6199004037511244, -0.33333652565184757, -0.6738968350731156, -0.6696783639587405, 0.5545706691051078, 0.01706148739979879, 0.006058048353049808, -0.08274077148490011], [-0.5166920101275093, -0.5086419320843355, 0.45619447462962603, 0.10093209908568677, 0.5734273153643824, -0.10863589048937697, -0.09001939386666619, -0.633105988922855, -0.21599261825737295, 0.44741896979003715, 0.08749931315503358, -0.18891966451430645, 0.5388771970622801, 0.07854408240511221], [-0.4609618765250802, 0.19981982708069687, -0.19419591563371602, -0.6161975221618601, -0.346400119495245, -0.6693672683824898, -0.13966810567431756, 0.21871780599197593, 0.38200832926317774, 0.3991089788882948, 0.4983641952729866, 0.6951376821623805, 0.3901326608902518, 0.06820746344671418]], "inverted": true, "swapped": false, "error_lsq": 0.04442666513421107, "error_max": 0.29155417443125364, "target": "950.xyz", "model": "23.xyz", "model_rescale": 4.410303926677745, "target_rescale": 4.064664852314629},
{"mapping": [13, 11, 12, 6, 5, 14, 9, 7, 0, 2, 10, 1, 4, 16], "R": [[0.5953575945437865, -0.4275667898933624, 0.680246995435718], [-0.7395142689903973, -0.6226056551013728, 0.25589225114369646], [0.31411459784389933, -0.6553997546658648, -0.6868647472430723]], "T": [0.019493945142616043, 0.0048414537628006776, 0.009511865465081811], "aligned_model": [[-0.29628493446985776, 0.3791222531363312, -0.7401062204988822, -0.23808877011013613, -0.26059901210913, 0.31494779524345246, 0.6334264754547384, -0.34879389086830004, -0.6569747178151365, -0.4911920355326048, 0.4938652283336648, -0.06454799924527066, 0.06628653899277795, -0.013672581492865807], [-0.3914435559796073, -0.5105509527109432, 0.08266022569891165, 0.09853147527088835, 0.5286185815511626, -0.2690965885252514, 0.04069086915262668, -0.5298914086613761, 0.0691038845021833, 0.6030108666348631, 0.07732089154282272, -0.4225888614400491, 0.6201868007996335, 0.02433372539387127], [-0.47775450324230945, 0.08540411836050879, -0.24174032233725667, -0.6995518936092563, -0.19738784244113527, -0.5343768745016667, -0.10974269951734028, 0.15218538218188798, 0.3391272460494595, 0.47242344862590474, 0.44940112773274005, 0.7488193974160507, 0.31454453589899406, 0.12335501450718839]], "inverted": false, "swapped": false, "error_lsq": 0.04584411279449697, "error_max": 0.2930431645760724, "target": "950.xyz", "model": "24.xyz", "model_rescale": 4.28219845311461, "target_rescale": 4.064664852314629},
{"mapping": [4, 1, 13, 7, 9, 3, 5, 0, 2, 14, 8, 6, 11, 15], "R": [[-0.7113126194088869, -0.7025077487252938, 0.022742481188024022], [0.14565152599929185, -0.115668648228612, 0.9825509639662685], [-0.687619073647427, 0.7022133769716191, 0.18459789478314526]], "T": [-0.1215268214392248, 0.09538037250223551, 0.01742270028996522], "aligned_model": [[-0.3695929862005304, 0.3449871238599169, -0.6428467761943615, -0.3762964046869516, 0.1259258425593289, 0.24898271694566168, 0.7169684476192908, -0.2728671537217894, -0.7019237696197543, -0.467614008726818, 0.3921324771139094, -0.14060479739211953, 0.059510064610120594, -0.13937264714712255], [-0.482938829830873, -0.33984063564592126, 0.29981161034748327, 0.13682794121955633, 0.5039440547662863, -0.2469663351528109, 0.24364256612459173, -0.6633567366025891, -0.13073700018780537, 0.4342637750632756, -0.04565407442850529, -0.29041980841760917, 0.5761885560197942, 0.026120869954863304], [-0.35494627148282604, -0.035726257880469264, -0.1809452172374576, -0.7166893921383148, -0.4608205228650819, -0.5704265648991589, 0.03241225074740126, 0.2762049932075114, 0.30165911720095884, 0.605237571791736, 0.4626299180185934, 0.8316655302840509, 0.19777293677635419, 0.036678043600472734]], "inverted": false, "swapped": false, "error_lsq": 0.03880105873418344, "error_max": 0.2365609528263514, "target": "950.xyz", "model": "25.xyz", "model_rescale": 4.100010024507729, "target_rescale": 4.064664852314629},
{"mapping": [6, 5, 0, 3, 11, 7, 1, 2, 4, 9, 12, 13], "R": [[0.8265420102169572, 0.08027545843641498, 0.5571213118516783], [0.5410452481622887, 0.1596656627970605, -0.825697835509203], [-0.15523641579062286, 0.9839017872208581, 0.08853772255983358]], "T": [-0.08992406715858557, 0.029680556862526387, -0.008415118668898876], "aligned_model": [[-0.7402609726937878, -0.02319813052937368, 0.47688743317834414, 0.5259521063945486, -0.4323090931597927, 0.07762142281392732, -0.30254502882944717, 0.6198901222377176, 0.11917142288361697, -0.030233253837328708, -0.36940593938083355, -0.0448044867145843], [-0.4499445837973851, -0.5492514154855949, -0.07529835017209471, -0.41684642756524587, 0.6584443285020458, 0.514172872235776, -0.042514791886434374, 0.3046586693986111, -0.2862655824157655, 0.6511222108751196, 0.2230718321132927, 0.1347826282483147], [0.005992913462129058, 0.3097454879451556, 0.5265464154241586, -0.13841908457672364, 0.1001829865700006, 0.5149235153747217, 0.45919489499551225, -0.4193978078389392, -0.4776630786575243, -0.729762518610153, -0.5570868166036265, -0.029064617630354613]], "inverted": true, "swapped": true, "error_lsq": 0.053328949303240204, "error_max": 0.30528672645790816, "target": "950.xyz", "model": "26.xyz", "model_rescale": 3.6694154284099745, "target_rescale": 4.064664852314629},
{"mapping": [8, 9, 0, 4, 2, 10, 11, 7, 5, 1, 12, 3, 6, 13], "R": [[0.43047173436858566, -0.2562190525137089, 0.8654743687935994], [-0.3920601696714118, -0.9167617368599943, -0.0763985679621715], [0.8130085542396991, -0.30643060382152437, -0.4950933000704517]], "T": [-0.11067653812229047, -0.056498041732610665, -0.004421796742441371], "aligned_model": [[-0.28971125166575995, 0.3487566704198255, -0.533503338063118, -0.34913756987840394, 0.12270410309737045, 0.18078354878593658, 0.69898298815732, -0.360133718626907, -0.8973762529888618, -0.6676687604297009, 0.5480399062666226, 0.09455920167558626, -0.025984309490333563, -0.09292308824079618], [-0.5612492014000214, -0.5502253907940062, 0.41910705777372603, 0.07627580519068744, 0.5470359538515629, -0.19367942314059292, 0.15034043048997173, -0.46412946666168253, -0.09610780333877472, 0.36638271654736876, 0.18123902543237805, -0.2814762007949191, 0.4326988159816616, -0.005326365907622983], [-0.35303337226864356, 0.09566799868074907, -0.18316918751642872, -0.7796882103035634, -0.21277207555527478, -0.5124798704181611, -0.19895911233638253, 0.4051343791643873, 0.06982862504429693, 0.5346312454170025, 0.36881612489048565, 0.743972711112938, 0.4696078358927197, -0.02285095668035473]], "inverted": false, "swapped": false, "error_lsq": 0.052566643376837974, "error_max": 0.2943057610247902, "target": "950.xyz", "model": "27.xyz", "model_rescale": 4.103607728864725, "target_rescale": 4.064664852314629},
