[{"mapping": [4, 6, 9, 5, 1, 2, 8, 10, 0, 11, 7, 12], "R": [[-0.6629574482222228, 0.08065955406250008, -0.7442993068551906], [0.5326455355097146, -0.6478105788459331, -0.5446376661936505], [-0.5260951960893085, -0.7575193002648419, 0.3865078969154657]], "T": [-0.02034064452893153, -0.06539088804042624, -0.02389876409625967], "aligned_model": [[-0.2261865793001006, 0.17679135713996028, 0.40907190698600926, 0.1346710327766834, -0.23370872497519274, -0.6257697111365736, 0.4128373169453994, -0.20422391698207343, 0.7136335235719617, -0.10001081117355905, -0.6042071921920671, -0.015255739199898803], [-0.38889700628141743, -0.6659801925919955, -0.29899986451255944, 0.6937115401105279, 0.3470266198679498, -0.4362488832212377, -0.18079686133261208, -0.5930130288126277, 0.1407115276375568, 0.37359739788337276, 0.0824436483860398, -0.01999986115594006], [-0.6453453371105164, 0.04011842377516113, -0.5391256704013309, -0.0999641645018514, -0.5856454388709517, 0.014127238967312036, 0.5615646641872122, 0.5791033708068328, -0.0465462052321456, 0.46838915741349035, 0.47350447755815595, -0.038228771237806186]], "inverted": true, "swapped": true, "error_lsq": 0.04405831052524867, "error_max": 0.2660008402312275, "target": "951.xyz", "model": "0.xyz", "model_rescale": 3.751011558992144, "target_rescale": 3.7572058217494715},
{"mapping": [10, 6, 0, 7, 1, 11, 8, 3, 5, 4, 2, 12, 14], "R": [[0.9145139279762258, -0.2762250436098207, -0.2955740191901975], [-0.3613350685808425, -0.8862864979973851, -0.2897122912152833], [-0.18193747209184932, 0.37174718391708617, -0.9103311416723826]], "T": [0.058641753455277834, 0.07654475593149453, -0.00017839885264032268], "aligned_model": [[0.3126563205099737, -0.5563028392734346, -0.2415812108187399, -0.587227589834789, -0.35120122340227156, -0.32690050467834614, 0.4922581509267676, -0.1178093826474643, 0.6682097329042695, 0.1878602398477131, 0.518190177463042, -0.31389509332447946, 0.04719795281942038], [-0.013737117942138374, -0.10530411698460905, -0.112745603415996, 0.13452765854131282, -0.4649313557621568, 0.4616468553337284, -0.3993994685587803, 0.4932751974924003, 0.2125779870441295, -0.6093374642108683, 0.13188329664171594, 0.7181522437286609, 0.12708401523731802], [0.7742759452521245, 0.39033393201925637, -0.6706557288796181, -0.13862621646000578, -0.15676033977017667, 0.5827319966249955, -0.16102667257067171, -0.6154885849842199, -0.0029865048246868822, 0.3718997283959787, -0.6853725274703275, -0.03930937726125891, 0.017671955182867512]], "inverted": true, "swapped": false, "error_lsq": 0.04100036827859092, "error_max": 0.2927934500478126, "target": "951.xyz", "model": "1.xyz", "model_rescale": 3.9405287249114394, "target_rescale": 3.7572058217494715},
{"mapping": [5, 10, 4, 3, 8, 11, 2, 7, 0, 9, 1, 6, 12], "R": [[0.5138124029326553, -0.6961379458849414, 0.5013868515344868], [-0.24127787626549008, -0.6781015680096142, -0.6942357307771748], [0.8232750457880926, 0.23573337430664648, -0.5163796812623603]], "T": [-0.007236237637100839, 0.0756718838010351, -0.07186469633985723], "aligned_model": [[0.4697784626966556, -0.7110623644895532, -0.19630203323674358, -0.5525558127131239, -0.4024602335797626, -0.08135633336084742, 0.5855175817874844, -0.3136225273005699, 0.6462068027370093, -0.2328562836169064, 0.5134594688219031, -0.04383118440356652, 0.05053918714968288], [-0.061381500899396174, -0.16516510056021474, -0.2509170017728132, 0.17028607411093544, -0.591027270805325, 0.26476475397782523, -0.2597529112585688, 0.5802249733834213, 0.5691040235906109, -0.46062371558471227, 0.15828153471153852, 0.6061870692793039, 0.013711198972111795], [0.4589362322429791, 0.3257701228548724, -0.6628719269527461, -0.214953461097258, -0.07184499755392304, 0.6110440727467528, -0.054465157886209675, -0.6014527196705051, 0.10832105416555557, 0.4865829126814474, -0.6628621237537755, 0.040251944876072254, -0.09576834739900489]], "inverted": true, "swapped": false, "error_lsq": 0.057186773702439624, "error_max": 0.39998129559351336, "target": "951.xyz", "model": "2.xyz", "model_rescale": 3.932901565614263, "target_rescale": 3.7572058217494715},
{"mapping": [3, 2, 5, 6, 4, 1, 7, 12, 8, 0, 9, 10, 13], "R": [[-0.538583205411018, 0.6916606737756523, 0.4811794293207099], [0.8220189637103259, 0.3059652879704357, 0.48028123621246205], [0.18496744078295377, 0.65421002354701, -0.7333459558358699]], "T": [0.0885341256955733, 0.10118257301690256, 0.06492803277694986], "aligned_model": [[0.4284409558115695, -0.6462015830057403, -0.1409144176267072, -0.5303569872845243, -0.32298534271605733, -0.3297697820686729, 0.4444027882553004, -0.15141408985410548, 0.8041528063258898, -0.05681632631415877, 0.44002136180813567, -0.23915512836350694, 0.032050475524239126], [0.01906070027600011, -0.22592479748858343, -0.06999082924866243, 0.19109915882559983, -0.6584645651058534, 0.2853420464243729, -0.4284399326782785, 0.5033272296385402, 0.2585714331436849, -0.35004674028582106, 0.16413981679733533, 0.7351972502107464, 0.14982135663563625], [0.43695601954574304, 0.2825608880595682, -0.5945056014720029, -0.20999206207339366, -0.06474215345678347, 0.6479166690432134, -0.2553843831801145, -0.5382587866784534, 0.02127741797227517, 0.538442216365917, -0.5771670129089426, 0.003360328757536099, -0.023775934720304884]], "inverted": false, "swapped": false, "error_lsq": 0.04780033091461993, "error_max": 0.3327700931663243, "target": "951.xyz", "model": "3.xyz", "model_rescale": 3.9243930471874484, "target_rescale": 3.7572058217494715},
{"mapping": [9, 5, 3, 0, 6, 1, 10, 2, 8, 11, 4, 7, 12], "R": [[0.3434299173385804, 0.7890789072084837, 0.5093234434772086], [0.3375465333911187, 0.4023670276392518, -0.8509777393471536], [-0.8764235446817107, 0.4641715774015242, -0.12816597465835716]], "T": [0.07247990478626466, -0.015470868442155832, 0.012232137488458722], "aligned_model": [[0.3602960691346675, -0.623090768905031, -0.19615416235841332, -0.7049548973062185, -0.29001582168028617, -0.2848657759823886, 0.5710182430029298, -0.31693857766111555, 0.647339204475635, 0.19315285569577817, 0.2939405614294628, 0.12491057847671434, -0.0431827778300726], [0.016231828873578658, -0.17191174578937984, -0.16632397338706983, 0.2707213122582717, -0.6262915019969335, 0.4734771792489295, -0.4367925042851623, 0.5787220156977629, 0.2245827496984235, -0.6389598126547321, 0.28555988915016967, 0.7751101294069042, -0.010433439076045325], [0.6555393629255395, 0.2678310216220774, -0.5861259902765625, -0.18015163927545488, -0.11819606749013523, 0.39090636565503, -0.25436741993362577, -0.576412536554756, 0.10304741645896585, 0.48428473704807895, -0.4489651413224971, -0.11085916686943093, 0.04015666326702841]], "inverted": false, "swapped": false, "error_lsq": 0.03995452807633483, "error_max": 0.3177016298420027, "target": "951.xyz", "model": "4.xyz", "model_rescale": 3.8936222436046832, "target_rescale": 3.7572058217494715},
{"mapping": [4, 1, 9, 6, 0, 5, 3, 11, 10, 2, 8, 12], "R": [[-0.4418764750215638, 0.08507069644311765, 0.8930331222464262], [-0.8096368010214701, -0.4665081397977644, -0.3561718769557053], [0.3863074310108955, -0.8804164537928132, 0.27501533891157726]], "T": [-0.062432188266783956, -0.03166694061338825, -0.032882785181873646], "aligned_model": [[-0.05492779831553617, -0.5932499649200573, -0.30204481312394715, 0.36506135825078856, -0.50197606104385, -0.7477391978216414, -0.2686306673401513, -0.12175401658006457, 0.7240023694189222, 0.4660915035547454, 0.16961905184203954, -0.1069037217061504], [-0.6087540253670359, -0.528401002734808, -0.04927723445161768, 0.12105952787957662, 0.5281073011701187, 0.08728705040223182, -0.4529060070209271, 0.25184406585287045, 0.18046835027294034, -0.49403573112722743, 0.6675588203802163, -0.03402821014653075], [-0.48025151593351056, 0.01870427443902769, -0.7012410168418238, -0.4773944640770202, -0.3070418155229158, 0.3167674862910255, 0.5452110740931323, 0.5650368400136424, 0.0781535190481634, 0.07848953154913924, -0.001823680834172968, -0.015325512949168667]], "inverted": true, "swapped": true, "error_lsq": 0.04968971001066524, "error_max": 0.21633968308657792, "target": "951.xyz", "model": "5.xyz", "model_rescale": 3.6523030999806103, "target_rescale": 3.7572058217494715},
{"mapping": [11, 6, 1, 8, 2, 9, 3, 5, 7, 4, 0, 5, 12], "R": [[0.82851255588871, -0.5598769354751906, -0.010235324013754127], [-0.504915424047992, -0.7390266891356412, -0.4459820257629773], [0.242130872243078, 0.374669681009982, -0.8949833913758873]], "T": [-0.12801421784837783, 0.0004572087307162867, 0.07815816606057782], "aligned_model": [[0.4581909473293717, -0.7523192091142944, -0.25754638348745923, -0.5988129820888681, -0.18351400067161094, -0.2401153415666348, 0.48808619085657357, -0.058045641066142545, 0.44964752027122223, 0.1011339703390656, 0.42913058520159475, -0.058045641066142545, -0.0463352844450137], [-0.003229699722331579, -0.17921702605652315, -0.2441700855663191, 0.4780139200637336, -0.733440603558755, 0.41903965870869686, -0.19004317805827634, 0.519645862030369, 0.3553726961762679, -0.46525977345356073, 0.057284607845524006, 0.519645862030369, 0.04004988670552293], [0.734602310040829, 0.0539732677520634, -0.5588298800935112, 0.014982112710346357, -0.10765197745268665, 0.65685061098463, -0.18024189581018799, -0.3571016075628364, 0.16277478842942938, 0.32255620672886787, -0.7425269414215492, -0.3571016075628364, 0.024402218511698673]], "inverted": false, "swapped": false, "error_lsq": 0.05475750699863818, "error_max": 0.3766001035190267, "target": "951.xyz", "model": "6.xyz", "model_rescale": 4.08911054899281, "target_rescale": 3.7572058217494715},
{"mapping": [13, 5, 8, 4, 10, 7, 11, 3, 1, 12, 9, 6, 14], "R": [[0.4514996037613119, -0.7171728990423567, 0.5308588707769328], [0.2806473748797803, -0.4506139602233193, -0.8474574383560187], [0.846985925961268, 0.5316108461375093, -0.0021793330389850707]], "T": [0.005355938545954796, 0.09637453848689692, 0.008901603371140238], "aligned_model": [[0.42168237097551625, -0.6614919880397874, -0.19143145192956507, -0.6380851165619151, -0.21342063767477812, -0.2742782745172167, 0.3686636182432932, -0.20024232649694393, 0.6975307515063823, 0.00688432892732686, 0.4401413897252434, -0.1522640245243979, 0.12776609085850393], [-0.03361540254839507, -0.13329466654770714, -0.1285482148907739, 0.17603468958807317, -0.5750781694512198, 0.3838951037801166, -0.3605142852197782, 0.6053162460447888, 0.33488265976426046, -0.4553015222788056, 0.1155408042308109, 0.5689118869433774, 0.07546299772996978], [0.5968381979472377, 0.29711528911558505, -0.6041509647238206, -0.26766187691948606, -0.13449633664784091, 0.6710387462316347, -0.05267108214787575, -0.5613256565745596, -0.03530205307643162, 0.46018101350645346, -0.6431348784364703, 0.040640664618992614, -0.10038345763916169]], "inverted": false, "swapped": false, "error_lsq": 0.03942215679936762, "error_max": 0.21384046885525812, "target": "951.xyz", "model": "7.xyz", "model_rescale": 3.964800864290218, "target_rescale": 3.7572058217494715},
{"mapping": [1, 3, 11, 6, 10, 0, 8, 4, 7, 5, 12, 2, 13], "R": [[-0.8500513059800581, 0.4787518834042687, -0.21956641669085686], [-0.45502247910402, -0.45756214181216004, 0.7639315609989551], [0.2652683937291231, 0.7492886763572063, 0.6067941650767883]], "T": [-0.03953854777951803, 0.0618814626277419, -0.023715332159046754], "aligned_model": [[0.4008810068372805, -0.6119712531362225, -0.3260599203923968, -0.5809292171114635, -0.22693440481789534, -0.3472702065250308, 0.5455668814007686, -0.25007692803817705, 0.6298574253226414, 0.014584158737877953, 0.4314776290215673, 0.05136606591142176, 0.0009634932812897581], [0.20690933721680244, -0.09691291297374262, -0.06304995565799511, 0.1827013412464527, -0.7230955430187652, 0.4296992301282465, -0.4354378140187904, 0.5487338407745888, 0.30189202537771126, -0.6596630516026387, 0.17413412200962974, 0.7125655020618124, -0.004783994398594574], [0.5662994326356279, 0.39229889814773705, -0.7914594094757176, -0.1934342859308827, -0.17807823695915448, 0.5084225152446341, 0.013470084697605966, -0.4860374572457248, 0.010301221528363512, 0.3952297353517862, -0.6035584479601674, 0.05968346752987988, -0.02644991230973045]], "inverted": true, "swapped": false, "error_lsq": 0.039205563808205876, "error_max": 0.24036377359052025, "target": "951.xyz", "model": "8.xyz", "model_rescale": 4.121658175737393, "target_rescale": 3.7572058217494715},
{"mapping": [2, 11, 5, 7, 10, 8, 0, 9, 1, 3, 4, 6, 12], "R": [[0.43532189455479314, 0.22518130830776306, 0.8716583198191997], [-0.37592287018855475, 0.9252310611746801, -0.05127844680540469], [-0.8180322999676878, -0.3053536667970107, 0.48742414218337154]], "T": [-0.08062754915984185, 0.046626520772482485, -0.009495585498215654], "aligned_model": [[0.3317924152135171, -0.5693305694562765, -0.1670452500285081, -0.7132181259294975, -0.2567790525599567, -0.3036402600128882, 0.533578631039896, -0.21615840701022584, 0.5837803363431231, -0.00852169485325252, 0.48971212220351035, 0.023685408430485763, 0.003599177111734936], [0.010099389281287535, -0.18880516377800705, -0.23068010584336696, 0.2281544937305301, -0.6839446029613069, 0.46726606840628265, -0.39273401189764756, 0.6323390894101336, 0.2281157637711142, -0.5418978963798845, 0.24483512616983677, 0.7291904756367525, 0.07175350159899305], [0.5481082097813613, 0.3203124714324262, -0.5547945146070928, -0.1581147885951979, -0.1177421171359199, 0.541758475250281, -0.2298074863536738, -0.5854834243847421, 0.014074142349037321, 0.5111998606698932, -0.6603057926510416, 0.04887653535393867, -0.011393965855012362]], "inverted": true, "swapped": false, "error_lsq": 0.03169550933107677, "error_max": 0.19232613474501253, "target": "951.xyz", "model": "9.xyz", "model_rescale": 3.833441315466971, "target_rescale": 3.7572058217494715},
{"mapping": [11, 0, 5, 1, 13, 12, 9, 4, 7, 8, 3, 6, 14], "R": [[0.01177115221630537, -0.9801544269914708, -0.19788567210518915], [-0.09392600402391194, -0.19810821005949353, 0.9756695356908116], [-0.9955095909852405, 0.007101855816998015, -0.09439395054956623]], "T": [-0.04993708678598448, 0.047423451198871536, 0.048086677646901665], "aligned_model": [[0.3295034818881109, -0.669525811991402, -0.43285686992761346, -0.7286818929339313, -0.41512115772412794, -0.25772551116620035, 0.5982780834721907, -0.030129503388152873, 0.5865656279295385, 0.3542927300496042, 0.5485649731405305, -0.17994424210821153, 0.028234823251325827], [0.12079027208705512, -0.20954099932189646, -0.1017062108986396, 0.3385401611963715, -0.6109221957211144, 0.421768368708518, -0.3990809988130604, 0.4913241874630087, 0.22776661737331472, -0.5315617260887475, 0.10542958598590746, 0.7015522205849647, 0.01933284458903513], [0.6102069899294333, 0.16599360904006394, -0.4890985651031766, 0.03522268910357106, -0.21441693171724635, 0.47200873503370006, -0.14777295499704496, -0.6140857893693084, 0.12717279119259958, 0.37813785858560234, -0.5786129492385933, -0.0801446004071405, 0.002076723201797033]], "inverted": true, "swapped": false, "error_lsq": 0.047250788573733576, "error_max": 0.31221481092946446, "target": "951.xyz", "model": "10.xyz", "model_rescale": 4.2482417240324, "target_rescale": 3.7572058217494715},
{"mapping": [4, 2, 10, 7, 9, 0, 6, 11, 3, 5, 1, 12], "R": [[0.2870125042275429, 0.9178787633217808, -0.274084655279922], [0.39421720424275514, 0.14759427208063725, 0.9070880479468424], [0.8730501808579282, -0.36839449872638674, -0.31948219827100494]], "T": [-0.01486316336730316, 0.11066511013959207, 0.02868328550405997], "aligned_model": [[-0.6831783551629093, -0.0339816386701136, 0.4211709761589502, 0.5532608512344616, -0.6114902970446542, -0.040565858154919573, -0.14685113564955493, 0.5892922168064185, 0.1341244176571839, 0.1211065474190126, -0.41044207131507043, -0.015680050915798216], [-0.18297265928045997, -0.5911054360863985, -0.2786048914872033, -0.38865960619836465, 0.4351769565109161, 0.8682516174650337, 0.06289602399751038, 0.1882177686066665, -0.2123075930073498, 0.5445833345092311, 0.08760583457444504, 0.1330500404466127], [0.047558276829977666, 0.1412824353396302, 0.6067428421415052, -0.16644516484496183, 0.23642154195252166, 0.11301149654162077, 0.6483315960388798, -0.2366227831557483, -0.6252616721903661, -0.6032014144003002, -0.5830021423102407, -0.013622722088161378]], "inverted": false, "swapped": true, "error_lsq": 0.04619406769655887, "error_max": 0.2851343184803943, "target": "951.xyz", "model": "11.xyz", "model_rescale": 3.6694154284099745, "target_rescale": 3.7572058217494715},
{"mapping": [3, 0, 7, 12, 6, 1, 11, 10, 8, 4, 9, 2, 13], "R": [[-0.7519521697811762, -0.43088968999048777, -0.4989008011832438], [0.46020693199465296, -0.8849909273839961, 0.07071519067416514], [-0.4719931292989868, -0.1764231660182869, 0.8637692703417007]], "T": [-0.11652021353562032, -0.01084016661042092, -0.10633725356724993], "aligned_model": [[0.3450176283351824, -0.6008751986691268, -0.22215593085179375, -0.6436352788135502, -0.19835105528653837, -0.30394112156582265, 0.4788173859473059, -0.09886143795228693, 0.5743576442606654, 0.10170189800109873, 0.45864963227616723, 0.018311617160520474, -0.17758105235016017], [0.19794313272681785, -0.3070546196828142, -0.09445608560439309, 0.415734585807289, -0.5666892719106036, 0.3511930788431527, -0.44194523122525675, 0.4736361718822544, 0.2861315186674893, -0.352016560316699, 0.07116905616828903, 0.5792327655718363, -0.03918641378264497], [0.5898245487764435, 0.3277078023806343, -0.837100410675923, -0.15052083449163994, -0.17106992637621604, 0.6354705561254284, -0.17525905572316708, -0.5168243208349904, -0.02211460185701916, 0.5130628014572283, -0.6605397461078062, 0.13850531938377367, -0.004454526802489367]], "inverted": true, "swapped": false, "error_lsq": 0.04227717662165099, "error_max": 0.2576467877354512, "target": "951.xyz", "model": "12.xyz", "model_rescale": 3.9764082729961374, "target_rescale": 3.7572058217494715},
{"mapping": [10, 3, 4, 14, 7, 11, 9, 6, 12, 2, 5, 13, 15], "R": [[0.3339668776303982, -0.8739132953362433, -0.3531878775954106], [0.6035397083244981, -0.08955589396774083, 0.7922875502815998], [-0.7240206800370984, -0.4777607079806656, 0.4975326730863318]], "T": [0.06203980762518553, 0.007571183462340592, -0.019720639844513818], "aligned_model": [[0.26936024206582115, -0.7183985934354115, -0.21117870956339735, -0.5624891483210527, -0.3017530146614163, -0.3397922219222142, 0.5909685496235884, -0.22137559299819332, 0.5825007247767944, 0.18351926632954985, 0.4337343227890568, 0.061464589720462634, -0.03510568391192656], [0.2123750682352382, -0.148122661322348, -0.26885824299053485, 0.5059598755866357, -0.646142941928254, 0.3707888218477387, -0.19662236322564985, 0.47949523463552385, 0.345691631936065, -0.6986401890010225, 0.015150783990939387, 0.6186487702776524, -0.016031660897267024], [0.7294258780033243, 0.2543574077254283, -0.6237091627780496, -0.00021847785140881315, -0.1262397632005996, 0.5609244031421308, -0.21981688642747332, -0.5494585055035696, 0.12863208507114698, 0.3306616548314973, -0.7711257522091021, 0.012904476296828934, -0.05964975184589606]], "inverted": false, "swapped": false, "error_lsq": 0.037544912804055496, "error_max": 0.23484531669861444, "target": "951.xyz", "model": "13.xyz", "model_rescale": 4.170626492500431, "target_rescale": 3.7572058217494715},
{"mapping": [11, 4, 0, 8, 2, 12, 3, 7, 9, 6, 1, 10, 13], "R": [[-0.6862866944157697, -0.5673367561935565, 0.45512589262713765], [0.6187140553796702, -0.12641583950640117, 0.7753785870125214], [-0.38236565058006733, 0.8137247941372223, 0.4377767338071051]], "T": [-0.051518288864323955, -0.010376098472453812, -0.01666737944919169], "aligned_model": [[0.45007574952448004, -0.7171915259570111, -0.19978924389072095, -0.6368905679574416, -0.23761736887696072, -0.3788447489003868, 0.5011564549143257, -0.19832952009363347, 0.6232313224671389, 0.13220841801056094, 0.39721064440123816, 0.006048005957645, -0.009812889107572526], [0.06367641338231926, -0.1817019795652845, -0.11065557222164225, 0.44249567403784595, -0.612996278984448, 0.3656001448911323, -0.4204924799283616, 0.5495505330719653, 0.4358559907696885, -0.5840989348709742, 0.10703437046941823, 0.5441790859579871, -0.024754839864928872], [0.4758560182406593, 0.1582317757212348, -0.5857176035665611, -0.0783337830870875, -0.20414595874423, 0.5192480748648615, -0.05943168326206362, -0.5844335571676803, -0.060214170404565975, 0.5703384733375022, -0.6295879257914941, 0.06983680597913841, 0.0750411391345434]], "inverted": false, "swapped": false, "error_lsq": 0.03672244014732961, "error_max": 0.20963944220607245, "target": "951.xyz", "model": "14.xyz", "model_rescale": 3.9786697098870705, "target_rescale": 3.7572058217494715},
{"mapping": [2, 4, 10, 7, 6, 8, 1, 0, 11, 3, 9, 12], "R": [[-0.3890138978136798, -0.8585346031288221, 0.3340456892975033], [-0.8827470780619642, 0.24368133807818443, -0.4017175645220038], [0.2634877292795104, -0.4511515717614888, -0.8526643394773034]], "T": [0.0022151497992952754, 0.028782904736305605, 0.030898200227918077], "aligned_model": [[0.014007312476808316, -0.6510545767221647, 0.5185471644443072, 0.5514350442020596, -0.04692258662833724, 0.5331273454713391, -0.46893174827596334, -0.029671315943700587, 0.5647902204540347, 0.072246680909336, -0.5696081151335814, -0.004610828486801092], [-0.36193707763622135, -0.10227870873309117, 0.15361284402561973, -0.49751255584013065, 0.4607365110152123, 0.5404722907381452, -0.40282645394031497, 0.60503512649369, -0.1615757269636292, -0.6804243544142329, 0.44835508186749384, 0.013017513611898492], [-0.5630082102999712, -0.26790962831362136, -0.5964999930500465, -0.14668495273899781, -0.4324249095433325, 0.036841564238273825, 0.3814797558464638, 0.5295221286547449, 0.3286872690518612, 0.24601054806062508, 0.06837352713141577, 0.07557939483641476]], "inverted": true, "swapped": true, "error_lsq": 0.04724561829638177, "error_max": 0.3124503073248756, "target": "951.xyz", "model": "15.xyz", "model_rescale": 3.769337070930944, "target_rescale": 3.7572058217494715},
{"mapping": [8, 0, 7, 11, 10, 6, 2, 9, 3, 5, 12], "R": [[0.1270370083304393, 0.7988162499306048, 0.5880086711616226], [0.4911769467356966, -0.5656878926681719, 0.662376339465746], [0.8617463695948189, 0.20466999520068413, -0.4642234241770889]], "T": [0.07274895771637269, -0.018114436353862208, 0.0778484687970504], "aligned_model": [[-0.2968798339648065, -0.4116438330830288, 0.0048052822787229554, -0.44776890233778477, 0.2950253062715047, 0.4165994687539071, 0.618374125149048, 0.28532442668742775, -0.03415575619259337, -0.5488952008454836, 0.041841047974257584], [-0.17386358600572835, -0.6070157533886251, 0.7379775291150933, 0.3778722443307365, 0.25671743271856784, -0.3217625743727558, 0.42219966254665797, -0.6712423538353818, 0.5732338205966684, 0.018429386175456773, -0.016481310255348144], [-0.5408969308456795, 0.06147608980098099, -0.10619983239079658, -0.039032472253754155, -0.6643579880826755, -0.36173243786698084, -0.04023055205513254, 0.258576584112884, 0.5172017379520054, 0.5450466610297526, 0.11436674782317327]], "inverted": true, "swapped": true, "error_lsq": 0.049022914364069754, "error_max": 0.20840393323087694, "target": "951.xyz", "model": "16.xyz", "model_rescale": 3.7852294659196426, "target_rescale": 3.7572058217494715},
{"mapping": [10, 5, 2, 1, 7, 4, 11, 3, 9, 6, 8, 0, 12], "R": [[0.7577553160471067, 0.5732895535650147, -0.3116824807004326], [-0.04815380198251479, -0.427216504738643, -0.9028661414814079], [-0.650759627171952, 0.6991603148435437, -0.2961195059277567]], "T": [-0.04842698087961316, 0.07899555967704339, -0.07784038517724756], "aligned_model": [[0.3537261152272254, -0.5260481789729278, -0.21729872136165293, -0.7204978327286387, -0.2482379209061678, -0.36588621102234875, 0.42509402337022434, -0.3418106484471207, 0.7749680593106798, 0.030087383934854557, 0.43826935172118003, 0.09547674833559638, 0.033612562030757666], [-0.007157084161061034, -0.0965430329201589, -0.1804030361044532, 0.07901863974662465, -0.5928058964247165, 0.4418157274552955, -0.44082808456872824, 0.6190700386456578, 0.3106555348720963, -0.5912152334359506, 0.23386300795771062, 0.7352526403458245, 0.06296890573657656], [0.6150562048926767, 0.3384205957004739, -0.6053645313577074, -0.22808992364344383, -0.09145644193686323, 0.4411662122183315, -0.28639088709595334, -0.5825590711142492, 0.04712380647177883, 0.49839413584229075, -0.4820045406245636, 0.042015847571683584, -0.03962380167019733]], "inverted": false, "swapped": false, "error_lsq": 0.04188881984648966, "error_max": 0.27904805491642, "target": "951.xyz", "model": "17.xyz", "model_rescale": 3.901054581598922, "target_rescale": 3.7572058217494715},
{"mapping": [10, 6, 0, 7, 1, 11, 8, 3, 5, 4, 2, 12, 14], "R": [[0.9145139279762258, -0.2762250436098207, -0.2955740191901975], [-0.3613350685808425, -0.8862864979973851, -0.2897122912152833], [-0.18193747209184932, 0.37174718391708617, -0.9103311416723826]], "T": [0.058641753455277834, 0.07654475593149453, -0.00017839885264032268], "aligned_model": [[0.3126563205099737, -0.5563028392734346, -0.2415812108187399, -0.587227589834789, -0.35120122340227156, -0.32690050467834614, 0.4922581509267676, -0.1178093826474643, 0.6682097329042695, 0.1878602398477131, 0.518190177463042, -0.31389509332447946, 0.04719795281942038], [-0.013737117942138374, -0.10530411698460905, -0.112745603415996, 0.13452765854131282, -0.4649313557621568, 0.4616468553337284, -0.3993994685587803, 0.4932751974924003, 0.2125779870441295, -0.6093374642108683, 0.13188329664171594, 0.7181522437286609, 0.12708401523731802], [0.7742759452521245, 0.39033393201925637, -0.6706557288796181, -0.13862621646000578, -0.15676033977017667, 0.5827319966249955, -0.16102667257067171, -0.6154885849842199, -0.0029865048246868822, 0.3718997283959787, -0.6853725274703275, -0.03930937726125891, 0.017671955182867512]], "inverted": true, "swapped": false, "error_lsq": 0.04100036827859092, "error_max": 0.2927934500478126, "target": "951.xyz", "model": "18.xyz", "model_rescale": 3.9405287249114394, "target_rescale": 3.7572058217494715},
{"mapping": [5, 7, 12, 13, 4, 9, 1, 14, 2, 0, 3, 11, 15], "R": [[-0.5373518145656891, 0.6876360380862052, 0.4882721643797324], [-0.8389674056248522, -0.3768496831671856, -0.39257866548743686], [-0.0859460277270926, -0.6205972892479463, 0.7794050839557277]], "T": [-0.031063062572768238, -0.0067993850232434955, -0.036993309902702415], "aligned_model": [[0.30143219900031637, -0.5601194429854973, -0.15647159224938428, -0.591211407950208, -0.42644123603540995, -0.3831631789065101, 0.5051731807648846, -0.1591191240399552, 0.7478582750275026, 0.13439549756775027, 0.4371133336974673, -0.11931851884189174, 0.001326745442596644], [0.28212338669814374, -0.16227943856587157, -0.20888139822629986, 0.3404978515500847, -0.6214847627625302, 0.3527003323692552, -0.33960043922633, 0.5060042327853019, 0.30384658780700097, -0.6499761654713546, 0.058049686481029636, 0.6967184633046808, 0.015973790401606493], [0.6681543170316473, 0.40067191402570845, -0.530526108036263, -0.16717896967908977, -0.059421304885178675, 0.5424851696191987, -0.2299015099147148, -0.6030083775114765, 0.19127388530590075, 0.1408306252820189, -0.7455369251970712, 0.09140767694160809, -0.03256278772803114]], "inverted": true, "swapped": false, "error_lsq": 0.0408867712404445, "error_max": 0.2613257359646161, "target": "951.xyz", "model": "19.xyz", "model_rescale": 4.410303926677745, "target_rescale": 3.7572058217494715},
{"mapping": [1, 3, 11, 6, 10, 0, 8, 4, 7, 5, 12, 2, 13], "R": [[-0.8500513059800581, 0.4787518834042687, -0.21956641669085686], [-0.45502247910402, -0.45756214181216004, 0.7639315609989551], [0.2652683937291231, 0.7492886763572063, 0.6067941650767883]], "T": [-0.03953854777951803, 0.0618814626277419, -0.023715332159046754], "aligned_model": [[0.4008810068372805, -0.6119712531362225, -0.3260599203923968, -0.5809292171114635, -0.22693440481789534, -0.3472702065250308, 0.5455668814007686, -0.25007692803817705, 0.6298574253226414, 0.014584158737877953, 0.4314776290215673, 0.05136606591142176, 0.0009634932812897581], [0.20690933721680244, -0.09691291297374262, -0.06304995565799511, 0.1827013412464527, -0.7230955430187652, 0.4296992301282465, -0.4354378140187904, 0.5487338407745888, 0.30189202537771126, -0.6596630516026387, 0.17413412200962974, 0.7125655020618124, -0.004783994398594574], [0.5662994326356279, 0.39229889814773705, -0.7914594094757176, -0.1934342859308827, -0.17807823695915448, 0.5084225152446341, 0.013470084697605966, -0.4860374572457248, 0.010301221528363512, 0.3952297353517862, -0.6035584479601674, 0.05968346752987988, -0.02644991230973045]], "inverted": true, "swapped": false, "error_lsq": 0.039205563808205876, "error_max": 0.24036377359052025, "target": "951.xyz", "model": "20.xyz", "model_rescale": 4.121658175737393, "target_rescale": 3.7572058217494715},
{"mapping": [11, 6, 1, 8, 2, 9, 3, 5, 7, 4, 0, 5, 12], "R": [[0.82851255588871, -0.5598769354751906, -0.010235324013754127], [-0.504915424047992, -0.7390266891356412, -0.4459820257629773], [0.242130872243078, 0.374669681009982, -0.8949833913758873]], "T": [-0.12801421784837783, 0.0004572087307162867, 0.07815816606057782], "aligned_model": [[0.4581909473293717, -0.7523192091142944, -0.25754638348745923, -0.5988129820888681, -0.18351400067161094, -0.2401153415666348, 0.48808619085657357, -0.058045641066142545, 0.44964752027122223, 0.1011339703390656, 0.42913058520159475, -0.058045641066142545, -0.0463352844450137], [-0.003229699722331579, -0.17921702605652315, -0.2441700855663191, 0.4780139200637336, -0.733440603558755, 0.41903965870869686, -0.19004317805827634, 0.519645862030369, 0.3553726961762679, -0.46525977345356073, 0.057284607845524006, 0.519645862030369, 0.04004988670552293], [0.734602310040829, 0.0539732677520634, -0.5588298800935112, 0.014982112710346357, -0.10765197745268665, 0.65685061098463, -0.18024189581018799, -0.3571016075628364, 0.16277478842942938, 0.32255620672886787, -0.7425269414215492, -0.3571016075628364, 0.024402218511698673]], "inverted": false, "swapped": false, "error_lsq": 0.05475750699863818, "error_max": 0.3766001035190267, "target": "951.xyz", "model": "21.xyz", "model_rescale": 4.08911054899281, "target_rescale": 3.7572058217494715},
{"mapping": [3, 7, 8, 10, 0, 12, 1, 5, 15, 4, 11, 9, 16], "R": [[0.3499302293711804, 0.3195351578302674, -0.8805941843338618], [-0.35041434672086225, -0.8271344364966208, -0.4393841253090618], [-0.8687684502699351, 0.4623266235809962, -0.17746963949862377]], "T": [0.007586772157689114, 0.020957714752653577, -0.00033137491066590266], "aligned_model": [[0.27739492169405366, -0.6523521952801766, -0.03565787755678192, -0.690911902560316, -0.23084957366898007, -0.3276756162155755, 0.4538433716622199, -0.22439101083190546, 0.7025489380793456, 0.15888057331051755, 0.40656096828495814, -0.09725423641194068, -0.008681630013757376], [0.01929064821062838, -0.13072356336759836, -0.1343580751008983, 0.40778518729010244, -0.7154198780225112, 0.43838426123226437, -0.47244754982186193, 0.48373584282670384, 0.23540808933858154, -0.4886096050232563, 0.21980670822388418, 0.7254860569381034, -0.01464599557942491], [0.8251864060167863, 0.21708421131599848, -0.6746969462095819, -0.11694834246863528, 0.03090238929976907, 0.5079241860726299, -0.4332339893112316, -0.479655655876776, -0.05078573717606834, 0.45104819730863943, -0.6225626011268737, -0.014323856536283704, 0.026749343945884217]], "inverted": true, "swapped": false, "error_lsq": 0.03606558902538525, "error_max": 0.25770309289945026, "target": "951.xyz", "model": "22.xyz", "model_rescale": 4.204369325754507, "target_rescale": 3.7572058217494715},
{"mapping": [5, 7, 12, 13, 4, 9, 1, 14, 2, 0, 3, 11, 15], "R": [[-0.5373518145656891, 0.6876360380862052, 0.4882721643797324], [-0.8389674056248522, -0.3768496831671856, -0.39257866548743686], [-0.0859460277270926, -0.6205972892479463, 0.7794050839557277]], "T": [-0.031063062572768238, -0.0067993850232434955, -0.036993309902702415], "aligned_model": [[0.30143219900031637, -0.5601194429854973, -0.15647159224938428, -0.591211407950208, -0.42644123603540995, -0.3831631789065101, 0.5051731807648846, -0.1591191240399552, 0.7478582750275026, 0.13439549756775027, 0.4371133336974673, -0.11931851884189174, 0.001326745442596644], [0.28212338669814374, -0.16227943856587157, -0.20888139822629986, 0.3404978515500847, -0.6214847627625302, 0.3527003323692552, -0.33960043922633, 0.5060042327853019, 0.30384658780700097, -0.6499761654713546, 0.058049686481029636, 0.6967184633046808, 0.015973790401606493], [0.6681543170316473, 0.40067191402570845, -0.530526108036263, -0.16717896967908977, -0.059421304885178675, 0.5424851696191987, -0.2299015099147148, -0.6030083775114765, 0.19127388530590075, 0.1408306252820189, -0.7455369251970712, 0.09140767694160809, -0.03256278772803114]], "inverted": true, "swapped": false, "error_lsq": 0.0408867712404445, "error_max": 0.2613257359646161, "target": "951.xyz", "model": "23.xyz", "model_rescale": 4.410303926677745, "target_rescale": 3.7572058217494715},
{"mapping": [0, 13, 9, 6, 11, 12, 10, 15, 4, 1, 8, 5, 16], "R": [[-0.05855682721873223, -0.9415198293661102, -0.3318305424406954], [-0.9655097314762555, -0.031059959621326128, 0.2585077123278352], [-0.25369678045005767, 0.3355230093730268, -0.9072277849418762]], "T": [-0.056344735793860526, -0.028698313373497396, -0.002364311363098521], "aligned_model": [[0.15507140040237483, -0.7197632764382575, -0.04823534918056459, -0.6280052065420937, -0.22323003782694312, -0.329494203105755, 0.4140876966969041, -0.26260146860149963, 0.5375475478099555, 0.3100631786035598, 0.46424207179667515, 0.018107798190943686, 0.043664578686361935], [0.13180678707273183, 0.0006456172968831615, -0.18191227880203886, 0.472067104809497, -0.6144064396035455, 0.4421885079360148, -0.3562754352850646, 0.37125696286321164, 0.3047578557727046, -0.6784520138255512, 0.1413967057137953, 0.5933638570626225, -0.052745103866543144], [0.7046909489757014, 0.22828996995681836, -0.6097189872114054, -0.020705300859759596, -0.1750396525215152, 0.5891006536246423, -0.310861478184078, -0.5562669454213643, -0.1022808351483782, 0.4217827369422417, -0.6153600107761058, 0.05329096442885112, 0.05976554144860857]], "inverted": false, "swapped": false, "error_lsq": 0.04127312473074034, "error_max": 0.22582808505040736, "target": "951.xyz", "model": "24.xyz", "model_rescale": 4.28219845311461, "target_rescale": 3.7572058217494715},
{"mapping": [4, 9, 10, 5, 12, 3, 2, 8, 0, 13, 6, 1, 15], "R": [[-0.14714016098340213, -0.7631533138674974, 0.6292430313947351], [0.6037398080178283, 0.4346175059770133, 0.668285768001172], [-0.7834845354187753, 0.47823074245742275, 0.39679634540687]], "T": [-0.06025215244515095, -0.067262685935955, 0.032657462912297514], "aligned_model": [[0.37984096927479283, -0.6546167022808467, -0.17724337621882802, -0.706345700770453, -0.3771155304153091, -0.2556944914907918, 0.5654239958260311, -0.15829741371108091, 0.6411431809729393, 0.07801200219793722, 0.47594713845136805, -0.08462196700810906, 0.005022625664011793], [0.16075201657752758, -0.1664482115611608, -0.08678542423271748, 0.4329566814616753, -0.7547392170104247, 0.44491910140743907, -0.33172211893530545, 0.3942978957516261, 0.34714817545188237, -0.5816627801014559, 0.17594273926110224, 0.5713095198301555, -0.03227625075562613], [0.5702222614977283, 0.3388709460967122, -0.7519677565888421, -0.20739334880654794, -0.07408296596157521, 0.579939340633385, -0.05319467841288571, -0.47655272267351856, -0.010498026413197886, 0.29570123037383667, -0.6496464111480879, 0.07150394290524123, 0.033785793752009144]], "inverted": true, "swapped": false, "error_lsq": 0.03207570058084465, "error_max": 0.17401243601676514, "target": "951.xyz", "model": "25.xyz", "model_rescale": 4.100010024507729, "target_rescale": 3.7572058217494715},
{"mapping": [4, 2, 10, 7, 9, 0, 6, 11, 3, 5, 1, 12], "R": [[0.2870125042275429, 0.9178787633217808, -0.274084655279922], [0.39421720424275514, 0.14759427208063725, 0.9070880479468424], [0.8730501808579282, -0.36839449872638674, -0.31948219827100494]], "T": [-0.01486316336730316, 0.11066511013959207, 0.02868328550405997], "aligned_model": [[-0.6831783551629093, -0.0339816386701136, 0.4211709761589502, 0.5532608512344616, -0.6114902970446542, -0.040565858154919573, -0.14685113564955493, 0.5892922168064185, 0.1341244176571839, 0.1211065474190126, -0.41044207131507043, -0.015680050915798216], [-0.18297265928045997, -0.5911054360863985, -0.2786048914872033, -0.38865960619836465, 0.4351769565109161, 0.8682516174650337, 0.06289602399751038, 0.1882177686066665, -0.2123075930073498, 0.5445833345092311, 0.08760583457444504, 0.1330500404466127], [0.047558276829977666, 0.1412824353396302, 0.6067428421415052, -0.16644516484496183, 0.23642154195252166, 0.11301149654162077, 0.6483315960388798, -0.2366227831557483, -0.6252616721903661, -0.6032014144003002, -0.5830021423102407, -0.013622722088161378]], "inverted": false, "swapped": true, "error_lsq": 0.04619406769655887, "error_max": 0.2851343184803943, "target": "951.xyz", "model": "26.xyz", "model_rescale": 3.6694154284099745, "target_rescale": 3.7572058217494715},
{"mapping": [3, 5, 10, 0, 8, 1, 9, 2, 12, 7, 11, 6, 13], "R": [[0.8299906366673608, -0.11947012546211769, 0.544832480829268], [-0.08097546318375087, -0.9922525050478013, -0.09422282413799848], [0.5518682065554111, 0.034085999302192097, -0.833234437145324]], "T": [-0.08745004010771622, -0.039067840483798445, -0.07720211872651604], "aligned_model": [[0.4774029087856542, -0.7205757024696583, -0.026020516793693896, -0.6522584100750225, -0.26530940037686324, -0.43696751607112416, 0.47874619778958377, -0.13430635845763605, 0.5822991939360631, -0.01599262180540438, 0.469220472439613, 0.0687248713246368, -0.09350838773448705], [-0.010999250563743141, -0.16391995988216798, -0.27375859948074865, 0.3028956125831826, -0.6418630438488809, 0.4388703297973318, -0.41558406338948367, 0.5062609123482725, 0.38356585697648504, -0.3434603701511964, 0.21331642095751221, 0.5716974320396228, 0.006670849758531029], [0.49984599081020664, 0.3805558344120802, -0.6276904303185825, -0.1086002892866381, -0.19279270309543362, 0.5778240586742369, -0.12741057966820557, -0.48037786572599994, -0.12769503532151827, 0.4690281898162215, -0.6793612291634582, 0.1943961337032062, -0.11103446958185838]], "inverted": false, "swapped": false, "error_lsq": 0.04553795876532286, "error_max": 0.2897175629829253, "target": "951.xyz", "model": "27.xyz", "model_rescale": 4.103607728864725, "target_rescale": 3.7572058217494715},
{"mapping": [13, 7, 0, 6, 1, 11, 2, 9, 12, 4, 3, 10, 14], "R": [[-0.3656222634243423, 0.8051017190071788, 0.46704558935948276], [0.4948467779233515, 0.5931357808804121, -0.6350721311931906], [-0.7883191148686794, -0.0010805050067224653, -0.6152656382747149]], "T": [-0.07112163257997167, 0.16717392699220948, 0.02300538509956651], "aligned_model": [[0.24864785433964848, -0.6637430578779031, -0.08877987500197665, -0.6133243015564434, -0.2516488369599508, -0.3508892294231295, 0.43975993179787426, -0.44795638957554984, 0.7864787767741799, 0.2820808608359607, 0.4299859239969895, 0.02211692575917018, -0.06127385261720807], [0.10988285008993359, -0.1917316878695771, -0.1952550940838054, 0.4946335821754527, -0.666910413614703, 0.4339090975223837, -0.34310485608340624, 0.5271130477727091, 0.16684861186444838, -0.5584295761609973, 0.11626967252685264, 0.6500887754335708, 0.03037811757185513], [0.5836636952103161, 0.22317494188059786, -0.5918320992311256, 0.030333606843718552, -0.2500771542689364, 0.5910227035134777, -0.11819056722837662, -0.6083133310057267, 0.06560877898309483, 0.43574845529103556, -0.5336191078807574, -0.11069239610658438, -0.05013992074647619]], "inverted": true, "swapped": false, "error_lsq": 0.04265629266739771, "error_max": 0.25168772309769427, "target": "951.xyz", "model": "28.xyz", "model_rescale": 4.137296879288765, "target_rescale": 3.7572058217494715},
