[{"mapping": [6, 9, 1, 8, 3, 10, 7, 0, 4, 5, 2, 11], "R": [[0.5520915224270859, -0.3511107728416122, -0.7562513973928965], [-0.35735271905990096, -0.9191262497794391, 0.1658492422258236], [-0.7533219663892977, 0.1786845325173677, -0.6329121999096018]], "T": [0.017261360228938507, -0.12883780617793889, 0.03999723099425992], "aligned_model": [[-0.08367714385426386, -0.38091270287024875, 0.3930451820346425, 0.31053713347800205, -0.25793125872348593, -0.6163029093676448, -0.46093286411044415, 0.34859299154949824, 0.3266174201275253, -0.12559279581688196, 0.8213978383660864, 0.03736497294524778], [0.03333233030109853, -0.44664810555057183, 0.4126219012016192, -0.4978522307263002, -0.7126026072182832, -0.024906039858327594, 0.6262673031178296, 0.16847187232811595, -0.5803739939841819, 0.6035157166219969, -0.09129353971709783, -0.07848840365797302], [-0.6590498008160272, -0.2913793727600291, -0.2197881882896123, -0.3853510568730073, 0.27983091154675954, 0.26260866422512136, -0.2726525212683867, 0.4696688488078926, 0.633935246319903, 0.4032290306386045, 0.013441663376055818, 0.08350629108221685]], "inverted": false, "swapped": false, "error_lsq": 0.06512368762607099, "error_max": 0.4247207155296975, "target": "953.xyz", "model": "0.xyz", "model_rescale": 3.751011558992144, "target_rescale": 3.8971135434630457},
{"mapping": [5, 9, 8, 4, 11, 13, 2, 7, 6, 0, 1, 14], "R": [[-0.011290328950208706, -0.9581508700578989, -0.2860409737773373], [-0.39150460208368243, 0.26745759540611386, -0.8804490792810662], [0.9201068823889393, 0.10204579788933388, -0.3781401593505187]], "T": [0.0005045721946383627, -0.08147878422194937, 0.021630760206419568], "aligned_model": [[-0.33367983565333137, -0.5115383197306548, 0.28403233552822316, 0.6336796404938705, -0.17470774372467116, -0.689137155423892, -0.2712677144367514, 0.15212185555121452, 0.4157459884104003, 0.2165962800867683, 0.6316165461114586, -0.04125601345460179], [0.004203029838362987, -0.44025772902046856, 0.2252446064748415, -0.31161669198148784, -0.7757701849814647, 0.1333680453187328, 0.654704486455689, -0.06701492057379088, -0.5376852310163223, 0.5489797948360267, 0.08674662206822484, -0.10885762456041899], [-0.4990087074545099, -0.18640617625520373, -0.49407363298641643, -0.3927360413186699, 0.37375443749645637, -0.05411437603495559, -0.23896877582852666, 0.666983392364361, 0.4496214019645333, 0.3840267761502287, 0.26470161097457917, 0.0442198069176147]], "inverted": false, "swapped": false, "error_lsq": 0.04690304329274784, "error_max": 0.26292063815583544, "target": "953.xyz", "model": "1.xyz", "model_rescale": 3.9405287249114394, "target_rescale": 3.8971135434630457},
{"mapping": [10, 3, 9, 11, 6, 4, 8, 1, 0, 2, 5, 12], "R": [[0.9527293689083155, -0.27512988222886764, -0.128880943216182], [0.2562389604479202, 0.4997199518935222, 0.8274186152293803], [-0.16324320741804987, -0.8213303340217417, 0.5465968694088927]], "T": [-0.05129419088337772, -0.116218869232533, 0.09214536881984574], "aligned_model": [[-0.18371298558010496, -0.4955545478747898, 0.22383595972135206, 0.44854776825269876, 0.038769456101240246, -0.6474810752681982, -0.3256876023866597, -0.19106117178869086, 0.5159257274856562, 0.312290319830388, 0.653663589025758, -0.037329573760616845], [-0.06035516643879407, -0.3027060143180712, 0.30689977594453216, -0.38259925439220177, -0.6518426075452368, 0.22290261305390002, 0.45537579072062073, -0.035123502836455434, -0.48531761134785767, 0.32688852067053453, 0.0598908308674268, -0.041969171520472776], [-0.7390174484630314, -0.21551509092855908, -0.5368658547857456, -0.3400742458743256, 0.11089220421086597, 0.23793131129093448, -0.3535872534397232, 0.867461475292532, 0.5870773551070432, 0.4604275596788843, 0.10195263413867213, 0.1373170697619437]], "inverted": true, "swapped": false, "error_lsq": 0.05566956627843253, "error_max": 0.3463758025868393, "target": "953.xyz", "model": "2.xyz", "model_rescale": 3.932901565614263, "target_rescale": 3.8971135434630457},
{"mapping": [2, 6, 0, 1, 10, 5, 4, 9, 11, 7, 3, 13], "R": [[-0.10353172200478149, 0.9616497063130712, -0.2539902062810857], [-0.9691332161556568, -0.1549784334241193, -0.19173548059031376], [-0.22374537287398233, 0.22629964101029776, 0.9480118567803322]], "T": [0.12614532012077342, -0.052253373539906306, 0.1193047670311757], "aligned_model": [[-0.16894433153287272, -0.45543825642849245, 0.3768347051240405, 0.35595749057078874, -0.06381041614666857, -0.5512003218114857, -0.28966666123283713, -0.16919755391706168, 0.5950236869431471, 0.038002456261761824, 0.618706136149591, 0.02593892977812172], [-0.013465987905747268, -0.29752642632759596, 0.2569787401455945, -0.4412010702341572, -0.7428470821406302, 0.126337773057978, 0.5443317130115504, 0.09208408685744149, -0.6943952257478726, 0.603179341826096, 0.08214940292133241, -0.10358106260606491], [-0.6589095282505908, -0.14202631368087792, -0.4196578116839778, -0.467785240089916, 0.1312457971971485, 0.2808837550429081, -0.36485743224190975, 0.7763681001049068, 0.5261408730202264, 0.388342568326501, 0.12158824546429153, 0.1466667027807812]], "inverted": false, "swapped": false, "error_lsq": 0.046710892303628564, "error_max": 0.2325392255946856, "target": "953.xyz", "model": "3.xyz", "model_rescale": 3.9243930471874484, "target_rescale": 3.8971135434630457},
{"mapping": [6, 3, 5, 0, 4, 10, 11, 8, 7, 9, 1, 12], "R": [[-0.3782135756717402, 0.07892670607435864, -0.9223475842901355], [-0.8611033999953581, 0.33572038233009505, 0.38182818047463324], [0.3397873242103525, 0.9386492422392865, -0.05900995127588435]], "T": [-0.025039036831635497, -0.03747739938373493, 0.0737922938070201], "aligned_model": [[-0.3145195178890488, -0.275611913452031, 0.3652670683271226, 0.49636440946219645, -0.16093266479403137, -0.7128857142036662, -0.2898937208752026, -0.12439880937965528, 0.43162573838428414, 0.15499208649489207, 0.6880315805644612, 0.05416732111871175], [0.08432673904315849, -0.5244916603518884, 0.14408009935077595, -0.46798113677101316, -0.5432425821151312, 0.016860598381070374, 0.6885759287652642, 0.019499064610887754, -0.5148302148874013, 0.5486562129000783, -0.004641496199091655, -0.0347673498687846], [-0.5765009613368121, -0.3173390313006694, -0.5493618754833343, -0.4420830124919851, 0.3532592350647862, 0.21885107481003951, -0.09600948006905549, 0.6928380813430494, 0.5282263721064944, 0.42268135205016955, 0.09853897137963297, -0.015101010082823593]], "inverted": false, "swapped": false, "error_lsq": 0.04350879278027475, "error_max": 0.23784165819642175, "target": "953.xyz", "model": "4.xyz", "model_rescale": 3.8936222436046832, "target_rescale": 3.8971135434630457},
{"mapping": [5, 4, 6, 1, 2, 10, 7, 3, 0, 8, 9, 11], "R": [[-0.20736693103493142, 0.9716354303410389, -0.11368177698795034], [-0.5812928385906849, -0.21585161984037637, -0.7845423596055662], [-0.7868275489053099, -0.09660573853695098, 0.6095652053434418]], "T": [0.019621199657694287, 0.028956196141112875, 0.07358873877949054], "aligned_model": [[-0.12129574961927603, -0.5608521383308832, 0.37042412502019034, 0.43509602147717547, -0.2503124084750237, -0.5629557082805366, -0.28283201172571215, 0.08954599377923603, 0.5449283507191176, 0.06389058432432883, 0.6029943699653533, -0.016425565095936935], [-0.07545721200166002, -0.387142056909657, 0.35269522213659543, -0.5430185277434886, -0.6314004834089877, 0.07094956320838737, 0.5289652735643504, -0.08665702744031915, -0.5587147774250083, 0.5878864573983988, 0.19590046434703146, -0.041962692867718046], [-0.7178726378228966, -0.2735964374584169, -0.5641721715249326, -0.3050065000075979, 0.2931869352614752, 0.3150594470331991, -0.20616205175787758, 0.6321817373225787, 0.4753517694936158, 0.5547332191208152, 0.1912377901978466, -0.07694138386831761]], "inverted": true, "swapped": false, "error_lsq": 0.04148425696249687, "error_max": 0.22387896756582545, "target": "953.xyz", "model": "5.xyz", "model_rescale": 3.6523030999806103, "target_rescale": 3.8971135434630457},
{"mapping": [9, 8, 11, 7, 5, 6, 10, 1, 0, 2, 3, 12], "R": [[0.8841559738780506, -0.44081602111712487, 0.1547560964299063], [0.4545720771784281, 0.8881758336513951, -0.06714100957938281], [-0.10785379226269742, 0.12971092492198236, 0.9856686235497399]], "T": [-0.03633404977762644, -0.005144489235012421, 0.006854757566497324], "aligned_model": [[-0.2771738550081594, -0.5815765270483781, 0.47872285102940115, 0.4535802944198117, -0.027403426120012203, -0.6105052292511972, -0.3664890794082978, -0.059523296273155196, 0.57115717127381, 0.06524296385933882, 0.6253400440462196, 0.04083395223865151], [-0.05894634702158587, -0.38920956385402317, 0.2578327912627268, -0.3356808866096314, -0.676848702065354, 0.21138030096495666, 0.6230238071861952, -0.10057310846505546, -0.5333695195995445, 0.5362531595029655, -0.04594951987199734, -0.07586820857172796], [-0.672677746068078, -0.08752618385727846, -0.6565669348841277, -0.3359975212029254, 0.11927016760356389, 0.22149150643047344, -0.31729843067610136, 0.694408757971018, 0.5891746560248282, 0.5291404365303215, 0.21461193791193478, 0.019969070205861576]], "inverted": false, "swapped": false, "error_lsq": 0.04878879164508875, "error_max": 0.3185303757059549, "target": "953.xyz", "model": "6.xyz", "model_rescale": 4.08911054899281, "target_rescale": 3.8971135434630457},
{"mapping": [10, 4, 11, 9, 3, 5, 12, 2, 0, 13, 1, 14], "R": [[-0.22351592745409318, 0.8946940236758212, -0.3867340613045424], [-0.6562720934065682, -0.43150061077809565, -0.6189621654947022], [-0.7206577340111582, 0.1154548695244138, 0.6836099790911505]], "T": [-0.05537734552607142, -0.03343217730533433, 0.02554963967152606], "aligned_model": [[-0.31433239627468035, -0.5748528836679309, 0.24355247700761634, 0.5466269251045659, -0.016202419467738136, -0.8019531461300425, -0.25973079770121116, 0.20350442808771435, 0.3976350141721719, 0.15245726920602348, 0.6463569255239793, 0.08914446789756485], [0.1442458561076633, -0.49579040260663976, 0.27724421859801507, -0.41766697284181, -0.8174653551493489, 0.10498260003069737, 0.6158436103839016, 0.07042560352861724, -0.6514509299510001, 0.628288098463461, 0.022692933648052284, -0.06930505735368445], [-0.6230239464667456, -0.08942655991215966, -0.37276204881581904, -0.29773318998279885, 0.12658793673710977, -0.03743569950263734, -0.18583280074352396, 0.7820767918227768, 0.5709749841897409, 0.25969825040251987, 0.23137734336983573, -0.046501345108807546]], "inverted": true, "swapped": false, "error_lsq": 0.05157961572249659, "error_max": 0.29392590221826675, "target": "953.xyz", "model": "7.xyz", "model_rescale": 3.964800864290218, "target_rescale": 3.8971135434630457},
{"mapping": [2, 0, 7, 1, 3, 6, 4, 10, 5, 9, 8, 13], "R": [[0.4809810971854008, -0.7809178011336856, 0.3985280065727598], [0.5717392284491413, 0.6239898322855508, 0.5326827797635578], [-0.6646588890571682, -0.02835625286916138, 0.7466086552676117]], "T": [-0.0375802732955374, 0.018058315751817378, 0.007146427713867531], "aligned_model": [[-0.22867584910690228, -0.35349444208816927, 0.4459818507708774, 0.40872846714764755, -0.37565333737660844, -0.598837416357359, -0.5361599073830977, 0.113717215828635, 0.4194721545006814, 0.29064082141940395, 0.6998837244933257, 0.02660258190959902], [0.05738851894531194, -0.5260427076319972, 0.22294834839726982, -0.3838866053290119, -0.5701927442586675, 0.030062872846537206, 0.4572612589155881, -0.002379101995911348, -0.46041076422712013, 0.47156195105140053, 0.09202455844364033, 0.02370861770088459], [-0.6257392995514686, -0.3353615091744466, -0.4735207249527523, -0.4427076372824804, 0.263329935070965, 0.15327011898116377, -0.22439734396491917, 0.814503470630914, 0.5182639687140488, 0.4077236269436819, 0.2114340394640738, 0.051201071110711066]], "inverted": false, "swapped": false, "error_lsq": 0.04892655075412752, "error_max": 0.26556929775280097, "target": "953.xyz", "model": "8.xyz", "model_rescale": 4.121658175737393, "target_rescale": 3.8971135434630457},
{"mapping": [3, 2, 10, 0, 1, 8, 11, 6, 4, 7, 5, 12], "R": [[0.9140887188262428, -0.04983549477384819, -0.40244035281671753], [-0.3958951984926699, -0.32454531233858536, -0.8590327886928996], [-0.08779980595108286, 0.9445563846058614, -0.31639284185211325]], "T": [0.03259920519955803, 0.021161628125540927, 0.09309537469246812], "aligned_model": [[-0.23115494068145218, -0.4569528023487842, 0.3964552174820868, 0.4214261208446647, -0.03241841858340361, -0.6426145050132994, -0.20434387411759317, -0.2697989666315773, 0.5843262557714738, 0.08090277966153059, 0.6382665256030398, 0.028112471771347392], [0.014892318481796701, -0.38258000091937905, 0.2742991975769532, -0.5432320252768439, -0.6587895589919471, 0.20004303974882381, 0.5337188341243654, -0.15560906709297181, -0.5699233368776302, 0.6299599649445375, 0.13454874428356947, -0.06528390714334996], [-0.6505970602275005, -0.18917750700258237, -0.5233549508435418, -0.293036308533993, 0.18458749155871415, 0.2995928900372016, -0.19703418653128732, 0.69099964552445, 0.4596246962114149, 0.37987448846093175, 0.04805799954239354, 0.10846251779329016]], "inverted": true, "swapped": false, "error_lsq": 0.050633144012880694, "error_max": 0.34221577844219614, "target": "953.xyz", "model": "9.xyz", "model_rescale": 3.833441315466971, "target_rescale": 3.8971135434630457},
{"mapping": [9, 11, 2, 13, 12, 7, 3, 6, 1, 4, 5, 14], "R": [[-0.5213787790992699, -0.8444227930056545, 0.12294029183910678], [-0.8494627657903482, 0.4999113705827438, -0.16882426098726144], [0.08109980419684847, -0.19245458740859506, -0.9779489012952673]], "T": [0.005194633562295374, -0.21983723774141686, 0.026344187779545218], "aligned_model": [[-0.26323305850922046, -0.603828850447445, 0.2916327520993375, 0.6492884087551104, -0.1675837125855086, -0.6025142212197733, -0.17718330262611695, -0.04678679915613566, 0.4548645044583966, 0.1721983835051154, 0.6299604225418741, -0.02460866305760153], [0.16991107752592147, -0.5156099491705592, 0.18953946611568714, -0.2842380496631177, -0.6146701809039589, 0.04190019788330154, 0.6122635418798035, -0.04922102560878716, -0.4718422419465613, 0.44393584603481084, 0.0388021126981066, -0.14872659198672225], [-0.6324068664193424, -0.056998359230140135, -0.4903899542274323, -0.439147257465529, 0.44738414717390884, -0.051741914657951533, -0.14297335618163132, 0.6816438191352848, 0.5553994003780736, 0.4355233916126236, 0.040787068100193544, -0.029080402228566705]], "inverted": false, "swapped": false, "error_lsq": 0.053805288098578964, "error_max": 0.26174818874396855, "target": "953.xyz", "model": "10.xyz", "model_rescale": 4.2482417240324, "target_rescale": 3.8971135434630457},
{"mapping": [0, 6, 10, 1, 2, 5, 4, 7, 3, 9, 8, 11], "R": [[0.14283412787594138, -0.6441591553340675, -0.7514368865801171], [-0.41142680517526764, 0.6518741908243783, -0.6370149317875795], [0.9001813127904799, 0.40014874976233883, -0.17191446177225933]], "T": [0.03601433525437381, -0.11248921636172349, 0.007302636788747877], "aligned_model": [[0.1475343226780541, -0.534413283346471, 0.3348452363590138, 0.38836500476455355, -0.17701168550269109, -0.594616054458318, -0.5865586175216027, 0.08935174468911053, 0.520747219898916, 0.0955597586278405, 0.6427487655737597, -0.014346548004132563], [-0.016969028611913475, -0.2869787236985048, 0.40860670406588073, -0.5857659385743337, -0.7879199397852297, 0.11740787691490318, 0.44827878090064033, 0.029743752703741355, -0.5229614528070423, 0.651099884058897, -0.04390867529672621, 0.001410962987612216], [-0.735851897659583, -0.2469568407331585, -0.2254235903391571, -0.38129059998412446, 0.22217594532353765, 0.34440619416438045, -0.24524785707417285, 0.6672125927380166, 0.5118997038665348, 0.31176434277655884, 0.07076813455766551, 0.024543588352993265]], "inverted": false, "swapped": false, "error_lsq": 0.05574921995881377, "error_max": 0.365288386376661, "target": "953.xyz", "model": "11.xyz", "model_rescale": 3.6694154284099745, "target_rescale": 3.8971135434630457},
{"mapping": [7, 10, 6, 11, 2, 12, 5, 1, 3, 0, 4, 13], "R": [[0.9555581115344732, -0.2765663579205773, -0.10207715291493198], [-0.2934510431511886, -0.8592163540755443, -0.4190867955001784], [0.028198949522110453, 0.43041643388197465, -0.9021898429322807]], "T": [0.009420537444190934, -0.10066060037729212, -0.07432319881514574], "aligned_model": [[-0.3502442693261418, -0.5103289246730839, 0.30927049298193793, 0.5941126020326236, -0.1962162383358896, -0.5902536816998163, -0.29815744673158834, 0.025207589651794718, 0.46253205063777064, 0.1572599837716344, 0.6639296827712047, 0.045094022677586956], [-0.01888697254287698, -0.4329115161116584, 0.2912748034830167, -0.3250536129848934, -0.5424326959619127, 0.06372263756471515, 0.5941664703805233, -0.11306047872456258, -0.544197675847978, 0.4944774079893251, -0.027452307631594064, -0.027601856754179935], [-0.7193965427313255, -0.22597613459589783, -0.3506047161458167, -0.4652344603659935, 0.36026224203839086, 0.1997889721007323, -0.33351794773795795, 0.7718862942190138, 0.5080973707886899, 0.2926810430301898, 0.26322231560750853, 0.016791279781957227]], "inverted": false, "swapped": false, "error_lsq": 0.03522773150068705, "error_max": 0.20635450560504445, "target": "953.xyz", "model": "12.xyz", "model_rescale": 3.9764082729961374, "target_rescale": 3.8971135434630457},
{"mapping": [2, 7, 1, 9, 4, 3, 8, 14, 6, 11, 13, 15], "R": [[-0.7526452133336452, 0.6243071026204411, -0.2092028309168449], [0.5595179551431645, 0.4389527333827423, -0.7030363829335087], [-0.347080452803617, -0.6461897085790591, -0.6796867070997837]], "T": [0.18346214343753786, -0.11283552143334266, -0.043647441684449215], "aligned_model": [[-0.25599257633757355, -0.5062473722092893, 0.3099593113605066, 0.4564222401896676, -0.1148187352255271, -0.5251544475900435, -0.24099722339332175, 0.06597523085353726, 0.3730418680565758, 0.05562961633989555, 0.5914283932614511, 0.10295955845215464], [0.03623525199940833, -0.36589535777976945, 0.22605883284471803, -0.38592870259568435, -0.7528485912085833, 0.1515114106959969, 0.43682733541880747, 0.06707210009427542, -0.48715661917637254, 0.561910240862682, 0.07670518116108241, -0.15244687945863697], [-0.6924285817322, -0.2205519418463417, -0.5656356229749073, -0.5045292340144593, 0.08778889164880728, 0.32571237435929346, -0.17539654549630612, 0.7261824828201937, 0.5947897513870812, 0.35500240470809324, 0.37122411344017375, 0.015841623690063207]], "inverted": true, "swapped": false, "error_lsq": 0.04490941835249169, "error_max": 0.2615930489570732, "target": "953.xyz", "model": "13.xyz", "model_rescale": 4.170626492500431, "target_rescale": 3.8971135434630457},
{"mapping": [0, 2, 7, 4, 6, 3, 1, 11, 5, 9, 12, 13], "R": [[-0.6513943438951296, -0.5791943522820278, -0.4901217308241252], [-0.27957557094091434, 0.7837409355335487, -0.554605847518812], [0.7053530384669054, -0.2242410494392149, -0.6724530042106319]], "T": [0.061142476269524154, -0.03280058390013836, -0.06848259066284328], "aligned_model": [[-0.17666883370227246, -0.34567651289829304, 0.2917244082938868, 0.3837585456499669, -0.1912272164168036, -0.5540467521238939, -0.37119370668428076, 0.051672853069406555, 0.4269068150197525, -0.013975826468967917, 0.7429834334531185, 0.06794865656641356], [0.10747082522988767, -0.45581906257775345, 0.5710840695178883, -0.5771524291105669, -0.637377494079971, -0.02006865549191779, 0.5839233423658877, 0.025415748245233613, -0.5576565171922625, 0.6432238761709672, -0.2031485757834755, -0.06785092443599292], [-0.5972813417563546, -0.3659482928641153, -0.5579569014074524, -0.38889337541662744, 0.4590451952602325, 0.2427307054824251, -0.2219475494491983, 0.6359184570643256, 0.5780176229047074, 0.3715794600108508, 0.13592042290214162, 0.026815313258556128]], "inverted": true, "swapped": false, "error_lsq": 0.04558575260258022, "error_max": 0.2747548513216355, "target": "953.xyz", "model": "14.xyz", "model_rescale": 3.9786697098870705, "target_rescale": 3.8971135434630457},
{"mapping": [1, 6, 4, 0, 9, 7, 10, 8, 3, 5, 2, 11], "R": [[0.5171575799969925, -0.07425729439566417, -0.8526628241460338], [0.018981496190093698, 0.9969792682640257, -0.07531295674791422], [0.855679694894088, 0.022763850306207017, 0.517004900233254]], "T": [-0.018884072623641716, -0.05311414015374248, 0.006655661926158029], "aligned_model": [[-0.1976224287900615, -0.6618690422234886, 0.3106552716820397, 0.48420328249048933, -0.10522901321217093, -0.586310117889703, -0.3771170865337776, 0.11287930968886556, 0.4936969519221955, 0.11852313109744078, 0.8000925188525884, -0.07969691332638482], [-0.10521023286345572, -0.4674300319429078, 0.40907606601351393, -0.4098615629032172, -0.6360409380850464, 0.20516283167413218, 0.5467734703366077, -0.005213319935429277, -0.6578639453672379, 0.5785462492121007, 0.08501148657929185, -0.13090586986042774], [-0.6460392810997925, -0.1989370458325281, -0.22290645160479486, -0.31496519492958, 0.20704320529536205, 0.22619311742712145, -0.44514623163110123, 0.5092211288316901, 0.4721528140897738, 0.4828740998322218, 0.25972891243006996, -0.011219356818951663]], "inverted": false, "swapped": false, "error_lsq": 0.048224074995291376, "error_max": 0.24571445314382429, "target": "953.xyz", "model": "15.xyz", "model_rescale": 3.769337070930944, "target_rescale": 3.8971135434630457},
{"mapping": [10, 9, 3, 2, 8, 7, 4, 5, 1, 0, 11], "R": [[0.4361063886585405, 0.6580624045263899, -0.61381193334779], [-0.28311480146167, 0.7477888117695191, 0.6005480015666107], [0.8541997582325374, -0.08812357653475472, 0.5124226851869441]], "T": [-0.08049242661093753, -0.008034818527914774, 0.06407263317013576], "aligned_model": [[-0.19893296100381108, -0.2969768613221034, -0.25754310317112916, -0.6759597163108286, 0.4422147680161192, 0.3328202762445481, 0.5906648743476686, 0.24704911915399724, 0.25708142168152354, -0.45631000472601413, -0.06148168221879931], [0.04964092315157214, -0.7048821387233842, 0.7669819150215466, 0.08775256305965856, 0.25661988084183535, -0.4231100321667192, 0.2392271091078933, -0.38620543299552734, 0.3446412873111665, 0.3124185164158528, 0.052979906601447586], [-0.5931738510889222, -0.2416654080612258, -0.18674266511042156, 0.10744012145462042, -0.6773156422752018, -0.32264949279738364, -0.04996129026492423, 0.5083395099546553, 0.5370922359140663, 0.6066035035020507, 0.05625058599646362]], "inverted": true, "swapped": true, "error_lsq": 0.04820930971679363, "error_max": 0.23853790396019195, "target": "953.xyz", "model": "16.xyz", "model_rescale": 3.7852294659196426, "target_rescale": 3.8971135434630457},
{"mapping": [7, 6, 2, 11, 10, 5, 1, 0, 9, 3, 8, 12], "R": [[0.9755299729731814, -0.1933747077844073, -0.10463027391839873], [-0.184640523746614, -0.9788903489477334, 0.087644519095954], [-0.11936979861556325, -0.06618086676887863, -0.9906416829773519]], "T": [0.007324687527371844, 0.02370057518681784, 0.07512179678068576], "aligned_model": [[-0.20208472751419598, -0.4538450327430295, 0.2518254649912778, 0.4068037160135254, -0.2501620144147781, -0.6388431189302711, -0.32584517111201466, 0.09924195891612086, 0.48934470863768775, 0.25668810274615894, 0.6478612410257755, 0.031220736141776177], [-0.05647621148440729, -0.6067882644637967, 0.36779350716729736, -0.3790109870449381, -0.7081583005622067, 0.06485164807481647, 0.6019335491431079, 0.07648961402977769, -0.5692202126755677, 0.723213444607886, -0.03839319307228385, -0.06419039086176033], [-0.5890667193406386, -0.3458289700362023, -0.3674914034414627, -0.38982118668921356, 0.29269536960024584, -0.038820143075837546, -0.09487416602709703, 0.7492966170885975, 0.4793042111449183, 0.35971800867972453, 0.1754372932318377, 0.08745080485461891]], "inverted": false, "swapped": false, "error_lsq": 0.042774543237335066, "error_max": 0.2430892968216018, "target": "953.xyz", "model": "17.xyz", "model_rescale": 3.901054581598922, "target_rescale": 3.8971135434630457},
{"mapping": [5, 9, 8, 4, 11, 13, 2, 7, 6, 0, 1, 14], "R": [[-0.011290328950208706, -0.9581508700578989, -0.2860409737773373], [-0.39150460208368243, 0.26745759540611386, -0.8804490792810662], [0.9201068823889393, 0.10204579788933388, -0.3781401593505187]], "T": [0.0005045721946383627, -0.08147878422194937, 0.021630760206419568], "aligned_model": [[-0.33367983565333137, -0.5115383197306548, 0.28403233552822316, 0.6336796404938705, -0.17470774372467116, -0.689137155423892, -0.2712677144367514, 0.15212185555121452, 0.4157459884104003, 0.2165962800867683, 0.6316165461114586, -0.04125601345460179], [0.004203029838362987, -0.44025772902046856, 0.2252446064748415, -0.31161669198148784, -0.7757701849814647, 0.1333680453187328, 0.654704486455689, -0.06701492057379088, -0.5376852310163223, 0.5489797948360267, 0.08674662206822484, -0.10885762456041899], [-0.4990087074545099, -0.18640617625520373, -0.49407363298641643, -0.3927360413186699, 0.37375443749645637, -0.05411437603495559, -0.23896877582852666, 0.666983392364361, 0.4496214019645333, 0.3840267761502287, 0.26470161097457917, 0.0442198069176147]], "inverted": false, "swapped": false, "error_lsq": 0.04690304329274784, "error_max": 0.26292063815583544, "target": "953.xyz", "model": "18.xyz", "model_rescale": 3.9405287249114394, "target_rescale": 3.8971135434630457},
{"mapping": [9, 11, 8, 2, 14, 13, 7, 12, 3, 4, 1, 15], "R": [[-0.012270441808911958, 0.7784152929621315, 0.6276297220021477], [0.8757706366651006, -0.2945556270751124, 0.3824431650763178], [0.48257147471956785, 0.5543524278300461, -0.678098929025784]], "T": [0.07536399944753772, -0.011993407551217083, 0.03845041455333115], "aligned_model": [[-0.40951959245936265, -0.3710603566211892, 0.33422093000291386, 0.5732960508849352, -0.30881611118520735, -0.5846233679698805, -0.28799452915021817, 0.0724407638871008, 0.4331245367676625, 0.06524092832524958, 0.7050813497110127, 0.09081526156501615], [0.11610356838964264, -0.46142219450692323, 0.4523577842229844, -0.5386816986990928, -0.5761349585448636, -0.06110350067117021, 0.5431875905506773, 0.005211634561243628, -0.5772953812135304, 0.6469165668895003, -0.093520533385476, -0.04357467473506704], [-0.5424875459990883, -0.3049622550789367, -0.4997346983374705, -0.4411206428845859, 0.4043587570557674, 0.1539264682404158, -0.19685829328214363, 0.586021874208744, 0.5655838619685696, 0.35531031676512015, 0.21825255722630252, 0.01970931610679666]], "inverted": true, "swapped": false, "error_lsq": 0.041654941833681784, "error_max": 0.2629216728620692, "target": "953.xyz", "model": "19.xyz", "model_rescale": 4.410303926677745, "target_rescale": 3.8971135434630457},
{"mapping": [2, 0, 7, 1, 3, 6, 4, 10, 5, 9, 8, 13], "R": [[0.4809810971854008, -0.7809178011336856, 0.3985280065727598], [0.5717392284491413, 0.6239898322855508, 0.5326827797635578], [-0.6646588890571682, -0.02835625286916138, 0.7466086552676117]], "T": [-0.0375802732955374, 0.018058315751817378, 0.007146427713867531], "aligned_model": [[-0.22867584910690228, -0.35349444208816927, 0.4459818507708774, 0.40872846714764755, -0.37565333737660844, -0.598837416357359, -0.5361599073830977, 0.113717215828635, 0.4194721545006814, 0.29064082141940395, 0.6998837244933257, 0.02660258190959902], [0.05738851894531194, -0.5260427076319972, 0.22294834839726982, -0.3838866053290119, -0.5701927442586675, 0.030062872846537206, 0.4572612589155881, -0.002379101995911348, -0.46041076422712013, 0.47156195105140053, 0.09202455844364033, 0.02370861770088459], [-0.6257392995514686, -0.3353615091744466, -0.4735207249527523, -0.4427076372824804, 0.263329935070965, 0.15327011898116377, -0.22439734396491917, 0.814503470630914, 0.5182639687140488, 0.4077236269436819, 0.2114340394640738, 0.051201071110711066]], "inverted": false, "swapped": false, "error_lsq": 0.04892655075412752, "error_max": 0.26556929775280097, "target": "953.xyz", "model": "20.xyz", "model_rescale": 4.121658175737393, "target_rescale": 3.8971135434630457},
{"mapping": [9, 8, 11, 7, 5, 6, 10, 1, 0, 2, 3, 12], "R": [[0.8841559738780506, -0.44081602111712487, 0.1547560964299063], [0.4545720771784281, 0.8881758336513951, -0.06714100957938281], [-0.10785379226269742, 0.12971092492198236, 0.9856686235497399]], "T": [-0.03633404977762644, -0.005144489235012421, 0.006854757566497324], "aligned_model": [[-0.2771738550081594, -0.5815765270483781, 0.47872285102940115, 0.4535802944198117, -0.027403426120012203, -0.6105052292511972, -0.3664890794082978, -0.059523296273155196, 0.57115717127381, 0.06524296385933882, 0.6253400440462196, 0.04083395223865151], [-0.05894634702158587, -0.38920956385402317, 0.2578327912627268, -0.3356808866096314, -0.676848702065354, 0.21138030096495666, 0.6230238071861952, -0.10057310846505546, -0.5333695195995445, 0.5362531595029655, -0.04594951987199734, -0.07586820857172796], [-0.672677746068078, -0.08752618385727846, -0.6565669348841277, -0.3359975212029254, 0.11927016760356389, 0.22149150643047344, -0.31729843067610136, 0.694408757971018, 0.5891746560248282, 0.5291404365303215, 0.21461193791193478, 0.019969070205861576]], "inverted": false, "swapped": false, "error_lsq": 0.04878879164508875, "error_max": 0.3185303757059549, "target": "953.xyz", "model": "21.xyz", "model_rescale": 4.08911054899281, "target_rescale": 3.8971135434630457},
{"mapping": [11, 15, 8, 5, 14, 2, 1, 13, 12, 0, 7, 16], "R": [[-0.24220712147494947, -0.543066443888339, 0.8039990969082569], [0.5778723253249587, 0.584906259389524, 0.5691645134321711], [-0.7793582526222098, 0.6024645261336375, 0.17215460731629392]], "T": [0.0783346910622035, -0.07659432286092063, 0.04991971016254671], "aligned_model": [[-0.15715687755292465, -0.5451720400947575, 0.21567706857559055, 0.47403772544652034, -0.1718722817493525, -0.6059231375775679, -0.36271378248627084, 0.1794896606018262, 0.3845797484977391, 0.16986983035171313, 0.6487373762512177, 0.08265257349429861], [-0.10053994624001983, -0.33851542749927443, 0.2979999293341483, -0.32448765721655737, -0.6295745446671778, 0.10358653153243888, 0.4793920014697203, -0.12279049068389056, -0.5989421432512819, 0.6292666035687572, 0.06708963422668227, -0.050440287715620716], [-0.6779974269420966, -0.22237371436540448, -0.5171589754018646, -0.47894422064504427, 0.2583229994711453, 0.19337671775895876, -0.30554313234550445, 0.7013516346520885, 0.4722184496395066, 0.35563374156176353, 0.44965948203200146, 0.08945416057394116]], "inverted": true, "swapped": false, "error_lsq": 0.03992633616565611, "error_max": 0.23874922094819265, "target": "953.xyz", "model": "22.xyz", "model_rescale": 4.204369325754507, "target_rescale": 3.8971135434630457},
{"mapping": [9, 11, 8, 2, 14, 13, 7, 12, 3, 4, 1, 15], "R": [[-0.012270441808911958, 0.7784152929621315, 0.6276297220021477], [0.8757706366651006, -0.2945556270751124, 0.3824431650763178], [0.48257147471956785, 0.5543524278300461, -0.678098929025784]], "T": [0.07536399944753772, -0.011993407551217083, 0.03845041455333115], "aligned_model": [[-0.40951959245936265, -0.3710603566211892, 0.33422093000291386, 0.5732960508849352, -0.30881611118520735, -0.5846233679698805, -0.28799452915021817, 0.0724407638871008, 0.4331245367676625, 0.06524092832524958, 0.7050813497110127, 0.09081526156501615], [0.11610356838964264, -0.46142219450692323, 0.4523577842229844, -0.5386816986990928, -0.5761349585448636, -0.06110350067117021, 0.5431875905506773, 0.005211634561243628, -0.5772953812135304, 0.6469165668895003, -0.093520533385476, -0.04357467473506704], [-0.5424875459990883, -0.3049622550789367, -0.4997346983374705, -0.4411206428845859, 0.4043587570557674, 0.1539264682404158, -0.19685829328214363, 0.586021874208744, 0.5655838619685696, 0.35531031676512015, 0.21825255722630252, 0.01970931610679666]], "inverted": true, "swapped": false, "error_lsq": 0.041654941833681784, "error_max": 0.2629216728620692, "target": "953.xyz", "model": "23.xyz", "model_rescale": 4.410303926677745, "target_rescale": 3.8971135434630457},
{"mapping": [13, 7, 6, 0, 1, 11, 14, 10, 3, 9, 4, 16], "R": [[0.8511277426981645, 0.524958595164197, 0.00019741519817467745], [0.046492842691224334, -0.07500535012200249, -0.996098696431014], [-0.5228957651272543, 0.8478164133916665, -0.08824595172400054]], "T": [0.09047018939399905, 0.046188283243520895, -0.013319849316924814], "aligned_model": [[-0.23672750101482265, -0.3058786852704335, 0.19831472672081585, 0.36828494215978963, -0.23770065863935924, -0.4980836884104754, -0.2967037789417258, 0.05961306065057623, 0.5025595183176168, -0.05779135339365034, 0.6890960474914409, 0.12722323408826], [0.11940634629353691, -0.4177823325733193, 0.44011212528360544, -0.6027099122064545, -0.6623847071326883, 0.08659635703402267, 0.5690816709419203, 0.02784321589939781, -0.6130088386757204, 0.5233949211634575, -0.0037808712411606243, -0.05472377192867302], [-0.6311931457648892, -0.27708060055387057, -0.6544841435512037, -0.28190113342588113, 0.3424378791735757, 0.21622972507740953, -0.19994464230835507, 0.636676490969285, 0.4393307047252997, 0.3644529968271048, 0.32288624611910094, 0.04058933870191491]], "inverted": true, "swapped": false, "error_lsq": 0.04587833929896504, "error_max": 0.256053009067486, "target": "953.xyz", "model": "24.xyz", "model_rescale": 4.28219845311461, "target_rescale": 3.8971135434630457},
{"mapping": [4, 7, 0, 1, 9, 13, 2, 11, 5, 14, 8, 15], "R": [[0.9705334199844289, 0.07630839325436478, 0.2285648919065776], [0.08227731326116824, -0.9964697763392376, -0.016686178860169144], [0.22648471121877492, 0.03500019944753438, -0.9733856695178849]], "T": [0.0029028383793806567, -0.04472317148681884, 0.07078970392456421], "aligned_model": [[-0.1866741105041754, -0.6197162557120242, 0.3099656355055106, 0.4725883355152578, -0.23354492638068716, -0.5686159410106912, -0.18265967383409853, 0.06802920959849161, 0.5779729286495753, -0.03780856713969856, 0.6872109871221227, 0.025458241948450387], [-0.10434929751634955, -0.4434563135087911, 0.3329266911263564, -0.3359330929226242, -0.611832939308495, 0.11620758011420879, 0.5682940988843238, -0.07713112419508095, -0.5873538938961275, 0.5859772755326894, -0.02032265666723241, -0.010982124784953057], [-0.6328820082910285, -0.17191042149013122, -0.5839218294434781, -0.25242804664654417, 0.3524857274323191, 0.09038651311930748, -0.1711946027476973, 0.6104056336576328, 0.3872181654894553, 0.495882814295319, 0.18512705289524967, 0.00883071771908684]], "inverted": true, "swapped": false, "error_lsq": 0.04689556540702092, "error_max": 0.2470619003839292, "target": "953.xyz", "model": "25.xyz", "model_rescale": 4.100010024507729, "target_rescale": 3.8971135434630457},
{"mapping": [0, 6, 10, 1, 2, 5, 4, 7, 3, 9, 8, 11], "R": [[0.14283412787594138, -0.6441591553340675, -0.7514368865801171], [-0.41142680517526764, 0.6518741908243783, -0.6370149317875795], [0.9001813127904799, 0.40014874976233883, -0.17191446177225933]], "T": [0.03601433525437381, -0.11248921636172349, 0.007302636788747877], "aligned_model": [[0.1475343226780541, -0.534413283346471, 0.3348452363590138, 0.38836500476455355, -0.17701168550269109, -0.594616054458318, -0.5865586175216027, 0.08935174468911053, 0.520747219898916, 0.0955597586278405, 0.6427487655737597, -0.014346548004132563], [-0.016969028611913475, -0.2869787236985048, 0.40860670406588073, -0.5857659385743337, -0.7879199397852297, 0.11740787691490318, 0.44827878090064033, 0.029743752703741355, -0.5229614528070423, 0.651099884058897, -0.04390867529672621, 0.001410962987612216], [-0.735851897659583, -0.2469568407331585, -0.2254235903391571, -0.38129059998412446, 0.22217594532353765, 0.34440619416438045, -0.24524785707417285, 0.6672125927380166, 0.5118997038665348, 0.31176434277655884, 0.07076813455766551, 0.024543588352993265]], "inverted": false, "swapped": false, "error_lsq": 0.05574921995881377, "error_max": 0.365288386376661, "target": "953.xyz", "model": "26.xyz", "model_rescale": 3.6694154284099745, "target_rescale": 3.8971135434630457},
{"mapping": [12, 11, 6, 2, 10, 9, 3, 8, 4, 7, 0, 13], "R": [[0.6801600445660421, 0.3631063888052667, 0.6368171355928783], [-0.6506871553467118, -0.10105077539101237, 0.7525921648938948], [0.3376218885717037, -0.9262518508492569, 0.16753796332653204]], "T": [0.10606691010629996, 0.02584887107383009, 0.12008129224083938], "aligned_model": [[-0.28165182595022875, -0.3432429000294617, 0.29963817702196693, 0.34837051007106545, -0.1374809176675678, -0.5716099948996318, -0.2884915673067012, -0.04260048106713918, 0.4692050538674686, -0.022618655744032046, 0.7544534209257411, 0.1282350445365536], [0.020204686575190964, -0.5251071244131205, 0.262939569303834, -0.42341249654474844, -0.4924259855930117, 0.07383882255892947, 0.6612336754141888, -0.06006464883575664, -0.5929746044101074, 0.5998143376704829, -0.09990230514960984, -0.01209972371834702], [-0.5722879288034837, -0.36027654812188536, -0.4943359904277591, -0.32889847925547444, 0.3043809081553378, 0.17765309478680702, -0.18559987932267205, 0.7356087622439889, 0.5209787415026175, 0.3439834874393458, 0.09334335292320098, 0.08345019486946786]], "inverted": true, "swapped": false, "error_lsq": 0.043935992425924324, "error_max": 0.2093689493402848, "target": "953.xyz", "model": "27.xyz", "model_rescale": 4.103607728864725, "target_rescale": 3.8971135434630457},
{"mapping": [5, 0, 6, 10, 2, 1, 7, 4, 12, 8, 13, 14], "R": [[-0.18904610446738457, 0.7001681340424353, -0.688495573302575], [-0.3517449516885913, -0.7028971351237455, -0.6182322430902664], [-0.9168080820691416, 0.12530044495677523, 0.37916057171907636]], "T": [0.195858375384597, -0.11445510017369408, -0.12821590071342615], "aligned_model": [[-0.3081152538944964, -0.43633128844820096, 0.27981801567946685, 0.5149490927275215, -0.11316468652871786, -0.64956610722564, -0.14653818814806585, -0.008887846037598124, 0.4869183728828673, 0.06731917722790343, 0.5725379194343156, 0.05326665608867681], [0.17204945415681883, -0.4345698964672343, 0.21907907377177044, -0.3659666301748518, -0.4771281844673542, 0.0022525787337235453, 0.5187978563308118, 0.04478977846230979, -0.7089921564561188, 0.5504704892528375, 0.0338938213955229, -0.14263198168031094], [-0.5743841780718708, -0.21513245332894482, -0.6601679628994302, -0.4359468557501382, 0.4324031208749647, 0.1447265730097474, -0.17107067784164443, 0.7403054522630309, 0.4186875493470684, 0.3339870978376801, 0.3777264393980213, -0.07313438884899355]], "inverted": true, "swapped": false, "error_lsq": 0.04657940487154128, "error_max": 0.24106123454963083, "target": "953.xyz", "model": "28.xyz", "model_rescale": 4.137296879288765, "target_rescale": 3.8971135434630457},
{"mapping": [10, 8, 4, 1, 5, 7, 9, 3, 0, 2, 11], "R": [[-0.41475528144845897, -0.5744084846219625, -0.7057144956035055], [0.7117405853844113, -0.6880027424097037, 0.14169532650508476], [-0.5669245061092925, -0.4435167631905558, 0.6941826021600566]], "T": [0.017057134157305254, 0.11347769845722029, 0.030140032327176994], "aligned_model": [[0.426758558338986, 0.24982445914984064, -0.17340758028578376, -0.5996143409739377, -0.04137363511560124, 0.5278521170398717, 0.7605026517940475, -0.36418001936498745, -0.5324738458307213, -0.0074383330013378934, -0.025031021040478274], [-0.38290248789281767, -0.7228832539536953, -0.28095546767629453, 0.1641673985204731, 0.6062404387123057, -0.006080440776973492, 0.37614306676303116, -0.5207757696459662, 0.3996195014595066, 0.22174817538503339, 0.06482665575334905], [0.2174340419992553, -0.34301037418381425, -0.5466961568879358, -0.25133985918868307, -0.41868093718654964, -0.4361894250703802, 0.0952024223110916, 0.41391987048567563, 0.4230872396820192, 0.6245428675564063, 0.02748433226591364]], "inverted": true, "swapped": true, "error_lsq": 0.0477261548512216, "error_max": 0.20873833723706572, "target": "953.xyz", "model": "29.xyz", "model_rescale": 3.607286011436655, "target_rescale": 3.8971135434630457},
