[{"mapping": [10, 13, 9, 7, 11, 4, 2, 0, 6, 3, 1, 14], "R": [[0.969006187816688, -0.013727237407787661, 0.24665476059893962], [0.06349570093851689, 0.9787502093877551, -0.19497775151476193], [-0.238736892698419, 0.20459616461844066, 0.9492866297847705]], "T": [-0.15750951121941156, -0.01783820495436793, 0.014928664485037832], "aligned_model": [[-0.11079879880166921, 0.21754296274809024, 0.43070854899134625, -0.04163369124617555, -0.2859762591001333, -0.45908296329345166, 0.4392022570711096, -0.3389670587609005, 0.5001911455630382, 0.10237563519819984, -0.4645639332640735, -0.15135538264483123], [-0.2039094507980987, -0.6894334519339235, -0.2890393122081355, 0.7215721426301397, 0.32017155701931554, -0.706787536584175, -0.4576931376823615, -0.38912703139975513, 0.20440614381179867, 0.2599683048384493, 0.3156962583199776, -0.032269450036174416], [-0.6369407632055207, -0.05871279933063, -0.5123504921104564, -0.2029062773632975, -0.6205185259353527, 0.040208933806381054, 0.44214192061648494, 0.7240686928039393, 0.047091663263048124, 0.607475018733672, 0.34092348545108747, 0.011470888624206524]], "inverted": true, "swapped": true, "error_lsq": 0.05206580403101299, "error_max": 0.24380949101934163, "target": "954.xyz", "model": "0.xyz", "model_rescale": 3.751011558992144, "target_rescale": 4.146254440041365},
{"mapping": [7, 0, 6, 1, 12, 3, 4, 8, 2, 10, 9, 5, 13, 11, 14], "R": [[-0.19127215090709343, -0.7270948991979429, 0.6593542081822997], [-0.6911806786377634, -0.3771856415774987, -0.6164416122112552], [0.6969104919322243, -0.5736410021503903, -0.4304088369058902]], "T": [-0.04618165583893605, 0.01203734900119817, 0.030999341943640662], "aligned_model": [[0.20894993874481269, 0.46597679849775797, -0.3636546170556554, -0.12899576450597464, 0.38471058436423433, 0.7156074933457162, -0.7373476119201837, -0.23370652522086177, 0.47771932705130926, -0.7835065694086438, -0.14002803942553552, -0.07575383736114435, 0.4182706765037153, -0.2669737103138051, -0.03275904321173355], [0.20384600762044836, -0.3950839570562398, 0.29943410556418454, -0.3448299994156928, 0.6087423082770145, 0.05445924057388561, -0.3522951206551467, -0.5887713062179477, -0.47922211462174064, 0.2787661943869058, 0.4551735592330756, -0.09648333959893553, 0.2017581362089061, 0.7576888097832565, 0.06429519346312047], [-0.5502014251937418, -0.3529934682820453, -0.5857175854091796, -0.5618522992579482, -0.07024379602407882, -0.004827530829374611, -0.09198619630460801, 0.24143136259859224, 0.44079197427814903, 0.2711273140699448, 0.5095521361088613, 0.645356561500301, 0.5561586055802422, -0.14784628042667253, 0.04063072843890134]], "inverted": true, "swapped": false, "error_lsq": 0.034552682091271936, "error_max": 0.219884946725716, "target": "954.xyz", "model": "1.xyz", "model_rescale": 3.9405287249114394, "target_rescale": 4.146254440041365},
{"mapping": [2, 0, 3, 12, 5, 6, 13, 4, 8, 7, 11, 9, 14], "R": [[0.8406600309152535, 0.5229684619290026, 0.14069363968985588], [-0.22295519562117383, 0.5709613534159238, -0.7901228471895881], [-0.49353996106403564, 0.6328563191855404, 0.5965829247471304]], "T": [-0.05161510108266308, -0.08273760601741287, -0.0346002077673571], "aligned_model": [[-0.3345968942445733, 0.2726093653724159, -0.443495145549966, 0.5263438513534447, 0.5763762778226343, -0.726289021181183, -0.0033371807982379015, 0.5718589712418918, 0.12356675102578017, -0.5381707939724814, -0.09988326359725905, -0.3801009416541271, -0.048898696534408384], [0.722274084822336, 0.512010896787995, 0.1756654835956145, -0.485711897682213, -0.16864027094847908, 0.05605428820943836, 0.500873059654751, 0.2870235293028748, -0.6974109811565242, -0.6772053486859447, -0.7412776578438873, 0.047259870185405894, -0.07208246266935053], [0.02805715274344396, -0.4980810894979221, -0.5594676216652522, 0.17333061428289187, -0.3011806998653992, 0.05786099824238643, 0.46957776925493694, 0.167374059186774, -0.23618745184538076, -0.16680682750581394, 0.2793147822244749, 0.7222165102290072, -0.0228878461955031]], "inverted": false, "swapped": true, "error_lsq": 0.0444034888838527, "error_max": 0.25974038660126797, "target": "954.xyz", "model": "2.xyz", "model_rescale": 3.932901565614263, "target_rescale": 4.146254440041365},
{"mapping": [3, 0, 2, 1, 6, 9, 13, 7, 8, 11, 4, 5, 10, 14], "R": [[-0.42192315603619734, -0.8793897300036122, 0.2205777712386923], [-0.8790397656413798, 0.4563557690744879, 0.13794383804136082], [-0.22196833292522414, -0.13569493283320092, -0.9655656085330454]], "T": [0.01496872338482144, -0.04671637640565575, 0.03245176390048006], "aligned_model": [[-0.2553570905724191, 0.5149088912119435, 0.2755824710260035, -0.14781515046934887, -0.41281787717053103, -0.002717380294358489, 0.5018946240960016, -0.7410876714216709, -0.24938178150078663, -0.33830224629603994, 0.7625773292291783, 0.3992436747648387, 0.08724228929815234, 0.025839830151740704], [0.09750550922197725, 0.27557315904034885, -0.5130258727405554, 0.46923526040104147, -0.49383513156306946, -0.8590634895428394, -0.6321712235189214, 0.032325405561312984, 0.4134291102652112, -0.09373360289237065, -0.037974313366300735, 0.49972676565269136, -0.4359538514507531, -0.05854108671728438], [-0.6015450264379909, -0.5331020336308285, -0.6358927510349626, -0.10573506063461628, -0.2839034259617025, 0.22572153760595376, -0.0989764994060736, 0.20489901448823317, 0.44176142424479553, 0.6708375710014557, 0.1175503500652558, 0.19539424709058134, 0.5847278448896137, 0.03215917077738278]], "inverted": true, "swapped": true, "error_lsq": 0.044351075689696186, "error_max": 0.26889480882659555, "target": "954.xyz", "model": "3.xyz", "model_rescale": 3.9243930471874484, "target_rescale": 4.146254440041365},
{"mapping": [7, 10, 8, 1, 5, 6, 3, 12, 4, 13, 0, 2, 14], "R": [[-0.9737303166804967, 0.20681610349019888, -0.09526998328136452], [-0.18918410945178923, -0.9676385726220695, -0.16698792023633868], [-0.12672270162931965, -0.1445776335089758, 0.9813453341106336]], "T": [-0.013661966952529574, -0.10418709271977504, -0.15505962241181834], "aligned_model": [[-0.04851310839885838, -0.20874895910787883, 0.47724056795029524, 0.3973290680359147, 0.6240029550682028, -0.6102548882138217, -0.112273003983686, 0.4547577277468532, 0.1738313651453569, -0.4978934045163326, 0.23395720502623735, -0.5836644354689966, -0.022565202971933436], [-0.7459304662771042, 0.2612930288966445, -0.34083837851891086, -0.4498506340050166, 0.13081731232989868, -0.4590398475694453, -0.6009546644330295, 0.2699438710591973, 0.5899747104678804, 0.46177192438432607, 0.057375569176572536, 0.04430664533739899, -0.09103951716682473], [-0.5961466547475309, -0.693672188304087, -0.545136956467029, -0.002078038648126862, -0.050302878378738106, -0.121095352104994, 0.33414971030258767, -0.579640673286486, 0.0668017351520113, 0.05070214522503094, 0.6106061440402369, 0.4655008163199166, -0.152617493731828]], "inverted": true, "swapped": true, "error_lsq": 0.03238295806845434, "error_max": 0.19468763924125368, "target": "954.xyz", "model": "4.xyz", "model_rescale": 3.8936222436046832, "target_rescale": 4.146254440041365},
{"mapping": [2, 3, 4, 13, 5, 8, 7, 11, 9, 6, 10, 14], "R": [[0.8676740444408968, -0.43524015743051303, -0.24022439085871225], [-0.4489393225534627, -0.47845088340044234, -0.7546775714426491], [0.2135304129832918, 0.7626603159554056, -0.6105358344912986]], "T": [-0.21124868044958378, -0.04823751610983382, -0.04848447101377099], "aligned_model": [[0.17724255953355694, -0.4072481619188657, -0.23873119561673076, 0.34034879327348766, -0.7526026075645885, -0.6189673614478095, -0.2454119942082174, -0.08882762035214359, 0.6162792293262326, 0.21781162557575995, 0.22756778556536317, -0.19991300995094738], [-0.5632743920745144, -0.7240960075648383, 0.3601212353442417, 0.008146995925519096, 0.3072620230781381, 0.23330978927976756, -0.22395101777073098, 0.3618702020836303, 0.05791402646483568, -0.5529110899060077, 0.4490601444679271, -0.04452900421816096], [-0.6104987371395393, -0.07353304257097229, -0.679930954919515, -0.5867117584792514, -0.27951174607706686, 0.4027871194735378, 0.71017524386944, 0.5442820764874289, -0.009712774314781854, 0.16177489426205674, 0.09941176247466682, -0.05924736379048504]], "inverted": true, "swapped": true, "error_lsq": 0.05507851644417383, "error_max": 0.34438317401912333, "target": "954.xyz", "model": "5.xyz", "model_rescale": 3.6523030999806103, "target_rescale": 4.146254440041365},
{"mapping": [8, 1, 3, 7, 6, 12, 0, 10, 4, 13, 2, 9, 14], "R": [[-0.7797190320500271, -0.5485367623880335, 0.30190338084861335], [-0.3061292374888625, -0.0866334630073351, -0.9480398372652091], [0.5461896383248737, -0.8316261560317898, -0.10037338088523695]], "T": [0.0648749008471795, -0.07340250899384756, 0.10459205785928086], "aligned_model": [[0.09561063733719771, -0.04425438235640182, 0.2055578980068886, 0.6985632365497517, 0.639682473414801, -0.25764767484852424, -0.5525760614827403, 0.2112808205223313, -0.5919128984542638, -0.08930666578456248, 0.02896060268724887, 0.47617010808046145, 0.060954810992106104], [-0.5271602119494514, 0.01252412397057788, 0.5422223670415369, -0.2556628910735846, 0.28396057815067977, -0.7324293442161255, 0.459426805030825, -0.5842488773767971, -0.15613016008450856, 0.11705294241311148, 0.6387159810926621, -0.18554216959923608, -0.07190223923650707], [0.5968406920868364, 0.6454318612026029, 0.41610808387029763, 0.5203169380122877, -0.05315787540982944, 0.14096341782560856, 0.19683654387849792, -0.31889282325933965, -0.2532106014373765, -0.6282669768315259, -0.36832007112513254, -0.6136243335855757, 0.0890848842544379]], "inverted": false, "swapped": true, "error_lsq": 0.044187974614110836, "error_max": 0.264933560662161, "target": "954.xyz", "model": "6.xyz", "model_rescale": 4.08911054899281, "target_rescale": 4.146254440041365},
{"mapping": [11, 13, 10, 12, 9, 1, 5, 7, 2, 4, 3, 6, 0, 8, 14], "R": [[0.5312303509506837, -0.7956789893991849, 0.2910141921925886], [-0.8459139153482615, -0.5172544064144187, 0.12991353611168238], [0.047158902118131035, -0.31518696812139746, -0.9478571691333317]], "T": [-0.03408004472176045, 0.027076782547524943, -0.026047341330755935], "aligned_model": [[0.19563035013235158, 0.34921054484745756, -0.4242245992272358, -0.16472118176002443, 0.37331974164026016, 0.6949425375268383, -0.7299336523361959, -0.21144816287250906, 0.43796774262398763, -0.6414726768984724, -0.11464635288400725, -0.062007249407243656, 0.42900085639180635, -0.29881737156879135, 0.07570857387578632], [0.16148760673238632, -0.51698374641152, 0.23342772412226165, -0.3572641955015568, 0.6967495772795222, 0.08376962670327237, -0.27115261726671586, -0.6787053384775479, -0.44474172505135107, 0.2549233460526163, 0.5224370711833343, -0.06760813070976268, 0.2568008772994555, 0.6493866257315551, 0.1449510158591452], [-0.549208815251639, -0.3309751805453946, -0.595680042290705, -0.6118944407661134, -0.03705052158949483, 0.031032031900841073, -0.11176905059825094, 0.2379623419054126, 0.4263879862470175, 0.24965108735287012, 0.5859810000861483, 0.46323560839607686, 0.759725591785511, -0.1143285971846461, -0.0636888986002903]], "inverted": false, "swapped": false, "error_lsq": 0.041366232305336516, "error_max": 0.2735654694083609, "target": "954.xyz", "model": "7.xyz", "model_rescale": 3.964800864290218, "target_rescale": 4.146254440041365},
{"mapping": [3, 0, 1, 6, 8, 13, 7, 5, 4, 10, 9, 11, 12, 14], "R": [[-0.9790160456938247, -0.18282762857404372, -0.09000911344979853], [-0.07281601926579472, 0.7263807519896174, -0.6834243414433536], [0.19032973916944929, -0.6625292909517206, -0.724451191605549]], "T": [-0.016711113131926598, -0.046690258203482764, 0.004773142298671623], "aligned_model": [[-0.2647801500798389, 0.3206370397884974, 0.24221100374765223, -0.6997227416608641, 0.3234087374528784, -0.23792436903225125, -0.31837367611088424, 0.6676758298258645, 0.43214361642791166, -0.09262402996883999, -0.5841547933883899, -0.0383291388238864, 0.5308483059924197, -0.01982774470939631], [-0.16425031898436587, -0.6555631212102105, 0.15244450988958974, -0.039460230523906105, 0.5288754326487108, -0.6684183944245196, 0.6503985314394471, -0.07957902367752151, -0.5621969058309709, 0.10015449711922633, -0.1663560340000075, 0.5758681021885674, 0.1977014777878123, -0.05867005624064901], [-0.6436629094150252, -0.4301198035883196, -0.44811200993386713, -0.12344544050022996, -0.04204650251022132, 0.4068258990765371, -0.1703663652680142, -0.053109843140511794, 0.31944622435305403, 0.6638725254220008, 0.6058235626078569, 0.3875278747120894, 0.4291684993770123, 0.01501332753266052]], "inverted": true, "swapped": true, "error_lsq": 0.045117515081615614, "error_max": 0.25799895011417423, "target": "954.xyz", "model": "8.xyz", "model_rescale": 4.121658175737393, "target_rescale": 4.146254440041365},
{"mapping": [2, 3, 6, 9, 0, 4, 1, 12, 7, 5, 13, 10, 14], "R": [[0.21878697829510163, 0.6300042793721157, -0.7451354682883644], [0.7052692927677056, -0.6298314337132555, -0.3254344631191446], [-0.6743348447228865, -0.4543203419169415, -0.5821215887707948]], "T": [0.056558176162076375, -0.08135485564257791, -0.0326814078400657], "aligned_model": [[-0.5424391648032519, -0.09654527343795644, 0.22155818122801524, 0.19021754747471278, -0.6822785467167835, -0.4997689490163131, 0.10370466868051512, 0.2149552558664906, 0.7698401824980579, -0.163734150816704, -0.4106782784057986, 0.32424234066147944, 0.047663683222733795], [0.2482834967415655, -0.4227269023503911, 0.188573626408551, 0.7359553470549934, -0.4335302527379383, 0.06895606287906847, -0.6363200693748776, -0.11622477417433236, -0.25419800097531786, -0.4911980056310714, 0.5340498214801737, 0.4369267954565508, -0.06815970536526461], [-0.5470637604046877, -0.6292150511429448, -0.6514792551915016, -0.1409082110849063, -0.09395620342070302, 0.45120243992703896, -0.0725699948775331, 0.6838062132148868, -0.2952855894678188, 0.473596659698568, -0.042416811574478054, 0.3158404252669076, -0.030475426983738618]], "inverted": true, "swapped": true, "error_lsq": 0.046424594278594425, "error_max": 0.28653976641420037, "target": "954.xyz", "model": "9.xyz", "model_rescale": 3.833441315466971, "target_rescale": 4.146254440041365},
{"mapping": [12, 7, 10, 11, 1, 6, 8, 9, 3, 13, 5, 2, 4, 0, 14], "R": [[-0.14890664100342493, 0.2781971816670155, -0.9489115556139079], [0.0005905564884196579, -0.9595848091125914, -0.28141898543521476], [-0.9888510825741715, -0.04246554171185375, 0.1427242595321751]], "T": [0.043349940295371536, 0.07574874624548483, -0.043871236035714606], "aligned_model": [[0.28566741376733545, 0.25392414134906394, -0.5700102096855019, 0.012383587283973561, 0.2691148647863746, 0.6953428866170839, -0.5606140441895451, -0.28526396648731284, 0.3015743374570951, -0.5619378765590796, -0.0052232099616459846, -0.30643496993509983, 0.6330757720533519, -0.2870836629829969, 0.033994036570911317], [0.30627407505398085, -0.5446305956909481, 0.1641545944879319, -0.30683368912297654, 0.7767928173696199, 0.26301453269225766, -0.38222341603444576, -0.6040153791746292, -0.5035896457983711, 0.3889414354554662, 0.454915597750719, -0.11695240726217279, 0.10622497565383358, 0.6690265876866617, -0.003621765521832354], [-0.5450302648266478, -0.16512285347207578, -0.5839896266982099, -0.6077939667110094, -0.10023028255972335, -0.07652535090841873, -0.2256633326694469, 0.2525132449911486, 0.5494322596240835, 0.3699204260451533, 0.5140788954820829, 0.5537632985583916, 0.49204594309614225, -0.09542701537264275, 0.007408726268516068]], "inverted": false, "swapped": false, "error_lsq": 0.04784352772765306, "error_max": 0.30885668982432013, "target": "954.xyz", "model": "10.xyz", "model_rescale": 4.2482417240324, "target_rescale": 4.146254440041365},
{"mapping": [0, 3, 6, 7, 4, 10, 13, 11, 1, 12, 5, 14], "R": [[-0.5092845389715335, -0.5897826359381768, 0.6267261768191661], [0.11024563256361686, 0.6775338081817114, 0.7271821224916328], [-0.8535075622776875, 0.4394364358090986, -0.2800365333634086]], "T": [0.018300596498651005, 0.01407460512229923, 0.004990759162211103], "aligned_model": [[-0.7359810812352462, -0.04550488099184841, 0.3793507320600861, 0.7275230778349907, -0.6006918121235968, 0.28601250467917844, -0.30520823008777753, 0.6017897239552628, -0.03345073008228978, -0.014556511559286951, -0.3943534725782807, 0.011836282491815358], [-0.30866979702169955, -0.6802458040959755, -0.31127423887592687, -0.2338439083993752, 0.44129534627077566, 0.6226458858241642, 0.32416978851048545, 0.3810710410743123, -0.3387736476169683, 0.5851568822640734, 0.1618292507718158, 0.022770591344958263], [-0.01861041637517817, 0.1033572093893833, 0.5017684683048865, -0.20272734857013897, 0.028816311968921256, 0.14538121633526824, 0.6345228199404588, -0.23873345065734064, -0.4246837575612416, -0.4559273467816946, -0.5248231539734355, 0.016851737834467903]], "inverted": false, "swapped": true, "error_lsq": 0.0437484584612614, "error_max": 0.26237811325022914, "target": "954.xyz", "model": "11.xyz", "model_rescale": 3.6694154284099745, "target_rescale": 4.146254440041365},
{"mapping": [6, 9, 10, 11, 7, 2, 3, 0, 12, 5, 4, 1, 13, 14], "R": [[-0.24413864800569765, 0.8595332778081597, -0.44899762236598917], [-0.2700685905389675, -0.5049549270812773, -0.8198069760746354], [-0.9313749389769118, -0.07888641173677058, 0.35541195406042714]], "T": [0.11738144998600378, 0.026319189791859647, -0.0013866282720515384], "aligned_model": [[0.0779893276510745, -0.2402668190603555, 0.055880383681292695, 0.5942843782760233, 0.7929229487529531, -0.5806944729910855, 0.16395627203702626, -0.29277145269916416, 0.292908920916486, 0.18668361077080148, -0.4083990983583794, 0.46965223448476345, -0.6165367438309738, 0.10265536062534691], [-0.3786387484833067, 0.2836758667487772, 0.6030047788134134, 0.48540897276313727, -0.10857127051225207, -0.4408043723382255, -0.6742498702295372, -0.3396562248285555, 0.6863605243628356, 0.263178608334318, 0.3856607918323718, -0.21697138303060898, 0.1511844751568765, 0.03140513954701023], [-0.5648176284014677, -0.7109140008149774, -0.35549042689651517, -0.31178573341495114, -0.3661539195993147, -0.16427937193660933, 0.05210828958721751, 0.6081200626505695, 0.2691602268358881, 0.6404174110944492, 0.3994440698931577, 0.3571036381926287, -0.20851061163160012, -0.005306545906060004]], "inverted": true, "swapped": true, "error_lsq": 0.04430423648540891, "error_max": 0.2999026056730308, "target": "954.xyz", "model": "12.xyz", "model_rescale": 3.9764082729961374, "target_rescale": 4.146254440041365},
{"mapping": [5, 9, 6, 12, 4, 0, 13, 10, 2, 14, 3, 8, 7, 6, 15], "R": [[0.20649094181506122, 0.07498771526604017, 0.9755707731925493], [-0.25008577574587143, -0.9598958544810593, 0.1267164287677917], [0.9459485164203784, -0.2701421683285607, -0.1794564380924487]], "T": [-0.01731699020112841, -0.04506931965385084, 0.010099543239474108], "aligned_model": [[0.3281853796607033, 0.4050600601309609, -0.37546184925318277, -0.1854964889806333, 0.3169604812589172, 0.7007443173308284, -0.5716761963937127, -0.3538217220183182, 0.5481148894974572, -0.6802008317014369, -0.2270870334169814, -0.07679983133677319, 0.47289905815863076, -0.37546184925318277, -0.017449283599269155], [0.21856193846937902, -0.2730775999872447, 0.5118597031362643, -0.531130841345531, 0.5833001092332202, 0.05856599939182023, -0.08923317736346173, -0.7260794213905584, -0.3525933426908366, 0.3673560403510688, 0.3224198449839322, -0.29863512609382403, 0.311447711314757, 0.5118597031362643, 0.05285617639984506], [-0.7068039216670217, -0.3519901942149231, -0.37097935831224266, -0.367621767079802, -0.08620286946987829, -0.01738886839269864, -0.24527463393713855, 0.27303814016937683, 0.48124206794064245, 0.18126722324266772, 0.7376926233032245, 0.6672289141120799, 0.4613395364613305, -0.37097935831224266, 0.05481256700396922]], "inverted": true, "swapped": false, "error_lsq": 0.04596746360788524, "error_max": 0.32038937839299414, "target": "954.xyz", "model": "13.xyz", "model_rescale": 4.170626492500431, "target_rescale": 4.146254440041365},
{"mapping": [3, 6, 1, 7, 5, 12, 8, 2, 0, 9, 13, 10, 4, 14], "R": [[-0.0746006847444386, -0.49266156227402746, 0.8670174870747276], [-0.9050769458979016, -0.3315606303922363, -0.2662766801243202], [0.4186531498027784, -0.804581961910418, -0.42116197208270734]], "T": [-0.0639740117416496, 0.01447028952124384, 0.03129567551455452], "aligned_model": [[0.23085988248846304, -0.08840329246423012, -0.08705416412122, -0.6930348977993296, 0.04360991492909881, -0.38240661081034566, -0.5641415323611373, 0.6292346909786959, 0.6774753425363949, -0.18904142872311414, 0.37770977528866323, -0.4174101296999265, 0.36193903100978064, -0.05615355916015007], [-0.38297691124537736, -0.6792703115127602, 0.15836840412656022, -0.3155216242525499, 0.6646430338915779, 0.6496782852371507, 0.33741815513636864, -0.44481337394036313, 0.2331257048725394, -0.39273520026435876, -0.10801756375144789, 0.1002065353800531, 0.5221478435820474, 0.0138214906662259], [-0.4696400744185098, 0.06482702951813306, -0.5077413536075132, -0.28963214835837653, -0.16496613887867123, 0.2177669581057839, -0.2764161763859097, 0.23271234172180377, -0.24457472584325685, 0.7497075811869782, 0.653420869718098, 0.605290759649121, 0.38780430329658855, 0.04531387541659696]], "inverted": true, "swapped": true, "error_lsq": 0.0510605976455088, "error_max": 0.33263109799307283, "target": "954.xyz", "model": "14.xyz", "model_rescale": 3.9786697098870705, "target_rescale": 4.146254440041365},
{"mapping": [10, 13, 7, 8, 6, 3, 4, 0, 1, 5, 2, 14], "R": [[0.32514784734131974, -0.9368553899083658, 0.12876667180971108], [-0.5780526604414493, -0.30466566370996795, -0.7569900627569213], [0.7484210039315229, 0.171699772148389, -0.6406131352995527]], "T": [0.07085803888823619, -0.058631423145220345, -0.10597137984632311], "aligned_model": [[-0.21325844102937228, -0.6936889067081019, 0.6784415297788919, 0.6083610282242962, 0.0437965269932985, 0.3204958459370434, -0.45175447294201143, -0.1016919921879835, 0.5365669854162641, 0.1874796620976838, -0.486232027584503, 0.05483885877183048], [-0.4778991700079548, 0.04677296243834612, 0.02586406573058806, -0.45787524864159096, 0.49212765133410047, 0.5673770166788414, -0.39538704706734784, 0.19299191158818957, -0.014608328400668592, -0.48251493462457634, 0.5768126240924225, -0.05898701289591066], [-0.5589951454722565, -0.1445133396647981, -0.5869180958308926, -0.1350292642470607, -0.5289717101459573, 0.09804412619678239, 0.3179491702586097, 0.6559826858035236, 0.19895061647149004, 0.42274382164195856, 0.027856805315193675, -0.10713317645276242]], "inverted": false, "swapped": true, "error_lsq": 0.04513782502120247, "error_max": 0.2312623494981833, "target": "954.xyz", "model": "15.xyz", "model_rescale": 3.769337070930944, "target_rescale": 4.146254440041365},
{"mapping": [0, 4, 3, 1, 2, 13, 6, 10, 7, 8, 14], "R": [[-0.9709195217574537, 0.2001996924171401, 0.13128353067449172], [-0.2371656947140415, -0.8791643555749863, -0.41330674944552426], [0.03267591653012651, -0.4324235412677041, 0.901078334794714]], "T": [-0.0415988448488676, 0.012467605456907588, 0.08219651999338794], "aligned_model": [[-0.4483812286652892, -0.25154845190993236, -0.0704565805425129, -0.48718352614906846, 0.38016674755024776, 0.40241185552990866, 0.5207550684715034, 0.2802293320067088, 0.07017662346025931, -0.44049517809142463, -0.03304853096923005], [0.02493178799207882, -0.6185922697851417, 0.6219112230060404, 0.34753324496003424, 0.07383674108301089, -0.4394896379651485, 0.41598597652130453, -0.4566217056094015, 0.5249947694198366, 0.10039437500375142, 0.0011799929989772216], [-0.6305689044889281, -0.2698282190809627, -0.26933390011898284, 0.1135906054320998, -0.6596903155393029, -0.3602023354019137, 0.019521458224310145, 0.4538415021567136, 0.658763151480133, 0.6135156848187524, 0.07460887974185844]], "inverted": false, "swapped": true, "error_lsq": 0.041469375287299645, "error_max": 0.2200822293451641, "target": "954.xyz", "model": "16.xyz", "model_rescale": 3.7852294659196426, "target_rescale": 4.146254440041365},
{"mapping": [13, 0, 3, 2, 4, 5, 8, 1, 6, 9, 10, 7, 14], "R": [[0.8820623858056709, 0.47004246362445806, -0.03203170205684172], [-0.10993126805335314, 0.13922692412818025, -0.9841397156410203], [-0.4581277811386143, 0.8715939111694484, 0.1744791969300466]], "T": [-0.019980575951236295, 0.14582239101931554, 0.058338013924229035], "aligned_model": [[-0.04491151009829883, -0.4690959719313017, 0.2577074315890849, 0.1898706326478387, -0.636918073537642, -0.6706977347940664, -0.16415906162236912, -0.15102312819583003, 0.6441537346786566, 0.40905064975136574, 0.016490682350344014, 0.49514381069368435, -0.02184561131518331], [-0.13681871640872706, -0.533391034953304, -0.3773644049915052, -0.5807338181962753, 0.008222030857868129, 0.20225463662486642, 0.6257482279982933, 0.07406292718756144, -0.042055997939746514, 0.3158929098257381, 0.642977086898119, 0.5341943985731978, 0.14206737822678767], [-0.6604248482925057, 0.16142194593743442, 0.43911731364171147, -0.341820714052258, -0.3499401823111743, 0.2732802839231751, 0.5033472404101866, 0.5963702698693312, -0.023052964613088353, -0.6377812732089959, -0.40344679053081284, 0.4958548475339101, 0.0428295688362598]], "inverted": true, "swapped": true, "error_lsq": 0.0448642670812692, "error_max": 0.24430143220773778, "target": "954.xyz", "model": "17.xyz", "model_rescale": 3.901054581598922, "target_rescale": 4.146254440041365},
{"mapping": [7, 0, 6, 1, 12, 3, 4, 8, 2, 10, 9, 5, 13, 11, 14], "R": [[-0.19127215090709343, -0.7270948991979429, 0.6593542081822997], [-0.6911806786377634, -0.3771856415774987, -0.6164416122112552], [0.6969104919322243, -0.5736410021503903, -0.4304088369058902]], "T": [-0.04618165583893605, 0.01203734900119817, 0.030999341943640662], "aligned_model": [[0.20894993874481269, 0.46597679849775797, -0.3636546170556554, -0.12899576450597464, 0.38471058436423433, 0.7156074933457162, -0.7373476119201837, -0.23370652522086177, 0.47771932705130926, -0.7835065694086438, -0.14002803942553552, -0.07575383736114435, 0.4182706765037153, -0.2669737103138051, -0.03275904321173355], [0.20384600762044836, -0.3950839570562398, 0.29943410556418454, -0.3448299994156928, 0.6087423082770145, 0.05445924057388561, -0.3522951206551467, -0.5887713062179477, -0.47922211462174064, 0.2787661943869058, 0.4551735592330756, -0.09648333959893553, 0.2017581362089061, 0.7576888097832565, 0.06429519346312047], [-0.5502014251937418, -0.3529934682820453, -0.5857175854091796, -0.5618522992579482, -0.07024379602407882, -0.004827530829374611, -0.09198619630460801, 0.24143136259859224, 0.44079197427814903, 0.2711273140699448, 0.5095521361088613, 0.645356561500301, 0.5561586055802422, -0.14784628042667253, 0.04063072843890134]], "inverted": true, "swapped": false, "error_lsq": 0.034552682091271936, "error_max": 0.219884946725716, "target": "954.xyz", "model": "18.xyz", "model_rescale": 3.9405287249114394, "target_rescale": 4.146254440041365},
{"mapping": [2, 1, 10, 3, 5, 6, 14, 12, 0, 13, 7, 4, 8, 11, 15], "R": [[0.04895927151057561, 0.27835789335356964, 0.9592287907172705], [-0.5302941341127737, -0.8065966725800936, 0.2611320338608523], [0.846398913668217, -0.52145823513536, 0.10812117253701131]], "T": [-0.07767062539540186, 0.02163238753028294, 0.10734731799736809], "aligned_model": [[0.38368750407189356, 0.3258333687547881, -0.25249979313275245, -0.21932967578528212, 0.38438568678971147, 0.6483055021252399, -0.7497625556498275, -0.3331604541282085, 0.4647108768215346, -0.6882775941412742, -0.08180063251345092, -0.01972594958288778, 0.5405910717032526, -0.4279237665554991, -0.06652448869322997], [0.2827925289228624, -0.4143381152554466, 0.1883144491223471, -0.5341991101997795, 0.6897335031991028, 0.0991400007172388, -0.05303684999137357, -0.461141638094672, -0.2843008399113745, 0.22815677260823528, 0.32446982402885965, -0.33626583321046716, 0.3179258471068107, 0.5851592924187521, 0.03506788608399955], [-0.5813248390812328, -0.18011341216423216, -0.6406873666250839, -0.5222657810148414, -0.06987431265430817, -0.05150697927033086, -0.27008599310672676, 0.14969409833955447, 0.39872580786232314, 0.296653032277519, 0.7428770018340228, 0.7423404728830458, 0.42708911265177585, -0.17367468554350002, 0.07153394445935835]], "inverted": true, "swapped": false, "error_lsq": 0.04330984230355336, "error_max": 0.3025085895142715, "target": "954.xyz", "model": "19.xyz", "model_rescale": 4.410303926677745, "target_rescale": 4.146254440041365},
{"mapping": [3, 0, 1, 6, 8, 13, 7, 5, 4, 10, 9, 11, 12, 14], "R": [[-0.9790160456938247, -0.18282762857404372, -0.09000911344979853], [-0.07281601926579472, 0.7263807519896174, -0.6834243414433536], [0.19032973916944929, -0.6625292909517206, -0.724451191605549]], "T": [-0.016711113131926598, -0.046690258203482764, 0.004773142298671623], "aligned_model": [[-0.2647801500798389, 0.3206370397884974, 0.24221100374765223, -0.6997227416608641, 0.3234087374528784, -0.23792436903225125, -0.31837367611088424, 0.6676758298258645, 0.43214361642791166, -0.09262402996883999, -0.5841547933883899, -0.0383291388238864, 0.5308483059924197, -0.01982774470939631], [-0.16425031898436587, -0.6555631212102105, 0.15244450988958974, -0.039460230523906105, 0.5288754326487108, -0.6684183944245196, 0.6503985314394471, -0.07957902367752151, -0.5621969058309709, 0.10015449711922633, -0.1663560340000075, 0.5758681021885674, 0.1977014777878123, -0.05867005624064901], [-0.6436629094150252, -0.4301198035883196, -0.44811200993386713, -0.12344544050022996, -0.04204650251022132, 0.4068258990765371, -0.1703663652680142, -0.053109843140511794, 0.31944622435305403, 0.6638725254220008, 0.6058235626078569, 0.3875278747120894, 0.4291684993770123, 0.01501332753266052]], "inverted": true, "swapped": true, "error_lsq": 0.045117515081615614, "error_max": 0.25799895011417423, "target": "954.xyz", "model": "20.xyz", "model_rescale": 4.121658175737393, "target_rescale": 4.146254440041365},
{"mapping": [8, 1, 3, 7, 6, 12, 0, 10, 4, 13, 2, 9, 14], "R": [[-0.7797190320500271, -0.5485367623880335, 0.30190338084861335], [-0.3061292374888625, -0.0866334630073351, -0.9480398372652091], [0.5461896383248737, -0.8316261560317898, -0.10037338088523695]], "T": [0.0648749008471795, -0.07340250899384756, 0.10459205785928086], "aligned_model": [[0.09561063733719771, -0.04425438235640182, 0.2055578980068886, 0.6985632365497517, 0.639682473414801, -0.25764767484852424, -0.5525760614827403, 0.2112808205223313, -0.5919128984542638, -0.08930666578456248, 0.02896060268724887, 0.47617010808046145, 0.060954810992106104], [-0.5271602119494514, 0.01252412397057788, 0.5422223670415369, -0.2556628910735846, 0.28396057815067977, -0.7324293442161255, 0.459426805030825, -0.5842488773767971, -0.15613016008450856, 0.11705294241311148, 0.6387159810926621, -0.18554216959923608, -0.07190223923650707], [0.5968406920868364, 0.6454318612026029, 0.41610808387029763, 0.5203169380122877, -0.05315787540982944, 0.14096341782560856, 0.19683654387849792, -0.31889282325933965, -0.2532106014373765, -0.6282669768315259, -0.36832007112513254, -0.6136243335855757, 0.0890848842544379]], "inverted": false, "swapped": true, "error_lsq": 0.044187974614110836, "error_max": 0.264933560662161, "target": "954.xyz", "model": "21.xyz", "model_rescale": 4.08911054899281, "target_rescale": 4.146254440041365},
{"mapping": [0, 13, 1, 2, 6, 7, 15, 14, 12, 11, 5, 9, 10, 8, 16], "R": [[0.6118338291430738, -0.13480627549053142, -0.7794142888121152], [-0.7220756856685374, 0.30706607835064803, -0.6199331638916133], [0.32290256995328503, 0.9420921884904497, 0.09053308070997687]], "T": [-0.017258741447879037, -0.011383252644113474, -0.026296158786797242], "aligned_model": [[0.3778119942822789, 0.4968550043847852, -0.47886764205639426, -0.367615969969777, 0.3614226725119263, 0.6839347611533557, -0.6874595197635232, -0.14194730228747382, 0.40171568356503495, -0.690419818922168, -0.14758861913582969, -0.10252897401560528, 0.43581775301008613, -0.25017628156215566, 0.017555358889466934], [0.25434001145620516, -0.4066529310343578, 0.3285497505278834, -0.3324307119108288, 0.62593184268757, 0.09688217417290593, -0.2972015828964177, -0.5941882858752873, -0.44038907507143077, 0.32563233235371863, 0.37526020480430905, -0.14927973827574556, 0.25952046497639675, 0.6406680417799538, -0.019164780149780073], [-0.637352341854098, -0.15349247838535288, -0.5752598711572094, -0.5698328831156085, -0.10371698631491699, 0.022718709114427495, -0.051709083275395556, 0.21164005531947283, 0.40426619621262033, 0.1121512662548811, 0.5492470748128531, 0.6674337297511045, 0.5840056314481694, -0.06290964000732802, -0.05780927795627565]], "inverted": false, "swapped": false, "error_lsq": 0.03152610118406598, "error_max": 0.24634092726172702, "target": "954.xyz", "model": "22.xyz", "model_rescale": 4.204369325754507, "target_rescale": 4.146254440041365},
{"mapping": [2, 1, 10, 3, 5, 6, 14, 12, 0, 13, 7, 4, 8, 11, 15], "R": [[0.04895927151057561, 0.27835789335356964, 0.9592287907172705], [-0.5302941341127737, -0.8065966725800936, 0.2611320338608523], [0.846398913668217, -0.52145823513536, 0.10812117253701131]], "T": [-0.07767062539540186, 0.02163238753028294, 0.10734731799736809], "aligned_model": [[0.38368750407189356, 0.3258333687547881, -0.25249979313275245, -0.21932967578528212, 0.38438568678971147, 0.6483055021252399, -0.7497625556498275, -0.3331604541282085, 0.4647108768215346, -0.6882775941412742, -0.08180063251345092, -0.01972594958288778, 0.5405910717032526, -0.4279237665554991, -0.06652448869322997], [0.2827925289228624, -0.4143381152554466, 0.1883144491223471, -0.5341991101997795, 0.6897335031991028, 0.0991400007172388, -0.05303684999137357, -0.461141638094672, -0.2843008399113745, 0.22815677260823528, 0.32446982402885965, -0.33626583321046716, 0.3179258471068107, 0.5851592924187521, 0.03506788608399955], [-0.5813248390812328, -0.18011341216423216, -0.6406873666250839, -0.5222657810148414, -0.06987431265430817, -0.05150697927033086, -0.27008599310672676, 0.14969409833955447, 0.39872580786232314, 0.296653032277519, 0.7428770018340228, 0.7423404728830458, 0.42708911265177585, -0.17367468554350002, 0.07153394445935835]], "inverted": true, "swapped": false, "error_lsq": 0.04330984230355336, "error_max": 0.3025085895142715, "target": "954.xyz", "model": "23.xyz", "model_rescale": 4.410303926677745, "target_rescale": 4.146254440041365},
{"mapping": [0, 7, 3, 1, 5, 12, 10, 11, 13, 8, 15, 14, 6, 4, 16], "R": [[-0.5076892780908685, 0.8050652331025588, -0.3067923847834165], [-0.8612666452320038, -0.4652852775612252, 0.2042776940725139], [0.021710889488519486, 0.367939643058881, 0.9295961791785295]], "T": [-0.03760433376936918, 0.0008525384766507951, 0.07496504988620484], "aligned_model": [[0.37073823242354526, 0.3186228685547308, -0.32896348865401953, -0.23060663943534904, 0.19347934452485843, 0.715778197644036, -0.6676378657198004, -0.2760070070689626, 0.5455291557818259, -0.7132436540751612, -0.12919447858475225, 0.024799636189179977, 0.5013208346772582, -0.3486490243316288, -0.06745701184175311], [0.14714019516606677, -0.47329706407637206, 0.24891490692681154, -0.481147733470927, 0.5844563569740091, 0.23646048015866467, -0.05773226829719596, -0.5745776769090274, -0.2802444071057481, 0.44812167776563516, 0.3416602520689247, -0.261366222175813, 0.21269498078675564, 0.5627174790988967, 0.01367676063441415], [-0.5432922438204464, -0.22539345491339818, -0.739176147239859, -0.608234187101377, 0.11507676998451014, -0.07695431675673478, -0.07803663412070769, 0.18795053211981752, 0.3490571226961076, 0.21341537726347254, 0.6952678296344927, 0.6958491422174016, 0.5674897012597799, -0.1729126658603678, -0.040726724515348034]], "inverted": false, "swapped": false, "error_lsq": 0.039562784359480505, "error_max": 0.26106785653238407, "target": "954.xyz", "model": "24.xyz", "model_rescale": 4.28219845311461, "target_rescale": 4.146254440041365},
{"mapping": [4, 1, 7, 3, 2, 0, 9, 5, 8, 12, 14, 10, 6, 13, 15], "R": [[0.4190416843155756, -0.4319617696581366, 0.7986320156115561], [-0.6405940430123096, -0.7639982564801983, -0.07710989659155834], [0.6434619948863407, -0.47928665081455013, -0.596859252661683]], "T": [-0.07528098380026603, 0.06198914644236993, 0.001281616611912468], "aligned_model": [[0.28321018119586494, 0.2799575797331108, -0.4323841260115281, -0.03839938687494031, 0.26713308536203084, 0.7227910689449475, -0.6594182557429719, -0.22116901654987675, 0.23663821133923663, -0.7079411078191886, -0.10965092714779655, -0.006074585667909457, 0.6322877797502126, -0.3341963127588714, -0.004275087668313346], [0.2200108366653104, -0.44113085460003426, 0.23678652205928868, -0.39747697836029006, 0.6500311015311846, 0.1792104696058041, -0.2028946105128479, -0.7550273067420303, -0.40915560322560135, 0.3810275735392483, 0.496978641858133, -0.07965035613603134, 0.13951689590572908, 0.5730500961816222, 0.07620128977560985], [-0.6161014112277859, -0.17351319560088016, -0.6676497917181988, -0.6212743831398279, 0.07703970979648078, -0.12076072054475338, -0.2120114369728025, 0.19228286802292485, 0.40461162726405037, 0.28829302709054766, 0.6255791985124486, 0.7790049251187151, 0.5540320375722364, -0.1558680414178629, -0.014284311907948474]], "inverted": true, "swapped": false, "error_lsq": 0.03399416983830242, "error_max": 0.204920861891971, "target": "954.xyz", "model": "25.xyz", "model_rescale": 4.100010024507729, "target_rescale": 4.146254440041365},
{"mapping": [0, 3, 6, 7, 4, 10, 13, 11, 1, 12, 5, 14], "R": [[-0.5092845389715335, -0.5897826359381768, 0.6267261768191661], [0.11024563256361686, 0.6775338081817114, 0.7271821224916328], [-0.8535075622776875, 0.4394364358090986, -0.2800365333634086]], "T": [0.018300596498651005, 0.01407460512229923, 0.004990759162211103], "aligned_model": [[-0.7359810812352462, -0.04550488099184841, 0.3793507320600861, 0.7275230778349907, -0.6006918121235968, 0.28601250467917844, -0.30520823008777753, 0.6017897239552628, -0.03345073008228978, -0.014556511559286951, -0.3943534725782807, 0.011836282491815358], [-0.30866979702169955, -0.6802458040959755, -0.31127423887592687, -0.2338439083993752, 0.44129534627077566, 0.6226458858241642, 0.32416978851048545, 0.3810710410743123, -0.3387736476169683, 0.5851568822640734, 0.1618292507718158, 0.022770591344958263], [-0.01861041637517817, 0.1033572093893833, 0.5017684683048865, -0.20272734857013897, 0.028816311968921256, 0.14538121633526824, 0.6345228199404588, -0.23873345065734064, -0.4246837575612416, -0.4559273467816946, -0.5248231539734355, 0.016851737834467903]], "inverted": false, "swapped": true, "error_lsq": 0.0437484584612614, "error_max": 0.26237811325022914, "target": "954.xyz", "model": "26.xyz", "model_rescale": 3.6694154284099745, "target_rescale": 4.146254440041365},
