[{"mapping": [0, 6, 4, 9, 2, 8, 1, 5, 3, 10, 11, 12], "R": [[0.07647267253121676, 0.9351866571275537, 0.3458002988525676], [0.6914368374954244, 0.2001368091042593, -0.6941616219555009], [-0.7183780551424575, 0.2921834594431333, -0.6313175080081208]], "T": [-0.09194443959800008, -0.07171220039960062, -0.04463191635701416], "aligned_model": [[-0.07499529471573957, 0.05898739997303781, 0.5769390310820397, 0.005814054550982606, -0.21488245423575675, -0.6506090959618733, 0.458916820206507, -0.1764581711049813, 0.4600657566289758, 0.11810884849838255, -0.5663199397632455, -0.15792449269778036], [-0.4047104626419257, -0.7635688691859482, -0.34370744844656126, 0.6632306168356452, 0.2663849358399305, -0.41849365347926293, -0.22562095042513491, -0.4287206082945651, 0.2971940070453274, 0.32019078251404043, 0.17185988008344222, -0.08048319386793046], [-0.5585056439623685, 0.04956714424355066, -0.46920172327775145, 0.033458353893374176, -0.6445042049295919, -0.1273478605618992, 0.4060178326796775, 0.514954704929045, -0.10634057387345358, 0.5483119880539413, 0.5177309745936145, 0.01781075356542433]], "inverted": true, "swapped": true, "error_lsq": 0.052717613292094866, "error_max": 0.25918304477152054, "target": "955.xyz", "model": "0.xyz", "model_rescale": 3.751011558992144, "target_rescale": 3.8914648855168856},
{"mapping": [4, 11, 8, 9, 10, 7, 6, 2, 1, 13, 12, 3, 14], "R": [[0.9466596658763378, -0.2577137807728116, -0.19344013079680214], [-0.29353904055523217, -0.4420451489868918, -0.8476030426603427], [0.1329297132804194, 0.859173843559579, -0.49411536898809943]], "T": [-0.06800674315925723, 0.0031158350408755572, 0.03980686989428185], "aligned_model": [[-0.20176694605699005, 0.3910398923759054, -0.5412717037443364, -0.3116607926351831, -0.2545175346566408, 0.5646607966791225, 0.5687356465639588, -0.5846526021421783, 0.29382505545035176, -0.39645621572851786, 0.33569667939803605, 0.0748377278709221, -0.05207767118236313], [0.2537183874009139, -0.628117414280158, 0.41802650898788946, -0.6072654359297439, -0.4678968613516986, 0.11877192194766262, -0.05562913034921949, 0.36678892038466837, 0.551802825879298, -0.29924684443975125, -0.40919206169145445, 0.11822091602491888, -0.045056332619419645], [-0.6983533693364692, -0.1261803593799407, -0.17063946974390481, 0.0873150750442165, -0.6050299409508165, 0.20115270155257514, -0.35368252442407244, 0.5732457561600229, -0.1919384321842037, 0.6126942517825976, 0.5077821352501561, 0.7812596107621945, 0.06053171904284808]], "inverted": false, "swapped": false, "error_lsq": 0.04344672158935118, "error_max": 0.24516583876112663, "target": "955.xyz", "model": "1.xyz", "model_rescale": 3.9405287249114394, "target_rescale": 3.8914648855168856},
{"mapping": [5, 10, 0, 6, 11, 8, 9, 1, 2, 7, 3, 4, 12], "R": [[-0.04869657093726312, -0.9527211833451955, -0.2999183068508534], [-0.2990437354644108, 0.30040724818038644, -0.9057197853200398], [0.9529960588892504, 0.04558324303972061, -0.29953410439470524]], "T": [-0.04767741091713423, -0.04390551483237293, 0.09361805154208722], "aligned_model": [[-0.10340452894484922, 0.5478988498189927, -0.7739752057113762, -0.4769429910034162, -0.10028659567404433, 0.7224915187324512, 0.5881429486616223, -0.4381241835677287, -0.04444994363927454, -0.39331129010671023, 0.12069695200604891, 0.26248528151108214, -0.02482847989071068], [0.25874986332888283, -0.6153402320486104, 0.19186771578499395, -0.37036073610561776, -0.39810139209299616, -0.035264903979464246, -0.12479446502197981, 0.5131294197763482, 0.6020078701041534, -0.39026177518624044, -0.4945911777496357, 0.13679829955275652, 0.04108691360131575], [-0.5646907595512638, -0.08027387155942342, -0.2525502388560221, 0.026433651224392382, -0.5223298709708255, 0.17995998663890417, -0.3958414004786325, 0.4991913885730841, -0.12307322686205122, 0.7177049169912735, 0.40237715783683403, 0.6959808637866303, 0.09526855680230434]], "inverted": false, "swapped": false, "error_lsq": 0.050441341634257036, "error_max": 0.268908610559764, "target": "955.xyz", "model": "2.xyz", "model_rescale": 3.932901565614263, "target_rescale": 3.8914648855168856},
{"mapping": [0, 5, 1, 6, 2, 7, 4, 11, 3, 10, 12, 9, 13], "R": [[0.904425754650009, 0.3131263971571154, -0.28976872455316216], [0.35283495346304933, -0.9308063007215206, 0.09543126401680949], [-0.23983650668838907, -0.1885510274183693, -0.9523271287320276]], "T": [-0.0004373650598214398, 0.0966543945902255, 0.08383425012948245], "aligned_model": [[-0.020959756418912394, 0.41086589018586445, -0.6416931324097682, -0.1563795688107189, -0.1998833557274813, 0.7035065418628592, 0.43848741128703866, -0.5252988565776681, -0.021098339156183116, -0.5426501741558509, -0.02769723816194266, 0.4749780475758278, -0.005785137300977553], [0.2957565896145943, -0.4800589465361911, 0.11541999101806036, -0.5642794637889196, -0.3319928885691845, 0.20753517990778675, -0.268361204574756, 0.4871584284268291, 0.5969662489576462, -0.23170150362217318, -0.4830981883860631, -0.023650279925169215, -0.004768562558553624], [-0.5556088486153468, 0.20643539223580396, -0.2865810764207186, 0.009398206312470875, -0.6022289077685, 0.040119553505401084, -0.5774788811577042, 0.6918932214854114, -0.01589864619886694, 0.4175004217180236, 0.5800939120105513, 0.6309173426365217, 0.1395954638321567]], "inverted": true, "swapped": false, "error_lsq": 0.05919651395455567, "error_max": 0.3303983665716888, "target": "955.xyz", "model": "3.xyz", "model_rescale": 3.9243930471874484, "target_rescale": 3.8914648855168856},
{"mapping": [8, 0, 9, 1, 7, 3, 4, 11, 10, 5, 5, 6, 12], "R": [[0.7504412073937727, -0.6512421103297965, 0.11279054915448233], [0.11179432247951127, 0.29326507610338415, 0.9494722874309831], [-0.6514138651477444, -0.6999137867418168, 0.292883368291897]], "T": [-0.005352742147872734, 0.038687938010370584, -0.025224910824099174], "aligned_model": [[-0.23321460349539014, 0.3066321385679301, -0.6927341570508236, -0.3545414602516633, 0.021391708258117592, 0.6468928640310245, 0.3685321374181513, -0.42403597082061373, 0.19948724387517036, -0.0998221949863378, -0.0998221949863378, 0.25773465072649365, -0.010107829093633886], [0.3076213840489883, -0.7176192577434426, 0.18110384584173483, -0.5810824425041043, -0.4271792730869807, -0.0153164535063577, 0.04771924591424789, 0.4968315683507824, 0.7113595743663756, -0.4046650898526491, -0.4046650898526491, 0.17488726426571033, -0.05406987627774973], [-0.5468475164129156, 0.20712657554158204, -0.09530979806421766, -0.08935146202139249, -0.6772764692986065, 0.1316590121313928, -0.48619758002426056, 0.4656343861176978, -0.07700491939040294, 0.5815177981885238, 0.5815177981885238, 0.6333730560531687, 0.04931627256611105]], "inverted": false, "swapped": false, "error_lsq": 0.0535868694196654, "error_max": 0.39123512596896065, "target": "955.xyz", "model": "4.xyz", "model_rescale": 3.8936222436046832, "target_rescale": 3.8914648855168856},
{"mapping": [9, 2, 11, 10, 8, 0, 4, 6, 1, 3, 5, 12], "R": [[-0.35533216130968154, 0.8806439923399592, -0.31337711131243845], [-0.9306425367483739, -0.36465740444539413, 0.0304868197373869], [-0.08742724937650805, 0.3024750173794296, 0.9491392626626357]], "T": [-0.17640782821044676, -0.0338287239377396, -0.057046089289541316], "aligned_model": [[0.05516957588121921, -0.6370794374569788, -0.0672097898635272, 0.44738802594691807, -0.6709031160159897, -0.5791238831608236, -0.058098365172781635, -0.10810210803181197, 0.49995426411224797, 0.21418445068039405, 0.11011119158650595, -0.17874276629027533], [-0.572821065767282, -0.5594259261919525, 0.2822667686384888, -0.0854478454553136, 0.40145813650854206, -0.07391841764732095, -0.33229404117138317, 0.4670076227804093, 0.10303964451464574, -0.5611504087784356, 0.5671752815478651, 0.03303315613154388], [-0.5171057804764634, -0.08532047682493792, -0.756167625691038, -0.45391761039512174, -0.12919358652156418, 0.40279510029132576, 0.716625261234811, 0.4477477456127526, 0.17538152735855161, 0.06121006239000115, -0.12364787250989777, -0.11912202519290113]], "inverted": true, "swapped": true, "error_lsq": 0.04526429913717575, "error_max": 0.25556711793236003, "target": "955.xyz", "model": "5.xyz", "model_rescale": 3.6523030999806103, "target_rescale": 3.8914648855168856},
{"mapping": [4, 9, 3, 7, 11, 6, 10, 0, 2, 5, 8, 1, 12], "R": [[0.5843936581528888, -0.7921079533494005, 0.1762073850646118], [-0.32864429735026446, -0.42957142568773005, -0.8411071965283391], [0.7419413576084268, 0.43362815922542997, -0.5113605786496742]], "T": [0.06386325573402055, -0.0837455227780087, 0.07257685270527367], "aligned_model": [[0.026805174199890328, 0.2601448143566256, -0.5470966275564276, -0.5196331538330048, -0.27264315583209175, 0.6723541019598119, 0.6437960633066488, -0.720864897508532, 0.212484206558055, -0.24707601440719748, 0.3788674973812757, 0.036221829768523284, -0.03696750620149017], [0.1961975751610794, -0.7421426086900331, 0.22644461259816043, -0.4184088851807467, -0.40326455100998415, 0.06843239549950816, -0.13741074341990897, 0.3007756522542768, 0.6402173637923446, -0.3048948912468228, -0.47228407580826215, 0.4495710070334755, -0.08830745101918139], [-0.4268129373747731, -0.152478034350922, -0.04210010170586978, -0.04721644253643684, -0.6752466750829144, 0.24347223977072688, -0.44652913306389286, 0.5453441548307699, -0.10063165186075354, 0.6367694236388474, 0.5237012515354472, 0.5166312374306952, 0.10325382234428027]], "inverted": true, "swapped": false, "error_lsq": 0.05624216088668334, "error_max": 0.3645557382421311, "target": "955.xyz", "model": "6.xyz", "model_rescale": 4.08911054899281, "target_rescale": 3.8914648855168856},
{"mapping": [2, 9, 7, 3, 0, 11, 1, 5, 13, 4, 8, 10, 14], "R": [[-0.020316639293979564, -0.46262965010407564, 0.8863188145427013], [0.7108645385085435, 0.6166866201219794, 0.33818518662644803], [-0.7030354486502329, 0.6369234015225932, 0.3163380131031609]], "T": [-0.01306123592018727, 0.028474488537822126, 0.10372098929809143], "aligned_model": [[-0.21253234219555203, 0.49410792340756704, -0.5680262020915953, -0.30405009389009074, -0.1890881110657508, 0.5419437788050526, 0.41684937235226793, -0.4924131480566315, 0.23256762900006586, -0.4937597235455645, 0.11670605128765033, 0.2196261681356106, 0.1244610300490579], [0.21725595156908595, -0.559078254078753, 0.5225090230460891, -0.6990998756524777, -0.5578986650923367, 0.15916734266711052, -0.05935721415345582, 0.3412867835526307, 0.6464603875789345, -0.29503728728381656, -0.4705319588336913, 0.12756335727216123, -0.058314190627575646], [-0.6543768805500649, -0.006363189303150621, -0.11360993250784701, -0.007690255090551962, -0.6103078945940095, 0.24307619898374877, -0.48399366914812586, 0.6065842331348541, -0.20230909362834176, 0.5051167847440076, 0.5501535037248115, 0.7784897397516866, 0.07338760805818706]], "inverted": false, "swapped": false, "error_lsq": 0.042378394479809095, "error_max": 0.31260771885840544, "target": "955.xyz", "model": "7.xyz", "model_rescale": 3.964800864290218, "target_rescale": 3.8914648855168856},
{"mapping": [9, 4, 10, 6, 11, 7, 12, 5, 8, 3, 0, 1, 13], "R": [[0.9351378221901294, 0.051623180316923936, -0.3505029254706277], [0.2426257626944957, -0.8142375065838018, 0.5273993004821942], [-0.25816659889772015, -0.5782320728964798, -0.7739494021494066]], "T": [0.038197119456691936, -0.13347036419990344, 0.11944150530995193], "aligned_model": [[-0.05524029213210921, 0.27550221738625713, -0.6430233919799845, -0.2379335711086936, -0.19313436069370327, 0.6717922170874754, 0.48814119443040227, -0.4725777450093738, 0.08453957205762686, -0.5032852353097798, 0.049139333059568496, 0.40378683105778657, 0.01868556334661427], [0.2448022566416997, -0.7114841571738854, 0.22034536745853595, -0.6375261483170273, -0.4276383010916824, 0.19110307228456735, -0.0037064591603982455, 0.4794909087276703, 0.6221845188166085, -0.34145435057608076, -0.47704229282218913, 0.21677015260594446, -0.060919167429857035], [-0.4480406540799482, -0.20410098130086787, -0.17362342919465232, 0.04079399165253632, -0.6202099637550001, 0.12734729740258063, -0.47333720182578853, 0.36935796873135474, -0.014333142017232597, 0.5547600284513844, 0.7479301451014563, 0.6733328613820573, 0.0982802330273247]], "inverted": false, "swapped": false, "error_lsq": 0.04523580356057218, "error_max": 0.295290411300013, "target": "955.xyz", "model": "8.xyz", "model_rescale": 4.121658175737393, "target_rescale": 3.8914648855168856},
{"mapping": [10, 8, 0, 2, 3, 7, 11, 4, 5, 1, 6, 9, 12], "R": [[0.5622418225635444, -0.07806806863953547, 0.8232797274434229], [-0.8193579920100039, 0.08220104357528416, 0.5673583253680771], [-0.11196702143827181, -0.9935534032421344, -0.017748831404195878]], "T": [0.049295785157559446, -0.05908660544006319, 0.030848654012886056], "aligned_model": [[-0.02607008956157339, 0.41623209247747744, -0.6818185490913611, -0.33284884994827796, -0.192450960774138, 0.7009344879673352, 0.4457944997007223, -0.4476335796156087, 0.021614045672319282, -0.5184828080599206, 0.17515731967710266, 0.34812548553491374, -0.022160761786903918], [0.3275653044948932, -0.6816255618604302, 0.20389656368551154, -0.6245559442892586, -0.3413766007516488, 0.11237528388604046, -0.20308185414371474, 0.38122590795412886, 0.5554686676009215, -0.24912778182266046, -0.3714943033792556, 0.28508246782364477, -0.07942674923426574], [-0.618228472426519, 0.12226162812905157, -0.09217949778459997, -0.09782284842711025, -0.6652510951958336, 0.0651813180854721, -0.4435838620206348, 0.6201821883492158, -0.026365364831874412, 0.3720868934829497, 0.636441218771316, 0.7275826608017957, 0.0778523866419751]], "inverted": false, "swapped": false, "error_lsq": 0.04196442992435903, "error_max": 0.2228039499946106, "target": "955.xyz", "model": "9.xyz", "model_rescale": 3.833441315466971, "target_rescale": 3.8914648855168856},
{"mapping": [13, 12, 9, 11, 10, 1, 0, 3, 5, 7, 6, 4, 14], "R": [[-0.005350365740058705, -0.8139772112984922, -0.5808721658619715], [-0.9399303507285288, -0.1941779029944226, 0.2807594660345996], [-0.34132434628340313, 0.5474815444153518, -0.7640429629011638]], "T": [-0.025340088901799097, -0.0949931618221688, 0.03219365658806908], "aligned_model": [[0.05562226087439944, 0.292861074019457, -0.7871461465216109, -0.37251192902841684, -0.11826327410554324, 0.7127511034535503, 0.4296855514796329, -0.5140278404361929, 0.2929688498551911, -0.5375451922065759, 0.3652008990155353, 0.17235939865283836, -0.10556242286017767], [0.45227546192750745, -0.6041306580682912, 0.1815339874553877, -0.6816363077921525, -0.5029697616557459, -0.11599759653226624, -0.02242742430584152, 0.37666489097181943, 0.4998002995524454, -0.31778646371039043, -0.22459569385945213, 0.32583333249991475, -0.05163866651902867], [-0.5419393356641676, 0.08266233145241078, -0.0008879518810288867, 0.006530185406070019, -0.6753899209204074, 0.012467065301352914, -0.4693129156897483, 0.5735297929049366, -0.016131898560471973, 0.3954057895959062, 0.5724810694444051, 0.6800613548007969, 0.05868158738514919]], "inverted": false, "swapped": false, "error_lsq": 0.050307087104177195, "error_max": 0.3192140954810964, "target": "955.xyz", "model": "10.xyz", "model_rescale": 4.2482417240324, "target_rescale": 3.8914648855168856},
{"mapping": [0, 8, 7, 11, 4, 3, 2, 10, 5, 1, 6, 12], "R": [[-0.019213668273322625, 0.11941484005767435, -0.9926585167747685], [0.28618347420933493, 0.9519572161320109, 0.10897925373054895], [0.9579821783524777, -0.28198857180423553, -0.05246514396101344]], "T": [-0.027654699984735208, 0.03153023782697413, 0.000673686374440062], "aligned_model": [[-0.611655122927128, -0.19595502571855652, 0.519944284815642, 0.6331303254886356, -0.6605958437154279, 0.06013575740108202, -0.1675831780010492, 0.5980580677601073, 0.12018178102542512, 0.04063529051802788, -0.4832884868604363, 0.02375775257668472], [-0.05844727428544834, -0.6078718858657839, -0.2272970357649145, -0.3407544453082929, 0.5801924638203475, 0.6709885855426161, 0.018246092976771, 0.35584059769259824, -0.15829497338160958, 0.5083120759132695, -0.041134861072015985, -0.033647950216897676], [0.1621942033648067, -0.04455270493630895, 0.7325211759797965, -0.15863343675332095, -0.00046806609203947636, 0.1680082678906229, 0.685884416084202, -0.22867131226241255, -0.6237024221654592, -0.5454369098081011, -0.5447043192489776, -0.03724660219845125]], "inverted": true, "swapped": true, "error_lsq": 0.0510152428773874, "error_max": 0.31675088380891236, "target": "955.xyz", "model": "11.xyz", "model_rescale": 3.6694154284099745, "target_rescale": 3.8914648855168856},
{"mapping": [6, 1, 11, 3, 4, 12, 0, 9, 5, 8, 2, 10, 13], "R": [[-0.8121061887561124, -0.05146698790251997, -0.5812354835522895], [-0.42794903894704717, -0.6246086386202733, 0.6532408963202072], [-0.3966650454077351, 0.7792401412383547, 0.48522329296367117]], "T": [0.014351019768669699, 0.07425913215303441, 0.05877025212626421], "aligned_model": [[-0.12250291938994279, 0.4023528140653033, -0.7018003239493974, -0.2581192213813486, -0.24509586046580145, 0.6534685251832361, 0.39953378003850054, -0.5469187164157843, 0.471733135180362, -0.5042998874658119, 0.13468484560018518, 0.13195201888693564, 0.07140414230565088], [0.3761443717318589, -0.6717590637003212, 0.15019456957917054, -0.7421385013884523, -0.3892795472692971, 0.08119319610028154, -0.05869826625885301, 0.37457290868018145, 0.6629142190374916, -0.3020504731199888, -0.41328621953650013, 0.23457364200977743, 0.012544564098557656], [-0.39947764466637425, -0.03810571589397863, -0.10367885110543337, 0.03632538102322135, -0.45649459119830527, 0.2895282060440572, -0.5283365829761003, 0.5481312495111448, -0.23931963643632928, 0.46125027487919606, 0.47606256429963223, 0.6620927614396664, -0.02982026134519313]], "inverted": false, "swapped": false, "error_lsq": 0.046306937268466936, "error_max": 0.2889729548332799, "target": "955.xyz", "model": "12.xyz", "model_rescale": 3.9764082729961374, "target_rescale": 3.8914648855168856},
{"mapping": [7, 1, 3, 8, 2, 9, 0, 14, 4, 11, 10, 13, 15], "R": [[0.6269520321201383, -0.5607606145297074, -0.5408129830289709], [0.6025980302816892, 0.7890376005121589, -0.11956286580139773], [0.49376792455672674, -0.25093265664372877, 0.8326019688354472]], "T": [0.14358293470021063, 0.04423585802279892, 0.14209466859901806], "aligned_model": [[-0.13196452570310355, 0.33636664692854207, -0.6761054976041282, -0.35628872753836704, 0.0922065672696788, 0.7056003503731578, 0.45036908934660524, -0.42133654382919916, 0.17512906345218804, -0.47842454157865855, -0.012711024085581807, 0.1283031315521773, 0.07524834360877596], [0.1698472686591744, -0.5568941571894108, 0.12229343990845104, -0.43449710344518033, -0.45579175172209063, -0.0575632907067829, 0.10223711047098172, 0.40463260276194757, 0.6384271313808034, -0.2112493625136769, -0.6614501450485663, 0.13719595859049188, 0.11773769881776397], [-0.5502412827325691, 0.07281463271978504, -0.03243709117619123, -0.0014180818571291331, -0.47725367625109505, -0.04571503380172656, -0.5133639826780718, 0.5777415539712811, -0.26015561941229537, 0.5644436952227699, 0.49384225206547394, 0.7467478696201494, 0.10315191788482313]], "inverted": false, "swapped": false, "error_lsq": 0.04944954748606253, "error_max": 0.3351186457376692, "target": "955.xyz", "model": "13.xyz", "model_rescale": 4.170626492500431, "target_rescale": 3.8914648855168856},
{"mapping": [8, 1, 12, 9, 7, 2, 0, 5, 4, 11, 3, 6, 13], "R": [[0.1442496392708552, 0.34949927799136, 0.925765789092331], [-0.2012785656300225, -0.9056291264765381, 0.37325972766327675], [0.9688544682191176, -0.2401793912076157, -0.06028996144459081]], "T": [0.033267546735089734, -0.058504318723477014, 0.010776028351271234], "aligned_model": [[-0.2004724521994632, 0.2769372541034675, -0.5529999366812358, -0.36323456693839223, -0.015420964272820747, 0.6350441145959164, 0.4892368776558228, -0.48158022461655975, 0.13557600019668636, -0.39796900413420183, 0.30470975073934636, 0.07569333430883593, -0.019127850565314727], [0.2654213776969668, -0.7644316762419184, 0.3715776834100352, -0.7593089666192809, -0.37621323992665956, 0.16969225632578433, -0.19120972799753483, 0.443276305419021, 0.623266000569013, -0.2468375770243323, -0.4193601400855945, 0.24227505123336118, -0.043221946794954794], [-0.615318252808946, -0.17117481532191994, -0.07304539203570962, 0.10002488158747824, -0.7336165247902487, 0.14760969652462316, -0.35024980193928607, 0.5678826661914892, -0.15591333146252434, 0.5382466646366343, 0.5319053889751633, 0.7951363347074778, 0.09666963931097236]], "inverted": true, "swapped": false, "error_lsq": 0.047751212978273366, "error_max": 0.24380450871856005, "target": "955.xyz", "model": "14.xyz", "model_rescale": 3.9786697098870705, "target_rescale": 3.8914648855168856},
{"mapping": [1, 10, 4, 6, 3, 2, 11, 7, 0, 5, 9, 12], "R": [[-0.06642659034595996, 0.33816939984517247, -0.9387379640258329], [-0.9968741605718574, -0.06282181782223498, 0.047909573048239784], [-0.04277167379428498, 0.9389860894677118, 0.34128537575901124]], "T": [0.13593660457820592, -0.036663881635134885, 0.05014936912665546], "aligned_model": [[-0.08612364173682213, -0.5634269992118646, 0.6419157235094676, 0.5342235166016114, -0.05944532624716814, 0.3500206242854651, -0.4501400694656007, -0.26491434151791027, 0.740240248342706, -0.03842394215840636, -0.4153713565741205, 0.09480016093997914], [-0.3853945402769296, -0.11950842128112889, 0.12601129412804069, -0.5902594417833633, 0.3410806978573536, 0.5977485387978432, -0.28918124576647813, 0.5828104511957088, 0.06358091492761947, -0.6826518875359707, 0.4630451611009597, -0.0926070311392156], [-0.5492648465242858, -0.1807621671365381, -0.5972824432318193, -0.16249828511269288, -0.46341653590736975, 0.25253292794529936, 0.4898772481838301, 0.6485029633572787, 0.05321710228161036, 0.05586398348373406, 0.0038226741271631115, 0.10937387240762]], "inverted": false, "swapped": true, "error_lsq": 0.0537103616393619, "error_max": 0.33066874457927414, "target": "955.xyz", "model": "15.xyz", "model_rescale": 3.769337070930944, "target_rescale": 3.8914648855168856},
{"mapping": [8, 7, 6, 5, 0, 2, 4, 9, 1, 10, 12], "R": [[-0.649994223976811, -0.42526973034912563, -0.6298040689337957], [0.7581920109681616, -0.30674213429077624, -0.5753730420820866], [0.05150129416663751, -0.8515015675261681, 0.5218167275966152]], "T": [-0.02498293309432529, 0.04573269538768029, -0.047927671538272765], "aligned_model": [[-0.369134021162278, -0.173292754473544, -0.061674412512582745, -0.5302154739430386, 0.33428833631705346, 0.37023473785679556, 0.70778304899422, 0.053787749751394574, -0.007146126359170734, -0.28605243551448095, -0.115952518263198], [0.08330446697422719, -0.8916013899643603, 0.7323964740237908, 0.46908185895150734, 0.2008274858739569, -0.4609866645777833, 0.45135971364228933, -0.524982412782873, 0.5362727106860183, -0.04159917727464039, 0.04199143207320945], [-0.6130417241483674, -0.09112446622020953, -0.24148935112838812, 0.0671823897971297, -0.5192142987952153, -0.32416791910895143, -0.035013694091331926, 0.42522685176423947, 0.4899139119333506, 0.6401919870663948, -0.054246079844873854]], "inverted": false, "swapped": true, "error_lsq": 0.052066348596325744, "error_max": 0.2769681978696441, "target": "955.xyz", "model": "16.xyz", "model_rescale": 3.7852294659196426, "target_rescale": 3.8914648855168856},
{"mapping": [6, 1, 10, 4, 5, 2, 7, 9, 11, 0, 3, 8, 12], "R": [[-0.290159376551648, 0.5901924665424431, -0.7533129420338577], [-0.7305935336817152, -0.645040036307604, -0.22395633525924125], [-0.6180943493849654, 0.4853825336750718, 0.6183552144694378]], "T": [0.028703194324649253, -0.08954828139547581, 0.09634544517473681], "aligned_model": [[-0.1779437617934902, 0.39000519462698335, -0.6466072878971147, -0.4474413690667613, -0.06820271390925402, 0.637970184264824, 0.4074366134566484, -0.46760702780038704, 0.2631246665701544, -0.41100798184724796, 0.30980779903185046, 0.12156492441395013, -0.024706907858068658], [0.26895380672725655, -0.6496030509074974, 0.2350273246804268, -0.5937541722320423, -0.4449884692365832, -0.05275323911192521, 0.08573259309184632, 0.48312938554948676, 0.6002273032142206, -0.31422178385316046, -0.5712009134951644, 0.28314377992913425, -0.014767164392092011], [-0.6886173082350879, -0.07701450974980173, -0.20006896712839128, -0.04804797395543592, -0.448154810451671, 0.13542076811466514, -0.466917031338626, 0.5122519715824299, 0.01156165745635801, 0.5674325438960296, 0.6633430768861983, 0.6223523251325036, 0.09461541136603306]], "inverted": true, "swapped": false, "error_lsq": 0.04278827599328427, "error_max": 0.2599559166228265, "target": "955.xyz", "model": "17.xyz", "model_rescale": 3.901054581598922, "target_rescale": 3.8914648855168856},
{"mapping": [4, 11, 8, 9, 10, 7, 6, 2, 1, 13, 12, 3, 14], "R": [[0.9466596658763378, -0.2577137807728116, -0.19344013079680214], [-0.29353904055523217, -0.4420451489868918, -0.8476030426603427], [0.1329297132804194, 0.859173843559579, -0.49411536898809943]], "T": [-0.06800674315925723, 0.0031158350408755572, 0.03980686989428185], "aligned_model": [[-0.20176694605699005, 0.3910398923759054, -0.5412717037443364, -0.3116607926351831, -0.2545175346566408, 0.5646607966791225, 0.5687356465639588, -0.5846526021421783, 0.29382505545035176, -0.39645621572851786, 0.33569667939803605, 0.0748377278709221, -0.05207767118236313], [0.2537183874009139, -0.628117414280158, 0.41802650898788946, -0.6072654359297439, -0.4678968613516986, 0.11877192194766262, -0.05562913034921949, 0.36678892038466837, 0.551802825879298, -0.29924684443975125, -0.40919206169145445, 0.11822091602491888, -0.045056332619419645], [-0.6983533693364692, -0.1261803593799407, -0.17063946974390481, 0.0873150750442165, -0.6050299409508165, 0.20115270155257514, -0.35368252442407244, 0.5732457561600229, -0.1919384321842037, 0.6126942517825976, 0.5077821352501561, 0.7812596107621945, 0.06053171904284808]], "inverted": false, "swapped": false, "error_lsq": 0.04344672158935118, "error_max": 0.24516583876112663, "target": "955.xyz", "model": "18.xyz", "model_rescale": 3.9405287249114394, "target_rescale": 3.8914648855168856},
{"mapping": [10, 12, 2, 1, 3, 13, 14, 8, 11, 0, 4, 7, 15], "R": [[-0.24828689427991996, 0.47154126055196766, 0.8461692843195701], [0.6306183018725638, 0.7417503778576725, -0.22831323722325902], [-0.7353054980565534, 0.4769226525811723, -0.4815294466413685]], "T": [0.010136634045952138, -0.03091891861183786, 0.12548907319305203], "aligned_model": [[-0.09521359970958501, 0.24999586941578256, -0.6630992065787458, -0.48231071655633256, -0.10294243473236617, 0.6532075902763113, 0.4960375652081213, -0.4405494334857938, 0.24931466587952464, -0.3969538640939616, 0.17777043216991087, 0.25405671293439, -0.012921248535168827], [0.2291584972171708, -0.5104802065757504, 0.30398392460930124, -0.43579515816706216, -0.5028995155850897, 0.16207268940783354, -0.04653610356684766, 0.2126635693466526, 0.5690707236854594, -0.3800819276906236, -0.464778875551971, 0.19195958070507418, -0.013411797870241052], [-0.6087895544203933, 0.013116565418301307, -0.31030775046884695, -0.04506960148475392, -0.574422374890894, 0.10216891326821279, -0.47733374547426044, 0.6821054542210265, -0.1939158424297293, 0.5556480872462226, 0.6896960175906905, 0.7471430915976965, 0.09811789340193178]], "inverted": false, "swapped": false, "error_lsq": 0.042914127528925344, "error_max": 0.2581789744098429, "target": "955.xyz", "model": "19.xyz", "model_rescale": 4.410303926677745, "target_rescale": 3.8914648855168856},
{"mapping": [9, 4, 10, 6, 11, 7, 12, 5, 8, 3, 0, 1, 13], "R": [[0.9351378221901294, 0.051623180316923936, -0.3505029254706277], [0.2426257626944957, -0.8142375065838018, 0.5273993004821942], [-0.25816659889772015, -0.5782320728964798, -0.7739494021494066]], "T": [0.038197119456691936, -0.13347036419990344, 0.11944150530995193], "aligned_model": [[-0.05524029213210921, 0.27550221738625713, -0.6430233919799845, -0.2379335711086936, -0.19313436069370327, 0.6717922170874754, 0.48814119443040227, -0.4725777450093738, 0.08453957205762686, -0.5032852353097798, 0.049139333059568496, 0.40378683105778657, 0.01868556334661427], [0.2448022566416997, -0.7114841571738854, 0.22034536745853595, -0.6375261483170273, -0.4276383010916824, 0.19110307228456735, -0.0037064591603982455, 0.4794909087276703, 0.6221845188166085, -0.34145435057608076, -0.47704229282218913, 0.21677015260594446, -0.060919167429857035], [-0.4480406540799482, -0.20410098130086787, -0.17362342919465232, 0.04079399165253632, -0.6202099637550001, 0.12734729740258063, -0.47333720182578853, 0.36935796873135474, -0.014333142017232597, 0.5547600284513844, 0.7479301451014563, 0.6733328613820573, 0.0982802330273247]], "inverted": false, "swapped": false, "error_lsq": 0.04523580356057218, "error_max": 0.295290411300013, "target": "955.xyz", "model": "20.xyz", "model_rescale": 4.121658175737393, "target_rescale": 3.8914648855168856},
{"mapping": [4, 9, 3, 7, 11, 6, 10, 0, 2, 5, 8, 1, 12], "R": [[0.5843936581528888, -0.7921079533494005, 0.1762073850646118], [-0.32864429735026446, -0.42957142568773005, -0.8411071965283391], [0.7419413576084268, 0.43362815922542997, -0.5113605786496742]], "T": [0.06386325573402055, -0.0837455227780087, 0.07257685270527367], "aligned_model": [[0.026805174199890328, 0.2601448143566256, -0.5470966275564276, -0.5196331538330048, -0.27264315583209175, 0.6723541019598119, 0.6437960633066488, -0.720864897508532, 0.212484206558055, -0.24707601440719748, 0.3788674973812757, 0.036221829768523284, -0.03696750620149017], [0.1961975751610794, -0.7421426086900331, 0.22644461259816043, -0.4184088851807467, -0.40326455100998415, 0.06843239549950816, -0.13741074341990897, 0.3007756522542768, 0.6402173637923446, -0.3048948912468228, -0.47228407580826215, 0.4495710070334755, -0.08830745101918139], [-0.4268129373747731, -0.152478034350922, -0.04210010170586978, -0.04721644253643684, -0.6752466750829144, 0.24347223977072688, -0.44652913306389286, 0.5453441548307699, -0.10063165186075354, 0.6367694236388474, 0.5237012515354472, 0.5166312374306952, 0.10325382234428027]], "inverted": true, "swapped": false, "error_lsq": 0.05624216088668334, "error_max": 0.3645557382421311, "target": "955.xyz", "model": "21.xyz", "model_rescale": 4.08911054899281, "target_rescale": 3.8914648855168856},
{"mapping": [14, 10, 15, 5, 9, 7, 12, 1, 4, 8, 6, 0, 16], "R": [[0.7123716305041573, -0.19858313002308015, -0.6731206433642374], [0.10379039453343251, -0.9187733000287001, 0.38089785659277065], [-0.6940851634024767, -0.3412042842999028, -0.6338970123923509]], "T": [-0.0632940578780581, 0.037311465058188345, 0.02120468663053894], "aligned_model": [[-0.09854988754383771, 0.33020528659825465, -0.6793206408825859, -0.2634403040580258, -0.13816511860330066, 0.6109723419223836, 0.41041017819019093, -0.5628787636019251, 0.19299242105507314, -0.39565876990603394, 0.21121416210998273, 0.295737613184989, -0.027126186273078036], [0.20691595783835248, -0.6597678442032685, 0.30052675339515345, -0.6368085159658671, -0.4248486208591865, -0.14279796818499696, -0.09749182876437264, 0.3240555008827065, 0.6733579681333977, -0.2947746638933039, -0.32046770130751956, 0.32377772640503577, 0.06324863648777482], [-0.5967062523003269, -0.08064869677531082, -0.26643393892525674, -0.03565290101053716, -0.5157776136487534, 0.158031592487549, -0.5287061013520845, 0.5672736941670443, 0.1479101423521232, 0.5311208750543296, 0.6146719846554809, 0.6449937042181444, 0.03808066465280202]], "inverted": false, "swapped": false, "error_lsq": 0.0388983220220144, "error_max": 0.2559891823480553, "target": "955.xyz", "model": "22.xyz", "model_rescale": 4.204369325754507, "target_rescale": 3.8914648855168856},
{"mapping": [10, 12, 2, 1, 3, 13, 14, 8, 11, 0, 4, 7, 15], "R": [[-0.24828689427991996, 0.47154126055196766, 0.8461692843195701], [0.6306183018725638, 0.7417503778576725, -0.22831323722325902], [-0.7353054980565534, 0.4769226525811723, -0.4815294466413685]], "T": [0.010136634045952138, -0.03091891861183786, 0.12548907319305203], "aligned_model": [[-0.09521359970958501, 0.24999586941578256, -0.6630992065787458, -0.48231071655633256, -0.10294243473236617, 0.6532075902763113, 0.4960375652081213, -0.4405494334857938, 0.24931466587952464, -0.3969538640939616, 0.17777043216991087, 0.25405671293439, -0.012921248535168827], [0.2291584972171708, -0.5104802065757504, 0.30398392460930124, -0.43579515816706216, -0.5028995155850897, 0.16207268940783354, -0.04653610356684766, 0.2126635693466526, 0.5690707236854594, -0.3800819276906236, -0.464778875551971, 0.19195958070507418, -0.013411797870241052], [-0.6087895544203933, 0.013116565418301307, -0.31030775046884695, -0.04506960148475392, -0.574422374890894, 0.10216891326821279, -0.47733374547426044, 0.6821054542210265, -0.1939158424297293, 0.5556480872462226, 0.6896960175906905, 0.7471430915976965, 0.09811789340193178]], "inverted": false, "swapped": false, "error_lsq": 0.042914127528925344, "error_max": 0.2581789744098429, "target": "955.xyz", "model": "23.xyz", "model_rescale": 4.410303926677745, "target_rescale": 3.8914648855168856},
{"mapping": [10, 0, 8, 2, 3, 7, 1, 15, 11, 5, 12, 13, 16], "R": [[-0.45412464575048234, -0.6385508279203205, 0.6213080124095236], [-0.7155350930817863, -0.15409584483177013, -0.6813692106149373], [0.5308298566305767, -0.7539942378877021, -0.38692680514756916]], "T": [-0.029678045004807613, 0.11457933340050504, 0.13616870846624854], "aligned_model": [[-0.22973006590199788, 0.2504144434375235, -0.7606831489490707, -0.2764295603116437, -0.09911726946855506, 0.6256709410720263, 0.49905564111657086, -0.5573241037550365, 0.2887524473629144, -0.40918574052661316, 0.18602233816957564, 0.3847349165082208, -0.015788506561827217], [0.32117982368056786, -0.5850014968330036, 0.2696795107261283, -0.7349961958636807, -0.46543272250719053, 0.003159935794777427, -0.016483352759460876, 0.40631238248733254, 0.61695226307196, -0.2809681840406945, -0.4596204007881301, 0.20085635014419745, 0.03928748685110241], [-0.4478513020013749, 0.08596242425654996, -0.20629609301771631, -0.08794969985319004, -0.5479476513305795, 0.13031029848225262, -0.5268536222492194, 0.5180006814472996, -0.08049911949750874, 0.44458093895292206, 0.655729912502715, 0.6974215904552383, 0.04354879542781474]], "inverted": true, "swapped": false, "error_lsq": 0.03592435376077235, "error_max": 0.20939213593411302, "target": "955.xyz", "model": "24.xyz", "model_rescale": 4.28219845311461, "target_rescale": 3.8914648855168856},
{"mapping": [13, 3, 2, 4, 7, 5, 9, 6, 11, 0, 1, 8, 15], "R": [[-0.3359801945558386, -0.846853845145006, 0.41225704824701226], [-0.3146129522472546, 0.5134666369749781, 0.7983549981003897], [-0.8877702400646734, 0.13853006055266354, -0.438945808931795]], "T": [-0.01349886390118441, 0.06389548960220048, -0.034804834448744555], "aligned_model": [[-0.30325165770390977, 0.31252495157304144, -0.687344652786479, -0.3782210015029935, 0.0015680664663534852, 0.7566038899506505, 0.51821136623783, -0.43890250354600263, 0.30563437463360427, -0.5600618767772116, 0.19756156988448706, 0.2276040189969429, -0.06553421323422638], [0.12099162736976997, -0.6383971626709182, 0.18511248833525962, -0.5691374857568893, -0.40939067804221707, 0.07586524724281485, -0.034372389419966065, 0.39385556805344324, 0.4995854494374214, -0.2460419940115688, -0.32561231032787064, 0.22954756138671745, 0.03291947836790962], [-0.550265605480398, -0.011591752649012223, -0.030525067209287014, -0.06473120203482469, -0.6523153176601514, 0.32862212427334414, -0.44039248095301226, 0.6879366303686638, -0.10412515044395454, 0.4855429350697292, 0.42737972385076334, 0.5947782402129979, 0.007844076230345512]], "inverted": false, "swapped": false, "error_lsq": 0.040904153379477184, "error_max": 0.23616603688869225, "target": "955.xyz", "model": "25.xyz", "model_rescale": 4.100010024507729, "target_rescale": 3.8914648855168856},
{"mapping": [0, 8, 7, 11, 4, 3, 2, 10, 5, 1, 6, 12], "R": [[-0.019213668273322625, 0.11941484005767435, -0.9926585167747685], [0.28618347420933493, 0.9519572161320109, 0.10897925373054895], [0.9579821783524777, -0.28198857180423553, -0.05246514396101344]], "T": [-0.027654699984735208, 0.03153023782697413, 0.000673686374440062], "aligned_model": [[-0.611655122927128, -0.19595502571855652, 0.519944284815642, 0.6331303254886356, -0.6605958437154279, 0.06013575740108202, -0.1675831780010492, 0.5980580677601073, 0.12018178102542512, 0.04063529051802788, -0.4832884868604363, 0.02375775257668472], [-0.05844727428544834, -0.6078718858657839, -0.2272970357649145, -0.3407544453082929, 0.5801924638203475, 0.6709885855426161, 0.018246092976771, 0.35584059769259824, -0.15829497338160958, 0.5083120759132695, -0.041134861072015985, -0.033647950216897676], [0.1621942033648067, -0.04455270493630895, 0.7325211759797965, -0.15863343675332095, -0.00046806609203947636, 0.1680082678906229, 0.685884416084202, -0.22867131226241255, -0.6237024221654592, -0.5454369098081011, -0.5447043192489776, -0.03724660219845125]], "inverted": true, "swapped": true, "error_lsq": 0.0510152428773874, "error_max": 0.31675088380891236, "target": "955.xyz", "model": "26.xyz", "model_rescale": 3.6694154284099745, "target_rescale": 3.8914648855168856},
{"mapping": [8, 1, 9, 3, 7, 0, 5, 11, 4, 12, 6, 2, 13], "R": [[0.72745241834013, 0.27750192200481805, 0.627539371143141], [0.6858197915569529, -0.3227746117914988, -0.6522789000815719], [0.021545128448783757, 0.9048807840077495, -0.42511948223252044]], "T": [-0.03452050968463472, 0.027343409290288945, -0.012019644182205545], "aligned_model": [[-0.12229275307316428, 0.5457824617750652, -0.7049293868573329, -0.47431116248951305, -0.15830960515209377, 0.6118917654453273, 0.5453655615329692, -0.5106383029241087, 0.382441547853279, -0.485081749852588, 0.0936430212974147, 0.17761827939040187, -0.014787344753569083], [0.3741676730714055, -0.6370567575733934, 0.05299181519986948, -0.6500632528683337, -0.38900575122277886, 0.08695789071725263, -0.18913595341113587, 0.35306620345778283, 0.7319557442321807, -0.23356798485616093, -0.4587275240535686, 0.22857001373148714, 0.04477328353929889], [-0.5415157780427661, 0.026288752838590092, -0.13350063920896887, -0.035163025571178855, -0.46749539666729184, 0.11260229328725524, -0.5048150679163828, 0.623111820607318, -0.08409370408180744, 0.5868564921100341, 0.45541975177072014, 0.6016860133101509, 0.03877564113953088]], "inverted": true, "swapped": false, "error_lsq": 0.04233094716215839, "error_max": 0.2283659276961644, "target": "955.xyz", "model": "27.xyz", "model_rescale": 4.103607728864725, "target_rescale": 3.8914648855168856},
{"mapping": [3, 4, 10, 13, 12, 1, 2, 6, 0, 11, 8, 7, 14], "R": [[0.3153968695478103, 0.6093206811502052, -0.72749785030754], [-0.9467476455917954, 0.25435817265756033, -0.19741027219650795], [0.06475886229570571, 0.7510194588191154, 0.6570966916894416]], "T": [-0.18410845517452143, 0.05124602651962956, 0.07421565975425153], "aligned_model": [[-0.04163868160448611, 0.4322359227650766, -0.6339155357802069, -0.25052130114206106, -0.22266141864685954, 0.6934341615753129, 0.32558565105297266, -0.4870730777946619, 0.29344603095601807, -0.5480951167991619, 0.21279173558270906, 0.14876508485090847, -0.0359611228234738], [0.29446818489633736, -0.6083473528632117, 0.21730357893123653, -0.5928431648912373, -0.37918870703299584, 0.2106081835120066, -0.1587274770135178, 0.3565730281276665, 0.5230536261093193, -0.26190156995374486, -0.45040625157379627, 0.08044937023525603, 0.08388395148058744], [-0.6215401866892315, -0.0074266625491389154, -0.0986246012667535, 0.04949764300758311, -0.6677636029503856, 0.16014290096132955, -0.4130663449648357, 0.5392480482838583, -0.1687473883161461, 0.5656559169998151, 0.5871437319702009, 0.713295949412874, 0.04034174967603392]], "inverted": false, "swapped": false, "error_lsq": 0.03940625390934356, "error_max": 0.2524960605726386, "target": "955.xyz", "model": "28.xyz", "model_rescale": 4.137296879288765, "target_rescale": 3.8914648855168856},
