[{"mapping": [4, 5, 3, 6, 0, 1, 11, 10, 8, 9, 7, 13], "R": [[-0.6687013745112792, 0.7388388754185183, 0.08340016724818332], [-0.6672850730989234, -0.6458196350023339, 0.371008935559262], [0.327977290290182, 0.1924424984657787, 0.9248766306044057]], "T": [-0.11695510595245458, -0.0690648626801024, 0.10137188963581069], "aligned_model": [[-0.10748323493048567, 0.05562942398393285, 0.37568365301063944, -0.27253771685197625, 0.012589721482223079, -0.6562312859403214, 0.42640382873935084, -0.15950387981356, 0.5605102061175211, 0.22339527269761417, -0.5875806693738685, -0.03323285666052095], [-0.5389384324203887, -0.7291380757751031, -0.17227783186266682, 0.7178805698434687, 0.3567048425439582, -0.49860458816811337, -0.3344535351001302, -0.5121663418464444, 0.12351497765122438, 0.47982839199213667, 0.19724709542921323, -0.03604203631009722], [-0.4856175178652353, 0.06620665789340997, -0.6841773570512039, 0.015586037490335089, -0.570826307128885, -0.058934814683338374, 0.4486767610191369, 0.6757691415906938, 0.061321637336641616, 0.4401303785274242, 0.3045267943176975, -0.0307096660931145]], "inverted": false, "swapped": true, "error_lsq": 0.04474084958440241, "error_max": 0.26598297180980335, "target": "956.xyz", "model": "0.xyz", "model_rescale": 3.751011558992144, "target_rescale": 4.102493399860822},
{"mapping": [8, 9, 5, 4, 10, 11, 2, 13, 1, 0, 12, 7, 3, 14], "R": [[0.3951863954841278, 0.6568325341189709, 0.6421827893576049], [0.8207256166359385, -0.5664665645799407, 0.07433097208135292], [0.4125980792754876, 0.4976812768588458, -0.762939166409962]], "T": [-0.1079734786989824, 0.06437010086057177, -0.09292355345274153], "aligned_model": [[-0.6036048367833025, 0.4668873654820355, 0.02079265881754773, -0.5781136638504693, 0.13160629296743698, 0.4794010013682823, -0.33555872095724076, 0.3246075102285932, -0.6698461831392691, -0.5598220391156821, 0.4567198162407103, -0.11859418263706785, 0.01621857757691013, -0.05468551782900029], [-0.30062840308750116, -0.14402267114943892, -0.5013637233518189, 0.23526710015849628, 0.18729105272983038, 0.5839917354455595, -0.6455088031348055, -0.4552238585465385, 0.45976902216846216, 0.07823415403595876, 0.25932877090854256, 0.5661451916499929, -0.11920810839375529, 0.07283367831533429], [-0.34100398625435113, -0.3384781985641, -0.32411734438735607, -0.7055705903724503, -0.8674851847828008, -0.2402855769310174, 0.26486828708681054, 0.17240266776683885, 0.0238852923995794, 0.5162933085745595, 0.34876378358613136, 0.34041924700478543, 0.638021905359142, -0.08330203972807314]], "inverted": false, "swapped": false, "error_lsq": 0.03618533093736719, "error_max": 0.1996326527672168, "target": "956.xyz", "model": "1.xyz", "model_rescale": 3.9405287249114394, "target_rescale": 4.102493399860822},
{"mapping": [6, 9, 0, 10, 11, 2, 7, 12, 5, 4, 5, 1, 13], "R": [[0.10657220451894273, 0.5269637076592395, 0.8431794684608968], [-0.4078772890777059, -0.7502058395255125, 0.5204107179876706], [0.906795722463772, -0.39937507327304345, 0.13498543836116927]], "T": [-0.03456025545818484, -0.009807645082530576, -0.01161449409624487], "aligned_model": [[-0.2511862360468553, 0.3538750974434784, -0.6420989881847968, 0.5188713588842366, 0.5208500272728251, -0.6850420977964513, -0.05748061611690681, 0.6046980547002095, 0.06534286632047101, -0.5223469328824637, 0.06534286632047101, -0.34852980855469334, -0.12631231207559318], [0.757209856590149, 0.49927860925220496, 0.22714610880275993, -0.3038087981712563, -0.32068789531656133, 0.20166174647618923, 0.39646620382211534, 0.2961791802485055, -0.6849511565784356, -0.5775818002864629, -0.6849511565784356, -0.321912106950614, -0.0252161977381413], [-0.13653691671983065, -0.3606541212614817, -0.48559943762502816, 0.3562962182765348, -0.2965068262077873, 0.10715932839654757, 0.3983838132630989, 0.17725486890510167, 0.01870489386388597, -0.083197441852044, 0.01870489386388597, 0.540685549480344, -0.14157447279458313]], "inverted": false, "swapped": true, "error_lsq": 0.06159424743671074, "error_max": 0.38784549801960244, "target": "956.xyz", "model": "2.xyz", "model_rescale": 3.932901565614263, "target_rescale": 4.102493399860822},
{"mapping": [11, 5, 12, 8, 9, 7, 10, 6, 3, 1, 4, 0, 2, 13], "R": [[-0.41201386379176697, -0.9093668612174655, 0.057415048226697574], [-0.8541887875622525, 0.36354256214065517, -0.37175034729659234], [0.31718463273984204, -0.20220958738819134, -0.9265555523129678]], "T": [-0.14847693962127467, 0.08577814008477494, -0.05720090089351845], "aligned_model": [[-0.9092524619610163, 0.5097939958234414, 0.1357803211376471, -0.4816361292284298, 0.13901263887185317, 0.25707719133117357, -0.3538774849748437, 0.22944662808051586, -0.4943961135878247, -0.5140932849906348, 0.5478482663312916, -0.1651212287055336, 0.16786884667965246, -0.09244310643780808], [-0.23788880034660517, -0.13714021555784545, -0.564060532443952, 0.3304404018461995, -0.0017675185448401132, 0.5699548198040558, -0.5983130985648245, -0.40994245107124894, 0.4611343894855706, -0.07324625212201374, 0.4054186189297987, 0.5224637561362582, 0.02284888128086804, -0.012996861083102648], [-0.39508995760875265, -0.2410118579145712, -0.34010957794579866, -0.6637749339529601, -0.7276324330441145, -0.39012932718145144, -0.002655200123010737, 0.2223114121827229, -0.06873733011951161, 0.5671423953739817, 0.3625461376625805, 0.45071540079173256, 0.7110211406116304, -0.08018429797477895]], "inverted": false, "swapped": false, "error_lsq": 0.04554535167571972, "error_max": 0.33091403484326154, "target": "956.xyz", "model": "3.xyz", "model_rescale": 3.9243930471874484, "target_rescale": 4.102493399860822},
{"mapping": [12, 11, 10, 7, 1, 9, 6, 5, 4, 3, 2, 0, 13], "R": [[-0.9726045176474597, 0.19957187397212, 0.11921207728669414], [9.183549659268209e-05, -0.5124851588647881, 0.8586960774974897], [0.2324660057255556, 0.8351826321605289, 0.4984270529570168]], "T": [0.04574329125669848, -0.10882938031410708, -0.13318201476845373], "aligned_model": [[0.06455024925019118, -0.18424159033511409, 0.4280124775696684, 0.31021447174709166, 0.6964614634769444, -0.48124848063151743, -0.28730206109636247, 0.27285355106136544, 0.20328163084517836, -0.42775284887460985, 0.15907270945530919, -0.4136764810771551, -0.06301920507963735], [-0.7139754886594954, -0.011183750879951632, -0.23365057117659171, -0.5676355800404508, 0.11605688337587441, -0.5964533706728589, -0.6080527128249177, 0.3973449848238092, 0.6075665461488118, 0.6559148587235863, -0.027404202609697143, 0.12199410059068055, -0.01269214311721166], [-0.5471811048021503, -0.784229661516735, -0.7384682789088985, 0.09754349543086543, 0.031175650918887132, -0.26117426241175734, 0.40598876760497393, -0.5318386365761232, 0.03230514638493279, 0.11461051326684932, 0.54687646440383, 0.48775768712463663, -0.06629546554834692]], "inverted": true, "swapped": true, "error_lsq": 0.041966029241564264, "error_max": 0.21826281710828155, "target": "956.xyz", "model": "4.xyz", "model_rescale": 3.8936222436046832, "target_rescale": 4.102493399860822},
{"mapping": [3, 8, 0, 4, 6, 9, 12, 7, 1, 5, 2, 13], "R": [[-0.8090265487953964, -0.13181138745462756, 0.5728017121845015], [-0.12841050673859655, 0.9906260032184401, 0.046592526295493666], [-0.5735736963140372, -0.03585916737384558, -0.8183687035877577]], "T": [-0.03289557148994374, -0.07678752024167662, 0.12410855436653936], "aligned_model": [[-0.0007337594296417949, -0.5174991407017, -0.29243298739154633, 0.4962927483394396, -0.5949976907732437, -0.7408157686727526, -0.3505494466887188, -0.0732397752949833, 0.6301543105381114, 0.44351247960198126, 0.09797283160971754, -0.07011575892156639], [-0.38645345313162455, -0.5223887265846339, 0.17412334083599829, -0.22431905477102757, 0.48991431433996485, -0.12671139818521274, -0.1273784636271252, 0.4139368804575953, 0.1664612268607398, -0.5661790845480661, 0.4804614106810164, -0.10254408721781744], [-0.75538340731538, -0.12936572890942552, -0.596721654126245, -0.3893324070644075, 0.0068971505212964135, 0.29214456211425455, 0.7832650856107025, 0.4261752739033424, 0.17118630388768794, 0.1082995131888499, -0.2687021401711859, -0.029177832363971784]], "inverted": true, "swapped": true, "error_lsq": 0.049925259932760424, "error_max": 0.2535082729924199, "target": "956.xyz", "model": "5.xyz", "model_rescale": 3.6523030999806103, "target_rescale": 4.102493399860822},
{"mapping": [3, 0, 2, 4, 1, 8, 6, 5, 9, 12, 7, 10, 13], "R": [[0.7959692601883678, 0.19137380526461403, -0.5742899994721521], [0.30958409158200884, -0.943949719602679, 0.11452780056111479], [-0.5201832629703932, -0.2689516564748499, -0.8106012456225992]], "T": [0.09323075398295377, -0.03139163789020001, -0.0709670575186554], "aligned_model": [[0.14988155041250706, -0.17629505525171046, 0.19266138840730238, 0.6337508172116819, 0.7399942117941208, -0.3617971443890782, -0.5014041083222047, 0.59851920377586, -0.6114508524175281, -0.22509743232087076, 0.021233081458184852, 0.36243898841000954, 0.058648255896020525], [-0.5385066982903977, 0.025027328785879772, 0.4235096277535519, -0.2643583489387946, 0.25569358224791866, -0.5528847069219222, 0.4562334913120758, -0.4808272438511859, -0.08267866455568729, 0.05687562211171525, 0.5136611840165347, -0.17590844823685842, -0.09500982126964712], [0.7100953507368668, 0.6867168200259148, 0.44394219578840466, 0.39699878011265954, -0.05363155802542158, 0.06557911534731575, 0.17291690856795958, -0.16797158701487164, -0.25172372700752454, -0.7258157555241858, -0.2482130779438524, -0.7303025867400836, 0.07151886115860781]], "inverted": false, "swapped": true, "error_lsq": 0.04991612636815835, "error_max": 0.3303591283839058, "target": "956.xyz", "model": "6.xyz", "model_rescale": 4.08911054899281, "target_rescale": 4.102493399860822},
{"mapping": [7, 11, 12, 2, 13, 1, 5, 10, 6, 4, 9, 3, 8, 14], "R": [[0.21066643517935876, 0.4243048152200232, -0.8806730817221126], [-0.08714769899464998, 0.9054554692847077, 0.41539820859308896], [0.9736657186369245, -0.010761827145588293, 0.22772626424663794]], "T": [-0.07563274109906082, 0.023728256310925493, -0.045493677527045986], "aligned_model": [[-0.7102442648916459, 0.4758576184969797, 0.08109163993025309, -0.4113856213815647, 0.04728882445241922, 0.26419741020182175, -0.5028011690812648, 0.2469746253239914, -0.4854370899931339, -0.44771792646019204, 0.4714842559907424, -0.2959178945747637, 0.1782101790098093, 0.06440749134603235], [-0.150881619840208, -0.1395643191003134, -0.5918510996997297, 0.47699301026901036, -0.12239970671536514, 0.5528871989532372, -0.5858607976760938, -0.5471475060868608, 0.3077308787930748, -0.10257624070406059, 0.507468407088526, 0.5586054526151943, 0.004427446601738886, 0.10907403325016794], [-0.4530087932682779, -0.16264734176914825, -0.3687605067187873, -0.6216539065368013, -0.7521983042953894, -0.42292226751975526, 0.11707799582889682, 0.25333779594640154, -0.022129762952601564, 0.5396979821630239, 0.23949012188774665, 0.4947213466046824, 0.587230767978385, -0.023823556590677076]], "inverted": true, "swapped": false, "error_lsq": 0.05433995162366121, "error_max": 0.32886361781628753, "target": "956.xyz", "model": "7.xyz", "model_rescale": 3.964800864290218, "target_rescale": 4.102493399860822},
{"mapping": [5, 12, 8, 10, 9, 11, 1, 7, 3, 0, 4, 6, 2, 13], "R": [[-0.7572463367938831, -0.6064033757501798, -0.2425962309909856], [0.6394622843679844, -0.7639477292781298, -0.08643988547926504], [-0.13291340144291086, -0.22058742668061507, 0.9662687074035359]], "T": [-0.09496784848226883, 0.03636436037261286, 0.021234876693272835], "aligned_model": [[-0.7242434165498844, 0.6108864198606716, -0.10405719629865595, -0.39010620511274163, 0.19148126706104265, 0.3500376164527367, -0.3259957891018485, 0.25475739256523466, -0.7309232634853029, -0.48649288138899727, 0.40301853969503876, -0.1261693271748412, 0.15923145176752948, -0.10541652992049762], [-0.19716773315204972, -0.11986802409763872, -0.49780024609095747, 0.27933039798704956, 0.009600867717362169, 0.6419033717458181, -0.6254363574711137, -0.5768980545550312, 0.35781984563241404, 0.0653590019825247, 0.4306547295122627, 0.5947475953096222, -0.08738568346953943, 0.0020454266975948945], [-0.4773087459673211, -0.19793658858759222, -0.5316151376552596, -0.7060854571477628, -0.6041348910873269, -0.32865934500354327, 0.2891262570827863, 0.1131839450577353, 0.15610435740374126, 0.6204233544596942, 0.3239526611190988, 0.1753142518452254, 0.6201316709372146, -0.048084761698991736]], "inverted": true, "swapped": false, "error_lsq": 0.03996450898541098, "error_max": 0.23196980702898012, "target": "956.xyz", "model": "8.xyz", "model_rescale": 4.121658175737393, "target_rescale": 4.102493399860822},
{"mapping": [2, 7, 6, 0, 1, 4, 12, 11, 9, 10, 3, 8, 13], "R": [[0.649613278798855, -0.11667722966410954, -0.751258285868522], [0.7545994051923863, -0.021457135656349435, 0.6558348336378009], [-0.09264084245891824, -0.9929380722921918, 0.07410572785667954]], "T": [-0.08544347218331738, -0.11009285724281265, -0.01626471898464902], "aligned_model": [[-0.4357074075101999, -0.08790523272391385, 0.28172196803370336, -0.0776680962592673, -0.7543615781736411, -0.6751268648828206, 0.3875565257875719, 0.23757949874340678, 0.6334379906105189, -0.10282826126766115, -0.2599258480063539, 0.4121437658897264, -0.08217896380587238], [0.19127287080335204, -0.436350506745255, 0.0842229540856331, 0.6264545865342059, -0.3308351844234443, 0.27746212587935887, -0.670532606668776, -0.21758304090223693, -0.10426980513913453, -0.7272671234440726, 0.7615914130526069, 0.28692506648309035, 0.049296689896382195], [-0.5343834556233469, -0.49295359146881984, -0.7078420320815704, -0.34390709495294786, -0.08585499124655396, 0.24354691245463542, -0.027624729819518634, 0.5923343064133574, -0.13896367408879923, 0.36697830612766075, 0.26685348293356964, 0.2877648444077114, -0.004872849096288479]], "inverted": true, "swapped": true, "error_lsq": 0.04744210310990041, "error_max": 0.25826666302517487, "target": "956.xyz", "model": "9.xyz", "model_rescale": 3.833441315466971, "target_rescale": 4.102493399860822},
{"mapping": [4, 0, 5, 6, 1, 12, 2, 13, 7, 9, 10, 11, 8, 14], "R": [[0.5145948278708035, -0.7959223747549238, 0.3189039612377073], [0.8326896228920122, 0.3751878664950345, -0.4072616563867298], [0.20449976786435914, 0.4751227611885028, 0.8558260376642184]], "T": [-0.1089716630726728, 0.07382294360946426, -0.08488473400802804], "aligned_model": [[-0.6728462974619883, 0.5117076732102166, -0.06378198945796135, -0.3602966349928195, 0.25235198479193266, 0.11619320321479924, -0.2855200051734998, 0.2880501482151472, -0.6017027450283262, -0.4972697825120648, 0.5510675646594887, -0.10612269632451118, 0.023077128158459206, -0.17889947292938818], [-0.1982739704338117, -0.14642992267290958, -0.5376022863620934, 0.29643951528636925, 0.035521580578791706, 0.5560262130845466, -0.5436508392329132, -0.5962910102525797, 0.4118330532063016, -0.1462309346771216, 0.31190352288729095, 0.6622667702201562, 0.1275850066324362, 0.043808439483855], [-0.5787685727299291, -0.2582883040678659, -0.3704583375147847, -0.6752297081960654, -0.7279921589361129, -0.3673751713825677, 0.23792645745132712, 0.08543118308656372, 0.2098680835645294, 0.5923973251250769, 0.343390877188006, 0.26017008389168533, 0.681425986059655, -0.028086172781819442]], "inverted": false, "swapped": false, "error_lsq": 0.04080588911454118, "error_max": 0.2233978014882397, "target": "956.xyz", "model": "10.xyz", "model_rescale": 4.2482417240324, "target_rescale": 4.102493399860822},
{"mapping": [6, 9, 12, 11, 2, 1, 7, 5, 8, 4, 0, 13], "R": [[-0.45842262463140515, -0.8583832482000935, -0.23027569658023114], [-0.658572340466353, 0.1541165217035554, 0.7365667451838074], [-0.5967672658572385, 0.48931206499273494, -0.6359579651626528]], "T": [0.05945549521105045, 0.09223931605034238, 0.011870866522159157], "aligned_model": [[-0.6495949019756274, -0.06874534573321697, 0.30601356934465623, 0.6371139402755377, -0.5308899271555174, 0.12049304153751428, -0.20276170818932396, 0.6121746280710713, 0.12406093362426426, 0.11657612395820119, -0.5807760676339153, -0.006898683760637125], [-0.2520682231768243, -0.6215389670738721, -0.3702948633097667, -0.2514427921177077, 0.4564177777196853, 0.7669911551656216, 0.1181545186481637, 0.40813948383034293, -0.42313479279290245, 0.6650308426448139, 0.08406746232175885, 0.08580978819132647], [0.18376655492968025, 0.08910172816107628, 0.5249225302622393, -0.1738280360478638, -0.016755730106490146, 0.21682400036812483, 0.5259262485475286, -0.23597445683386706, -0.46548218094983906, -0.47194165215906614, -0.47797491194194475, -0.1333918043752216]], "inverted": true, "swapped": true, "error_lsq": 0.04713802862193133, "error_max": 0.27046598229717506, "target": "956.xyz", "model": "11.xyz", "model_rescale": 3.6694154284099745, "target_rescale": 4.102493399860822},
{"mapping": [11, 5, 6, 9, 7, 10, 4, 0, 8, 3, 12, 2, 1, 13], "R": [[-0.8801053258372237, -0.3650789748783969, -0.30353246537181716], [-0.46090687039797584, 0.8103899222804029, 0.36170848854610305], [0.11392748681902029, 0.45824176584866394, -0.8814958943630994]], "T": [-0.024295285410916447, 0.006486215837620497, -0.09406085831328456], "aligned_model": [[-0.6316715781584311, 0.6557648647084994, 0.011735810163108769, -0.45342860678253416, 0.228618090297279, 0.09799698537366555, -0.4061670782650328, 0.32069905019468264, -0.6824403342628071, -0.6021523427654792, 0.5410150931715647, -0.1474243458709686, 0.03359970182552443, 0.00986276874041301], [-0.2474540430192383, -0.275370496044433, -0.48577530150470016, 0.40037313704802124, 0.1943921520405945, 0.6064117998259493, -0.5016050094316254, -0.5178559733847871, 0.36874721270842953, 0.01024108767229049, 0.3125939788139256, 0.469675593260162, 0.012269263499901935, -0.06973826373617226], [-0.42818214294967427, -0.41444465731578806, -0.3701680696447558, -0.6466764142633904, -0.7670329988934971, -0.2633614238500114, 0.28501154951544583, 0.24767301683953455, -0.003452270811878544, 0.5441522900990242, 0.12614521240017929, 0.34934460907008036, 0.7503846526074558, -0.004981782045026181]], "inverted": false, "swapped": false, "error_lsq": 0.04216387904916408, "error_max": 0.24460263423953296, "target": "956.xyz", "model": "12.xyz", "model_rescale": 3.9764082729961374, "target_rescale": 4.102493399860822},
{"mapping": [14, 10, 11, 6, 13, 12, 3, 8, 4, 7, 1, 9, 2, 15], "R": [[0.2512423871516155, 0.9379338093389761, -0.23907620583662353], [-0.7262846037133183, 0.3459548167882145, 0.5939915312106911], [0.6398343045721652, 0.02440151716411848, 0.768125399041552]], "T": [-0.10698746386611555, 0.16814170363504696, -0.043652903329887915], "aligned_model": [[-0.4384602148374632, 0.6140683921241988, 0.11040131626085603, -0.630865745070039, -0.00851025110646493, 0.3842896136018178, -0.4289950080076441, 0.16938816241977891, -0.7709694402021511, -0.5033235429245283, 0.4706823393963052, 0.0627873949473994, 0.14855573495899024, -0.20304067319157199], [-0.3166151181211849, -0.16717028862876962, -0.5165372042471191, 0.30120238915436237, 0.14551533905328076, 0.46315466076878975, -0.6004593979516605, -0.4228137408267352, 0.35857704278456104, -0.035677083773722945, 0.21696813018171973, 0.6988582313639693, 0.030846683697725114, 0.12105549429310353], [-0.5858195554760276, -0.16108892567572008, -0.3820337688137421, -0.5835651241132155, -0.6472014369042829, -0.3244156558916174, 0.07469799641005043, 0.22845187888572482, 0.1531364217950541, 0.566600579461331, 0.2156464540361382, 0.18221340896087682, 0.6993863048824126, -0.031597006799283574]], "inverted": true, "swapped": false, "error_lsq": 0.04135135414702897, "error_max": 0.21341219859052457, "target": "956.xyz", "model": "13.xyz", "model_rescale": 4.170626492500431, "target_rescale": 4.102493399860822},
{"mapping": [6, 8, 4, 5, 12, 10, 2, 0, 11, 3, 7, 9, 1, 13], "R": [[0.9799493732869582, -0.1967365194405305, 0.031527253494780735], [-0.0679870301727668, -0.18143052204389143, 0.9810508291618578], [-0.1872885194633822, -0.9635235895344272, -0.19116825805532547]], "T": [-0.05942255233305441, -0.04671458174899973, -0.006425973381021917], "aligned_model": [[-0.8418094158104578, 0.5895606371053358, 0.10096324421472877, -0.55755181351241, 0.08677606823780673, 0.22762645036155868, -0.25512678695964275, 0.25233841444065863, -0.5416219103992694, -0.6080960560392149, 0.6837189919692819, -0.11296667109165329, 0.09161999733978543, -0.13942307148702338], [-0.18193922941120844, -0.07880389686596964, -0.5167238475520013, 0.15549909089030922, 0.2019540116932801, 0.425464186125901, -0.6622379246799874, -0.3846386293763603, 0.45881567712629917, -0.03455868434175571, 0.1062072217176181, 0.6729995115333214, 0.11915282479889891, -0.004285173910026613], [-0.28404866257034256, -0.36607495292444014, -0.5128159583906756, -0.7400448786110185, -0.6791042138235002, -0.12034869365664538, 0.1191249489279255, 0.3736672311877308, -0.11404840400377411, 0.41104645076087754, 0.27955544217821343, 0.3616108314918741, 0.7287533391195056, -0.052860908928031546]], "inverted": false, "swapped": false, "error_lsq": 0.05007186712986532, "error_max": 0.32767788472193743, "target": "956.xyz", "model": "14.xyz", "model_rescale": 3.9786697098870705, "target_rescale": 4.102493399860822},
{"mapping": [2, 1, 6, 0, 7, 9, 5, 11, 8, 3, 10, 13], "R": [[-0.9540857902080025, -0.2174580268874769, 0.20599104705150845], [0.20475836843112488, 0.028439726162452217, 0.9783993011716784], [-0.21861911051094113, 0.9756552611030241, 0.017392412178728944]], "T": [-0.048153392630729396, 0.07165146988132289, -0.054159202344891674], "aligned_model": [[0.029867664449282842, -0.6551179742435369, 0.5606656392964867, 0.4897156873167947, -0.08695148864599811, 0.5329987603371208, -0.5204117631696795, -0.06301295926691017, 0.45780830783118487, 0.23639563252066711, -0.5417309156262594, 0.04312800596818355], [-0.36702579778899186, -0.1558920268034299, 0.15681294145849078, -0.5013274705910391, 0.3417804924083728, 0.50528694085962, -0.10593751685495621, 0.33730862996840527, 0.049312402438403916, -0.7346155891067383, 0.5424374013207313, -0.053465917084429535], [-0.5865388799894975, -0.3384818488371373, -0.5765911932627208, -0.23389263425711498, -0.5632833661872872, 0.023955792875751447, 0.40644132239243036, 0.5904307600488137, 0.43691512034038676, 0.3192022373979492, 0.19648667853514784, -0.014677495182891895]], "inverted": false, "swapped": true, "error_lsq": 0.05364300540262237, "error_max": 0.295936598061969, "target": "956.xyz", "model": "15.xyz", "model_rescale": 3.769337070930944, "target_rescale": 4.102493399860822},
{"mapping": [10, 1, 11, 5, 12, 7, 9, 2, 8, 3, 13], "R": [[-0.48254538659780544, -0.6382092182059993, 0.5998657713772824], [-0.4920105232252874, 0.7641235122029468, 0.4171820982906772], [-0.7246210008747702, -0.09383097513891885, -0.6827299269811792]], "T": [0.027880235200476493, -0.03578750809995596, 0.0022613008264676174], "aligned_model": [[-0.23461478186666546, -0.3736530305827191, -0.18465612874665155, -0.6303055707834794, 0.38638682394525375, 0.3847834480816265, 0.612106049029164, 0.14789267026132358, 0.13421122470402475, -0.3345711528150623, 0.015046579464356218], [0.14272044378228102, -0.5915248597563233, 0.6004391072363333, 0.11823166173188054, 0.23412920375193325, -0.39999182153062013, 0.4003322171000612, -0.6078443497999296, 0.5762660484659209, 0.1307842463197278, -0.007477399675922876], [-0.6514303689839525, -0.17366040325730356, -0.1883554376377364, -0.09667403294252233, -0.5778841595133629, -0.2691382385756082, -0.016693456247355985, 0.37682923456154765, 0.3365283067298225, 0.8456570114901352, 0.1590391516001136]], "inverted": false, "swapped": true, "error_lsq": 0.05060879517426919, "error_max": 0.27365983858866133, "target": "956.xyz", "model": "16.xyz", "model_rescale": 3.7852294659196426, "target_rescale": 4.102493399860822},
{"mapping": [0, 5, 1, 4, 8, 11, 12, 10, 2, 6, 9, 7, 13], "R": [[-0.27271218895706517, 0.9362222018108972, 0.22162141329438767], [0.2883350052162704, 0.2992970985590063, -0.9095516321578967], [-0.9178730776971178, -0.1841446052169769, -0.35156760033925816]], "T": [0.0013621219692324608, 0.04706833772714204, 0.039648123783176815], "aligned_model": [[0.22944772642521208, -0.3669912418667236, 0.38387442937142846, 0.006520229307845427, -0.5259159727377251, -0.6766640286933875, -0.15763493246651092, -0.2813537150709515, 0.5957730483901208, 0.43349634307861284, -0.2157325169343049, 0.45201356937940584, -0.0230670879667388], [-0.10206413215932413, -0.4462877341014509, -0.39964617257370805, -0.6967382034061459, 0.19093753646764394, 0.12029529217669464, 0.662767631242584, 0.12041217798779404, -0.15904040383932277, 0.5496373042045118, 0.6936006449109225, 0.35726523424233814, -0.016083551449663502], [-0.7190669633219137, 0.3356789429270879, 0.4335413764504555, -0.07059105117556216, -0.40636726963425074, 0.1852815856130076, 0.4051410475294636, 0.7050607466212871, -0.2538616526960732, -0.4202787441995551, -0.2187031730879994, 0.22504918530523027, -0.10512933318800385]], "inverted": true, "swapped": true, "error_lsq": 0.043550164999324945, "error_max": 0.23490585631973876, "target": "956.xyz", "model": "17.xyz", "model_rescale": 3.901054581598922, "target_rescale": 4.102493399860822},
{"mapping": [8, 9, 5, 4, 10, 11, 2, 13, 1, 0, 12, 7, 3, 14], "R": [[0.3951863954841278, 0.6568325341189709, 0.6421827893576049], [0.8207256166359385, -0.5664665645799407, 0.07433097208135292], [0.4125980792754876, 0.4976812768588458, -0.762939166409962]], "T": [-0.1079734786989824, 0.06437010086057177, -0.09292355345274153], "aligned_model": [[-0.6036048367833025, 0.4668873654820355, 0.02079265881754773, -0.5781136638504693, 0.13160629296743698, 0.4794010013682823, -0.33555872095724076, 0.3246075102285932, -0.6698461831392691, -0.5598220391156821, 0.4567198162407103, -0.11859418263706785, 0.01621857757691013, -0.05468551782900029], [-0.30062840308750116, -0.14402267114943892, -0.5013637233518189, 0.23526710015849628, 0.18729105272983038, 0.5839917354455595, -0.6455088031348055, -0.4552238585465385, 0.45976902216846216, 0.07823415403595876, 0.25932877090854256, 0.5661451916499929, -0.11920810839375529, 0.07283367831533429], [-0.34100398625435113, -0.3384781985641, -0.32411734438735607, -0.7055705903724503, -0.8674851847828008, -0.2402855769310174, 0.26486828708681054, 0.17240266776683885, 0.0238852923995794, 0.5162933085745595, 0.34876378358613136, 0.34041924700478543, 0.638021905359142, -0.08330203972807314]], "inverted": false, "swapped": false, "error_lsq": 0.03618533093736719, "error_max": 0.1996326527672168, "target": "956.xyz", "model": "18.xyz", "model_rescale": 3.9405287249114394, "target_rescale": 4.102493399860822},
{"mapping": [10, 9, 11, 2, 5, 8, 14, 13, 1, 12, 7, 0, 4, 15], "R": [[-0.31088921713147133, 0.9242474154914717, -0.22161816177541854], [-0.3724109462456826, -0.3329851276429597, -0.8662742013271532], [-0.8744472435703461, -0.18678227893977678, 0.4477213402176483]], "T": [-0.13033439811583708, 0.0223134356019187, 0.056931321054226776], "aligned_model": [[-0.5940347040871312, 0.5313221551243628, 0.023679766578909828, -0.5068043369589621, 0.14634167798089553, 0.28652988711729127, -0.4484724180740238, 0.1651120266871397, -0.6416666352740206, -0.3984916469600538, 0.5519070081101167, -0.11757099370446107, 0.12778295964557984, -0.1496266678161584], [-0.3582969567120077, -0.16351585991131107, -0.5088552536030818, 0.23221583166138496, 0.255574558578782, 0.6087848422471108, -0.6815891911124632, -0.5578093365647966, 0.4393163173007714, -0.09256701815039647, 0.09528239313091307, 0.6750931840061835, 0.3121070256646953, 0.021164601212533708], [-0.45102713438410263, -0.2846648227177576, -0.4049698183483916, -0.6977452005687763, -0.6916020717761499, -0.17662298188331166, 0.11214232030132809, 0.22275901674077758, 0.06986824020440335, 0.5206480809921826, 0.2145629923938006, 0.27231459231048627, 0.6766571744740033, 0.022091183019206456]], "inverted": false, "swapped": false, "error_lsq": 0.03721247589678325, "error_max": 0.3107509110255235, "target": "956.xyz", "model": "19.xyz", "model_rescale": 4.410303926677745, "target_rescale": 4.102493399860822},
{"mapping": [5, 12, 8, 10, 9, 11, 1, 7, 3, 0, 4, 6, 2, 13], "R": [[-0.7572463367938831, -0.6064033757501798, -0.2425962309909856], [0.6394622843679844, -0.7639477292781298, -0.08643988547926504], [-0.13291340144291086, -0.22058742668061507, 0.9662687074035359]], "T": [-0.09496784848226883, 0.03636436037261286, 0.021234876693272835], "aligned_model": [[-0.7242434165498844, 0.6108864198606716, -0.10405719629865595, -0.39010620511274163, 0.19148126706104265, 0.3500376164527367, -0.3259957891018485, 0.25475739256523466, -0.7309232634853029, -0.48649288138899727, 0.40301853969503876, -0.1261693271748412, 0.15923145176752948, -0.10541652992049762], [-0.19716773315204972, -0.11986802409763872, -0.49780024609095747, 0.27933039798704956, 0.009600867717362169, 0.6419033717458181, -0.6254363574711137, -0.5768980545550312, 0.35781984563241404, 0.0653590019825247, 0.4306547295122627, 0.5947475953096222, -0.08738568346953943, 0.0020454266975948945], [-0.4773087459673211, -0.19793658858759222, -0.5316151376552596, -0.7060854571477628, -0.6041348910873269, -0.32865934500354327, 0.2891262570827863, 0.1131839450577353, 0.15610435740374126, 0.6204233544596942, 0.3239526611190988, 0.1753142518452254, 0.6201316709372146, -0.048084761698991736]], "inverted": true, "swapped": false, "error_lsq": 0.03996450898541098, "error_max": 0.23196980702898012, "target": "956.xyz", "model": "20.xyz", "model_rescale": 4.121658175737393, "target_rescale": 4.102493399860822},
{"mapping": [3, 0, 2, 4, 1, 8, 6, 5, 9, 12, 7, 10, 13], "R": [[0.7959692601883678, 0.19137380526461403, -0.5742899994721521], [0.30958409158200884, -0.943949719602679, 0.11452780056111479], [-0.5201832629703932, -0.2689516564748499, -0.8106012456225992]], "T": [0.09323075398295377, -0.03139163789020001, -0.0709670575186554], "aligned_model": [[0.14988155041250706, -0.17629505525171046, 0.19266138840730238, 0.6337508172116819, 0.7399942117941208, -0.3617971443890782, -0.5014041083222047, 0.59851920377586, -0.6114508524175281, -0.22509743232087076, 0.021233081458184852, 0.36243898841000954, 0.058648255896020525], [-0.5385066982903977, 0.025027328785879772, 0.4235096277535519, -0.2643583489387946, 0.25569358224791866, -0.5528847069219222, 0.4562334913120758, -0.4808272438511859, -0.08267866455568729, 0.05687562211171525, 0.5136611840165347, -0.17590844823685842, -0.09500982126964712], [0.7100953507368668, 0.6867168200259148, 0.44394219578840466, 0.39699878011265954, -0.05363155802542158, 0.06557911534731575, 0.17291690856795958, -0.16797158701487164, -0.25172372700752454, -0.7258157555241858, -0.2482130779438524, -0.7303025867400836, 0.07151886115860781]], "inverted": false, "swapped": true, "error_lsq": 0.04991612636815835, "error_max": 0.3303591283839058, "target": "956.xyz", "model": "21.xyz", "model_rescale": 4.08911054899281, "target_rescale": 4.102493399860822},
{"mapping": [4, 6, 0, 13, 7, 10, 1, 8, 14, 15, 5, 9, 11, 16], "R": [[0.3556257838124548, -0.6153076335677468, 0.7035103538406784], [-0.7356246709155969, -0.6485906093391114, -0.19541383015907507], [0.5765298304754896, -0.44802537601164927, -0.6832910192747474]], "T": [-0.16582925742802374, 0.04044966062175625, -0.03981654805150072], "aligned_model": [[-0.6330197880907953, 0.45896999119709564, -0.07872960003785634, -0.4380315562327129, 0.12306007403929392, 0.43016385911569605, -0.20065930993001502, 0.3367841775836586, -0.6152290079978171, -0.5941472502960841, 0.3737213304702775, -0.030272050759812957, 0.02010350225764654, -0.17670629294909035], [-0.2835163282316653, -0.23577157173694008, -0.5261999635551963, 0.2175226395019335, 0.1813350394597013, 0.5416651771831482, -0.6862326864038348, -0.33574199372525765, 0.4844412134807787, 0.006988484885613204, 0.3363943313333439, 0.6859528193443697, -0.1339321650866518, 0.024000141298976006], [-0.4436373399790853, -0.3379639248018217, -0.5607784000924232, -0.6153867303092172, -0.6742379003115648, -0.2512654076027827, 0.27754446913574965, 0.25449891570378214, 0.07302826186328829, 0.5491919956878956, 0.3051921024547947, 0.22943710069250242, 0.6819264934783228, -0.08313806516174191]], "inverted": true, "swapped": false, "error_lsq": 0.03877114376072129, "error_max": 0.26460246316581826, "target": "956.xyz", "model": "22.xyz", "model_rescale": 4.204369325754507, "target_rescale": 4.102493399860822},
{"mapping": [10, 9, 11, 2, 5, 8, 14, 13, 1, 12, 7, 0, 4, 15], "R": [[-0.31088921713147133, 0.9242474154914717, -0.22161816177541854], [-0.3724109462456826, -0.3329851276429597, -0.8662742013271532], [-0.8744472435703461, -0.18678227893977678, 0.4477213402176483]], "T": [-0.13033439811583708, 0.0223134356019187, 0.056931321054226776], "aligned_model": [[-0.5940347040871312, 0.5313221551243628, 0.023679766578909828, -0.5068043369589621, 0.14634167798089553, 0.28652988711729127, -0.4484724180740238, 0.1651120266871397, -0.6416666352740206, -0.3984916469600538, 0.5519070081101167, -0.11757099370446107, 0.12778295964557984, -0.1496266678161584], [-0.3582969567120077, -0.16351585991131107, -0.5088552536030818, 0.23221583166138496, 0.255574558578782, 0.6087848422471108, -0.6815891911124632, -0.5578093365647966, 0.4393163173007714, -0.09256701815039647, 0.09528239313091307, 0.6750931840061835, 0.3121070256646953, 0.021164601212533708], [-0.45102713438410263, -0.2846648227177576, -0.4049698183483916, -0.6977452005687763, -0.6916020717761499, -0.17662298188331166, 0.11214232030132809, 0.22275901674077758, 0.06986824020440335, 0.5206480809921826, 0.2145629923938006, 0.27231459231048627, 0.6766571744740033, 0.022091183019206456]], "inverted": false, "swapped": false, "error_lsq": 0.03721247589678325, "error_max": 0.3107509110255235, "target": "956.xyz", "model": "23.xyz", "model_rescale": 4.410303926677745, "target_rescale": 4.102493399860822},
{"mapping": [15, 11, 9, 6, 13, 7, 8, 10, 5, 4, 1, 0, 3, 16], "R": [[-0.8852596348768885, -0.1515596117158433, 0.43971020337738465], [0.4463848970319395, -0.5423408594656339, 0.7117632442433808], [0.1305982486843638, 0.8263752635761918, 0.5477663928993425]], "T": [-0.06370517364849573, 0.04325986141573031, -0.1344299361035839], "aligned_model": [[-0.5676021247072395, 0.47548050592331303, -0.05177162508782607, -0.5273343620072254, -0.008061954820733422, 0.4055021559006462, -0.39257399310747, 0.16271832171390282, -0.660123276995947, -0.4395697018613536, 0.6462653713570612, -0.07095746559610902, 0.035213871890912546, -0.03117764423244719], [-0.3346699101776736, -0.2125797725131508, -0.5655032663262612, 0.2831958113117433, 0.4317739281931136, 0.5053190082344076, -0.6236510391674347, -0.4392191340231559, 0.2203079200320115, -0.12147607459174421, 0.2018404756724495, 0.6930054482607907, 0.16720779163422256, 0.0713539512090002], [-0.469946167144362, -0.34549004902543756, -0.28168830886697505, -0.6870390252517093, -0.7176513999950646, -0.22540643538145733, 0.21597242907888192, 0.23937531530919665, -0.04200989299838291, 0.41826555040794666, 0.32068473469577796, 0.2504906891206854, 0.7510659236598515, -0.022211792851253048]], "inverted": true, "swapped": false, "error_lsq": 0.03855818452023647, "error_max": 0.2644950377424183, "target": "956.xyz", "model": "24.xyz", "model_rescale": 4.28219845311461, "target_rescale": 4.102493399860822},
{"mapping": [14, 5, 10, 6, 8, 1, 12, 9, 2, 13, 3, 4, 7, 15], "R": [[-0.3045139877571792, -0.9450726692228426, -0.1187808113637551], [0.0034794526354984256, 0.12359871449506585, -0.9923261818497608], [0.9525015090117064, -0.3025904949980727, -0.03434920184288859]], "T": [-0.08471865200034506, 0.02277705100460951, 0.0008490246934496765], "aligned_model": [[-0.6859636789291446, 0.6365230674803464, -0.2214051974483493, -0.469228134437682, 0.16148317626708167, 0.37262789071703967, -0.35681820085688337, 0.3390895262630077, -0.717852092180512, -0.45846558189363723, 0.5381604936442237, -0.09523694535172642, 0.03906301621021445, -0.10596926111449435], [-0.33165870339488795, -0.21910954033447402, -0.3379339894163654, 0.3259589755929094, 0.060789829918216215, 0.4061841852360798, -0.6586692071989015, -0.3616526138275094, 0.28321503115965707, -0.10144858992748006, 0.37790854446086386, 0.6591542218746989, 0.082811711847028, 0.09135528175848351], [-0.30414989086408983, -0.38201118468464207, -0.6926271121993683, -0.755742221277403, -0.6471368897567532, -0.23090625168993256, 0.21535481232055798, 0.36067418322607975, -0.008853026960984806, 0.4455935350219692, 0.29401883408119484, 0.36079629156189963, 0.7667602100555462, -0.01735971807637584]], "inverted": false, "swapped": false, "error_lsq": 0.04415445947202403, "error_max": 0.38422925601314906, "target": "956.xyz", "model": "25.xyz", "model_rescale": 4.100010024507729, "target_rescale": 4.102493399860822},
{"mapping": [6, 9, 12, 11, 2, 1, 7, 5, 8, 4, 0, 13], "R": [[-0.45842262463140515, -0.8583832482000935, -0.23027569658023114], [-0.658572340466353, 0.1541165217035554, 0.7365667451838074], [-0.5967672658572385, 0.48931206499273494, -0.6359579651626528]], "T": [0.05945549521105045, 0.09223931605034238, 0.011870866522159157], "aligned_model": [[-0.6495949019756274, -0.06874534573321697, 0.30601356934465623, 0.6371139402755377, -0.5308899271555174, 0.12049304153751428, -0.20276170818932396, 0.6121746280710713, 0.12406093362426426, 0.11657612395820119, -0.5807760676339153, -0.006898683760637125], [-0.2520682231768243, -0.6215389670738721, -0.3702948633097667, -0.2514427921177077, 0.4564177777196853, 0.7669911551656216, 0.1181545186481637, 0.40813948383034293, -0.42313479279290245, 0.6650308426448139, 0.08406746232175885, 0.08580978819132647], [0.18376655492968025, 0.08910172816107628, 0.5249225302622393, -0.1738280360478638, -0.016755730106490146, 0.21682400036812483, 0.5259262485475286, -0.23597445683386706, -0.46548218094983906, -0.47194165215906614, -0.47797491194194475, -0.1333918043752216]], "inverted": true, "swapped": true, "error_lsq": 0.04713802862193133, "error_max": 0.27046598229717506, "target": "956.xyz", "model": "26.xyz", "model_rescale": 3.6694154284099745, "target_rescale": 4.102493399860822},
{"mapping": [12, 8, 9, 11, 10, 4, 3, 7, 6, 6, 5, 0, 1, 13], "R": [[0.41343143517929093, -0.8565024762654612, 0.3089950752952622], [0.9044836249514936, 0.4253732010988629, -0.031096816260064136], [-0.10480372417141287, 0.29233738717112345, 0.950555117529627]], "T": [0.002395762780439681, 0.03782892599562485, -0.10241388027858964], "aligned_model": [[-0.7443931422105015, 0.5793728318173612, -0.05166309018640665, -0.5732226778760707, 0.11725128063559634, 0.42679618463883345, -0.33266310191495807, 0.23012887029655035, -0.5584190502192379, -0.5584190502192379, 0.5160936618477934, 0.07803120694985834, -0.1210122375955204, -0.03187360759457583], [-0.18423271615003145, -0.0751425730537657, -0.5071568675348905, 0.10682593407762983, 0.17734128052127865, 0.6777888377181496, -0.645472824143612, -0.45557967624462076, 0.08535778400638025, 0.08535778400638025, 0.16175635795320076, 0.6088856454997329, 0.1584336970194136, 0.08274247407307293], [-0.2531712078864201, -0.3527977748048673, -0.5085316719796872, -0.7349313052536578, -0.6762041144631465, -0.3954431678991993, 0.16900000252630595, 0.21509849380284077, 0.29054691290658496, 0.29054691290658496, 0.4864281697002967, 0.22178797941324277, 0.7635373933767213, -0.11145505158790119]], "inverted": true, "swapped": false, "error_lsq": 0.05386627583428351, "error_max": 0.3483035176304315, "target": "956.xyz", "model": "27.xyz", "model_rescale": 4.103607728864725, "target_rescale": 4.102493399860822},
