[{"mapping": [9, 4, 2, 12, 13, 5, 1, 6, 10, 11, 8, 14], "R": [[-0.2751209911312932, -0.21103884773010384, 0.937961110594509], [0.34759592416100793, -0.9314481194997953, -0.10761725784905427], [0.8963735347195328, 0.29642369242192, 0.3296171731347826]], "T": [0.002591975928465407, -0.13985498924891274, 0.06407112741418364], "aligned_model": [[-0.21861892734501595, 0.002274407873745358, 0.5445433592005329, -0.29604187304782315, 0.003285989386411359, -0.6287835189812596, 0.34209792756905527, -0.12538154826917855, 0.5267961641922753, 0.29774934771768125, -0.5408133764308999, -0.06946548940497588], [-0.36732703052842297, -0.6172827473380572, -0.37391493304699985, 0.5905208228613404, 0.4025159983402844, -0.5269510093785033, -0.31011469218311905, -0.7211313410758226, 0.23117959779995292, 0.5070174873640916, 0.282641508490563, -0.04359862532825014], [-0.596962623874928, -0.00018141726104334288, -0.47631202835174424, -0.019169396405604305, -0.6002364909186567, 0.08033195518674069, 0.5950899074180721, 0.5155103035240727, -0.11063069011743196, 0.3942569476388884, 0.35888348015170835, 0.041371798363489184]], "inverted": true, "swapped": true, "error_lsq": 0.048232515686480966, "error_max": 0.279116131114303, "target": "957.xyz", "model": "0.xyz", "model_rescale": 3.751011558992144, "target_rescale": 4.0882246763033985},
{"mapping": [4, 10, 8, 11, 5, 13, 9, 3, 12, 2, 1, 6, 7, 0, 14], "R": [[0.8114755195417035, 0.06275498447113827, 0.5810071368826291], [-0.5275467064065985, 0.5063726433028979, 0.6821152532189753], [-0.2513999875578221, -0.8600282309543471, 0.4440151891742709]], "T": [0.0036979884123194175, 0.038893808754382864, -0.014629521552303255], "aligned_model": [[0.18682275940193405, -0.3150189189891431, 0.5947129183835285, -0.7894486790031292, 0.2722973810915444, 0.05625215606279674, -0.2974167398295673, 0.09252922855399798, -0.5085816274633238, 0.6768090500897614, 0.1593492001443235, -0.497436211418204, -0.2930437270171931, 0.373523271208079, -0.04042786552445331], [0.1197533008297154, -0.3900290856089041, -0.04728747068191981, -0.0152502780242324, -0.5244085530278925, -0.4229890126796424, -0.5430667023288506, 0.20152996718731903, 0.06658070898050988, -0.13424401810639136, 0.6761020621153104, 0.4969576207490414, 0.5912409002092798, 0.5983030533192293, 0.019276922070271967], [-0.7798099125067034, -0.6366411225344145, -0.3039258951308909, -0.08331555187400404, 0.010487453951976419, 0.5434067828466925, 0.05495140478423281, 0.72635926396192, 0.5227512882942926, 0.43334692151753484, -0.25005231477953305, -0.3352036988830485, 0.20108804537841832, 0.3400464937065662, 0.011291497226688488]], "inverted": true, "swapped": false, "error_lsq": 0.041390048931698814, "error_max": 0.22425168577496002, "target": "957.xyz", "model": "1.xyz", "model_rescale": 3.9405287249114394, "target_rescale": 4.0882246763033985},
{"mapping": [13, 9, 7, 0, 4, 12, 10, 2, 6, 3, 1, 11, 14], "R": [[-0.7215493841809004, 0.49456311250318746, 0.484534636470215], [-0.6752141698961065, -0.6574378643566439, -0.3344566926848484], [0.15314147367606026, -0.5684916729920809, 0.8083099076338172]], "T": [-0.037014603497328095, -0.09288982601538653, -0.06574961952631356], "aligned_model": [[-0.22462017663702716, 0.24038581075386783, -0.4349629494820789, 0.46603317905709984, 0.3492564870724477, -0.7302328765260163, 0.026725949130901934, 0.623021950993633, 0.1829465859302637, -0.47724876651777975, 0.09846194606120712, -0.48146324758508785, -0.14232061296749993], [0.7362390265785654, 0.4124073884361078, 0.21437096833361952, -0.26645206465295646, -0.23189305131568513, 0.28179131077052566, 0.22529848395115748, 0.3080904740113446, -0.745698932930632, -0.6763555205874427, -0.6430738133960837, -0.12270561306945577, -0.03318606255704777], [0.04747968909726463, -0.5189241431649637, -0.623141745049308, 0.48396235699331447, -0.31781806754567343, 0.02710757810444067, 0.5153448325036251, 0.14419289613687442, -0.3547376727217022, -0.04465376810552973, 0.2585608596584261, 0.5793557769860075, -0.08360824330413169]], "inverted": true, "swapped": true, "error_lsq": 0.04293487068241304, "error_max": 0.22389498655259957, "target": "957.xyz", "model": "2.xyz", "model_rescale": 3.932901565614263, "target_rescale": 4.0882246763033985},
{"mapping": [12, 11, 8, 10, 7, 5, 3, 9, 2, 4, 1, 0, 6, 14], "R": [[-0.7542460272292227, -0.1521671317091684, -0.6387159732121467], [0.4696162900623708, 0.5548366678439605, -0.6867436291105047], [0.45888285053703004, -0.8179250797250417, -0.34702318861971515]], "T": [-0.0016578618976195898, -0.06164515104423264, 0.04325225746333994], "aligned_model": [[-0.1488039809950323, 0.4455274054370711, 0.0995318066892477, 0.043185817619252095, -0.494982110790057, -0.23347989864458665, 0.5602157971800035, -0.7088375237322241, -0.32243216023252624, -0.08632075550988487, 0.6063443003044344, 0.36069028537107134, 0.34290422530056935, -0.04373329594463485], [-0.09341389228047738, 0.2635212936849399, -0.5332097639560448, 0.5716141602980034, -0.5259100476331244, -0.7379358113201314, -0.48348852809567416, -0.08488511960269825, 0.5494964882766598, -0.17237483019240663, 0.0023817555947297925, 0.49868722014238054, -0.500248171217374, -0.09073811534829383], [-0.7357848110967716, -0.5125144839843754, -0.5295430443000182, -0.15662047663122658, -0.2800855761736175, 0.23724257937295057, -0.15930520710534937, 0.23560673072348542, 0.4483683647372118, 0.5043779313762972, 0.272310172286901, 0.4175457697157734, 0.5402040746208677, -0.06790566048503084]], "inverted": false, "swapped": true, "error_lsq": 0.04708269532366834, "error_max": 0.2542597383465526, "target": "957.xyz", "model": "3.xyz", "model_rescale": 3.9243930471874484, "target_rescale": 4.0882246763033985},
{"mapping": [3, 11, 8, 5, 7, 1, 4, 12, 13, 10, 9, 2, 14], "R": [[0.09461249392293603, -0.019115722286434794, -0.995330631074494], [-0.40156960616376447, -0.9155970801372222, -0.020587332262155228], [-0.9109282778568035, 0.4016423483718583, -0.09430321625044041]], "T": [-0.08158022181247539, -0.16310564130614277, -0.04031054151302203], "aligned_model": [[-0.015780832187077515, -0.3437401049109289, 0.4309689161672655, 0.456613410777418, 0.6620948848939446, -0.5650623621274359, -0.14062340098984344, 0.3397674433275379, 0.16871679061467587, -0.48045629749318236, 0.25846247474980577, -0.5018718940535029, 0.0081168575426762], [-0.5910314759855674, 0.17294222437476944, -0.20350140546684053, -0.6299963154251388, -0.07043447824163183, -0.5272337873874847, -0.46377517713724026, 0.32764028005817447, 0.649063879923537, 0.36292315129577013, 0.03307162584253889, 0.16840622276967585, -0.10024519093897544], [-0.6295755840183282, -0.698283625053321, -0.5847079646293163, 0.16242936860070462, 0.0023210736626697315, -0.2850334778865354, 0.33141178463443954, -0.4998696489423536, 0.07459575058539625, -0.12498052693893662, 0.5789865261395055, 0.5546382868568063, -0.09486164763976677]], "inverted": true, "swapped": true, "error_lsq": 0.03906806699434861, "error_max": 0.2404029139674833, "target": "957.xyz", "model": "4.xyz", "model_rescale": 3.8936222436046832, "target_rescale": 4.0882246763033985},
{"mapping": [6, 3, 5, 4, 7, 12, 11, 13, 2, 1, 9, 14], "R": [[-0.6830327325907073, 0.27676960005296136, 0.6759178017305028], [-0.7303861166828135, -0.26079016960159035, -0.6312880546914961], [0.001551375734854532, -0.9248713834505302, 0.3802768955743061]], "T": [-0.010188425791793979, -0.082149748736341, 0.0009513090509427266], "aligned_model": [[0.08346418039049644, -0.456615286409219, -0.2773838604699455, 0.2804795772458604, -0.5333061130067521, -0.6274250110943912, -0.253738249747728, -0.11348194873274285, 0.7026461330660217, 0.18247741871119327, 0.1533261806754566, -0.11289497841315262], [-0.49664010024398475, -0.643690003425739, 0.09274247964481515, -0.048839472084417315, 0.41439746480290796, 0.13809706700326707, -0.4549150375533773, 0.573022914033756, 0.23034986640281024, -0.7051754789887958, 0.6006782640250806, -0.031105058506515515], [-0.6134457023983942, -0.14067838579647773, -0.6674513143965902, -0.38176045196537695, -0.20700737304793793, 0.4482435238238471, 0.6461753582792749, 0.544596976453342, 0.18728487122555476, -0.029909899039328176, -0.2103595806221641, 0.043596696759768676]], "inverted": true, "swapped": true, "error_lsq": 0.04106285198802581, "error_max": 0.2740284020683552, "target": "957.xyz", "model": "5.xyz", "model_rescale": 3.6523030999806103, "target_rescale": 4.0882246763033985},
{"mapping": [6, 4, 2, 1, 10, 5, 9, 3, 7, 12, 13, 11, 14], "R": [[-0.29891482664764646, 0.20230364601711048, -0.9325894923375403], [0.8294946198077728, 0.538241953213359, -0.14911162097913838], [0.47179296531441145, -0.8181496407193807, -0.3286982860779512]], "T": [0.11409896510611174, -0.05409209145089923, 0.07941772430998661], "aligned_model": [[0.12828471259700988, -0.010933863447362982, 0.24330038649829572, 0.6386358382197396, 0.5331015867380584, -0.47915093420458943, -0.4549991548932524, 0.29560954180707594, -0.5668574651286399, -0.03800299223123592, -0.12356388939490796, 0.6549615630950605, 0.060697575009043124], [-0.6157249366128428, -0.09341579915340317, 0.6222950453067363, -0.3775561850082499, 0.4206633953489819, -0.4483332499924089, 0.359033953491254, -0.7300411682793021, -0.11652628292569576, 0.017010294665676343, 0.6203476872589043, -0.06646962193304162, -0.050456228003425155], [0.5717835046186577, 0.5429759108811909, 0.4872372286202405, 0.29497665194404243, -0.12557362098940786, 0.2828169002478662, 0.28701737372668246, -0.13231353474367882, -0.23019231310458865, -0.6960624061502169, -0.3939940774995053, -0.48794371060979047, -0.030618167459703027]], "inverted": false, "swapped": true, "error_lsq": 0.046217210475102424, "error_max": 0.2519019183510742, "target": "957.xyz", "model": "6.xyz", "model_rescale": 4.08911054899281, "target_rescale": 4.0882246763033985},
{"mapping": [5, 4, 7, 8, 6, 0, 3, 1, 9, 2, 12, 10, 11, 13, 14], "R": [[0.9025798717743818, 0.26073319074706425, -0.3425898105761405], [0.2658045863983397, 0.2884953478265483, 0.9198469199448606], [0.3386701890000779, -0.9212972579603688, 0.19108601612194873]], "T": [-0.02421069914876901, 0.09183421015489468, -0.006621646243852582], "aligned_model": [[0.11263374157067081, -0.26510288769791307, 0.685963398790372, -0.6817618867776524, 0.19975319788167567, 0.06301813506471698, -0.3306616954855609, 0.06423360781448577, -0.588564229907124, 0.6309936334252647, 0.14863213114307922, -0.44841245004431124, -0.26051924363398243, 0.46788170331288, -0.12716495976564995], [0.1244187944866526, -0.3370907594324829, -0.011185222042205456, -0.030175725642329176, -0.3540251503909004, -0.6303003515981289, -0.630317277559999, 0.15390503783568346, 0.004873877232239143, -0.13333506686403634, 0.7229653146259875, 0.5106431357711003, 0.5959627262769605, 0.5888437353160058, 0.11728634698829661], [-0.7554294142934626, -0.5114422219563781, -0.29701570910252256, -0.14037135465320363, 0.007255309261825649, 0.5896744113545637, 0.09843287246489613, 0.7188236485732045, 0.5305005937782397, 0.40586547180256793, -0.2891120053660695, -0.41150046374773147, 0.17923790824017347, 0.20952904584449794, 0.1203325637591271]], "inverted": false, "swapped": false, "error_lsq": 0.041273453817691534, "error_max": 0.24037575210295706, "target": "957.xyz", "model": "7.xyz", "model_rescale": 3.964800864290218, "target_rescale": 4.0882246763033985},
{"mapping": [5, 8, 7, 6, 9, 1, 4, 12, 11, 10, 0, 2, 13, 14], "R": [[-0.0005550259434916049, 0.8620637236264297, 0.5067995938766494], [0.9684255274089755, -0.12588303670101797, 0.21518703244753787], [0.24930240634388107, 0.4909170983763602, -0.8347746478618558]], "T": [-0.049865746509507064, -0.039551562838287736, 0.055990516537347886], "aligned_model": [[-0.2033813476049611, 0.34760707865896157, 0.3989096690849042, -0.701403550657315, 0.09898953746437197, -0.5197074098417225, -0.43214249482182865, 0.6993866838484278, 0.2789368509210365, 0.18821363475846162, -0.47153237568700657, -0.18163690281765896, 0.6955191839171733, 0.06342933223802864], [0.0885031183011474, -0.5080220186922728, 0.11619864568212418, -0.2011094508661194, 0.6460561748941472, -0.43211819623456477, 0.22400794363155072, -0.29043696924917817, -0.6046688853106261, -0.021900177903132596, -0.03727011244519352, 0.569128541171839, 0.3258633670591355, -0.06328351385765464], [-0.6572960442158297, -0.3720956618731666, -0.5252156106799536, -0.27181169272577055, -0.15714687583846276, 0.2826485234565276, -0.07233184624432507, -0.016378647674127327, 0.4885593720540658, 0.6772666690280291, 0.694391823056309, 0.5586377163746177, 0.27126851380851796, 0.016318800198589806]], "inverted": false, "swapped": true, "error_lsq": 0.036812895861509654, "error_max": 0.27056528127707474, "target": "957.xyz", "model": "8.xyz", "model_rescale": 4.121658175737393, "target_rescale": 4.0882246763033985},
{"mapping": [11, 1, 3, 8, 0, 13, 4, 9, 5, 2, 12, 7, 14], "R": [[0.09150731264813616, 0.7400127927270057, -0.6663388614903788], [0.5042096686389415, -0.6114615957176074, -0.6098256529644241], [-0.858719408062334, -0.2801709898666441, -0.4290748124211206]], "T": [-0.03982324435251617, -0.11214353075343494, -0.07729739378552358], "aligned_model": [[-0.6297475069002787, -0.1704421236550634, 0.14020204281903148, 0.17496529581947728, -0.5144984099615406, -0.41238960046836837, 0.23484161683537663, 0.21775855482256246, 0.6973615583478208, -0.3838934470184058, -0.2336548752569056, 0.3961936239611308, -0.039959232909640104], [0.26343356583693966, -0.4105961761040221, 0.15487781930544217, 0.5668923477270907, -0.6794433867177887, 0.2807066299938267, -0.5033607462058869, -0.21389668244591362, -0.05747411927287002, -0.6547344982411166, 0.6476819807719638, 0.3901033492968863, 0.006197355467158314], [-0.43157942829001733, -0.643069723625388, -0.7337833910249726, -0.30856163583026375, -0.27279302012994217, 0.5877848891687126, -0.017513960436446707, 0.6016292049633167, -0.02920809135191124, 0.3999028281287687, 0.043758289154220587, 0.2706902862215433, -0.046180812988530995]], "inverted": true, "swapped": true, "error_lsq": 0.04659619308786825, "error_max": 0.3277608844362883, "target": "957.xyz", "model": "9.xyz", "model_rescale": 3.833441315466971, "target_rescale": 4.0882246763033985},
{"mapping": [12, 11, 1, 8, 0, 13, 10, 2, 9, 5, 6, 7, 3, 4, 14], "R": [[0.3348536213800559, 0.7582669378679692, 0.5593784972493993], [0.4767801533958363, -0.6483926227252992, 0.5935214335837007], [0.8127445709301943, 0.06795776432271639, -0.57864324474736]], "T": [0.005144502566845021, 0.048325311391960835, -0.05397511814687635], "aligned_model": [[0.15664129155223583, -0.5046926709750165, 0.6929505224337028, -0.6749187432734116, 0.39332103597699347, 0.17579024396806792, -0.29651332550403675, -0.12526689572129793, -0.6338136026749075, 0.48085934339148334, 0.40264001295219154, -0.5003145050269842, -0.24381797458046137, 0.40206541896099957, -0.05400795578860719], [-0.039305881985853636, -0.005227886201723472, -0.10730156333851604, -0.30037338271338526, -0.5095609799137035, -0.4387261071970084, -0.6855883498549421, 0.06584538050257871, 0.1967041174156211, 0.03649765056346909, 0.48240461557944736, 0.4588442091468183, 0.7356499007986886, 0.7073340803529722, 0.09527361184838161], [-0.6305074712590577, -0.5040142192768875, -0.2737752269056336, 0.09926510099673276, -0.010330799082903637, 0.5537645366451691, -0.26874810555123996, 0.6526621079476207, 0.42312696338450556, 0.42663979852293116, -0.392799622786839, -0.19504036195347285, 0.41498590743753444, 0.1559625122378549, 0.003589535603412651]], "inverted": true, "swapped": false, "error_lsq": 0.0458997848761873, "error_max": 0.30017222992960724, "target": "957.xyz", "model": "10.xyz", "model_rescale": 4.2482417240324, "target_rescale": 4.0882246763033985},
{"mapping": [12, 3, 1, 6, 13, 2, 10, 4, 5, 9, 7, 14], "R": [[-0.1366765214913939, 0.87171674384032, 0.4705629043830829], [-0.9749305974600032, -0.20256382542241932, 0.09207728691983252], [0.17558433474912868, -0.44618137022814564, 0.877549044926858]], "T": [0.024324003975984956, 0.022500214477758816, 0.0492432301280387], "aligned_model": [[-0.7527177134037354, 0.06023411505538581, 0.43395614450289316, 0.646959409660601, -0.6623941342844144, 0.23997676181434413, -0.20955045694448, 0.4400442110768565, 0.19509517531924936, -0.02626464012998779, -0.3974309319654825, -0.09114233833822312], [-0.13788529846671807, -0.7056968516768737, -0.29516713599400235, -0.3431972349637496, 0.5362011606826403, 0.7636023018358341, 0.32923862536214826, 0.15687494388019133, -0.18108302383491792, 0.5683338516824028, -0.024058128733757345, -0.0010318197225581624], [0.042712980132136015, 0.10512584590422043, 0.4461343565733643, -0.1421915547870103, 0.04828507534293428, 0.2608345775575318, 0.5916376480989223, -0.1536998556048083, -0.6422289898553031, -0.4377371013205326, -0.5699604181957013, 0.016279726008602773]], "inverted": true, "swapped": true, "error_lsq": 0.04705482335084466, "error_max": 0.21497073597302463, "target": "957.xyz", "model": "11.xyz", "model_rescale": 3.6694154284099745, "target_rescale": 4.0882246763033985},
{"mapping": [8, 3, 1, 6, 5, 12, 7, 13, 4, 2, 10, 9, 11, 14], "R": [[0.3232186917164953, -0.8582140461089899, 0.3987459446644114], [-0.024195201468027117, -0.4287196259850734, -0.9031135446449359], [0.9460149415051534, 0.28225543990586854, -0.15933485837237832]], "T": [0.0653952279716288, 0.1515823178564616, 0.006068132221764395], "aligned_model": [[-0.0975059701994819, -0.033153973582351504, -0.03351206206572087, 0.5547972726474292, 0.6933475945641161, -0.41606476624147803, 0.29442573770056013, -0.29536869033664004, 0.4910567443669279, 0.10620910761703115, -0.47221721384897997, 0.4763920894265463, -0.6892854856228332, 0.019144465830684236], [-0.3305510975076138, 0.23384293168563977, 0.7263757053524824, 0.5408814655754595, -0.125713842370479, -0.4660458749461188, -0.5575265178452975, -0.4092158820300582, 0.3556959793527559, 0.43101180152698154, 0.28560851863463166, -0.19840385871809418, 0.20460321592010983, 0.04042474350585509], [-0.5432200984234516, -0.7137961718421733, -0.28729770087364187, -0.4025742078116072, -0.27236574450089074, -0.12157072120316664, -0.08430746268097541, 0.5453511338629392, 0.10206626340862024, 0.7549090399189413, 0.3748326380155626, 0.5022885164415415, -0.19943212543135394, -0.015787899227929166]], "inverted": false, "swapped": true, "error_lsq": 0.044986125092659354, "error_max": 0.2740508857349545, "target": "957.xyz", "model": "12.xyz", "model_rescale": 3.9764082729961374, "target_rescale": 4.0882246763033985},
{"mapping": [10, 1, 11, 9, 13, 6, 12, 4, 0, 14, 8, 2, 7, 3, 15], "R": [[0.11246306417128171, -0.42705533368077786, -0.8972044366653601], [0.8681633499593269, -0.3970049475729457, 0.29779098272110693], [-0.4833678278336345, -0.8124104957331624, 0.3261053962110896]], "T": [-0.08069688154533515, -0.05020690941614838, 0.08269911636020623], "aligned_model": [[0.13485749503152045, -0.3718163662477618, 0.6193456176919361, -0.6538402791677279, 0.29981762399158707, 0.23939293803046813, -0.20690695712932672, -0.24461429189769002, -0.6982615636170665, 0.6814430348893631, 0.15542916166933068, -0.4827053009822627, -0.245787948398817, 0.4817795724387245, -0.037210540611326316], [-0.10555227528593122, -0.008456564481326236, 0.04333876815900207, -0.22719011260470348, -0.5265043835100015, -0.42892241230032374, -0.5527714702430981, 0.13935482105786298, 0.2625997638893349, -0.10891786682810711, 0.4474926598220159, 0.5488331878618745, 0.6322607346818439, 0.5682918957385404, 0.00861266904586079], [-0.6897127557479125, -0.4801764760982097, -0.28025322791938634, 0.04167816965488601, 0.029501621732113056, 0.6638840103297137, -0.2897433811748716, 0.7557972924848366, 0.301499898112602, 0.31615962872097336, -0.3602370722092993, -0.2575944428810465, 0.36201355087354414, 0.18028453560587043, 0.1616793044759141]], "inverted": true, "swapped": false, "error_lsq": 0.045364681187401196, "error_max": 0.3238314341440718, "target": "957.xyz", "model": "13.xyz", "model_rescale": 4.170626492500431, "target_rescale": 4.0882246763033985},
{"mapping": [3, 1, 8, 11, 7, 13, 12, 6, 5, 0, 4, 10, 9, 14], "R": [[-0.12741233151845122, 0.9256125513478252, -0.35638111982034415], [-0.5273331882123443, -0.3675356310741953, -0.7660530454875156], [-0.8400510736775693, 0.09032698754117305, 0.5349347894228793]], "T": [0.019720210639111613, 0.003728791670877297, 0.1694040537540939], "aligned_model": [[0.07146620850931416, 0.022288372730136036, -0.06571449434099277, -0.6737018862187674, 0.21050459628678375, -0.47981542204782784, -0.4701778079447639, 0.6068880702526316, 0.6687025325455278, -0.17895676816934633, 0.43158679871097355, -0.5690814817225862, 0.2983663440159789, -0.02917204051541772], [-0.42893557718645386, -0.6486841337233955, 0.12930551902827153, -0.2618472679580444, 0.6084204940590444, 0.6884817339052506, 0.3976230345515046, -0.44974165952956907, 0.2097768087731088, -0.5011503353063151, -0.05780846706308078, -0.02089166438369312, 0.6098865457769063, 0.0816394369821312], [-0.4177988631371982, 0.19357804145588267, -0.5638342346847551, -0.0820312324322689, -0.23235125320147482, 0.29997564861928705, -0.3147521651350034, 0.08191002915536125, -0.12233027640557897, 0.708837742521508, 0.4115710084739551, 0.47873206904588356, 0.47366138419257003, 0.0887052026526981]], "inverted": true, "swapped": true, "error_lsq": 0.04402403340126295, "error_max": 0.3194149623080111, "target": "957.xyz", "model": "14.xyz", "model_rescale": 3.9786697098870705, "target_rescale": 4.0882246763033985},
{"mapping": [4, 5, 2, 0, 9, 13, 3, 12, 10, 1, 7, 14], "R": [[-0.46152623987014213, -0.5328362388845069, 0.7092806725427817], [-0.41461406996142924, -0.5772737688300174, -0.7034558755251155], [0.7842759099330715, -0.6187410915336078, 0.045505590276937735]], "T": [0.0009555009356621499, -0.08448788078547885, -0.00020550641624978924], "aligned_model": [[-0.10154202187704622, -0.676217460823447, 0.6130797231384075, 0.5779046845684866, -0.03488280731650346, 0.36679689860081494, -0.4117444770985724, -0.051524262765369984, 0.6305314572943644, 0.08450891528753474, -0.4819737616167235, -0.031582290624609204], [-0.25863115849542523, -0.011091574595551976, -0.005470751314724895, -0.5714449740138648, 0.41459963089913865, 0.6843430591698003, -0.46891880679343895, 0.4493450854490394, 0.002744635929759723, -0.7196583775005426, 0.4900435820707758, 0.008814139419473496], [-0.4375087549594466, -0.29139706019586753, -0.5096851860892478, -0.12416763048205424, -0.5361818911351771, 0.10241242150134662, 0.4651706438526935, 0.5844552721887775, 0.1972837946388783, 0.1255357732508837, 0.01208225049392245, 0.07196686080912137]], "inverted": true, "swapped": true, "error_lsq": 0.040744055069137454, "error_max": 0.20873144192135193, "target": "957.xyz", "model": "15.xyz", "model_rescale": 3.769337070930944, "target_rescale": 4.0882246763033985},
{"mapping": [7, 3, 13, 12, 9, 4, 2, 1, 10, 11, 14], "R": [[-0.7152631391965771, 0.499768799850127, 0.48849748044695385], [-0.6193473885213856, -0.7771148381700137, -0.1118093941837352], [0.32373979372081874, -0.38252277708962334, 0.8653720997173671]], "T": [0.06190924350873087, -0.09289633691295607, -0.050808338152368744], "aligned_model": [[-0.33945822202727044, -0.37303460357008245, -0.133007836013184, -0.6345377384603492, 0.33420766120786083, 0.4491102837540835, 0.7185661605114343, 0.20271895977126783, 0.12348699423255485, -0.3814746719419868, -0.04395085677315776], [0.057729377777521046, -0.6550890671858418, 0.7359277771238344, 0.28724295451886256, 0.28152868215970805, -0.28867460752994256, 0.35404297796178025, -0.540304611141073, 0.3642494188474843, 0.040069157300840375, -0.040657562207831344], [-0.6669853541909521, 0.12079164406364956, -0.15342072390569317, -0.05477165643030341, -0.6194056389244331, -0.26012144745963856, 0.04694776819716217, 0.4033194657946337, 0.4289867842016447, 0.5818965155246771, -0.0830197496469702]], "inverted": true, "swapped": true, "error_lsq": 0.04189400291812052, "error_max": 0.23101965927781673, "target": "957.xyz", "model": "16.xyz", "model_rescale": 3.7852294659196426, "target_rescale": 4.0882246763033985},
{"mapping": [10, 9, 7, 13, 2, 4, 6, 5, 12, 11, 1, 8, 14], "R": [[-0.7068514613589904, 0.6154689948769336, 0.3486530193757639], [-0.6883532980415947, -0.48500032162937534, -0.5393926446427144], [-0.1628826223079642, -0.6212669348714603, 0.7664832985691871]], "T": [-0.0736927016775174, 0.16241863649339447, -0.017711266527799793], "aligned_model": [[-0.019925451477882994, -0.40416148899841325, 0.2328611321606554, 0.16720707925761696, -0.6680942922463156, -0.5040882426934155, -0.3696467213125879, -0.15252213728883557, 0.6408296798142189, 0.4757888486513141, -0.17392135538049894, 0.6001025992419653, 0.029336200488462125], [0.010352194186162456, -0.4438584931652396, -0.2836959096479794, -0.6076673784449175, -0.1653704529970134, 0.23120382747891058, 0.7159730223167761, 0.14716505329250226, -0.17726503110528705, 0.36054621091584194, 0.7796035567637668, 0.20843028537243888, 0.0996387387369122], [-0.6634374474734721, 0.2289906513687499, 0.5023508663863515, -0.30823872951545905, -0.4416810485844301, 0.18745703101218736, 0.38731405368451083, 0.7186962342306131, -0.07798364652049143, -0.5405879643257809, -0.2055159350725051, 0.30569221447977807, 0.0026984174731220292]], "inverted": false, "swapped": true, "error_lsq": 0.03634902612693894, "error_max": 0.21290047642836943, "target": "957.xyz", "model": "17.xyz", "model_rescale": 3.901054581598922, "target_rescale": 4.0882246763033985},
{"mapping": [4, 10, 8, 11, 5, 13, 9, 3, 12, 2, 1, 6, 7, 0, 14], "R": [[0.8114755195417035, 0.06275498447113827, 0.5810071368826291], [-0.5275467064065985, 0.5063726433028979, 0.6821152532189753], [-0.2513999875578221, -0.8600282309543471, 0.4440151891742709]], "T": [0.0036979884123194175, 0.038893808754382864, -0.014629521552303255], "aligned_model": [[0.18682275940193405, -0.3150189189891431, 0.5947129183835285, -0.7894486790031292, 0.2722973810915444, 0.05625215606279674, -0.2974167398295673, 0.09252922855399798, -0.5085816274633238, 0.6768090500897614, 0.1593492001443235, -0.497436211418204, -0.2930437270171931, 0.373523271208079, -0.04042786552445331], [0.1197533008297154, -0.3900290856089041, -0.04728747068191981, -0.0152502780242324, -0.5244085530278925, -0.4229890126796424, -0.5430667023288506, 0.20152996718731903, 0.06658070898050988, -0.13424401810639136, 0.6761020621153104, 0.4969576207490414, 0.5912409002092798, 0.5983030533192293, 0.019276922070271967], [-0.7798099125067034, -0.6366411225344145, -0.3039258951308909, -0.08331555187400404, 0.010487453951976419, 0.5434067828466925, 0.05495140478423281, 0.72635926396192, 0.5227512882942926, 0.43334692151753484, -0.25005231477953305, -0.3352036988830485, 0.20108804537841832, 0.3400464937065662, 0.011291497226688488]], "inverted": true, "swapped": false, "error_lsq": 0.041390048931698814, "error_max": 0.22425168577496002, "target": "957.xyz", "model": "18.xyz", "model_rescale": 3.9405287249114394, "target_rescale": 4.0882246763033985},
{"mapping": [13, 7, 14, 8, 11, 5, 9, 2, 6, 10, 12, 4, 1, 3, 15], "R": [[0.5960006857279119, -0.17099061876795307, 0.7845670085500739], [-0.4665570443802324, -0.8689570621968061, 0.16503983881923268], [0.6535347786851448, -0.46440912173604965, -0.5976758826465312]], "T": [-0.05623374697505018, 0.12664079170836073, -0.06483319958848785], "aligned_model": [[0.2580944981086194, -0.4924729111671106, 0.6952561206393979, -0.734989152189069, 0.3764985952105189, -0.2930879060990249, -0.19435092148389765, 0.06529855632753795, -0.4835164923476995, 0.5751640850166984, 0.1155167955998026, -0.5200134855604626, -0.14578630661885497, 0.4897893327849639, -0.04047861253046842], [-0.15748675485885966, -0.22238239828548512, 0.15786304944479063, -0.12564066669832974, -0.4479363387337765, -0.4730689023343886, -0.6125234255285663, -0.03078987442717024, 0.13913697035188805, -0.00030575438177279923, 0.574857750061641, 0.43932223798418263, 0.6236718406443684, 0.7105203285220025, 0.11723135324231986], [-0.5861767878259185, -0.493206580429169, -0.2492975906531176, 0.15406705434673149, -0.02220641107132193, 0.4600582491280011, -0.21835763744366646, 0.7811991683662715, 0.547993657377116, 0.3858611415546327, -0.3289210099455172, -0.5357935969135552, 0.3599725200460919, 0.2290580689678303, -0.02946958954468174]], "inverted": false, "swapped": false, "error_lsq": 0.04207025796589929, "error_max": 0.2665160759947927, "target": "957.xyz", "model": "19.xyz", "model_rescale": 4.410303926677745, "target_rescale": 4.0882246763033985},
{"mapping": [5, 8, 7, 6, 9, 1, 4, 12, 11, 10, 0, 2, 13, 14], "R": [[-0.0005550259434916049, 0.8620637236264297, 0.5067995938766494], [0.9684255274089755, -0.12588303670101797, 0.21518703244753787], [0.24930240634388107, 0.4909170983763602, -0.8347746478618558]], "T": [-0.049865746509507064, -0.039551562838287736, 0.055990516537347886], "aligned_model": [[-0.2033813476049611, 0.34760707865896157, 0.3989096690849042, -0.701403550657315, 0.09898953746437197, -0.5197074098417225, -0.43214249482182865, 0.6993866838484278, 0.2789368509210365, 0.18821363475846162, -0.47153237568700657, -0.18163690281765896, 0.6955191839171733, 0.06342933223802864], [0.0885031183011474, -0.5080220186922728, 0.11619864568212418, -0.2011094508661194, 0.6460561748941472, -0.43211819623456477, 0.22400794363155072, -0.29043696924917817, -0.6046688853106261, -0.021900177903132596, -0.03727011244519352, 0.569128541171839, 0.3258633670591355, -0.06328351385765464], [-0.6572960442158297, -0.3720956618731666, -0.5252156106799536, -0.27181169272577055, -0.15714687583846276, 0.2826485234565276, -0.07233184624432507, -0.016378647674127327, 0.4885593720540658, 0.6772666690280291, 0.694391823056309, 0.5586377163746177, 0.27126851380851796, 0.016318800198589806]], "inverted": false, "swapped": true, "error_lsq": 0.036812895861509654, "error_max": 0.27056528127707474, "target": "957.xyz", "model": "20.xyz", "model_rescale": 4.121658175737393, "target_rescale": 4.0882246763033985},
{"mapping": [6, 4, 2, 1, 10, 5, 9, 3, 7, 12, 13, 11, 14], "R": [[-0.29891482664764646, 0.20230364601711048, -0.9325894923375403], [0.8294946198077728, 0.538241953213359, -0.14911162097913838], [0.47179296531441145, -0.8181496407193807, -0.3286982860779512]], "T": [0.11409896510611174, -0.05409209145089923, 0.07941772430998661], "aligned_model": [[0.12828471259700988, -0.010933863447362982, 0.24330038649829572, 0.6386358382197396, 0.5331015867380584, -0.47915093420458943, -0.4549991548932524, 0.29560954180707594, -0.5668574651286399, -0.03800299223123592, -0.12356388939490796, 0.6549615630950605, 0.060697575009043124], [-0.6157249366128428, -0.09341579915340317, 0.6222950453067363, -0.3775561850082499, 0.4206633953489819, -0.4483332499924089, 0.359033953491254, -0.7300411682793021, -0.11652628292569576, 0.017010294665676343, 0.6203476872589043, -0.06646962193304162, -0.050456228003425155], [0.5717835046186577, 0.5429759108811909, 0.4872372286202405, 0.29497665194404243, -0.12557362098940786, 0.2828169002478662, 0.28701737372668246, -0.13231353474367882, -0.23019231310458865, -0.6960624061502169, -0.3939940774995053, -0.48794371060979047, -0.030618167459703027]], "inverted": false, "swapped": true, "error_lsq": 0.046217210475102424, "error_max": 0.2519019183510742, "target": "957.xyz", "model": "21.xyz", "model_rescale": 4.08911054899281, "target_rescale": 4.0882246763033985},
{"mapping": [15, 11, 14, 8, 9, 10, 5, 7, 6, 12, 2, 1, 0, 4, 16], "R": [[0.8692623279214068, -0.12073995463786655, 0.4793796706272628], [-0.10543856922297729, -0.9926839925048293, -0.05883195683371103], [0.48297589316328043, 0.0005952971679226635, -0.8756334462801281]], "T": [0.0346902149230537, 0.07675933569760449, 0.026751490886091706], "aligned_model": [[0.18734246442456598, -0.37783159098045815, 0.6235997011645091, -0.6408804900668266, 0.2983769844475648, -0.018475478875951815, -0.23891606760530992, 0.06320390254256882, -0.5285736442798357, 0.6110332420107644, 0.16805702825292668, -0.48831430559351297, -0.2805120989636768, 0.25119091487019013, 0.04162163434343355], [0.07928134628140059, -0.2004701765173366, -0.05746358493487949, -0.039714582665371714, -0.5826452282920032, -0.5179172887167942, -0.5734764351361541, 0.08893274436929616, 0.07332157034513237, -0.21214374007114215, 0.6278363704456118, 0.4932641332516329, 0.6667001516885848, 0.7339879522487962, 0.11297618270607127], [-0.686128546763243, -0.55536755833805, -0.1900258385069394, -0.07717187973247606, -0.029839322236899484, 0.5695852873587353, 0.01887123470975093, 0.7372688838815641, 0.5148970995282447, 0.38638079165678446, -0.42021743896119784, -0.40101995089065146, 0.41751578445399434, 0.1131816845475988, 0.05685042525251203]], "inverted": false, "swapped": false, "error_lsq": 0.03639557796021408, "error_max": 0.22816262333333479, "target": "957.xyz", "model": "22.xyz", "model_rescale": 4.204369325754507, "target_rescale": 4.0882246763033985},
{"mapping": [13, 7, 14, 8, 11, 5, 9, 2, 6, 10, 12, 4, 1, 3, 15], "R": [[0.5960006857279119, -0.17099061876795307, 0.7845670085500739], [-0.4665570443802324, -0.8689570621968061, 0.16503983881923268], [0.6535347786851448, -0.46440912173604965, -0.5976758826465312]], "T": [-0.05623374697505018, 0.12664079170836073, -0.06483319958848785], "aligned_model": [[0.2580944981086194, -0.4924729111671106, 0.6952561206393979, -0.734989152189069, 0.3764985952105189, -0.2930879060990249, -0.19435092148389765, 0.06529855632753795, -0.4835164923476995, 0.5751640850166984, 0.1155167955998026, -0.5200134855604626, -0.14578630661885497, 0.4897893327849639, -0.04047861253046842], [-0.15748675485885966, -0.22238239828548512, 0.15786304944479063, -0.12564066669832974, -0.4479363387337765, -0.4730689023343886, -0.6125234255285663, -0.03078987442717024, 0.13913697035188805, -0.00030575438177279923, 0.574857750061641, 0.43932223798418263, 0.6236718406443684, 0.7105203285220025, 0.11723135324231986], [-0.5861767878259185, -0.493206580429169, -0.2492975906531176, 0.15406705434673149, -0.02220641107132193, 0.4600582491280011, -0.21835763744366646, 0.7811991683662715, 0.547993657377116, 0.3858611415546327, -0.3289210099455172, -0.5357935969135552, 0.3599725200460919, 0.2290580689678303, -0.02946958954468174]], "inverted": false, "swapped": false, "error_lsq": 0.04207025796589929, "error_max": 0.2665160759947927, "target": "957.xyz", "model": "23.xyz", "model_rescale": 4.410303926677745, "target_rescale": 4.0882246763033985},
{"mapping": [9, 15, 11, 5, 13, 12, 6, 0, 2, 7, 10, 8, 3, 1, 16], "R": [[0.8355337143187567, 0.4876240526722996, -0.25319201308916717], [0.39700803482842073, -0.8543712864284434, -0.3353122801334342], [-0.3798263188858535, 0.17964545132579768, -0.9074466812433515]], "T": [0.034764583913279315, 0.006634044698804062, -0.06117613832911978], "aligned_model": [[0.057137383248091714, -0.33310933749714416, 0.5939206942095654, -0.5386762765892111, 0.33185488371139227, -0.15998357761429066, -0.17050353270260965, -0.06908063418350092, -0.5607455327538688, 0.5358342596495959, 0.07001405094866449, -0.4480611955694166, -0.19549293958628033, 0.5328513699815359, 0.02496258043842808], [0.13233271593728752, -0.30872728842125186, 0.13180126718636875, -0.207410903011348, -0.6176162605052276, -0.4951468080396407, -0.724074592217105, 0.06531979706663428, 0.33065537133434314, -0.08197144971922797, 0.5973872999493952, 0.4467761752155273, 0.7352764259347864, 0.5864865828040444, 0.10138108148825818], [-0.6744617859087676, -0.5851324326453615, -0.330246941917764, 0.08357320810758834, 0.06624259674417224, 0.5358707310123152, -0.10393099766999037, 0.6845838527092984, 0.5497836246756174, 0.3666195408200934, -0.3323808815770324, -0.5600356765416119, 0.413495050782531, 0.32871607391349855, 0.0120846934551406]], "inverted": false, "swapped": false, "error_lsq": 0.041672143847095035, "error_max": 0.27208890096141586, "target": "957.xyz", "model": "24.xyz", "model_rescale": 4.28219845311461, "target_rescale": 4.0882246763033985},
{"mapping": [13, 7, 14, 3, 11, 5, 9, 8, 1, 10, 2, 4, 0, 6, 15], "R": [[-0.2774464968672088, 0.6761425805504292, 0.6825354585241123], [-0.06698396459062622, 0.6950835187787299, -0.7158016837154693], [-0.9584031457919133, -0.24431560058413268, -0.14755777664148673]], "T": [-0.017593490356502126, -0.011048135179547044, -0.05573283059313382], "aligned_model": [[0.07488141761114916, -0.5090335129555041, 0.7254851452787804, -0.7690127463085215, 0.3431218027753821, -0.1436742554784429, -0.23548849359674745, 0.12232529847745396, -0.42219292488014937, 0.6251985341166851, 0.23471536458795786, -0.5665616877888361, -0.1919081019645644, 0.4189718671130272, -0.03590551129671875], [-0.014796815928091941, -0.22265092342806259, 0.11451187618613486, -0.14503335973681852, -0.4027710813845539, -0.5058003302109734, -0.6405634096236241, 0.04513223967314945, 0.09975237858754495, -0.04973854342640034, 0.5478407664165558, 0.4114790355771716, 0.7641734228189617, 0.6311317252024135, 0.05980243427943703], [-0.6425469372112556, -0.6207611218702797, -0.16624730793834797, 0.07641256752831317, 0.05790995169347926, 0.6258862617832409, -0.17021414209593444, 0.6219194068719786, 0.42789920161602873, 0.40797643652499416, -0.36030377762721394, -0.2897270211319775, 0.12919992537535657, 0.4016650821025072, -0.0442878696611618]], "inverted": false, "swapped": false, "error_lsq": 0.04175876680850379, "error_max": 0.2928987353588925, "target": "957.xyz", "model": "25.xyz", "model_rescale": 4.100010024507729, "target_rescale": 4.0882246763033985},
{"mapping": [12, 3, 1, 6, 13, 2, 10, 4, 5, 9, 7, 14], "R": [[-0.1366765214913939, 0.87171674384032, 0.4705629043830829], [-0.9749305974600032, -0.20256382542241932, 0.09207728691983252], [0.17558433474912868, -0.44618137022814564, 0.877549044926858]], "T": [0.024324003975984956, 0.022500214477758816, 0.0492432301280387], "aligned_model": [[-0.7527177134037354, 0.06023411505538581, 0.43395614450289316, 0.646959409660601, -0.6623941342844144, 0.23997676181434413, -0.20955045694448, 0.4400442110768565, 0.19509517531924936, -0.02626464012998779, -0.3974309319654825, -0.09114233833822312], [-0.13788529846671807, -0.7056968516768737, -0.29516713599400235, -0.3431972349637496, 0.5362011606826403, 0.7636023018358341, 0.32923862536214826, 0.15687494388019133, -0.18108302383491792, 0.5683338516824028, -0.024058128733757345, -0.0010318197225581624], [0.042712980132136015, 0.10512584590422043, 0.4461343565733643, -0.1421915547870103, 0.04828507534293428, 0.2608345775575318, 0.5916376480989223, -0.1536998556048083, -0.6422289898553031, -0.4377371013205326, -0.5699604181957013, 0.016279726008602773]], "inverted": true, "swapped": true, "error_lsq": 0.04705482335084466, "error_max": 0.21497073597302463, "target": "957.xyz", "model": "26.xyz", "model_rescale": 3.6694154284099745, "target_rescale": 4.0882246763033985},
