[{"mapping": [8, 10, 4, 2, 6, 7, 9, 11, 1, 3, 0, 12], "R": [[-0.7420420797114649, -0.35770133295703266, 0.5669420678854645], [-0.07796700983232, -0.7939440152151256, -0.6029710159550721], [0.6658037979129373, -0.49163264446621824, 0.5612509648810076]], "T": [-0.043070713184642444, 0.01413744922371278, -0.04251825210373725], "aligned_model": [[-0.3399693091450707, 0.29376478155648134, 0.4733904915080848, -0.20478777076287885, 0.11798738553837654, -0.43571224438452844, 0.3202787982518291, -0.3549876883596561, 0.5743471134979278, 0.11816178367863428, -0.6866328563942027, -0.038198022524448004], [-0.2954705256471301, -0.6895142286577887, -0.2580871138263741, 0.686721262329072, 0.33135228107811193, -0.5319626291555142, -0.20077704419708936, -0.49298067716860855, 0.03699363267714974, 0.3894496775008927, 0.1800364485089626, -0.10220604746462661], [-0.5132739949143283, -0.10750639838865009, -0.7058092099425309, -0.007964632618911255, -0.5617419341180458, 0.06098633842165782, 0.5138652625744888, 0.7342431958355836, -0.116188566812923, 0.42083856322929214, 0.4666670497634027, -0.0021639276754732706]], "inverted": false, "swapped": true, "error_lsq": 0.04178892850332435, "error_max": 0.2759201593867825, "target": "958.xyz", "model": "0.xyz", "model_rescale": 3.751011558992144, "target_rescale": 4.050206328184122},
{"mapping": [6, 5, 4, 10, 2, 1, 8, 7, 0, 9, 3, 11, 14], "R": [[0.8644626696058995, -0.4041704699918447, 0.2989155801299306], [0.44730749537107184, 0.3471104681382724, -0.8242756380566443], [0.22939114508345815, 0.846262698040863, 0.4808525225699654]], "T": [0.02014293141452051, 0.038102594933783915, 0.09536299183525478], "aligned_model": [[0.7395638917954929, -0.47204051011501935, 0.1026999493834114, 0.2586377296574033, -0.748772756437651, 0.2408691702118755, -0.4453857274279191, 0.46789887871475444, -0.13186820360438578, -0.008115250509036213, -0.17592831514594773, 0.6874884233999441, 0.041862722242619776], [0.02697175635212057, -0.26772700804988037, -0.488846115291438, -0.7421746451823882, 0.34176714261270785, 0.2664769108911597, -0.18467311058165714, 0.521584369651436, 0.6967026247567322, -0.298431309138342, 0.7234254472513442, -0.12363999980743869, 0.04187734122140244], [-0.11919546515754044, 0.3284075386897402, -0.4886604370491243, 0.17746906893455955, 0.11252718263717494, -0.5249680881157742, -0.3218567404022435, 0.02162691538428041, -0.24908313464457743, 0.6611686368218015, 0.3697615047253988, 0.501836012218878, 0.1455408198095226]], "inverted": false, "swapped": false, "error_lsq": 0.04952894570641443, "error_max": 0.3342820858221897, "target": "958.xyz", "model": "1.xyz", "model_rescale": 3.9405287249114394, "target_rescale": 4.050206328184122},
{"mapping": [8, 6, 10, 3, 0, 9, 11, 2, 5, 7, 1, 4, 12], "R": [[0.2995568522380985, -0.6975777696491083, -0.6508847421537688], [-0.569330330072847, 0.4167370678967001, -0.708655904864981], [0.7655904045482452, 0.58285115727108, -0.2723157375757369]], "T": [0.031077970899241563, 0.0409268708162068, 0.10358989842393744], "aligned_model": [[0.7232872631845477, -0.45668484497955086, 0.29052321787076313, 0.18104299121704065, -0.6696460059863809, 0.32540719351908187, -0.3925796632930959, 0.12415042902552657, -0.22348259632758852, -0.08164387234604388, 0.04477298928302058, 0.6159518265535594, 0.07581107444466215], [-0.09859329344714457, -0.1768447606072718, -0.5339080187086549, -0.5040109126849862, 0.48354145657648406, 0.017804408878596006, -0.09106077312724328, 0.7132859752544801, 0.5382748310359365, -0.42380619945438347, 0.49798268016291614, -0.02584548214098506, 0.11649349294801528], [-0.2158943571311142, 0.20368308192097528, -0.45653520628142813, 0.189339436981182, 0.2301135126852082, -0.6468877944863873, -0.4538217626255883, 0.04493514807151354, -0.36108224885323464, 0.7362247161571992, 0.7502264006198455, 0.48458825502855957, 0.10968463176536558]], "inverted": false, "swapped": false, "error_lsq": 0.05862100674068576, "error_max": 0.35803636879948453, "target": "958.xyz", "model": "2.xyz", "model_rescale": 3.932901565614263, "target_rescale": 4.050206328184122},
{"mapping": [8, 6, 5, 12, 2, 7, 4, 3, 0, 10, 1, 11, 13], "R": [[0.18416906773916342, -0.7398757528116573, -0.6470437580948225], [0.20079873171416118, -0.616098604682786, 0.7616445224971483], [-0.9621650709883789, -0.27019692764594494, 0.035099807130812954]], "T": [0.14222171864887906, 0.07905914988065166, 0.020501452220714513], "aligned_model": [[0.8640043753379223, -0.3871363897257258, -0.11924221115231581, 0.09085074692200334, -0.6669300439376342, 0.27398996878848764, -0.5271645390266886, 0.4149028680659461, -0.1775120232643606, 0.0860824592860342, -0.18683667221337008, 0.78083436567433, 0.1110670974109135], [0.10489603237243222, -0.3097227228853362, -0.5104610156171665, -0.6565051984449528, 0.26895989402188714, 0.02397377437119269, 0.1502066897396293, 0.5081344722686059, 0.6469008021275149, -0.24990188646502037, 0.4847760516802276, 0.08113046951833192, -0.029073958001586686], [-0.11045265247983158, 0.2084400304541097, -0.29714972995717065, 0.21908625248423083, 0.07890509642245705, -0.6790307321763078, -0.5363526311304713, -0.026666720856895136, -0.1353077946124481, 0.6543614213194148, 0.5457471013311609, 0.6449038025218117, 0.048090370532036374]], "inverted": true, "swapped": false, "error_lsq": 0.04855169342986399, "error_max": 0.2774329968215096, "target": "958.xyz", "model": "3.xyz", "model_rescale": 3.9243930471874484, "target_rescale": 4.050206328184122},
{"mapping": [11, 0, 6, 5, 2, 10, 3, 8, 4, 1, 7, 9, 12], "R": [[-0.5768874829792195, 0.6061287936483561, 0.5475479134215464], [0.7275744092184264, 0.6859912357600476, 0.007176594656297441], [-0.3712631291043573, 0.40252193725409713, -0.8367435562923983]], "T": [0.1468931805088564, 0.07066396020595693, 0.00412667526376443], "aligned_model": [[0.8125715870132371, -0.5449025585334732, 0.10534068182102738, 0.006448366930904809, -0.7403844573632155, 0.41011004366328, -0.3692945697177518, 0.43330497527672535, -0.18533967347503938, 0.01475444640935522, -0.2415310562534035, 0.7556834702676267, 0.10014874612626892], [-0.30596749009705637, -0.3381347219381912, -0.4905789902062982, -0.6446743020315521, 0.2559156840617196, 0.33507907868718406, -0.029045364112834093, 0.6222503170023926, 0.5495287468534307, -0.08254818926048003, 0.5592940317501139, 0.10980615292018091, -0.02761154894285127], [-0.1987405008489703, 0.2827386747912012, -0.4484175272204298, 0.2095275630246462, 0.176273944931926, -0.5941452090736298, -0.4160656944010795, 0.10441198690066625, -0.10846602557808085, 0.6891271805109797, 0.507401972085081, 0.35842833151423914, 0.05249911721554734]], "inverted": false, "swapped": false, "error_lsq": 0.0457693650568041, "error_max": 0.28268859754154674, "target": "958.xyz", "model": "4.xyz", "model_rescale": 3.8936222436046832, "target_rescale": 4.050206328184122},
{"mapping": [4, 6, 1, 10, 3, 2, 5, 0, 7, 8, 9, 12], "R": [[0.28522917025359545, 0.8514149195805665, 0.44015560334052684], [0.5689908237843242, -0.519970208686414, 0.6370874543795723], [0.7712935646598394, 0.06872857334635185, -0.6327579476546252]], "T": [-0.10439537597890951, -0.0027530158051043974, -0.016425160676092433], "aligned_model": [[0.008025305950121173, -0.4625499459477406, -0.2924142162622114, 0.4826398256449416, -0.5005387792514158, -0.7087492746755059, -0.231663066503553, -0.08329572243174636, 0.5284378846277347, 0.264475485266924, 0.01602395780329656, 0.007156587994251909], [-0.5919507879437989, -0.5026884529283189, 0.0009640081825229574, -0.014095459702829827, 0.47117808845934767, 0.0007690797982369824, -0.3097073544471854, 0.4193496812115161, 0.059421826686869336, -0.5020086763384393, 0.5979777313039862, 0.039713220827900075], [-0.6652709505311157, -0.15039551335177362, -0.6095436922766767, -0.534178301160407, -0.012625488444288534, 0.32189318785882615, 0.6098518768884195, 0.7063116514245124, 0.2259840411287891, 0.1260350685994137, -0.35167950573121876, -0.047097655128962294]], "inverted": false, "swapped": true, "error_lsq": 0.04445648608484553, "error_max": 0.21773592074951073, "target": "958.xyz", "model": "5.xyz", "model_rescale": 3.6523030999806103, "target_rescale": 4.050206328184122},
{"mapping": [1, 9, 6, 8, 11, 2, 10, 3, 4, 5, 7, 0, 12], "R": [[0.11247803544303528, 0.19100129898379767, -0.975124194823089], [-0.9901287729892108, 0.10413689885399072, -0.09381108247938519], [0.08362837103373233, 0.9760502087923428, 0.2008289956023999]], "T": [0.015954373605616745, -0.03396995293429627, 0.02418539331494482], "aligned_model": [[0.6922731965277971, -0.6458566323441763, 0.07967079940858424, -0.03759527434320556, -0.6187102731176943, 0.37015338829625144, -0.5161025494824973, 0.3144525777045889, -0.11027180117631641, 0.31606308060412674, -0.1481700142571143, 0.8018977637334566, 0.0591057406117414], [-0.10832994626838485, -0.2593489736118494, -0.5012182357927856, -0.6765291321864728, 0.5588923410498078, 0.23674570325813798, -0.11325269321247575, 0.5651421174642751, 0.41215495207827035, -0.2647067187154565, 0.3179430784430869, 0.3327829122166852, 0.013037999962919884], [-0.11523593627975384, 0.20823257374102963, -0.42330060794185176, 0.21900130393267978, 0.16660761669479326, -0.5901986280378255, -0.5408833806895871, 0.2102075753266751, -0.31370678453823775, 0.5903998746621433, 0.5863583767930275, 0.5089008293355045, 0.1081910008534992]], "inverted": true, "swapped": false, "error_lsq": 0.04977146830251854, "error_max": 0.2854353112915888, "target": "958.xyz", "model": "6.xyz", "model_rescale": 4.08911054899281, "target_rescale": 4.050206328184122},
{"mapping": [3, 11, 8, 9, 12, 4, 10, 6, 5, 1, 13, 0, 14], "R": [[-0.1494730307706802, -0.48995600392758654, -0.858836961994265], [0.5852692515518263, 0.6562434723063397, -0.47623986418955305], [0.7969427308534741, -0.5738358818256573, 0.18866548298291866]], "T": [0.01155103479875947, 0.1417843870027047, 0.07729416153303756], "aligned_model": [[0.7280050998000321, -0.44147207975473907, 0.07762029777115864, 0.20529602311613232, -0.6627251962700162, 0.30099475110609536, -0.5043566534595993, 0.4548703774382793, -0.19298488752378082, 0.12575235046952993, -0.40439487130384993, 0.856674874029894, 0.013629916746405672], [-0.10749753612175653, -0.2014515550660745, -0.34746751869203885, -0.6040308226925848, 0.3725626475862611, 0.22506826050919057, -0.061737466329978785, 0.3695976502252454, 0.6292237966867784, -0.14854045745419234, 0.4123997054672148, -0.012281777897344887, -0.012531521534961315], [-0.14854545370816855, 0.22388955269374952, -0.3932548779403523, 0.2214463741309128, 0.06755369599424559, -0.5599935452417041, -0.38280692617914025, 0.10397831404041401, -0.47140348558223655, 0.741082985667294, 0.6154863901655724, 0.46028958748497695, 0.13685120232653217]], "inverted": false, "swapped": false, "error_lsq": 0.04191426341038326, "error_max": 0.2614302548973272, "target": "958.xyz", "model": "7.xyz", "model_rescale": 3.964800864290218, "target_rescale": 4.050206328184122},
{"mapping": [1, 6, 2, 0, 11, 7, 4, 8, 12, 3, 10, 5, 13], "R": [[0.19801268024593072, -0.9635602983250529, -0.17984029012865327], [0.3035633270904259, -0.1141702036956887, 0.9459463362336555], [-0.9320087364974718, -0.24190228622280596, 0.26989442197378916]], "T": [0.02940654492597591, 0.01726193446805681, 0.04628459328102725], "aligned_model": [[0.7177428049932251, -0.44801376260876224, 0.009128217935801066, 0.18362252723036507, -0.710774089421996, 0.3997099490703733, -0.5586930931096132, 0.5097821914051984, -0.16803961188702982, 0.049380241935407534, -0.03385154913522356, 0.5415102466796173, 0.06540592907817921], [-0.18159259431910915, -0.24484505382853336, -0.3972060243602019, -0.6798627407947514, 0.3845322744988977, 0.1934354211226897, -0.1392565960449065, 0.6172623211618072, 0.520818315444206, -0.41622195183999844, 0.5074034819532386, 0.2665021475966819, 0.08234440409573812], [-0.1768072277924072, 0.24597335064624737, -0.46986831847411176, 0.10454255809580487, 0.11245445321396488, -0.5356874476631521, -0.30689264319141846, 0.06349957641490386, -0.48108711967535284, 0.6273658848757983, 0.7027095242303381, 0.6584118984865668, 0.06995932468491486]], "inverted": false, "swapped": false, "error_lsq": 0.04844447798011152, "error_max": 0.29595546287169416, "target": "958.xyz", "model": "8.xyz", "model_rescale": 4.121658175737393, "target_rescale": 4.050206328184122},
{"mapping": [0, 7, 10, 5, 8, 3, 11, 1, 2, 9, 6, 4, 12], "R": [[-0.8683340818670778, -0.011159813149212772, -0.4958541931238801], [0.4655281809825652, -0.36324972064773997, -0.8070521378203538], [-0.17111234607451206, -0.9316249776706366, 0.32061732018258604]], "T": [-0.014373698002043966, 0.016426371800667125, 0.03964385270220407], "aligned_model": [[0.7388623605619995, -0.5203434930491284, 0.14306939376476352, 0.26750354342011157, -0.5994985815291141, -0.0005633528872892035, -0.48683557128381394, 0.4525031545151432, 0.07007650434254942, -0.05267101218711567, -0.19026377648830983, 0.6886761193209412, 0.04639471366480501], [0.02177436173667778, -0.36544120535694297, -0.5011547374813697, -0.5258578660821609, 0.4497059932389177, 0.12736547172099083, -0.16013094154208918, 0.5044013179013227, 0.6093959919724093, -0.16945992258147458, 0.4365234142734203, 0.010150101079475185, 0.07604142580658213], [-0.1871403667770791, 0.27069066685248244, -0.4930871289054456, 0.13014762272231423, 0.0608800965098721, -0.7415000405381528, -0.34589391192504065, 0.17689607408764405, -0.3119264016371284, 0.8503037186891869, 0.561911222245539, 0.5816858072653879, 0.06160645526251633]], "inverted": false, "swapped": false, "error_lsq": 0.04611533554777846, "error_max": 0.29017613205887866, "target": "958.xyz", "model": "9.xyz", "model_rescale": 3.833441315466971, "target_rescale": 4.050206328184122},
{"mapping": [3, 13, 9, 2, 10, 7, 8, 6, 11, 5, 0, 4, 14], "R": [[-0.5616767665298392, 0.4567069459204338, -0.6898825809430287], [0.7305723576891663, -0.11757069338487841, -0.6726374671674868], [-0.3883081767373404, -0.8818139812936903, -0.2676207433550202]], "T": [0.04470233787612731, 0.2156040025443805, 0.10685540148574388], "aligned_model": [[0.6693662678172069, -0.37456864878020446, 0.056186173037794544, 0.050625377440052126, -0.7439985677444033, 0.32550610711810735, -0.4455257286429772, 0.5488287891136703, -0.1353259001504325, 0.15412422650827012, -0.4088079192109684, 0.7820545944539845, 0.0784452312054422], [-0.31400525967019777, -0.32692874448570364, -0.3943924022574471, -0.5025997045400377, 0.3769983216187669, 0.2311515044935477, -0.07511254893132646, 0.6227181932651424, 0.5431879631076598, -0.1476685113112069, 0.27288133910400614, 0.08185307260280228, 0.14523018168975327], [-0.18233459445935815, 0.5137418716010225, -0.42763747423061116, 0.13511504869086943, -0.05944823276119637, -0.4971491474577665, -0.42485851771494154, 0.31018794910499686, -0.4637720280497619, 0.6667617618999007, 0.6117026210849985, 0.3794997092377005, 0.05276484690624423]], "inverted": false, "swapped": false, "error_lsq": 0.05220245547973924, "error_max": 0.28524914069062496, "target": "958.xyz", "model": "10.xyz", "model_rescale": 4.2482417240324, "target_rescale": 4.050206328184122},
{"mapping": [11, 0, 5, 2, 10, 8, 7, 6, 3, 1, 9, 12], "R": [[-0.38271114212291263, -0.2777208343463722, -0.8811375147302098], [-0.8238746667105381, 0.5341606839344919, 0.18948059871985834], [0.41804630753969807, 0.7984632126207137, -0.4332364052614154]], "T": [0.07563757293899805, 0.13361722645413607, -0.07486892501037481], "aligned_model": [[-0.7605003000634799, -0.031927555434465474, 0.5161694642920331, 0.5989726206190528, -0.4736836429142874, 0.15662982378702128, -0.3690070266614132, 0.6230516110238283, 0.06630395995396347, 0.06688947188103957, -0.47553637131176235, -0.040596452808523475], [-0.33801714736844424, -0.6435231924688577, -0.16293858422358995, -0.29495373159310345, 0.6907788660634945, 0.45552112361807395, 0.11237971437058455, 0.43416424713938917, -0.28581449120845415, 0.5005179647578455, 0.03511031739671505, 0.16290630356698574], [0.11553542179571394, 0.2174440822405073, 0.39484083930951797, -0.2237403687824955, -0.04988087543105271, 0.46867038365946656, 0.43986014548721175, -0.15340268808118535, -0.5282392404722172, -0.5773247062060024, -0.49233436597064284, -0.046236337694464766]], "inverted": false, "swapped": true, "error_lsq": 0.04839169956844399, "error_max": 0.31072652683458907, "target": "958.xyz", "model": "11.xyz", "model_rescale": 3.6694154284099745, "target_rescale": 4.050206328184122},
{"mapping": [8, 12, 1, 2, 5, 4, 0, 11, 6, 10, 7, 9, 13], "R": [[-0.7243087865462093, -0.5391881615274586, -0.4297125879010265], [-0.31293166614693735, 0.8124386607432473, -0.49195243149335166], [0.6143700465146881, -0.22185479259722618, -0.7571855102596604]], "T": [0.03166059440631577, 0.05212392901091563, 0.042875924575791105], "aligned_model": [[0.7558066907573253, -0.44541039543789307, -0.0642387150830763, 0.24839160728131893, -0.6815366714386215, 0.25005813266830157, -0.4535478740172374, 0.5684059184942925, -0.11678929270617114, 0.07711538964704362, -0.130649243162367, 0.5746871602248567, -0.025382705062230386], [-0.15963958542449935, -0.38115402380024493, -0.6093797154342763, -0.56299832599144, 0.3878472730181739, 0.12645103278162245, 0.07222954565953356, 0.5459522393010223, 0.5676978905119936, -0.20789627695090301, 0.4207239774363299, 0.28673343991271383, 0.026745933665732746], [0.10089744131437874, 0.2583799535945675, -0.47644068879869844, 0.07395409780571728, 0.19522515744741398, -0.6603001889807313, -0.4814392199458097, -0.07143376850745346, -0.13601218204967747, 0.6206753200320684, 0.6673395659503346, 0.5858002223373023, -0.06207189634731593]], "inverted": true, "swapped": false, "error_lsq": 0.05129536011222201, "error_max": 0.2893476094169007, "target": "958.xyz", "model": "12.xyz", "model_rescale": 3.9764082729961374, "target_rescale": 4.050206328184122},
{"mapping": [9, 11, 1, 12, 3, 2, 8, 4, 7, 13, 14, 5, 15], "R": [[0.6276156581673619, -0.24586610827232303, -0.7386802030826138], [-0.1127515455589874, 0.9101127376295121, -0.39872533626366713], [0.7703153085569627, 0.33353359891851553, 0.5434792211255681]], "T": [0.11722878461422685, 0.00576026508440583, 0.10045904085780512], "aligned_model": [[0.6583566708659533, -0.6342029682787861, 0.14972503401135895, 0.3070621244989894, -0.5820145703865461, 0.08390791312570677, -0.44360304609330875, 0.40644448713507075, 0.06350692483366742, -0.018854067197873012, -0.41645924116804994, 0.8999100529412625, 0.08313068787809696], [-0.15494954417522602, -0.20542022213241937, -0.44149995818836474, -0.5937049796465251, 0.46727067664161237, 0.05713029068186068, -0.057253846638270434, 0.6566827596466147, 0.6206042502438681, -0.2962691561595262, 0.1953157515243166, 0.15939445634069724, 0.10601292654712074], [-0.10654843351472419, 0.24639677179949443, -0.34923514935828637, 0.2091708542735935, 0.019772500312481997, -0.6948461545857314, -0.3251578244536919, 0.19275153929355981, -0.3355622139199166, 0.6149881773822983, 0.6644216710667702, 0.35858783297857233, 0.1198342425776765]], "inverted": false, "swapped": false, "error_lsq": 0.05166182116465427, "error_max": 0.3384917781027358, "target": "958.xyz", "model": "13.xyz", "model_rescale": 4.170626492500431, "target_rescale": 4.050206328184122},
{"mapping": [8, 11, 12, 10, 6, 4, 5, 0, 2, 9, 3, 7, 13], "R": [[-0.9230716561737252, 0.34855861004114697, 0.16262107162013056], [0.2681225481448124, 0.2799874508710841, 0.9218011317692363], [0.2757698619229968, 0.8944908734698727, -0.3519049026854775]], "T": [0.09627063377366023, 0.12975635389529067, 0.09487944863538034], "aligned_model": [[0.6598068478370325, -0.47179608351478436, 0.06770555604208237, 0.2769267780057847, -0.6934529175704182, 0.22801835015263805, -0.5604473769549061, 0.5255655967687296, 0.02909367150103606, 0.0013817669050699422, -0.3557734378577969, 0.8468114599907833, 0.0030697908602908136], [-0.1755309160083876, -0.23177128200344488, -0.4463565928373427, -0.38913885553796884, 0.2901615079644156, 0.23311522024216336, -0.28526357476452485, 0.5268310698434523, 0.7525347117277876, -0.2761268872315718, 0.4566409332551142, -0.031993335655008615, 0.09021140569107508], [-0.2803310403955145, 0.30995530576896724, -0.35565804162198267, 0.22309576644721243, -0.14615201410474488, -0.5943393951068916, -0.3780896217657856, 0.21276036833670903, -0.10653192143002871, 0.7895457973097828, 0.5001894947846075, 0.3555618396795544, 0.08456727595021128]], "inverted": true, "swapped": false, "error_lsq": 0.052817844702897666, "error_max": 0.27250296614682556, "target": "958.xyz", "model": "14.xyz", "model_rescale": 3.9786697098870705, "target_rescale": 4.050206328184122},
{"mapping": [8, 5, 10, 4, 7, 9, 2, 3, 1, 6, 0, 12], "R": [[0.6408756358588938, -0.07893325898304465, -0.7635757722641378], [-0.7465945397701925, 0.16725207449530144, -0.6439125226009762], [0.1785357458544172, 0.9827493496326182, 0.048256639427887736]], "T": [0.022261956513204083, 0.018255256759743536, -0.00037481588797256063], "aligned_model": [[-0.0752028725041975, -0.639357530518435, 0.6540626679168197, 0.6301637983672098, -0.06880675638398598, 0.42321467291973247, -0.43957194020577073, -0.030502298395690942, 0.5576370067980447, 0.03313335015209253, -0.6415195051667637, 0.08010400378828116], [-0.28913569391957755, -0.21153804414857602, 0.1343516488685889, -0.5870004320670941, 0.3376211980743746, 0.5621500527306269, -0.1393365384548524, 0.3155925847678187, -0.13793585108068257, -0.5904827248657859, 0.5283057140584217, 0.09208257626117658], [-0.5495817480375232, -0.11035505084364108, -0.4477636649551944, -0.21230448640259414, -0.5943594562180801, 0.1762295228785352, 0.4911428571462916, 0.5384769001078503, 0.2755461627651926, 0.15924371437718496, 0.014015594574376372, -0.0803238515185681]], "inverted": true, "swapped": true, "error_lsq": 0.04817798710656951, "error_max": 0.24587739674889708, "target": "958.xyz", "model": "15.xyz", "model_rescale": 3.769337070930944, "target_rescale": 4.050206328184122},
{"mapping": [10, 9, 8, 7, 4, 1, 6, 3, 5, 0, 12], "R": [[-0.7432452126903619, -0.4759087593081967, -0.47020996015247457], [-0.014243720193317266, 0.7139320440937966, -0.7000701056687878], [0.6688674534225099, -0.5136262154814396, -0.5374052851640934]], "T": [0.03158950740831502, 0.030609754018700724, 0.06290381355296704], "aligned_model": [[-0.28713606851656237, -0.2495999594938561, -0.07920869791739803, -0.5942662441629338, 0.41893964900031117, 0.3677221589111597, 0.6055591576964036, 0.1317815201663325, 0.08911452935891585, -0.40922202559810456, -0.0710578887530973], [-0.03554049424259867, -0.5908679228534501, 0.6202503656571521, 0.28300432666173314, 0.23800036842412703, -0.313369225457626, 0.2728877289727415, -0.4758335123782417, 0.5475974275143016, 0.036149375502939896, 0.013786059824263085], [-0.6490269733686428, -0.08700183411250784, -0.1507888409283774, -0.02488813262745851, -0.7037397048415853, -0.3318718130616045, -0.026641795370768467, 0.4020667589868816, 0.544625285096891, 0.7746754670600465, -0.003190809609097206]], "inverted": false, "swapped": true, "error_lsq": 0.037076438703555877, "error_max": 0.18326699947697225, "target": "958.xyz", "model": "16.xyz", "model_rescale": 3.7852294659196426, "target_rescale": 4.050206328184122},
{"mapping": [3, 11, 2, 8, 6, 1, 7, 4, 5, 9, 10, 0, 12], "R": [[-0.08770095396896543, -0.7150500331497589, -0.6935502813534591], [-0.9284484077395789, 0.3109591436577339, -0.2031944023379818], [0.3609599657008713, 0.6261053114837613, -0.6911584782761826]], "T": [0.09509264443137352, 0.009607139401495931, 0.0142817834202685], "aligned_model": [[0.7967505014077576, -0.46509458817884597, 0.02154939718016427, 0.20936782894728018, -0.6894292438114524, 0.30568247361520906, -0.478409575507895, 0.3940022666137071, -0.04376278463276978, 0.06795959863345422, -0.2547394874336748, 0.6433643734398147, 0.049669241892793016], [-0.24843870238949228, -0.44257272958092836, -0.4022692453939161, -0.5568357297148107, 0.41756519498754197, 0.1875757904487685, 0.025865171974255998, 0.6484842395845477, 0.5805542389853844, -0.23847572899667713, 0.4266067808315273, 0.11137305920224914, 0.0038810647473080783], [-0.2569818640525261, 0.15448058848227644, -0.4318530117502923, 0.3147640116528409, 0.08836867600153511, -0.6167754543449018, -0.38853068569906674, 0.07967118407590831, -0.2805869837568283, 0.841917254956442, 0.6084062264800713, 0.40771407044806524, 0.09397980135857201]], "inverted": false, "swapped": false, "error_lsq": 0.042261336282624615, "error_max": 0.2813322703782799, "target": "958.xyz", "model": "17.xyz", "model_rescale": 3.901054581598922, "target_rescale": 4.050206328184122},
{"mapping": [6, 5, 4, 10, 2, 1, 8, 7, 0, 9, 3, 11, 14], "R": [[0.8644626696058995, -0.4041704699918447, 0.2989155801299306], [0.44730749537107184, 0.3471104681382724, -0.8242756380566443], [0.22939114508345815, 0.846262698040863, 0.4808525225699654]], "T": [0.02014293141452051, 0.038102594933783915, 0.09536299183525478], "aligned_model": [[0.7395638917954929, -0.47204051011501935, 0.1026999493834114, 0.2586377296574033, -0.748772756437651, 0.2408691702118755, -0.4453857274279191, 0.46789887871475444, -0.13186820360438578, -0.008115250509036213, -0.17592831514594773, 0.6874884233999441, 0.041862722242619776], [0.02697175635212057, -0.26772700804988037, -0.488846115291438, -0.7421746451823882, 0.34176714261270785, 0.2664769108911597, -0.18467311058165714, 0.521584369651436, 0.6967026247567322, -0.298431309138342, 0.7234254472513442, -0.12363999980743869, 0.04187734122140244], [-0.11919546515754044, 0.3284075386897402, -0.4886604370491243, 0.17746906893455955, 0.11252718263717494, -0.5249680881157742, -0.3218567404022435, 0.02162691538428041, -0.24908313464457743, 0.6611686368218015, 0.3697615047253988, 0.501836012218878, 0.1455408198095226]], "inverted": false, "swapped": false, "error_lsq": 0.04952894570641443, "error_max": 0.3342820858221897, "target": "958.xyz", "model": "18.xyz", "model_rescale": 3.9405287249114394, "target_rescale": 4.050206328184122},
{"mapping": [2, 4, 6, 1, 7, 5, 8, 11, 9, 12, 13, 14, 15], "R": [[0.8832077190298858, -0.40150331501434317, 0.2423617401293351], [0.30561231966486163, 0.8847213212601645, 0.3519506979347125], [-0.3557319708925367, -0.23677683953495526, 0.9040970595819618]], "T": [0.047419776884231206, -0.03194831576757783, 0.17619521014857004], "aligned_model": [[0.6700327928087434, -0.615422411230061, 0.0908564251451609, 0.22845939413556304, -0.5521070247141789, 0.20015408954088854, -0.3442291765749018, 0.4268947489950769, -0.13889975583899047, 0.008466993928765522, -0.021800978201243, 0.5226126517260737, 0.0818922524446452], [-0.21690530163093868, -0.24262431653509434, -0.43208935240385715, -0.6626036703349923, 0.31250254299243735, 0.1858215713295672, -0.11732073297780726, 0.5732090784206151, 0.6210778572050032, -0.2503661831974099, 0.5267351914646768, 0.2498650091512895, -0.03398828879773063], [-0.4012727359703207, 0.40185177436184727, -0.4533156030863736, 0.10535803967728163, 0.04373099231593655, -0.6115300901750027, -0.46536133698504417, 0.0813454568508151, -0.1813683451742844, 0.6771097518588516, 0.5428163649992293, 0.7188847564583396, 0.15632478872082098]], "inverted": false, "swapped": false, "error_lsq": 0.050686936056321116, "error_max": 0.3287067816531739, "target": "958.xyz", "model": "19.xyz", "model_rescale": 4.410303926677745, "target_rescale": 4.050206328184122},
{"mapping": [1, 6, 2, 0, 11, 7, 4, 8, 12, 3, 10, 5, 13], "R": [[0.19801268024593072, -0.9635602983250529, -0.17984029012865327], [0.3035633270904259, -0.1141702036956887, 0.9459463362336555], [-0.9320087364974718, -0.24190228622280596, 0.26989442197378916]], "T": [0.02940654492597591, 0.01726193446805681, 0.04628459328102725], "aligned_model": [[0.7177428049932251, -0.44801376260876224, 0.009128217935801066, 0.18362252723036507, -0.710774089421996, 0.3997099490703733, -0.5586930931096132, 0.5097821914051984, -0.16803961188702982, 0.049380241935407534, -0.03385154913522356, 0.5415102466796173, 0.06540592907817921], [-0.18159259431910915, -0.24484505382853336, -0.3972060243602019, -0.6798627407947514, 0.3845322744988977, 0.1934354211226897, -0.1392565960449065, 0.6172623211618072, 0.520818315444206, -0.41622195183999844, 0.5074034819532386, 0.2665021475966819, 0.08234440409573812], [-0.1768072277924072, 0.24597335064624737, -0.46986831847411176, 0.10454255809580487, 0.11245445321396488, -0.5356874476631521, -0.30689264319141846, 0.06349957641490386, -0.48108711967535284, 0.6273658848757983, 0.7027095242303381, 0.6584118984865668, 0.06995932468491486]], "inverted": false, "swapped": false, "error_lsq": 0.04844447798011152, "error_max": 0.29595546287169416, "target": "958.xyz", "model": "20.xyz", "model_rescale": 4.121658175737393, "target_rescale": 4.050206328184122},
{"mapping": [1, 9, 6, 8, 11, 2, 10, 3, 4, 5, 7, 0, 12], "R": [[0.11247803544303528, 0.19100129898379767, -0.975124194823089], [-0.9901287729892108, 0.10413689885399072, -0.09381108247938519], [0.08362837103373233, 0.9760502087923428, 0.2008289956023999]], "T": [0.015954373605616745, -0.03396995293429627, 0.02418539331494482], "aligned_model": [[0.6922731965277971, -0.6458566323441763, 0.07967079940858424, -0.03759527434320556, -0.6187102731176943, 0.37015338829625144, -0.5161025494824973, 0.3144525777045889, -0.11027180117631641, 0.31606308060412674, -0.1481700142571143, 0.8018977637334566, 0.0591057406117414], [-0.10832994626838485, -0.2593489736118494, -0.5012182357927856, -0.6765291321864728, 0.5588923410498078, 0.23674570325813798, -0.11325269321247575, 0.5651421174642751, 0.41215495207827035, -0.2647067187154565, 0.3179430784430869, 0.3327829122166852, 0.013037999962919884], [-0.11523593627975384, 0.20823257374102963, -0.42330060794185176, 0.21900130393267978, 0.16660761669479326, -0.5901986280378255, -0.5408833806895871, 0.2102075753266751, -0.31370678453823775, 0.5903998746621433, 0.5863583767930275, 0.5089008293355045, 0.1081910008534992]], "inverted": true, "swapped": false, "error_lsq": 0.04977146830251854, "error_max": 0.2854353112915888, "target": "958.xyz", "model": "21.xyz", "model_rescale": 4.08911054899281, "target_rescale": 4.050206328184122},
{"mapping": [2, 7, 3, 4, 10, 14, 12, 11, 9, 0, 6, 1, 16], "R": [[-0.6159457804587177, -0.42958456176111026, 0.6603543744321045], [-0.473304032811789, 0.8718822297522315, 0.1257166256561713], [-0.6297571659450951, -0.2351137633971943, -0.7403562859880437]], "T": [0.08520734731643156, 0.13021422153335696, 0.05590487390910305], "aligned_model": [[0.7038505958614828, -0.5364379258760712, 0.1567133624056737, 0.2707633040715045, -0.6505339279082472, 0.1160153002106716, -0.4568001326006076, 0.538557406748401, -0.20765823449712992, 0.06251434550515425, -0.24989037684857288, 0.7357427760946654, 0.0740735089986173], [-0.23304647991492936, -0.1330854436515497, -0.5252051348817229, -0.5387262493767072, 0.4603335626324695, 0.04518764300163122, -0.01669160915631973, 0.7435079498425083, 0.5716829338350704, -0.3435760324271401, 0.2250643306604515, 0.17080188196970442, 0.08706605215229254], [-0.02518780878284939, 0.2795712071833988, -0.5094190866099758, 0.1220850760778034, 0.0849118692376102, -0.5794249120514783, -0.42327784140671615, 0.12100139215806884, -0.4204172215370242, 0.6683485211943985, 0.7149019153359835, 0.5088449129768172, 0.07263579007605969]], "inverted": false, "swapped": false, "error_lsq": 0.046084547758250154, "error_max": 0.28056781261258323, "target": "958.xyz", "model": "22.xyz", "model_rescale": 4.204369325754507, "target_rescale": 4.050206328184122},
{"mapping": [2, 4, 6, 1, 7, 5, 8, 11, 9, 12, 13, 14, 15], "R": [[0.8832077190298858, -0.40150331501434317, 0.2423617401293351], [0.30561231966486163, 0.8847213212601645, 0.3519506979347125], [-0.3557319708925367, -0.23677683953495526, 0.9040970595819618]], "T": [0.047419776884231206, -0.03194831576757783, 0.17619521014857004], "aligned_model": [[0.6700327928087434, -0.615422411230061, 0.0908564251451609, 0.22845939413556304, -0.5521070247141789, 0.20015408954088854, -0.3442291765749018, 0.4268947489950769, -0.13889975583899047, 0.008466993928765522, -0.021800978201243, 0.5226126517260737, 0.0818922524446452], [-0.21690530163093868, -0.24262431653509434, -0.43208935240385715, -0.6626036703349923, 0.31250254299243735, 0.1858215713295672, -0.11732073297780726, 0.5732090784206151, 0.6210778572050032, -0.2503661831974099, 0.5267351914646768, 0.2498650091512895, -0.03398828879773063], [-0.4012727359703207, 0.40185177436184727, -0.4533156030863736, 0.10535803967728163, 0.04373099231593655, -0.6115300901750027, -0.46536133698504417, 0.0813454568508151, -0.1813683451742844, 0.6771097518588516, 0.5428163649992293, 0.7188847564583396, 0.15632478872082098]], "inverted": false, "swapped": false, "error_lsq": 0.050686936056321116, "error_max": 0.3287067816531739, "target": "958.xyz", "model": "23.xyz", "model_rescale": 4.410303926677745, "target_rescale": 4.050206328184122},
{"mapping": [14, 0, 6, 13, 2, 15, 5, 10, 4, 7, 3, 11, 16], "R": [[0.7855228573723212, 0.2014971294568832, 0.5851091755956837], [0.19079209000204206, -0.9783026835702696, 0.08076037216272688], [0.5886868598315043, 0.048195084187555, -0.8069231778316185]], "T": [0.15515394667685603, 0.04553696375390883, 0.06429511774068322], "aligned_model": [[0.6941620173900875, -0.5026139665917791, 0.10585755176747472, 0.2695264335006302, -0.7088553532571378, 0.36543460098193936, -0.29531634179051336, 0.35825753041465924, -0.23849945348116455, 0.12473507597529718, -0.40211471880843497, 0.700583757673134, 0.08575286839134973], [-0.26610650705053024, -0.1072104021871157, -0.5176321658536241, -0.6480174319408453, 0.3370386587950827, 0.059422814594936056, 0.003545235784226747, 0.6433336475171935, 0.570636801889769, -0.3397723296754239, 0.6152587540473738, 0.053715231840153685, 0.10910109692456238], [-0.20122067618803666, 0.4025190458688861, -0.4439454617744021, 0.05492184193298541, 0.10182700543731346, -0.6175431478371562, -0.37264337612107057, 0.2229519972955755, -0.14353061099585543, 0.6051669485698808, 0.48157164567763, 0.38548186064648393, 0.13901674133986175]], "inverted": false, "swapped": false, "error_lsq": 0.04307903113569716, "error_max": 0.23943662237074598, "target": "958.xyz", "model": "24.xyz", "model_rescale": 4.28219845311461, "target_rescale": 4.050206328184122},
{"mapping": [9, 2, 12, 13, 6, 11, 14, 1, 8, 4, 0, 3, 15], "R": [[0.21418373816632386, -0.9748680774318219, 0.0612989225801161], [-0.9135503207125176, -0.2221353229241685, -0.34070766037092837], [0.3457616777943388, 0.016974389937750856, -0.9381688186329182]], "T": [0.12767706922597255, 0.006677091985951476, 0.014471420209206186], "aligned_model": [[0.7356255168790242, -0.4615876871366924, 0.12635260518261596, 0.05385540410006176, -0.6293918955306541, 0.17452443770271417, -0.47021918427606324, 0.33149005628180933, 0.007815355128187762, 0.1826890884064384, -0.3203848949606133, 0.7379333491906044, 0.08820785119810895], [-0.1722051141464994, -0.24024183670846883, -0.5163946785855023, -0.5809761631205566, 0.4952887511460805, 0.012404119392027534, -0.17878383550608315, 0.5496827225127526, 0.6612165911221275, -0.08802732386981074, 0.3272663294556021, 0.21314721142951776, 0.030936631564571923], [-0.2206318022363862, 0.260597635694612, -0.5430355921765274, 0.06062843980284823, 0.031860039939854805, -0.5279763620449837, -0.4194282678716366, 0.2855480705689148, -0.18341054080020178, 0.7374190838673849, 0.616150062927803, 0.44459083083899037, 0.07226221534142377]], "inverted": false, "swapped": false, "error_lsq": 0.03916574169165768, "error_max": 0.228338500609147, "target": "958.xyz", "model": "25.xyz", "model_rescale": 4.100010024507729, "target_rescale": 4.050206328184122},
{"mapping": [11, 0, 5, 2, 10, 8, 7, 6, 3, 1, 9, 12], "R": [[-0.38271114212291263, -0.2777208343463722, -0.8811375147302098], [-0.8238746667105381, 0.5341606839344919, 0.18948059871985834], [0.41804630753969807, 0.7984632126207137, -0.4332364052614154]], "T": [0.07563757293899805, 0.13361722645413607, -0.07486892501037481], "aligned_model": [[-0.7605003000634799, -0.031927555434465474, 0.5161694642920331, 0.5989726206190528, -0.4736836429142874, 0.15662982378702128, -0.3690070266614132, 0.6230516110238283, 0.06630395995396347, 0.06688947188103957, -0.47553637131176235, -0.040596452808523475], [-0.33801714736844424, -0.6435231924688577, -0.16293858422358995, -0.29495373159310345, 0.6907788660634945, 0.45552112361807395, 0.11237971437058455, 0.43416424713938917, -0.28581449120845415, 0.5005179647578455, 0.03511031739671505, 0.16290630356698574], [0.11553542179571394, 0.2174440822405073, 0.39484083930951797, -0.2237403687824955, -0.04988087543105271, 0.46867038365946656, 0.43986014548721175, -0.15340268808118535, -0.5282392404722172, -0.5773247062060024, -0.49233436597064284, -0.046236337694464766]], "inverted": false, "swapped": true, "error_lsq": 0.04839169956844399, "error_max": 0.31072652683458907, "target": "958.xyz", "model": "26.xyz", "model_rescale": 3.6694154284099745, "target_rescale": 4.050206328184122},
{"mapping": [5, 2, 4, 0, 11, 8, 10, 7, 9, 6, 12, 1, 13], "R": [[0.0544653998100216, 0.31527434873015, -0.9474363330885691], [0.9260543763402809, 0.33891343295448073, 0.16601499035937126], [0.3734391681178447, -0.8864196353848375, -0.27350213476253443]], "T": [0.07842137102678766, 0.10138827431205796, 0.005368623647109466], "aligned_model": [[0.8089754771120153, -0.3567975830513796, -0.06705851954203677, 0.2616873788700911, -0.7622049845825202, 0.2103426915792455, -0.356359917152065, 0.5649698864948282, -0.16542666813625467, 0.08523690579982994, -0.40051930202805613, 0.6910777985689617, 0.042986838232882754], [-0.18766361630912895, -0.32471125460489303, -0.5378255946091808, -0.5190068042864235, 0.21791913824089226, 0.1687212545761977, 0.04032354574655353, 0.49973913595499897, 0.7063105994897428, 0.07285340110501626, 0.44979605247825094, -0.13704365498172602, 0.0639012018854585], [-0.0880026906388175, 0.3072846710363486, -0.49038514719861026, 0.14122465020870015, 0.13163563142112955, -0.6162584569908673, -0.4058819693827308, -0.021383158398504964, -0.19330359325378332, 0.691174530082164, 0.5335358937088952, 0.5948166455966734, 0.030116807661499562]], "inverted": false, "swapped": false, "error_lsq": 0.051686293744269696, "error_max": 0.31047285777478334, "target": "958.xyz", "model": "27.xyz", "model_rescale": 4.103607728864725, "target_rescale": 4.050206328184122},
{"mapping": [9, 13, 3, 10, 4, 0, 2, 7, 1, 11, 8, 6, 14], "R": [[0.8962085424409659, -0.29586616625530315, -0.3305653643702391], [-0.2534330741022929, -0.9530222991089435, 0.1658920563262915], [-0.3641180102753795, -0.06489768151862607, -0.9290889976351059]], "T": [0.09290798918494492, -0.10965483907972454, 0.10131141110712753], "aligned_model": [[0.8537773692908329, -0.44668712856233506, -0.012484067136957946, 0.3237732911290551, -0.7158035196525716, 0.24154698676609854, -0.4479474073197115, 0.24757698764108418, -0.038394401608322554, 0.13630038867959335, -0.2782175428869444, 0.6362559274789489, 0.057213118346771986], [-0.23349768227436252, -0.19963224389128298, -0.42333025601314944, -0.5629511287690088, 0.2977976829564809, 0.12868190694106105, -0.022465413264627088, 0.5496911228320799, 0.6351395780593134, -0.09883442676386192, 0.502408088905254, -0.045829847199425885, -0.013863976832711913], [-0.17412399449596727, 0.44860625483558986, -0.5725068877262388, 0.13291777783814612, 0.06159460239090951, -0.5550374175472247, -0.38980379974456836, 0.34914532523220393, -0.3792110029854533, 0.786921542160264, 0.5012173856029231, 0.42063358574428716, -0.01577955745277486]], "inverted": true, "swapped": false, "error_lsq": 0.04460413035505791, "error_max": 0.2749978642563547, "target": "958.xyz", "model": "28.xyz", "model_rescale": 4.137296879288765, "target_rescale": 4.050206328184122},
