[{"mapping": [8, 3, 4, 6, 0, 12, 1, 2, 7, 5, 10, 13], "R": [[0.3967202954586755, 0.5822204216683451, 0.7096706192054988], [0.5451908350627817, -0.7714313617067226, 0.3281167590033444], [0.7384984499203288, 0.2567353399274174, -0.6234637156223493]], "T": [-0.04707496180920929, -0.04729986704446787, -0.004595261228990791], "aligned_model": [[-0.19297340174742467, 0.37777962774034796, 0.42081087352070395, 0.11427584843145275, -0.2225713479281386, -0.6512911894362252, 0.31062224205080263, -0.2771654002940601, 0.5971440189560795, 0.0818641153990135, -0.639577555254275, -0.08127536897772783], [-0.3628454462092814, -0.5960162254458934, -0.36015362647824445, 0.7561025224204834, 0.2652681637447552, -0.40828244136693126, -0.24972672279225067, -0.5906958789263969, 0.20767426660953187, 0.3458828892573589, 0.09362084767966894, -0.04727331251574325], [-0.5146394900734937, 0.061632708250776116, -0.486012293512615, -0.035050119747145086, -0.6537949304630907, -0.056590180284392166, 0.532492475108799, 0.5009635228501909, -0.2327238884910784, 0.5364778181997397, 0.4907523412420476, 0.03844378227382424]], "inverted": true, "swapped": true, "error_lsq": 0.047928967302936616, "error_max": 0.2514227067559991, "target": "959.xyz", "model": "0.xyz", "model_rescale": 3.751011558992144, "target_rescale": 4.199029444139723},
{"mapping": [1, 9, 13, 5, 8, 11, 6, 4, 0, 2, 12, 7, 3, 14], "R": [[0.34458972141483535, -0.09991961048834741, 0.9334205886603869], [-0.8583278786612916, 0.3691400302484926, 0.356383067472277], [-0.38017256161913326, -0.9239868557008801, 0.041438072879266194]], "T": [0.0016100934909417872, -0.06960478197067109, -0.051324735360064246], "aligned_model": [[0.2887977882162808, -0.4505098458382008, 0.08862181630440086, 0.003340934853655879, 0.32914611226152823, -0.6956542038877305, -0.3545917829109444, -0.13292446151287604, 0.6761971581952793, 0.6660038832557984, -0.18270677136163016, 0.07214165067628564, 0.44641355989179987, -0.031588907659004885], [0.40704684927931645, -0.439033530425886, -0.47031341728803966, -0.6907256695525748, -0.4376298555478006, 0.2485439784722338, 0.5503277584412247, -0.1268811430891048, 0.2718691001744021, -0.5109830446768098, 0.22409659939811477, 0.56858661978872, 0.07445831820706082, -0.06488191404367676], [-0.4708625761574202, 0.25412506675170643, 0.5481448201435533, 0.014187814531279132, -0.4959548667798043, 0.1707897728476292, -0.2805181337300204, -0.8286238038509275, 0.010581633018672314, 0.16662990056335628, 0.6057459579372375, 0.11424717638416307, 0.5526633348513734, -0.007973457586998578]], "inverted": true, "swapped": false, "error_lsq": 0.04157197203679756, "error_max": 0.3305280488630866, "target": "959.xyz", "model": "1.xyz", "model_rescale": 3.9405287249114394, "target_rescale": 4.199029444139723},
{"mapping": [6, 11, 0, 2, 12, 7, 5, 10, 9, 4, 3, 7, 13], "R": [[0.016742417203519697, 0.04915731245648547, 0.9986507147637953], [-0.5311972802328776, 0.846614262637359, -0.03276796869192436], [-0.8470827237875751, -0.5299319285823951, 0.04028659987596768]], "T": [-0.011088504237189968, -0.030495185619906325, 0.031160796383054353], "aligned_model": [[-0.3894517242236979, 0.1823302832699878, -0.3619302065180954, 0.6246445905031472, 0.51525004765818, -0.7029167093357542, 0.09883511066262696, 0.6836389465480595, 0.1854103963017412, -0.5533912925917204, -0.12358903845833921, -0.7029167093357542, 0.04006958480354994], [0.6890340713123699, 0.44783384306850166, 0.2126631902241556, -0.4109153078451132, -0.22626451308792825, 0.010561674169596563, 0.39460083979795196, 0.3338134692039837, -0.8103274570485894, -0.5243164940476783, -0.6534475248821613, 0.010561674169596563, -0.014964871462668665], [0.13856612190558154, -0.48436005762929113, -0.575256609488047, 0.26554185924648016, -0.39630995058248447, 0.25867045218184426, 0.5519181399013147, 0.06149545473175998, -0.2610885428525694, -0.07182070560917163, 0.32313891369272146, 0.25867045218184426, 0.04395482190866137]], "inverted": false, "swapped": true, "error_lsq": 0.053784022192739415, "error_max": 0.3580839154423738, "target": "959.xyz", "model": "2.xyz", "model_rescale": 3.932901565614263, "target_rescale": 4.199029444139723},
{"mapping": [10, 3, 7, 0, 2, 8, 11, 1, 6, 4, 9, 12, 5, 13], "R": [[0.1694454175787834, -0.9610629118377266, -0.2182803929617635], [0.6034307039134975, -0.073940723528101, 0.7939799462068305], [-0.7792044892298892, -0.2662533547096283, 0.5674059526210986]], "T": [-0.04187302611524535, -0.06553549928533292, 0.014506130982570909], "aligned_model": [[0.1026088536192592, -0.47591667606676585, -0.07071441858650974, -0.006660989068390216, 0.5804925488934447, -0.6798053314531928, -0.6626061414487013, 0.015535282907763848, 0.587891463700424, 0.5663664201294375, -0.08005392666850061, 0.32411637989067404, 0.48850745931651496, 0.03292600531918469], [0.50640248193438, -0.32681043370172097, -0.34987534828042127, -0.6978419021914051, -0.46242389503913434, 0.09587423963235492, 0.48769175609605325, -0.21318032306401963, 0.15035295316431432, -0.6499672846104032, 0.3236130128367717, 0.5898427784838882, 0.12905906621259267, 0.02174354766392994], [-0.39188945507605694, -0.048952490682991706, 0.6687702761876333, -0.20435239508849967, -0.3719399138133048, 0.33973834882183174, -0.311590023240427, -0.7091470407638346, -0.1387293875758382, 0.24190593061196325, 0.6365178621701264, 0.15472338341328545, 0.4590611685274296, 0.029066375432482888]], "inverted": false, "swapped": false, "error_lsq": 0.05316691746600227, "error_max": 0.29609043296192417, "target": "959.xyz", "model": "3.xyz", "model_rescale": 3.9243930471874484, "target_rescale": 4.199029444139723},
{"mapping": [4, 1, 9, 8, 12, 7, 0, 2, 10, 5, 11, 6, 13], "R": [[-0.7760457371044288, -0.001678260312429014, -0.6306743988496499], [0.6270776079934596, -0.10873305706150022, -0.7713305360578313], [-0.06728066197091587, -0.9940695678595055, 0.08543422487721819]], "T": [-0.038002146301336824, -0.06432661628892679, -0.11611074576003882], "aligned_model": [[-0.10840218824770512, -0.2781561507400378, 0.6097595114882375, 0.3627322873810942, 0.6553782083309302, -0.6444738146267913, 0.015299776281076712, 0.3865234037891814, 0.2322484846498539, -0.48031687241801796, 0.20620865006973318, -0.6596849591324414, -0.019910450513760614], [-0.7287007996916036, 0.26327507184117127, -0.3732997130422837, -0.5332477785115072, 0.044390608962341746, -0.4624409782448018, -0.5415559396745596, 0.3882505437177364, 0.628222908636149, 0.4525629934647749, 0.014787878669324225, -0.011898189188067301, -0.01251705325708738], [-0.4358102408940875, -0.6568420525918348, -0.5820510058134385, -0.09319044983062563, -0.041993345349818884, -0.19206892445309318, 0.4490167123375401, -0.5838312727113399, 0.136133125023437, -0.08203939187014905, 0.566584809807499, 0.41603464981602706, -0.11287229809915127]], "inverted": true, "swapped": true, "error_lsq": 0.04263580070256182, "error_max": 0.2562855838942224, "target": "959.xyz", "model": "4.xyz", "model_rescale": 3.8936222436046832, "target_rescale": 4.199029444139723},
{"mapping": [6, 7, 0, 11, 8, 3, 1, 2, 10, 5, 12, 13], "R": [[0.38897500126406226, -0.608756100366241, -0.6914582117948345], [-0.8521955535063785, 0.04734293492112995, -0.5210771392961036], [0.34994454842957623, 0.7919435944434055, -0.5003640237312024]], "T": [-0.15384360140056388, -0.03477738571555534, -0.035666160950366364], "aligned_model": [[0.08296128830673058, -0.6111466159145986, -0.25534451744158876, 0.3008480578274644, -0.48324289619042415, -0.6596748404780394, -0.19113353336257513, 0.042129793246079655, 0.5979806003334619, 0.2400213216197021, 0.07016362197363943, -0.10601423770475507], [-0.6756147442934233, -0.5777309118397995, 0.06430900895360372, 0.17269965066520845, 0.4256539532956967, 0.025624263670263513, -0.29907139282800405, 0.3391914270739684, 0.12879700301389105, -0.5449216939340723, 0.634095692509504, -0.024109351177029472], [-0.48917239666530044, -0.2034398059992417, -0.7635654784251268, -0.5668723472579793, -0.2816327630179936, 0.44021576401093726, 0.5857397425300956, 0.6166775179662167, 0.12018956525203828, 0.18479075087911026, -0.012890968266533263, -0.010754861730704647]], "inverted": true, "swapped": true, "error_lsq": 0.04117257563506465, "error_max": 0.2698234804375018, "target": "959.xyz", "model": "5.xyz", "model_rescale": 3.6523030999806103, "target_rescale": 4.199029444139723},
{"mapping": [4, 3, 1, 7, 5, 8, 2, 0, 12, 11, 10, 6, 13], "R": [[0.7333807597057905, -0.15677217901409457, 0.6614946297442863], [0.679625120809368, 0.1922601106877456, -0.7079164816581035], [-0.01619742134445351, 0.9687406947813789, 0.24754617713930008]], "T": [0.07710175034660116, -0.03862502314923573, 0.03858868280579179], "aligned_model": [[0.11652726843854422, -0.0375853501436518, 0.2148529235493744, 0.6759943459918052, 0.5015940445349272, -0.2986966087480901, -0.432821715255854, 0.13255747679465174, -0.5981518835925272, -0.05505030462699667, -0.17132318745071512, 0.7751209151183649, 0.058064980054462284], [-0.5698741023009033, -0.018695066578765053, 0.4533184669455258, -0.3454781444492408, 0.4789175476356104, -0.5241002434600829, 0.49647707341986097, -0.6649774541802165, -0.013594825211080033, -0.18619460230118545, 0.5232403844546125, -0.09644074403460147, 0.008228614223648727], [0.5531535796756395, 0.7259218436472391, 0.48176288663121825, 0.32008716489255934, -0.08764135469338424, 0.10254090286356751, 0.27828500160584274, -0.35455920348080777, -0.16511492379716156, -0.6633588164016149, -0.45016435541479755, -0.3878425189143767, 0.017039532867865324]], "inverted": true, "swapped": true, "error_lsq": 0.048487645473262626, "error_max": 0.24606145422118417, "target": "959.xyz", "model": "6.xyz", "model_rescale": 4.08911054899281, "target_rescale": 4.199029444139723},
{"mapping": [12, 3, 0, 6, 7, 8, 10, 5, 13, 2, 9, 11, 1, 14], "R": [[0.9809756873112282, -0.06874994799585635, 0.18154929235563216], [-0.17707572064317123, 0.06641512748828077, 0.9819537769159083], [-0.07956689049450988, -0.9954207529940708, 0.05297767875013228]], "T": [0.010722562491904168, -0.00785965643086137, -0.04075014233456479], "aligned_model": [[0.2858124112881775, -0.4854315675379266, 0.04296096924940928, 0.015177257097030585, 0.4156490992469285, -0.626110689549614, -0.3342468045181833, -0.18796727510776487, 0.7027343391720532, 0.623976550866827, -0.24811478663473974, 0.10603374866421097, 0.4193935338409285, -0.007179855592694594], [0.443037784856498, -0.4862396459542825, -0.6421068961406173, -0.5044755209382382, -0.4574554191432142, 0.19136016626289767, 0.5349814054306035, -0.0946542274091512, 0.20589146005879358, -0.4913251453280385, 0.22200575865086578, 0.5589519225370854, 0.052343148291452146, 0.07216585796252674], [-0.5193094286732097, 0.34839648959700775, 0.6530418345246248, 0.00920789274530287, -0.5236446593050215, 0.10033084371626844, -0.36570339417821124, -0.771154332127203, -0.14716763848549339, 0.16004878714195953, 0.6626149304080244, 0.0782938608552125, 0.5653106783225764, 0.10291677438196184]], "inverted": false, "swapped": false, "error_lsq": 0.04245895103325805, "error_max": 0.25503986622717106, "target": "959.xyz", "model": "7.xyz", "model_rescale": 3.964800864290218, "target_rescale": 4.199029444139723},
{"mapping": [8, 2, 6, 4, 12, 0, 1, 7, 9, 11, 3, 5, 10, 13], "R": [[0.05637979416849028, -0.16889628620361447, -0.9840200014817514], [0.29055359892205035, 0.9457050850519904, -0.14567257209321427], [0.9551962756224311, -0.27769756321119415, 0.10239208184035459]], "T": [-0.009487255990703339, -0.04514086223423125, 0.05350300635106626], "aligned_model": [[0.36339530971679035, -0.5162002380609346, -0.021042738823903076, -0.04106073894442164, 0.3639630292040707, -0.6709749302369942, -0.4907241980612554, -0.1432054302843121, 0.6453137580140452, 0.5970669827734248, -0.24310015860547224, 0.20348384726486463, 0.6331146759805847, 0.04265776054815533], [0.45619406212155716, -0.4053744669869748, -0.3739031738280975, -0.746784380349067, -0.41337714025266464, 0.004024264244237408, 0.37291263325398305, -0.02456549380575203, -0.005652926968048075, -0.5641218027665147, 0.21621907051172728, 0.7477688225875414, 0.3334792465010138, 0.007661934874239211], [-0.3944696124771983, -0.17471275025313882, 0.5312975610191663, 0.09584546347686188, -0.4901989941304868, 0.3240140406571231, -0.342429022751234, -0.6454599891210326, -0.1551427743764175, 0.27685041129496984, 0.6883877935285018, 0.211643019827493, 0.3982399833281689, 0.029317508901022953]], "inverted": true, "swapped": false, "error_lsq": 0.04702488957718459, "error_max": 0.34773118628958644, "target": "959.xyz", "model": "8.xyz", "model_rescale": 4.121658175737393, "target_rescale": 4.199029444139723},
{"mapping": [2, 1, 5, 10, 3, 9, 7, 0, 6, 4, 12, 11, 13], "R": [[-0.45768056224432435, 0.8074192406340831, -0.37229379903189397], [0.20274075277111975, 0.5024651729823416, 0.8404908905548147], [0.8656931847424463, 0.3091972182826142, -0.3936653275267896]], "T": [-1.6875662671243796e-05, -0.0337171666798911, -0.029458122785082735], "aligned_model": [[-0.5861224266007805, -0.2645039760407085, 0.3330171216948659, 0.10431207553389574, -0.5627894527964057, -0.7828302400886552, 0.2610345316479694, 0.38094904101332566, 0.7981695616645839, -0.27372356705977213, -0.339064679609029, 0.4118127771121222, -0.0035232700362149046], [0.31264324213904743, -0.2490076037830995, -0.025483026382607403, 0.6623720772064559, -0.4300632268084712, 0.02857426878605055, -0.7138793265597881, -0.022417299208498435, -0.1965596670436182, -0.605804346123857, 0.5388140898560643, 0.4812027524502176, 0.0099955048838141], [-0.40405826978621545, -0.6134818890199709, -0.6235949742801938, -0.37711089904216133, -0.13979413334765642, 0.31036959724662855, 0.006655220953861941, 0.6066985004393147, -0.12325424803973077, 0.35310938088883076, 0.20579426769880732, 0.28235119706728473, -0.06260831681971056]], "inverted": false, "swapped": true, "error_lsq": 0.03994649745635524, "error_max": 0.2824838165693967, "target": "959.xyz", "model": "9.xyz", "model_rescale": 3.833441315466971, "target_rescale": 4.199029444139723},
{"mapping": [11, 13, 5, 2, 9, 0, 10, 8, 7, 3, 1, 12, 4, 14], "R": [[-0.2209327931337583, 0.8520316933466267, -0.47458476002817085], [0.8358835321964392, -0.08528463209573822, -0.5422409539412341], [-0.5024812648456864, -0.5164963940446972, -0.693357089397595]], "T": [0.08283723044397817, 0.0854728746573806, 0.0853317061329924], "aligned_model": [[0.25768553260556903, -0.5200095167733474, -0.1476483392978547, 0.031198709807688935, 0.34517235287287035, -0.5669729799254273, -0.48130451778982253, -0.059673996007952895, 0.6450627396405051, 0.7331591173417874, -0.24064043660729284, 0.04224354777392322, 0.5481390752460636, 0.13627564159793226], [0.4919676545963786, -0.4352434729986475, -0.3455858230607044, -0.6260102124815419, -0.4614537005399274, 0.1502156551425436, 0.36782775550826763, -0.07970291933702217, 0.1260376999273768, -0.49020223470635105, 0.3836176220513233, 0.6796117255602461, -0.17382903545495812, 0.017229934930197366], [-0.4338283329273395, 0.1187506538709398, 0.5527715447533031, -0.0028472869968844683, -0.45314924191983935, 0.27866567774270645, -0.44171094174217035, -0.662977634841865, -0.2698737957125406, 0.08654068436313742, 0.6786957102942612, 0.17682616545091134, 0.6787702393663069, 0.04654919722287265]], "inverted": false, "swapped": false, "error_lsq": 0.04600949286431768, "error_max": 0.31638242830698454, "target": "959.xyz", "model": "10.xyz", "model_rescale": 4.2482417240324, "target_rescale": 4.199029444139723},
{"mapping": [0, 11, 5, 10, 4, 3, 7, 2, 12, 9, 8, 13], "R": [[0.5570938425968515, 0.2378139758599451, -0.7956701348086149], [-0.11578048389632198, 0.9710043117698386, 0.20915426381768], [0.8223389386921963, -0.024395479295713757, 0.5684747404243433]], "T": [0.016988355872284096, 0.01574757507415018, 0.10492127014518227], "aligned_model": [[-0.6197885058219292, -0.1253831912671587, 0.45921862917115874, 0.5984869305011747, -0.5012379601744954, 0.07121885523506816, -0.37205482085807606, 0.6303692447107447, 0.14143925476013597, -0.06854896912232925, -0.40264119028962153, 0.06568732551833442], [-0.35554304359998273, -0.6632333993604799, -0.17243162307394835, -0.46819188951281115, 0.5447707956723039, 0.7096950170305126, 0.24877584055066956, 0.2830107744631437, -0.12109446819772271, 0.5301400186165782, 0.1359088662663881, -0.0056754988040118685], [0.023579578243860033, -0.12021517046202418, 0.5876209879089697, -0.1047194240703, 0.11644976057239309, 0.06653886634941636, 0.6762493796548703, -0.29023033016924865, -0.5761626962341891, -0.5734913224690045, -0.33151061545830274, 0.09108327598791618]], "inverted": true, "swapped": true, "error_lsq": 0.04780503967227836, "error_max": 0.22639067383917794, "target": "959.xyz", "model": "11.xyz", "model_rescale": 3.6694154284099745, "target_rescale": 4.199029444139723},
{"mapping": [4, 10, 7, 9, 8, 12, 1, 2, 11, 11, 5, 0, 6, 13], "R": [[-0.8722071990981003, 0.4160251812564174, -0.25725017084933477], [-0.07295057073792251, 0.4094061687450784, 0.9094310326915878], [0.4836660170721716, 0.8119788405827097, -0.3267377333206257]], "T": [0.0072579780804286065, -0.002230708809305971, 0.042522552899445565], "aligned_model": [[0.47993281115051234, -0.41136051948352653, -0.07559846542218604, 0.22626805165365743, 0.20102921623150827, -0.6527843118033867, -0.3052127388290107, -0.34759621935555624, 0.6990109408190701, 0.6990109408190701, -0.18059094774954623, -0.002018266242256067, 0.3881203767307173, 0.004476061965575533], [0.44851235376730264, -0.4799715719344041, -0.4601584492135594, -0.7747016499257507, -0.4351654216858935, 0.1265198244531036, 0.5402237824472712, -0.09237412656401121, -0.253299055068763, -0.253299055068763, 0.23978943567711328, 0.6991771644307254, 0.18075057747431097, 0.11847684034849817], [-0.30545423292328727, 0.049664576858064746, 0.6218344833893128, 0.04560471029513688, -0.5470689098635035, 0.14017487502269782, -0.5271955090322706, -0.49809398050466774, -0.01639410820696216, -0.01639410820696216, 0.7846208100082863, 0.17919299986447218, 0.4184434430053448, 0.024247589218137973]], "inverted": true, "swapped": false, "error_lsq": 0.049483493310342144, "error_max": 0.33340962956708337, "target": "959.xyz", "model": "12.xyz", "model_rescale": 3.9764082729961374, "target_rescale": 4.199029444139723},
{"mapping": [6, 2, 8, 1, 12, 7, 4, 9, 13, 10, 3, 14, 11, 15], "R": [[0.3681598148340477, -0.3689084691738388, 0.8534429635969675], [0.4090675309119819, 0.888568807773928, 0.20762762100644272], [-0.8349383844900978, 0.2726756593886501, 0.47804380435482097]], "T": [0.020509197618289322, -0.01758010554562982, -0.1233541332854643], "aligned_model": [[0.24217716418077026, -0.5026426392704341, -0.026919250953495392, 0.050627808810429144, 0.45993907570790943, -0.6763342297559684, -0.4782013892195578, -0.1604486017835654, 0.6004966319551832, 0.49155077245103057, -0.1452001999426177, 0.4013496629394156, 0.4950968766480249, -0.028804751282481812], [0.6682134978699812, -0.5548793780997171, -0.304146137406326, -0.6510852266845745, -0.3681977345861531, 0.09074836535520217, 0.4584693850865492, -0.3390533882485182, 0.16545088752981219, -0.5600139756378416, 0.31819089238794, 0.5811954880466044, 0.031058874530486457, 0.06852909899373572], [-0.37674957881185495, 0.14845675902557365, 0.5210706399024051, -0.09038886350674948, -0.42531803079046676, 0.1481378169461688, -0.32467068706065905, -0.5981260046737016, -0.1911389234084971, 0.23724568689494274, 0.6304639348319743, 0.244390843658239, 0.5114257366535047, -0.08161669073707917]], "inverted": false, "swapped": false, "error_lsq": 0.042841398031958376, "error_max": 0.25586303230112106, "target": "959.xyz", "model": "13.xyz", "model_rescale": 4.170626492500431, "target_rescale": 4.199029444139723},
{"mapping": [3, 12, 8, 10, 9, 5, 6, 11, 1, 7, 4, 2, 0, 13], "R": [[0.21993372262687474, -0.9437085418451195, -0.24706951592627346], [-0.6011964282328764, 0.06833360655550752, -0.7961742101419443], [0.7682395540009097, 0.3236428683961309, -0.5523253401798689]], "T": [0.09580237359049071, 0.020366347350311346, 0.06520565957169999], "aligned_model": [[0.2610327383434191, -0.48381969989725826, 0.02467751899730071, 0.06378458460400371, 0.34962821302044367, -0.7890757428875353, -0.45445521670586386, -0.2359404753455664, 0.8138659050429662, 0.6367478274603279, -0.26413592060412755, 0.18674371090222758, 0.5954602885869682, 0.018173198967336657], [0.43867294052515643, -0.39238714017988713, -0.43439668950109495, -0.5378437875129438, -0.414465514645551, 0.03488686813821251, 0.5579963839919684, -0.07884383614403373, -0.053004005252122385, -0.5042859518976103, 0.1726776648401542, 0.6314368934698609, 0.154626724044433, 0.029410099260638967], [-0.4574721810719915, 0.2366084939811507, 0.6480333598208451, -0.010323219005916928, -0.5694597117026192, -0.14455539927997468, -0.2748822629601462, -0.5510440242431902, -0.19902156471137866, 0.36445101662880275, 0.6570745787842205, 0.29160050948983024, 0.3621476164575665, 2.54267366011085e-05]], "inverted": false, "swapped": false, "error_lsq": 0.04356214666426215, "error_max": 0.2943728805671609, "target": "959.xyz", "model": "14.xyz", "model_rescale": 3.9786697098870705, "target_rescale": 4.199029444139723},
{"mapping": [3, 5, 4, 9, 7, 0, 10, 11, 8, 12, 6, 13], "R": [[0.9385745435412134, -0.16914733022123768, -0.3007773377357918], [-0.1459484376986459, 0.5952456755478367, -0.7901782326000408], [0.31269294803325426, 0.7855391565164827, 0.5339956496355055]], "T": [-0.05257566294893815, -0.04053549466348695, -0.07204368014933427], "aligned_model": [[0.1645334083749468, -0.7270643035145072, 0.4922495214174159, 0.5923412108238331, -0.03907881997285912, 0.33167913086519074, -0.508089713476187, -0.041603069868650616, 0.554763602072662, 0.22365478281900927, -0.47347363823192323, -0.08655751454159358], [-0.3984342060203574, 0.01739439870180931, 0.09596123746939338, -0.5986077225479406, 0.4608971435672792, 0.5102157902591321, -0.3556390705734312, 0.21783447669462913, -0.057806911971958766, -0.46506303253255343, 0.6608841805766764, -0.07296179339823902], [-0.6294926659211526, -0.14745749831016405, -0.554838822279206, -0.14130752458150891, -0.601624381397003, 0.24256598520261718, 0.4842870709082726, 0.6099356436353837, 0.036773588662309675, 0.41944614753944076, -0.01483952506126815, -0.04348152452389151]], "inverted": false, "swapped": true, "error_lsq": 0.04527087916135809, "error_max": 0.25618329076962626, "target": "959.xyz", "model": "15.xyz", "model_rescale": 3.769337070930944, "target_rescale": 4.199029444139723},
{"mapping": [3, 7, 2, 1, 9, 8, 12, 0, 10, 5, 13], "R": [[-0.8385557599294419, -0.4770870799960773, -0.2630820320545918], [0.14760810663726204, 0.26587358938947653, -0.9526400586371113], [0.5244388280287029, -0.8376748489515325, -0.15252790921633996]], "T": [-0.03221827772561219, -0.06365660731737735, 0.0868116509213387], "aligned_model": [[-0.31287577452927245, -0.45869172328816604, -0.045540920123130706, -0.5921320209568828, 0.34426577937611097, 0.4341181169353312, 0.5428041179421537, 0.42790149187290394, 0.12918641906088832, -0.5165838837766576, -0.029825471822107243], [0.03073851835121165, -0.6491495107259844, 0.670272128689846, 0.27354170389317356, 0.17002713521950344, -0.2515385408700679, 0.3336419446222906, -0.6197755899981318, 0.5308997111758914, 0.12205864909442307, -0.014651651826813633], [-0.5442970068531938, 0.0008405227705301083, -0.16810331025854997, -0.08691531059918904, -0.6451798305731321, -0.27128223166196036, -0.011128358303792718, 0.25704513961452363, 0.5733694854552044, 0.5282613603759965, 0.1116071472573404]], "inverted": true, "swapped": true, "error_lsq": 0.03976327910431037, "error_max": 0.19935625616928432, "target": "959.xyz", "model": "16.xyz", "model_rescale": 3.7852294659196426, "target_rescale": 4.199029444139723},
{"mapping": [7, 9, 8, 4, 1, 2, 10, 12, 0, 6, 5, 11, 13], "R": [[0.27062599128175097, 0.8010195793115366, -0.5339749117723969], [-0.6907243023280641, 0.5479289148725657, 0.47188329321981914], [0.6705680509957053, 0.24112556439776778, 0.7015674958104027]], "T": [-0.02479316524452842, 0.07332596348519774, -0.054503307814315984], "aligned_model": [[0.18278664373760015, -0.3539972060362826, 0.1765385649242674, 0.037580595209585996, -0.62175029972653, -0.7041035394710152, -0.18417899314319547, -0.10175440269286969, 0.6905660922265813, 0.4849388941678085, -0.19561162435543988, 0.49264629930023746, -0.04989517392446516], [-0.15847405608951684, -0.558569171246295, -0.4130790136693353, -0.6255064286846369, 0.16342251264380941, 0.14605165062477973, 0.7179422095675299, 0.03571676745272659, -0.08940571653221557, 0.5095617277972374, 0.6367969431511432, 0.39570139549404204, 0.1148968031936056], [-0.7142395796801766, 0.41930372462329624, 0.2677950249629163, -0.2917790763369133, -0.35931792282219793, 0.31571137270133176, 0.36424873278139835, 0.6460333840185126, 0.053836431039967235, -0.5259781929492726, -0.39699352938008914, 0.3458736637226314, -0.028739335538230652]], "inverted": false, "swapped": true, "error_lsq": 0.04324812344626632, "error_max": 0.23601027933088534, "target": "959.xyz", "model": "17.xyz", "model_rescale": 3.901054581598922, "target_rescale": 4.199029444139723},
{"mapping": [1, 9, 13, 5, 8, 11, 6, 4, 0, 2, 12, 7, 3, 14], "R": [[0.34458972141483535, -0.09991961048834741, 0.9334205886603869], [-0.8583278786612916, 0.3691400302484926, 0.356383067472277], [-0.38017256161913326, -0.9239868557008801, 0.041438072879266194]], "T": [0.0016100934909417872, -0.06960478197067109, -0.051324735360064246], "aligned_model": [[0.2887977882162808, -0.4505098458382008, 0.08862181630440086, 0.003340934853655879, 0.32914611226152823, -0.6956542038877305, -0.3545917829109444, -0.13292446151287604, 0.6761971581952793, 0.6660038832557984, -0.18270677136163016, 0.07214165067628564, 0.44641355989179987, -0.031588907659004885], [0.40704684927931645, -0.439033530425886, -0.47031341728803966, -0.6907256695525748, -0.4376298555478006, 0.2485439784722338, 0.5503277584412247, -0.1268811430891048, 0.2718691001744021, -0.5109830446768098, 0.22409659939811477, 0.56858661978872, 0.07445831820706082, -0.06488191404367676], [-0.4708625761574202, 0.25412506675170643, 0.5481448201435533, 0.014187814531279132, -0.4959548667798043, 0.1707897728476292, -0.2805181337300204, -0.8286238038509275, 0.010581633018672314, 0.16662990056335628, 0.6057459579372375, 0.11424717638416307, 0.5526633348513734, -0.007973457586998578]], "inverted": true, "swapped": false, "error_lsq": 0.04157197203679756, "error_max": 0.3305280488630866, "target": "959.xyz", "model": "18.xyz", "model_rescale": 3.9405287249114394, "target_rescale": 4.199029444139723},
{"mapping": [3, 9, 8, 5, 2, 13, 14, 10, 1, 6, 4, 12, 0, 15], "R": [[-0.06710540789321312, -0.8107080531591104, -0.5815920535688665], [-0.46187336451902083, -0.4914479581217307, 0.7383440252388191], [-0.8844036744492674, 0.3181687555385466, -0.3414656404672179]], "T": [-0.0462068166557955, 0.04144936486285063, 0.09239504897580794], "aligned_model": [[0.33197854763920753, -0.5741534250263635, 0.1840617028077267, 0.011874890356191839, 0.3851136074889268, -0.6950581980656846, -0.42049745261703503, -0.04667404485833125, 0.5927936969903892, 0.5314883569768791, -0.00064547232539576, -0.0005158039021718602, 0.45672653777167116, -0.033806012751368394], [0.54831314221372, -0.49810662497256725, -0.527488303497629, -0.7791436696320573, -0.46735933492433085, 0.2146788003906031, 0.45190312190819865, -0.04264838937870628, 0.16789128454269936, -0.43034927632992476, 0.34299878353076235, 0.5866899076339716, 0.014939789135622564, 0.0221614185168187], [-0.47812535935033573, 0.23082033387445686, 0.5346150100817891, -0.0280882685743018, -0.46474199139176775, 0.07469496758666705, -0.4472096167149874, -0.6891619779747914, -0.013483223049313403, 0.13664190335422602, 0.7569679498827964, 0.12003820511968094, 0.5604009691894842, 0.059813736890196964]], "inverted": false, "swapped": false, "error_lsq": 0.04362765025109179, "error_max": 0.2375552411984809, "target": "959.xyz", "model": "19.xyz", "model_rescale": 4.410303926677745, "target_rescale": 4.199029444139723},
{"mapping": [8, 2, 6, 4, 12, 0, 1, 7, 9, 11, 3, 5, 10, 13], "R": [[0.05637979416849028, -0.16889628620361447, -0.9840200014817514], [0.29055359892205035, 0.9457050850519904, -0.14567257209321427], [0.9551962756224311, -0.27769756321119415, 0.10239208184035459]], "T": [-0.009487255990703339, -0.04514086223423125, 0.05350300635106626], "aligned_model": [[0.36339530971679035, -0.5162002380609346, -0.021042738823903076, -0.04106073894442164, 0.3639630292040707, -0.6709749302369942, -0.4907241980612554, -0.1432054302843121, 0.6453137580140452, 0.5970669827734248, -0.24310015860547224, 0.20348384726486463, 0.6331146759805847, 0.04265776054815533], [0.45619406212155716, -0.4053744669869748, -0.3739031738280975, -0.746784380349067, -0.41337714025266464, 0.004024264244237408, 0.37291263325398305, -0.02456549380575203, -0.005652926968048075, -0.5641218027665147, 0.21621907051172728, 0.7477688225875414, 0.3334792465010138, 0.007661934874239211], [-0.3944696124771983, -0.17471275025313882, 0.5312975610191663, 0.09584546347686188, -0.4901989941304868, 0.3240140406571231, -0.342429022751234, -0.6454599891210326, -0.1551427743764175, 0.27685041129496984, 0.6883877935285018, 0.211643019827493, 0.3982399833281689, 0.029317508901022953]], "inverted": true, "swapped": false, "error_lsq": 0.04702488957718459, "error_max": 0.34773118628958644, "target": "959.xyz", "model": "20.xyz", "model_rescale": 4.121658175737393, "target_rescale": 4.199029444139723},
{"mapping": [4, 3, 1, 7, 5, 8, 2, 0, 12, 11, 10, 6, 13], "R": [[0.7333807597057905, -0.15677217901409457, 0.6614946297442863], [0.679625120809368, 0.1922601106877456, -0.7079164816581035], [-0.01619742134445351, 0.9687406947813789, 0.24754617713930008]], "T": [0.07710175034660116, -0.03862502314923573, 0.03858868280579179], "aligned_model": [[0.11652726843854422, -0.0375853501436518, 0.2148529235493744, 0.6759943459918052, 0.5015940445349272, -0.2986966087480901, -0.432821715255854, 0.13255747679465174, -0.5981518835925272, -0.05505030462699667, -0.17132318745071512, 0.7751209151183649, 0.058064980054462284], [-0.5698741023009033, -0.018695066578765053, 0.4533184669455258, -0.3454781444492408, 0.4789175476356104, -0.5241002434600829, 0.49647707341986097, -0.6649774541802165, -0.013594825211080033, -0.18619460230118545, 0.5232403844546125, -0.09644074403460147, 0.008228614223648727], [0.5531535796756395, 0.7259218436472391, 0.48176288663121825, 0.32008716489255934, -0.08764135469338424, 0.10254090286356751, 0.27828500160584274, -0.35455920348080777, -0.16511492379716156, -0.6633588164016149, -0.45016435541479755, -0.3878425189143767, 0.017039532867865324]], "inverted": true, "swapped": true, "error_lsq": 0.048487645473262626, "error_max": 0.24606145422118417, "target": "959.xyz", "model": "21.xyz", "model_rescale": 4.08911054899281, "target_rescale": 4.199029444139723},
{"mapping": [4, 5, 10, 9, 14, 8, 1, 15, 13, 12, 6, 0, 7, 16], "R": [[0.9156724613904055, -0.3936450391737131, -0.08116357917910212], [-0.39374493919693143, -0.8380212304543494, -0.37773713103768736], [0.08067754525294625, 0.3778412370847102, -0.9223487048021777]], "T": [0.01411328434257935, -0.016781886551981925, -0.08036053458653947], "aligned_model": [[0.4291580152306176, -0.40448401738911993, 0.07205186593441412, 7.731469290389939e-05, 0.33658167689712276, -0.6175836420750411, -0.5016359690798267, -0.22807827274298903, 0.6616778134474623, 0.5759670834058318, -0.18964628869181183, 0.13739041165378987, 0.4052489414332476, 0.0459619977680408], [0.4925604291393722, -0.4847491103282872, -0.4509007815938559, -0.7266109154652876, -0.41598109894744234, 0.14954390427031816, 0.5171189407794313, -0.1788355953814606, 0.08652132618717559, -0.468462618670827, 0.28631400091822234, 0.6993961407073598, 0.08162065610866193, 0.016945371413800096], [-0.31402795353065305, 0.2413723210595785, 0.5973704702713505, -0.021255942290295343, -0.4656872927713255, 0.1521405245980179, -0.36134273230572356, -0.7486335798496653, 0.0016064887288014806, 0.07861849152967276, 0.5693925323141568, 0.18791391692177617, 0.5054090663314367, -0.06969367208332838]], "inverted": false, "swapped": false, "error_lsq": 0.028168818219378177, "error_max": 0.16942660637468512, "target": "959.xyz", "model": "22.xyz", "model_rescale": 4.204369325754507, "target_rescale": 4.199029444139723},
{"mapping": [3, 9, 8, 5, 2, 13, 14, 10, 1, 6, 4, 12, 0, 15], "R": [[-0.06710540789321312, -0.8107080531591104, -0.5815920535688665], [-0.46187336451902083, -0.4914479581217307, 0.7383440252388191], [-0.8844036744492674, 0.3181687555385466, -0.3414656404672179]], "T": [-0.0462068166557955, 0.04144936486285063, 0.09239504897580794], "aligned_model": [[0.33197854763920753, -0.5741534250263635, 0.1840617028077267, 0.011874890356191839, 0.3851136074889268, -0.6950581980656846, -0.42049745261703503, -0.04667404485833125, 0.5927936969903892, 0.5314883569768791, -0.00064547232539576, -0.0005158039021718602, 0.45672653777167116, -0.033806012751368394], [0.54831314221372, -0.49810662497256725, -0.527488303497629, -0.7791436696320573, -0.46735933492433085, 0.2146788003906031, 0.45190312190819865, -0.04264838937870628, 0.16789128454269936, -0.43034927632992476, 0.34299878353076235, 0.5866899076339716, 0.014939789135622564, 0.0221614185168187], [-0.47812535935033573, 0.23082033387445686, 0.5346150100817891, -0.0280882685743018, -0.46474199139176775, 0.07469496758666705, -0.4472096167149874, -0.6891619779747914, -0.013483223049313403, 0.13664190335422602, 0.7569679498827964, 0.12003820511968094, 0.5604009691894842, 0.059813736890196964]], "inverted": false, "swapped": false, "error_lsq": 0.04362765025109179, "error_max": 0.2375552411984809, "target": "959.xyz", "model": "23.xyz", "model_rescale": 4.410303926677745, "target_rescale": 4.199029444139723},
{"mapping": [7, 4, 15, 5, 12, 10, 1, 0, 13, 6, 9, 11, 14, 16], "R": [[0.11894328822390177, -0.9691283584902737, -0.21596925465545785], [-0.9607363181964745, -0.16724971101188485, 0.22138938787738624], [-0.2506755294893553, 0.1811567247893082, -0.9509700415779893]], "T": [-0.015530711442871104, -0.012829573321918189, 0.047293430121327654], "aligned_model": [[0.23799554130031725, -0.5649084489593846, 0.15393936539930644, 0.008032544299977, 0.4118543797420541, -0.5704395566406466, -0.3972911344528377, -0.0868450522816299, 0.6736240388809732, 0.6105381784232689, -0.14180868292423499, 0.03768350881412879, 0.4570437514409949, -0.1067315025576445], [0.3733211833460008, -0.42758282611748577, -0.3871941985356399, -0.638393779283777, -0.43288131986210815, 0.24141434497046793, 0.5846619046263122, -0.19203254298971253, 0.05422392818156676, -0.4286602611484306, 0.12968285330291413, 0.5881597741705551, 0.14198976455274648, -0.002228176076228371], [-0.430768207094093, 0.05423704646177818, 0.630770260234097, -0.013667464114556674, -0.4884997658461903, 0.273612120927502, -0.43602661164481743, -0.6829026884243303, -0.07418159558905917, 0.1614015979416299, 0.6440882573479365, 0.23886988372085938, 0.506482214462487, -0.03023240945944318]], "inverted": true, "swapped": false, "error_lsq": 0.04111426828001828, "error_max": 0.2380572002159868, "target": "959.xyz", "model": "24.xyz", "model_rescale": 4.28219845311461, "target_rescale": 4.199029444139723},
{"mapping": [12, 1, 0, 8, 10, 3, 9, 5, 14, 6, 4, 13, 2, 15], "R": [[-0.06271690227684201, 0.9083795173850857, 0.4134165484883694], [0.9245661634450226, -0.10310436174458754, 0.3668063521829924], [0.375824426536314, 0.4052359102849604, -0.8333905791609183]], "T": [0.013172079641306927, 0.09094415248345633, 0.010850074853270497], "aligned_model": [[0.38330859889742097, -0.42666666162711153, 0.07600592734749087, 0.009109711256922108, 0.4840649298829399, -0.7484064240685541, -0.37425505271722137, -0.42197437491594536, 0.7594474287505296, 0.5283038842406708, -0.2927939491275787, 0.22715664034102492, 0.5014310658749404, 0.017955206349114423], [0.6003203055087739, -0.3647960908566105, -0.37216154652093525, -0.5620085645306369, -0.36681217774759234, 0.08011692526717873, 0.4616190587765351, -0.32720007503780846, 0.08594871190187087, -0.615122183210283, 0.1793228820037358, 0.6223726123413851, 0.129087891336906, 0.0537928999046612], [-0.4226874576339651, 0.1042316101074161, 0.6795347473020238, -0.22490891953686337, -0.43459788456802106, 0.15201061713644834, -0.40070066908474555, -0.590052287424529, -0.1414416641870753, 0.23063790083833427, 0.6690465215418643, 0.16804694750722393, 0.48931453741690123, 0.07474863950878727]], "inverted": false, "swapped": false, "error_lsq": 0.04142390863706087, "error_max": 0.3000407131305144, "target": "959.xyz", "model": "25.xyz", "model_rescale": 4.100010024507729, "target_rescale": 4.199029444139723},
{"mapping": [0, 11, 5, 10, 4, 3, 7, 2, 12, 9, 8, 13], "R": [[0.5570938425968515, 0.2378139758599451, -0.7956701348086149], [-0.11578048389632198, 0.9710043117698386, 0.20915426381768], [0.8223389386921963, -0.024395479295713757, 0.5684747404243433]], "T": [0.016988355872284096, 0.01574757507415018, 0.10492127014518227], "aligned_model": [[-0.6197885058219292, -0.1253831912671587, 0.45921862917115874, 0.5984869305011747, -0.5012379601744954, 0.07121885523506816, -0.37205482085807606, 0.6303692447107447, 0.14143925476013597, -0.06854896912232925, -0.40264119028962153, 0.06568732551833442], [-0.35554304359998273, -0.6632333993604799, -0.17243162307394835, -0.46819188951281115, 0.5447707956723039, 0.7096950170305126, 0.24877584055066956, 0.2830107744631437, -0.12109446819772271, 0.5301400186165782, 0.1359088662663881, -0.0056754988040118685], [0.023579578243860033, -0.12021517046202418, 0.5876209879089697, -0.1047194240703, 0.11644976057239309, 0.06653886634941636, 0.6762493796548703, -0.29023033016924865, -0.5761626962341891, -0.5734913224690045, -0.33151061545830274, 0.09108327598791618]], "inverted": true, "swapped": true, "error_lsq": 0.04780503967227836, "error_max": 0.22639067383917794, "target": "959.xyz", "model": "26.xyz", "model_rescale": 3.6694154284099745, "target_rescale": 4.199029444139723},
{"mapping": [10, 6, 1, 0, 4, 12, 11, 2, 8, 5, 3, 9, 7, 13], "R": [[-0.34391476333890236, 0.8963205443057466, -0.2798787548439442], [0.5787811749921865, 0.43705409061984635, 0.688473727419662], [0.7394153007831327, 0.07478772444665677, -0.6690828119447398]], "T": [0.11913486187148355, -0.005774155658926795, 0.017973674865671415], "aligned_model": [[0.2409436555278855, -0.4559800837005927, -0.041079194370946856, 0.13904949602876446, 0.5008811357777054, -0.6025894484742996, -0.4395764837446075, -0.34058188961051955, 0.7109504146283046, 0.6023261622595559, -0.16948200034091132, 0.12128508725455887, 0.3748045637655165, 0.08173551548422861], [0.303332206439174, -0.2784453392103905, -0.7039828596724331, -0.6384616647083836, -0.2676026921840362, 0.31379493249078616, 0.4478592065640872, -0.24433673073173592, 0.20779093041425914, -0.5558157290077612, 0.29452960421715724, 0.6664061248097148, 0.08690159190333215, -0.027488932186589574], [-0.4835306567119197, 0.2750410917910045, 0.5341933136996428, -0.1724029685870288, -0.6611773907366446, 0.09996410792047253, -0.44918141094983377, -0.422342180384565, -0.09383642287035668, 0.3179052246205652, 0.7103241489642317, 0.1321340118932608, 0.5855762947201222, -0.019484524445151506]], "inverted": false, "swapped": false, "error_lsq": 0.05538456990875187, "error_max": 0.318714910658004, "target": "959.xyz", "model": "27.xyz", "model_rescale": 4.103607728864725, "target_rescale": 4.199029444139723},
