[{"mapping": [9, 14, 11, 1, 10, 5, 8, 7, 12, 3, 6, 15], "R": [[-0.0010686771069965129, 0.8787889334733551, 0.47720945960238936], [0.4012023514488151, 0.43749581859237074, -0.804757157101528], [-0.915988826963071, 0.19059753177561092, -0.3530397283024427]], "T": [-0.09816923074564125, 0.009848967847998269, -0.018073292133297864], "aligned_model": [[-0.1536240813533225, 0.12188858929492706, 0.4215357546614488, 0.010679021827858806, -0.12644420323238706, -0.5756266999288461, 0.32182072050603, -0.1998375995243576, 0.6530238966591622, 0.09654735217470796, -0.6271370170692038, -0.10518327155546885], [-0.3128881493674045, -0.5326078980424085, -0.2555792430753713, 0.8105242807545937, 0.25170446049273965, -0.6438109942651103, -0.2503486930272735, -0.5277423409121307, 0.030482161065683966, 0.3461080854498118, 0.09038663018322263, 0.0473267367207039], [-0.6187058941390141, -0.022184314450325066, -0.5503565071486992, -0.005478040629454645, -0.7625136834455164, 0.1511572524613772, 0.4773659172975825, 0.5969866592973229, 0.003625694035539931, 0.5473354633192935, 0.42282117894759375, -0.05810198019213818]], "inverted": false, "swapped": true, "error_lsq": 0.04232582205047469, "error_max": 0.1935234646640381, "target": "96.xyz", "model": "0.xyz", "model_rescale": 3.751011558992144, "target_rescale": 4.1288267628137705},
{"mapping": [12, 8, 11, 13, 7, 9, 6, 3, 14, 4, 5, 0, 2, 10, 15], "R": [[-0.054830852095745564, 0.21201042891971533, -0.9757280131715667], [0.9975554575472223, 0.05402798884098037, -0.04431800468828617], [0.043320743024635844, -0.9757727985812462, -0.21445456109095998]], "T": [0.08837399627397226, 0.02177842401907305, -0.03754577590120213], "aligned_model": [[-0.09429800488478353, -0.03606691078865362, -0.5155561374646509, 0.21225041654047033, -0.07578672378069227, -0.433733851365405, 0.49686470211273265, 0.5678407456460332, -0.43919907197806285, -0.040056420176145816, -0.2641799917803799, 0.6120718662573417, 0.46455492455072145, -0.020615603807062774, 0.1049962720075711], [0.030973643002675792, -0.527031831719452, 0.38550199416081443, 0.4898150004952917, -0.7738801051776485, 0.4053172516287165, -0.34600530053521733, -0.3207564472997404, -0.21828407420015705, 0.23965526960039782, -0.44090037792640047, 0.2510679332944999, 0.505802415703822, 0.7931211192996918, 0.07436085949981176], [-0.7667467614078194, -0.4533295610161165, -0.39369797101431786, -0.5534339099769744, 0.09518846695283516, 0.18221630687420037, 0.3850079412147371, -0.38890499486972285, -0.11963384215334698, 0.6285908773560561, 0.5502551852324324, 0.5610993305671012, 0.11282527245802425, 0.04392055530410256, -0.03369049066921526]], "inverted": false, "swapped": true, "error_lsq": 0.05009155271735351, "error_max": 0.302730345644594, "target": "96.xyz", "model": "1.xyz", "model_rescale": 3.9405287249114394, "target_rescale": 4.1288267628137705},
{"mapping": [10, 0, 4, 3, 6, 9, 13, 1, 7, 14, 8, 11, 15], "R": [[0.3347302108882855, -0.3606913945522004, 0.8705500581900347], [-0.9188268216553823, 0.08004632313501758, 0.38645809340630044], [-0.20907643990979086, -0.9292439421640333, -0.3046190050310295]], "T": [-0.02798200021165525, -0.08347303813169961, 0.006574294198368006], "aligned_model": [[-0.35830902480822335, 0.295655980820869, -0.3290963977986274, 0.582397988203757, 0.38322528887261426, -0.6662803367145002, 0.05261886989054502, 0.5496973522178166, 0.012627114727834989, -0.4451638427919861, 0.0806425229704163, -0.6345481709537298, -0.02748406535285492], [0.6160002558727536, 0.41202959659148863, 0.21299250302130018, -0.3238642630914904, -0.21392014128898645, 0.15539620084751565, 0.2862954595326326, 0.395746685547245, -0.8471380434626622, -0.4864691960523363, -0.7155555188362221, -0.0039996006523514566, -0.028681344456869713], [0.12948164712887278, -0.5721697751474011, -0.5671338502422473, 0.20737302746456165, -0.5361717673571351, -0.052677120668934034, 0.6043358931419888, 0.3061115395628901, -0.29806693041688803, 0.08566413513654475, 0.2862649137563437, 0.5062064401263585, 0.013902197103688941]], "inverted": true, "swapped": true, "error_lsq": 0.04255599387414469, "error_max": 0.23083522066512102, "target": "96.xyz", "model": "2.xyz", "model_rescale": 3.932901565614263, "target_rescale": 4.1288267628137705},
{"mapping": [6, 3, 7, 0, 5, 9, 14, 4, 2, 10, 12, 1, 11, 15], "R": [[0.28494360719780165, -0.9397785292319443, -0.18874177256704083], [-0.20931419712180915, -0.2531567141109487, 0.944510055522862], [-0.9354115177826052, -0.22962576966706297, -0.26884437562361546]], "T": [0.11433309013706545, -0.09667889702763027, -0.013204121429335192], "aligned_model": [[-0.19398560344248122, 0.5526522886114327, 0.17298258671230166, -0.5056215378071306, -0.354666873244473, -0.20758477144255832, 0.23580109566083463, -0.5883411078137459, -0.1370054954999546, -0.15456157993024494, 0.8137018274120061, 0.3348166714436323, 0.35323429119735683, 0.09838812019572801], [0.1848377533067631, 0.2873148148996049, -0.469916140940665, 0.4474679025864278, -0.5795762560842247, -0.5062715936535205, -0.665695045051667, -0.18644633616196038, 0.38849974724551306, -0.0007090421306076011, -0.24448918519614943, 0.6453556997016816, -0.5699800979252729, -0.06689558224543456], [-0.5667103340648181, -0.3752771969625863, -0.7445684715490712, -0.08226656670664699, -0.49354268238049753, 0.43018816892235706, -0.07776372907301571, 0.06356508416931773, 0.3027600632839077, 0.7161589520595015, 0.2196545854238055, 0.2188716997537895, 0.5722726222239853, 0.030554167957069084]], "inverted": true, "swapped": true, "error_lsq": 0.04992486978542761, "error_max": 0.3306588865098988, "target": "96.xyz", "model": "3.xyz", "model_rescale": 3.9243930471874484, "target_rescale": 4.1288267628137705},
{"mapping": [12, 3, 13, 11, 10, 8, 14, 1, 0, 6, 4, 5, 15], "R": [[-0.9957934024993824, -0.09129289259495174, -0.007817115858775835], [-0.04590305628566219, 0.42321498728700463, 0.9048657270331858], [-0.07929948904210068, 0.9014181506367104, -0.4256253149665263]], "T": [-0.018609000130123718, -0.06266556513777381, -0.06159579338827031], "aligned_model": [[0.033122776698804444, -0.364264558641328, 0.46772099167310877, 0.38721878213608896, 0.7519419571923137, -0.5411571758122757, -0.23165083969951866, 0.3259333725102102, 0.1592501839161765, -0.42327158579952645, 0.17260548294988876, -0.49321265921579555, 0.03296915840320557], [-0.6506028987978274, 0.08086181107799316, -0.24939971421984586, -0.7341421275744614, -0.05061045562738192, -0.4488594908924138, -0.54491879542958, 0.3018690284848779, 0.730429398124972, 0.49446768345452047, 0.2552009171011039, -0.012604809435117284, -0.043860992585252466], [-0.5272579072413853, -0.6365687751221084, -0.5402999483076376, 0.02947486729448124, 0.07837186756529937, -0.32111852441642913, 0.19285811694353644, -0.695230248460405, 0.0951702472103817, 0.01922440040339219, 0.5467631906436292, 0.6137716959783129, -0.06808866712010318]], "inverted": true, "swapped": true, "error_lsq": 0.04191805533011345, "error_max": 0.27001333007214806, "target": "96.xyz", "model": "4.xyz", "model_rescale": 3.8936222436046832, "target_rescale": 4.1288267628137705},
{"mapping": [4, 6, 2, 9, 1, 3, 8, 12, 11, 14, 13, 15], "R": [[0.39631636031274814, -0.1321532445436361, 0.9085531698833293], [0.6097295221955961, 0.7777332363370244, -0.1528428044098526], [-0.6864133246897137, 0.6145457941059627, 0.38880614017153287]], "T": [-0.11246379519985188, -0.14784012601877447, -0.06163601227497918], "aligned_model": [[0.0511313780254755, -0.6434684642284515, -0.30357693579895056, 0.49910105332687055, -0.5912951162942063, -0.6634271245877575, -0.16665214823529118, 0.09729103102979504, 0.5968728563188054, 0.3019476528390833, -0.040457568398130736, -0.10991857178214447], [-0.506819419453948, -0.5705284835352575, 0.17051672914848806, -0.19610766066007904, 0.48083880589855554, 0.00748212387423694, -0.252419190397803, 0.3171670714436675, 0.17088142011888516, -0.39616290790425035, 0.5553997157378141, -0.11132529916050223], [-0.6549935930852009, -0.20323319636427134, -0.5720549066829029, -0.3643779667885936, -0.23066531638862714, 0.3164991632045611, 0.6280604672054901, 0.49059483483953936, 0.07667132244742457, 0.2689706176465518, -0.03312286503110934, -0.10306384172734329]], "inverted": false, "swapped": true, "error_lsq": 0.0417367759357537, "error_max": 0.20380539709279843, "target": "96.xyz", "model": "5.xyz", "model_rescale": 3.6523030999806103, "target_rescale": 4.1288267628137705},
{"mapping": [12, 3, 1, 13, 2, 14, 6, 9, 5, 4, 0, 10, 15], "R": [[0.8756355502110595, 0.4751922720569427, -0.08634053384092494], [0.0022453174203063697, -0.1827723504872835, -0.983152697421431], [-0.48296722637903433, 0.8606895912433904, -0.16110892516874553]], "T": [-0.02513984309558799, -0.11654336266222351, 0.1063820616408341], "aligned_model": [[0.2550940134808539, -0.12568626058349258, 0.5105226296850334, 0.624548676133304, 0.40222460479174355, -0.2807526585624017, -0.4733689284957343, 0.16018237642904243, -0.7305993742469652, -0.11726143604997362, 0.009856471293225415, 0.6232740406661993, 0.02304875012345945], [-0.5682129586983431, 0.17567824303116977, 0.38900328360190184, -0.1865324301701555, 0.3056308899066359, -0.6427129905466946, 0.4107145984425927, -0.4977675671663163, -0.22884599668396866, 0.032392584685926956, 0.6067592702574724, -0.15742650234507172, -0.09785352015196688], [0.6380316181799001, 0.7188922686360306, 0.4389115232716334, 0.3775840706845415, -0.08734789644548939, 0.08381200895621169, 0.06430002146794968, -0.4305702553550721, -0.3102603827546077, -0.5842947283426253, -0.29463871185845103, -0.3310799982492482, 0.08677020129101533]], "inverted": false, "swapped": true, "error_lsq": 0.04804379768919155, "error_max": 0.273156193685842, "target": "96.xyz", "model": "6.xyz", "model_rescale": 4.08911054899281, "target_rescale": 4.1288267628137705},
{"mapping": [7, 6, 5, 8, 12, 11, 14, 9, 3, 3, 13, 2, 10, 4, 15], "R": [[-0.1674118609499159, 0.9773816398320784, -0.12922228496835844], [-0.8028025639530411, -0.2112275336868682, -0.5575759789687738], [-0.5722598292067245, 0.01039514943233516, 0.8200064809161998]], "T": [0.019403028036651858, -0.06875972252185514, 0.02841702762427293], "aligned_model": [[0.11319316587439401, 0.23395470874251212, 0.6385199832371339, -0.3855348522767733, -0.5975593802103465, -0.06668619128469355, 0.09743877935455278, 0.44490833875164904, -0.5098629015907582, -0.5098629015907582, -0.45370311483464143, 0.08340312389963137, 0.21642502665690183, 0.7086880068406126, 0.023011748230137227], [-0.6448022493508727, -0.7032526407823031, -0.4125988575190223, -0.31241025756988516, 0.24985316756977305, 0.6493970233223604, 0.05268010195006076, 0.4530127079201992, -0.496791342119882, -0.496791342119882, 0.38261453885789853, 0.06431438159361186, 0.5742173434220771, -0.02118284086697407, -0.03750091813804669], [-0.5521155155179773, 0.20749098339619126, -0.39860147689284475, -0.48754239130023763, -0.25973380510200433, -0.2889319328485546, -0.538914080782116, -0.09279671442055842, 0.1140809694953955, 0.1140809694953955, 0.29855777804733036, 0.6420928688088862, 0.4299738409626349, 0.2025588975178197, 0.07386964122272008]], "inverted": true, "swapped": true, "error_lsq": 0.052278501400615615, "error_max": 0.44454285741705446, "target": "96.xyz", "model": "7.xyz", "model_rescale": 3.964800864290218, "target_rescale": 4.1288267628137705},
{"mapping": [3, 6, 8, 1, 12, 0, 13, 7, 4, 9, 10, 11, 14, 15], "R": [[0.7251927844218914, 0.380958919096169, -0.5735553394255021], [-0.13480018191180954, -0.7383238135854873, -0.6608379962208031], [-0.6752216942449106, 0.5565503106221947, -0.484073770583959]], "T": [0.05266864005276123, -0.06261714298271061, 0.05468098891755076], "aligned_model": [[-0.048118387819498565, 0.18212004220871758, 0.459324150697572, -0.6849659028596189, -0.003150603122389628, -0.30821190178616104, -0.4939622261065985, 0.7923112065313489, 0.10692921073049533, 0.118920605312894, -0.45765191783178266, 0.05815946120036547, 0.5364197344072887, 0.0030644178982401557], [-0.04908637527157593, -0.6802838666658062, 0.27548734501357525, -0.0842829912118613, 0.6536862418768845, -0.801557369527378, 0.3856459353093206, -0.21034143295321828, -0.537775210699072, 0.06362482984669261, 0.03354496811586703, 0.5944707698867678, 0.23434472370438209, -0.06652910124337563], [-0.6237957578577528, -0.23239273260118964, -0.4034358553239785, -0.2747327498211048, -0.16663634491186963, 0.14924143362617076, 0.02641298403882269, -0.2750856320798877, 0.5828697181390106, 0.7237606936403111, 0.6410348293570236, 0.49294592436419854, 0.19786033261508057, 0.07876819554018655]], "inverted": true, "swapped": true, "error_lsq": 0.0469850236045955, "error_max": 0.2517432527010411, "target": "96.xyz", "model": "8.xyz", "model_rescale": 4.121658175737393, "target_rescale": 4.1288267628137705},
{"mapping": [10, 9, 4, 0, 11, 13, 14, 3, 7, 12, 1, 6, 15], "R": [[0.8499465136858961, 0.5067604445676402, 0.14416926057519527], [-0.2798930601250324, 0.2024625135459775, 0.9384395587902771], [0.44637517714030195, -0.8379754068170812, 0.31392103912084574]], "T": [0.04175493360733341, -0.034392791414241036, -0.022779790369678435], "aligned_model": [[-0.5973312063303046, -0.22579702425852466, 0.16765889678999757, 0.1768303680058938, -0.4964931135843703, -0.6070659700963834, 0.1681100252391604, 0.20598020879673268, 0.784815426161078, -0.33709137229311426, -0.36252792669131334, 0.6003703066891511, -0.0007211219928058496], [0.14464614005378026, -0.2728919561195292, 0.1967424822398157, 0.7316729661928968, -0.5858490565260973, 0.004846907034364044, -0.5948477391578006, 0.12617387194725552, -0.36714024273734125, -0.4878192356974269, 0.5215926955899476, 0.3755241465413629, -0.002263539949517765], [-0.43871129478722637, -0.605470195433647, -0.6849183029564051, -0.3058115617861967, -0.19614603668451258, 0.2565691890101613, -0.1351472161905864, 0.623687693872876, 0.09879263397958853, 0.4420509588860201, 0.402100247118886, 0.0016770611434437782, -0.0375977422133129]], "inverted": true, "swapped": true, "error_lsq": 0.05345083426198481, "error_max": 0.32959176732940587, "target": "96.xyz", "model": "9.xyz", "model_rescale": 3.833441315466971, "target_rescale": 4.1288267628137705},
{"mapping": [12, 8, 1, 0, 6, 3, 7, 4, 10, 2, 11, 9, 14, 13, 15], "R": [[0.2405264860502606, -0.1845157343645502, 0.9529433106330223], [0.38931926777783354, -0.8809938574177253, -0.2688500156763407], [0.8891442612114446, 0.4356647414746204, -0.14006682616025384]], "T": [-0.057088019716882, 0.017370101545992347, -0.012529321874648003], "aligned_model": [[0.13417857707305586, -0.03212546483438562, -0.634119620522665, -0.5366964518971606, -0.5331944957177506, -0.5874057152150111, -0.04708154759895529, 0.10069187894279756, 0.1936302766746108, -0.3377638572301609, 0.6092785483222414, 0.5246352653017489, 0.4171248218884053, -0.08371217679161266, -0.06359502010062591], [-0.6704861469877572, -0.5713443864774184, -0.09663217731834357, 0.6858574262074277, 0.3045356189927024, -0.4056802087820039, -0.14814664701218783, 0.7095370610618348, 0.3596069510481799, 0.34893825388113214, -0.21978936128771492, 0.3296364974045442, -0.17257382004405514, -0.2927750036764572, 0.040417482285095646], [0.22296708919947977, -0.38981769244007025, 0.541659771515034, 0.07862741202856986, -0.42670290595717936, -0.11481998298266673, -0.8188442062596952, -0.07346483086846634, 0.6458773338526544, 0.44538595642858625, 0.33901272992895065, 0.16658440613420356, -0.2984406429600039, 0.6228015677131473, 0.03729590248954911]], "inverted": false, "swapped": true, "error_lsq": 0.042420685510499524, "error_max": 0.3143759858970287, "target": "96.xyz", "model": "10.xyz", "model_rescale": 4.2482417240324, "target_rescale": 4.1288267628137705},
{"mapping": [3, 1, 0, 10, 7, 5, 6, 9, 13, 14, 12, 15], "R": [[0.8135651294898003, -0.5552191157843669, 0.1727527526433958], [-0.5149981245742794, -0.5500801556809958, 0.6574106433660367], [-0.26997909504852297, -0.6238137188244559, -0.7334628364431175]], "T": [-0.007919490187177722, 0.07791733441813518, -0.0569868592484076], "aligned_model": [[-0.6213826777201336, -0.10809541984559758, 0.3194985560709475, 0.6690917272985484, -0.4977085262400457, 0.06804755439575125, -0.19955337281787494, 0.5803289416407684, 0.034755259811980244, -0.06347039054737746, -0.3341030418427032, 0.029356992158743312], [-0.20710080174406043, -0.7205195749255882, -0.2120184949038203, -0.25377975592834284, 0.7028882746656752, 0.8196713137259694, 0.14818193872005286, 0.3214319215380368, -0.4731502322535932, 0.5697625702636842, -0.0663529192047113, 0.037117150097337306], [0.05746567317228299, 0.01751699341397442, 0.6458244521625799, -0.26939660776014807, 0.1601712405933871, 0.30065262471649234, 0.6055993683947203, -0.3073035350580141, -0.4986287661965739, -0.36956350178963804, -0.7187859782205542, -0.05835967357415221]], "inverted": false, "swapped": true, "error_lsq": 0.041763794318801735, "error_max": 0.24009166827271816, "target": "96.xyz", "model": "11.xyz", "model_rescale": 3.6694154284099745, "target_rescale": 4.1288267628137705},
{"mapping": [4, 5, 14, 7, 6, 10, 2, 13, 8, 12, 11, 3, 9, 15], "R": [[-0.7703025791662139, 0.12458710045298767, -0.6253894713941036], [-0.6185204766830789, 0.09261278028498493, 0.7802917998105723], [0.15513335055240726, 0.9878769798555904, 0.005719809243466767]], "T": [0.10561162914194466, -0.01813652397334066, -0.020108749712467015], "aligned_model": [[-0.15535997605034035, 0.19363152479189694, -0.07462829492592699, 0.5753971300863735, 0.644064707909213, -0.5362174905423507, 0.0025947456749659814, -0.14307811839794038, 0.4326023046144508, -0.009963337326854643, -0.5639200022079577, 0.6898293191832919, -0.5349091674845274, 0.07822150493151572], [-0.2576255696441611, 0.36333409607887335, 0.5338567660376328, 0.5747555061277279, -0.18968095608069613, -0.4629097413965135, -0.640142501457771, -0.2616718455312502, 0.5430869861422243, 0.3126722556570465, 0.2754745989281373, -0.03606465758162776, 0.04090006969754266, -0.06499771884091082], [-0.6383656144619351, -0.7485376221352332, -0.09439719815507572, -0.34479358160859447, -0.4217577985488695, 0.04086022433964645, 0.009872130938987197, 0.5958361568498304, 0.24000595953412368, 0.6450195595395996, 0.2788740777685911, 0.3391127352310861, -0.2530074392178279, -0.009626130421912573]], "inverted": false, "swapped": true, "error_lsq": 0.04243445470534161, "error_max": 0.24341749844015942, "target": "96.xyz", "model": "12.xyz", "model_rescale": 3.9764082729961374, "target_rescale": 4.1288267628137705},
{"mapping": [10, 12, 1, 13, 8, 3, 11, 14, 6, 7, 2, 0, 5, 9, 4, 15], "R": [[0.4376360163171886, 0.5933421480425737, 0.6755884935212013], [-0.8991520472422786, 0.2883242335556885, 0.32923355279276134], [0.0005596088282024958, -0.7515412375250939, 0.6596858761086293]], "T": [0.02575106891801073, 0.06144653403188764, -0.006911176354298691], "aligned_model": [[0.19751353545223863, 0.1306159892182801, 0.5424648722955474, -0.4219995954537845, 0.2160276171669372, -0.26248366561475023, -0.33740438142364537, -0.7225975706543208, -0.6395459073088063, 0.26317339397120293, 0.7195589124280313, 0.5307160633611407, 0.04866836871299597, 0.44843133866397594, -0.09447162034439203, -0.02653899526354436], [-0.24416083654779103, 0.41297311715063045, 0.006223825648439367, 0.22696930931685844, -0.5942508606438498, -0.6937725875225293, -0.4885817713049057, -0.21595133620691448, 0.3758224700291812, -0.3107567806317077, -0.31183341310000906, 0.2003767971065088, 0.8210162367327669, 0.4877132255433487, 0.20268252499376221, 0.016274030220770376], [-0.7302704847866424, -0.5290662728529806, -0.3719863414078978, -0.3897977125546147, -0.18996471620117808, 0.22762722894644305, -0.44977874229799536, -0.049722095665691385, 0.19853105394052467, 0.6063824165054009, 0.11779756936669183, 0.49589760428833035, 0.3471404723408072, 0.02681157253977992, 0.6869639000267175, 0.07563498564244925]], "inverted": true, "swapped": false, "error_lsq": 0.048241204181101026, "error_max": 0.3102310950326363, "target": "96.xyz", "model": "13.xyz", "model_rescale": 4.170626492500431, "target_rescale": 4.1288267628137705},
{"mapping": [13, 11, 1, 10, 3, 6, 0, 12, 8, 9, 14, 4, 7, 15], "R": [[-0.6221929951143044, 0.6551285556830395, 0.42858190857681544], [-0.729930023345557, -0.2875803642751139, -0.620080394063663], [-0.2829806315800534, -0.6986444801270868, 0.6571284901284579]], "T": [-0.02329150781406051, 0.0772935615032002, 0.10086233955338056], "aligned_model": [[0.05462301892171866, 0.17499327443488255, -0.1779846102857993, -0.5244316810132206, 0.3325145284528262, -0.2215474333848887, -0.7440853128049025, 0.5687609576905295, 0.6540623454091116, -0.29365405429641195, 0.31334901033424023, -0.6284735531987734, 0.3971201191546122, -0.06206358732228099], [-0.3826156207991001, -0.6719909385946985, 0.09248284471261618, -0.5076850160600734, 0.46845690520143335, 0.740696671321375, 0.4476237208265559, -0.3145212570975081, 0.23885162961396939, -0.41840912615351067, -0.09027455581467626, 0.10068062102620456, 0.6019633045813589, 0.05081528516171986], [-0.4310747261370753, 0.2529370285704149, -0.6921867565750218, -0.041065952927754085, -0.33624760734767134, 0.13652843706629744, -0.06801917325868592, -0.14640819111728567, 0.16901760546055117, 0.48709665805197977, 0.5495224376415957, 0.47624277313196073, 0.5758521719985005, 0.0716783965630606]], "inverted": false, "swapped": true, "error_lsq": 0.05086855642804938, "error_max": 0.3125209655377487, "target": "96.xyz", "model": "14.xyz", "model_rescale": 3.9786697098870705, "target_rescale": 4.1288267628137705},
{"mapping": [13, 0, 12, 11, 3, 8, 4, 5, 14, 9, 6, 15], "R": [[-0.20947238400816134, 0.5255168187047037, 0.8245928653562468], [-0.9413629235831245, 0.11972705374615089, -0.31543823278781363], [-0.26449417090168537, -0.842316749126927, 0.46962253746948307]], "T": [-0.01174103623808237, 0.011917832312005754, -0.08386072650544424], "aligned_model": [[0.16264840289251514, -0.836787405638276, 0.6202767116917236, 0.5698184971367006, -0.01872071310507717, 0.482747836178597, -0.4369243838524851, -0.08165459193352112, 0.45736894843182985, 0.10735023043690006, -0.5055869079929911, -0.03718202747857909], [-0.3239524151126698, -0.05105558113757412, -0.0012189846836494801, -0.5225450461882992, 0.5426729039763417, 0.5055836665150386, -0.2975698756953991, 0.2484063025222267, 0.036827000673942026, -0.5610730649183333, 0.4689355720752472, -0.030335987802432105], [-0.6816262923524627, -0.06058114048254343, -0.49076204091015563, -0.08089953685103857, -0.5185124728385213, -0.12031880264152667, 0.3969086693867376, 0.7054815670275971, 0.265448809052422, 0.2703887784617541, 0.08326859212089466, -0.10882963609932736]], "inverted": false, "swapped": true, "error_lsq": 0.04759347791407015, "error_max": 0.23739662493254704, "target": "96.xyz", "model": "15.xyz", "model_rescale": 3.769337070930944, "target_rescale": 4.1288267628137705},
{"mapping": [4, 5, 10, 9, 0, 6, 1, 8, 13, 11, 15], "R": [[0.29320180486711267, -0.48829604912261315, 0.8219487027995813], [-0.946073274668843, -0.2720701458974819, 0.17584992086633244], [0.1377608818933737, -0.8291832150511549, -0.5417353000288891]], "T": [0.06092040855017986, -0.055993150377392324, 0.07327600824933835], "aligned_model": [[-0.31591425400898976, -0.3416477551659408, -0.24217396697241841, -0.5771062071305934, 0.30358303875359466, 0.38964030222347595, 0.6796594745648236, 0.20238205425877087, 0.22900774831916015, -0.46776053530073614, 0.06295623115002422], [0.0073263802411919834, -0.6753881756484821, 0.6547691951834667, 0.1809384498205867, 0.14664077019769453, -0.4178289863318843, 0.4638300119636974, -0.5306963333024324, 0.5145818275061982, 0.2548480409725751, -0.0029566829772699893], [-0.5281298502679852, -0.29842902857960807, -0.054925931158917904, 0.00414233781915084, -0.6917491179540175, -0.4183531487121899, 0.0790541764590156, 0.5674418539257599, 0.45633607158188044, 0.5710159417157362, 0.057814302394952846]], "inverted": true, "swapped": true, "error_lsq": 0.045752748515342306, "error_max": 0.2142653954212987, "target": "96.xyz", "model": "16.xyz", "model_rescale": 3.7852294659196426, "target_rescale": 4.1288267628137705},
{"mapping": [3, 5, 4, 6, 8, 14, 11, 9, 2, 1, 12, 10, 15], "R": [[0.7081316344440108, -0.0640697248372159, -0.7031675893120627], [0.4868500850450947, 0.7655925968871958, 0.42052939288842117], [0.5113966982600086, -0.640127366975357, 0.573332687937779]], "T": [-0.018080297554433276, 0.02164649341951152, -0.04610516973752348], "aligned_model": [[-0.05143159516774634, -0.43772485648952175, 0.22301040482984474, 0.0738847992229506, -0.6012677154888267, -0.5486569349177436, -0.22067243087014723, -0.01375774516257314, 0.6123138521379463, 0.592104427165138, -0.3050064268809814, 0.4989754802864287, 0.03199459155151467], [0.0025531035481920414, -0.5964522278891786, -0.3759672048445425, -0.6224056172512952, 0.11616016321277137, 0.11152315384993111, 0.6631294768557274, 0.1807008232680149, 0.04165607160870701, 0.26462269074177003, 0.6716305399341989, 0.3772386001561582, 0.040666050512419935], [-0.7310832248514851, 0.30847679969280295, 0.49378496047364956, -0.28573085360170636, -0.4209571323895357, 0.18435613680059867, 0.36781129221881875, 0.6192346273390147, -0.02149622167874434, -0.5169817017504704, -0.29183230480689387, 0.42260862975702984, -0.03243631005990486]], "inverted": false, "swapped": true, "error_lsq": 0.0353608670251661, "error_max": 0.20548910862150715, "target": "96.xyz", "model": "17.xyz", "model_rescale": 3.901054581598922, "target_rescale": 4.1288267628137705},
{"mapping": [12, 8, 11, 13, 7, 9, 6, 3, 14, 4, 5, 0, 2, 10, 15], "R": [[-0.054830852095745564, 0.21201042891971533, -0.9757280131715667], [0.9975554575472223, 0.05402798884098037, -0.04431800468828617], [0.043320743024635844, -0.9757727985812462, -0.21445456109095998]], "T": [0.08837399627397226, 0.02177842401907305, -0.03754577590120213], "aligned_model": [[-0.09429800488478353, -0.03606691078865362, -0.5155561374646509, 0.21225041654047033, -0.07578672378069227, -0.433733851365405, 0.49686470211273265, 0.5678407456460332, -0.43919907197806285, -0.040056420176145816, -0.2641799917803799, 0.6120718662573417, 0.46455492455072145, -0.020615603807062774, 0.1049962720075711], [0.030973643002675792, -0.527031831719452, 0.38550199416081443, 0.4898150004952917, -0.7738801051776485, 0.4053172516287165, -0.34600530053521733, -0.3207564472997404, -0.21828407420015705, 0.23965526960039782, -0.44090037792640047, 0.2510679332944999, 0.505802415703822, 0.7931211192996918, 0.07436085949981176], [-0.7667467614078194, -0.4533295610161165, -0.39369797101431786, -0.5534339099769744, 0.09518846695283516, 0.18221630687420037, 0.3850079412147371, -0.38890499486972285, -0.11963384215334698, 0.6285908773560561, 0.5502551852324324, 0.5610993305671012, 0.11282527245802425, 0.04392055530410256, -0.03369049066921526]], "inverted": false, "swapped": true, "error_lsq": 0.05009155271735351, "error_max": 0.302730345644594, "target": "96.xyz", "model": "18.xyz", "model_rescale": 3.9405287249114394, "target_rescale": 4.1288267628137705},
{"mapping": [4, 1, 0, 3, 7, 13, 12, 14, 10, 9, 8, 5, 2, 6, 11, 15], "R": [[0.3475004127233162, -0.256061240269455, 0.9020399682878766], [-0.5987834530380676, 0.679707650673066, 0.42362233886365064], [-0.7215967291534333, -0.6873355445836988, 0.08287345550233151]], "T": [0.0026891826089088036, -0.08543752509265043, -0.06519932950804783], "aligned_model": [[0.29089670067845325, 0.06656385766763395, 0.5167127426372802, -0.5861558626392401, 0.4111816866860295, -0.3398488377010005, -0.30673834004011236, -0.7598476044540647, -0.48897647522970844, 0.2601125438158992, 0.7484087575047477, 0.45658817766738663, 0.08250459478643798, 0.5280108892532303, -0.28366857861655215, -0.003615896809313941], [-0.5274473431065756, 0.4298088812861103, 0.02081702902517632, 0.41451938578002445, -0.6423863306461188, -0.6103572617614704, -0.20665695960566866, -0.14925650934135162, 0.40553182214317396, -0.43068802511324766, -0.031671315674306616, 0.24047336668708721, 0.7060109322710794, 0.44586552093523724, -0.12228338502430819, -0.05153585707028226], [-0.5713897837084093, -0.4725819390771774, -0.5092308682763343, -0.4239934136723812, 0.07106310495835674, 0.17657912294309963, -0.5007444122871171, 0.05398014733812265, 0.3023846988765848, 0.5700527088963623, 0.05005545728152201, 0.5504470264976608, 0.2848922618342037, -0.05906472259270954, 0.5949936855198716, -0.04524263670151088]], "inverted": true, "swapped": false, "error_lsq": 0.03839598516525802, "error_max": 0.27357516080066413, "target": "96.xyz", "model": "19.xyz", "model_rescale": 4.410303926677745, "target_rescale": 4.1288267628137705},
{"mapping": [3, 6, 8, 1, 12, 0, 13, 7, 4, 9, 10, 11, 14, 15], "R": [[0.7251927844218914, 0.380958919096169, -0.5735553394255021], [-0.13480018191180954, -0.7383238135854873, -0.6608379962208031], [-0.6752216942449106, 0.5565503106221947, -0.484073770583959]], "T": [0.05266864005276123, -0.06261714298271061, 0.05468098891755076], "aligned_model": [[-0.048118387819498565, 0.18212004220871758, 0.459324150697572, -0.6849659028596189, -0.003150603122389628, -0.30821190178616104, -0.4939622261065985, 0.7923112065313489, 0.10692921073049533, 0.118920605312894, -0.45765191783178266, 0.05815946120036547, 0.5364197344072887, 0.0030644178982401557], [-0.04908637527157593, -0.6802838666658062, 0.27548734501357525, -0.0842829912118613, 0.6536862418768845, -0.801557369527378, 0.3856459353093206, -0.21034143295321828, -0.537775210699072, 0.06362482984669261, 0.03354496811586703, 0.5944707698867678, 0.23434472370438209, -0.06652910124337563], [-0.6237957578577528, -0.23239273260118964, -0.4034358553239785, -0.2747327498211048, -0.16663634491186963, 0.14924143362617076, 0.02641298403882269, -0.2750856320798877, 0.5828697181390106, 0.7237606936403111, 0.6410348293570236, 0.49294592436419854, 0.19786033261508057, 0.07876819554018655]], "inverted": true, "swapped": true, "error_lsq": 0.0469850236045955, "error_max": 0.2517432527010411, "target": "96.xyz", "model": "20.xyz", "model_rescale": 4.121658175737393, "target_rescale": 4.1288267628137705},
{"mapping": [12, 3, 1, 13, 2, 14, 6, 9, 5, 4, 0, 10, 15], "R": [[0.8756355502110595, 0.4751922720569427, -0.08634053384092494], [0.0022453174203063697, -0.1827723504872835, -0.983152697421431], [-0.48296722637903433, 0.8606895912433904, -0.16110892516874553]], "T": [-0.02513984309558799, -0.11654336266222351, 0.1063820616408341], "aligned_model": [[0.2550940134808539, -0.12568626058349258, 0.5105226296850334, 0.624548676133304, 0.40222460479174355, -0.2807526585624017, -0.4733689284957343, 0.16018237642904243, -0.7305993742469652, -0.11726143604997362, 0.009856471293225415, 0.6232740406661993, 0.02304875012345945], [-0.5682129586983431, 0.17567824303116977, 0.38900328360190184, -0.1865324301701555, 0.3056308899066359, -0.6427129905466946, 0.4107145984425927, -0.4977675671663163, -0.22884599668396866, 0.032392584685926956, 0.6067592702574724, -0.15742650234507172, -0.09785352015196688], [0.6380316181799001, 0.7188922686360306, 0.4389115232716334, 0.3775840706845415, -0.08734789644548939, 0.08381200895621169, 0.06430002146794968, -0.4305702553550721, -0.3102603827546077, -0.5842947283426253, -0.29463871185845103, -0.3310799982492482, 0.08677020129101533]], "inverted": false, "swapped": true, "error_lsq": 0.04804379768919155, "error_max": 0.273156193685842, "target": "96.xyz", "model": "21.xyz", "model_rescale": 4.08911054899281, "target_rescale": 4.1288267628137705},
{"mapping": [1, 11, 8, 15, 0, 4, 2, 3, 14, 7, 6, 10, 9, 5, 13, 16], "R": [[-0.4831154845589941, 0.42447065171124737, -0.7657833207997923], [0.0667146572461016, 0.8899282557421223, 0.4511949181233308], [0.8730112159003823, 0.166890279727769, -0.458256534535541]], "T": [0.03391398805242297, 0.023711807237264154, 0.01394093873024988], "aligned_model": [[0.149696861537125, 0.21527978750916765, 0.5926834090550392, -0.406735941065073, 0.27714435844450264, -0.3236144724146365, -0.4527274071252763, -0.759430019114329, -0.5109320376922711, 0.3168764178482497, 0.7207664409139313, 0.5094460214906853, 0.002660278935067824, 0.47140194270370717, -0.2398738486863402, 0.029486562867556142], [-0.29048335055010543, 0.42002589178274496, 0.055462815766943466, 0.3051649076831361, -0.7114346885108813, -0.5741606169199265, -0.2974232236340657, -0.17940735685311265, 0.32359017791810485, -0.24013582746767767, -0.24397844627602586, 0.3634732499107133, 0.6928805709198333, 0.5771835311797491, -0.29076543404249344, -0.019248250122377547], [-0.7056937674204713, -0.6152924229383292, -0.39536411336393384, -0.4941130053665607, 0.03580449030423045, 0.04578666460072912, -0.4118598055387394, 0.3031237784118344, 0.1721760706544851, 0.6106928779764355, 0.12412153921640123, 0.5703282646655778, 0.25639502292036653, 0.015488284631314254, 0.5266535787141104, 0.0339529803626943]], "inverted": false, "swapped": false, "error_lsq": 0.03961424287325746, "error_max": 0.2479296372093401, "target": "96.xyz", "model": "22.xyz", "model_rescale": 4.204369325754507, "target_rescale": 4.1288267628137705},
{"mapping": [4, 1, 0, 3, 7, 13, 12, 14, 10, 9, 8, 5, 2, 6, 11, 15], "R": [[0.3475004127233162, -0.256061240269455, 0.9020399682878766], [-0.5987834530380676, 0.679707650673066, 0.42362233886365064], [-0.7215967291534333, -0.6873355445836988, 0.08287345550233151]], "T": [0.0026891826089088036, -0.08543752509265043, -0.06519932950804783], "aligned_model": [[0.29089670067845325, 0.06656385766763395, 0.5167127426372802, -0.5861558626392401, 0.4111816866860295, -0.3398488377010005, -0.30673834004011236, -0.7598476044540647, -0.48897647522970844, 0.2601125438158992, 0.7484087575047477, 0.45658817766738663, 0.08250459478643798, 0.5280108892532303, -0.28366857861655215, -0.003615896809313941], [-0.5274473431065756, 0.4298088812861103, 0.02081702902517632, 0.41451938578002445, -0.6423863306461188, -0.6103572617614704, -0.20665695960566866, -0.14925650934135162, 0.40553182214317396, -0.43068802511324766, -0.031671315674306616, 0.24047336668708721, 0.7060109322710794, 0.44586552093523724, -0.12228338502430819, -0.05153585707028226], [-0.5713897837084093, -0.4725819390771774, -0.5092308682763343, -0.4239934136723812, 0.07106310495835674, 0.17657912294309963, -0.5007444122871171, 0.05398014733812265, 0.3023846988765848, 0.5700527088963623, 0.05005545728152201, 0.5504470264976608, 0.2848922618342037, -0.05906472259270954, 0.5949936855198716, -0.04524263670151088]], "inverted": true, "swapped": false, "error_lsq": 0.03839598516525802, "error_max": 0.27357516080066413, "target": "96.xyz", "model": "23.xyz", "model_rescale": 4.410303926677745, "target_rescale": 4.1288267628137705},
{"mapping": [1, 11, 7, 10, 0, 2, 3, 4, 8, 12, 13, 6, 15, 14, 5, 16], "R": [[-0.1645824219625071, -0.9782906094926612, 0.12593692770364368], [-0.4297005953414524, -0.04381350383882937, -0.901907852967567], [0.8878457212512525, -0.20255335163813598, -0.41316112473949074]], "T": [0.0827644451547445, 0.10384258520155842, -0.03353169653926161], "aligned_model": [[0.07117241083005901, 0.2918535102424645, 0.5685319059831211, -0.38637057217145476, 0.14256740056938214, -0.39916445636540626, -0.48872584524062895, -0.5591795968694947, -0.6633856615898434, 0.4581323820044485, 0.7584177418029946, 0.4724859023424004, -0.044587300623898776, 0.4454026609058569, -0.09911805668914177, 0.024095930076247933], [-0.2982415664924605, 0.4296840015973075, -0.22155479931686, 0.2733035501731048, -0.6480806152322529, -0.6364778858701378, -0.5167171803121897, -0.08321414607538866, 0.4417130662850941, -0.42222422321439124, 0.13059464759034733, 0.23794675515477717, 0.611504587548106, 0.6655980326990675, -0.08806628319270135, 0.014976009443137733], [-0.79150881312462, -0.5343616285847794, -0.34988183931024586, -0.45183692378950036, 0.004163372889203737, 0.19573689086455637, -0.3458703109361929, 0.1301814647664691, 0.035824078071612, 0.44451480731988247, 0.15872743514356638, 0.6052416178442415, 0.4516229335070516, 0.07170295411516212, 0.5371624204643886, -0.08921802141065133]], "inverted": true, "swapped": false, "error_lsq": 0.04366475238102997, "error_max": 0.2655445286479356, "target": "96.xyz", "model": "24.xyz", "model_rescale": 4.28219845311461, "target_rescale": 4.1288267628137705},
{"mapping": [12, 14, 11, 2, 9, 3, 13, 4, 0, 5, 10, 8, 6, 10, 1, 15], "R": [[-0.5885038155247965, -0.1422842642127634, 0.795875899415348], [-0.45947829512537564, 0.8688296833063893, -0.18443068539263718], [-0.6652390212708775, -0.4742258634481593, -0.5766861148106596]], "T": [-0.056445250786933, -0.12221291153227394, -0.04957214825031661], "aligned_model": [[0.31862035938336464, 0.26485190006304626, 0.46485624168149947, -0.400704360959946, 0.1515419097676334, -0.367119687692044, -0.28011251583584723, -0.7699471327998051, -0.5615550931467551, 0.5059880374325348, 0.5833911606570644, 0.3197853885213871, 0.0261135816485353, 0.5833911606570644, -0.14028382050671637, -0.10668877366390958], [-0.28853986319610186, 0.3835513535504563, -0.1810532975265904, 0.3771516567617795, -0.7624439714672201, -0.633827265092134, -0.22043450620021302, -0.18137280052450896, 0.4166863587917035, -0.40178414157711695, 0.3451516258521218, 0.17629235719578562, 0.7440869009513603, 0.3451516258521218, -0.15211576663298365, -0.07575631595390053], [-0.6946155835714004, -0.519801107285849, -0.19537898682388682, -0.3672208809461964, -0.11055751385464999, 0.44213659922632054, -0.5910903195275421, 0.09896655015595021, 0.29684637843572337, 0.5255707944587045, -0.006160460724770278, 0.45171735644339406, 0.18474773788556814, -0.006160460724770278, 0.5844265207789159, -0.021226186095367316]], "inverted": false, "swapped": false, "error_lsq": 0.05119247453374297, "error_max": 0.45480691546679547, "target": "96.xyz", "model": "25.xyz", "model_rescale": 4.100010024507729, "target_rescale": 4.1288267628137705},
{"mapping": [3, 1, 0, 10, 7, 5, 6, 9, 13, 14, 12, 15], "R": [[0.8135651294898003, -0.5552191157843669, 0.1727527526433958], [-0.5149981245742794, -0.5500801556809958, 0.6574106433660367], [-0.26997909504852297, -0.6238137188244559, -0.7334628364431175]], "T": [-0.007919490187177722, 0.07791733441813518, -0.0569868592484076], "aligned_model": [[-0.6213826777201336, -0.10809541984559758, 0.3194985560709475, 0.6690917272985484, -0.4977085262400457, 0.06804755439575125, -0.19955337281787494, 0.5803289416407684, 0.034755259811980244, -0.06347039054737746, -0.3341030418427032, 0.029356992158743312], [-0.20710080174406043, -0.7205195749255882, -0.2120184949038203, -0.25377975592834284, 0.7028882746656752, 0.8196713137259694, 0.14818193872005286, 0.3214319215380368, -0.4731502322535932, 0.5697625702636842, -0.0663529192047113, 0.037117150097337306], [0.05746567317228299, 0.01751699341397442, 0.6458244521625799, -0.26939660776014807, 0.1601712405933871, 0.30065262471649234, 0.6055993683947203, -0.3073035350580141, -0.4986287661965739, -0.36956350178963804, -0.7187859782205542, -0.05835967357415221]], "inverted": false, "swapped": true, "error_lsq": 0.041763794318801735, "error_max": 0.24009166827271816, "target": "96.xyz", "model": "26.xyz", "model_rescale": 3.6694154284099745, "target_rescale": 4.1288267628137705},
