[{"mapping": [4, 8, 3, 0, 6, 9, 2, 10, 1, 7, 4, 11], "R": [[-0.7336644849935625, 0.6688135415543657, -0.12010358068199939], [-0.5747301581659505, -0.7050590019186491, -0.4154239390165425], [-0.36252126662262507, -0.23575464035090624, 0.901664062053791]], "T": [-0.07924873290803257, -0.038758078088133585, 0.051404763737521016], "aligned_model": [[0.36347027844214513, -0.42107480062893465, 0.4687234557302301, -0.050420447826891625, -0.6072634724507089, 0.00980358562484672, -0.5546121642492513, 0.39645756370096463, -0.6816212479293665, -0.3318745473213501, 0.36347027844214513, -0.07648625890892788], [0.02109882415448311, -0.49898318170716083, -0.42731420848879365, 0.5203404316372972, -0.33459027134459507, -0.5742586859354102, 0.17210528216125337, 0.01479238146466924, 0.32982428178372797, 0.25858123107458947, 0.02109882415448311, 0.030451595254607555], [-0.6214737505476176, -0.2214528623544228, -0.09953604848363645, -0.21197553241916628, 0.44994991264001116, 0.32465411503973557, -0.5636696195969362, 0.5336880970729175, 0.1077515174782394, 0.9141752100235857, -0.6214737505476176, 0.04551870042681172]], "inverted": false, "swapped": false, "error_lsq": 0.06048847150104897, "error_max": 0.3958065981594417, "target": "960.xyz", "model": "0.xyz", "model_rescale": 3.751011558992144, "target_rescale": 3.7230208527316617},
{"mapping": [3, 2, 13, 7, 8, 5, 0, 10, 1, 4, 12, 14], "R": [[-0.4352681608957721, -0.510762074495738, -0.7413931017801707], [-0.7979137037172663, 0.6002649641467138, 0.054915337002872766], [0.4169836322094753, 0.6154706134940602, -0.6688202855735152]], "T": [-0.016500121434496293, 0.025293821077677726, 0.09002445881955935], "aligned_model": [[-0.013302109722989217, -0.3748549863908346, 0.3100886408017398, -0.022357459182905923, -0.5161972909723743, 0.07104463839160878, -0.5395615201558677, 0.33639949696249505, -0.5359235561029997, -0.3771328233323461, 0.5046823537184951, 0.035686838610879415], [-0.11788150234715963, -0.6261773788412669, -0.519732684736146, 0.5550366090986606, -0.29769891744290644, -0.5666839081396517, 0.13472977019907892, 0.0636642077801241, 0.4896895331989658, 0.20397846265903566, 0.18593255579629997, 0.028289756984117086], [-0.6602398206154018, -0.2717837340484346, -0.2618108529982797, -0.308742758904643, 0.38395758345623493, 0.26886609304745396, -0.4484317276125642, 0.8292425057369918, 0.07514267410222865, 0.770898766672783, -0.41449425102043524, 0.07355151091597038]], "inverted": true, "swapped": false, "error_lsq": 0.04715217570100997, "error_max": 0.3247540167706892, "target": "960.xyz", "model": "1.xyz", "model_rescale": 3.9405287249114394, "target_rescale": 3.7230208527316617},
{"mapping": [10, 4, 8, 11, 1, 2, 3, 5, 6, 0, 9, 12], "R": [[-0.8139701791534031, -0.5505724707384105, -0.18526333127194738], [-0.3501024926843904, 0.21045633900803806, 0.9127630437235671], [-0.4635523617296686, 0.8078230523055999, -0.3640619783752631]], "T": [-0.21443012995660532, -0.05161102230142263, 0.005866920861987543], "aligned_model": [[0.14381225271538994, -0.4267391855920711, 0.20064911639099114, 0.124974541064724, -0.6217600421306042, 0.10784739451813591, -0.4509884451307322, 0.31607724117882935, -0.5106382245496797, -0.3485879654065299, 0.5245330624957623, -0.1806075229293142], [0.15643228766104772, -0.6723524194843387, -0.461019224962868, 0.5737850543940218, -0.4823751371084063, -0.34914362858349823, -0.016157202538209556, 0.16779303646260113, 0.399859123530761, 0.3319566257107848, 0.0034039922981556475, -0.1190360031709], [-0.7288898387188424, -0.2417228701258243, -0.5048031418544385, -0.030167862057180715, 0.530986861828948, 0.5271932801984772, -0.5133467815333433, 0.45140038598620463, 0.06743936201248053, 0.739220534653897, -0.3123906092284607, 0.05123666756998676]], "inverted": false, "swapped": false, "error_lsq": 0.053254995717277515, "error_max": 0.2915685910116523, "target": "960.xyz", "model": "2.xyz", "model_rescale": 3.932901565614263, "target_rescale": 3.7230208527316617},
{"mapping": [9, 4, 5, 8, 2, 6, 7, 10, 3, 1, 9, 13], "R": [[-0.5099938623115083, 0.21428841072220745, -0.8330586638615198], [-0.01819369783808284, -0.9709429615326663, -0.23861842931582544], [-0.8599856102072678, -0.10653751677378998, 0.4990736496311017]], "T": [-0.14764143273179214, 0.09294149181128333, 0.07717017401279896], "aligned_model": [[0.31378080214079435, -0.6260011127174552, 0.16149239309873176, -0.01610992725737803, -0.5209466715007508, 0.11433495731921628, -0.3443196190201555, 0.3779129026639137, -0.4613724072364625, -0.3825041234593883, 0.31378080214079435, -0.05147577354695884], [0.09510020730987212, -0.6108408930778351, -0.4639702979499316, 0.6955905704714189, -0.5163072940780662, -0.47676338238306504, -0.005141432510254396, 0.08041488148002718, 0.49433442834989083, 0.11692228698138171, 0.09510020730987212, 0.028707222305840885], [-0.49456210643096693, -0.12053864172786072, -0.2561243231020054, -0.3206994988571404, 0.505724684872624, 0.3482734533304823, -0.6021235609369631, 0.5637718230868842, 0.043375733427367946, 0.7793333024091544, -0.49456210643096693, 0.08428722909129498]], "inverted": true, "swapped": false, "error_lsq": 0.054276100648708143, "error_max": 0.3344692562382453, "target": "960.xyz", "model": "3.xyz", "model_rescale": 3.9243930471874484, "target_rescale": 3.7230208527316617},
{"mapping": [1, 11, 5, 7, 11, 6, 9, 3, 8, 10, 0, 12], "R": [[0.2675231418348537, -0.8141335059497796, -0.5153814151409898], [0.7973852695141359, 0.48733464920804626, -0.355923687948891], [0.5409326210764865, -0.31573972536123945, 0.7795513615433761]], "T": [-0.09658060023957094, 0.08201429053327902, 0.052795350677434606], "aligned_model": [[0.08550678638331805, -0.5780854084675093, 0.29781653656461804, 0.0871802758900928, -0.5780854084675093, 0.14643761490939955, -0.6756469125870523, 0.4183491023469501, -0.5652523068963256, -0.44107671714362773, 0.6982126692767239, -0.01678400918417708], [0.12539135865556347, -0.5409061725965796, -0.4791630314610442, 0.7668575297598454, -0.5409061725965796, -0.5044273222329905, -0.03102076015442902, 0.09348460812288013, 0.5018970937616924, 0.11008890026757742, 0.013075179346880766, 0.018775293336334334], [-0.6364962520397652, 0.13189843313935154, -0.2683806315111788, -0.32155800779808213, 0.13189843313935154, 0.39709884566204284, -0.3339767721509707, 0.48600338796809334, 0.03325995079103189, 0.6673374251078236, -0.24194760689919667, -0.008981216676596807]], "inverted": false, "swapped": false, "error_lsq": 0.05482037680464352, "error_max": 0.3926473972795824, "target": "960.xyz", "model": "4.xyz", "model_rescale": 3.8936222436046832, "target_rescale": 3.7230208527316617},
{"mapping": [5, 2, 4, 6, 3, 10, 1, 7, 9, 8, 5, 11], "R": [[-0.39617731786436194, 0.6832019749230365, 0.613415515186128], [0.19261199773644344, -0.5913762581623405, 0.783054748794671], [0.8977439229188782, 0.4283797179409542, 0.10269696256000893]], "T": [-0.20245014904408942, -0.037889852282889706, 0.11886059846878379], "aligned_model": [[0.3416631298554811, -0.41908399994076195, 0.2394361349833275, 0.08448908698741986, -0.6419254564910333, 0.05862012380308235, -0.47670928504749743, 0.3746426470857501, -0.6033372907060846, -0.3078306178492164, 0.3416631298554811, -0.1130553799110478], [0.10350997728819031, -0.7072145767408903, -0.5624505648572453, 0.6469288209265874, -0.2717914435952053, -0.5150889784725944, 0.05697210686944668, 0.15576468201324906, 0.4274436017637088, 0.14363167819986689, 0.10350997728819031, -0.048068776474152745], [-0.4651922116171629, -0.13060413410682958, -0.2813857877969463, -0.1697531360571055, 0.40597300162679656, 0.44071569953811607, -0.6287301332725165, 0.34069241176355025, 0.18807201383066824, 0.8272444754002348, -0.4651922116171629, -0.025683998959737817]], "inverted": false, "swapped": false, "error_lsq": 0.05374954611477566, "error_max": 0.3738732709151127, "target": "960.xyz", "model": "5.xyz", "model_rescale": 3.6523030999806103, "target_rescale": 3.7230208527316617},
{"mapping": [1, 8, 6, 3, 9, 10, 5, 4, 7, 11, 2, 12], "R": [[0.3198911269584411, 0.7996295828321323, 0.5081950384970013], [0.7867010409963302, -0.523081636421181, 0.32785221325199243], [0.5279878208714186, 0.2949205518417619, -0.7963985993915368]], "T": [-0.11005640693034899, -0.06339034894930022, -0.052542692006864684], "aligned_model": [[0.20333600691624013, -0.48427906118253616, 0.18502874892141466, -0.019180373919527177, -0.5438427536437144, 0.2182086383339659, -0.5976926380063303, 0.2838764725499274, -0.5726597801864378, -0.2676261716943007, 0.6333887473433818, -0.15998561280718232], [0.04346297776411086, -0.5625780540652889, -0.6156334965081789, 0.6236667634173418, -0.407553724600945, -0.5221944574051784, 0.051137784468174005, 0.15230413038514623, 0.3993945835780777, 0.2927567469624101, 0.055031281963911174, 0.02335196824957078], [-0.6630690448427826, -0.3064563442037713, -0.2274046914301598, -0.1008621903342174, 0.4122624837880898, 0.4863579405670979, -0.5140594769504522, 0.3044228245012954, 0.14404389190694616, 0.7366974605746336, -0.1498938816651415, -0.08588298317963364]], "inverted": false, "swapped": false, "error_lsq": 0.048646981819236906, "error_max": 0.27475554278576614, "target": "960.xyz", "model": "6.xyz", "model_rescale": 4.08911054899281, "target_rescale": 3.7230208527316617},
{"mapping": [2, 3, 6, 13, 8, 4, 1, 5, 11, 10, 7, 14], "R": [[-0.4264494144345836, -0.7133414632833761, 0.5561338451210577], [-0.5804475840939272, -0.25572156189963285, -0.7731022473768495], [0.6937013039110739, -0.6524955475253024, -0.30500501866646695]], "T": [-0.13836494911081168, -0.005712417015572992, 0.011596325159443607], "aligned_model": [[0.14849968781850267, -0.29778760211699307, 0.10936355264651729, 0.006888875718679771, -0.5327662530968278, 0.07324963751480851, -0.5320465401709026, 0.4231062289277857, -0.53035004864336, -0.2913071735706308, 0.6019658632671159, -0.3002440056697944], [0.041064698162549394, -0.7723499581526924, -0.350003880349608, 0.6448589850262013, -0.3490206273931728, -0.5419009282484595, 0.16025806518943658, -0.011942050582968274, 0.410998419468159, 0.20544494893277013, 0.09727914280976122, -0.0015403106528253732], [-0.7405074741038494, -0.10374115571072086, -0.2515328145150768, -0.29098044124773864, 0.44947308565997934, 0.4172693916198427, -0.5845703149273923, 0.5265842254841929, 0.14286255637921733, 0.6833821104251211, -0.18987821761465784, -0.02220496271701316]], "inverted": true, "swapped": false, "error_lsq": 0.04394726595816984, "error_max": 0.2641844123585625, "target": "960.xyz", "model": "7.xyz", "model_rescale": 3.964800864290218, "target_rescale": 3.7230208527316617},
{"mapping": [1, 5, 8, 2, 10, 9, 3, 12, 6, 11, 7, 13], "R": [[0.9851338906549252, -0.15944198226689585, 0.06394897789561281], [0.1579947917223807, 0.6947681865715913, -0.7016657414443322], [0.06744526129901386, 0.7013383072518041, 0.7096306895206002]], "T": [-0.14016292985037496, 0.10257284015513571, -0.05556213730207093], "aligned_model": [[0.20920528747552128, -0.4011841926956584, 0.23362296419233478, 0.1415267760970074, -0.5423957301561517, 0.04899827700885781, -0.7982554038696439, 0.4382403073769807, -0.5723557041100115, -0.30807697364901887, 0.5531011761444808, -0.12385456118979754], [0.0009762553271729646, -0.6417967553633077, -0.5691167598911394, 0.6615503611181993, -0.5370309226724064, -0.3340841693047508, 0.10039239380361167, 0.11980113260156974, 0.4284101018677522, 0.19284464031399776, 0.08424551902244626, 0.026954707386005528], [-0.7118698957860119, -0.33278502340410865, -0.06878212261402228, -0.2719039233152155, 0.26731526039286596, 0.44183651639305277, -0.36031160324961486, 0.43005892730784195, 0.15311298803854428, 0.7511529304169757, -0.21650359746993988, -0.045164467978463484]], "inverted": false, "swapped": false, "error_lsq": 0.042947725107115586, "error_max": 0.24424183141446412, "target": "960.xyz", "model": "8.xyz", "model_rescale": 4.121658175737393, "target_rescale": 3.7230208527316617},
{"mapping": [3, 8, 11, 0, 6, 7, 2, 5, 1, 9, 10, 12], "R": [[-0.36984243273314615, 0.7168808665946373, 0.5910147189880721], [-0.8592231239900199, -0.021886828517547446, -0.51113265395421], [-0.3534857821056726, -0.6968520573607895, 0.62405529562786]], "T": [-0.08564133040977395, -0.04268845060210213, 0.047154564984975805], "aligned_model": [[0.13797549234265213, -0.5003042741416917, 0.22548925877031512, 0.018762277258112803, -0.6880656523768108, 0.1556197408252347, -0.47735207645935296, 0.3756934704525394, -0.5770758512096097, -0.25383300484726, 0.6094232085267544, -0.14776036651598218], [-0.02937246691874653, -0.6187434116520754, -0.520025521435459, 0.709692645683768, -0.2080950732030267, -0.5555483536404053, 0.052637575225285484, 0.22834824850110746, 0.4345611162258078, -0.08191580834366052, 0.10224281242819283, 0.01936474133836346], [-0.7094841814658496, -0.11645675086021115, -0.23280820367933322, -0.1574103777101993, 0.3470005847956181, 0.4131856096728318, -0.5183735873541664, 0.3560675228361193, -0.028056328124590663, 0.8616253085291976, -0.22184552108333658, 0.042711913175824706]], "inverted": false, "swapped": false, "error_lsq": 0.04545211431743638, "error_max": 0.2675744520345701, "target": "960.xyz", "model": "9.xyz", "model_rescale": 3.833441315466971, "target_rescale": 3.7230208527316617},
{"mapping": [4, 9, 7, 5, 8, 11, 2, 12, 13, 10, 6, 14], "R": [[-0.2650518975956191, -0.05170358018042281, 0.9628469407841975], [0.25998901467641683, 0.957745735198803, 0.12299926404694511], [-0.9285220534960639, 0.2829308157571932, -0.24040996166220285]], "T": [0.011834483249713729, 0.03491390444642386, 0.027169723310399078], "aligned_model": [[0.3273137586535736, -0.549796394662756, 0.11023566191046567, -0.17147498790224489, -0.5532463580055499, 0.12611005285630705, -0.5817374011913491, 0.47953648067917687, -0.6228594520825121, -0.2966248193320574, 0.6457755217207591, -0.03465984001891225], [0.14867347994590002, -0.4937113445407719, -0.6139691151491353, 0.5581826974182982, -0.3856538247725531, -0.48445531530674035, 0.05746524754716621, 0.0873911979649183, 0.51668460804156, 0.0359547778342214, 0.13194228906489006, -0.025358193838601953], [-0.6963246898422342, -0.22390044544966753, -0.08764321890666964, -0.360157799020196, 0.360884856863819, 0.45440945555407575, -0.3775698347427679, 0.40336253634147884, -0.00016412063066714375, 0.789144735205952, -0.19628904327864952, -0.0295964433625692]], "inverted": true, "swapped": false, "error_lsq": 0.04551253181297477, "error_max": 0.26065242948107215, "target": "960.xyz", "model": "10.xyz", "model_rescale": 4.2482417240324, "target_rescale": 3.7230208527316617},
{"mapping": [4, 6, 0, 9, 2, 1, 5, 8, 7, 3, 10, 11], "R": [[-0.667998876128032, -0.35191207179218204, -0.6556945898957993], [0.4353218888361217, 0.529834144365373, -0.7278534416795488], [0.603549794624965, -0.7716434884009242, -0.200733585173521]], "T": [-0.1045358001771565, -0.09021852570188651, 0.044772460262487566], "aligned_model": [[-0.07435324895853322, -0.3812501676176161, 0.47704013433338655, 0.09461883554820336, -0.6855093917185628, 0.14072985053742507, -0.6037495463618495, 0.26587364987060513, -0.42073984837075284, -0.3097658441921065, 0.46974068797847857, -0.09406288842377647], [-0.08781829664836585, -0.5382636356844479, -0.541946796702292, 0.6286962550524395, -0.41610372512663063, -0.5772750233592553, 0.13145989782659356, 0.16174369461291646, 0.49474447975253644, 0.14888633289245493, 0.14841075968871917, -0.019387438095516754], [-0.8298262092623817, -0.3336015298791672, -0.13285208058428033, -0.30566993332162856, 0.3673027830416818, 0.49395759183686644, -0.4708150516922754, 0.46449821334914715, 0.17279405551525084, 0.7922890969214632, -0.12334934629481789, -0.05857160089795401]], "inverted": false, "swapped": false, "error_lsq": 0.05256398425717593, "error_max": 0.3008748666957796, "target": "960.xyz", "model": "11.xyz", "model_rescale": 3.6694154284099745, "target_rescale": 3.7230208527316617},
{"mapping": [5, 1, 0, 7, 3, 4, 12, 11, 10, 8, 6, 13], "R": [[-0.41616491149338175, 0.8849066132247181, -0.20915796019483812], [0.37223688349169465, -0.0440685221330826, -0.9270909706848607], [-0.8296062132181128, -0.4636790390217847, -0.31105510727480085]], "T": [-0.10367340351211067, 0.04986056060069447, -0.004234104304322989], "aligned_model": [[0.23242865534058366, -0.5727476375087545, 0.11106358382207622, 0.0778249465577777, -0.3913535315221153, 0.15481986523918978, -0.5385149326041424, 0.35398076098095105, -0.5247875108679707, -0.38446887935730006, 0.4524504358442934, -0.09212353329968773], [0.18634522729299058, -0.6541199100822861, -0.5111310423885099, 0.7243586041293615, -0.5012474808117878, -0.5555475025719341, 0.0481349584660335, 0.17425126721778855, 0.5211906037645354, 0.15054725451959503, 0.015612457869963701, -0.06524793319659908], [-0.7204590230760415, -0.033463438867280496, -0.3914218004824153, -0.25776133492749104, 0.5913907535063346, 0.33390929250556173, -0.5264202465377852, 0.561547007731535, -0.06779263091949496, 0.691189465704377, -0.10122985788409566, -0.04333219802130002]], "inverted": true, "swapped": false, "error_lsq": 0.05071692948551044, "error_max": 0.26712577184785047, "target": "960.xyz", "model": "12.xyz", "model_rescale": 3.9764082729961374, "target_rescale": 3.7230208527316617},
{"mapping": [2, 3, 8, 0, 14, 11, 7, 12, 4, 6, 1, 15], "R": [[-0.06739362157104058, -0.99329607427852, 0.0939202246293121], [0.5812875621793643, -0.11559762534488006, -0.8054451930890123], [0.8109025032808266, 0.00031278987485655607, 0.5851811961566974]], "T": [0.0014998707927259963, 0.07374166207307636, 0.12824969964213895], "aligned_model": [[0.2132860834754498, -0.4953654054179586, 0.12738807502083227, -0.0974476353610922, -0.433586000032637, 0.05063979669268195, -0.4349670400940328, 0.5503676804591378, -0.5986942584314975, -0.4728316566017159, 0.5728600770272081, -0.10307749411147474], [0.07122482408053254, -0.5455455608091173, -0.47781708686102736, 0.5920970161230046, -0.4412323590415366, -0.7047580268811813, 0.12556462336172403, 0.1680749485059851, 0.4548168904940354, 0.18473772249844833, 0.051412342839450564, 0.054571169898833184], [-0.6407755142163838, -0.15112760828488575, -0.29552847718981823, -0.3703734561137634, 0.5575632006647028, 0.2768033960959175, -0.4864410480572514, 0.43979246320924587, 0.026208534870670486, 0.7167633208854662, -0.14810423012049062, 0.11137540698849471]], "inverted": false, "swapped": false, "error_lsq": 0.04677939635348899, "error_max": 0.22963592554895002, "target": "960.xyz", "model": "13.xyz", "model_rescale": 4.170626492500431, "target_rescale": 3.7230208527316617},
{"mapping": [8, 9, 10, 4, 3, 11, 0, 5, 2, 6, 12, 13], "R": [[0.2929902127006293, 0.7430241085502405, 0.6017241140047163], [0.1732649471957728, 0.5776609244423556, -0.7976760711251465], [-0.9402850596148418, 0.33796897858460917, 0.040508964188064385]], "T": [-0.2139025012825177, -0.04577647168399473, -0.1084712571630884], "aligned_model": [[0.19448229441383363, -0.23497696220942227, 0.13859287987136215, 0.0555836070738836, -0.6661515280489411, 0.024532005909391447, -0.6479442909947837, 0.4443851250484638, -0.624532038244076, -0.15198903633730027, 0.51366996006896, -0.16707979392647063], [0.1601967629484708, -0.8552305501593656, -0.4117038988427319, 0.6028662354638467, -0.25596035488042296, -0.46828526147413924, 0.1017999420598272, 0.07722567429939642, 0.4467936064257068, 0.17275608091686345, 0.028823432461215943, -0.06613516500951593], [-0.6935808008077058, -0.08304685156320567, -0.3537719487499597, -0.20697509698602423, 0.3677294961575849, 0.4056249978917064, -0.49016135844653524, 0.5069535566519134, 0.03880490778590516, 0.7014049761851424, -0.13638700488100988, -0.02043888450590757]], "inverted": false, "swapped": false, "error_lsq": 0.05032642278732871, "error_max": 0.3035872633599482, "target": "960.xyz", "model": "14.xyz", "model_rescale": 3.9786697098870705, "target_rescale": 3.7230208527316617},
{"mapping": [2, 5, 8, 0, 7, 7, 4, 9, 1, 6, 3, 11], "R": [[-0.6794666459466647, 0.7231388567618575, -0.12407768085817744], [0.5267181953989786, 0.5984828545382589, 0.6036441132483452], [0.5107768785699227, 0.34480206882339204, -0.7875395314861823]], "T": [-0.16682048860417364, -0.0016026278229579818, 0.020820945477778005], "aligned_model": [[0.13840874041564533, -0.279263989404645, 0.1544117611863679, 0.03735192098617357, -0.38382612224253465, -0.38382612224253465, -0.5441836379291333, 0.35159222790400124, -0.5935477602558823, -0.19136753464364437, 0.7132812234475966, -0.14045848459650936], [-0.04076772880845012, -0.6864377160681159, -0.3809001524929155, 0.5925788374706871, -0.4797117040805623, -0.4797117040805623, 0.011741766167879912, 0.1451992214816846, 0.48314168791682083, 0.20616454807726645, 0.12335423450708174, 0.038495214118336625], [-0.7910587431977032, -0.3829326288295325, -0.1378338858251003, -0.27762100791066885, 0.4223135002780013, 0.4223135002780013, -0.46118912783160115, 0.3324485123786802, 0.2296243828992066, 0.7847489093284918, -0.21360599687917908, 0.10894857404330821]], "inverted": true, "swapped": false, "error_lsq": 0.05696560115671573, "error_max": 0.4084161072486684, "target": "960.xyz", "model": "15.xyz", "model_rescale": 3.769337070930944, "target_rescale": 3.7230208527316617},
{"mapping": [6, 1, 3, 8, 0, 2, 10, 5, 7, 9, 11], "R": [[0.9303117020091699, -0.2967522880239778, -0.21554168194884224], [0.29635107479715794, 0.9544393814635349, -0.034950072647624834], [0.2160929836236499, -0.03136154753897059, 0.9758689849383421]], "T": [0.029010424363170723, 0.07318280628485892, 0.022934844262042314], "aligned_model": [[-0.4234353779748572, -0.12643608596686212, -0.07315948550330498, -0.6410243387216683, 0.35812053863758253, 0.3981785188194036, 0.6026428054318205, 0.11622415785628827, 0.29197009593617385, -0.5620740441722688, -0.01838065365113667], [-0.0758174625458231, -0.6718220421378821, 0.7206693709462276, 0.385626321571331, 0.179637467487269, -0.3210794470536161, 0.37281339479753944, -0.41793323918424863, 0.2961586179894623, 0.039704707438384626, 0.08810680831669815], [-0.5268064502809264, -0.25421301918251016, -0.23008973636901645, -0.026738954593287623, -0.7130316708219047, -0.12894568397019968, -0.15562492315102672, 0.4247132703872488, 0.6284602571938466, 0.7036522863442723, 0.022842231667280763]], "inverted": false, "swapped": true, "error_lsq": 0.05334698960807633, "error_max": 0.28942712934122233, "target": "960.xyz", "model": "16.xyz", "model_rescale": 3.7852294659196426, "target_rescale": 3.7230208527316617},
{"mapping": [3, 9, 8, 1, 10, 11, 0, 7, 4, 6, 2, 12], "R": [[-0.40798510164704543, 0.4726402923216913, -0.7811269492906492], [0.8836386072419646, 0.41960880198959444, -0.2076325241486474], [0.22963224648452862, -0.7749449060203724, -0.5888373493652939]], "T": [-0.07312394194250807, 0.025205066825727714, -0.03405819295179496], "aligned_model": [[0.12218406180040375, -0.46667368864151937, 0.080327433394286, 0.18911547938840265, -0.6838226222233964, 0.27405840818984706, -0.5450241293193809, 0.3304936433347402, -0.6270590245258323, -0.21542910153396774, 0.533599382296767, -0.11319761953544855], [0.21863485413812772, -0.7420134464057078, -0.5329216486825393, 0.6472955180017387, -0.2172341674852964, -0.5001833356344416, -0.0661479629480401, 0.19391734915200076, 0.46141860846854227, 0.052517677073611026, 0.06477066529570805, -0.046907606764551836], [-0.7803390195960245, -0.09534551088896032, -0.33264345061812683, -0.1700291850888161, 0.43233800648491333, 0.3419252066155257, -0.5185290309219941, 0.5137154973835887, -0.1023249891299712, 0.8413825524885123, -0.10045391775411128, 0.006459829757368224]], "inverted": true, "swapped": false, "error_lsq": 0.05354794697453271, "error_max": 0.25637609839025305, "target": "960.xyz", "model": "17.xyz", "model_rescale": 3.901054581598922, "target_rescale": 3.7230208527316617},
{"mapping": [3, 2, 13, 7, 8, 5, 0, 10, 1, 4, 12, 14], "R": [[-0.4352681608957721, -0.510762074495738, -0.7413931017801707], [-0.7979137037172663, 0.6002649641467138, 0.054915337002872766], [0.4169836322094753, 0.6154706134940602, -0.6688202855735152]], "T": [-0.016500121434496293, 0.025293821077677726, 0.09002445881955935], "aligned_model": [[-0.013302109722989217, -0.3748549863908346, 0.3100886408017398, -0.022357459182905923, -0.5161972909723743, 0.07104463839160878, -0.5395615201558677, 0.33639949696249505, -0.5359235561029997, -0.3771328233323461, 0.5046823537184951, 0.035686838610879415], [-0.11788150234715963, -0.6261773788412669, -0.519732684736146, 0.5550366090986606, -0.29769891744290644, -0.5666839081396517, 0.13472977019907892, 0.0636642077801241, 0.4896895331989658, 0.20397846265903566, 0.18593255579629997, 0.028289756984117086], [-0.6602398206154018, -0.2717837340484346, -0.2618108529982797, -0.308742758904643, 0.38395758345623493, 0.26886609304745396, -0.4484317276125642, 0.8292425057369918, 0.07514267410222865, 0.770898766672783, -0.41449425102043524, 0.07355151091597038]], "inverted": true, "swapped": false, "error_lsq": 0.04715217570100997, "error_max": 0.3247540167706892, "target": "960.xyz", "model": "18.xyz", "model_rescale": 3.9405287249114394, "target_rescale": 3.7230208527316617},
{"mapping": [4, 14, 13, 0, 10, 11, 12, 5, 1, 2, 7, 15], "R": [[0.23137882615247318, -0.8956891390351571, 0.37974307764956394], [0.38974592247691087, 0.44298414225239546, 0.8073804342597928], [-0.8913820475648617, -0.038807421034754375, 0.4515883405843269]], "T": [-0.07561987217047153, -0.0011517575455652976, -0.06593914073161333], "aligned_model": [[0.12856365098445532, -0.47836922463793097, 0.1248897452040435, -0.01584012955736583, -0.5077844654044252, 0.07618876315838627, -0.41549158622362603, 0.32491713516823717, -0.5317424380953332, -0.31963338307962663, 0.5829074869068254, -0.09003333179873857], [0.29659065538810286, -0.6612605707795417, -0.5986791496141678, 0.658422531571225, -0.35957655547383827, -0.5736154687764073, -0.057019343315193295, 0.15354661781846923, 0.46924892014000164, 0.2013996943664205, 0.006434055902158085, -0.002344883018077476], [-0.7018035704873253, -0.10822715149186185, -0.29850473242562825, -0.2504991512028494, 0.4842148972718663, 0.344490682092237, -0.49197328614279606, 0.6460307751853075, 0.012768109674675177, 0.7432305564488858, -0.31475578350769434, -0.028815356682912165]], "inverted": true, "swapped": false, "error_lsq": 0.041808893059868936, "error_max": 0.2889150308849378, "target": "960.xyz", "model": "19.xyz", "model_rescale": 4.410303926677745, "target_rescale": 3.7230208527316617},
{"mapping": [1, 5, 8, 2, 10, 9, 3, 12, 6, 11, 7, 13], "R": [[0.9851338906549252, -0.15944198226689585, 0.06394897789561281], [0.1579947917223807, 0.6947681865715913, -0.7016657414443322], [0.06744526129901386, 0.7013383072518041, 0.7096306895206002]], "T": [-0.14016292985037496, 0.10257284015513571, -0.05556213730207093], "aligned_model": [[0.20920528747552128, -0.4011841926956584, 0.23362296419233478, 0.1415267760970074, -0.5423957301561517, 0.04899827700885781, -0.7982554038696439, 0.4382403073769807, -0.5723557041100115, -0.30807697364901887, 0.5531011761444808, -0.12385456118979754], [0.0009762553271729646, -0.6417967553633077, -0.5691167598911394, 0.6615503611181993, -0.5370309226724064, -0.3340841693047508, 0.10039239380361167, 0.11980113260156974, 0.4284101018677522, 0.19284464031399776, 0.08424551902244626, 0.026954707386005528], [-0.7118698957860119, -0.33278502340410865, -0.06878212261402228, -0.2719039233152155, 0.26731526039286596, 0.44183651639305277, -0.36031160324961486, 0.43005892730784195, 0.15311298803854428, 0.7511529304169757, -0.21650359746993988, -0.045164467978463484]], "inverted": false, "swapped": false, "error_lsq": 0.042947725107115586, "error_max": 0.24424183141446412, "target": "960.xyz", "model": "20.xyz", "model_rescale": 4.121658175737393, "target_rescale": 3.7230208527316617},
{"mapping": [1, 8, 6, 3, 9, 10, 5, 4, 7, 11, 2, 12], "R": [[0.3198911269584411, 0.7996295828321323, 0.5081950384970013], [0.7867010409963302, -0.523081636421181, 0.32785221325199243], [0.5279878208714186, 0.2949205518417619, -0.7963985993915368]], "T": [-0.11005640693034899, -0.06339034894930022, -0.052542692006864684], "aligned_model": [[0.20333600691624013, -0.48427906118253616, 0.18502874892141466, -0.019180373919527177, -0.5438427536437144, 0.2182086383339659, -0.5976926380063303, 0.2838764725499274, -0.5726597801864378, -0.2676261716943007, 0.6333887473433818, -0.15998561280718232], [0.04346297776411086, -0.5625780540652889, -0.6156334965081789, 0.6236667634173418, -0.407553724600945, -0.5221944574051784, 0.051137784468174005, 0.15230413038514623, 0.3993945835780777, 0.2927567469624101, 0.055031281963911174, 0.02335196824957078], [-0.6630690448427826, -0.3064563442037713, -0.2274046914301598, -0.1008621903342174, 0.4122624837880898, 0.4863579405670979, -0.5140594769504522, 0.3044228245012954, 0.14404389190694616, 0.7366974605746336, -0.1498938816651415, -0.08588298317963364]], "inverted": false, "swapped": false, "error_lsq": 0.048646981819236906, "error_max": 0.27475554278576614, "target": "960.xyz", "model": "21.xyz", "model_rescale": 4.08911054899281, "target_rescale": 3.7230208527316617},
{"mapping": [10, 12, 9, 6, 3, 14, 7, 11, 0, 2, 5, 16], "R": [[-0.5388730209144253, 0.7890062745087456, 0.2951016199826626], [-0.7545520822509983, -0.2963489386751861, -0.5855155520708001], [-0.37452239252312314, -0.5381880761703303, 0.755040775168358]], "T": [-0.08040111886784652, 0.03913822697970871, 0.12506519184133905], "aligned_model": [[0.10306039759385553, -0.29522331482418973, 0.32803998034796295, -0.09297646857978926, -0.6727909390007751, -0.11688636350927005, -0.46968023017820554, 0.6016217225787367, -0.5885923573494958, -0.31497342018431046, 0.5228352756402519, -0.12586205990986998], [-0.07532056089456968, -0.5447043538313835, -0.47593336289680455, 0.6174164295595526, -0.5157364100170723, -0.5782460399939573, 0.12364253313578055, 0.2113731754830371, 0.62174897718918, 0.07775116549221223, 0.019020001308538738, 0.052134949674637526], [-0.6523513419877662, -0.272362500941163, -0.14957045285173579, -0.34504150833641456, 0.43404296048342883, 0.29631962175165766, -0.46410115457360335, 0.4268482207174378, 0.07622077506604027, 0.8067826595710288, -0.24021574563676365, 0.11958445546975748]], "inverted": false, "swapped": false, "error_lsq": 0.04679413998350723, "error_max": 0.2113602150947641, "target": "960.xyz", "model": "22.xyz", "model_rescale": 4.204369325754507, "target_rescale": 3.7230208527316617},
{"mapping": [4, 14, 13, 0, 10, 11, 12, 5, 1, 2, 7, 15], "R": [[0.23137882615247318, -0.8956891390351571, 0.37974307764956394], [0.38974592247691087, 0.44298414225239546, 0.8073804342597928], [-0.8913820475648617, -0.038807421034754375, 0.4515883405843269]], "T": [-0.07561987217047153, -0.0011517575455652976, -0.06593914073161333], "aligned_model": [[0.12856365098445532, -0.47836922463793097, 0.1248897452040435, -0.01584012955736583, -0.5077844654044252, 0.07618876315838627, -0.41549158622362603, 0.32491713516823717, -0.5317424380953332, -0.31963338307962663, 0.5829074869068254, -0.09003333179873857], [0.29659065538810286, -0.6612605707795417, -0.5986791496141678, 0.658422531571225, -0.35957655547383827, -0.5736154687764073, -0.057019343315193295, 0.15354661781846923, 0.46924892014000164, 0.2013996943664205, 0.006434055902158085, -0.002344883018077476], [-0.7018035704873253, -0.10822715149186185, -0.29850473242562825, -0.2504991512028494, 0.4842148972718663, 0.344490682092237, -0.49197328614279606, 0.6460307751853075, 0.012768109674675177, 0.7432305564488858, -0.31475578350769434, -0.028815356682912165]], "inverted": true, "swapped": false, "error_lsq": 0.041808893059868936, "error_max": 0.2889150308849378, "target": "960.xyz", "model": "23.xyz", "model_rescale": 4.410303926677745, "target_rescale": 3.7230208527316617},
{"mapping": [4, 1, 10, 5, 7, 11, 0, 14, 12, 13, 8, 16], "R": [[-0.20488423369487424, 0.442135698549205, -0.8732344901867258], [0.9066191122334943, -0.2504966741544812, -0.33954852609088804], [-0.36886886032330646, -0.861259217835113, -0.3495258553781605]], "T": [-0.012698994072979114, -0.009639121319448222, 0.0433046300078092], "aligned_model": [[0.16837266286033836, -0.4187896165905637, 0.3337268325382866, -0.03350282645031909, -0.5667299249256283, 0.11518203483958808, -0.6835890268028213, 0.29319458538450927, -0.6114225071735075, -0.3163843516014103, 0.6624291234096296, -0.06391476286320083], [0.13287205884071918, -0.7360791461130712, -0.463421631563678, 0.5629835492625439, -0.2753815379530925, -0.5209264008362786, 0.08548616285616537, 0.07377335514995473, 0.524469491310354, 0.2157744233326693, -0.00461896739943932, -0.06178485267769537], [-0.60537710364586, -0.16576628200880356, -0.2695124512533677, -0.21606481908343472, 0.2970004958443566, 0.39395152769735736, -0.2902273105622474, 0.641319234202859, 0.09264000837796968, 0.6358842122913483, -0.42561272976197184, -0.05207879336630194]], "inverted": true, "swapped": false, "error_lsq": 0.046267066795895345, "error_max": 0.21555098141568055, "target": "960.xyz", "model": "24.xyz", "model_rescale": 4.28219845311461, "target_rescale": 3.7230208527316617},
{"mapping": [12, 7, 9, 14, 4, 3, 13, 8, 2, 0, 11, 15], "R": [[-0.7313228586787001, -0.4429180981154528, 0.5186428778415879], [-0.3921300088883215, 0.8952424281845406, 0.21160115998616946], [-0.5580330926596191, -0.04862667107707209, -0.82839272954119]], "T": [-0.007139557957342446, -0.024212210415798095, 0.055014401626880635], "aligned_model": [[0.10038874490689775, -0.4142405727804407, 0.24957530023282148, 0.024063768364162852, -0.5861193649149714, -0.019334525960521126, -0.4108633038892943, 0.4899149441025496, -0.5174833185395796, -0.40501811262078846, 0.41580230971819654, -0.048113645994131274], [0.1091803074954493, -0.6224327130283034, -0.5386054856750186, 0.6622458080834298, -0.31494693731887186, -0.7192960794887168, -0.02054728024657731, 0.20913661657473717, 0.4318725950482313, 0.23475081864146288, 0.10506419351335963, -0.0032753393900304822], [-0.690011772733093, -0.23124946220205256, -0.3004721998525074, -0.27353752145258636, 0.39398973219477573, 0.3967087717441645, -0.3807724295125332, 0.4797863449717278, 0.07278855835900001, 0.7184787769751141, -0.2626093682689925, 0.11305655850888732]], "inverted": false, "swapped": false, "error_lsq": 0.038097431642293095, "error_max": 0.21623526937255605, "target": "960.xyz", "model": "25.xyz", "model_rescale": 4.100010024507729, "target_rescale": 3.7230208527316617},
{"mapping": [4, 6, 0, 9, 2, 1, 5, 8, 7, 3, 10, 11], "R": [[-0.667998876128032, -0.35191207179218204, -0.6556945898957993], [0.4353218888361217, 0.529834144365373, -0.7278534416795488], [0.603549794624965, -0.7716434884009242, -0.200733585173521]], "T": [-0.1045358001771565, -0.09021852570188651, 0.044772460262487566], "aligned_model": [[-0.07435324895853322, -0.3812501676176161, 0.47704013433338655, 0.09461883554820336, -0.6855093917185628, 0.14072985053742507, -0.6037495463618495, 0.26587364987060513, -0.42073984837075284, -0.3097658441921065, 0.46974068797847857, -0.09406288842377647], [-0.08781829664836585, -0.5382636356844479, -0.541946796702292, 0.6286962550524395, -0.41610372512663063, -0.5772750233592553, 0.13145989782659356, 0.16174369461291646, 0.49474447975253644, 0.14888633289245493, 0.14841075968871917, -0.019387438095516754], [-0.8298262092623817, -0.3336015298791672, -0.13285208058428033, -0.30566993332162856, 0.3673027830416818, 0.49395759183686644, -0.4708150516922754, 0.46449821334914715, 0.17279405551525084, 0.7922890969214632, -0.12334934629481789, -0.05857160089795401]], "inverted": false, "swapped": false, "error_lsq": 0.05256398425717593, "error_max": 0.3008748666957796, "target": "960.xyz", "model": "26.xyz", "model_rescale": 3.6694154284099745, "target_rescale": 3.7230208527316617},
{"mapping": [5, 4, 0, 7, 10, 2, 8, 6, 9, 11, 1, 13], "R": [[0.0825924450031165, -0.7214255189598804, -0.6875490590655149], [0.9520979399376768, 0.26094399319315964, -0.15942943637496934], [0.2944282608630484, -0.6414463757866872, 0.708419752826871]], "T": [-0.12233948918992514, 0.051155620428461286, 0.020123582327314645], "aligned_model": [[0.19208505925838448, -0.42985453063318363, 0.24784832915557492, -0.04923411025353351, -0.644403377605377, 0.07057152164262227, -0.6184042695046463, 0.47731081087083255, -0.5680383875075266, -0.4070104085545086, 0.7134028236251481, -0.10570123786888572], [-0.028949130307344036, -0.676746610378749, -0.4592228969551064, 0.5613260806272421, -0.1994855825676164, -0.4243763104585501, 0.04797642158879529, 0.14128378578526207, 0.519112959207824, -0.057409843729373265, 0.09980828796838145, 0.009829343428385588], [-0.7014711321515134, -0.20598128661841136, -0.17839113066668968, -0.34113841377741605, 0.18297014712330395, 0.4659759915500508, -0.38269997564328695, 0.34181732371942203, 0.23745272577422097, 0.8222155202655466, -0.260615367958376, 0.05602158711505312]], "inverted": false, "swapped": false, "error_lsq": 0.04512981174890863, "error_max": 0.3321250347177911, "target": "960.xyz", "model": "27.xyz", "model_rescale": 4.103607728864725, "target_rescale": 3.7230208527316617},
{"mapping": [4, 11, 13, 1, 6, 10, 7, 3, 5, 9, 2, 14], "R": [[-0.30631678545399854, 0.6875557232242236, 0.6583594416507932], [0.2678871633052236, -0.6013930686445392, 0.7527036898558326], [0.9134585347378446, 0.4069318179350439, 2.9439272702491692e-05]], "T": [-0.05082455488796799, -0.15781601041484458, 0.06074037432925768], "aligned_model": [[0.3424800924907976, -0.4595686280478961, 0.17746039541735187, -0.04659211655715983, -0.632616047182851, -0.01629964660198071, -0.6022622990369493, 0.536481330096934, -0.5935006385840087, -0.3720141478266417, 0.5520826810258735, -0.007078752568568637], [-0.007805578209145542, -0.663240344694768, -0.5690048123719467, 0.6534359199908633, -0.26766186122728886, -0.4283367106661239, 0.09599965460501811, 0.13734771087673295, 0.31774990771353817, 0.10162178871826108, 0.177800357337656, -0.014759527863645039], [-0.7420158848890942, -0.1618259268792029, -0.38499753471918985, -0.3196715391982468, 0.28595096778447865, 0.49132353441468646, -0.3285863112213107, 0.42334350126312453, 0.1810738114151527, 0.7676018882213715, -0.19457359867541554, 0.018533081215550078]], "inverted": true, "swapped": false, "error_lsq": 0.041911205072890145, "error_max": 0.21127747662450763, "target": "960.xyz", "model": "28.xyz", "model_rescale": 4.137296879288765, "target_rescale": 3.7230208527316617},
{"mapping": [2, 5, 9, 8, 3, 7, 10, 1, 6, 0, 11], "R": [[-0.9886828546301736, 0.13731508945896764, -0.06042167795755681], [-0.14955715727174201, -0.8705157723278714, 0.4688655957064936], [0.011784297566100825, 0.47259586999389386, 0.8812004732157083]], "T": [0.070107516442956, -0.011969971961124003, -0.053353710593688125], "aligned_model": [[0.3148254376709977, 0.18550934669839148, -0.30679811464410145, -0.5285748264890973, 0.006719285321917762, 0.5225820450153998, 0.6120716230347799, -0.2729980063738674, -0.5346358599982817, 0.1951544030318818, 0.027563677441877737], [-0.30144247894369586, -0.6332305542802495, -0.3391475401906996, 0.30122166957496127, 0.6816597990456592, -0.09196194393719476, 0.3255723688082088, -0.5479511578826498, 0.11216753714928643, 0.4100231652589455, 0.002236952045380318], [0.36030594172828245, -0.15797118311557534, -0.8048687484361917, -0.35753370371086124, -0.14586670011975916, -0.5771810796742514, 0.15414632332351114, 0.44765482078058505, 0.3313528042627806, 0.6304429271779711, -0.07472738043349247]], "inverted": true, "swapped": true, "error_lsq": 0.04668689543258417, "error_max": 0.216623377004261, "target": "960.xyz", "model": "29.xyz", "model_rescale": 3.607286011436655, "target_rescale": 3.7230208527316617},
