[{"mapping": [1, 7, 3, 4, 6, 9, 14, 13, 11, 12, 8, 15], "R": [[0.6942797074123914, -0.42241303935846825, -0.5827031079849373], [-0.15722655317601547, -0.8791053463516822, 0.4499484425934582], [-0.7023215067558118, -0.2207736718810241, -0.6767595488446514]], "T": [-0.01565987420517547, -0.018932856432473853, 0.015845761633785684], "aligned_model": [[-0.30035297165675934, 0.1662246156531311, 0.4111877903714313, -0.05027261865531651, -0.017927923118064147, -0.5266841085648644, 0.3326394698240254, -0.3056841256769723, 0.7055976121185219, 0.09130669262270555, -0.6375925800786859, -0.03079939037860377], [-0.3385132927640341, -0.6465499106179509, -0.2186735289454057, 0.738380965272538, 0.2910072688266381, -0.5026966338580069, -0.3349323533359495, -0.4654268004477122, 0.17198805016336247, 0.4246213171618911, -0.07726749872350155, 0.011617453245188543], [-0.5469705877608277, -0.07451855385086334, -0.5381434823729534, -0.09135158314774464, -0.5614748640190153, 0.07776990091831623, 0.5355526299295237, 0.6552572786738107, -0.08323030171477386, 0.3601296100727599, 0.4347582747229124, 0.01417342390241819]], "inverted": true, "swapped": true, "error_lsq": 0.040251268124095275, "error_max": 0.26961159186092665, "target": "961.xyz", "model": "0.xyz", "model_rescale": 3.751011558992144, "target_rescale": 4.255332091664751},
{"mapping": [0, 1, 5, 8, 3, 4, 7, 9, 6, 12, 11, 14, 13, 10, 15], "R": [[0.29420741047040827, -0.6600324601865478, 0.6912301723191707], [0.8991903740673984, 0.4362473492496927, 0.03383668803457268], [-0.32388064284367024, 0.6115925128488007, 0.7218420377190988]], "T": [0.0556116880247106, -0.021758734298381883, 0.08933430029003148], "aligned_model": [[-0.1026954463106425, 0.05094884918154856, -0.4110454464586515, 0.376319228724157, -0.10277582951000135, -0.6382146225740566, 0.5235682052503672, 0.5381596098220407, -0.5113387164438006, -0.14575374263601332, -0.2160057556406738, 0.5694397859356389, 0.7942449438969637, -0.21589288887000113, 0.030128036722159655], [0.10663648602860146, -0.4875046143881378, 0.3222209414978386, 0.5243975198032857, -0.7188583464705542, 0.29828436898072286, -0.4859143114115889, -0.007043366363061094, -0.29625469089537226, 0.4178099750366224, -0.3019755687380508, 0.06096083899608628, 0.352604304951121, 0.7644746947424267, -0.0010808819428342192], [-0.7304752256632012, -0.44264604829595583, -0.3732290505330355, -0.3163144815313416, 0.22336740248563983, 0.13823215419401202, 0.11629987258548216, -0.42635816678086064, -0.09118256535011193, 0.3942028502197576, 0.7329038073949714, 0.5588036837852746, 0.008147942009128606, -0.022021505008499753, 0.07993573534071657]], "inverted": false, "swapped": true, "error_lsq": 0.041678735122449864, "error_max": 0.2639982255130435, "target": "961.xyz", "model": "1.xyz", "model_rescale": 3.9405287249114394, "target_rescale": 4.255332091664751},
{"mapping": [0, 10, 8, 11, 12, 9, 6, 4, 14, 7, 2, 1, 15], "R": [[-0.1635553565442065, 0.9861297947430995, 0.028243110055907628], [0.4336505564169428, 0.09757898380744512, -0.895782081110346], [-0.886113333758709, -0.13426231727122462, -0.4435952996775186]], "T": [-0.024331885130302114, -0.08822397054043626, 0.02043462762868031], "aligned_model": [[-0.43486691099185576, 0.3081766957882063, -0.3614986320845747, 0.5159747481742579, 0.4435996845215212, -0.6968804319542182, 0.16080219539724638, 0.5711025731887971, -0.03238402390623407, -0.45591450068220746, -0.0012849777164366354, -0.5133431677203274, -0.007499972730243297], [0.6477542318104733, 0.45995223184069334, 0.2481813791827707, -0.5180253097510813, -0.021227712190580825, 0.024498469897985403, 0.24791332244590922, 0.3907043561849085, -0.6821354941906614, -0.5547085460787581, -0.8391763829160078, 0.11400389709692052, -0.05890184976055443], [0.07901123074910044, -0.5210621409196566, -0.5616658277696095, 0.3201324275902916, -0.30091419704347305, -0.16390164949739722, 0.5515694717000118, 0.06838252704391706, -0.3516777333387914, 0.19729454566182164, 0.2908446417898659, 0.48938655823440147, 0.015720495388162115]], "inverted": false, "swapped": true, "error_lsq": 0.04891294029867233, "error_max": 0.26058844345244353, "target": "961.xyz", "model": "2.xyz", "model_rescale": 3.932901565614263, "target_rescale": 4.255332091664751},
{"mapping": [1, 7, 3, 9, 6, 4, 11, 5, 8, 10, 14, 13, 12, 15], "R": [[-0.252366142910002, 0.04408064850925203, 0.9666272427051351], [0.5573678477467336, -0.8099701870760371, 0.18245377043564606], [0.7909819291304337, 0.5848121001441516, 0.17983991579759018]], "T": [0.08346374289894556, -0.12168582408703661, -0.025795916283496968], "aligned_model": [[-0.266684660852323, 0.4507424398276476, 0.22407800048183438, -0.06243810238234354, -0.33430483965746605, -0.3249927438169058, 0.4980888644990259, -0.6133387288676901, -0.15809975452744388, -0.297271109340169, 0.7378115305497652, 0.3696765361668425, 0.13867021833053295, 0.057872261641396555], [0.092239154715015, 0.1780835174614841, -0.4326059456699171, 0.5591750142162091, -0.5332918327890921, -0.6712096034548991, -0.739069240839994, -0.20184361508448828, 0.44766480158583083, -0.16391385444959705, 0.05933023071685693, 0.5893043484152893, -0.3859631103983295, -0.13440322607388014], [-0.6016225021262378, -0.48448485719923606, -0.6681008719275272, -0.14474519070992195, -0.31805784525272984, 0.31684157687951897, -0.1415670082648926, 0.21523685313193916, 0.4021969066774275, 0.7208871632970484, 0.14834628063584956, 0.29807629336466884, 0.4780128575962703, -0.00712329304507997]], "inverted": false, "swapped": true, "error_lsq": 0.03941722560658062, "error_max": 0.23042867354102922, "target": "961.xyz", "model": "3.xyz", "model_rescale": 3.9243930471874484, "target_rescale": 4.255332091664751},
{"mapping": [14, 12, 2, 7, 3, 13, 9, 11, 6, 5, 1, 0, 15], "R": [[-0.9706071234204542, -0.15292378724980818, 0.18583898207493169], [-0.2403747003502754, 0.6541860887912911, -0.7171196306499136], [-0.011908626998386018, -0.7407124114831131, -0.6717166873599948]], "T": [-0.05646752130248946, -0.016307829079506037, -0.1655118781434953], "aligned_model": [[0.004131643368316881, -0.3471339287891968, 0.6119646047801842, 0.3599637369267971, 0.65053073287924, -0.4761243273562226, -0.2803638744931447, 0.4487371710345933, 0.1674523372925314, -0.5154540027264541, 0.1895789567401962, -0.4584084321843681, -0.07766873116112034], [-0.5441272411914123, 0.19236343084142524, -0.3331916533748456, -0.5053693988061565, 0.10511830469229523, -0.7335490177631685, -0.4768521854402873, 0.21666728757511677, 0.5444410773114877, 0.4833440874652478, -0.011483223960608108, 0.18003497412313466, 0.010433112209358133], [-0.6226745991600139, -0.6112504388151706, -0.46612025472878515, -0.015329881703977338, -0.04547642460247131, -0.2075979684336516, 0.3210855718397695, -0.6724339967597189, 0.089022384783399, 0.1340463369215605, 0.497347014831898, 0.5510962072266916, -0.16464363602856588]], "inverted": false, "swapped": true, "error_lsq": 0.039148798936983406, "error_max": 0.24798110380117813, "target": "961.xyz", "model": "4.xyz", "model_rescale": 3.8936222436046832, "target_rescale": 4.255332091664751},
{"mapping": [4, 12, 5, 6, 8, 13, 14, 7, 3, 11, 1, 15], "R": [[-0.9729792037264923, 0.032255770732310875, -0.22862859482187692], [0.05283572060758837, -0.932815779004626, -0.3564591267843619], [-0.22476622465049823, -0.3589070738986034, 0.9059060969890337]], "T": [-0.09784070532109673, -0.02117529211934389, -0.008269768404557672], "aligned_model": [[-0.04447934736814494, -0.3341058033016619, -0.25789341787511355, 0.37388130093589744, -0.790413364663715, -0.7806787798604637, -0.3291902455956426, 0.09201235793286927, 0.604135127513252, 0.3812969929127163, 0.21851519015497317, -0.10553196856986934], [-0.4483939201773727, -0.5195543308721413, 0.06228244601338624, 0.015136056908929819, 0.24209525062854503, 0.19260280627161494, -0.2508296030934528, 0.3085577125476856, 0.06358937970720102, -0.56537269295188, 0.5995327335406028, -0.030722933413311452], [-0.6413972016039603, -0.15830528698581128, -0.7276262080084784, -0.461620587131369, -0.1375858447498517, 0.4164055019081841, 0.6122136171215566, 0.5306020195699288, 0.16215390369600677, 0.19361008581650602, -0.12903628879490403, -0.04012899156228909]], "inverted": false, "swapped": true, "error_lsq": 0.04407092932419009, "error_max": 0.25556926272305314, "target": "961.xyz", "model": "5.xyz", "model_rescale": 3.6523030999806103, "target_rescale": 4.255332091664751},
{"mapping": [10, 5, 6, 12, 11, 8, 1, 14, 9, 7, 3, 2, 15], "R": [[0.34167137438339534, -0.8472843015052669, -0.40665708447006577], [0.8422136845850747, 0.08402444761896723, 0.5325561019272615], [-0.4170572879408705, -0.5244513367559092, 0.7423031819616202]], "T": [0.08086035812009065, -0.06264148274260013, 0.05201856427337403], "aligned_model": [[0.14083303331177233, -0.14290317763594568, 0.10813092736831023, 0.4717961802448243, 0.7559970444350028, -0.37315455023228905, -0.44354056170397427, 0.3256285515175876, -0.5764148471302154, -0.10681397287431835, 0.2113779135768189, 0.4267306855618067, 0.0834156782249141], [-0.5307336438734854, -0.004998940020768963, 0.5074204153722538, -0.3564144468512785, 0.21219406160483084, -0.6197174107512983, 0.40488139489644354, -0.49432043081830673, -0.26095686562456105, 0.047585853367732675, 0.5703092124119093, 0.12919483258930675, -0.06361712813959501], [0.7459716336576799, 0.7567617581988481, 0.3739702352835038, 0.34795799754703227, -0.13542502413917612, 0.27389192494572817, -0.027794293964566126, -0.4429613962678199, -0.11431866232850993, -0.5707005728408651, -0.28165482799308034, -0.641634667585257, 0.08604563496827125]], "inverted": true, "swapped": true, "error_lsq": 0.05368296437904142, "error_max": 0.3128200871203233, "target": "961.xyz", "model": "6.xyz", "model_rescale": 4.08911054899281, "target_rescale": 4.255332091664751},
{"mapping": [4, 6, 11, 10, 8, 13, 12, 14, 0, 5, 9, 1, 7, 3, 15], "R": [[0.828431651688923, -0.2889908072823546, -0.47977631432393203], [-0.24379987754099, 0.5851326591983501, -0.7734218711999722], [0.5042446015486549, 0.7576965648897723, 0.4142864918909108]], "T": [0.11418588950542331, -0.014446048714750269, -0.04741465827224163], "aligned_model": [[0.03137262788168847, 0.19504717206922972, 0.8202888617258453, -0.4198117617921062, -0.5689379959440988, -0.251618849049581, 0.11127141943568383, 0.38302573735686357, -0.5956877362067339, -0.41117383143074937, -0.3524149820587603, -0.025669188210987473, 0.3671079531218704, 0.6566260974127021, 0.0969080154886879], [-0.7003206684085757, -0.5963878104220314, -0.20310305455835867, -0.3052128792367474, 0.24920905440013405, 0.7051258713951966, -0.18161878997658526, 0.5517593908572157, -0.2724175759691683, -0.5372048033107972, 0.4017222456222502, -0.07909345789808753, 0.45787926775650223, -0.14849253381049535, -0.041085440271338536], [-0.37746239286698335, 0.24271008913619535, -0.22715432348171327, -0.6258427128016215, -0.21922460699129714, -0.2492094591157582, -0.5940025286746962, -0.3611022105508047, 0.3309558834884108, -0.07527502727224174, 0.2813638947421439, 0.6426616620656946, 0.3374100667972512, 0.4181919440913466, -0.059950246483846135]], "inverted": true, "swapped": true, "error_lsq": 0.053401961303199665, "error_max": 0.3246134911058507, "target": "961.xyz", "model": "7.xyz", "model_rescale": 3.964800864290218, "target_rescale": 4.255332091664751},
{"mapping": [3, 11, 2, 6, 7, 4, 1, 14, 12, 8, 5, 9, 13, 15], "R": [[0.2475428499780309, 0.021185609160852395, 0.9686452949295928], [0.023900168702183845, -0.9995902034155267, 0.015754592083362367], [0.9685821180265314, 0.019250849336837055, -0.24794774739660197]], "T": [0.00954053516383529, -0.05131866719312224, 0.09705304911618853], "aligned_model": [[-0.20557834524459237, 0.14427707688914293, 0.40287677238604797, -0.5901460383138428, 0.24462491479358392, -0.38025598291089047, -0.4533021392199643, 0.7024030283404047, 0.17185231325245492, 0.13129441055513397, -0.5316907431829024, 0.03901021003826985, 0.5953125631359528, -0.009490151057926033], [0.048521793128720334, -0.5104709280454225, 0.03061993276914439, -0.21217611641428713, 0.44160170269481847, -0.6837412854112053, 0.4616509814361471, -0.022656780893857704, -0.5550535914848496, 0.18640345465190122, -0.22888299006858576, 0.582994998176394, 0.3435757660615062, -0.07143847041922173], [-0.5905188360421033, -0.4838983138739743, -0.5929867552985868, -0.1123939005305149, -0.2729681492929208, 0.2822930119077963, -0.0532228854932594, -0.004845949265058172, 0.3129686168050251, 0.8001569542125236, 0.5720218550715834, 0.4065453295794358, 0.536652314854228, 0.11701174609084661]], "inverted": false, "swapped": true, "error_lsq": 0.04753211592699099, "error_max": 0.2770967891404318, "target": "961.xyz", "model": "8.xyz", "model_rescale": 4.121658175737393, "target_rescale": 4.255332091664751},
{"mapping": [0, 9, 8, 10, 1, 6, 7, 11, 14, 3, 4, 12, 15], "R": [[0.2760777118416811, 0.24794644068004576, 0.9286030689042323], [0.5460120949902812, 0.7546507032457672, -0.36383115344207867], [-0.7909815984892353, 0.607474179405813, 0.0729604838707116]], "T": [0.03281414402801933, -0.04995110039757715, -0.0150793934245873], "aligned_model": [[-0.6064904646850431, -0.06927793491413162, 0.1269013084662359, 0.10427686576152234, -0.540118151856428, -0.5230589889480945, 0.13435049914088754, 0.24361481098020452, 0.6962573390905277, -0.22797077959601822, -0.19540435851689458, 0.31396521144310047, 0.019692140069328557], [0.12891889638463144, -0.3336367405231739, 0.1934429864346185, 0.7426688711630302, -0.43520756267924937, 0.058209845279383, -0.6999347865115945, -0.1021611331631759, -0.27538039085527144, -0.5168794311496364, 0.6183069187364202, 0.4304849536866617, -0.018444987390933643], [-0.5375057344118322, -0.6539122545720529, -0.7204855450366312, -0.28139596383550064, -0.16762479902932448, 0.3145770943945245, -0.06368412821976444, 0.7055567226375563, -0.03205307826836529, 0.47783896192148867, 0.28082780877112623, 0.11472351430555972, -0.015787164697695564]], "inverted": false, "swapped": true, "error_lsq": 0.03804625103624158, "error_max": 0.18234116279208376, "target": "961.xyz", "model": "9.xyz", "model_rescale": 3.833441315466971, "target_rescale": 4.255332091664751},
{"mapping": [6, 3, 9, 13, 7, 1, 2, 14, 10, 8, 4, 12, 11, 0, 15], "R": [[-0.12068126259019812, 0.992587209641245, -0.01437581706349328], [0.6368277674698658, 0.08851990767812318, 0.7659077101870717], [0.7615027428965588, 0.08327579000684371, -0.6427897909579413]], "T": [-0.016608713536051797, 0.007187832922817551, 0.0514757449127197], "aligned_model": [[0.1768798187044951, -0.046299691259216805, -0.6777660497255821, -0.4643996544227805, -0.47769864796414485, -0.502465285127482, -0.042104303645980945, -0.051311685750315465, 0.3575548707540739, -0.32222825046044523, 0.6042589809869386, 0.4607154156260266, 0.4920490803130872, -0.38530881340631784, 0.001969233672176527], [-0.6133048665279894, -0.4875388393623643, 0.12758841759593065, 0.6994631578119607, 0.03033209263700784, -0.5058265786964619, 0.06096667591022087, 0.5863114361104106, 0.2847747067346045, 0.40375389406870243, -0.22607921529268762, 0.2768698237371399, -0.09226738754250563, -0.3437610956352219, -0.00018068225376810954], [0.1346510291941471, -0.480843062811611, 0.269150813515428, 0.16352994794364026, -0.4197049629689385, 0.07800240095288319, -0.7447905875945446, -0.34181155465173396, 0.7494907843411649, 0.6127448181266053, 0.43399806774703925, 0.2131755259204919, -0.494285309359865, 0.725663571951721, 0.07915042551566494]], "inverted": false, "swapped": true, "error_lsq": 0.047423964225941986, "error_max": 0.3381012872928116, "target": "961.xyz", "model": "10.xyz", "model_rescale": 4.2482417240324, "target_rescale": 4.255332091664751},
{"mapping": [13, 14, 11, 3, 10, 4, 12, 6, 7, 0, 9, 15], "R": [[0.9399001563154479, -0.1527010990205311, 0.3054014906907281], [-0.340596811474688, -0.35611944685104047, 0.870156739666932], [-0.02411448053499743, -0.9218792295807684, -0.3867262311973373]], "T": [0.013610285890178639, 0.02650087360470378, -0.05039378641782195], "aligned_model": [[-0.7307349536385713, -0.270726577186837, 0.5086283531846556, 0.68049866046286, -0.4666155492004708, 0.17806944803181662, -0.1605946768273177, 0.5317384014869311, 0.10919690418186642, -0.139923137143649, -0.3733975798447579, 0.010626308856480977], [-0.31331367606823785, -0.5605123503374643, -0.22966409566940754, -0.22792476676375373, 0.6241808004985343, 0.6502378581882696, 0.2060179166329809, 0.41931154106620805, -0.5327013810503949, 0.6253713109972693, -0.053966433547491796, 0.05909466610412711], [-0.2013713769037898, 0.20618245422173814, 0.45538861941578995, -0.19013224522028446, 0.29083884374729363, 0.36206093279666635, 0.46355152376104675, -0.13169671042583467, -0.387004660663879, -0.6260810517422369, -0.6358488947028386, -0.04069514442931523]], "inverted": true, "swapped": true, "error_lsq": 0.047208556674587177, "error_max": 0.24541348943468133, "target": "961.xyz", "model": "11.xyz", "model_rescale": 3.6694154284099745, "target_rescale": 4.255332091664751},
{"mapping": [10, 0, 1, 9, 8, 4, 12, 11, 7, 2, 3, 14, 6, 15], "R": [[-0.6193364132240613, 0.44215600934066085, -0.6487838397021742], [0.4314898008088653, 0.8820490645213019, 0.18922473298969752], [0.6559260316931178, -0.16274984233798198, -0.7370709123051061]], "T": [0.0723795589160759, 0.022289479621176445, -0.009495931273173212], "aligned_model": [[0.12567192917355563, -0.021898231906277973, -0.11025187797413187, 0.5246019765611855, 0.5801239396674653, -0.44428816175972424, 0.05545560953291521, -0.2880757470313497, 0.32485375252266874, 0.11738892025374316, -0.34315093590161677, 0.5770544569728052, -0.5560976355736486, 0.05687685571822018], [-0.6186987725909725, 0.31054401493779427, 0.6689770054314416, 0.44394189435238973, -0.08167182344352834, -0.47840917572520614, -0.5490454428991082, -0.19263425710522858, 0.5213132236790905, 0.23971835697293542, 0.44219190533426334, -0.12723377988335233, 0.14904396162249411, 0.0029501774532415016], [-0.548543090052517, -0.7979470465967599, -0.2294619749916136, -0.35112714414548385, -0.5545451088979938, -0.2713524956324221, -0.011368329171781925, 0.6152912167123701, 0.34033678346003154, 0.7574989201034287, 0.4147866493761025, 0.4533316675006643, -0.1448356792947707, -0.032968908716838635]], "inverted": true, "swapped": true, "error_lsq": 0.03963769494925453, "error_max": 0.29150104741755756, "target": "961.xyz", "model": "12.xyz", "model_rescale": 3.9764082729961374, "target_rescale": 4.255332091664751},
{"mapping": [9, 5, 14, 6, 7, 0, 4, 13, 1, 12, 2, 3, 8, 10, 11, 15], "R": [[0.5115090963304725, 0.8316770949953347, 0.2160362331445921], [0.8068770293334482, -0.5513420697460334, 0.21206456955887215], [0.2954791090842349, 0.06584171768932741, -0.9530776276392736]], "T": [0.02397768437088548, -0.09022468172851805, -0.06871647305096569], "aligned_model": [[0.30908877985021393, -0.24015529460663732, -0.5600745315027293, -0.696272506135807, -0.011354206092027024, 0.19672704912438016, -0.4354650101870899, -0.20257608731178428, 0.6543253938234795, 0.3139283168304533, 0.6184064964870357, -0.22541973001495108, 0.3742164740676882, 0.566624027340548, 0.005998962625938874, -0.05423893907260293], [-0.34723777678203105, -0.5087367711748242, -0.014649194127909604, -0.3449750327436942, 0.5933719542325341, 0.16097202092238028, 0.15926438269092622, -0.5132395628798816, -0.1602909847054359, -0.6484891921068228, 0.4004734633260032, 0.6063307640627389, 0.37460452734600314, -0.21344012061802092, 0.050731529878363296, -0.016486370409302134], [-0.5314853772820227, -0.7454034806390121, 0.47163470385357303, -0.0678635768384467, -0.3888430038821972, -0.7276290674493742, -0.561191181976861, 0.3110365322666399, -0.03592841674977086, 0.03844183104459299, -0.2739705392039994, 0.3325999706064227, 0.332431172126496, 0.5113695559474786, 0.7125343258115151, -0.0745040488785324]], "inverted": true, "swapped": false, "error_lsq": 0.04616748179407884, "error_max": 0.35730143346646165, "target": "961.xyz", "model": "13.xyz", "model_rescale": 4.170626492500431, "target_rescale": 4.255332091664751},
{"mapping": [5, 8, 1, 9, 6, 2, 7, 10, 4, 13, 12, 14, 11, 15], "R": [[0.13985948084804592, 0.8665668484872752, -0.47906285883978394], [-0.9576086124244702, 0.24143120618017375, 0.1571518949706535], [0.2518433462043338, 0.43677553707278305, 0.8635983205098223]], "T": [-0.022178296642936524, 0.0925330767045087, 0.050394693540213434], "aligned_model": [[0.4835395898671168, -0.0886519409167102, -0.31913277381815514, -0.5025584723425874, 0.30759757626272693, -0.4421371470277611, -0.6481084630530969, 0.5797398127960263, 0.7387104160824625, -0.48758889323114396, 0.4080587144180218, -0.3595430392948567, 0.1646931260629824, 0.008564516286618189], [-0.27469329489823757, -0.6556677636100392, 0.13970121991741946, -0.3735255116610132, 0.38389189649067856, 0.7034414929763924, 0.3006771689867823, -0.47082836381937676, 0.11096489639699586, -0.48034402369546403, 0.0037682360766651407, 0.1278136096425847, 0.760755747949191, 0.08011915717308778], [-0.34891716868409567, 0.08870489999468734, -0.5895562912389068, -0.1755080255305545, -0.4351205398745216, 0.3470556654666227, 0.04420538871505926, 0.20722687279563945, -0.03280489913871913, 0.4344816641968775, 0.4160864175503698, 0.6637491248922612, 0.3420053131899259, 0.04226467878622102]], "inverted": false, "swapped": true, "error_lsq": 0.05225977693073109, "error_max": 0.3748399621896155, "target": "961.xyz", "model": "14.xyz", "model_rescale": 3.9786697098870705, "target_rescale": 4.255332091664751},
{"mapping": [6, 5, 11, 3, 12, 14, 0, 8, 7, 1, 10, 15], "R": [[0.6136288385315436, 0.25195946977187084, -0.7483154910294902], [-0.6153279054640952, -0.4413021195756466, -0.6531646101980814], [-0.49480422116186396, 0.861260044847269, -0.11575801428014307]], "T": [0.1294849546815244, 0.05655737845959735, -0.022314279585152273], "aligned_model": [[-0.08659422246110776, -0.5946646094859706, 0.5475415968086853, 0.5718060863263372, -0.07324260906239646, 0.609864858907043, -0.5112879191836682, -0.2939739387581194, 0.6760212975656316, 0.11241567852328524, -0.5725425934162369, 0.09801097100385378], [-0.44555811488508884, -0.08929018202544409, 0.09755598385062131, -0.4601475525962731, 0.49065819686770246, 0.5499142119012479, -0.3432751604169995, 0.36550292191511624, -0.12556793033251148, -0.5910659994296108, 0.5073029689084285, 0.058645146467250664], [-0.38364093324390514, -0.08858380400134788, -0.6468356793877182, -0.2799329477918265, -0.33403776920975864, 0.10844323094825528, 0.35607468061583875, 0.5170614071999149, 0.29905659910911636, 0.26094648083028676, -0.11321856987174361, -0.03536620132328217]], "inverted": true, "swapped": true, "error_lsq": 0.05151188493321642, "error_max": 0.29326821792314606, "target": "961.xyz", "model": "15.xyz", "model_rescale": 3.769337070930944, "target_rescale": 4.255332091664751},
{"mapping": [7, 14, 1, 9, 3, 11, 6, 12, 5, 8, 15], "R": [[0.5280006973079214, -0.7434355609541738, 0.41051045096452965], [0.09844237720590104, 0.5337039127506416, 0.8399221582293841], [-0.8435190347659023, -0.4030678605686744, 0.35498160200803625]], "T": [0.005378153803980023, -0.010193537089366551, 0.0268813413192263], "aligned_model": [[-0.34456176444362246, -0.3313417746649628, -0.08896070447979584, -0.6155597974700517, 0.31135370896646686, 0.5159461349312421, 0.5181784330704187, 0.22077943925000285, 0.23038910814070204, -0.5161754718166782, 0.02257881920744924], [0.0074651429737612116, -0.5942296774327515, 0.6331248441191041, 0.32505402099054315, 0.15363856425557354, -0.42203984139887385, 0.3942933866567618, -0.38676293342994705, 0.4062406890514184, 0.08168341678052884, -0.002403114940776385], [-0.5320292673685769, -0.1649123514677286, -0.25094180095901064, 0.059329684067702004, -0.6122879239755694, -0.3421473550666163, -0.025970642544230052, 0.3990523982215139, 0.5978527572209001, 0.560951894428599, 0.05532021466679367]], "inverted": true, "swapped": true, "error_lsq": 0.03386478115108733, "error_max": 0.17155148511290513, "target": "961.xyz", "model": "16.xyz", "model_rescale": 3.7852294659196426, "target_rescale": 4.255332091664751},
{"mapping": [7, 11, 6, 3, 14, 12, 10, 4, 1, 9, 8, 0, 15], "R": [[0.1411407301668225, 0.6731974973348066, 0.725868048525439], [-0.9898449690986592, 0.10849245475890902, 0.09184946603252611], [-0.016918375750948844, -0.7314605367636309, 0.6816738602289298]], "T": [-0.07499877760769794, 0.03723922043986029, -0.04143837187993474], "aligned_model": [[0.06132635291944338, -0.4961456022378149, 0.2639399892442441, 0.13170216414584987, -0.580471516123617, -0.5220770147618717, -0.2990290564236676, -0.1923417020712577, 0.6062387152470123, 0.3296618445862205, 0.011164606471342486, 0.6131150083474918, -0.07331793912709256], [-0.22462017012538144, -0.5710376808128744, -0.28112549838250867, -0.6562221978739275, 0.047716293508673555, 0.20785373554452286, 0.6665774033076789, 0.07610222413789652, -0.1140891154179149, 0.42777538754480915, 0.7756626784086982, 0.4692301672477188, 0.051232396615483455], [-0.6313501976878595, 0.09681423745653397, 0.42022335301144664, -0.11482317598818183, -0.5268772306513693, 0.2711720193846411, 0.46652003325576086, 0.7141632707691116, -0.1552771669538098, -0.4689182456829747, -0.15544531339845685, 0.18989986465353437, -0.010346751025202626]], "inverted": true, "swapped": true, "error_lsq": 0.043720835619160764, "error_max": 0.2469713421228248, "target": "961.xyz", "model": "17.xyz", "model_rescale": 3.901054581598922, "target_rescale": 4.255332091664751},
{"mapping": [0, 1, 5, 8, 3, 4, 7, 9, 6, 12, 11, 14, 13, 10, 15], "R": [[0.29420741047040827, -0.6600324601865478, 0.6912301723191707], [0.8991903740673984, 0.4362473492496927, 0.03383668803457268], [-0.32388064284367024, 0.6115925128488007, 0.7218420377190988]], "T": [0.0556116880247106, -0.021758734298381883, 0.08933430029003148], "aligned_model": [[-0.1026954463106425, 0.05094884918154856, -0.4110454464586515, 0.376319228724157, -0.10277582951000135, -0.6382146225740566, 0.5235682052503672, 0.5381596098220407, -0.5113387164438006, -0.14575374263601332, -0.2160057556406738, 0.5694397859356389, 0.7942449438969637, -0.21589288887000113, 0.030128036722159655], [0.10663648602860146, -0.4875046143881378, 0.3222209414978386, 0.5243975198032857, -0.7188583464705542, 0.29828436898072286, -0.4859143114115889, -0.007043366363061094, -0.29625469089537226, 0.4178099750366224, -0.3019755687380508, 0.06096083899608628, 0.352604304951121, 0.7644746947424267, -0.0010808819428342192], [-0.7304752256632012, -0.44264604829595583, -0.3732290505330355, -0.3163144815313416, 0.22336740248563983, 0.13823215419401202, 0.11629987258548216, -0.42635816678086064, -0.09118256535011193, 0.3942028502197576, 0.7329038073949714, 0.5588036837852746, 0.008147942009128606, -0.022021505008499753, 0.07993573534071657]], "inverted": false, "swapped": true, "error_lsq": 0.041678735122449864, "error_max": 0.2639982255130435, "target": "961.xyz", "model": "18.xyz", "model_rescale": 3.9405287249114394, "target_rescale": 4.255332091664751},
{"mapping": [2, 5, 7, 9, 14, 10, 11, 8, 1, 6, 3, 13, 12, 0, 4, 15], "R": [[-0.08287509258729298, -0.9929131473144772, -0.0851774672005855], [-0.08396138470138798, -0.07821082795293632, 0.9933949628772745], [-0.993016719349515, 0.08947931761572286, -0.07688463312880822]], "T": [0.042724881487010306, 0.05064013392152564, 0.03562557566926934], "aligned_model": [[0.29689712448792677, -0.26181793102160206, -0.4865018504125234, -0.6909054170365366, 0.026220143748479557, 0.1702449014021865, -0.4244654968937411, -0.11727743875709909, 0.6735011000432717, 0.31152153619008355, 0.7246699944466838, -0.43128203332522635, 0.3287579234187823, 0.36306071441284543, 0.07972548785809154, 0.051410436664486754], [-0.4197797975631371, -0.6092269722589109, -0.10569329532541652, -0.15831808570447323, 0.7301919444643654, 0.2092266691209228, 0.19017955467062053, -0.6559005593859031, -0.1412339700114673, -0.6385430349088608, 0.43451829824362376, 0.5262818355572406, 0.46140200252025854, -0.36234430927708416, 0.07930472844454911, 0.03813862832469941], [-0.6495217383901926, -0.368220583516711, 0.4727805528617669, -0.04883088942085344, -0.33542144627851045, -0.7236457805142822, -0.494916696261322, 0.2535055007498424, 0.006900772393825312, -0.06953322716512807, -0.3005544545839855, 0.05592980545602554, 0.25833356483429065, 0.48228323179484917, 0.7653339590424367, -0.001193172245549469]], "inverted": false, "swapped": false, "error_lsq": 0.03641988801066326, "error_max": 0.24959791796457018, "target": "961.xyz", "model": "19.xyz", "model_rescale": 4.410303926677745, "target_rescale": 4.255332091664751},
{"mapping": [3, 11, 2, 6, 7, 4, 1, 14, 12, 8, 5, 9, 13, 15], "R": [[0.2475428499780309, 0.021185609160852395, 0.9686452949295928], [0.023900168702183845, -0.9995902034155267, 0.015754592083362367], [0.9685821180265314, 0.019250849336837055, -0.24794774739660197]], "T": [0.00954053516383529, -0.05131866719312224, 0.09705304911618853], "aligned_model": [[-0.20557834524459237, 0.14427707688914293, 0.40287677238604797, -0.5901460383138428, 0.24462491479358392, -0.38025598291089047, -0.4533021392199643, 0.7024030283404047, 0.17185231325245492, 0.13129441055513397, -0.5316907431829024, 0.03901021003826985, 0.5953125631359528, -0.009490151057926033], [0.048521793128720334, -0.5104709280454225, 0.03061993276914439, -0.21217611641428713, 0.44160170269481847, -0.6837412854112053, 0.4616509814361471, -0.022656780893857704, -0.5550535914848496, 0.18640345465190122, -0.22888299006858576, 0.582994998176394, 0.3435757660615062, -0.07143847041922173], [-0.5905188360421033, -0.4838983138739743, -0.5929867552985868, -0.1123939005305149, -0.2729681492929208, 0.2822930119077963, -0.0532228854932594, -0.004845949265058172, 0.3129686168050251, 0.8001569542125236, 0.5720218550715834, 0.4065453295794358, 0.536652314854228, 0.11701174609084661]], "inverted": false, "swapped": true, "error_lsq": 0.04753211592699099, "error_max": 0.2770967891404318, "target": "961.xyz", "model": "20.xyz", "model_rescale": 4.121658175737393, "target_rescale": 4.255332091664751},
{"mapping": [10, 5, 6, 12, 11, 8, 1, 14, 9, 7, 3, 2, 15], "R": [[0.34167137438339534, -0.8472843015052669, -0.40665708447006577], [0.8422136845850747, 0.08402444761896723, 0.5325561019272615], [-0.4170572879408705, -0.5244513367559092, 0.7423031819616202]], "T": [0.08086035812009065, -0.06264148274260013, 0.05201856427337403], "aligned_model": [[0.14083303331177233, -0.14290317763594568, 0.10813092736831023, 0.4717961802448243, 0.7559970444350028, -0.37315455023228905, -0.44354056170397427, 0.3256285515175876, -0.5764148471302154, -0.10681397287431835, 0.2113779135768189, 0.4267306855618067, 0.0834156782249141], [-0.5307336438734854, -0.004998940020768963, 0.5074204153722538, -0.3564144468512785, 0.21219406160483084, -0.6197174107512983, 0.40488139489644354, -0.49432043081830673, -0.26095686562456105, 0.047585853367732675, 0.5703092124119093, 0.12919483258930675, -0.06361712813959501], [0.7459716336576799, 0.7567617581988481, 0.3739702352835038, 0.34795799754703227, -0.13542502413917612, 0.27389192494572817, -0.027794293964566126, -0.4429613962678199, -0.11431866232850993, -0.5707005728408651, -0.28165482799308034, -0.641634667585257, 0.08604563496827125]], "inverted": true, "swapped": true, "error_lsq": 0.05368296437904142, "error_max": 0.3128200871203233, "target": "961.xyz", "model": "21.xyz", "model_rescale": 4.08911054899281, "target_rescale": 4.255332091664751},
{"mapping": [15, 11, 6, 8, 4, 2, 1, 5, 14, 9, 3, 6, 13, 12, 10, 16], "R": [[0.8452587107954572, -0.07629275916271966, 0.5288829045485787], [0.20817411685527304, -0.8645428892912908, -0.45741570769639534], [0.49213946081972415, 0.4967343429592988, -0.714880230268585]], "T": [0.030418890443348, 0.00190178787325275, -0.0474826235495925], "aligned_model": [[0.22172375987159113, -0.3367673237247329, -0.5580889030022018, -0.632571831418712, 0.21238295092804288, 0.16347186732143304, -0.48632305014785737, -0.213132572940268, 0.6357327937130639, 0.325899534773653, 0.7948814670762412, -0.5580889030022018, 0.4380994113732667, 0.5984291252322651, -0.025957493575568064, 0.03406836274809385], [-0.3426730208752678, -0.5560346864372105, 0.20606588911001533, -0.19528853686509468, 0.6267744879404358, 0.2626576506458384, 0.11274267941803688, -0.5813889149174272, -0.18355852455072902, -0.5781882927374206, 0.3617558625435269, 0.20606588911001533, 0.4631705194679726, -0.029381086104683173, -0.2432038550190641, 0.048687576182082345], [-0.6608158657622879, -0.4213465092317609, 0.3618335444323281, -0.09566245973116154, -0.2979130036364132, -0.7074501339217751, -0.6396738467719837, 0.26586015149049297, -0.1524689891931547, 0.24188617014760078, -0.24843246098539695, 0.3618335444323281, 0.19284572711995818, 0.42300144738671974, 0.7192509262330112, -0.03951884325200373]], "inverted": false, "swapped": false, "error_lsq": 0.052861159155655486, "error_max": 0.35016572980577304, "target": "961.xyz", "model": "22.xyz", "model_rescale": 4.204369325754507, "target_rescale": 4.255332091664751},
{"mapping": [2, 5, 7, 9, 14, 10, 11, 8, 1, 6, 3, 13, 12, 0, 4, 15], "R": [[-0.08287509258729298, -0.9929131473144772, -0.0851774672005855], [-0.08396138470138798, -0.07821082795293632, 0.9933949628772745], [-0.993016719349515, 0.08947931761572286, -0.07688463312880822]], "T": [0.042724881487010306, 0.05064013392152564, 0.03562557566926934], "aligned_model": [[0.29689712448792677, -0.26181793102160206, -0.4865018504125234, -0.6909054170365366, 0.026220143748479557, 0.1702449014021865, -0.4244654968937411, -0.11727743875709909, 0.6735011000432717, 0.31152153619008355, 0.7246699944466838, -0.43128203332522635, 0.3287579234187823, 0.36306071441284543, 0.07972548785809154, 0.051410436664486754], [-0.4197797975631371, -0.6092269722589109, -0.10569329532541652, -0.15831808570447323, 0.7301919444643654, 0.2092266691209228, 0.19017955467062053, -0.6559005593859031, -0.1412339700114673, -0.6385430349088608, 0.43451829824362376, 0.5262818355572406, 0.46140200252025854, -0.36234430927708416, 0.07930472844454911, 0.03813862832469941], [-0.6495217383901926, -0.368220583516711, 0.4727805528617669, -0.04883088942085344, -0.33542144627851045, -0.7236457805142822, -0.494916696261322, 0.2535055007498424, 0.006900772393825312, -0.06953322716512807, -0.3005544545839855, 0.05592980545602554, 0.25833356483429065, 0.48228323179484917, 0.7653339590424367, -0.001193172245549469]], "inverted": false, "swapped": false, "error_lsq": 0.03641988801066326, "error_max": 0.24959791796457018, "target": "961.xyz", "model": "23.xyz", "model_rescale": 4.410303926677745, "target_rescale": 4.255332091664751},
{"mapping": [7, 11, 8, 9, 6, 13, 14, 10, 0, 1, 12, 15, 5, 3, 4, 16], "R": [[0.4534836825101917, -0.16929501565206434, 0.875038140524379], [0.8105971326720146, -0.32981233254955017, -0.4838968007769149], [0.37051968665767826, 0.928742710858929, -0.012334456838618807]], "T": [0.015375140108199365, -0.036992282215044164, -0.07975598566619752], "aligned_model": [[0.40705517382211825, -0.29854616251049493, -0.4594907164194173, -0.6014954660173248, 0.010960873749435624, 0.13967142442748282, -0.45237263397175265, -0.2760442153080687, 0.7646128213306888, 0.3485992738384613, 0.640712137677668, -0.4694809003473184, 0.20923151077501242, 0.48292425904036684, 0.0812562278034769, 0.08616558733577517], [-0.32009551513008405, -0.47077259777755576, -0.02965676487201005, -0.10341325433753107, 0.6568612160600937, 0.24208681365217508, 0.17095739681679073, -0.49242557375522045, -0.0692585154010247, -0.8274015366308997, 0.42876453483812593, 0.4773022098359523, 0.48293090446966613, -0.48206030779982356, 0.022948862441040663, -0.10856423549866817], [-0.5362318419666308, -0.4174089735153099, 0.5911801333079243, 0.006724609781660951, -0.3903134311471657, -0.7128846580413255, -0.522609167712395, 0.28278949082090815, 0.009617379037738585, -0.10321311259651457, -0.27520434616840267, 0.018884707328904946, 0.21638860896189904, 0.5467927024833199, 0.6028501338877923, -0.014132835705902222]], "inverted": true, "swapped": false, "error_lsq": 0.03698831414328337, "error_max": 0.2597138104884571, "target": "961.xyz", "model": "24.xyz", "model_rescale": 4.28219845311461, "target_rescale": 4.255332091664751},
{"mapping": [2, 4, 3, 7, 12, 14, 13, 1, 6, 0, 14, 9, 11, 8, 5, 15], "R": [[0.7433993774091228, -0.6432782419544021, -0.18316787135243562], [-0.12156415037363161, 0.13934591193456825, -0.9827537199985867], [0.6577077793455584, 0.7528451502501543, 0.025390091239634198]], "T": [-0.009494231944913785, -0.009993992567033653, -0.03206269191137689], "aligned_model": [[0.22737995373432807, -0.39917312585231074, -0.5644500864415576, -0.7619493530400286, -0.02329853940257757, 0.5474160974819722, -0.250014853936872, -0.023477960830962312, 0.8015672662262944, 0.23822824514283017, 0.5474160974819722, -0.46721535281859305, 0.1836303054174727, 0.4762599003466511, 0.07300138468343231, 0.008439217034057464], [-0.25559081411140017, -0.59635120047253, -0.33961731228782116, 0.022845102564779698, 0.6986522669820471, 0.31699278348910603, 0.1767199391836494, -0.42921036865045714, -0.39623966985217773, -0.7734160817104311, 0.31699278348910603, 0.4067060309948253, 0.4766491413480177, -0.13361245872515065, 0.16650066961374477, -0.07981717494428157], [-0.6256558571297948, -0.2295067533720601, 0.3962103652799108, -0.2277126096698178, -0.3185060897332417, -0.435888345079521, -0.5421648336671309, 0.4516102184284459, -0.10410891265776309, -0.1782627609580395, -0.435888345079521, 0.23946290494563854, 0.11746471203350542, 0.4482574666445671, 0.7969878423583643, -0.04906960358704088]], "inverted": true, "swapped": false, "error_lsq": 0.05469931324978628, "error_max": 0.33861563712164394, "target": "961.xyz", "model": "25.xyz", "model_rescale": 4.100010024507729, "target_rescale": 4.255332091664751},
{"mapping": [13, 14, 11, 3, 10, 4, 12, 6, 7, 0, 9, 15], "R": [[0.9399001563154479, -0.1527010990205311, 0.3054014906907281], [-0.340596811474688, -0.35611944685104047, 0.870156739666932], [-0.02411448053499743, -0.9218792295807684, -0.3867262311973373]], "T": [0.013610285890178639, 0.02650087360470378, -0.05039378641782195], "aligned_model": [[-0.7307349536385713, -0.270726577186837, 0.5086283531846556, 0.68049866046286, -0.4666155492004708, 0.17806944803181662, -0.1605946768273177, 0.5317384014869311, 0.10919690418186642, -0.139923137143649, -0.3733975798447579, 0.010626308856480977], [-0.31331367606823785, -0.5605123503374643, -0.22966409566940754, -0.22792476676375373, 0.6241808004985343, 0.6502378581882696, 0.2060179166329809, 0.41931154106620805, -0.5327013810503949, 0.6253713109972693, -0.053966433547491796, 0.05909466610412711], [-0.2013713769037898, 0.20618245422173814, 0.45538861941578995, -0.19013224522028446, 0.29083884374729363, 0.36206093279666635, 0.46355152376104675, -0.13169671042583467, -0.387004660663879, -0.6260810517422369, -0.6358488947028386, -0.04069514442931523]], "inverted": true, "swapped": true, "error_lsq": 0.047208556674587177, "error_max": 0.24541348943468133, "target": "961.xyz", "model": "26.xyz", "model_rescale": 3.6694154284099745, "target_rescale": 4.255332091664751},
