[{"mapping": [10, 3, 9, 0, 5, 1, 8, 2, 6, 7, 11], "R": [[0.13987001644306757, 0.6022432950647205, 0.785963989028635], [0.9719093980556585, 0.06823594486226409, -0.22524648232512287], [-0.18928417913630238, 0.7953910166568027, -0.5757817556595157]], "T": [0.08505861096856526, 0.013971992360726465, -0.038197470962313726], "aligned_model": [[-0.21715374930338271, -0.27290542689625596, -0.5195350210525121, 0.6799251572621005, 0.5073723347115424, 0.4864177565907755, -0.0864943919985749, 0.675582487151844, -0.2579226016562093, -0.06089536199190432, 0.14507603562363366], [0.6217110759156516, 0.07923132433071829, -0.047611928345555235, 0.16879157805488718, 0.6489160503667675, -0.1504349617158192, -0.5970177558445904, -0.5337635894288311, -0.2481716429810373, 0.49786266901374, 0.04789006478464805], [-0.07109491134211997, -0.6226933922254724, -0.04370975342692239, -0.10859691689614985, 0.2891914330510484, 0.5219469293449972, -0.057291591842051626, -0.03401062423073757, 0.5438670355068579, 0.7625213065690714, -0.029268361884631902]], "inverted": true, "swapped": false, "error_lsq": 0.04385785800765834, "error_max": 0.24718861087323643, "target": "962.xyz", "model": "0.xyz", "model_rescale": 3.751011558992144, "target_rescale": 3.8321701014451786},
{"mapping": [12, 3, 13, 1, 6, 10, 5, 8, 9, 11, 14], "R": [[-0.13649469613562082, -0.9749548874231622, -0.17559090357001325], [0.9834111534249612, -0.11197799951228438, -0.14270049384852915], [0.11946422580099789, -0.1921559135569759, 0.9740659133954191]], "T": [0.20609318524462672, 0.007220244170988523, 0.006896196327459331], "aligned_model": [[-0.3463931631365712, -0.27047616910657984, -0.47314693862681867, 0.780879733560859, 0.5716262430510193, 0.3809316266938989, -0.045287596535143304, 0.551291042542386, -0.2468135305310994, 0.014076434101012891, 0.16277953642809334], [0.5037358007377998, 0.212532264864168, -0.22118393588109192, 0.27529600417881955, 0.6015689401159959, -0.1889871704963901, -0.5565967116424393, -0.5312419536820625, -0.15622115862581917, 0.5176804879098682, 0.030820316671730914], [0.021257290184481678, -0.553580845276327, -0.11128410219314411, -0.2819659857019149, 0.2841342827249064, 0.78367667879982, 0.1017866061942684, -0.17006468336116057, 0.45673176183040076, 0.5893830165809057, 0.03078713284165245]], "inverted": false, "swapped": false, "error_lsq": 0.052417318421640574, "error_max": 0.25619591943069997, "target": "962.xyz", "model": "1.xyz", "model_rescale": 3.9405287249114394, "target_rescale": 3.8321701014451786},
{"mapping": [3, 9, 11, 8, 4, 1, 5, 2, 6, 7, 12], "R": [[-0.18119429463729586, 0.04383760864745945, 0.9824697917284608], [-0.8148627851773312, 0.5526249088712033, -0.17494099413269898], [-0.5506062739598374, -0.8322763808754678, -0.06441084468393499]], "T": [0.06340866460713965, 0.03178844616467073, 0.15359235805284524], "aligned_model": [[-0.10855378539168095, -0.02240566129513233, -0.5315407610049411, 0.3629702183221585, 0.5937214385414176, 0.5822284586302602, -0.012006032817263673, 0.49496881454662967, -0.37696344300883633, -0.04451874192341404, 0.14156671384185934], [0.5767872733703994, 0.011794867744486213, -0.2203585376315254, 0.42175144006194676, 0.4848755305919585, -0.17079162158033706, -0.6245050368265056, -0.4852393768136117, -0.01615009160563309, 0.5146595094108414, -0.005421072571440054], [0.1679057330453022, -0.6480417638394017, -0.14652656598147593, -0.44547484104612023, 0.22553801539310134, 0.7166320279167908, -0.14917449609807618, 0.05059869430524569, 0.4684415232410861, 0.773348006962351, 0.13761481872508544]], "inverted": true, "swapped": false, "error_lsq": 0.058908348443433005, "error_max": 0.2898910474071907, "target": "962.xyz", "model": "2.xyz", "model_rescale": 3.932901565614263, "target_rescale": 3.8321701014451786},
{"mapping": [1, 11, 10, 3, 0, 4, 12, 9, 6, 2, 13], "R": [[-0.9829222458797595, 0.18371739328283312, -0.010572509638230934], [0.10498157673124062, 0.5126307405894509, -0.8521669979233728], [-0.1511381060544041, -0.8387238181952816, -0.5231631004669727]], "T": [0.25043521732386276, 0.027641010199840735, 0.010396739690749349], "aligned_model": [[-0.19281827270844032, -0.11015523036694308, -0.43954710992043966, 0.513953961813417, 0.4717641642991727, 0.5643061925884817, -0.17773056300411028, 0.46632061405325376, -0.20593520480359795, 0.007699152096654199, 0.18160951439360884], [0.6150693209688453, 0.07557332652381633, -0.10130282734944333, 0.3676911169224228, 0.582799605293755, 0.07290356585492754, -0.6032445218214981, -0.651265124970815, -0.18731375050233584, 0.37750951704246133, -0.06101734381155659], [0.09538464585045055, -0.8053150479238411, -0.13258338182910573, -0.26457466664421586, 0.3133204275515019, 0.824437719297908, 0.05267344961270405, -0.16924984250741493, 0.4710622901071353, 0.7265469220799092, 0.03915863702885735]], "inverted": false, "swapped": false, "error_lsq": 0.04516352594992127, "error_max": 0.23870308131114143, "target": "962.xyz", "model": "3.xyz", "model_rescale": 3.9243930471874484, "target_rescale": 3.8321701014451786},
{"mapping": [3, 10, 6, 8, 7, 1, 11, 9, 5, 2, 12], "R": [[0.018317819437922933, 0.920181574543854, -0.39106307337951685], [0.965323514978951, -0.11814880368253505, -0.23279040275979826], [-0.26041307363441446, -0.37323816800855125, -0.8904371404102019]], "T": [0.11101889532829257, 0.05608074674843183, 0.04342962094161511], "aligned_model": [[-0.4151634160772171, -0.044918312201050525, -0.575625290013404, 0.6296729283556647, 0.6429027687967319, 0.44189091236497585, -0.04912245233946891, 0.5836554740779045, -0.25293735434708836, 0.05331433990575912, 0.06579761991824967], [0.47324391753453365, 0.14726893087230802, -0.16470784962892712, 0.1601651730910071, 0.5462095383056385, -0.08360683673493069, -0.6376784290770641, -0.45470165506908095, -0.32436259821700564, 0.8052633260045519, 0.02030936706954843], [0.08882162980126912, -0.638109829056001, 0.0075315265233313194, -0.2978925071626229, 0.3895395337483099, 0.6608204107539836, -0.30180513413469495, -0.07234340786159722, 0.587875953805217, 0.5787894415634217, 0.1476335346432719]], "inverted": false, "swapped": false, "error_lsq": 0.06099813026662702, "error_max": 0.3440001329852913, "target": "962.xyz", "model": "4.xyz", "model_rescale": 3.8936222436046832, "target_rescale": 3.8321701014451786},
{"mapping": [9, 1, 6, 2, 3, 10, 5, 4, 7, 8, 11], "R": [[0.07520007960827083, -0.5237958628191894, 0.8485180269861156], [-0.7430842976871019, 0.5380025485747636, 0.39796857194749125], [-0.6649591525483171, -0.6604476904498644, -0.3487666463721322]], "T": [0.0986651910709155, 0.13832118356549752, 0.14398181536114238], "aligned_model": [[-0.30331969023154387, -0.010821221041791326, -0.636645773826612, 0.771796228399816, 0.4083217151084067, 0.5582253516348915, -0.15414355690407355, 0.5306764538091043, -0.1539912318811945, -0.017404958032551016, 0.08677390140660474], [0.5985878979682953, 0.1051516685378412, -0.13340138625322498, 0.13571054084173376, 0.6151423265531841, -0.04226794768761674, -0.5646707839925189, -0.49896810944720293, -0.267795675175337, 0.5413200764335389, -0.0014057236281137808], [0.051252905961977124, -0.6497569804631291, 0.002231125555795993, -0.17858020356422563, 0.2278654671779495, 0.5385187895229089, -0.1707575808749983, -0.050577236819882465, 0.5809959528619522, 0.7522436333022783, 0.047425279963262346]], "inverted": true, "swapped": false, "error_lsq": 0.05053693598757041, "error_max": 0.27913189287124923, "target": "962.xyz", "model": "5.xyz", "model_rescale": 3.6523030999806103, "target_rescale": 3.8321701014451786},
{"mapping": [4, 1, 3, 6, 10, 9, 5, 8, 7, 11, 12], "R": [[-0.7561796509014891, 0.49098429852616443, -0.4325815000242991], [0.5557602336450963, 0.8308548108410441, -0.028475357786007793], [0.34543146680817943, -0.261944081633969, -0.9011450492765782]], "T": [0.10430188388195424, 0.046388933545246716, 0.018115915767925844], "aligned_model": [[-0.1050823470703722, -0.07850495930339543, -0.5889466500275701, 0.6168297060866992, 0.5859790837970578, 0.5180839159516469, -0.017339693628664943, 0.6032644150868489, -0.3058099060889441, -0.16757561695949094, 0.01856927059724195], [0.5713028426075678, -0.03753437107271519, 0.08987211025780258, 0.19621674699252678, 0.6235779557001287, -0.049512035580583744, -0.6169711234350723, -0.40247760794675164, -0.22929948133029443, 0.3564567727432563, -0.014228924785285355], [0.11688450302285067, -0.6466497595042339, 0.00561045602989349, -0.3526823040980518, 0.2267134935410866, 0.6031375471950416, -0.07706964726838919, -0.038965806780605294, 0.48994456827586863, 0.7956180461651782, 0.028320056045249547]], "inverted": false, "swapped": false, "error_lsq": 0.048305870838728254, "error_max": 0.24080375934110096, "target": "962.xyz", "model": "6.xyz", "model_rescale": 4.08911054899281, "target_rescale": 3.8321701014451786},
{"mapping": [11, 9, 8, 1, 13, 7, 3, 0, 4, 12, 14], "R": [[-0.901720566725113, 0.31409593367606004, 0.2970585194757175], [-0.35895127658208525, -0.1609959534348951, -0.9193662404165603], [-0.24094397810493706, -0.9356409821217504, 0.25791849873402717]], "T": [0.07247923575762094, 0.07132920219998122, 0.23324485209122858], "aligned_model": [[-0.08715443701633721, -0.09828031646121796, -0.5325588970960591, 0.5287995076126073, 0.5373296121207684, 0.521147836703873, -0.03682651292486988, 0.5556883801865653, -0.34669192483772526, -0.013767666343944857, 0.05178163649739734], [0.5848008692954662, 0.03666218716397644, -0.10260854640442359, 0.24516892272528312, 0.6194253963639891, -0.03743675971729267, -0.6418021669140681, -0.5485550708017448, -0.43971000671037125, 0.661338137284236, 0.11011992186552863], [-0.00211657330392212, -0.5310827486810487, -0.02909746376411987, -0.31401890508374775, 0.3725259056828557, 0.8546588981109448, -0.09225067776479778, -0.28338711936355687, 0.47816107201895486, 0.6236969572332342, 0.07377180753909235]], "inverted": true, "swapped": false, "error_lsq": 0.044665031920396524, "error_max": 0.26303900476706216, "target": "962.xyz", "model": "7.xyz", "model_rescale": 3.964800864290218, "target_rescale": 3.8321701014451786},
{"mapping": [6, 11, 12, 3, 0, 1, 8, 5, 7, 2, 13], "R": [[-0.7219875338958509, -0.6034317725354577, -0.33853226846742923], [-0.2803917251398712, 0.7024685232126274, -0.6541547633156527], [0.6325460310302127, -0.3773699375813956, -0.6763707924191725]], "T": [0.07792833457885025, 0.08503514713018057, 0.0391643586524084], "aligned_model": [[0.10812034766543852, -0.41635475984488485, -0.6412603597115393, 0.7145981784758011, 0.5253237225208841, 0.3529201935849217, 0.048028391562738984, 0.6617078213436243, -0.24343329949078718, -0.11268964864463708, 0.08250663097949698], [0.5670457664704287, 0.24644404997665348, -0.14352241426734394, 0.3631753095704157, 0.5318946721420137, -0.1631969962829666, -0.6822090471265573, -0.47733735755179263, -0.23119102354940035, 0.466443347260231, 0.00985657750889729], [-0.28217662592246406, -0.6064088077218417, 0.07386306787149775, -0.16880740773033637, 0.3757847743688938, 0.6917593108465658, 0.07789317472317751, -0.16579758849574366, 0.5901460952709046, 0.5459200168343944, 0.018685142578840557]], "inverted": false, "swapped": false, "error_lsq": 0.059198974664291276, "error_max": 0.3451177414338295, "target": "962.xyz", "model": "8.xyz", "model_rescale": 4.121658175737393, "target_rescale": 3.8321701014451786},
{"mapping": [5, 10, 0, 7, 9, 6, 2, 8, 1, 4, 12], "R": [[0.7066773249690921, -0.4230659577203675, 0.5671175837449204], [-0.6772351994533883, -0.17240084837753863, 0.7152834627614667], [-0.2048405306472766, -0.8895465939999171, -0.4083469286125328]], "T": [0.14223694270513487, -0.012056485405891111, -0.04088754457262421], "aligned_model": [[-0.08102105870112225, -0.2532433281300567, -0.6312958516497088, 0.6882139971162975, 0.5405727165489482, 0.5469422682126672, -0.07811162267061506, 0.6835468707061609, -0.19870122168189247, -0.23706358913617886, 0.09962803782655719], [0.5501043330527475, 0.18507173881992584, 0.04603823192751671, 0.30267076103033674, 0.5432569734350307, -0.13791450210280276, -0.6621349144886011, -0.49858949982175, -0.23774717420028657, 0.4327700893082394, -0.036123152809777063], [-0.1667802976355935, -0.6583149890461142, 0.08986513416787713, -0.28185793013978355, 0.43465991966341755, 0.5073417954238186, 0.06489996242650471, -0.012207839932561963, 0.5138705980169609, 0.6272354551001271, 0.032149344579235725]], "inverted": false, "swapped": false, "error_lsq": 0.0455246684751427, "error_max": 0.23419556715257736, "target": "962.xyz", "model": "9.xyz", "model_rescale": 3.833441315466971, "target_rescale": 3.8321701014451786},
{"mapping": [8, 9, 13, 7, 11, 12, 5, 4, 0, 10, 14], "R": [[0.21018703500990665, 0.5481756015978185, -0.8095214142483287], [0.6949557705544132, 0.49862063881620544, 0.5180868030741966], [0.687646629662988, -0.6714767072351723, -0.27615420394001716]], "T": [0.20252374261460837, -0.05828942012766706, 0.1327136499893559], "aligned_model": [[-0.13508833913700458, 0.010146151972587614, -0.5726016150333069, 0.616758634874526, 0.48451408103172544, 0.5230494794743001, -0.1471178067948667, 0.5321405808987008, -0.25032614422691213, -0.18209290740060924, 0.20008510278191668], [0.6183974411897769, 0.3277242524478056, -0.23995682965154394, 0.30956240475441066, 0.5522945190142274, 0.00525948130216785, -0.6266524608462536, -0.6864520330514363, -0.2448958117483027, 0.5091594872462033, -0.03703756650647606], [-0.05615756632596508, -0.5542320783882807, 0.08953757255369227, -0.23743289632325768, 0.24675655132450156, 0.6389199779312196, 0.022489141196280746, -0.23153496254694486, 0.6059239587291534, 0.5863940590562919, 0.04019739541719758]], "inverted": false, "swapped": false, "error_lsq": 0.04749265180162876, "error_max": 0.3099368808560068, "target": "962.xyz", "model": "10.xyz", "model_rescale": 4.2482417240324, "target_rescale": 3.8321701014451786},
{"mapping": [7, 4, 9, 6, 2, 1, 10, 0, 8, 3, 11], "R": [[0.32116160431118684, 0.5273473164312473, -0.7866130127127486], [-0.7920347256251407, -0.3057828816391132, -0.5283728065489258], [-0.5191687753709513, 0.7927178799227644, 0.31947166624066176]], "T": [0.14023934988018977, 0.09625647884866724, 0.09380140074579639], "aligned_model": [[-0.3962621029043151, 0.08610105315794199, -0.6151221900355426, 0.5957139615388471, 0.5484338288622481, 0.6197010800236502, -0.17212268718297097, 0.5111736700645885, -0.1293241184080816, -0.03190297457679492, 0.06307769790148614], [0.4960394548858286, -0.052082183140966506, -0.05933512825705249, 0.2620775595519633, 0.6714709756078812, -0.14330880840783033, -0.4620369547180519, -0.5548856809785735, -0.18002184688966472, 0.4289242433211001, 0.08056125317594542], [0.19818535509864738, -0.7669565596701299, -0.19694092151448112, -0.33692866028055285, 0.317995148275222, 0.55409638901718, 0.018033581900798054, -0.016928422421706085, 0.5711520603729057, 0.8133643271554368, -0.00421114530943148]], "inverted": true, "swapped": false, "error_lsq": 0.05956562055194803, "error_max": 0.3694429956264164, "target": "962.xyz", "model": "11.xyz", "model_rescale": 3.6694154284099745, "target_rescale": 3.8321701014451786},
{"mapping": [0, 5, 12, 6, 4, 8, 10, 9, 2, 1, 13], "R": [[0.8352089685854918, -0.20083756234997463, 0.5119475093636837], [0.35568791246413134, -0.5127099871011918, -0.7814183118238299], [0.4194187498446719, 0.8347411231489771, -0.3567844862136198]], "T": [0.1691908136989327, 0.012263955560617067, 0.0355906028268458], "aligned_model": [[-0.07577768780000488, -0.1407500418081538, -0.5024104555873489, 0.44194985544143917, 0.4955507488646731, 0.5350502890819705, -0.07235970334986438, 0.6247158594915587, -0.09683322313423595, -0.25865968036970943, 0.12899125761073288], [0.6716457233433756, 0.1725569802216983, -0.07982479650825153, 0.3041377705686623, 0.5951794103262108, -0.32850392830681413, -0.5750070553932225, -0.6482803050311892, -0.18153199120341448, 0.4312127751864908, 0.12581830094703353], [-0.09067887889580868, -0.6874679043558158, -0.0117369483663292, -0.364743026430089, 0.3539888048700217, 0.6035887937641506, 0.052763101630348086, 0.006188573221073787, 0.5994947757473291, 0.6338374877839408, 0.055626373655067236]], "inverted": false, "swapped": false, "error_lsq": 0.04732511256527754, "error_max": 0.247490652826059, "target": "962.xyz", "model": "12.xyz", "model_rescale": 3.9764082729961374, "target_rescale": 3.8321701014451786},
{"mapping": [9, 10, 13, 2, 0, 4, 14, 3, 6, 5, 15], "R": [[0.72626161178036, -0.415935910473466, 0.5473037453122376], [-0.13664790597816195, 0.692930202361389, 0.7079372037456346], [-0.673699800390335, -0.5889355253625081, 0.446411834430954]], "T": [0.06226636470110093, 0.07821034220836352, 0.006322728937491681], "aligned_model": [[0.018642779843593207, -0.1684501779991382, -0.49129930696977986, 0.673418087472073, 0.5414198143196819, 0.39325942523247287, -0.13203237315613253, 0.5409617885549218, -0.2788646862786813, -0.1392213604391876, 0.12163322786123375], [0.6639481221844887, 0.08980691497243336, -0.1806555626766364, 0.43964868082831576, 0.5472817427868851, 0.01961253755523533, -0.6944869936390436, -0.5932381096268282, -0.3100804516774266, 0.5002833321289291, 0.005282671314226953], [0.13480370990526913, -0.7636008356991817, -0.02583371089243365, -0.35715411081415055, 0.284696446052056, 0.6410459859157887, 0.06952769089835857, -0.1623518542786715, 0.5689226499650398, 0.7020820218197528, 0.05872315975206111]], "inverted": true, "swapped": false, "error_lsq": 0.041080502586692345, "error_max": 0.20839824075456362, "target": "962.xyz", "model": "13.xyz", "model_rescale": 4.170626492500431, "target_rescale": 3.8321701014451786},
{"mapping": [3, 6, 2, 11, 9, 10, 4, 12, 0, 1, 13], "R": [[0.14748551898190954, 0.2214998869891287, 0.9639428519131413], [-0.6891813382226355, -0.6760314151982756, 0.26078843668896545], [0.7094202596037799, -0.7027939425811953, 0.05294874441273778]], "T": [0.07328153782528446, -0.051969262168095436, 0.16517898773748724], "aligned_model": [[-0.16545554516662894, -0.03248922387589369, -0.5570000277418025, 0.5084060499068932, 0.5541936246965175, 0.5822550346435948, -0.11115225407739923, 0.6012591899791689, -0.35003020322221035, -0.07103713844911178, 0.12051771174792891], [0.5512728554094015, 0.10558770120920319, -0.1175247876745549, 0.34199458630451435, 0.5516500040011446, -0.08768152461394696, -0.7075238061253147, -0.5157418708093399, -0.08453752204066592, 0.47502247667597713, -0.025115228185839174], [-0.06843855701250204, -0.6542583901569827, -0.011964424271591723, -0.22867224840826622, 0.4114994795247978, 0.4060086346299937, -0.033052056487327564, -0.03941985753378985, 0.5842313530429392, 0.705795577164646, 0.0791316421319724]], "inverted": false, "swapped": false, "error_lsq": 0.04173336468964083, "error_max": 0.2820824289187326, "target": "962.xyz", "model": "14.xyz", "model_rescale": 3.9786697098870705, "target_rescale": 3.8321701014451786},
{"mapping": [4, 10, 5, 1, 0, 9, 7, 6, 8, 2, 11], "R": [[-0.5660403331177314, -0.8214246137407548, -0.06971330737255171], [-0.02039136152174842, 0.0984900253064721, -0.9949290966146382], [0.8241253142934377, -0.5617484480227629, -0.07249929299489954]], "T": [0.13643032896057133, 0.021109818676507502, 0.14894819762528672], "aligned_model": [[-0.17763927403197305, -0.05285628448824731, -0.664733052934924, 0.5620371179954387, 0.5172502376966683, 0.5238666283148006, -0.0970895869905262, 0.6996228221726328, -0.19669092764452234, -0.25497908645021256, 0.220678624801922], [0.4961964694732762, 0.06649661052910856, -0.007865821104166715, 0.20933281495670414, 0.5476175398189554, -0.25741383305045507, -0.5217770174922662, -0.4755639802702296, -0.12734260482646492, 0.5910877756996648, -0.033365069583547124], [-0.07592440809173331, -0.6600212737339812, 0.19318885244662581, -0.34511966845292436, 0.3970840530882984, 0.548613003957546, -0.147055750590861, -0.10301418812567092, 0.5220704729934724, 0.6740874308792206, 0.14695262825389643]], "inverted": false, "swapped": false, "error_lsq": 0.049549058374158995, "error_max": 0.2336976931671229, "target": "962.xyz", "model": "15.xyz", "model_rescale": 3.769337070930944, "target_rescale": 3.8321701014451786},
{"mapping": [5, 1, 7, 0, 4, 2, 9, 3, 8, 6, 10], "R": [[0.4992439897019114, -0.5250049030447237, 0.6892933269120762], [-0.6650909907572453, 0.2776835050548754, 0.6932141408208471], [-0.5553462098187616, -0.8045257750994926, -0.2105442101804199]], "T": [0.05014480899656307, 0.04791535044016533, 0.06983042614430628], "aligned_model": [[-0.17605490840118757, -0.05840621136213309, -0.6298913479768776, 0.5911235214318667, 0.3911508888839983, 0.6186223828507494, -0.08058486127048117, 0.4714846240411066, -0.1280084840484462, -0.027375497391526976, 0.10740711168398856], [0.6522086361595589, 0.06749544957830034, 0.13038520460446734, 0.2703040559711713, 0.6986335032961437, -0.12088612502540576, -0.7518543214152961, -0.4968794474800307, -0.3662610324119715, 0.367012798967502, 0.03724416190613977], [-0.11378393658912218, -0.7232406564814803, -0.13483039166440608, -0.20467897436128096, 0.3311984876227349, 0.5112657760326008, 0.006128713417211121, -0.001687593501215598, 0.6683394401210141, 0.7207331454044819, 0.09141714262335097]], "inverted": true, "swapped": false, "error_lsq": 0.055828025570634356, "error_max": 0.3009833196290193, "target": "962.xyz", "model": "16.xyz", "model_rescale": 3.7852294659196426, "target_rescale": 3.8321701014451786},
{"mapping": [8, 3, 2, 0, 9, 10, 5, 4, 7, 11, 12], "R": [[0.25543733234383137, -0.4723727863803203, 0.8435731858780008], [-0.9565282774144528, 0.0035316870256182353, 0.2916182122112636], [-0.1407317439372068, -0.8813917845510282, -0.45093580294133556]], "T": [0.04019089011778974, -0.01824531808891506, 0.0703243268667215], "aligned_model": [[-0.007267516898688861, -0.12728577063759922, -0.5593508432210825, 0.5540542646582458, 0.5460877147492716, 0.6448052314177527, 0.08793762757352898, 0.5271091493058035, -0.4222979686699819, -0.25177469995944335, 0.08745003012325034], [0.6293234101358782, 0.13300394751376715, 0.07172258233171303, 0.17784376606324337, 0.6351059435046003, -0.08304961859169857, -0.6694665629321461, -0.4767220565181324, -0.32044468145325633, 0.36566594436486355, 0.024420209731747286], [0.019252288712249647, -0.6922834353016359, -0.01056144387939724, -0.33370619069474244, 0.3242186302958995, 0.5989990626068524, 0.14674520024270565, -0.16312025815982362, 0.501840960909713, 0.6228641998218529, 0.13661213807021477]], "inverted": true, "swapped": false, "error_lsq": 0.0508437263768114, "error_max": 0.2892638852310434, "target": "962.xyz", "model": "17.xyz", "model_rescale": 3.901054581598922, "target_rescale": 3.8321701014451786},
{"mapping": [12, 3, 13, 1, 6, 10, 5, 8, 9, 11, 14], "R": [[-0.13649469613562082, -0.9749548874231622, -0.17559090357001325], [0.9834111534249612, -0.11197799951228438, -0.14270049384852915], [0.11946422580099789, -0.1921559135569759, 0.9740659133954191]], "T": [0.20609318524462672, 0.007220244170988523, 0.006896196327459331], "aligned_model": [[-0.3463931631365712, -0.27047616910657984, -0.47314693862681867, 0.780879733560859, 0.5716262430510193, 0.3809316266938989, -0.045287596535143304, 0.551291042542386, -0.2468135305310994, 0.014076434101012891, 0.16277953642809334], [0.5037358007377998, 0.212532264864168, -0.22118393588109192, 0.27529600417881955, 0.6015689401159959, -0.1889871704963901, -0.5565967116424393, -0.5312419536820625, -0.15622115862581917, 0.5176804879098682, 0.030820316671730914], [0.021257290184481678, -0.553580845276327, -0.11128410219314411, -0.2819659857019149, 0.2841342827249064, 0.78367667879982, 0.1017866061942684, -0.17006468336116057, 0.45673176183040076, 0.5893830165809057, 0.03078713284165245]], "inverted": false, "swapped": false, "error_lsq": 0.052417318421640574, "error_max": 0.25619591943069997, "target": "962.xyz", "model": "18.xyz", "model_rescale": 3.9405287249114394, "target_rescale": 3.8321701014451786},
{"mapping": [13, 14, 12, 11, 9, 8, 1, 2, 0, 7, 15], "R": [[-0.7598822309077145, -0.39585449292358194, 0.5156337998841121], [0.1325734956715499, -0.8709073219721903, -0.4732279628050874], [0.6363986670288839, -0.29123814476720156, 0.7142668126382593]], "T": [0.01586830728083638, -0.004033180180405542, 0.0879486219282698], "aligned_model": [[-0.09129768851824649, -0.13768001869102148, -0.5026674132544173, 0.4842096069978608, 0.5024247175253229, 0.36261653468269106, -0.10809287357166149, 0.6622274666973289, -0.1689750568361854, 0.031805982156580384, 0.04489596125280524], [0.6197689807927526, 0.22719636740487384, -0.05149818581150938, 0.37942222097516665, 0.550922087996586, -0.11513234332346753, -0.6522245839625408, -0.5442789374907414, -0.38368575678180544, 0.48025291179864216, -0.02333987744737749], [-0.13725386180931246, -0.6350277054787433, -0.08236532928776347, -0.3029881814093075, 0.29841799482878795, 0.751043485638237, 0.08697205445086378, -0.12577934011608505, 0.6305083972321265, 0.5986721484830577, 0.06866149009202785]], "inverted": true, "swapped": false, "error_lsq": 0.04456756785883622, "error_max": 0.23786278426508378, "target": "962.xyz", "model": "19.xyz", "model_rescale": 4.410303926677745, "target_rescale": 3.8321701014451786},
{"mapping": [6, 11, 12, 3, 0, 1, 8, 5, 7, 2, 13], "R": [[-0.7219875338958509, -0.6034317725354577, -0.33853226846742923], [-0.2803917251398712, 0.7024685232126274, -0.6541547633156527], [0.6325460310302127, -0.3773699375813956, -0.6763707924191725]], "T": [0.07792833457885025, 0.08503514713018057, 0.0391643586524084], "aligned_model": [[0.10812034766543852, -0.41635475984488485, -0.6412603597115393, 0.7145981784758011, 0.5253237225208841, 0.3529201935849217, 0.048028391562738984, 0.6617078213436243, -0.24343329949078718, -0.11268964864463708, 0.08250663097949698], [0.5670457664704287, 0.24644404997665348, -0.14352241426734394, 0.3631753095704157, 0.5318946721420137, -0.1631969962829666, -0.6822090471265573, -0.47733735755179263, -0.23119102354940035, 0.466443347260231, 0.00985657750889729], [-0.28217662592246406, -0.6064088077218417, 0.07386306787149775, -0.16880740773033637, 0.3757847743688938, 0.6917593108465658, 0.07789317472317751, -0.16579758849574366, 0.5901460952709046, 0.5459200168343944, 0.018685142578840557]], "inverted": false, "swapped": false, "error_lsq": 0.059198974664291276, "error_max": 0.3451177414338295, "target": "962.xyz", "model": "20.xyz", "model_rescale": 4.121658175737393, "target_rescale": 3.8321701014451786},
{"mapping": [4, 1, 3, 6, 10, 9, 5, 8, 7, 11, 12], "R": [[-0.7561796509014891, 0.49098429852616443, -0.4325815000242991], [0.5557602336450963, 0.8308548108410441, -0.028475357786007793], [0.34543146680817943, -0.261944081633969, -0.9011450492765782]], "T": [0.10430188388195424, 0.046388933545246716, 0.018115915767925844], "aligned_model": [[-0.1050823470703722, -0.07850495930339543, -0.5889466500275701, 0.6168297060866992, 0.5859790837970578, 0.5180839159516469, -0.017339693628664943, 0.6032644150868489, -0.3058099060889441, -0.16757561695949094, 0.01856927059724195], [0.5713028426075678, -0.03753437107271519, 0.08987211025780258, 0.19621674699252678, 0.6235779557001287, -0.049512035580583744, -0.6169711234350723, -0.40247760794675164, -0.22929948133029443, 0.3564567727432563, -0.014228924785285355], [0.11688450302285067, -0.6466497595042339, 0.00561045602989349, -0.3526823040980518, 0.2267134935410866, 0.6031375471950416, -0.07706964726838919, -0.038965806780605294, 0.48994456827586863, 0.7956180461651782, 0.028320056045249547]], "inverted": false, "swapped": false, "error_lsq": 0.048305870838728254, "error_max": 0.24080375934110096, "target": "962.xyz", "model": "21.xyz", "model_rescale": 4.08911054899281, "target_rescale": 3.8321701014451786},
{"mapping": [1, 4, 0, 15, 11, 5, 7, 12, 6, 8, 16], "R": [[-0.2957226514944696, -0.6331600428126382, -0.7153016661371474], [0.8291889253157773, 0.20167220036054065, -0.5213195274832935], [0.47433515527182557, -0.7472862127640497, 0.46537025762935985]], "T": [0.21723556274153244, -0.018874035326060433, 0.006150001340747002], "aligned_model": [[-0.14219116912686602, -0.1724181716792818, -0.5505855679629628, 0.6398008180221151, 0.4770758018820669, 0.5341357353689966, -0.11965843128011544, 0.5479580779038915, -0.31107012367527853, -0.004485404748716143, 0.18090565373720724], [0.6883180995197175, -0.020746212974851942, -0.061458244736764776, 0.5246087498428532, 0.5930152697346727, -0.057029891540271826, -0.6374505010971031, -0.6586916491287074, -0.18662858636972166, 0.3419261117617293, -0.038460260860972706], [0.032419567319517686, -0.572173997876408, -0.08721323838351638, -0.23379183567162115, 0.3855805730322362, 0.6353141016940742, 0.10444435924485918, -0.1557930289713203, 0.5044627955324783, 0.5551719357811575, -0.01756007907756849]], "inverted": true, "swapped": false, "error_lsq": 0.04782682550161387, "error_max": 0.2980713774201738, "target": "962.xyz", "model": "22.xyz", "model_rescale": 4.204369325754507, "target_rescale": 3.8321701014451786},
{"mapping": [13, 14, 12, 11, 9, 8, 1, 2, 0, 7, 15], "R": [[-0.7598822309077145, -0.39585449292358194, 0.5156337998841121], [0.1325734956715499, -0.8709073219721903, -0.4732279628050874], [0.6363986670288839, -0.29123814476720156, 0.7142668126382593]], "T": [0.01586830728083638, -0.004033180180405542, 0.0879486219282698], "aligned_model": [[-0.09129768851824649, -0.13768001869102148, -0.5026674132544173, 0.4842096069978608, 0.5024247175253229, 0.36261653468269106, -0.10809287357166149, 0.6622274666973289, -0.1689750568361854, 0.031805982156580384, 0.04489596125280524], [0.6197689807927526, 0.22719636740487384, -0.05149818581150938, 0.37942222097516665, 0.550922087996586, -0.11513234332346753, -0.6522245839625408, -0.5442789374907414, -0.38368575678180544, 0.48025291179864216, -0.02333987744737749], [-0.13725386180931246, -0.6350277054787433, -0.08236532928776347, -0.3029881814093075, 0.29841799482878795, 0.751043485638237, 0.08697205445086378, -0.12577934011608505, 0.6305083972321265, 0.5986721484830577, 0.06866149009202785]], "inverted": true, "swapped": false, "error_lsq": 0.04456756785883622, "error_max": 0.23786278426508378, "target": "962.xyz", "model": "23.xyz", "model_rescale": 4.410303926677745, "target_rescale": 3.8321701014451786},
{"mapping": [10, 1, 2, 11, 9, 15, 12, 13, 5, 8, 16], "R": [[-0.5015188887906223, -0.6391623980883939, -0.583052513120485], [-0.6460528780437776, 0.7249192478483433, -0.2389723056555808], [0.5754081012269218, 0.25683362896802686, -0.7764934024662042]], "T": [0.15919592249995568, -0.004160094512543677, 0.04938705977914398], "aligned_model": [[0.023290500373253975, -0.1007263645014157, -0.7332925749376173, 0.5800518083944128, 0.47494064038597433, 0.43263810764404226, -0.043220446671196705, 0.5940098937338355, -0.14659058492260846, -0.05941100098007551, 0.0577772399224519], [0.6310225054251708, 0.28889522929497485, -0.18322780269063937, 0.32519775132314394, 0.46202789232100805, 0.009052863223398405, -0.781664372711284, -0.5389975208838298, -0.33237890008370197, 0.5808824123195349, 0.026592826612803103], [0.006297301732211005, -0.7140881077792938, 0.1149079648999326, -0.2899140149395046, 0.3239667707694916, 0.7084538090285994, 0.023108824337595285, -0.088715661415983, 0.49026012651795586, 0.583842806741123, -0.007258667268238844]], "inverted": true, "swapped": false, "error_lsq": 0.04343514586536223, "error_max": 0.19426350097392625, "target": "962.xyz", "model": "24.xyz", "model_rescale": 4.28219845311461, "target_rescale": 3.8321701014451786},
{"mapping": [11, 9, 5, 13, 14, 6, 1, 4, 8, 10, 15], "R": [[-0.599300164231383, -0.731042653382922, 0.3262145798199315], [-0.12246593078893236, -0.3189797608362956, -0.9398159436681313], [0.7911013898029998, -0.6031820215421517, 0.10163680406272879]], "T": [0.21402337646868055, 0.012542056536262926, -0.04956941391261617], "aligned_model": [[-0.10286342094191128, -0.16984661537587456, -0.6267609762936398, 0.6347475764015262, 0.458290964264355, 0.3881155464970365, -0.0917634968847145, 0.6175130688289227, -0.20946102123799984, -0.07223298318209018, 0.25372857636544677], [0.45139456201090067, 0.16049321235882177, -0.09169569072554387, 0.28636926912258054, 0.6034631090696523, -0.0757525082163191, -0.5329104515891253, -0.5552224055506797, -0.12440414848011294, 0.40455703411147304, -0.03888909796106839], [0.009322922720311391, -0.5858789968317542, 0.03701490978383164, -0.3672583532464856, 0.36430288537780836, 0.8302562058160842, 0.08773808155339656, -0.27202875126637577, 0.48320892532373727, 0.5781935769876714, -0.014010253594336705]], "inverted": true, "swapped": false, "error_lsq": 0.04446855508045436, "error_max": 0.22592259248437113, "target": "962.xyz", "model": "25.xyz", "model_rescale": 4.100010024507729, "target_rescale": 3.8321701014451786},
{"mapping": [7, 4, 9, 6, 2, 1, 10, 0, 8, 3, 11], "R": [[0.32116160431118684, 0.5273473164312473, -0.7866130127127486], [-0.7920347256251407, -0.3057828816391132, -0.5283728065489258], [-0.5191687753709513, 0.7927178799227644, 0.31947166624066176]], "T": [0.14023934988018977, 0.09625647884866724, 0.09380140074579639], "aligned_model": [[-0.3962621029043151, 0.08610105315794199, -0.6151221900355426, 0.5957139615388471, 0.5484338288622481, 0.6197010800236502, -0.17212268718297097, 0.5111736700645885, -0.1293241184080816, -0.03190297457679492, 0.06307769790148614], [0.4960394548858286, -0.052082183140966506, -0.05933512825705249, 0.2620775595519633, 0.6714709756078812, -0.14330880840783033, -0.4620369547180519, -0.5548856809785735, -0.18002184688966472, 0.4289242433211001, 0.08056125317594542], [0.19818535509864738, -0.7669565596701299, -0.19694092151448112, -0.33692866028055285, 0.317995148275222, 0.55409638901718, 0.018033581900798054, -0.016928422421706085, 0.5711520603729057, 0.8133643271554368, -0.00421114530943148]], "inverted": true, "swapped": false, "error_lsq": 0.05956562055194803, "error_max": 0.3694429956264164, "target": "962.xyz", "model": "26.xyz", "model_rescale": 3.6694154284099745, "target_rescale": 3.8321701014451786},
{"mapping": [10, 11, 2, 9, 8, 5, 6, 3, 0, 4, 13], "R": [[-0.6219734969438829, -0.7057178759645713, 0.33928048668240807], [0.4302344970355809, -0.6700191212282064, -0.6049567379153014], [0.6542531976688676, -0.23029688823915104, 0.7203583112642108]], "T": [0.1857249285131815, -0.0027876868110764882, 0.12245109169440622], "aligned_model": [[0.011743176505979475, -0.2495192930950727, -0.479815978423414, 0.5635610398163318, 0.4998441522396687, 0.41656773144005016, -0.038074112327018905, 0.6801939639022461, -0.2199815702338544, -0.23441890097174423, 0.12936700958788483], [0.5474534504665285, 0.1967144501350036, -0.08263610354504353, 0.23107094415357277, 0.5135243987127448, -0.17790527421958152, -0.6343605266507871, -0.497518006365609, -0.15441029254371072, 0.5547139376162177, -0.009244093608755976], [-0.047418742910178516, -0.5895438760938246, 0.009273453698309578, -0.3946693480379701, 0.3300760806951537, 0.8586738369544543, -0.026613220265904527, -0.28199112208701965, 0.6217968290732377, 0.5562732573286624, 0.11500400426896853]], "inverted": true, "swapped": false, "error_lsq": 0.048340645430213124, "error_max": 0.23449357647428695, "target": "962.xyz", "model": "27.xyz", "model_rescale": 4.103607728864725, "target_rescale": 3.8321701014451786},
{"mapping": [10, 12, 3, 13, 11, 7, 2, 4, 0, 6, 14], "R": [[-0.7910435053828198, -0.3713407496220358, -0.4861648077162777], [0.336682831486647, 0.39926005424563793, -0.8527813788222067], [0.5107786639766727, -0.8382705152597905, -0.19080801784068313]], "T": [0.07043205414926468, 0.15664786176450315, 0.20392058580448733], "aligned_model": [[-0.22136551435810237, -0.0932256379515112, -0.546640492509414, 0.5296183172518696, 0.5802208644278418, 0.5042784830285089, -0.0262980903164918, 0.5876242008881557, -0.38315471272688706, 0.10638894596459642, 0.042020854742491134], [0.5597532782842045, -0.004101973780950147, -0.13572675239955503, 0.18369462062776598, 0.6116764750759628, -0.01221579774349063, -0.46425927171380044, -0.4928316540417289, -0.3414626404352422, 0.5764027834545499, 0.006473816822863604], [0.09375943797359948, -0.6235268550116003, -0.10795985558195079, -0.25246629127082776, 0.2755136262615756, 0.7546869484390245, -0.1787520118288823, -0.15980723693421509, 0.4402185195550888, 0.676974674149396, 0.2322201968726807]], "inverted": true, "swapped": false, "error_lsq": 0.051479328039791564, "error_max": 0.24772385168930405, "target": "962.xyz", "model": "28.xyz", "model_rescale": 4.137296879288765, "target_rescale": 3.8321701014451786},
{"mapping": [5, 6, 4, 0, 1, 7, 8, 9, 3, 2, 10], "R": [[-0.16127537198238798, 0.7126055163422335, -0.6827764146999816], [-0.5666069605331218, 0.4995949535344948, 0.6552567700362076], [0.8080512401248822, 0.49254264838842626, 0.3231948837020092]], "T": [0.10170624053061432, 0.01766099967491533, 0.11156150945087415], "aligned_model": [[-0.07042787333246568, -0.10563349179968924, -0.5940053845058443, 0.6530136630321158, 0.5239117782674964, 0.6522631232049212, 0.09356353898604854, 0.4295617007331513, -0.3354225230256234, -0.2301701265979817, 0.06281281347892792], [0.6493980903222625, 0.15461822934877198, -0.13306661129289504, 0.2922345395220275, 0.565398223207122, -0.17341805196698884, -0.6555674446551185, -0.5115122068252931, -0.2106534371312273, 0.5391499816148412, -0.029178427992923042], [-0.04488734026263383, -0.5625310476911303, -0.19322773717584854, -0.2218898955210639, 0.40936242239672505, 0.5291595693690812, 0.36661255558145944, -0.3609643956448638, 0.5834298035545326, 0.591172179393626, 0.05462503862400505]], "inverted": true, "swapped": false, "error_lsq": 0.05957892636205156, "error_max": 0.3873457635713938, "target": "962.xyz", "model": "29.xyz", "model_rescale": 3.607286011436655, "target_rescale": 3.8321701014451786},
{"mapping": [11, 9, 8, 1, 13, 7, 3, 0, 4, 12, 14], "R": [[-0.901720566725113, 0.31409593367606004, 0.2970585194757175], [-0.35895127658208525, -0.1609959534348951, -0.9193662404165603], [-0.24094397810493706, -0.9356409821217504, 0.25791849873402717]], "T": [0.07247923575762094, 0.07132920219998122, 0.23324485209122858], "aligned_model": [[-0.08715443701633721, -0.09828031646121796, -0.5325588970960591, 0.5287995076126073, 0.5373296121207684, 0.521147836703873, -0.03682651292486988, 0.5556883801865653, -0.34669192483772526, -0.013767666343944857, 0.05178163649739734], [0.5848008692954662, 0.03666218716397644, -0.10260854640442359, 0.24516892272528312, 0.6194253963639891, -0.03743675971729267, -0.6418021669140681, -0.5485550708017448, -0.43971000671037125, 0.661338137284236, 0.11011992186552863], [-0.00211657330392212, -0.5310827486810487, -0.02909746376411987, -0.31401890508374775, 0.3725259056828557, 0.8546588981109448, -0.09225067776479778, -0.28338711936355687, 0.47816107201895486, 0.6236969572332342, 0.07377180753909235]], "inverted": true, "swapped": false, "error_lsq": 0.044665031920396524, "error_max": 0.26303900476706216, "target": "962.xyz", "model": "30.xyz", "model_rescale": 3.964800864290218, "target_rescale": 3.8321701014451786},
