[{"mapping": [10, 7, 12, 0, 13, 6, 9, 8, 14, 2, 5, 15], "R": [[-0.5589981807586593, -0.823106028873212, -0.10008745746136705], [0.16731808583842878, -0.23020057225459106, 0.9586513207026961], [-0.8121118716407697, 0.5191379024558218, 0.26640222629305493]], "T": [-0.07585010446968149, 0.07862480571463863, -0.05824739572693817], "aligned_model": [[-0.1951766533631884, 0.16837563601135808, 0.4855762605185064, -0.15329219756510284, -0.22021250859440902, -0.5635481791928516, 0.367944463048282, -0.22973336044797538, 0.7126480189703388, 0.11066665795370476, -0.5788188905421303, -0.06678678433598355], [-0.3305515030119899, -0.6551402582499339, -0.40735874610765793, 0.7760967789699993, 0.324469816309679, -0.48017232815422733, -0.11028948577047189, -0.4431058599691325, -0.03541983509241203, 0.344147552853251, 0.028083032401708743, 0.04279587179824426], [-0.542161756180158, -0.06535398224459242, -0.509920534450167, 0.142120978689936, -0.8072084996901564, 0.06114451869767312, 0.49633593694272604, 0.5095854317267524, -0.014711760808301333, 0.5613569289719575, 0.38352174202295586, -0.032757258325063265]], "inverted": true, "swapped": true, "error_lsq": 0.04417405885970959, "error_max": 0.23383489882549122, "target": "963.xyz", "model": "0.xyz", "model_rescale": 3.751011558992144, "target_rescale": 4.150873278044582},
{"mapping": [0, 3, 13, 1, 14, 10, 9, 2, 11, 6, 7, 8, 5, 4, 15], "R": [[-0.6450381046559446, 0.6665658624996413, 0.3736519697418659], [0.7210246019928532, 0.6928546989489776, 0.008711455984484612], [-0.2530797638352673, 0.2750314838240001, -0.9275280675228402]], "T": [-0.016215378457511163, 0.05045160276516208, -0.05265704681239991], "aligned_model": [[0.2630253444636541, 0.05681912655156172, -0.68592058553322, 0.25884285393053147, -0.16284228519698976, -0.4980495548965414, 0.40305285638311084, 0.5680999068723149, -0.5248428857656322, 0.1553816168486358, -0.1492236190901179, 0.5184327875851374, 0.5205603313143032, -0.18723212232304795, 0.002982439945334172], [0.05983007222581472, -0.49037630189970044, 0.35101890666891544, 0.6032109833597215, -0.7239694278308976, 0.28735942909061746, -0.500111848860408, -0.27786481373276184, -0.35921314737055376, 0.5159310057307575, -0.1635057823860053, 0.0893459094176596, 0.4432385020974399, 0.6768471603857614, 0.03701670293074496], [-0.7268592269477268, -0.5491258815761975, -0.3741803580180729, -0.4792881554590661, 0.0714535484788994, 0.30448115247171725, 0.19492916756258602, -0.25261786569049294, -0.16936589832424906, 0.511471905427613, 0.6785330312408187, 0.5226303903671536, 0.03835026494326631, 0.09361580802917285, -0.014361477653445462]], "inverted": true, "swapped": true, "error_lsq": 0.03971378328965979, "error_max": 0.2477942566204097, "target": "963.xyz", "model": "1.xyz", "model_rescale": 3.9405287249114394, "target_rescale": 4.150873278044582},
{"mapping": [0, 13, 11, 6, 10, 3, 1, 4, 7, 9, 8, 2, 15], "R": [[-0.7067877907390334, -0.491044706573069, 0.509240724028239], [-0.6500624364565741, 0.1668675696650832, -0.7413326128683475], [0.27905169336590463, -0.8550031054567213, -0.4371496792735687]], "T": [-0.054431153453771426, -0.009464470284028859, -0.020869075803346408], "aligned_model": [[-0.4244493282022237, 0.27543954387042574, -0.2885860556874648, 0.5261041618102659, 0.45253153363929327, -0.7476783088938149, 0.1423450674560735, 0.5923343982598072, 0.12042739421657561, -0.5474742403742323, 0.054485426731822266, -0.6039959054902323, -0.05550040805236417], [0.5285539891588467, 0.5571385393602797, 0.07700444689903117, -0.3922047471707087, -0.1228342977878995, 0.22339934549420667, 0.5026659230796754, 0.12776300914636934, -0.7092924997125721, -0.5360612483932493, -0.6476547361156939, -0.09609249497589517, -0.053552635410373375], [0.3050674277993122, -0.48170457868675987, -0.6355581946565798, 0.26346647652648825, -0.402933600790886, -0.11830105234758376, 0.4912008861963556, 0.05579127482529361, -0.2997473691736927, 0.11987625550714526, 0.425412704104537, 0.4030112372044653, -0.012461116919450899]], "inverted": false, "swapped": true, "error_lsq": 0.04747993621167615, "error_max": 0.3001626668057491, "target": "963.xyz", "model": "2.xyz", "model_rescale": 3.932901565614263, "target_rescale": 4.150873278044582},
{"mapping": [11, 3, 14, 13, 12, 7, 9, 10, 4, 6, 2, 1, 8, 15], "R": [[-0.6522752182912203, 0.21347336477878692, 0.7273005995688193], [0.7535949621853172, 0.07955158124833311, 0.6525076083003173], [0.08143508194906712, 0.9737046104701944, -0.21276197728221063]], "T": [0.09856055923668201, 0.03280515990729049, 0.04065018029114893], "aligned_model": [[-0.1439453627287784, 0.5542750917230811, 0.16497509175036973, -0.4105604307802147, -0.47499868360851, -0.2744715991644188, 0.510964273077274, -0.5395484428902944, -0.3081247326291343, -0.1596234634635197, 0.7802552653504101, 0.34579599714169384, 0.27324755974700826, 0.10156934852773701], [-0.028096293575555188, 0.07653114408277689, -0.5033893097428006, 0.5900234825996038, -0.45424354536851996, -0.6372713552338938, -0.5708219520526168, -0.009318156297908886, 0.330392642384407, -0.15511556562111065, -0.1213574298951281, 0.6449419165768896, -0.4901907995393614, -0.008588139966293734], [-0.5738658858054217, -0.5379018644433041, -0.5464745278081244, -0.22865738846459338, -0.3943228692484339, 0.14041168406510174, -0.03526020818234804, 0.12359421433352938, 0.47546351151001076, 0.7206390695223928, 0.013695131405255412, 0.39754974078785205, 0.6012540887457245, 0.05777166663945628]], "inverted": true, "swapped": true, "error_lsq": 0.04430953385082199, "error_max": 0.27824120119091544, "target": "963.xyz", "model": "3.xyz", "model_rescale": 3.9243930471874484, "target_rescale": 4.150873278044582},
{"mapping": [7, 9, 12, 10, 11, 6, 4, 14, 3, 0, 13, 1, 15], "R": [[-0.2571935940603125, 0.9095698245280254, 0.3263957559197064], [0.37558498055163264, 0.40529027286076447, -0.8334720853804746], [-0.8903860834258188, -0.0917743375487095, -0.445858826770455]], "T": [-0.10578485883304485, -0.0284221315785059, -0.06331670623923771], "aligned_model": [[0.09976443213487297, -0.23733688654693147, 0.6284490185403375, 0.2145377283345375, 0.5338285410289563, -0.47462337986273645, -0.23507546663739526, 0.37039947802838835, 0.07719691911184921, -0.3512307124639272, 0.3625177059220131, -0.5938053758418778, -0.11741611543673494], [-0.5269297849868965, 0.19469361517517553, -0.31622468448371277, -0.575958620711389, 0.14250211875692462, -0.6785224195336261, -0.5333726298268028, 0.25357770778715827, 0.6786411803520677, 0.5779206893650715, -0.12808924752325762, 0.08549075812926712, -0.045899128818392226], [-0.6177060039860687, -0.7511526809568158, -0.42863643476242075, 0.052590232142962656, -0.10606836210996243, -0.13872120971230165, 0.35059488142783213, -0.638082215119675, -0.16766854924990318, 0.260282788741486, 0.579320191279135, 0.49531903862646187, -0.10300136094976572]], "inverted": false, "swapped": true, "error_lsq": 0.04804931960883005, "error_max": 0.28643778730884484, "target": "963.xyz", "model": "4.xyz", "model_rescale": 3.8936222436046832, "target_rescale": 4.150873278044582},
{"mapping": [1, 0, 13, 4, 11, 14, 9, 7, 6, 5, 10, 15], "R": [[0.24229852643185124, 0.8715589925342564, -0.4262350837526467], [0.32678372800476096, -0.4869694196793622, -0.8099834439100937], [-0.9135118057257192, 0.056971105218500295, -0.402803269562101]], "T": [-0.14852335325254395, -0.08444760985471644, -0.022493238422237015], "aligned_model": [[0.10801254665874382, -0.4539572362088018, -0.27783245866229533, 0.3753756255707803, -0.6679008153822773, -0.7162946424319687, -0.3218096684312688, 0.06989699320631904, 0.5813541926906309, 0.3505009128307315, 0.1120696737967456, -0.13186708142224218], [-0.6032142796229011, -0.6799433191399066, 0.272175774428587, 0.06890082792981861, 0.3239892277493187, 0.18907161444471254, -0.24351725952996955, 0.44123389900934784, 0.02269727321947934, -0.5283780447152219, 0.4845064290331239, -0.07859923769658159], [-0.5002845540602798, -0.31353777125420484, -0.7284124443158028, -0.4033186393208861, -0.08228041292595822, 0.466846949376787, 0.6738354196730195, 0.5010135795577861, 0.11948147798073824, 0.04527543092949244, -0.17812023168926144, 0.01878591532408825]], "inverted": true, "swapped": true, "error_lsq": 0.04009702919277002, "error_max": 0.2050563282507544, "target": "963.xyz", "model": "5.xyz", "model_rescale": 3.6523030999806103, "target_rescale": 4.150873278044582},
{"mapping": [7, 8, 6, 10, 4, 14, 5, 11, 2, 0, 1, 13, 15], "R": [[-0.8558759649443121, 0.17637836650386968, 0.48617589868284233], [-0.3397496829385085, -0.9005027611969857, -0.27141284055804693], [0.38993138572552183, -0.39747383424073524, 0.8306431637713892]], "T": [0.04072607131980506, -0.09913361985857416, -0.04211054224685652], "aligned_model": [[0.1848492087873982, -0.28843214848322635, 0.22787166971943595, 0.6335210399389232, 0.5208463815505627, -0.19137058314137823, -0.20659211599403127, 0.25102420120892543, -0.654954565440511, -0.317675291549632, -0.001489781798386755, 0.6985776501486644, 0.024907239717550145], [-0.41557246171257645, 0.14091394795711654, 0.33840640753918, -0.1573799354189023, 0.3509233049704636, -0.8557737372864735, 0.4938837292046928, -0.6909594079261286, -0.08523461189466663, 0.1044917060771374, 0.5535978664498739, -0.13144530226565038, -0.10502460153088303], [0.6486881734388148, 0.6304584842784774, 0.5391753835789254, 0.20494952544992384, 0.05762471465884862, 0.05916975178723517, 0.15245610344265154, -0.255804336866173, -0.1130726470133598, -0.6443539369446252, -0.41004191551076635, -0.4986302719643689, -0.0005092888537947676]], "inverted": false, "swapped": true, "error_lsq": 0.05076963745578404, "error_max": 0.3104891755892822, "target": "963.xyz", "model": "6.xyz", "model_rescale": 4.08911054899281, "target_rescale": 4.150873278044582},
{"mapping": [0, 11, 3, 1, 5, 8, 2, 9, 4, 13, 6, 10, 7, 14, 15], "R": [[-0.660237823878239, -0.7509275557780404, 0.013921993167131858], [-0.6314019192864904, 0.5449185863747784, -0.5517203553836394], [0.4067156651050753, -0.3730570200338432, -0.8339129616222576]], "T": [-0.0055383395209219945, -0.11221404670953311, -0.016658647221824932], "aligned_model": [[0.0010158369072580282, 0.44401376776787294, 0.5541563694432035, -0.5529752803608813, -0.43888634738769844, -0.11153872663233984, 0.2914137413989763, 0.5008544010143408, -0.625337970586821, -0.24161597250757247, -0.5107046705052672, -0.22677488218169836, 0.17857019365014043, 0.7696356896190292, 0.004507390161011964], [-0.5091884038854063, -0.4613205119595653, -0.43417146972529813, -0.3530297869951845, 0.23305926234526403, 0.6588475377567411, 0.08038732082626798, 0.3731967126391403, -0.14026476583514436, -0.7790631861383508, 0.4095947444452526, -0.11033203309540673, 0.43097713587553305, -0.02911857467821205, -0.06881516540651793], [-0.6290150134354355, 0.3241868947297719, -0.3735835914334044, -0.47001793293157995, -0.3957204994482653, -0.12866317754070478, -0.6199202206368678, -0.23608446065884747, 0.22432982519917627, 0.3599081923371233, 0.1753846855239793, 0.589054185202167, 0.5021431185382917, 0.1531388478946743, -0.011070821257997857]], "inverted": true, "swapped": true, "error_lsq": 0.0512982943609395, "error_max": 0.2971306026181038, "target": "963.xyz", "model": "7.xyz", "model_rescale": 3.964800864290218, "target_rescale": 4.150873278044582},
{"mapping": [10, 6, 7, 13, 14, 1, 11, 8, 5, 2, 0, 3, 9, 15], "R": [[-0.7906497831969554, 0.41476623250338396, -0.4503797205753787], [-0.43859790463112514, -0.8969342467128705, -0.05604315414751333], [-0.4272058033124009, 0.15322509405630774, 0.8910764681931859]], "T": [-0.06630912844946553, -0.043597791860213855, 0.02935158397883561], "aligned_model": [[-0.17068199194683925, 0.31924169078954173, 0.4479598714193704, -0.8017871658069117, 0.15585780546751332, -0.3669655287567453, -0.3487328314673394, 0.6741122847918282, 0.2195417489215455, 0.24265599920726028, -0.3898314401191826, -0.22951468813662462, 0.5318937206335378, -0.02256158553608159], [-0.13390679357233776, -0.5851559574798513, 0.14060494141094232, -0.07371944240915107, 0.7218059028670616, -0.6188618142519557, 0.52135255601502, -0.3078259712159699, -0.6000173015432307, 0.08488924172984309, -0.08975876041942984, 0.4808166847259514, 0.3113726072952986, -0.040647426970988304], [-0.6005593420432095, -0.320538966298738, -0.5181012759184532, -0.28748867694454494, -0.008461903625135492, 0.406035935128098, -0.17366580720913585, 0.012718365184134356, 0.273028925624355, 0.6435437226372545, 0.6818961384421646, 0.5219605235159577, 0.26674212219197124, 0.019705278040303167]], "inverted": true, "swapped": true, "error_lsq": 0.03556329014066718, "error_max": 0.2262206207254207, "target": "963.xyz", "model": "8.xyz", "model_rescale": 4.121658175737393, "target_rescale": 4.150873278044582},
{"mapping": [13, 4, 1, 0, 10, 11, 6, 9, 5, 7, 3, 2, 15], "R": [[0.49714697766755367, -0.8044793080786228, -0.32505065062134153], [0.13118791948439956, 0.44001234596287453, -0.8883573972121819], [0.8576914435724374, 0.39900147653058654, 0.32428877462693684]], "T": [-0.07790260520708031, -0.008167248542172233, -0.01126493561051569], "aligned_model": [[-0.6871359944293693, -0.11216954755028365, 0.283287306300177, 0.16646015182971963, -0.4852378983026681, -0.6635052660900351, 0.20961389756270943, 0.2324997009706144, 0.5306626473777212, -0.21787446791414788, -0.13819680579181495, 0.4184188612183339, -0.06008508874575923], [0.0847102978235531, -0.4079861909093314, 0.1982112865142677, 0.637311007832677, -0.4859948102576107, 0.19602536325201578, -0.6837202322273311, 0.03342887772769703, -0.17884450884403233, -0.6074452421139708, 0.6653623074913497, 0.37478516019913966, -0.035455877076713646], [-0.5235455687079953, -0.5422870249246513, -0.6358958786465906, -0.24844963209586066, -0.15822059358475873, 0.2243682657235007, -0.1703891167013497, 0.6536599256780953, -0.23756042350928272, 0.4571170122175908, 0.28374813495240586, 0.2989169557098279, 0.019613377848157445]], "inverted": false, "swapped": true, "error_lsq": 0.04217297615854394, "error_max": 0.2550006043673883, "target": "963.xyz", "model": "9.xyz", "model_rescale": 3.833441315466971, "target_rescale": 4.150873278044582},
{"mapping": [11, 3, 7, 8, 9, 14, 2, 5, 4, 6, 13, 1, 0, 12, 15], "R": [[-0.7435685932866924, -0.05679217488593802, -0.6662434959902983], [0.023814623097924842, -0.998003687416971, 0.05849362041139743], [-0.6682354456360073, 0.027627681297095787, 0.743436682187389]], "T": [0.022116773606420247, 0.007927332024170982, 0.09872077200600726], "aligned_model": [[-0.025674607003322636, 0.08612844933183808, -0.6546269763964364, -0.5131488311052419, -0.574487255927603, -0.4978796515074628, -0.1233290333751563, 0.07498711483497009, 0.30357587850873463, -0.1863531661888447, 0.5801430189453759, 0.6276484261948772, 0.5066937187844006, -0.4601639189635132, -0.019668147838083315], [-0.642224444000276, -0.47456674819637584, 0.020922924817042853, 0.5789137170606591, -0.003965594715559217, -0.5689119281753237, 0.10468301317440509, 0.6566453698437197, 0.3662983092798466, 0.6234510524683808, -0.33834929891187865, 0.418742892937094, -0.02750498675524507, -0.5373741068138931, 0.024341367282381614], [0.22187415923964332, -0.4557268208292228, 0.4728289066147202, 0.022679043757718537, -0.3303795551881101, -0.08428471434424653, -0.5785415158080596, -0.06578356260868967, 0.5838649611715543, 0.47558800580459104, 0.5579834556516914, -0.06794073983788448, -0.44583560865083305, 0.5735258631383161, 0.09827002971090396]], "inverted": false, "swapped": true, "error_lsq": 0.03665250540945157, "error_max": 0.20335129387981615, "target": "963.xyz", "model": "10.xyz", "model_rescale": 4.2482417240324, "target_rescale": 4.150873278044582},
{"mapping": [1, 13, 11, 10, 2, 9, 3, 7, 4, 8, 5, 15], "R": [[-0.023787043386954365, 0.45224340954567227, 0.8915772961944537], [0.9820748155869049, -0.15623490480382196, 0.10545004082923592], [0.18698457999753337, 0.8781039534380004, -0.44042049657083404]], "T": [-0.018363346586538626, 0.011982908163368153, 0.012779097163446877], "aligned_model": [[-0.6623216416386134, 0.10158054750883765, 0.35543521617517115, 0.471556202736513, -0.43762092884561865, 0.0489458472417478, -0.247264833306897, 0.6424355661731247, 0.004278211867741855, 0.023052192883798922, -0.4232289653118674, -8.181312093182014e-05], [-0.29414523882101185, -0.7613629333770546, -0.14247101700935533, -0.32772689024457535, 0.5393545428441696, 0.7318750265920072, 0.19460464377777026, 0.33232128387389553, -0.4267965491216565, 0.5858869557391398, 0.1862239051336, 0.048367660663710614], [-0.22135193188296876, 0.1853267133461158, 0.5386752125621677, -0.2330120198517224, 0.20066893124417035, 0.14480072725216075, 0.6899523219266691, -0.2297822495576782, -0.48719471919908686, -0.523164893553766, -0.49359620577901436, -0.0061295966526905]], "inverted": false, "swapped": true, "error_lsq": 0.04535258701185976, "error_max": 0.2328549471262689, "target": "963.xyz", "model": "11.xyz", "model_rescale": 3.6694154284099745, "target_rescale": 4.150873278044582},
{"mapping": [4, 5, 2, 8, 6, 13, 10, 11, 9, 14, 3, 7, 0, 15], "R": [[0.368413887738227, -0.3827024418152387, 0.8472367132922529], [0.863700183145812, -0.19625914827934793, -0.4642244504014802], [0.34393778646071527, 0.9027852389939255, 0.25823557326438334]], "T": [-0.039037237770946774, 0.00680441070126863, -0.0620665713924601], "aligned_model": [[0.06989329507510317, 0.14201849211341178, -0.13034795789825432, 0.6211159634976428, 0.5428226594520974, -0.4758632462640966, 0.2257597935819383, -0.24030035203567038, 0.28285663229937114, 0.0633839472986214, -0.5106094658194824, 0.65894446181625, -0.6535551618427605, 0.002145788981638308], [-0.46600022711043326, 0.2651924129671214, 0.7002165737368858, 0.3576675577401566, -0.15922427481453183, -0.6643629490737105, -0.5790424472135691, -0.21512809783999182, 0.5946090445209249, 0.23472167088128565, 0.4092391837924879, -0.12002750707623072, 0.3493510254096313, 0.023775322216227447], [-0.5177021525648673, -0.6546427307527545, -0.06856854360179607, -0.3058079647259798, -0.5072986611256728, -0.03140027579654874, -0.012034817427167908, 0.5298685814786076, 0.23971969309295685, 0.6956896200266475, 0.33790349301009925, 0.24589949273576148, -0.25608062880195853, -0.05644964589491159]], "inverted": false, "swapped": true, "error_lsq": 0.03789638154339462, "error_max": 0.210600599029502, "target": "963.xyz", "model": "12.xyz", "model_rescale": 3.9764082729961374, "target_rescale": 4.150873278044582},
{"mapping": [6, 14, 5, 4, 11, 13, 10, 1, 12, 9, 8, 7, 2, 3, 0, 15], "R": [[-0.60536974846192, 0.4816512867480951, 0.633671449270879], [0.43612708961642277, -0.46524978423919733, 0.7702829350103048], [0.6658232718596284, 0.7426672715552268, 0.07158697095739364]], "T": [0.1079986746796516, -0.03135046580981665, 0.0314689998673945], "aligned_model": [[0.10112113478181081, -0.47774802242348, 0.815407000003078, 0.2186329282386291, -0.5702356239711214, 0.0332669519951668, -0.12772822387730678, 0.27039427198259636, 0.4394891617693819, 0.6797929096619844, -0.40153504822652375, -0.0831837759839765, 0.09353557094154982, -0.6818577977734988, 0.48661360846682444, 0.04883544942106665], [-0.2303393900655575, -0.3181285172105165, 0.07529213971020349, 0.4731897564323004, -0.4194136229425501, -0.599883319929438, -0.49393746157393076, -0.10466495684506462, -0.5295999784860488, 0.0653022196207565, 0.07318977866851115, 0.6997038103916908, 0.47939259812789453, 0.250388326278953, 0.5819613463242104, 0.029038548452620487], [-0.7061046663976969, -0.4305561029599942, -0.40559475038618714, -0.4675930682749872, 0.17271318898425747, -0.1822273023891156, 0.6451407358997088, 0.6410387117477159, 0.252997812971195, 0.19024159749573127, 0.510112457102875, 0.037996995634055314, 0.6439980646275081, -0.04059661793914594, 0.11868875974135862, -0.03517598874002449]], "inverted": true, "swapped": false, "error_lsq": 0.037695980621716536, "error_max": 0.31137486343005427, "target": "963.xyz", "model": "13.xyz", "model_rescale": 4.170626492500431, "target_rescale": 4.150873278044582},
{"mapping": [4, 1, 10, 13, 7, 14, 11, 5, 8, 0, 2, 3, 9, 15], "R": [[-0.44147320939796963, 0.8621738326149406, -0.24851094088172634], [-0.6408497327761054, -0.4968257380878267, -0.5852143248197883], [-0.6280231089575056, -0.09909827610786487, 0.7718591233429832]], "T": [-0.03444272003451525, -0.01070760740004843, 0.022716973278817172], "aligned_model": [[0.09263697191537897, 0.08229807479545277, -0.13131456387662482, -0.6508964913934727, 0.22796885512099524, -0.28936807411334325, -0.6054046823021316, 0.538534347631439, 0.71948593705126, -0.2083799077101237, 0.20674356331720162, -0.41583129882458547, 0.2779690630482049, -0.0012587725680071535], [-0.41249081022666095, -0.739222412609326, 0.06579638018637947, -0.34593410792886564, 0.5966157152903455, 0.7082000236205966, 0.3247689656146864, -0.35093808776407015, 0.21173747256919298, -0.43960290622967313, 0.06230330442987951, 0.13598471347934946, 0.5195174382414329, 0.01933877925239915], [-0.49248675261318875, 0.1600189482032675, -0.6102128576667925, -0.3643630563396975, -0.3777907444009819, 0.2568445115588741, -0.01735809774105851, 0.10415739224436868, 0.002057100537629704, 0.5869922554873631, 0.6751730519348901, 0.63699238402007, 0.42454427365340985, 0.019304692242712213]], "inverted": true, "swapped": true, "error_lsq": 0.0403493064743069, "error_max": 0.2855811674859152, "target": "963.xyz", "model": "14.xyz", "model_rescale": 3.9786697098870705, "target_rescale": 4.150873278044582},
{"mapping": [7, 11, 8, 6, 9, 2, 13, 0, 5, 4, 3, 15], "R": [[-0.2515217953888218, 0.9675519721192539, -0.02408251840084219], [-0.730589595543279, -0.17348407313242872, 0.6604105687019937], [0.634803614772547, 0.1837020893118131, 0.7505184295233416]], "T": [-0.043330453891400535, -0.04454842943262401, 0.022591788112066632], "aligned_model": [[0.0033722980209771394, -0.6906478948947951, 0.6049852591739805, 0.5197952069133531, 0.10937519059645434, 0.19216781679801523, -0.5441635934209087, -0.05324814834984038, 0.6091547549005628, 0.17785829102425507, -0.4242041830858746, -0.021090400908843017], [-0.3350593092794648, -0.032772875771338174, -0.02089687868656008, -0.5078230240257742, 0.44334965508679375, 0.6130105839009637, -0.4878560872183374, 0.43814029955723144, -0.01632795009170472, -0.6187559737102434, 0.5822397110958238, -0.042573660632950754], [-0.692621583291743, -0.12228599356695158, -0.421755378255851, -0.15802996663104818, -0.5054625138537454, -0.01424650154102625, 0.4640297736847975, 0.5698806944211331, 0.17802247534779247, 0.2763142833110518, 0.10247917497766712, -0.01635797072824691]], "inverted": true, "swapped": true, "error_lsq": 0.04620901193644219, "error_max": 0.3138329153717334, "target": "963.xyz", "model": "15.xyz", "model_rescale": 3.769337070930944, "target_rescale": 4.150873278044582},
{"mapping": [5, 1, 9, 2, 6, 4, 7, 13, 14, 3, 15], "R": [[-0.41724342490915955, 0.1807052194241895, 0.8906478249246053], [0.907177831062759, 0.14125256517552065, 0.3963282675505297], [-0.05418770338687123, 0.9733413257969636, -0.2228684730899947]], "T": [0.02684258061042913, -0.0067201061869028855, 0.04638101781393594], "aligned_model": [[-0.23392477529772357, -0.3652429534932309, -0.202376552908952, -0.5845093869902803, 0.3594500694105106, 0.3536628497058222, 0.5774921047881674, 0.3454057901362034, 0.08600634953445732, -0.4497451858285444, 0.03640782163474089], [-0.06855295486964137, -0.5681683288978271, 0.6911997741490159, 0.3300229260626655, 0.015471410710500788, -0.45688491632374606, 0.5175520716340094, -0.64295106968019, 0.5973062436861265, 0.14967500525906713, 0.031394335895361405], [-0.5691424395762283, -0.2606350958774971, 0.022478507040168513, 0.001068182539377932, -0.6268484178991911, -0.31906942311557096, -0.09515226472457616, 0.4150958816830111, 0.5643410928957711, 0.5874122879585937, 0.02466929629991833]], "inverted": false, "swapped": true, "error_lsq": 0.041296757272022616, "error_max": 0.21094946467867196, "target": "963.xyz", "model": "16.xyz", "model_rescale": 3.7852294659196426, "target_rescale": 4.150873278044582},
{"mapping": [9, 6, 10, 7, 8, 5, 1, 4, 11, 3, 0, 13, 15], "R": [[-0.2851842101174529, 0.9578589425053299, 0.03429595547955985], [-0.17377203808402464, -0.016482174901144397, -0.9846479658693521], [-0.9425885873910256, -0.28676573047192994, 0.1711495566663603]], "T": [0.05915595402394315, 0.10266680988640622, -0.04018390921364925], "aligned_model": [[-0.11391364818663112, -0.46889864944950854, 0.2445231196531682, 0.04617440275861353, -0.5800083385292931, -0.5968584594584286, -0.29431918724050393, -0.12953804724047258, 0.7072036131310767, 0.3968622513929837, 0.026449118750398078, 0.5784453762551267, 0.03764429837975418], [-0.10134303014128809, -0.3213834770989452, -0.33172951136473805, -0.6605370430964305, -0.29712708274822397, 0.2162481102335621, 0.6628327981528279, 0.008688201664970197, 0.018630319013438507, 0.5165782823838413, 0.8208694757372225, 0.2739770070307036, 0.06935157393593362], [-0.7247507784991245, 0.28492802227588643, 0.39887876870021366, -0.16451911379898176, -0.2636809214002455, 0.04605076592299206, 0.31263822303202093, 0.591145216073853, -0.15472737014864982, -0.5490472650667967, -0.1655916857562428, 0.5456610536580432, -0.06123021784979449]], "inverted": false, "swapped": true, "error_lsq": 0.04759635990292774, "error_max": 0.34445733500058895, "target": "963.xyz", "model": "17.xyz", "model_rescale": 3.901054581598922, "target_rescale": 4.150873278044582},
{"mapping": [0, 3, 13, 1, 14, 10, 9, 2, 11, 6, 7, 8, 5, 4, 15], "R": [[-0.6450381046559446, 0.6665658624996413, 0.3736519697418659], [0.7210246019928532, 0.6928546989489776, 0.008711455984484612], [-0.2530797638352673, 0.2750314838240001, -0.9275280675228402]], "T": [-0.016215378457511163, 0.05045160276516208, -0.05265704681239991], "aligned_model": [[0.2630253444636541, 0.05681912655156172, -0.68592058553322, 0.25884285393053147, -0.16284228519698976, -0.4980495548965414, 0.40305285638311084, 0.5680999068723149, -0.5248428857656322, 0.1553816168486358, -0.1492236190901179, 0.5184327875851374, 0.5205603313143032, -0.18723212232304795, 0.002982439945334172], [0.05983007222581472, -0.49037630189970044, 0.35101890666891544, 0.6032109833597215, -0.7239694278308976, 0.28735942909061746, -0.500111848860408, -0.27786481373276184, -0.35921314737055376, 0.5159310057307575, -0.1635057823860053, 0.0893459094176596, 0.4432385020974399, 0.6768471603857614, 0.03701670293074496], [-0.7268592269477268, -0.5491258815761975, -0.3741803580180729, -0.4792881554590661, 0.0714535484788994, 0.30448115247171725, 0.19492916756258602, -0.25261786569049294, -0.16936589832424906, 0.511471905427613, 0.6785330312408187, 0.5226303903671536, 0.03835026494326631, 0.09361580802917285, -0.014361477653445462]], "inverted": true, "swapped": true, "error_lsq": 0.03971378328965979, "error_max": 0.2477942566204097, "target": "963.xyz", "model": "18.xyz", "model_rescale": 3.9405287249114394, "target_rescale": 4.150873278044582},
{"mapping": [10, 2, 11, 14, 6, 5, 8, 7, 9, 13, 0, 12, 4, 1, 13, 15], "R": [[-0.11818998246169471, -0.8278435326482436, -0.5483668603208811], [0.48866796986798655, 0.4322487220121071, -0.757868496207621], [0.8644274077508214, -0.35754178465093633, 0.3534531495938586]], "T": [0.014137305683124976, 0.11408606843914262, 0.07002402049731524], "aligned_model": [[0.041541377379102906, -0.3717343631106628, 0.5354840623588776, 0.3797830559234069, -0.5369772292064028, 0.005993967852710544, -0.19604904463816036, 0.36820885192053504, 0.5676078216827358, 0.6523953456601981, -0.49957234427426733, -0.06307868135505203, -0.06724660265698328, -0.6277278273852547, 0.6523953456601981, 0.0037767591951992155], [0.002177726460576096, -0.4383562267371005, -0.1657051541496087, 0.5257823622343519, -0.3882862720479414, -0.7122819272724367, -0.4509335501312567, -0.05996526278925804, -0.388879631496188, 0.3236236592615658, 0.07547878256750404, 0.6564334466354523, 0.43615463094480267, 0.19966473693775244, 0.3236236592615658, 0.09296029727425348], [-0.707555285295101, -0.4788255479053104, -0.3412272809787792, -0.47453847277842964, 0.11669581646927962, -0.02114760047914166, 0.5270214869072892, 0.6530892168381823, 0.24237755125378832, 0.0629164323742806, 0.5253108871805418, 0.0760302604776801, 0.7214175491149282, -0.05727431581763784, 0.0629164323742806, 0.03787269738140433]], "inverted": true, "swapped": false, "error_lsq": 0.041900383907870764, "error_max": 0.3378133220602504, "target": "963.xyz", "model": "19.xyz", "model_rescale": 4.410303926677745, "target_rescale": 4.150873278044582},
{"mapping": [10, 6, 7, 13, 14, 1, 11, 8, 5, 2, 0, 3, 9, 15], "R": [[-0.7906497831969554, 0.41476623250338396, -0.4503797205753787], [-0.43859790463112514, -0.8969342467128705, -0.05604315414751333], [-0.4272058033124009, 0.15322509405630774, 0.8910764681931859]], "T": [-0.06630912844946553, -0.043597791860213855, 0.02935158397883561], "aligned_model": [[-0.17068199194683925, 0.31924169078954173, 0.4479598714193704, -0.8017871658069117, 0.15585780546751332, -0.3669655287567453, -0.3487328314673394, 0.6741122847918282, 0.2195417489215455, 0.24265599920726028, -0.3898314401191826, -0.22951468813662462, 0.5318937206335378, -0.02256158553608159], [-0.13390679357233776, -0.5851559574798513, 0.14060494141094232, -0.07371944240915107, 0.7218059028670616, -0.6188618142519557, 0.52135255601502, -0.3078259712159699, -0.6000173015432307, 0.08488924172984309, -0.08975876041942984, 0.4808166847259514, 0.3113726072952986, -0.040647426970988304], [-0.6005593420432095, -0.320538966298738, -0.5181012759184532, -0.28748867694454494, -0.008461903625135492, 0.406035935128098, -0.17366580720913585, 0.012718365184134356, 0.273028925624355, 0.6435437226372545, 0.6818961384421646, 0.5219605235159577, 0.26674212219197124, 0.019705278040303167]], "inverted": true, "swapped": true, "error_lsq": 0.03556329014066718, "error_max": 0.2262206207254207, "target": "963.xyz", "model": "20.xyz", "model_rescale": 4.121658175737393, "target_rescale": 4.150873278044582},
{"mapping": [7, 8, 6, 10, 4, 14, 5, 11, 2, 0, 1, 13, 15], "R": [[-0.8558759649443121, 0.17637836650386968, 0.48617589868284233], [-0.3397496829385085, -0.9005027611969857, -0.27141284055804693], [0.38993138572552183, -0.39747383424073524, 0.8306431637713892]], "T": [0.04072607131980506, -0.09913361985857416, -0.04211054224685652], "aligned_model": [[0.1848492087873982, -0.28843214848322635, 0.22787166971943595, 0.6335210399389232, 0.5208463815505627, -0.19137058314137823, -0.20659211599403127, 0.25102420120892543, -0.654954565440511, -0.317675291549632, -0.001489781798386755, 0.6985776501486644, 0.024907239717550145], [-0.41557246171257645, 0.14091394795711654, 0.33840640753918, -0.1573799354189023, 0.3509233049704636, -0.8557737372864735, 0.4938837292046928, -0.6909594079261286, -0.08523461189466663, 0.1044917060771374, 0.5535978664498739, -0.13144530226565038, -0.10502460153088303], [0.6486881734388148, 0.6304584842784774, 0.5391753835789254, 0.20494952544992384, 0.05762471465884862, 0.05916975178723517, 0.15245610344265154, -0.255804336866173, -0.1130726470133598, -0.6443539369446252, -0.41004191551076635, -0.4986302719643689, -0.0005092888537947676]], "inverted": false, "swapped": true, "error_lsq": 0.05076963745578404, "error_max": 0.3104891755892822, "target": "963.xyz", "model": "21.xyz", "model_rescale": 4.08911054899281, "target_rescale": 4.150873278044582},
{"mapping": [8, 6, 1, 11, 7, 0, 13, 3, 4, 2, 12, 9, 14, 10, 15, 16], "R": [[0.4431651890206334, 0.6266430648921986, -0.6410328263535482], [0.03735870794718982, -0.72737631917666, -0.6852211447711829], [-0.8956611759928098, 0.27971799999915214, -0.34575843922549665]], "T": [0.041661496199777805, 0.049847077624190834, 0.007403482362605351], "aligned_model": [[0.05030568617003637, -0.33789535003067966, 0.6375233740077115, 0.3192071679268393, -0.5018840798324956, 0.11154743335309977, -0.1186114111026981, 0.3057318209767243, 0.3888833922747954, 0.7358514943215545, -0.42093618308701464, -0.3311696013208899, 0.123780321435279, -0.7545892499424572, 0.5959028371629863, 0.04115284269338945], [0.061726191077624344, -0.36629271331332985, -0.11072569170932456, 0.5337500229176474, -0.3922742238678313, -0.7045418485288264, -0.31144721069752657, -0.052030312335921196, -0.45692255234609325, -0.06428704455745266, 0.1668326871641892, 0.6398047791250732, 0.4081311186863009, 0.15453752506941032, 0.5199978533891269, 0.005232696880968182], [-0.6858109020116602, -0.480785419016189, -0.4917592061366536, -0.5167142237877781, 0.12939999687092335, -0.15412887373107, 0.5370344845133045, 0.828480022206237, 0.33742421336841655, 0.16966092605862204, 0.5706860582631156, 0.15056246644620674, 0.5334373504825287, -0.07108262275537353, 0.06469049580462988, 0.02398506054199433]], "inverted": true, "swapped": false, "error_lsq": 0.039013710517196924, "error_max": 0.2945849061485611, "target": "963.xyz", "model": "22.xyz", "model_rescale": 4.204369325754507, "target_rescale": 4.150873278044582},
{"mapping": [10, 2, 11, 14, 6, 5, 8, 7, 9, 13, 0, 12, 4, 1, 13, 15], "R": [[-0.11818998246169471, -0.8278435326482436, -0.5483668603208811], [0.48866796986798655, 0.4322487220121071, -0.757868496207621], [0.8644274077508214, -0.35754178465093633, 0.3534531495938586]], "T": [0.014137305683124976, 0.11408606843914262, 0.07002402049731524], "aligned_model": [[0.041541377379102906, -0.3717343631106628, 0.5354840623588776, 0.3797830559234069, -0.5369772292064028, 0.005993967852710544, -0.19604904463816036, 0.36820885192053504, 0.5676078216827358, 0.6523953456601981, -0.49957234427426733, -0.06307868135505203, -0.06724660265698328, -0.6277278273852547, 0.6523953456601981, 0.0037767591951992155], [0.002177726460576096, -0.4383562267371005, -0.1657051541496087, 0.5257823622343519, -0.3882862720479414, -0.7122819272724367, -0.4509335501312567, -0.05996526278925804, -0.388879631496188, 0.3236236592615658, 0.07547878256750404, 0.6564334466354523, 0.43615463094480267, 0.19966473693775244, 0.3236236592615658, 0.09296029727425348], [-0.707555285295101, -0.4788255479053104, -0.3412272809787792, -0.47453847277842964, 0.11669581646927962, -0.02114760047914166, 0.5270214869072892, 0.6530892168381823, 0.24237755125378832, 0.0629164323742806, 0.5253108871805418, 0.0760302604776801, 0.7214175491149282, -0.05727431581763784, 0.0629164323742806, 0.03787269738140433]], "inverted": true, "swapped": false, "error_lsq": 0.041900383907870764, "error_max": 0.3378133220602504, "target": "963.xyz", "model": "23.xyz", "model_rescale": 4.410303926677745, "target_rescale": 4.150873278044582},
{"mapping": [2, 0, 5, 4, 7, 12, 13, 14, 6, 15, 11, 10, 9, 1, 8, 16], "R": [[-0.630040886433715, -0.108735880093233, 0.7689115617560768], [0.4529903090397731, -0.855695870797762, 0.2501686563414987], [0.6307521393842989, 0.5059259679834689, 0.5883796848822369]], "T": [0.01656889610039771, 0.0211503663920965, 0.11184291668081178], "aligned_model": [[0.05105821252184447, -0.283853722954041, 0.4801379474690785, 0.2753760720112561, -0.53902060578207, 0.09022253068849206, -0.015220134198807717, 0.2300643161058313, 0.49919275062138935, 0.6826793691382963, -0.3396303148635103, -0.1262854321138461, 0.2402121901879386, -0.7960421001003251, 0.44609464420945627, -0.05018522793480271], [0.012200823645413809, -0.3319624702520943, -0.17733557537427927, 0.38199894657582206, -0.3397769245667656, -0.7039998877790798, -0.5959006600507253, -0.10146304656794752, -0.5385790039344076, 0.08753810446829959, 0.21631383734862167, 0.6560469435981264, 0.4618442453831501, 0.23432077156787934, 0.710232675587326, 0.06001249730469557], [-0.8000914800362912, -0.48434781256925996, -0.26406810864591224, -0.41417183678869474, 0.16645695078731468, -0.22713803524884993, 0.4471399672906152, 0.7423471962964452, 0.2898185801884762, 0.35923672577291854, 0.5973888242154689, 0.09502258855857085, 0.4968007918540266, -0.0629629664616013, -0.016140949958611844, 0.019789391862639005]], "inverted": false, "swapped": false, "error_lsq": 0.0391087784674331, "error_max": 0.29041698063901145, "target": "963.xyz", "model": "24.xyz", "model_rescale": 4.28219845311461, "target_rescale": 4.150873278044582},
{"mapping": [10, 10, 8, 5, 14, 6, 2, 4, 0, 1, 13, 9, 7, 12, 3, 15], "R": [[0.415823253594638, 0.4194545746275803, 0.8069379663852516], [-0.3386875133148771, 0.8948846491163687, -0.2906410726316209], [-0.844027126397342, -0.15244449678446859, 0.514177873216629]], "T": [0.020789860051383766, 0.0758508228466819, 0.11947384724187297], "aligned_model": [[-0.16599189226575717, -0.16599189226575717, 0.3580182991863938, 0.37879283484638665, -0.542601665674114, 0.19210147507071662, -0.17404070323484128, 0.40304072293097576, 0.5041414152901871, 0.6463686079716046, -0.41074599833408454, -0.09113739923607413, -0.04264517025249412, -0.7087479816159794, 0.6009464317914225, 0.06329341079759562], [-0.28200283908151125, -0.28200283908151125, -0.14297859917517833, 0.459413859346672, -0.3868030048131492, -0.7584234955419127, -0.48172663772280955, 0.025220987452575394, -0.5254718225270121, 0.11194527229420904, 0.12009661525052995, 0.7388014112711536, 0.5864462980676838, 0.27943302537823306, 0.546645293064559, 0.022897752771502966], [-0.5637231612950491, -0.5637231612950491, -0.44650912142853455, -0.5513420350857428, -0.10117530727051639, -0.17520534645482494, 0.4657807219388229, 0.740738260049725, 0.3846841830978105, -0.011773323075509087, 0.5253501457850095, 0.04988584673234166, 0.7032668442574336, 0.015797791082545018, 0.3239641011390655, 0.1490633889397265]], "inverted": true, "swapped": false, "error_lsq": 0.0445729216426134, "error_max": 0.3627000413094683, "target": "963.xyz", "model": "25.xyz", "model_rescale": 4.100010024507729, "target_rescale": 4.150873278044582},
{"mapping": [1, 13, 11, 10, 2, 9, 3, 7, 4, 8, 5, 15], "R": [[-0.023787043386954365, 0.45224340954567227, 0.8915772961944537], [0.9820748155869049, -0.15623490480382196, 0.10545004082923592], [0.18698457999753337, 0.8781039534380004, -0.44042049657083404]], "T": [-0.018363346586538626, 0.011982908163368153, 0.012779097163446877], "aligned_model": [[-0.6623216416386134, 0.10158054750883765, 0.35543521617517115, 0.471556202736513, -0.43762092884561865, 0.0489458472417478, -0.247264833306897, 0.6424355661731247, 0.004278211867741855, 0.023052192883798922, -0.4232289653118674, -8.181312093182014e-05], [-0.29414523882101185, -0.7613629333770546, -0.14247101700935533, -0.32772689024457535, 0.5393545428441696, 0.7318750265920072, 0.19460464377777026, 0.33232128387389553, -0.4267965491216565, 0.5858869557391398, 0.1862239051336, 0.048367660663710614], [-0.22135193188296876, 0.1853267133461158, 0.5386752125621677, -0.2330120198517224, 0.20066893124417035, 0.14480072725216075, 0.6899523219266691, -0.2297822495576782, -0.48719471919908686, -0.523164893553766, -0.49359620577901436, -0.0061295966526905]], "inverted": false, "swapped": true, "error_lsq": 0.04535258701185976, "error_max": 0.2328549471262689, "target": "963.xyz", "model": "26.xyz", "model_rescale": 3.6694154284099745, "target_rescale": 4.150873278044582},
