[{"mapping": [5, 1, 4, 8, 7, 0, 2, 3, 6, 12, 11, 14], "R": [[0.16073628054593192, -0.6849081707382041, 0.7106790033287226], [-0.6749651932763812, -0.6016310634636849, -0.4271557694108004], [0.7201290412013924, -0.41102416125040936, -0.5589931152409309]], "T": [-0.0807592460585744, -0.08294009886989032, 0.04083194503118384], "aligned_model": [[-0.3334794793243574, 0.15574309993746863, 0.3467647793971137, -0.19794399026628917, 0.08511171944352719, -0.5532210811252258, 0.5051808867587941, -0.30375277965247427, 0.6080228160030243, 0.27064938648858106, -0.6751014147997209, -0.07033148039989284], [-0.25290210604151164, -0.570054101008604, -0.23478863303561512, 0.6312645403915236, 0.37025455084466974, -0.6562213618066919, -0.3796422209831344, -0.41696814670028604, 0.11816071280689344, 0.4880477932607915, -0.02253702291579826, -0.021058968835179402], [-0.5365047375707427, 0.02179622181719923, -0.5818360196701322, -0.049853756378805125, -0.5587272425373371, -0.04988796211635774, 0.4790161512649377, 0.7648340761222117, 0.017630485406095242, 0.3366251752656365, 0.28262144866735434, 0.05623790508350272]], "inverted": true, "swapped": true, "error_lsq": 0.0464277287717123, "error_max": 0.24046548554417885, "target": "964.xyz", "model": "0.xyz", "model_rescale": 3.751011558992144, "target_rescale": 4.217645510998053},
{"mapping": [13, 5, 8, 2, 10, 9, 4, 11, 6, 0, 7, 3, 1, 12, 14], "R": [[0.8443165307066026, -0.18772922218599647, 0.5018837864615747], [-0.004506063446680669, -0.9390759811202902, -0.34368007954372193], [0.5358258031933337, 0.28791325224866826, -0.7937232942353486]], "T": [0.018414752949778342, 0.07327058064625284, 0.026614046933379473], "aligned_model": [[-0.21981486054986382, -0.3567035175932491, -0.5191969294620332, -0.7424824138356805, 0.34798701171468793, 0.18170123239754887, -0.010634093654048552, 0.784857611526289, 0.6478973016407222, -0.2886299717640962, 0.3770865597104327, -0.16255612361193433, 0.03497180031459898, 0.4257810129946498, 0.052648289499948875], [-0.6059268483636071, -0.27134353449964693, 0.3571219912586536, -0.16664798948469473, 0.09432865523995797, -0.4631395390691588, 0.6805976050298165, -0.12798865373699259, 0.47630275549757634, 0.3333618633721062, 0.24472485111214543, -0.27456580953445736, 0.7194417670753533, -0.3941045997224397, 0.03080885410148948], [0.12377217566580383, -0.33479077005532215, -0.23950680487565196, 0.24389884454308697, -0.7239806718569025, -0.31949479495128613, -0.47923575278408775, -0.067146574007465, 0.09762483624251606, 0.6697163561928677, 0.5573069826045645, 0.68210262579293, 0.2871408429586713, 0.4359895164349084, 0.031987983802506795]], "inverted": false, "swapped": false, "error_lsq": 0.0488893911594465, "error_max": 0.3378784584224765, "target": "964.xyz", "model": "1.xyz", "model_rescale": 3.9405287249114394, "target_rescale": 4.217645510998053},
{"mapping": [0, 1, 3, 7, 6, 11, 5, 4, 12, 10, 8, 13, 14], "R": [[-0.237092859217963, -0.35910554915884674, 0.9026794451360763], [0.4518436650327772, 0.7817934536937812, 0.4296932605141688], [-0.860014115278115, 0.5097471925620317, -0.023098077788603302]], "T": [-0.012386191969662293, 0.018757791118223878, -0.09980338496661897], "aligned_model": [[-0.36035129382908054, 0.2031658071470677, -0.5806888662833407, 0.4405939924762533, 0.5829702425851407, -0.6453700883577743, 0.07925572236913031, 0.6807785368307712, 0.12456000258671451, -0.5474295444764797, -0.07085027931206683, -0.39840327594357294, -0.012247676508831337], [0.664278036391005, 0.45309639416822556, 0.2031906271412769, -0.3003334745715565, -0.27704624056498184, -0.002676655516647246, 0.3578580008926345, 0.24408630928223266, -0.653930164482944, -0.519813609814865, -0.6262094630005631, -0.037808673601736696, -0.04585849275006324], [0.04961413212141855, -0.3415947890256976, -0.6729495599960296, 0.4343871276636274, -0.3708223213488905, 0.019466311972929667, 0.4503648188845196, 0.14979605730925624, -0.3562122171598201, 0.0027719580976127284, 0.23582083803206064, 0.6125512458587464, -0.10007325282108936]], "inverted": true, "swapped": true, "error_lsq": 0.04152547612000139, "error_max": 0.23720742679043058, "target": "964.xyz", "model": "2.xyz", "model_rescale": 3.932901565614263, "target_rescale": 4.217645510998053},
{"mapping": [5, 4, 7, 1, 13, 10, 8, 11, 3, 9, 6, 2, 12, 14], "R": [[0.1799294995697055, 0.7378999128042637, -0.6504837383578899], [-0.800612819431206, -0.2743545965262735, -0.5326806442206448], [-0.5715282045070136, 0.61663058150595, 0.5414076443906417]], "T": [-0.007851030370289374, 0.01164209353574927, -0.04686586304199114], "aligned_model": [[-0.18433095512594214, 0.46806984716429784, 0.39202197512975895, 0.07772135731217635, -0.5002660419030329, -0.30692662720281016, 0.10471807066775403, -0.5943407665447914, -0.45071502746360564, -0.10765380894465347, 0.7009770606855491, 0.37368502460818037, 0.4300443930357583, 0.01680541063406445], [-0.006336621983352095, 0.18647065262886448, -0.4577459129619338, 0.5384770937276082, -0.5078331278395873, -0.5825163666874142, -0.7071765271815582, -0.19437276408057005, 0.3722670074159006, -0.16622551489877604, 0.040125523084924536, 0.5483216714091543, -0.3597541332443005, -0.04020434103847099], [-0.6750408762413688, -0.6269386663930258, -0.5074592476588531, -0.14012903122038917, -0.43070310055710176, 0.3331101302707709, 0.004829547386112021, 0.12325461485694306, 0.5525514291292422, 0.7370449174727556, 0.06337026885167354, 0.38875858134828045, 0.4084595985067926, -0.017211802694734397]], "inverted": false, "swapped": true, "error_lsq": 0.05008649679385052, "error_max": 0.2876661136530084, "target": "964.xyz", "model": "3.xyz", "model_rescale": 3.9243930471874484, "target_rescale": 4.217645510998053},
{"mapping": [4, 5, 7, 6, 8, 1, 2, 13, 10, 11, 9, 3, 14], "R": [[-0.7326162011978783, -0.6687128697849746, -0.1268723749534685], [-0.2075032425771823, 0.3969614405369629, -0.8940715961525533], [0.6482406235822814, -0.6286849071758943, -0.4295804714217025]], "T": [-0.0571815855929632, -0.1113195813455305, -0.11517357196012806], "aligned_model": [[0.01852783726542312, -0.17705714993106025, 0.5242895420893501, 0.3105368897584544, 0.6092099965470632, -0.45782252621400144, -0.2724743582885535, 0.08675100394754408, 0.30184341733886416, -0.19233056213535937, 0.0864912960233495, -0.5622340664011947, 0.001474566311473302], [-0.6730147010475025, -0.02979737209351535, -0.2512568600260581, -0.7066141579138923, 0.18415343552832258, -0.47526680388647685, -0.6644592286229654, 0.5317153998236555, 0.5018814861921943, 0.510101646452731, 0.16172555609273376, 0.13938451337978625, -0.10072336019742602], [-0.637013432193928, -0.7516138470329814, -0.5996100206628185, 0.04547530975757294, -0.14091037460054337, -0.13977083608699434, 0.4054500346311239, -0.5899866896916064, 0.17107412149766205, -0.010656965726884432, 0.6337710511983567, 0.49108494311725964, -0.09022297883525507]], "inverted": true, "swapped": true, "error_lsq": 0.05022385688136434, "error_max": 0.3845373049439504, "target": "964.xyz", "model": "4.xyz", "model_rescale": 3.8936222436046832, "target_rescale": 4.217645510998053},
{"mapping": [3, 2, 9, 11, 12, 6, 4, 7, 13, 0, 8, 14], "R": [[-0.3097625701172062, 0.8369325582301362, -0.4512106416395151], [-0.7825799356494868, -0.49393938242060287, -0.37893605108619477], [-0.5400146243142204, 0.23572818980409063, 0.8079705601434117]], "T": [-0.045055331267535706, -0.12352314435495912, 0.03116117048374157], "aligned_model": [[-0.02859614204748072, -0.7057770647367783, -0.2655098768561845, 0.4335425831930054, -0.5278751873842249, -0.7081925720928763, -0.23701223080920025, -0.05890968554548415, 0.682810974580571, 0.4876667327707086, 0.021440616129725962, -0.06604010498668444], [-0.5482983199333454, -0.5148805239650662, 0.07106802280286978, -0.06609664822818392, 0.3762390685423149, 0.03934928153580633, -0.2051134837589345, 0.40363639227519477, 0.22579100382101372, -0.6491725962918432, 0.6017150824805688, -0.06531437417058757], [-0.6793140816461258, -0.15227704650321244, -0.723588896453703, -0.396623288109477, -0.20150071324565758, 0.2527963344777147, 0.7728118491524056, 0.5917685793999543, 0.11975203233812931, 0.032406058875181304, -0.009486471194168004, 0.012540362184476753]], "inverted": true, "swapped": true, "error_lsq": 0.04094802645469526, "error_max": 0.2384814136972727, "target": "964.xyz", "model": "5.xyz", "model_rescale": 3.6523030999806103, "target_rescale": 4.217645510998053},
{"mapping": [2, 1, 0, 3, 11, 6, 5, 9, 7, 8, 13, 10, 14], "R": [[0.619585875331815, 0.11769344043650573, -0.7760551508543242], [-0.3255495077240472, 0.9381793060978376, -0.11763123577694432], [0.7142344580807759, 0.3255270245125575, 0.619597688183277]], "T": [-0.015669658269974435, -0.05442446723177319, 0.10936242206910378], "aligned_model": [[0.08342551569449838, -0.08072274040486538, 0.25079135585329215, 0.7577895000094582, 0.49240651580583705, -0.43344756024735875, -0.3344365337758194, 0.5841298373328894, -0.6739896524300799, -0.14117390972262914, 0.0015151672727543863, 0.39295340392426625, -0.018157994647948827], [-0.666092719084252, -0.08455446905724119, 0.5324755385522862, -0.18378120942343568, 0.2564570991354716, -0.6369909411958383, 0.5123786649543876, -0.5212505525859679, 0.015334045950756395, -0.12323233527997063, 0.5985619465948645, -0.0691749918825148, -0.08930317251536243], [0.5986532183016984, 0.6464248476718027, 0.48968939290458435, 0.3748952869082051, -0.13673626185018317, 0.1478137060018354, 0.16587908939578533, -0.17068679441980011, -0.2832166428998892, -0.6058708179440729, -0.3733087902875804, -0.5384507138235229, 0.05502421952292637]], "inverted": true, "swapped": true, "error_lsq": 0.046770374016404305, "error_max": 0.27512242586669194, "target": "964.xyz", "model": "6.xyz", "model_rescale": 4.08911054899281, "target_rescale": 4.217645510998053},
{"mapping": [4, 8, 9, 3, 10, 5, 11, 12, 13, 0, 2, 6, 1, 7, 14], "R": [[0.7144413190200273, 0.6134832839841613, 0.3364697043552849], [0.3566207168172851, -0.7330019387290436, 0.5792493609458618], [0.601992745814806, -0.29384761032118767, -0.7424677204396687]], "T": [0.07575011352286243, 0.027860401553948946, 0.02267541438772322], "aligned_model": [[-0.24975015315637694, -0.4255399886408757, -0.5112902154762263, -0.6512145176494543, 0.17137215425803393, 0.3860482605772178, 0.20566919570640585, 0.6949696547528028, 0.6952606772522217, -0.5069560464711745, 0.2684157446028298, -0.07498920215305935, -0.009132334298798506, 0.5709477803376366, -0.010898100313210868], [-0.592088929708268, -0.09968856619295807, 0.5169196645262149, -0.15665618343107254, -0.13627718135648095, -0.6468427701759655, 0.42217803940101545, 0.0226479629018039, 0.39738156250392215, 0.2621509683006687, 0.2638438647924816, -0.16025704902649934, 0.7055208904922179, -0.3264004707630853, 0.1605395660121071], [-0.05833009629845701, -0.4218338291431074, -0.15271556980888898, 0.2755142784014196, -0.6724434083353751, -0.14759472267557827, -0.3922531282849302, -0.33022954201481436, 0.14739628429143584, 0.7228308575161714, 0.7692216641068954, 0.4597480055555323, 0.2901025832377572, 0.5007627177788808, -0.02479129861980099]], "inverted": false, "swapped": false, "error_lsq": 0.047161511341373696, "error_max": 0.30239909956786604, "target": "964.xyz", "model": "7.xyz", "model_rescale": 3.964800864290218, "target_rescale": 4.217645510998053},
{"mapping": [6, 7, 12, 1, 9, 5, 2, 8, 13, 11, 0, 3, 10, 14], "R": [[0.5982689342267451, 0.3944139962772669, 0.6975040371781305], [-0.7870013070233938, 0.4529106997732564, 0.418928204796919], [-0.15067589416580435, -0.7995683195146588, 0.5813667322317644]], "T": [-0.09630077699717507, -0.07057910891518812, 0.037862474846249716], "aligned_model": [[-0.13186984376119906, 0.20324799033331173, 0.3626699018502302, -0.6321190288274718, 0.2983637071705466, -0.24455899568652362, -0.5103302472359378, 0.6010817497873187, 0.321780161894882, 0.18093747330648033, -0.4936275150924675, -0.2504884547700663, 0.5957805465336354, -0.039679556041866154], [-0.013795863991485524, -0.6754875475452385, 0.22468474182257417, -0.017645113511959187, 0.6364450068523687, -0.6620207984135147, 0.46704245894538254, -0.23334815936471717, -0.5449748957056718, 0.08066708947184623, -0.1800605023115216, 0.6397199695655984, 0.1485810693033602, -0.05885898893581972], [-0.6769179654213161, -0.3319024558722643, -0.451191724038591, -0.022739197042254716, 0.05955203934973563, 0.2708613456073379, -0.365753722363667, -0.10073144641009213, 0.5475830258539095, 0.5996603470737161, 0.6625599866680697, 0.43432346626757157, 0.2824938339819192, 0.009017505070947063]], "inverted": false, "swapped": true, "error_lsq": 0.04243223189435901, "error_max": 0.2992023446251633, "target": "964.xyz", "model": "8.xyz", "model_rescale": 4.121658175737393, "target_rescale": 4.217645510998053},
{"mapping": [6, 12, 8, 7, 2, 1, 9, 0, 10, 3, 4, 5, 14], "R": [[-0.5318091396507075, 0.3705634273373668, -0.7614865627862112], [-0.7052771429868215, 0.30395241749883917, 0.6404662984708546], [0.46878906830718725, 0.8776648985897725, 0.09970524168309239]], "T": [-0.0028141799072678927, 0.01297346190046252, 0.048942422282580715], "aligned_model": [[-0.5139483520605298, -0.08125015981683106, 0.43975323404462124, 0.12591633813622588, -0.7036041710405034, -0.43365502593181565, 0.09995552162235333, 0.15866654442916206, 0.5864066217507622, -0.039922161415643746, -0.38102091313497904, 0.20457937385646993, 0.014860645995905489], [0.13193922599098581, -0.22196719847996624, 0.10116208915369289, 0.6380827233665799, -0.3487141997069643, 0.05389364318754196, -0.728699653245151, 0.02849915753193132, -0.35539669943224284, -0.7407369053328601, 0.6840889516829595, 0.5479219350014237, 0.0003143696937793466], [-0.4409448894894038, -0.6407383141430987, -0.5241206436961154, -0.381216446134503, 0.01101076171157641, 0.37494468248914853, -0.26004458596588037, 0.7795480765344225, -0.2735083725725324, 0.3895648211641174, 0.038273296235124925, 0.3602144741049595, -0.011907426278726575]], "inverted": true, "swapped": true, "error_lsq": 0.053269308098551, "error_max": 0.311792732385361, "target": "964.xyz", "model": "9.xyz", "model_rescale": 3.833441315466971, "target_rescale": 4.217645510998053},
{"mapping": [3, 7, 11, 9, 6, 4, 12, 1, 0, 8, 13, 2, 10, 5, 14], "R": [[-0.22118580420204914, -0.9040782243297385, -0.36567663900265723], [0.9135542476470446, -0.32331084287242995, 0.2467564294748192], [-0.34131433697624736, -0.27948642753075825, 0.897436270829611]], "T": [0.05990718129578987, 0.08380312746782498, -0.010350425836414073], "aligned_model": [[-0.3474937192089656, -0.5398630462279681, -0.4308555435074242, -0.5811445987085376, 0.31865108479989956, 0.2750314075460291, 0.2120100110413361, 0.7575857881171195, 0.5825762721042966, -0.4992845683752978, 0.3708678024711811, -0.04952516768382127, -0.043759697517261276, 0.5359174257495589, -0.007800541272172876], [-0.6817630144229303, -0.059211509993064265, 0.4875461735255728, -0.1822849516603336, -0.14310197590231796, -0.6380904519578547, 0.45614234080403887, 0.19726782251695202, 0.4230781064513977, 0.406503424907745, 0.08434730725757583, -0.31238944220999343, 0.8488523419074012, -0.2790627336450401, 0.025137930696952582], [0.03713471295511055, -0.2628112434494565, -0.258303207122099, 0.40936361494836193, -0.5958376029026212, -0.2720827458781978, -0.458957488538663, -0.22477817001864928, 0.2644812896783192, 0.4263742786499646, 0.7238087785336095, 0.5793158048878205, 0.2719738934179101, 0.30457466919555143, 0.02112821135017859]], "inverted": false, "swapped": false, "error_lsq": 0.04505017470251209, "error_max": 0.2420932419196404, "target": "964.xyz", "model": "10.xyz", "model_rescale": 4.2482417240324, "target_rescale": 4.217645510998053},
{"mapping": [2, 6, 8, 7, 3, 11, 9, 5, 4, 0, 1, 14], "R": [[-0.9541920853687303, 0.280762202977426, -0.10339269606184108], [0.28185729446011015, 0.7275949298496229, -0.6254295193039332], [-0.10036896820880621, -0.6259218828547097, -0.7734001983348044]], "T": [0.0221822682474579, 0.07638399443247858, -0.02511670281779197], "aligned_model": [[-0.7038257453602944, -0.14480976303062223, 0.5097214677367382, 0.6345189468862756, -0.5970071721182098, 0.12259536178759006, -0.3549268755828926, 0.46981802054988486, 0.22786110005556257, -0.009925390573237138, -0.3157269318012262, 0.03847258381343808], [-0.231353175681573, -0.6202509543003049, -0.09914027951591493, -0.38801741689540714, 0.5806038630617573, 0.6493168332023312, 0.19926022611420485, 0.21816131359787466, -0.4103936950109726, 0.6842818075229985, 0.03506077949196616, 0.04860208846367947], [-0.06478514635624816, 0.021936276868055236, 0.4882459230852013, -0.06688880205371928, 0.19362218171249237, 0.25240533613063015, 0.6811436725933303, -0.47854108492844716, -0.5857358811746716, -0.46046833158083894, -0.4466443222319234, 0.03090246779049547]], "inverted": true, "swapped": true, "error_lsq": 0.041626916900388944, "error_max": 0.266821574178635, "target": "964.xyz", "model": "11.xyz", "model_rescale": 3.6694154284099745, "target_rescale": 4.217645510998053},
{"mapping": [7, 8, 10, 12, 6, 5, 4, 0, 9, 3, 11, 2, 13, 14], "R": [[0.4132170129918252, -0.8325127640351844, 0.3690178828899913], [0.08990317012716859, -0.365957147309693, -0.9262790002661386], [0.9061838225079939, 0.4159301191924544, -0.07637418263622611]], "T": [0.05921584641569045, -0.051609018140424, 0.04841978306947375], "aligned_model": [[-0.022427360572242185, -0.0394825335161841, -0.1428282387746435, 0.5400359790887651, 0.6812189776366916, -0.4291401746309237, 0.16382427039045855, -0.44166860237123196, 0.35912700469826897, 0.15112226402244353, -0.36632352166874727, 0.7567526156389771, -0.6911937664650203, 0.07924793677919789], [-0.3046769148684617, 0.32449369144754664, 0.6585467067499414, 0.34400719543729225, -0.22779395162330907, -0.4697521074969267, -0.7603863134709327, -0.25059459028615394, 0.6863100274319929, 0.38128435387402476, 0.392830886680776, -0.12554618715432347, 0.0923282847766372, -0.010063793361850003], [-0.6738411209830023, -0.5687105184853809, -0.15580871155003345, -0.33798498736136673, -0.2637845525322687, -0.06443852983850218, -0.23485038336687813, 0.5676704013869469, 0.19553324903270963, 0.74816007593182, 0.2401037062609902, 0.41082720259202216, -0.22694459341042317, 0.003164221975782054]], "inverted": true, "swapped": true, "error_lsq": 0.04584275075262614, "error_max": 0.36448814455606476, "target": "964.xyz", "model": "12.xyz", "model_rescale": 3.9764082729961374, "target_rescale": 4.217645510998053},
{"mapping": [5, 4, 7, 0, 14, 13, 3, 11, 10, 2, 1, 9, 8, 12, 15], "R": [[0.04397974695677809, -0.4427072016509318, 0.8955870228314049], [-0.9871814011186505, 0.1184122471522534, 0.10701131253176954], [-0.15342315060979608, -0.8888131824690468, -0.43182457494474413]], "T": [0.043873025467334494, -0.06384030270392486, 0.03826055613990678], "aligned_model": [[-0.3883703355923899, -0.5715075354463776, -0.5608675200788205, -0.6208346143479958, 0.3894428077114137, 0.5382681005289391, 0.027916177184425996, 0.6544261095421633, 0.6888310438863982, -0.27453821377169974, 0.20123275527420528, -0.19454173079445541, 0.227836014801118, 0.4433055776174294, -0.007685727186380928], [-0.7774044775408908, -0.22065493395856628, 0.372706989411749, -0.041095066544732134, -0.01580773182523377, -0.35911231637715285, 0.579912462792294, 0.3490206121537211, 0.26463814147591075, 0.49658913267080423, 0.13166344564771248, -0.3487841387809239, 0.6152721894097783, -0.37979046544112877, -0.0341824748172394], [0.12081811814212931, -0.2972683672828348, -0.08318504173009264, 0.3293865448551999, -0.6808238876562531, -0.16878652517998624, -0.5037460888585268, -0.2572313985035882, 0.3879432196284115, 0.5081463343860082, 0.6216461731005617, 0.5109809182949315, 0.10620669848104794, 0.42276369773625866, -0.05146559970612645]], "inverted": false, "swapped": false, "error_lsq": 0.043601325272324756, "error_max": 0.2538305605059198, "target": "964.xyz", "model": "13.xyz", "model_rescale": 4.170626492500431, "target_rescale": 4.217645510998053},
{"mapping": [2, 1, 6, 4, 12, 8, 7, 3, 9, 0, 11, 5, 10, 14], "R": [[0.6837104229911927, -0.302568711462889, -0.664072460155435], [-0.7102092838638856, -0.4850793586459674, -0.5101968139151439], [-0.16775825048787166, 0.8204573058114019, -0.5465409213718079]], "T": [-0.061794297387993, -0.03366387674024918, 0.11304452287410041], "aligned_model": [[0.2791406392957805, -0.11926796336498494, -0.19050066975894536, -0.7437763382966132, 0.17843480487049743, -0.13023271096270483, -0.6778878565695329, 0.6865865622882507, 0.6860536790981973, -0.08069334417937843, 0.26934482141716465, -0.5937573690341679, 0.32766642643456667, -0.0479276591464865], [-0.42358883671652203, -0.549152268013485, 0.06634175143812174, -0.2289147961022019, 0.4723942469089679, 0.6921542022710623, 0.40674697701060797, -0.3512911038837113, 0.25694948905538795, -0.5300069371038248, 0.10547416578757252, -0.14974886428250972, 0.5630920842318625, 0.025624357324337793], [-0.4828458039824248, -0.04362157327054325, -0.5861222077755948, -0.18750121125270433, -0.35940017119891643, 0.13646944945844874, -0.024202675122035694, 0.2696298735102023, 0.0017751729386287496, 0.672855282007147, 0.6481527346553633, 0.4730609271303451, 0.394211575733017, 0.09141172828993338]], "inverted": true, "swapped": true, "error_lsq": 0.045957591202024764, "error_max": 0.3089014225875854, "target": "964.xyz", "model": "14.xyz", "model_rescale": 3.9786697098870705, "target_rescale": 4.217645510998053},
{"mapping": [9, 8, 3, 2, 11, 0, 7, 5, 1, 6, 13, 14], "R": [[0.9088857318129775, 0.2033913764165582, 0.3640860811760956], [-0.07136403987234893, 0.9359867859608615, -0.344725848058649], [-0.4108940256561128, 0.2873337510736163, 0.8652198652215974]], "T": [0.05802554382270213, -0.036867888976957454, 0.026637675832515532], "aligned_model": [[0.04620540842619773, -0.6430178844296909, 0.5625448154911546, 0.6390662852554286, -0.06480137790766148, 0.4102371682173092, -0.5221617501876025, -0.06969451451760379, 0.5480226792102938, 0.05314501178094351, -0.4874877806063734, 0.011296536034940685], [-0.28779703023635494, -0.17223048510774908, 0.10987032770233454, -0.5603231829975275, 0.41550624484541193, 0.6200550688117146, -0.2064446332173678, 0.3929764333010629, -0.06539005686640265, -0.72336433628913, 0.5645467216589558, -0.07273058138050864], [-0.74343273848987, -0.12255852629957598, -0.6132124151007781, -0.08175789170780928, -0.41565690874203615, 0.09372636901784809, 0.5030788776676947, 0.5009726740820798, 0.25612637435674934, 0.23663620306158725, 0.045970370755092194, 7.41052728480858e-05]], "inverted": true, "swapped": true, "error_lsq": 0.03778518559921109, "error_max": 0.2189468417870531, "target": "964.xyz", "model": "15.xyz", "model_rescale": 3.769337070930944, "target_rescale": 4.217645510998053},
{"mapping": [3, 9, 1, 2, 0, 11, 5, 8, 4, 6, 14], "R": [[0.6944451934961461, -0.7065667781954861, 0.13604874560447405], [-0.23588644188028995, -0.4021786318298805, -0.8846524371958187], [0.6797819207416131, 0.5822505784023715, -0.44596054106046995]], "T": [0.06258523312204906, 0.03142563903409725, 0.03485226077581635], "aligned_model": [[-0.3343032680810604, -0.40664825991441245, -0.13709443615869238, -0.6862797203702691, 0.3961288273555397, 0.30741232433665117, 0.6327173268557673, 0.28116523302423846, 0.19605328576914502, -0.3771812602877334, 0.050656078161996826], [-0.1502982381413069, -0.5933695056026199, 0.5127557576238674, 0.277085047715559, 0.3376859404828077, -0.36658242650509815, 0.34784837309225564, -0.5263914421034933, 0.6220340115506902, 0.15554982032508843, -0.020252840812407975], [-0.6686645397794488, -0.1786062803974173, -0.11355635121755064, -0.012223459744059112, -0.5610126501596827, -0.40899747096952943, 0.06482381941867524, 0.45091393299722293, 0.511211571770456, 0.5885662592412055, 0.07176277606390519]], "inverted": false, "swapped": true, "error_lsq": 0.04372200471187547, "error_max": 0.20024659681677087, "target": "964.xyz", "model": "16.xyz", "model_rescale": 3.7852294659196426, "target_rescale": 4.217645510998053},
{"mapping": [3, 12, 8, 9, 2, 6, 4, 7, 11, 0, 1, 13, 14], "R": [[0.27032048579622575, -0.7045946251838845, 0.6561046022707613], [0.03223853958068784, -0.674469084871603, -0.7375988951443506], [0.9622304877338885, 0.22053994584755765, -0.159607708964697]], "T": [0.017698556149741158, 0.14391531250522793, -0.003855942565846486], "aligned_model": [[0.14093458843468218, -0.3436083566729462, 0.1723573408847034, -0.009636454472007932, -0.6267445955865074, -0.6552574729599305, -0.33926052900976056, -0.05885287335317434, 0.5814026299583428, 0.47494029262493737, -0.2336535594454017, 0.7432026973346653, 0.007942142478680584], [-0.15132741417541218, -0.4460314263791392, -0.2974296569231399, -0.6066042239658546, 0.0724571726489737, 0.059169549047960956, 0.7182755061938788, 0.26389310104775043, -0.10456382362403946, 0.5823910950693336, 0.5115161590231918, 0.18304039824217266, 0.09026918749719748], [-0.7674818662190936, 0.23786496068265628, 0.5559116035837612, -0.3073140370668182, -0.45435582662107843, 0.2314075515521567, 0.36525209495626076, 0.752526894377082, -0.1931946477407539, -0.4023163246764936, -0.312510281794422, 0.35914687133313766, 0.03081770477677868]], "inverted": false, "swapped": true, "error_lsq": 0.0427763654248963, "error_max": 0.27880446507754064, "target": "964.xyz", "model": "17.xyz", "model_rescale": 3.901054581598922, "target_rescale": 4.217645510998053},
{"mapping": [13, 5, 8, 2, 10, 9, 4, 11, 6, 0, 7, 3, 1, 12, 14], "R": [[0.8443165307066026, -0.18772922218599647, 0.5018837864615747], [-0.004506063446680669, -0.9390759811202902, -0.34368007954372193], [0.5358258031933337, 0.28791325224866826, -0.7937232942353486]], "T": [0.018414752949778342, 0.07327058064625284, 0.026614046933379473], "aligned_model": [[-0.21981486054986382, -0.3567035175932491, -0.5191969294620332, -0.7424824138356805, 0.34798701171468793, 0.18170123239754887, -0.010634093654048552, 0.784857611526289, 0.6478973016407222, -0.2886299717640962, 0.3770865597104327, -0.16255612361193433, 0.03497180031459898, 0.4257810129946498, 0.052648289499948875], [-0.6059268483636071, -0.27134353449964693, 0.3571219912586536, -0.16664798948469473, 0.09432865523995797, -0.4631395390691588, 0.6805976050298165, -0.12798865373699259, 0.47630275549757634, 0.3333618633721062, 0.24472485111214543, -0.27456580953445736, 0.7194417670753533, -0.3941045997224397, 0.03080885410148948], [0.12377217566580383, -0.33479077005532215, -0.23950680487565196, 0.24389884454308697, -0.7239806718569025, -0.31949479495128613, -0.47923575278408775, -0.067146574007465, 0.09762483624251606, 0.6697163561928677, 0.5573069826045645, 0.68210262579293, 0.2871408429586713, 0.4359895164349084, 0.031987983802506795]], "inverted": false, "swapped": false, "error_lsq": 0.0488893911594465, "error_max": 0.3378784584224765, "target": "964.xyz", "model": "18.xyz", "model_rescale": 3.9405287249114394, "target_rescale": 4.217645510998053},
{"mapping": [11, 10, 2, 5, 3, 14, 1, 12, 4, 8, 7, 9, 0, 13, 15], "R": [[0.7583265813263396, 0.10969720766521213, -0.6425786478590476], [0.5122460161930105, 0.5093782404615019, 0.6914751094860426], [0.4031684696851884, -0.8535223083052955, 0.33008310207719455]], "T": [0.11894894116751525, 0.07402249855560464, 0.07244161787955927], "aligned_model": [[-0.20466926780261202, -0.2802287077947608, -0.6609401163677091, -0.6657765232455473, 0.23829132421925286, 0.3424595460690312, 0.036498291153140516, 0.5988223031272686, 0.6499274796367256, -0.25066568174336884, 0.24922682329801168, -0.17398918281471643, 0.17287459320854182, 0.4155452107790308, 0.08553681760568399], [-0.5678022929518061, -0.3363302509399879, 0.15878724460570787, 0.07924106841776826, 0.08260453386252206, -0.5380424362755274, 0.5580528563128607, 0.11452755721691213, 0.4558858905169165, 0.5161564688074595, 0.07283668377939874, -0.2887559611268259, 0.7485605968725257, -0.4905900944259014, 0.06783950360407903], [0.12289351307936365, -0.4662344095217754, -0.30160821673733723, 0.3471075145416034, -0.7708331529700662, -0.34607778086189245, -0.3685072760537722, -0.1887478897842833, 0.3994082372476242, 0.5625178756351599, 0.7642882889073613, 0.6820225326601559, 0.19395143611205015, 0.2835650842948312, 0.051639039158117794]], "inverted": true, "swapped": false, "error_lsq": 0.0395601464992611, "error_max": 0.24940927300081464, "target": "964.xyz", "model": "19.xyz", "model_rescale": 4.410303926677745, "target_rescale": 4.217645510998053},
{"mapping": [6, 7, 12, 1, 9, 5, 2, 8, 13, 11, 0, 3, 10, 14], "R": [[0.5982689342267451, 0.3944139962772669, 0.6975040371781305], [-0.7870013070233938, 0.4529106997732564, 0.418928204796919], [-0.15067589416580435, -0.7995683195146588, 0.5813667322317644]], "T": [-0.09630077699717507, -0.07057910891518812, 0.037862474846249716], "aligned_model": [[-0.13186984376119906, 0.20324799033331173, 0.3626699018502302, -0.6321190288274718, 0.2983637071705466, -0.24455899568652362, -0.5103302472359378, 0.6010817497873187, 0.321780161894882, 0.18093747330648033, -0.4936275150924675, -0.2504884547700663, 0.5957805465336354, -0.039679556041866154], [-0.013795863991485524, -0.6754875475452385, 0.22468474182257417, -0.017645113511959187, 0.6364450068523687, -0.6620207984135147, 0.46704245894538254, -0.23334815936471717, -0.5449748957056718, 0.08066708947184623, -0.1800605023115216, 0.6397199695655984, 0.1485810693033602, -0.05885898893581972], [-0.6769179654213161, -0.3319024558722643, -0.451191724038591, -0.022739197042254716, 0.05955203934973563, 0.2708613456073379, -0.365753722363667, -0.10073144641009213, 0.5475830258539095, 0.5996603470737161, 0.6625599866680697, 0.43432346626757157, 0.2824938339819192, 0.009017505070947063]], "inverted": false, "swapped": true, "error_lsq": 0.04243223189435901, "error_max": 0.2992023446251633, "target": "964.xyz", "model": "20.xyz", "model_rescale": 4.121658175737393, "target_rescale": 4.217645510998053},
{"mapping": [2, 1, 0, 3, 11, 6, 5, 9, 7, 8, 13, 10, 14], "R": [[0.619585875331815, 0.11769344043650573, -0.7760551508543242], [-0.3255495077240472, 0.9381793060978376, -0.11763123577694432], [0.7142344580807759, 0.3255270245125575, 0.619597688183277]], "T": [-0.015669658269974435, -0.05442446723177319, 0.10936242206910378], "aligned_model": [[0.08342551569449838, -0.08072274040486538, 0.25079135585329215, 0.7577895000094582, 0.49240651580583705, -0.43344756024735875, -0.3344365337758194, 0.5841298373328894, -0.6739896524300799, -0.14117390972262914, 0.0015151672727543863, 0.39295340392426625, -0.018157994647948827], [-0.666092719084252, -0.08455446905724119, 0.5324755385522862, -0.18378120942343568, 0.2564570991354716, -0.6369909411958383, 0.5123786649543876, -0.5212505525859679, 0.015334045950756395, -0.12323233527997063, 0.5985619465948645, -0.0691749918825148, -0.08930317251536243], [0.5986532183016984, 0.6464248476718027, 0.48968939290458435, 0.3748952869082051, -0.13673626185018317, 0.1478137060018354, 0.16587908939578533, -0.17068679441980011, -0.2832166428998892, -0.6058708179440729, -0.3733087902875804, -0.5384507138235229, 0.05502421952292637]], "inverted": true, "swapped": true, "error_lsq": 0.046770374016404305, "error_max": 0.27512242586669194, "target": "964.xyz", "model": "21.xyz", "model_rescale": 4.08911054899281, "target_rescale": 4.217645510998053},
{"mapping": [10, 6, 0, 13, 8, 5, 1, 11, 15, 3, 14, 12, 2, 9, 16], "R": [[-0.4317165259705915, 0.5440502642669788, 0.7194651841158919], [-0.3126932457967574, -0.8384321297877857, 0.446379320502873], [0.846075513909351, -0.03226257414634634, 0.5320858493443321]], "T": [-0.00016947739251078203, 0.05619695787492784, 0.05145512913362804], "aligned_model": [[-0.1307816649985606, -0.35336327556697406, -0.6141432225118845, -0.5306686580046917, 0.21436825802061288, 0.3818171987685865, 0.18500780155620017, 0.6762147039878318, 0.5813282399145487, -0.24825679689830094, 0.19701417136196994, -0.201862479642836, 0.06579442267681362, 0.3759516939713446, -0.045507483306688336], [-0.7394744148582425, -0.23589967200758655, 0.3255344124109183, 0.06714945085750598, -0.014481874498355883, -0.49695694266704427, 0.6149639862948388, 0.1214278898082908, 0.4515957291145933, 0.4262042436252813, 0.08672184746282988, -0.3562367962193864, 0.7667732444118549, -0.45490845608883856, 0.07055872062944284], [0.02010337835937212, -0.5363355039099266, -0.33658220678578854, 0.4453848542058919, -0.6040905068050386, -0.1626382978994475, -0.4809799979738657, -0.3008833373385926, 0.24387974908392196, 0.7969925954534407, 0.661380883407523, 0.6295449468618131, 0.16092628639565693, 0.37526330048099665, 0.05341865217118405]], "inverted": false, "swapped": false, "error_lsq": 0.03796783929185716, "error_max": 0.22814508922813392, "target": "964.xyz", "model": "22.xyz", "model_rescale": 4.204369325754507, "target_rescale": 4.217645510998053},
{"mapping": [11, 10, 2, 5, 3, 14, 1, 12, 4, 8, 7, 9, 0, 13, 15], "R": [[0.7583265813263396, 0.10969720766521213, -0.6425786478590476], [0.5122460161930105, 0.5093782404615019, 0.6914751094860426], [0.4031684696851884, -0.8535223083052955, 0.33008310207719455]], "T": [0.11894894116751525, 0.07402249855560464, 0.07244161787955927], "aligned_model": [[-0.20466926780261202, -0.2802287077947608, -0.6609401163677091, -0.6657765232455473, 0.23829132421925286, 0.3424595460690312, 0.036498291153140516, 0.5988223031272686, 0.6499274796367256, -0.25066568174336884, 0.24922682329801168, -0.17398918281471643, 0.17287459320854182, 0.4155452107790308, 0.08553681760568399], [-0.5678022929518061, -0.3363302509399879, 0.15878724460570787, 0.07924106841776826, 0.08260453386252206, -0.5380424362755274, 0.5580528563128607, 0.11452755721691213, 0.4558858905169165, 0.5161564688074595, 0.07283668377939874, -0.2887559611268259, 0.7485605968725257, -0.4905900944259014, 0.06783950360407903], [0.12289351307936365, -0.4662344095217754, -0.30160821673733723, 0.3471075145416034, -0.7708331529700662, -0.34607778086189245, -0.3685072760537722, -0.1887478897842833, 0.3994082372476242, 0.5625178756351599, 0.7642882889073613, 0.6820225326601559, 0.19395143611205015, 0.2835650842948312, 0.051639039158117794]], "inverted": true, "swapped": false, "error_lsq": 0.0395601464992611, "error_max": 0.24940927300081464, "target": "964.xyz", "model": "23.xyz", "model_rescale": 4.410303926677745, "target_rescale": 4.217645510998053},
{"mapping": [1, 7, 0, 3, 13, 11, 12, 14, 15, 4, 8, 10, 5, 9, 16], "R": [[0.1629768366758943, 0.3364587341741999, 0.9274880435374973], [-0.9866152339802111, 0.06070207382297271, 0.15134608786408663], [-0.005378734543769859, -0.9397397397319567, 0.34184834471329856]], "T": [0.09379337142728264, 0.04685687854021741, 0.018627275585609573], "aligned_model": [[-0.5118489266354042, -0.18681716889320102, -0.5730769195916436, -0.7103816659989541, 0.3389944097169619, 0.2904115991861941, -0.15448936361093, 0.7303320248711558, 0.6798087850972145, -0.18187052606459045, 0.24787681372197184, 0.009435188514165527, 0.048495946966923456, 0.5452288303071984, -0.019186118259089918], [-0.5578943919944059, -0.22054578056759805, 0.2895373488720105, -0.0036286329826833094, 0.13956874337523778, -0.5476427318293003, 0.6053802583636074, -0.05733119058250579, 0.37910322462884505, 0.3341378120325757, 0.10764917656215439, -0.34186290192586716, 0.6663192365566637, -0.1861988593514945, 0.026380057118861985], [-0.04308704329132447, -0.5214509032416909, -0.23978328023988277, 0.418633159218392, -0.6336514874977927, -0.07428651453296896, -0.5034676893932719, -0.18658816959085617, 0.2542381651615453, 0.5801995806919955, 0.8237789734452645, 0.5339568551030395, 0.11770584928292661, 0.3851119725785587, 0.05407532801320592]], "inverted": false, "swapped": false, "error_lsq": 0.04754215189135526, "error_max": 0.3156801852599656, "target": "964.xyz", "model": "24.xyz", "model_rescale": 4.28219845311461, "target_rescale": 4.217645510998053},
{"mapping": [8, 1, 3, 5, 0, 6, 4, 2, 13, 9, 12, 11, 7, 14, 15], "R": [[-0.4193809129032225, -0.9019753184295967, -0.1027627113124601], [-0.8972237952417277, 0.39458891028711685, 0.1982146642669418], [-0.13823570864465717, 0.17532859670417122, -0.9747567758334671]], "T": [0.047941591409616485, 0.05853705582490869, 0.1038609517580235], "aligned_model": [[-0.2756623839023017, -0.4302054541556696, -0.5302143457509224, -0.7175252034064278, 0.23902411228187193, 0.33977107030182707, 0.10963343506998739, 0.6778920428475942, 0.47216973057852396, -0.3325799284936629, 0.33686892076653474, -0.02695714608848776, 0.019974426027178208, 0.6031816288915061, 0.06754200436042139], [-0.5409327912916293, -0.05449586543327299, 0.4764879089913865, -0.26462610755369864, -0.11298972281563559, -0.6851322362201175, 0.5064036588374465, 0.010330244709190577, 0.4299238820469046, 0.40562366834766167, 0.1324644084880089, -0.18433491920192463, 0.8340768001854608, -0.36824463295873905, 0.048417072145059546], [-0.029789437277033717, -0.3065977676958351, -0.1979637349779309, 0.29069466601571675, -0.6704905230014092, -0.31325854464531216, -0.47081999916823297, -0.15999233414734693, 0.2909939744532275, 0.5415913941273521, 0.8077612608302165, 0.5854006221034166, 0.16132353373852448, 0.4033780894825897, 0.03315359586919722]], "inverted": true, "swapped": false, "error_lsq": 0.03804616330851105, "error_max": 0.24570957673461402, "target": "964.xyz", "model": "25.xyz", "model_rescale": 4.100010024507729, "target_rescale": 4.217645510998053},
{"mapping": [2, 6, 8, 7, 3, 11, 9, 5, 4, 0, 1, 14], "R": [[-0.9541920853687303, 0.280762202977426, -0.10339269606184108], [0.28185729446011015, 0.7275949298496229, -0.6254295193039332], [-0.10036896820880621, -0.6259218828547097, -0.7734001983348044]], "T": [0.0221822682474579, 0.07638399443247858, -0.02511670281779197], "aligned_model": [[-0.7038257453602944, -0.14480976303062223, 0.5097214677367382, 0.6345189468862756, -0.5970071721182098, 0.12259536178759006, -0.3549268755828926, 0.46981802054988486, 0.22786110005556257, -0.009925390573237138, -0.3157269318012262, 0.03847258381343808], [-0.231353175681573, -0.6202509543003049, -0.09914027951591493, -0.38801741689540714, 0.5806038630617573, 0.6493168332023312, 0.19926022611420485, 0.21816131359787466, -0.4103936950109726, 0.6842818075229985, 0.03506077949196616, 0.04860208846367947], [-0.06478514635624816, 0.021936276868055236, 0.4882459230852013, -0.06688880205371928, 0.19362218171249237, 0.25240533613063015, 0.6811436725933303, -0.47854108492844716, -0.5857358811746716, -0.46046833158083894, -0.4466443222319234, 0.03090246779049547]], "inverted": true, "swapped": true, "error_lsq": 0.041626916900388944, "error_max": 0.266821574178635, "target": "964.xyz", "model": "26.xyz", "model_rescale": 3.6694154284099745, "target_rescale": 4.217645510998053},
