[{"mapping": [4, 3, 11, 8, 9, 6, 0, 5, 2, 1, 10, 12], "R": [[0.9596567648635821, -0.009996298783494464, 0.2809963837172909], [0.19763911826021519, -0.6868510808714909, -0.6994100168277474], [0.1999941813775805, 0.7267294315742937, -0.6571656265347539]], "T": [-0.03184447034958373, -0.05901206552451997, 0.026521332617009077], "aligned_model": [[-0.32795004633887825, 0.19815738595297835, 0.37409891779704885, -0.1540858217392266, 0.011195473751208086, -0.5019194418258045, 0.29916975905977206, -0.2742131478619798, 0.6549215915238793, 0.1286607562770271, -0.44530515629717804, -0.1250878078382976], [-0.14108993194390607, -0.6732575505319862, -0.26384324731682945, 0.5981690624742836, 0.2832592708229733, -0.6706567625193273, -0.2646957703059304, -0.5318372222969155, 0.1708613185049393, 0.44207398233079076, 0.17865946564225094, -0.0740875788832857], [-0.5801911061007708, -0.08076862677024797, -0.5510407082706269, -0.14064052156948625, -0.7544943709743519, -0.008290531449190827, 0.52356105967075, 0.681405386293633, 0.029286350121729306, 0.5309912843782615, 0.5301237437581613, 0.002009786265702102]], "inverted": true, "swapped": true, "error_lsq": 0.039412571406244636, "error_max": 0.21792471532353738, "target": "965.xyz", "model": "0.xyz", "model_rescale": 3.751011558992144, "target_rescale": 4.118605706907377},
{"mapping": [8, 0, 2, 5, 11, 4, 10, 6, 7, 12, 1, 13, 14], "R": [[-0.5576306948664933, 0.5282115324139243, -0.6403441146505883], [-0.7840016112052792, -0.5886027247951717, 0.19720118151579408], [-0.2727443524075941, 0.611996249489025, 0.7423416388975692]], "T": [0.021892107624824193, -0.00037862938878296774, -0.04279716193087389], "aligned_model": [[-0.28347968829578163, -0.41318211610963573, -0.8005001074502969, -0.2760415116467369, 0.6839306456911443, 0.34495556080830897, 0.5927881794742972, 0.6675186243053668, 0.19661165959353766, 0.10919271634495231, 0.1191508663513498, -0.41130484592979283, 0.03885253996964065], [-0.5808434512807441, 0.21344069291163675, -0.06535402114120435, -0.2714021887681583, 0.3747806633105497, -0.6876059784181179, -0.4215443483626369, 0.14054464545372447, 0.4740942605207976, 0.7176840499175137, -0.11416914321300713, 0.2961046890261309, 0.03986319329828581], [0.05833101882024201, 0.540723391051051, -0.09925373850582751, -0.5201522035557663, -0.2829876449709435, 0.178387254050639, -0.45407670243457887, 0.3136194157373831, 0.3861848641470809, -0.2123250250736871, 0.6378481217892372, -0.544733651572002, -0.07591440645494185]], "inverted": true, "swapped": false, "error_lsq": 0.052684458193044015, "error_max": 0.277284710440041, "target": "965.xyz", "model": "1.xyz", "model_rescale": 3.9405287249114394, "target_rescale": 4.118605706907377},
{"mapping": [6, 7, 3, 11, 9, 0, 5, 2, 4, 8, 1, 10, 12], "R": [[0.6938801754563934, -0.12003990917222211, 0.7100145930292769], [-0.36016006076817614, 0.7959629707172455, 0.4865466882781563], [-0.6235503449891346, -0.5933240004018904, 0.5090693447960004]], "T": [0.028003392138001952, -0.006045471460807356, 0.04758493890983348], "aligned_model": [[-0.2884951969039936, -0.6013856239033818, -0.48611986716106814, -0.020064602828540508, 0.25733790926021244, 0.2943012712132714, 0.5806813506744458, 0.6971406157062293, -0.037640312737021404, 0.09935299108884532, 0.2904889086171919, -0.32275880203209706, 0.1056538821122604], [-0.4477362996358254, -0.06251783447054286, 0.2407251433995292, -0.36477004996766105, 0.3285834427466304, -0.7846419152919191, -0.3250600021411167, -0.040652366818913314, 0.5586225887076284, 0.7167727798985928, -0.11638138515742816, 0.3897095038966921, 0.022939458089103665], [0.03791287450163036, 0.5267406462312603, 0.007820426363546074, -0.5661091491113558, -0.6494159765291156, 0.20821807848395396, -0.3000543622912244, 0.1709841542666906, 0.45811704206220205, -0.22284579222303016, 0.786607044225805, -0.6095535563353722, 0.07722926338289646]], "inverted": true, "swapped": false, "error_lsq": 0.049508315087616106, "error_max": 0.3260134124459253, "target": "965.xyz", "model": "2.xyz", "model_rescale": 3.932901565614263, "target_rescale": 4.118605706907377},
{"mapping": [7, 5, 4, 3, 1, 8, 11, 10, 6, 2, 12, 0, 13], "R": [[-0.8695382235223492, -0.42429551713775304, -0.2527381885873285], [-0.4757726762332347, 0.5824290244388814, 0.6591030208101298], [-0.13245240044432144, 0.6933611942039875, -0.7083125129408329]], "T": [0.045851729001610754, -0.09180341569615195, -0.0506161355956343], "aligned_model": [[-0.5657612317122984, -0.2741663205915868, -0.6988610281124336, 0.04257676822196549, 0.39355302418571114, 0.1487419485044449, 0.8367192075650001, 0.660162997618612, 0.09608384106039727, -0.17593606739395168, 0.2944419820956383, -0.2624572568417049, 0.07339465850656021], [-0.4452741226724818, 0.024431566942425723, 0.3640043130762065, -0.3443135617761879, 0.4084237199825304, -0.815037348792201, -0.4931876037875394, 0.15065571564063412, 0.4507342081034908, 0.7007995094988694, -0.01404557321558457, 0.18698884006390104, -0.058586599809292976], [0.05297243975687356, 0.5825327903295718, -0.02114363450125592, -0.4943653652735569, -0.47209596070017423, -0.12226113738212904, -0.15610577142983836, 0.22683777982603356, 0.3614784195269847, -0.18019479711285966, 0.6672183955875275, -0.5761356656984594, 0.05691320009916842]], "inverted": true, "swapped": false, "error_lsq": 0.05275040073169808, "error_max": 0.31876944648064276, "target": "965.xyz", "model": "3.xyz", "model_rescale": 3.9243930471874484, "target_rescale": 4.118605706907377},
{"mapping": [4, 8, 10, 3, 5, 2, 0, 1, 9, 11, 7, 6, 12], "R": [[-0.5029685798973923, -0.22552458676736525, -0.8343627918354282], [-0.848154338517579, 0.3145353783797147, 0.42626483997784514], [0.16630341454645084, 0.9220662430167038, -0.34948106930025913]], "T": [-0.038523146413864895, 0.087851090589192, 0.01998872085682866], "aligned_model": [[-0.2793264900448317, -0.3362710054512136, -0.7327233340132727, -0.16307946815651664, 0.5439241973726807, 0.26981293991373656, 0.607901183196365, 0.626215879348463, 0.037511342367395006, -0.20323329540029644, 0.22164132841391015, -0.08970838592526825, 0.0658276314852031], [-0.41585680874882763, 0.1382694417342776, 0.17220300381840398, -0.37953363467047674, 0.26189592944185613, -0.781712178546192, -0.35754932526385635, 0.08628583655255329, 0.6583463145030952, 0.8286338058808449, -0.4188289617857545, 0.235039077244018, 0.08840056309482855], [0.22163041119070379, 0.5723840242607529, -0.07000335540786896, -0.4479756064936212, -0.43177071242556647, 0.021740620494296602, -0.3072365975500584, 0.2812929067988776, 0.42796095984383686, -0.2041666202205403, 0.584354319981267, -0.685158272739095, -0.037401384705097754]], "inverted": false, "swapped": false, "error_lsq": 0.044047397710388715, "error_max": 0.2647329290312208, "target": "965.xyz", "model": "4.xyz", "model_rescale": 3.8936222436046832, "target_rescale": 4.118605706907377},
{"mapping": [1, 8, 2, 0, 11, 4, 7, 6, 5, 10, 3, 12], "R": [[-0.015553172006162741, -0.9358108964889054, 0.352159147053116], [-0.11888811069448857, -0.3479723921210833, -0.9299359286838134], [0.9927858359062351, -0.05633098911045764, -0.10584471498282644]], "T": [-0.14018744959433418, -0.02596302256163579, -0.07621073436064812], "aligned_model": [[0.10910172288688444, -0.5401866958848264, -0.292220520882423, 0.3644157648447459, -0.6257677456197319, -0.6351581695594143, -0.23193902956068396, 0.11248258558958649, 0.6674176431205728, 0.2655310738574149, -0.018160372301384814, -0.1479682142756429], [-0.5688920576883164, -0.5845806250261022, 0.02948481227992767, 0.10901149644337743, 0.4955558505125947, 0.1379042383110807, -0.398309093259471, 0.3404812335841669, 0.07428640133881348, -0.5539779118845607, 0.6273485090128534, -0.039389948514556704], [-0.493849404337167, -0.12836479140612, -0.7821204485552011, -0.43129124910462313, -0.2566368955124189, 0.36044333784538285, 0.5879305987218404, 0.5547948444640629, 0.14493038733418817, 0.11781411054336571, -0.07449601597654332, 0.020130245258751955]], "inverted": false, "swapped": true, "error_lsq": 0.03322258427500408, "error_max": 0.15733212471388686, "target": "965.xyz", "model": "5.xyz", "model_rescale": 3.6523030999806103, "target_rescale": 4.118605706907377},
{"mapping": [9, 11, 7, 8, 1, 10, 6, 2, 3, 0, 4, 5, 12], "R": [[-0.08205912041758806, 0.7405264875895081, 0.6669983672653466], [0.4155006656623434, -0.5828993897849037, 0.6982746581557551], [0.9058838212433433, 0.33443806985260083, -0.25985703731633963]], "T": [0.05645851224541244, -0.05973749533251097, -0.04790519009215542], "aligned_model": [[-0.4213167732498194, -0.4502555186300863, -0.5400810323553276, -0.07530807803431182, 0.5325380153122198, 0.2685855776365473, 0.5145452432825003, 0.7362231629405535, -0.004349064527827226, 0.016647088009145675, 0.23548117768893584, -0.2471387559044519, 0.0029214809382756], [-0.6017788962538314, -0.15804786858268008, 0.22857009241641887, -0.3683537044283331, 0.3495586282753696, -0.7216243121138954, -0.4397228139739908, 0.10781661010451352, 0.5581655575314204, 0.9143127571132972, -0.047115255294978384, 0.2630138054034918, 0.03079846305796855], [-0.02372314224992593, 0.6649376849976467, 0.11894014628593678, -0.6319400382269821, -0.34488979567410616, 0.3064688941275352, -0.30942415027821407, 0.24545001375742592, 0.263766045052155, -0.23975118746826524, 0.49700137643172915, -0.5651709115853759, -0.05601424214167326]], "inverted": false, "swapped": false, "error_lsq": 0.03913510671013784, "error_max": 0.23204373316456745, "target": "965.xyz", "model": "6.xyz", "model_rescale": 4.08911054899281, "target_rescale": 4.118605706907377},
{"mapping": [6, 2, 7, 4, 10, 3, 8, 11, 13, 12, 1, 5, 14], "R": [[0.554069060080844, 0.39284155454740344, -0.7339502637658151], [-0.5066785334133714, -0.5404028272312227, -0.6717452255867371], [-0.660518236265438, 0.7440700889978582, -0.10037610382712692]], "T": [0.08737166137931614, -0.02307134466306142, 0.020681716597337682], "aligned_model": [[-0.2843357329918331, -0.435746708394615, -0.6531294598919773, -0.04348984728949891, 0.49588204185969187, 0.08276900753532292, 0.5562530536640103, 0.5565964353994635, -0.05885412211362574, 0.11253337930883663, 0.2657433770515639, -0.25150015552074634, 0.22577125448976132], [-0.3484359444284729, -0.068099469831104, 0.20221504203158913, -0.4015009128256096, 0.2813982621587751, -0.8127263428424151, -0.34947973494844115, 0.31115538594007547, 0.5668068624662598, 0.6698308039483091, -0.07770140290786529, 0.20510096122938903, -0.06297044673571894], [0.09219714600092811, 0.6326124172817943, 0.006785749431424938, -0.559418117217053, -0.48891854445392785, -0.032939507686807916, -0.35181898944958734, 0.1331613456562767, 0.42879474425927877, -0.14441043467515197, 0.7300089659256734, -0.622439205250102, 0.10203512320513981]], "inverted": true, "swapped": false, "error_lsq": 0.04269712004534006, "error_max": 0.23019321363663015, "target": "965.xyz", "model": "7.xyz", "model_rescale": 3.964800864290218, "target_rescale": 4.118605706907377},
{"mapping": [2, 7, 12, 6, 10, 0, 3, 5, 8, 9, 1, 11, 13], "R": [[0.7902438990852014, 0.6120153742012188, -0.03085063532506499], [-0.1942405747917459, 0.2024225439364931, -0.9598415040051408], [-0.5811928931630101, 0.7645013377670576, 0.27884139844935]], "T": [0.006621547161412986, -0.08377101420622658, -0.03791108499989679], "aligned_model": [[-0.40454786551495175, -0.3794514750316806, -0.6196247180087892, 0.01764786775751495, 0.4966535097681792, 0.22277315443568274, 0.5950533210493338, 0.7371021932994519, 0.1429438162211919, -0.10128624313659279, 0.12982313496868106, -0.302585391896349, 0.033991219194681635], [-0.5608883759273604, 0.03929078796560494, 0.3357740159628569, -0.34697779056862077, 0.48099210496549594, -0.7571594538758184, -0.4379277749083742, 0.27190035267282736, 0.5416857604853658, 0.5869310227323454, -0.26706077187719046, 0.24317194666877517, -0.014138761041136733], [0.16680204349392963, 0.5474576700106732, 0.011813358781457783, -0.5547344942119479, -0.37856532004537413, 0.07604445244715165, -0.27089978007002946, 0.15948857905381705, 0.3878560383880707, -0.14913793979704654, 0.6792681984900003, -0.734066738332179, -0.015675375180636816]], "inverted": true, "swapped": false, "error_lsq": 0.0395851805704252, "error_max": 0.2958304360771064, "target": "965.xyz", "model": "8.xyz", "model_rescale": 4.121658175737393, "target_rescale": 4.118605706907377},
{"mapping": [4, 1, 0, 5, 11, 9, 7, 8, 2, 3, 6, 10, 12], "R": [[-0.8582933746190856, 0.1165048201855272, -0.49975905190253433], [-0.42633281308658444, -0.703928509929559, 0.5680888886380636], [-0.28560955090938656, 0.7006506117758614, 0.6538470040058683]], "T": [0.09865439859002659, 0.012103744807097085, -0.034637984629583576], "aligned_model": [[-0.5327893582035294, -0.3288482086487805, -0.6758398431973383, -0.1907807492222323, 0.5134334655852524, 0.22829575533803478, 0.6139171052805492, 0.6982681585124012, -0.005103014725921562, -0.005991895609850015, 0.35296234878808574, -0.14239139849532517, 0.043360157705007785], [-0.5519036610346576, 0.037889220640196175, 0.14823830404332405, -0.31508739491633453, 0.3379715388593195, -0.7972115349279029, -0.3028183341591593, 0.2229974059092417, 0.5621328916847936, 0.7668207832704517, -0.2781111720585638, 0.2745124524050169, 0.01016256353904513], [0.23238700648701505, 0.5052771436578295, -0.05585812463975366, -0.4715489132788384, -0.38790924150680584, 0.11162107882612675, -0.33553553793756996, 0.3210873874567861, 0.37651744537938847, -0.23990692147429538, 0.5409354846935708, -0.7051000823499854, 0.033683967714418575]], "inverted": true, "swapped": false, "error_lsq": 0.031894871636491975, "error_max": 0.2181142999948737, "target": "965.xyz", "model": "9.xyz", "model_rescale": 3.833441315466971, "target_rescale": 4.118605706907377},
{"mapping": [8, 11, 10, 13, 5, 9, 2, 4, 12, 1, 7, 0, 14], "R": [[0.8725164438955906, -0.2271923734245596, 0.43254904992325194], [-0.25121471342069474, 0.5507123587391249, 0.7959943879782994], [-0.41905396179102117, -0.8031808783765364, 0.4234315218751959]], "T": [0.09326696612808028, 0.09646948151016693, 0.07906120189224185], "aligned_model": [[-0.3708132185272953, -0.33468209167173485, -0.7129543849359119, 0.025088853107798403, 0.4688115576586262, 0.1952829158282667, 0.37376880051337624, 0.8703907265237363, -0.1794099487286046, 0.1170712237065738, 0.1844573588616048, -0.20440538414342535, 0.1358861149133436], [-0.527711387856177, -0.01798942410530946, -0.00046520844285846685, -0.1497571525384282, 0.16546323302478494, -0.701067991033812, -0.44846827793438054, 0.27095223644704264, 0.5765157558331114, 0.7706611171419466, -0.2104608413341713, 0.37383530163749473, 0.014085702415526771], [0.1299255991072632, 0.5978056899565762, -0.04886433305732012, -0.6761942059035232, -0.47918724055171613, 0.1860044224704796, -0.29645419614847096, 0.118393241610413, 0.3203554867886586, -0.22178415485954067, 0.6633488587647722, -0.4670910986729019, 0.09939262352319624]], "inverted": true, "swapped": false, "error_lsq": 0.04674081529166173, "error_max": 0.24539495492997263, "target": "965.xyz", "model": "10.xyz", "model_rescale": 4.2482417240324, "target_rescale": 4.118605706907377},
{"mapping": [11, 3, 6, 5, 8, 7, 4, 10, 0, 1, 2, 12], "R": [[-0.4948999761535665, 0.761943378522844, -0.4177514829756964], [-0.2606834459797195, -0.5887966385318585, -0.765089968203559], [-0.8289259041647438, -0.2697421108740317, 0.4900214679234816]], "T": [-0.08278718684395085, 0.06442951929474941, -0.04814446616551375], "aligned_model": [[-0.6801490353600489, -0.09694789492757651, 0.3750557044582494, 0.6957606735369961, -0.3475533533674263, 0.2322864296750362, -0.3206050715659274, 0.4543435717300231, 0.14877139079108914, 0.023976210723774774, -0.56840963006009, -0.03976339327109276], [-0.3170439446024572, -0.5890985996465335, -0.2636163605004821, -0.22922473138033675, 0.7003472833112486, 0.5394534534635315, 0.11372714827863387, 0.4768345587402876, -0.25893066674378185, 0.4471635784719079, -0.04678853961871883, 0.09330821027734007], [0.1466902760351259, 0.07189709846790666, 0.4801143413175388, -0.1852930667146233, -0.06489388272645878, 0.46490966084203916, 0.5870938112278737, -0.19802947439604401, -0.5388006716317209, -0.659254361556912, -0.5737854346644023, 0.0345439936540337]], "inverted": true, "swapped": true, "error_lsq": 0.05028445609523886, "error_max": 0.29817550265897497, "target": "965.xyz", "model": "11.xyz", "model_rescale": 3.6694154284099745, "target_rescale": 4.118605706907377},
{"mapping": [0, 1, 4, 6, 9, 5, 7, 10, 2, 8, 12, 11, 13], "R": [[-0.6822082509045744, 0.19816740024641105, 0.7037908665770678], [0.4702757765695949, 0.8559705686288746, 0.21483733291266074], [-0.5598505125206064, 0.47753959743746877, -0.6771435124917571]], "T": [0.039940313710297076, -0.006980521125627017, -0.011862972059049962], "aligned_model": [[-0.4416709259196189, -0.45046944714438797, -0.6810495051556587, -0.14020058078275352, 0.527983991375917, 0.24271058837563234, 0.6652604184482332, 0.6189135388975121, 0.06988217640114211, 0.04226670326000406, 0.30730217108545965, -0.13340684857732235, -0.059029757157805327], [-0.4832566473255762, 0.1669473703962492, 0.11071828979067495, -0.379328378971702, 0.40946757498680325, -0.7837997825420611, -0.27554656087378415, 0.18553125425295003, 0.4610919374814569, 0.7381613091449146, -0.22823494057623037, 0.24729416421986528, -0.05345252672878971], [0.2160614230801366, 0.6557603117700619, -0.130181697334541, -0.3975586608375903, -0.4946368516600875, -0.0092470054591112, -0.31021237690858505, 0.16493637229874147, 0.44236740092853355, -0.14360549368293588, 0.5723738115834801, -0.6829246641756204, 0.04251812342540398]], "inverted": false, "swapped": false, "error_lsq": 0.04218209404346854, "error_max": 0.21197731976574907, "target": "965.xyz", "model": "12.xyz", "model_rescale": 3.9764082729961374, "target_rescale": 4.118605706907377},
{"mapping": [14, 11, 3, 4, 0, 6, 5, 12, 1, 2, 13, 7, 15], "R": [[-0.6632608750957414, 0.6215118483900155, 0.41690290701559984], [0.7465657237346393, 0.5883288602742756, 0.31065861055658217], [-0.05219800486422478, 0.5172931223969621, -0.8542149576125415]], "T": [0.11524113725423696, 0.05218650158922264, 0.05432052515150444], "aligned_model": [[-0.399259984543696, -0.43240843200898743, -0.723087711975686, 0.06733828083859161, 0.3271677675011263, 0.12306586525981848, 0.7487182630215481, 0.5743746757772756, 0.32118481217995415, 0.0003819964686001265, 0.17875623518619468, -0.25702801064224484, 0.03928876604385867], [-0.489690998373009, 0.055080103243864975, 0.04297380508866776, -0.2750061780124785, 0.3248761866304991, -0.7112547965820503, -0.314702341925271, 0.12832074436755936, 0.6183338897769993, 0.7862244341255669, -0.31981552187568907, 0.2658859739971926, 0.004367762792918485], [0.33798478140953114, 0.629312938235955, -0.02026710174219258, -0.5832639700658029, -0.584299371631041, 0.02684392460792319, -0.35424184887344395, 0.49091359178008775, 0.25528548694147646, -0.23594694681508377, 0.5360474945642663, -0.5675974082930723, -0.005120877090717603]], "inverted": true, "swapped": false, "error_lsq": 0.05272545466350666, "error_max": 0.33012010554505783, "target": "965.xyz", "model": "13.xyz", "model_rescale": 4.170626492500431, "target_rescale": 4.118605706907377},
{"mapping": [12, 8, 10, 11, 3, 5, 6, 2, 0, 1, 4, 9, 13], "R": [[0.64524427805368, -0.09813838237732167, 0.7576468039550803], [-0.2291023736559333, 0.9212167009286851, 0.31443901207592995], [-0.7288154252101162, -0.3764686545177862, 0.5719260687723242]], "T": [0.04847773855755591, 0.10185557649885973, 0.05592422450426204], "aligned_model": [[-0.3437442581984873, -0.4284408735335886, -0.5035786138060938, -0.00679329195617126, 0.4818289869130754, 0.1143898280661727, 0.6264588336206843, 0.6436311418743403, 0.14529519323560106, -0.046707742241613226, 0.19058379870557476, -0.36857086574831355, 0.06414038617517312], [-0.4879457133787541, 0.038363188223282704, 0.03830547563291736, -0.2657207731213444, 0.2605013351380835, -0.7908419220468907, -0.43781658548363117, 0.23457788058309664, 0.6222022322852476, 0.8008176118506789, -0.21909480980507795, 0.30072946852766264, 0.021515674849499247], [0.24032179744267754, 0.6216747409662828, -0.04166406101044251, -0.5453181488502626, -0.45643485196885125, -0.10521733097723074, -0.23074819893555593, 0.3031273469670751, 0.33110442875135093, -0.24937279034720944, 0.6722519358669602, -0.6095275582566836, -0.00454661662022407]], "inverted": true, "swapped": false, "error_lsq": 0.041253169904553445, "error_max": 0.28492642506089255, "target": "965.xyz", "model": "14.xyz", "model_rescale": 3.9786697098870705, "target_rescale": 4.118605706907377},
{"mapping": [3, 11, 6, 5, 4, 7, 2, 8, 10, 0, 9, 12], "R": [[0.6258569755882027, -0.5799582475164768, 0.5214896712737512], [0.6467744959829111, 0.7595949340524003, 0.06854405523443385], [-0.4358736026116278, 0.29438744419480095, 0.8504999913267571]], "T": [0.02967155840159446, -0.05306851029899561, 0.05223143817772785], "aligned_model": [[-0.11544280000794654, -0.6128275376731682, 0.4575795851510141, 0.7050157533781453, -0.1221623112743088, 0.49474798296142103, -0.5218165260856835, -0.08848290056708247, 0.6254038889535735, 0.13040522094037937, -0.5556524539136086, 0.086586694904601], [-0.4016374066107998, -0.03275130206121908, -0.003915100466037845, -0.5254404528501474, 0.4839752889464157, 0.5548576832403689, -0.387536306439464, 0.4209697832003581, -0.0070594879069424965, -0.6695440050382355, 0.5679256123449831, 0.014830183865159559], [-0.4947155909277962, -0.3042876792356706, -0.5886821620799152, -0.12652620411429208, -0.33641455150193106, 0.0045520754889244175, 0.38160846798040376, 0.5381329596864104, 0.4044232101603081, 0.1456947484725425, 0.024850167599570094, 0.011331052345275879]], "inverted": false, "swapped": true, "error_lsq": 0.04401866572000105, "error_max": 0.2950122789382925, "target": "965.xyz", "model": "15.xyz", "model_rescale": 3.769337070930944, "target_rescale": 4.118605706907377},
{"mapping": [6, 3, 7, 4, 5, 0, 10, 2, 8, 9, 12], "R": [[-0.4379780210667369, -0.37494000170937924, 0.8170650207790293], [0.760309173650222, 0.3304799265323285, 0.5592074558001737], [-0.4796928324728038, 0.86614260562413, 0.14032737864316114]], "T": [0.039517644710632426, -0.017529231615007683, 0.0396567291715621], "aligned_model": [[-0.32456031613819464, -0.2597240938786945, -0.1369432484012054, -0.5929498560950661, 0.3922814105586732, 0.46488565925878694, 0.509141840163349, 0.2624649890198529, 0.12991400039423193, -0.5159433083281451, -0.00594094586241737], [0.11247660066428733, -0.5054425567937602, 0.7136050284470228, 0.22067823060710062, -0.040808945632181313, -0.41849067650022653, 0.4464852674447442, -0.5167894225382194, 0.40205671256123887, 0.12389264889441401, 0.05840161047092169], [-0.6288021716200498, -0.2981368085686539, -0.1101695237507585, 0.11553384659890464, -0.7259770663833773, -0.1995433307545416, -0.1729380585498467, 0.5145575453141812, 0.5786828906992421, 0.672468403441276, -0.001458119202599098]], "inverted": false, "swapped": true, "error_lsq": 0.04792698481516131, "error_max": 0.29654417540047023, "target": "965.xyz", "model": "16.xyz", "model_rescale": 3.7852294659196426, "target_rescale": 4.118605706907377},
{"mapping": [8, 9, 11, 2, 5, 3, 1, 4, 10, 6, 0, 7, 12], "R": [[-0.8949086087803582, -0.3429272551672433, -0.28555118559421955], [-0.39890974202666973, 0.9015727710101232, 0.16744418858038632], [0.20002399767782833, 0.2637563956316292, -0.9436222571116006]], "T": [0.05884997030905884, -0.05751546574820251, -0.014272632428702638], "aligned_model": [[-0.42691150450682797, -0.43107760684571694, -0.6348646619122144, -0.14986331286331026, 0.5333997995102364, 0.31540335611422193, 0.5227362593892722, 0.6923154307459818, 0.00030793795374155913, -0.05655230508525116, 0.2905981752533251, -0.09054347551095965, 0.0035444308638554883], [-0.39820654241408066, 0.06141550674178927, 0.11294671345428772, -0.3941024113937979, 0.305504831690308, -0.8085955351786951, -0.2929325090014098, 0.1394519311547239, 0.6346246416019734, 0.7860675376850269, -0.27279930021730725, 0.2460072303820837, -0.003789031250131643], [0.25437451741176903, 0.687929744694643, -0.18050959864535193, -0.4803574042016585, -0.288549379188561, 0.03626904046357468, -0.4655402700855323, 0.234146449125667, 0.3941021678762818, -0.2641591407767378, 0.5904527563719585, -0.6282617011068384, 0.03575351108867197]], "inverted": false, "swapped": false, "error_lsq": 0.038457658328943586, "error_max": 0.19960257934340547, "target": "965.xyz", "model": "17.xyz", "model_rescale": 3.901054581598922, "target_rescale": 4.118605706907377},
{"mapping": [8, 0, 2, 5, 11, 4, 10, 6, 7, 12, 1, 13, 14], "R": [[-0.5576306948664933, 0.5282115324139243, -0.6403441146505883], [-0.7840016112052792, -0.5886027247951717, 0.19720118151579408], [-0.2727443524075941, 0.611996249489025, 0.7423416388975692]], "T": [0.021892107624824193, -0.00037862938878296774, -0.04279716193087389], "aligned_model": [[-0.28347968829578163, -0.41318211610963573, -0.8005001074502969, -0.2760415116467369, 0.6839306456911443, 0.34495556080830897, 0.5927881794742972, 0.6675186243053668, 0.19661165959353766, 0.10919271634495231, 0.1191508663513498, -0.41130484592979283, 0.03885253996964065], [-0.5808434512807441, 0.21344069291163675, -0.06535402114120435, -0.2714021887681583, 0.3747806633105497, -0.6876059784181179, -0.4215443483626369, 0.14054464545372447, 0.4740942605207976, 0.7176840499175137, -0.11416914321300713, 0.2961046890261309, 0.03986319329828581], [0.05833101882024201, 0.540723391051051, -0.09925373850582751, -0.5201522035557663, -0.2829876449709435, 0.178387254050639, -0.45407670243457887, 0.3136194157373831, 0.3861848641470809, -0.2123250250736871, 0.6378481217892372, -0.544733651572002, -0.07591440645494185]], "inverted": true, "swapped": false, "error_lsq": 0.052684458193044015, "error_max": 0.277284710440041, "target": "965.xyz", "model": "18.xyz", "model_rescale": 3.9405287249114394, "target_rescale": 4.118605706907377},
{"mapping": [8, 5, 2, 0, 12, 7, 4, 13, 10, 3, 9, 1, 15], "R": [[-0.48813214729037335, 0.3164014905519789, 0.8133984900146887], [0.6086229047076963, -0.544574687524105, 0.5770758785230848], [0.6255438966586244, 0.776742239410546, 0.07325521734753526]], "T": [0.14292258050010695, 0.0491850983437069, -0.011855714618962078], "aligned_model": [[-0.2864204316367468, -0.47845904046263465, -0.6406626220051739, -0.10613928856355417, 0.48372212212185006, 0.39251815119862454, 0.4825903849784918, 0.7067028818528559, -0.11214752209527692, 0.07399225312615701, 0.1842651259112403, -0.244521750672876, 0.1130522593533971], [-0.5723823955396025, -0.1761484466496251, 0.3735030939983089, -0.3542727787521244, 0.25200841667530505, -0.5774605773376937, -0.42725374338578426, 0.09454979888841697, 0.7245678687957765, 0.8012783202759728, -0.33353967598062995, 0.23910704370211755, 0.07163613856433246], [0.028026411864373206, 0.49249765097833564, 0.17824255239677425, -0.5097153180653474, -0.3898205756586648, 0.18974487362131345, -0.4503723520551862, 0.35066829992774284, 0.29911276141195897, -0.40559800389664297, 0.6520888523547043, -0.5111912419877199, 0.0019667821362450797]], "inverted": false, "swapped": false, "error_lsq": 0.05093204527304406, "error_max": 0.3034634979894893, "target": "965.xyz", "model": "19.xyz", "model_rescale": 4.410303926677745, "target_rescale": 4.118605706907377},
{"mapping": [2, 7, 12, 6, 10, 0, 3, 5, 8, 9, 1, 11, 13], "R": [[0.7902438990852014, 0.6120153742012188, -0.03085063532506499], [-0.1942405747917459, 0.2024225439364931, -0.9598415040051408], [-0.5811928931630101, 0.7645013377670576, 0.27884139844935]], "T": [0.006621547161412986, -0.08377101420622658, -0.03791108499989679], "aligned_model": [[-0.40454786551495175, -0.3794514750316806, -0.6196247180087892, 0.01764786775751495, 0.4966535097681792, 0.22277315443568274, 0.5950533210493338, 0.7371021932994519, 0.1429438162211919, -0.10128624313659279, 0.12982313496868106, -0.302585391896349, 0.033991219194681635], [-0.5608883759273604, 0.03929078796560494, 0.3357740159628569, -0.34697779056862077, 0.48099210496549594, -0.7571594538758184, -0.4379277749083742, 0.27190035267282736, 0.5416857604853658, 0.5869310227323454, -0.26706077187719046, 0.24317194666877517, -0.014138761041136733], [0.16680204349392963, 0.5474576700106732, 0.011813358781457783, -0.5547344942119479, -0.37856532004537413, 0.07604445244715165, -0.27089978007002946, 0.15948857905381705, 0.3878560383880707, -0.14913793979704654, 0.6792681984900003, -0.734066738332179, -0.015675375180636816]], "inverted": true, "swapped": false, "error_lsq": 0.0395851805704252, "error_max": 0.2958304360771064, "target": "965.xyz", "model": "20.xyz", "model_rescale": 4.121658175737393, "target_rescale": 4.118605706907377},
{"mapping": [9, 11, 7, 8, 1, 10, 6, 2, 3, 0, 4, 5, 12], "R": [[-0.08205912041758806, 0.7405264875895081, 0.6669983672653466], [0.4155006656623434, -0.5828993897849037, 0.6982746581557551], [0.9058838212433433, 0.33443806985260083, -0.25985703731633963]], "T": [0.05645851224541244, -0.05973749533251097, -0.04790519009215542], "aligned_model": [[-0.4213167732498194, -0.4502555186300863, -0.5400810323553276, -0.07530807803431182, 0.5325380153122198, 0.2685855776365473, 0.5145452432825003, 0.7362231629405535, -0.004349064527827226, 0.016647088009145675, 0.23548117768893584, -0.2471387559044519, 0.0029214809382756], [-0.6017788962538314, -0.15804786858268008, 0.22857009241641887, -0.3683537044283331, 0.3495586282753696, -0.7216243121138954, -0.4397228139739908, 0.10781661010451352, 0.5581655575314204, 0.9143127571132972, -0.047115255294978384, 0.2630138054034918, 0.03079846305796855], [-0.02372314224992593, 0.6649376849976467, 0.11894014628593678, -0.6319400382269821, -0.34488979567410616, 0.3064688941275352, -0.30942415027821407, 0.24545001375742592, 0.263766045052155, -0.23975118746826524, 0.49700137643172915, -0.5651709115853759, -0.05601424214167326]], "inverted": false, "swapped": false, "error_lsq": 0.03913510671013784, "error_max": 0.23204373316456745, "target": "965.xyz", "model": "21.xyz", "model_rescale": 4.08911054899281, "target_rescale": 4.118605706907377},
{"mapping": [4, 2, 3, 7, 5, 0, 6, 8, 15, 9, 1, 12, 16], "R": [[0.7335039573024529, -0.5210505379243868, 0.4364381760918137], [-0.06953020237935756, -0.6962722941737889, -0.7144021579776021], [0.6761194388410434, 0.4936711752722415, -0.5469472324882875]], "T": [0.05921234415161521, 0.07874341397192369, -0.030291425936816132], "aligned_model": [[-0.40754772158686553, -0.3029919454070838, -0.8089811118514343, 0.04827021126979038, 0.5772424929850849, 0.11261896919452673, 0.5868274992779542, 0.7191199833586811, -0.10081297370458071, 0.09087030586162388, 0.350418677295077, -0.3352955485146501, 0.03875368492823063], [-0.39005914950408116, -0.022419516323424593, 0.06915328950196786, -0.3414927316412365, 0.4776929595096743, -0.689790563198337, -0.38706964069328503, 0.011073376762362586, 0.5472579726764937, 0.6846095314295293, -0.14339866691421038, 0.26370803641697094, 0.03632816523234692], [0.19027915999407063, 0.586010402336141, -0.009628034138530136, -0.6039446658454086, -0.2952689324594707, 0.05084214612593577, -0.27565763130309207, 0.17146261204083355, 0.5048655826326869, -0.4037504367261303, 0.6738748532208534, -0.6262118208738151, -0.037222541976188045]], "inverted": true, "swapped": false, "error_lsq": 0.03982003654349053, "error_max": 0.198628159831384, "target": "965.xyz", "model": "22.xyz", "model_rescale": 4.204369325754507, "target_rescale": 4.118605706907377},
{"mapping": [8, 5, 2, 0, 12, 7, 4, 13, 10, 3, 9, 1, 15], "R": [[-0.48813214729037335, 0.3164014905519789, 0.8133984900146887], [0.6086229047076963, -0.544574687524105, 0.5770758785230848], [0.6255438966586244, 0.776742239410546, 0.07325521734753526]], "T": [0.14292258050010695, 0.0491850983437069, -0.011855714618962078], "aligned_model": [[-0.2864204316367468, -0.47845904046263465, -0.6406626220051739, -0.10613928856355417, 0.48372212212185006, 0.39251815119862454, 0.4825903849784918, 0.7067028818528559, -0.11214752209527692, 0.07399225312615701, 0.1842651259112403, -0.244521750672876, 0.1130522593533971], [-0.5723823955396025, -0.1761484466496251, 0.3735030939983089, -0.3542727787521244, 0.25200841667530505, -0.5774605773376937, -0.42725374338578426, 0.09454979888841697, 0.7245678687957765, 0.8012783202759728, -0.33353967598062995, 0.23910704370211755, 0.07163613856433246], [0.028026411864373206, 0.49249765097833564, 0.17824255239677425, -0.5097153180653474, -0.3898205756586648, 0.18974487362131345, -0.4503723520551862, 0.35066829992774284, 0.29911276141195897, -0.40559800389664297, 0.6520888523547043, -0.5111912419877199, 0.0019667821362450797]], "inverted": false, "swapped": false, "error_lsq": 0.05093204527304406, "error_max": 0.3034634979894893, "target": "965.xyz", "model": "23.xyz", "model_rescale": 4.410303926677745, "target_rescale": 4.118605706907377},
{"mapping": [4, 5, 15, 10, 11, 3, 1, 7, 13, 14, 0, 9, 16], "R": [[-0.55718269202036, -0.3545549386014564, 0.7508916321455863], [-0.15316582976499876, -0.844867112592847, -0.512581496594859], [0.8161419461744044, -0.4006124780537214, 0.4164396308257808]], "T": [-0.0003463443969126817, 0.07277272273227445, 0.02839175018992358], "aligned_model": [[-0.38361338212406276, -0.4346579408331827, -0.6382900296336297, -0.015347945902006239, 0.34069435412451665, 0.18600732877725018, 0.7189499080538594, 0.6279581378114916, 0.20761654564071902, -0.1213814315699936, 0.32142269175609134, -0.287592686273841, 0.04672697327914194], [-0.4978410916228828, -0.03793901571935884, 0.37921580231543395, -0.304042099226545, 0.29784168560615387, -0.8049157962170362, -0.3507445194940373, 0.19315300677497396, 0.6672256285072407, 0.7016860912974228, -0.29578064150362915, 0.2051156610069191, -0.03738164846988434], [0.06568284363143795, 0.469660808246262, -0.06344878703049601, -0.5022394665510825, -0.45509215907041023, 0.09309226667259281, -0.17055898822949556, 0.209148386397079, 0.3407437999863544, -0.19062530971107638, 0.6037341840236641, -0.512343739116577, 0.03789685377963363]], "inverted": true, "swapped": false, "error_lsq": 0.042945691041466026, "error_max": 0.22893047802715796, "target": "965.xyz", "model": "24.xyz", "model_rescale": 4.28219845311461, "target_rescale": 4.118605706907377},
{"mapping": [8, 11, 9, 1, 4, 6, 0, 2, 13, 7, 14, 3, 15], "R": [[-0.28851988136646356, -0.7852973814081585, 0.5477812527001734], [-0.9569754067911598, 0.2549729033064725, -0.13851674763855276], [-0.03089253717608953, -0.5641780227312632, -0.8250750328387513]], "T": [-0.04682290091068056, 0.039763607773896016, 0.06087799261526236], "aligned_model": [[-0.24705806676890016, -0.42292015072650857, -0.5975309673023111, -0.1636421800817735, 0.389710192336182, 0.3994692868896125, 0.5802135995361963, 0.6040609230870772, 0.18427755508570293, -0.06009241992633728, 0.16859911104126424, -0.279010159263762, 0.01241579919991144], [-0.6205661126846579, -0.050192618097271845, 0.4291255123239493, -0.28236619591266826, 0.28921627991786314, -0.7291536299969859, -0.3262044560391706, 0.02943420395385193, 0.5229336907548653, 0.7751303377056298, -0.161399373746813, 0.22772524296752136, 0.011910182108657595], [-0.015388615816496282, 0.44420006001626733, 0.016250458791217365, -0.47992053219547803, -0.4700276448442323, 0.20848117526471097, -0.31120637337188206, 0.27306558759361577, 0.3178910410922442, -0.19329851716647675, 0.7632108457033863, -0.65382813273532, 0.02622134069633035]], "inverted": true, "swapped": false, "error_lsq": 0.04823670201457299, "error_max": 0.29102062223905584, "target": "965.xyz", "model": "25.xyz", "model_rescale": 4.100010024507729, "target_rescale": 4.118605706907377},
{"mapping": [11, 3, 6, 5, 8, 7, 4, 10, 0, 1, 2, 12], "R": [[-0.4948999761535665, 0.761943378522844, -0.4177514829756964], [-0.2606834459797195, -0.5887966385318585, -0.765089968203559], [-0.8289259041647438, -0.2697421108740317, 0.4900214679234816]], "T": [-0.08278718684395085, 0.06442951929474941, -0.04814446616551375], "aligned_model": [[-0.6801490353600489, -0.09694789492757651, 0.3750557044582494, 0.6957606735369961, -0.3475533533674263, 0.2322864296750362, -0.3206050715659274, 0.4543435717300231, 0.14877139079108914, 0.023976210723774774, -0.56840963006009, -0.03976339327109276], [-0.3170439446024572, -0.5890985996465335, -0.2636163605004821, -0.22922473138033675, 0.7003472833112486, 0.5394534534635315, 0.11372714827863387, 0.4768345587402876, -0.25893066674378185, 0.4471635784719079, -0.04678853961871883, 0.09330821027734007], [0.1466902760351259, 0.07189709846790666, 0.4801143413175388, -0.1852930667146233, -0.06489388272645878, 0.46490966084203916, 0.5870938112278737, -0.19802947439604401, -0.5388006716317209, -0.659254361556912, -0.5737854346644023, 0.0345439936540337]], "inverted": true, "swapped": true, "error_lsq": 0.05028445609523886, "error_max": 0.29817550265897497, "target": "965.xyz", "model": "26.xyz", "model_rescale": 3.6694154284099745, "target_rescale": 4.118605706907377},
{"mapping": [12, 9, 3, 6, 0, 11, 2, 4, 8, 5, 10, 1, 13], "R": [[0.9671677990198817, 0.09058876703484621, -0.23744499115825612], [0.23739019696316505, -0.6555981024077244, 0.7168242619395502], [-0.0907322595598041, -0.7496564569231012, -0.6555782589963423]], "T": [0.015581752643540933, 0.09111580049928329, 0.051263960892958496], "aligned_model": [[-0.32943101223038845, -0.377571853231705, -0.7785163889393499, -0.198362338738863, 0.4627320718576977, 0.12596211739442664, 0.42235916062917533, 0.798509099772122, 0.13043876923120723, 0.08054414523685373, 0.3450915580242597, -0.16438473446135105, 0.05112192856226877], [-0.6178073957645122, -0.09818726827924358, -0.0188885195198865, -0.22449509400187712, 0.2590992368796532, -0.7160845804090786, -0.3821143234961935, 0.27354346947300945, 0.49290198187635686, 0.8067737169441154, -0.0864626783287193, 0.3744810482374049, 0.05283346964374108], [-0.03888539978486637, 0.5751514734456792, -0.04942571804814144, -0.519532080473068, -0.40565123940318126, 0.32037209786404464, -0.21839329619276737, 0.22236476393006033, 0.5347232897150004, -0.279783065826123, 0.5221990858387733, -0.7654139766008782, 0.027924758563353726]], "inverted": true, "swapped": false, "error_lsq": 0.044027987474309374, "error_max": 0.202201544707523, "target": "965.xyz", "model": "27.xyz", "model_rescale": 4.103607728864725, "target_rescale": 4.118605706907377},
{"mapping": [5, 11, 10, 0, 2, 7, 1, 4, 13, 12, 8, 3, 14], "R": [[-0.745665819297316, -0.3755277227511653, 0.5504193086883731], [-0.40768757571567316, 0.9105180307379395, 0.06890396438654438], [-0.5270420538616818, -0.17301978252913386, -0.8320401602776344]], "T": [-0.18827220903664338, 0.021402189673199366, 0.031045449124224942], "aligned_model": [[-0.2596758956235793, -0.36119290061813697, -0.6550011702724614, -0.004585622070600426, 0.37296333412767807, 0.06477619412311086, 0.48763911899303497, 0.6780435602034913, 0.07828529892335917, 0.01765496549297052, 0.39045179370483557, -0.16534167034438807, -0.07552448353296033], [-0.698628841151098, 0.0020941547150787054, 0.21172784955287502, -0.272430339872497, 0.2989404505619338, -0.5705016762555744, -0.46526058257514236, 0.24534906417766833, 0.45276054850993036, 0.8172550787185154, -0.1853128421292055, 0.30982372408258413, -0.030223525080298193], [-0.07664502665596293, 0.6957159446844848, -0.04455545193424551, -0.5931447649381157, -0.35535833587792415, 0.35615706798804553, -0.29935439171045847, 0.17580066491996313, 0.4344678012138636, -0.21695816962600553, 0.5738413602035469, -0.6616435586209738, -0.06267244661833157]], "inverted": true, "swapped": false, "error_lsq": 0.04412858678015314, "error_max": 0.3264492521199164, "target": "965.xyz", "model": "28.xyz", "model_rescale": 4.137296879288765, "target_rescale": 4.118605706907377},
