[{"mapping": [12, 2, 13, 11, 7, 4, 1, 0, 10, 3, 6, 16], "R": [[-0.305901001085303, -0.5320706381393818, 0.7895096032126278], [-0.722591520096739, 0.6697006034648304, 0.17135517734555428], [-0.6199081162715115, -0.5180752240252312, -0.5893318162393009]], "T": [0.07002561193990245, 0.05826844148378853, 0.03810125084407606], "aligned_model": [[-0.2306484606910296, 0.1222655230223704, 0.486315543057533, -0.014648505737687348, -0.22915628137197555, -0.4639704232210866, 0.4166941588831875, -0.31095988839531175, 0.5888562588638424, 0.048418116222437774, -0.5559338315235257, -0.019589746648205994], [-0.27969089348779025, -0.6444388527513684, -0.3705397914253812, 0.7460057916062756, 0.3753594538020368, -0.55732897399368, -0.30651605396735154, -0.5263845698946953, -0.013381283625189533, 0.5986678155389796, -0.018248055781301287, 0.05005044995652224], [-0.4940327307998999, -0.011932684717706518, -0.5639644135551618, -0.08908797068563223, -0.583032450382529, 0.02563034648436746, 0.5488135192684482, 0.5455901645110746, -0.06126141436031812, 0.4932960863003534, 0.38829424904959764, -0.01636095575903137]], "inverted": false, "swapped": true, "error_lsq": 0.041566966441660844, "error_max": 0.24761744237641525, "target": "967.xyz", "model": "0.xyz", "model_rescale": 3.751011558992144, "target_rescale": 4.221258550316699},
{"mapping": [14, 10, 7, 11, 2, 8, 1, 15, 12, 6, 0, 5, 3, 9, 16], "R": [[-0.9006450182078606, -0.4241910503279365, 0.09434248247234554], [-0.42906915970914855, 0.8336747671256278, -0.34768669638701405], [0.06883463782027156, -0.35362174067739743, -0.9328523233376439]], "T": [0.0660015255070394, -0.04845345031674013, -0.0795052826116649], "aligned_model": [[-0.08099982964939752, 0.26546709885401504, -0.4335835061868476, 0.18868680715718758, -0.20912798235247737, -0.536115592982248, 0.4948858126549257, 0.6233988624759463, -0.6209499201740155, -0.07064750544965388, -0.010531726816930473, 0.4520756003098514, 0.5893418984798476, -0.084730032503722, -0.028083772727446915], [-0.12459112169116136, -0.4147370547801769, 0.35935729633683033, 0.5525031219078409, -0.6493923816470245, 0.32505804179654535, -0.5270080573627984, -0.046060271364476935, -0.16608705151200914, 0.27063985993228806, -0.27795390061537684, 0.07379451684656883, 0.419032058544554, 0.7588368315182884, -0.004634538082785772], [-0.8310591623238796, -0.4115318910075308, -0.4794662572072221, -0.42610157081714706, 0.1699062229481147, 0.10857831236039867, 0.2384846338843165, -0.40341918014266975, -0.12476046589176196, 0.5528092252875687, 0.7487376148984508, 0.5592892271684382, 0.005775773888995861, 0.20482834436733138, -0.062404422561427385]], "inverted": false, "swapped": true, "error_lsq": 0.034284263933745576, "error_max": 0.2199905911136995, "target": "967.xyz", "model": "1.xyz", "model_rescale": 3.9405287249114394, "target_rescale": 4.221258550316699},
{"mapping": [9, 5, 3, 2, 1, 11, 8, 4, 10, 14, 13, 7, 16], "R": [[0.47246564883342257, -0.7680573676364917, -0.4322777934288508], [-0.19910764715859164, 0.3847773325105084, -0.9012782862296569], [0.8585641242885605, 0.5118928446514963, 0.02886797670804766]], "T": [-0.026321687971589694, -0.07798549150366946, -0.06996012458427109], "aligned_model": [[-0.36324974523312326, 0.28661589013160244, -0.3633696012329017, 0.6050526881902979, 0.4698676579400574, -0.705035522050128, -0.06742063956396134, 0.5827994981615212, -0.03547771967365425, -0.48455499286903214, 0.12367132316996308, -0.5215550356170106, -0.03136052206969927], [0.7097785094124607, 0.424771158531501, 0.28126249068399267, -0.31910155839006094, -0.2321727441527946, 0.10649656647360739, 0.3622462086334618, 0.22098513264623, -0.5847273560186481, -0.6419553736126442, -0.8141251870104171, -0.02647175105551236, -0.028153502569159147], [0.07560970830442085, -0.5404513630701036, -0.5769515417076561, 0.1356107483632954, -0.5640211074646903, -0.11049860933877184, 0.5147947165145688, 0.38154337868558813, -0.23524990758243608, 0.1834166460309266, 0.32406692641226226, 0.5027124311603728, 0.022538323280866676]], "inverted": false, "swapped": true, "error_lsq": 0.04030725178751757, "error_max": 0.22832957683087868, "target": "967.xyz", "model": "2.xyz", "model_rescale": 3.932901565614263, "target_rescale": 4.221258550316699},
{"mapping": [1, 3, 5, 10, 0, 4, 6, 2, 13, 12, 11, 14, 8, 16], "R": [[-0.6071779514589957, 0.7940390549393319, -0.028929474470002603], [-0.2440527366333516, -0.151723298148976, 0.9578195563573386], [0.7561568600520858, 0.5886272335101818, 0.2859104457104018]], "T": [0.13176759408190936, 0.01705167666242463, -0.015095574326738383], "aligned_model": [[-0.31959856234320655, 0.6509999166401308, 0.13697641646523157, -0.07031512536654089, -0.34294473581920476, -0.32378137230483656, 0.2141004338073495, -0.5593973021913679, -0.37953949921141544, -0.10695814932831751, 0.8200750898202347, 0.25244966750363906, 0.2996708999903984, 0.14807223439060924], [0.07506242867789306, -0.025859805416120818, -0.42894954537263646, 0.5061429528545247, -0.63970183244347, -0.6126088077482825, -0.6890121360569683, -0.08644126841059255, 0.4955477452369717, -0.15972708716686412, 0.1466972135102055, 0.6328280095903078, -0.502099231539471, -0.04838199736500837], [-0.5691507847210608, -0.492858178025592, -0.6259244869923243, -0.07947072935822919, -0.3114688605579074, 0.2304044879164011, -0.13761223065490663, 0.08791044913142529, 0.46371904566280986, 0.6170019439086973, 0.06076148280836119, 0.43043211559965766, 0.47451867403037196, 0.06563343430939313]], "inverted": false, "swapped": true, "error_lsq": 0.046844394274666475, "error_max": 0.28872534264305866, "target": "967.xyz", "model": "3.xyz", "model_rescale": 3.9243930471874484, "target_rescale": 4.221258550316699},
{"mapping": [12, 7, 13, 2, 10, 8, 0, 14, 15, 3, 1, 5, 16], "R": [[0.22319614219819184, -0.6127617817808662, 0.7580939789343949], [-0.8884631430768952, 0.19206705289599668, 0.4168254917657641], [-0.4010196073782043, -0.7665724010037047, -0.5015476333486645]], "T": [-0.04317520317821709, 0.0035179053812326166, -0.08616354171812628], "aligned_model": [[-0.008906814164020019, -0.2731703102151986, 0.6638652132972929, 0.32536569150228517, 0.4593361541276725, -0.536100131256214, -0.2469798416198805, 0.3609993968750339, 0.18134703729185137, -0.42223852984021426, 0.2781068769972782, -0.4027162154734103, -0.10170264121112409], [-0.5404123163242713, -0.006383393245783686, -0.2737573560429225, -0.5724325248818997, 0.18148374380121335, -0.4022592440995768, -0.5744310303684262, 0.251142519117192, 0.5947558285516066, 0.5413787083521064, -0.025764508672587984, 0.01379829413777342, -0.059289166642836635], [-0.5229169915006631, -0.8092595278795063, -0.4641438989873972, 0.091286888590757, -0.08769933672156748, -0.4464429028459614, 0.521251299794668, -0.6924345379521053, 0.03891728542471269, 0.17213368355531095, 0.5541443497417294, 0.5791790441129424, -0.14694503996195574]], "inverted": false, "swapped": true, "error_lsq": 0.04130665595282702, "error_max": 0.2138975233107677, "target": "967.xyz", "model": "4.xyz", "model_rescale": 3.8936222436046832, "target_rescale": 4.221258550316699},
{"mapping": [9, 3, 7, 8, 14, 10, 1, 2, 4, 6, 12, 16], "R": [[0.6042605753775159, 0.029021863694455197, -0.7962580539449093], [0.7964788504672771, 0.005779154765793326, 0.6046387699515455], [0.02214944249317391, -0.9995620705078266, -0.019623185249803665]], "T": [-0.24063701376010754, -0.0757755954091516, 0.051092777594820414], "aligned_model": [[0.10840591858158682, -0.4856616165731165, -0.21765417976002907, 0.300896547423318, -0.7327580056158689, -0.6389608758797455, -0.28537215480171185, 0.10112190368729668, 0.5418396375704426, 0.34849670390540216, 0.15333299770091058, -0.1661388340233882], [-0.5629553813416094, -0.722006926076905, 0.23667451617758342, 0.022752963419418598, 0.44754600630965247, 0.16219150785336517, -0.26075269240323, 0.3078585486128017, 0.09982776283500641, -0.4830786022966388, 0.46700399357323785, -0.046138791552875216], [-0.5782784171049192, -0.09739532582158758, -0.6400731267211507, -0.43312290061408754, -0.22493440961686875, 0.3135839606146869, 0.742364121875856, 0.5359181381884279, 0.19656173531998922, -0.034586032486568004, -0.1437557079540479, -0.016997316404212183]], "inverted": false, "swapped": true, "error_lsq": 0.03854433630127027, "error_max": 0.18400909400846138, "target": "967.xyz", "model": "5.xyz", "model_rescale": 3.6523030999806103, "target_rescale": 4.221258550316699},
{"mapping": [13, 14, 7, 12, 8, 10, 11, 2, 15, 5, 9, 4, 16], "R": [[0.9134400521742342, 0.14918951813912432, -0.37864199286575245], [-0.28348912211986727, 0.9007834968627012, -0.32897265755608196], [0.2919951861309354, 0.4078376876371531, 0.8651053298987011]], "T": [-0.05715799227902593, -0.0927184098645425, -0.07722304087916891], "aligned_model": [[0.19014643927011057, -0.18438766185465955, 0.20256171316947838, 0.5755438213186842, 0.5153843425286468, -0.3118616581923782, -0.37783999171509863, 0.36871745092427044, -0.6889217809337698, -0.19751598628928113, 0.0753644528039063, 0.6840739011312458, 0.029817862503139475], [-0.6281698000042163, -0.12124100376461344, 0.40109013897322665, -0.09899665205352466, 0.3650909939906049, -0.47536231121654593, 0.4918522089699333, -0.650184261326973, -0.1682277419940365, -0.05290142571287837, 0.718984045704545, -0.2059524045024006, -0.03515488289993789], [0.5325221506088421, 0.681221848580518, 0.43713323824516664, 0.2184744112781991, -0.07113022454154937, 0.192779829217881, 0.15030654810756594, -0.16024036267807634, 0.0266547126834442, -0.8193621273893015, -0.35804351436537485, -0.39663000638794027, -0.06357676387758526]], "inverted": false, "swapped": true, "error_lsq": 0.04178017629989645, "error_max": 0.23560901249801777, "target": "967.xyz", "model": "6.xyz", "model_rescale": 4.08911054899281, "target_rescale": 4.221258550316699},
{"mapping": [13, 12, 2, 14, 15, 3, 10, 1, 11, 7, 9, 8, 6, 0, 16], "R": [[0.5082682837719925, -0.7560000406012806, -0.4124648958667098], [-0.8201360977892693, -0.27877987742165233, -0.4996584443875226], [0.2627548911332837, 0.5922378901722102, -0.761717893074533]], "T": [0.016347906310868146, 0.00940371218308763, -0.10157397587449593], "aligned_model": [[0.19595130031163122, 0.18907624376406418, 0.6597589734515624, -0.4204965689481007, -0.3059966869475581, -0.3467061351745856, 0.011314903261345141, 0.49670406678007073, -0.6670213743552272, -0.4580175296468573, -0.330845157245316, -0.01175236713847698, 0.2499173468605762, 0.7606796480238974, 0.013766876802529124], [-0.6963168453795978, -0.6043593003922992, -0.26282753780901447, -0.5139245452959197, 0.29684333038593363, 0.6136016143475046, -0.10522064085470895, 0.3779986890348362, 0.10880277363896626, -0.4788458309775753, 0.2685586861428563, -0.27306423703416743, 0.3136755863912977, 0.3010813304385267, -0.045244256467525244], [-0.5367268077691316, 0.18346614463876512, -0.20617937534130587, -0.4586930272989921, -0.5802076151683873, -0.04830706721925121, -0.6221772692785973, -0.4855915963288493, 0.03790978610124682, 0.2337667567396524, 0.6518043416042096, 0.5743354338197478, 0.5093098741445197, 0.2230928040118916, -0.011732350573437661]], "inverted": false, "swapped": true, "error_lsq": 0.050579569066097355, "error_max": 0.2791999846405019, "target": "967.xyz", "model": "7.xyz", "model_rescale": 3.964800864290218, "target_rescale": 4.221258550316699},
{"mapping": [15, 1, 10, 3, 14, 6, 11, 2, 4, 8, 9, 7, 12, 16], "R": [[-0.8156543603899541, 0.48447374007784455, -0.3162169501336699], [-0.07771778458547647, -0.6333790314878763, -0.7699291840361717], [-0.5732956570008011, -0.603420415337818, 0.5542705945813424]], "T": [0.04645266880783079, -0.048132821341056425, -0.05387290895611513], "aligned_model": [[-0.21203796157256755, 0.22423261472018663, 0.2856821545657261, -0.6244137127931965, 0.2363583658305169, -0.20365080061443402, -0.5105116337081079, 0.6860747286745831, 0.4434228896708439, 0.011731417190058172, -0.5948342742562385, -0.029384527893214038, 0.4940975536486845, 0.054421075998032024], [0.10758547437005925, -0.5687691577879411, 0.12672096098620603, -0.16113938489066837, 0.6777903706620672, -0.5317365349014442, 0.380352217655502, -0.3450104300503357, -0.4774927518783586, 0.02062663440483173, -0.09116509518570945, 0.5520491378414198, 0.15031460351738138, -0.029177578561808016], [-0.6235676850999925, -0.5136619113072427, -0.4970289429690685, -0.2458846799722224, -0.22478494212216707, 0.4192981362489819, -0.003665298871951217, -0.011715461596569547, 0.513870132183728, 0.6751660953144212, 0.5310907593344563, 0.40426890931259934, 0.4441438187850795, 0.049286109484969004]], "inverted": true, "swapped": true, "error_lsq": 0.042583560113680995, "error_max": 0.25946722934105293, "target": "967.xyz", "model": "8.xyz", "model_rescale": 4.121658175737393, "target_rescale": 4.221258550316699},
{"mapping": [4, 6, 5, 1, 8, 12, 11, 14, 15, 7, 2, 10, 16], "R": [[-0.8699201929936287, -0.21819938895218438, 0.44229841112400714], [0.2944177095562654, -0.9492345088043328, 0.11077932837239782], [0.39567293326884323, 0.22658965986092647, 0.8900000314171563]], "T": [0.06394414051476413, -0.006065956378841209, -0.052180393972666994], "aligned_model": [[-0.6751706111127801, -0.2994478249474024, 0.17033777161430994, 0.3138777424994738, -0.5489852461560635, -0.5530516691165439, 0.336134301877696, 0.22327372595744122, 0.7036489553961585, -0.22112972475632972, -0.30973580632229447, 0.3645050272272966, -0.027519145725764527], [0.23319651703261338, -0.1716778077111549, 0.09551430008063153, 0.5952983554514016, -0.4047851993315861, -0.006645618177298095, -0.6500958606872529, -0.14485020586003955, -0.007710890554644297, -0.5709504752242488, 0.5908457318373035, 0.28981355250650775, -0.057564959950523825], [-0.29861561813782345, -0.6528750995784036, -0.7940820243757092, -0.3521270387886513, -0.10482856650186007, 0.275086804745414, 0.03423410391415173, 0.6878146011652968, 0.027774440705238518, 0.3667491488938433, 0.003404479795338547, 0.2738722584204206, -0.045332056298166945]], "inverted": false, "swapped": true, "error_lsq": 0.043546625467125184, "error_max": 0.20025737004029295, "target": "967.xyz", "model": "9.xyz", "model_rescale": 3.833441315466971, "target_rescale": 4.221258550316699},
{"mapping": [8, 7, 2, 10, 13, 12, 14, 15, 5, 1, 9, 3, 11, 4, 16], "R": [[0.7431766786286542, -0.5703744568059204, 0.3498019487736358], [0.6683728322244566, 0.6571287677278073, -0.3485104586218212], [-0.031083460018801357, 0.4928029643253834, 0.869585566155151]], "T": [-0.05027099922908514, 0.0903975006820887, 0.09629522860812913], "aligned_model": [[0.06821451767589484, 0.09687227120554284, -0.6909188366981136, -0.3315113935144007, -0.7888836885581719, -0.4322745369951553, -0.23319856755858467, 0.147957925022444, 0.26089811750556674, -0.2961210793870908, 0.6506492339152777, 0.5906115879096016, 0.523131364607791, -0.3955991174374552, -0.04598277939861505], [-0.6285538609695002, -0.46640533554166225, 0.03413165342843105, 0.45869687561193845, 0.06084401212141684, -0.48595595492082194, 0.08947103461709839, 0.6436578391331118, 0.3077591968884337, 0.621021434501518, -0.39532598994409435, 0.3780011306590288, 0.020867963941950993, -0.4224288677863079, -0.014679592445563203], [0.17692661008728228, -0.3978535847235852, 0.38858694448130515, -0.16724086679580008, -0.319919569404928, -0.0020814750160737944, -0.6512181317649927, -0.16870670169879132, 0.7504999796215164, 0.5111082101127767, 0.2638265109987024, 0.17537978527376907, -0.30707165116547885, 0.627355558084853, 0.09853028973153757]], "inverted": true, "swapped": true, "error_lsq": 0.04700248147646378, "error_max": 0.36877050156530566, "target": "967.xyz", "model": "10.xyz", "model_rescale": 4.2482417240324, "target_rescale": 4.221258550316699},
{"mapping": [14, 13, 1, 4, 11, 3, 15, 6, 12, 9, 7, 16], "R": [[-0.18461009752766172, 0.5494686669061344, 0.814863973911734], [0.7713145115307711, -0.43283843895467833, 0.4666099120950235], [0.6090919767924019, 0.7146573093809878, -0.3439068099870249]], "T": [0.04775430539836709, 0.01849178688555022, 0.07769773476423347], "aligned_model": [[-0.6583017668806126, -0.23861085405984275, 0.4725237543084616, 0.6518272864952466, -0.44132006804109036, 0.006239480364528045, -0.2717399325049843, 0.5796380148368938, 0.040774892717336336, 0.11923875753569038, -0.4376157253689914, 0.054111762960371436], [-0.2873883201838723, -0.7799505826363794, -0.11703626957794394, -0.26672225591437004, 0.5096124781567175, 0.6817051604367769, 0.2066534454791749, 0.37206234392005244, -0.41318252485582185, 0.7026881082151007, 0.04180007817766584, 0.015889728833538286], [0.06497922746939466, 0.08959939892445384, 0.6391929634744352, -0.389224368229616, -0.04854089197673217, 0.318789514013757, 0.6050840767954867, -0.2575674081289106, -0.4712982222777241, -0.4533847260065954, -0.5051712444824649, -0.027266029721127433]], "inverted": true, "swapped": true, "error_lsq": 0.045534167084170574, "error_max": 0.2765980025318714, "target": "967.xyz", "model": "11.xyz", "model_rescale": 3.6694154284099745, "target_rescale": 4.221258550316699},
{"mapping": [2, 0, 6, 5, 1, 13, 10, 14, 3, 11, 7, 15, 12, 16], "R": [[0.8452496946841878, 0.5214216542130812, 0.11692909028116966], [0.2231903566654041, -0.5432952274353943, 0.8093308103226352], [0.48552962662216365, -0.6579891749592982, -0.5755964100900257]], "T": [0.04373959937081226, 0.07835103004684546, 0.001997168924205546], "aligned_model": [[-0.14599319985199882, 0.1714631516068227, 0.04975733723118006, 0.5652413309999965, 0.5501964582123521, -0.39473085891895565, 0.170875646586051, -0.2734985565615764, 0.557523024722852, 0.06251858345809137, -0.5484643961127343, 0.5089211370348439, -0.6305368533963907, -0.04500795475472369], [-0.2548199075476822, 0.34940696206412547, 0.7038777879094598, 0.4887223245176224, -0.19016783164923734, -0.6462729976646506, -0.42858567433812306, -0.38077446182601693, 0.45772783653203, 0.37445635272893035, 0.25074700575483566, -0.1559785113151515, 0.02860679329933173, 0.13404160967078022], [-0.591322757953748, -0.8071563817674863, -0.3571618449343717, -0.36089059198507634, -0.42866848065360785, -0.04617489019134357, 0.10708506441183246, 0.5319059466055623, 0.30498320178895333, 0.6409795275752876, 0.4440804704310215, 0.3818833816785728, -0.1731163960022713, -0.007330789350909753]], "inverted": true, "swapped": true, "error_lsq": 0.04372999760823558, "error_max": 0.21694822939843073, "target": "967.xyz", "model": "12.xyz", "model_rescale": 3.9764082729961374, "target_rescale": 4.221258550316699},
{"mapping": [14, 12, 13, 1, 15, 11, 3, 10, 2, 7, 4, 0, 8, 6, 5, 16], "R": [[0.5761794649797942, -0.7592337003862947, 0.30262420976077375], [0.8167387222460908, 0.548846263901635, -0.17806077104471923], [-0.030904428799466394, 0.3497598701951833, 0.9363295090306765]], "T": [-0.031769566865697624, 0.09424143221010906, -0.04394061465375978], "aligned_model": [[-0.1121194150370087, -0.2621450998938829, -0.6859562048617339, -0.43935959878385933, 0.0727808779364505, 0.5900153730278362, 0.5147739822941649, -0.35054914674632076, -0.6766857952430897, 0.2963274495812095, -0.3217434848478129, -0.2922009677593359, 0.2300762638044563, 0.24332334281833692, 0.1371720051148025, -0.004869267594819274], [-0.01649140158543999, -0.561385498015187, -0.1430439383597684, 0.5886913535363228, 0.6521355683397754, 0.12331927312651336, 0.5284114989349953, 0.3620460381583813, -0.08228382944673504, -0.45559047501563543, -0.434552346776906, 0.03424329070136409, -0.5674146420945452, -0.11217953766843203, 0.43590043394412187, -0.0063416704355828135], [-0.8012527820913922, -0.11371472598818028, -0.5291131274675639, 0.27771676807191636, -0.34962193391134755, -0.3738912696319652, 0.06780556026215687, -0.3768852572240387, 0.18398883662768936, -0.45124984825065617, 0.5042926688674778, 0.7764798879658341, 0.1323526016438668, 0.5901172765856046, 0.6093465000412159, -0.028974212647919065]], "inverted": true, "swapped": true, "error_lsq": 0.030083254266954608, "error_max": 0.17491841097671004, "target": "967.xyz", "model": "13.xyz", "model_rescale": 4.170626492500431, "target_rescale": 4.221258550316699},
{"mapping": [11, 14, 15, 10, 3, 0, 1, 7, 9, 12, 8, 2, 6, 16], "R": [[0.18317881759474847, -0.916700743856976, 0.3551130341126003], [0.33932580413042623, 0.3979827314201335, 0.8523307715567998], [-0.9226611075773323, -0.035629927075940704, 0.38396222322089657]], "T": [-0.10603308938517093, 0.013621271189893275, 0.026333046498526254], "aligned_model": [[0.4449998966611148, -0.1376310867648602, -0.24539958874890505, -0.5094810882059093, 0.21052907650414765, -0.31266067194413427, -0.6805948326596535, 0.418817510172184, 0.7112768231455406, -0.042645472995386874, 0.4088259945505201, -0.6172778919872605, 0.23399400432551082, -0.03956964996126494], [-0.1881036412309756, -0.7384624615838072, -0.06205230396363011, -0.2510976858900957, 0.34913936664433814, 0.7139383532528302, 0.4200565680804564, -0.5032607894972154, 0.30260070820178453, -0.3113042383301778, -0.010861756714181697, 0.06660292577795703, 0.5718990149408177, -0.003019591762434406], [-0.3635376692894366, -0.1337019590140181, -0.5985415172803454, -0.2002622944558967, -0.5093130197864557, 0.4860885460536763, -0.11064499293607244, 0.20861956180420038, 0.0878034053716672, 0.6413073612619299, 0.5476314282816468, 0.5109479869187136, 0.33132922939591913, 0.10614703479533838]], "inverted": true, "swapped": true, "error_lsq": 0.046615695421906925, "error_max": 0.2668606793918147, "target": "967.xyz", "model": "14.xyz", "model_rescale": 3.9786697098870705, "target_rescale": 4.221258550316699},
{"mapping": [14, 15, 7, 12, 11, 9, 1, 5, 8, 2, 3, 16], "R": [[-0.7273226463326629, -0.5820931383097925, 0.36355102319249355], [0.6825690268314819, -0.558411701160845, 0.47146144658601136], [-0.07142332771563979, 0.5910532550788531, 0.8034642231728283]], "T": [-0.031270564503421396, -0.10453144747377661, 0.014188138751017782], "aligned_model": [[-0.054255626953063664, -0.6118256179959009, 0.48532363072938006, 0.5683640014868133, -0.029640568502950604, 0.4038617124967903, -0.51789514259077, -0.2389846987719186, 0.6788717172345623, 0.09201452157773032, -0.3655627298820309, 0.07308339793869503], [-0.37058364306845437, 0.020234730103146234, 0.026906789369020453, -0.45089829028394673, 0.4229398707498089, 0.6453431818710185, -0.340803381675087, 0.26172841435467165, 0.07596380557517847, -0.7017967849693365, 0.5177833768576394, -0.09214357865921974], [-0.7075649309716313, -0.23682373821188776, -0.5259211256812668, -0.07667649649609867, -0.4528245148204066, 0.07444720391368671, 0.4847685503605116, 0.6424911981690865, 0.037655160950577096, 0.37070580811016435, 0.04014412380897424, 0.009565254742120523]], "inverted": true, "swapped": true, "error_lsq": 0.044865951169610264, "error_max": 0.21795562052400042, "target": "967.xyz", "model": "15.xyz", "model_rescale": 3.769337070930944, "target_rescale": 4.221258550316699},
{"mapping": [10, 2, 11, 7, 15, 1, 3, 0, 9, 8, 16], "R": [[-0.7909713526603072, -0.40944907792387525, -0.45466006186821906], [-0.5366939045392056, 0.8211210727770042, 0.19421595370103914], [0.2938094145890946, 0.39763253944921373, -0.8692320699732514]], "T": [-0.05842645057771125, -0.000604551152977785, -0.10008711329139897], "aligned_model": [[-0.11824299742171818, -0.25590753782511483, -0.039478911742812414, -0.6217692665328385, 0.24528535305369767, 0.3920871628706202, 0.49969685859543456, 0.2673244328168007, 0.08679159707448428, -0.4110423842572606, -0.12211817594012198], [-0.11153223083852395, -0.6788018888880362, 0.7036425668734239, 0.4716805004407772, 0.251622614648827, -0.5019940894344924, 0.43240267139293476, -0.627947573038231, 0.5157142846228957, 0.12788085243039224, 0.013396789415374817], [-0.6180725311705767, -0.09116883668306071, -0.09754653168090309, 0.088208643248637, -0.6097520313952434, -0.344463555855031, -0.07355745899320637, 0.3947271827167976, 0.5837328861351996, 0.5296626800372444, -0.01755283913608037]], "inverted": false, "swapped": true, "error_lsq": 0.03992419447299971, "error_max": 0.19573901984333653, "target": "967.xyz", "model": "16.xyz", "model_rescale": 3.7852294659196426, "target_rescale": 4.221258550316699},
{"mapping": [13, 7, 11, 14, 12, 8, 6, 9, 15, 1, 0, 3, 16], "R": [[0.8541699423203315, 0.4147124567355282, -0.31369935904439517], [0.03768115812112083, 0.5523240092194506, 0.8327774727755328], [0.5186268793257179, -0.7231540410369945, 0.4561517214400624]], "T": [0.08342087146346268, 0.09973713450865831, -0.09676638313209213], "aligned_model": [[-0.11831771038943116, -0.3576909820499143, 0.22092426512412994, 0.10074842562110277, -0.5665754849592163, -0.5750320478484664, -0.2074503967003405, -0.19302957031238077, 0.6929007889472328, 0.47864567666454894, -0.14052647347008834, 0.5348357900853009, -0.01566643049619483], [-0.3205285598949288, -0.445915386947628, -0.3060415088557791, -0.6450519118445468, -0.05622664257325899, 0.11010113742687153, 0.6375203745924892, 0.22190860784480346, -0.10897605113640674, 0.5634503135179285, 0.9237821934837906, 0.20934046325222383, 0.09169259483731523], [-0.805522449990469, 0.19227902627020693, 0.4624884571262898, -0.28971355162602747, -0.29917196937604384, 0.22535725510214272, 0.2859844852518385, 0.7180541477220821, -0.07246066567470605, -0.4747098599210943, -0.2205057065115124, 0.4360679130148986, -0.06239238424443175]], "inverted": true, "swapped": true, "error_lsq": 0.038364189589182994, "error_max": 0.272203726506494, "target": "967.xyz", "model": "17.xyz", "model_rescale": 3.901054581598922, "target_rescale": 4.221258550316699},
{"mapping": [14, 10, 7, 11, 2, 8, 1, 15, 12, 6, 0, 5, 3, 9, 16], "R": [[-0.9006450182078606, -0.4241910503279365, 0.09434248247234554], [-0.42906915970914855, 0.8336747671256278, -0.34768669638701405], [0.06883463782027156, -0.35362174067739743, -0.9328523233376439]], "T": [0.0660015255070394, -0.04845345031674013, -0.0795052826116649], "aligned_model": [[-0.08099982964939752, 0.26546709885401504, -0.4335835061868476, 0.18868680715718758, -0.20912798235247737, -0.536115592982248, 0.4948858126549257, 0.6233988624759463, -0.6209499201740155, -0.07064750544965388, -0.010531726816930473, 0.4520756003098514, 0.5893418984798476, -0.084730032503722, -0.028083772727446915], [-0.12459112169116136, -0.4147370547801769, 0.35935729633683033, 0.5525031219078409, -0.6493923816470245, 0.32505804179654535, -0.5270080573627984, -0.046060271364476935, -0.16608705151200914, 0.27063985993228806, -0.27795390061537684, 0.07379451684656883, 0.419032058544554, 0.7588368315182884, -0.004634538082785772], [-0.8310591623238796, -0.4115318910075308, -0.4794662572072221, -0.42610157081714706, 0.1699062229481147, 0.10857831236039867, 0.2384846338843165, -0.40341918014266975, -0.12476046589176196, 0.5528092252875687, 0.7487376148984508, 0.5592892271684382, 0.005775773888995861, 0.20482834436733138, -0.062404422561427385]], "inverted": false, "swapped": true, "error_lsq": 0.034284263933745576, "error_max": 0.2199905911136995, "target": "967.xyz", "model": "18.xyz", "model_rescale": 3.9405287249114394, "target_rescale": 4.221258550316699},
{"mapping": [2, 1, 5, 15, 13, 6, 0, 12, 4, 8, 3, 9, 10, 7, 11, 16], "R": [[0.7136493316384065, -0.2758008249876372, 0.6439243250477455], [-0.5628460581399042, -0.7729987377948238, 0.292706792206777], [0.41702391572717706, -0.5713202747179101, -0.7068834397606327]], "T": [0.04055201711831884, -0.0842387754316558, 0.03688946869626859], "aligned_model": [[-0.43086672620414, 0.020652894351601774, 0.6030221837454074, 0.15449462874464603, -0.8031083877816092, 0.5066180189079711, 0.2065894610683605, -0.38883340545054645, -0.09788126301593099, 0.12983703558906667, 0.6779242795461954, 0.7131126905037425, -0.2958288093505915, -0.06340905428116093, 0.3969720054061429, 0.03786954619223096], [-0.1406614060475454, -0.6834259397262765, -0.33094599571228017, -0.5762050759496762, -0.10208764153359813, 0.21896914224728065, -0.10221950114651306, 0.44710491685056064, 0.32049085573720465, 0.6307924541201281, -0.2963689302792019, 0.4641288264637422, -0.45389404887601137, 0.5370675120733212, 0.09993010163743278, 0.019676859119068427], [-0.4861887277406089, -0.35636947619648957, -0.40449363196744453, 0.4376437225597027, 0.12392630453068045, -0.4226348242845777, -0.8096460316720366, -0.10833457898328157, -0.6568666985346503, -0.09798018711441826, 0.25702147924543, 0.08420042898558912, 0.2223477684056595, 0.4600137801207101, 0.6160061095375848, 0.020798319783028676]], "inverted": true, "swapped": true, "error_lsq": 0.0402310393042512, "error_max": 0.21686741325038236, "target": "967.xyz", "model": "19.xyz", "model_rescale": 4.410303926677745, "target_rescale": 4.221258550316699},
{"mapping": [15, 1, 10, 3, 14, 6, 11, 2, 4, 8, 9, 7, 12, 16], "R": [[-0.8156543603899541, 0.48447374007784455, -0.3162169501336699], [-0.07771778458547647, -0.6333790314878763, -0.7699291840361717], [-0.5732956570008011, -0.603420415337818, 0.5542705945813424]], "T": [0.04645266880783079, -0.048132821341056425, -0.05387290895611513], "aligned_model": [[-0.21203796157256755, 0.22423261472018663, 0.2856821545657261, -0.6244137127931965, 0.2363583658305169, -0.20365080061443402, -0.5105116337081079, 0.6860747286745831, 0.4434228896708439, 0.011731417190058172, -0.5948342742562385, -0.029384527893214038, 0.4940975536486845, 0.054421075998032024], [0.10758547437005925, -0.5687691577879411, 0.12672096098620603, -0.16113938489066837, 0.6777903706620672, -0.5317365349014442, 0.380352217655502, -0.3450104300503357, -0.4774927518783586, 0.02062663440483173, -0.09116509518570945, 0.5520491378414198, 0.15031460351738138, -0.029177578561808016], [-0.6235676850999925, -0.5136619113072427, -0.4970289429690685, -0.2458846799722224, -0.22478494212216707, 0.4192981362489819, -0.003665298871951217, -0.011715461596569547, 0.513870132183728, 0.6751660953144212, 0.5310907593344563, 0.40426890931259934, 0.4441438187850795, 0.049286109484969004]], "inverted": true, "swapped": true, "error_lsq": 0.042583560113680995, "error_max": 0.25946722934105293, "target": "967.xyz", "model": "20.xyz", "model_rescale": 4.121658175737393, "target_rescale": 4.221258550316699},
{"mapping": [13, 14, 7, 12, 8, 10, 11, 2, 15, 5, 9, 4, 16], "R": [[0.9134400521742342, 0.14918951813912432, -0.37864199286575245], [-0.28348912211986727, 0.9007834968627012, -0.32897265755608196], [0.2919951861309354, 0.4078376876371531, 0.8651053298987011]], "T": [-0.05715799227902593, -0.0927184098645425, -0.07722304087916891], "aligned_model": [[0.19014643927011057, -0.18438766185465955, 0.20256171316947838, 0.5755438213186842, 0.5153843425286468, -0.3118616581923782, -0.37783999171509863, 0.36871745092427044, -0.6889217809337698, -0.19751598628928113, 0.0753644528039063, 0.6840739011312458, 0.029817862503139475], [-0.6281698000042163, -0.12124100376461344, 0.40109013897322665, -0.09899665205352466, 0.3650909939906049, -0.47536231121654593, 0.4918522089699333, -0.650184261326973, -0.1682277419940365, -0.05290142571287837, 0.718984045704545, -0.2059524045024006, -0.03515488289993789], [0.5325221506088421, 0.681221848580518, 0.43713323824516664, 0.2184744112781991, -0.07113022454154937, 0.192779829217881, 0.15030654810756594, -0.16024036267807634, 0.0266547126834442, -0.8193621273893015, -0.35804351436537485, -0.39663000638794027, -0.06357676387758526]], "inverted": false, "swapped": true, "error_lsq": 0.04178017629989645, "error_max": 0.23560901249801777, "target": "967.xyz", "model": "21.xyz", "model_rescale": 4.08911054899281, "target_rescale": 4.221258550316699},
{"mapping": [1, 15, 2, 5, 1, 11, 8, 7, 0, 6, 14, 10, 4, 3, 12, 9, 16], "R": [[0.08509785557519808, -0.9949761855425249, -0.05273277140213428], [0.2675432540388557, 0.07379930199004284, -0.9607154991172375], [0.95978068442473, 0.06764653153731892, 0.2724793287135143]], "T": [0.05343418686005559, 0.04943265803360153, -0.03814305687603201], "aligned_model": [[0.3369922915536861, 0.019887930018153754, 0.5782678422880811, -0.6318597913394159, 0.3369922915536861, -0.33886138192885734, -0.18398573988893147, 0.1317896500217024, 0.6133116831073072, -0.002721419135613308, 0.002283398492847727, -0.4923568133159569, 0.7427618832467179, 0.5530585329541208, -0.10174290428544815, -0.5543748852747105, 0.09277211377222935], [-0.26054268446153556, -0.6786897768575926, -0.44071211043227043, 0.13582703617259623, -0.26054268446153556, -0.40532693129659925, 0.11384855335359492, 0.731684733549329, 0.4768201285909227, 0.6567634087158071, -0.2944240907391492, 0.6155744996109812, 0.052484223699970856, -0.18703927965254624, 0.2749054138854944, -0.03831504024684876, 0.07537366093746933], [-0.7115734315797707, -0.052954753409154294, -0.11271898763687435, -0.18179969200885884, -0.7115734315797707, -0.512685924148587, -0.6864056494052495, 0.14675884916238507, -0.3605659738434802, -0.4665821257556295, 0.5012721070931596, 0.14277407486438023, 0.06726188043242759, 0.6317340652676592, 0.6474600446238502, 0.3229886155644729, -0.0314168166926916]], "inverted": false, "swapped": false, "error_lsq": 0.04219129811577306, "error_max": 0.3658945332072025, "target": "967.xyz", "model": "22.xyz", "model_rescale": 4.204369325754507, "target_rescale": 4.221258550316699},
{"mapping": [2, 1, 5, 15, 13, 6, 0, 12, 4, 8, 3, 9, 10, 7, 11, 16], "R": [[0.7136493316384065, -0.2758008249876372, 0.6439243250477455], [-0.5628460581399042, -0.7729987377948238, 0.292706792206777], [0.41702391572717706, -0.5713202747179101, -0.7068834397606327]], "T": [0.04055201711831884, -0.0842387754316558, 0.03688946869626859], "aligned_model": [[-0.43086672620414, 0.020652894351601774, 0.6030221837454074, 0.15449462874464603, -0.8031083877816092, 0.5066180189079711, 0.2065894610683605, -0.38883340545054645, -0.09788126301593099, 0.12983703558906667, 0.6779242795461954, 0.7131126905037425, -0.2958288093505915, -0.06340905428116093, 0.3969720054061429, 0.03786954619223096], [-0.1406614060475454, -0.6834259397262765, -0.33094599571228017, -0.5762050759496762, -0.10208764153359813, 0.21896914224728065, -0.10221950114651306, 0.44710491685056064, 0.32049085573720465, 0.6307924541201281, -0.2963689302792019, 0.4641288264637422, -0.45389404887601137, 0.5370675120733212, 0.09993010163743278, 0.019676859119068427], [-0.4861887277406089, -0.35636947619648957, -0.40449363196744453, 0.4376437225597027, 0.12392630453068045, -0.4226348242845777, -0.8096460316720366, -0.10833457898328157, -0.6568666985346503, -0.09798018711441826, 0.25702147924543, 0.08420042898558912, 0.2223477684056595, 0.4600137801207101, 0.6160061095375848, 0.020798319783028676]], "inverted": true, "swapped": true, "error_lsq": 0.0402310393042512, "error_max": 0.21686741325038236, "target": "967.xyz", "model": "23.xyz", "model_rescale": 4.410303926677745, "target_rescale": 4.221258550316699},
{"mapping": [1, 11, 10, 13, 3, 7, 0, 5, 2, 12, 9, 6, 4, 8, 15, 14, 16], "R": [[0.183738681028554, 0.9695382091969713, 0.16197455973398298], [0.9829742437110913, -0.181006179079454, -0.03159745774053469], [-0.0013165464274099425, 0.16502249556405021, -0.9862889245364757]], "T": [-0.004392348930071552, -0.020659790760112512, -0.04569848855229945], "aligned_model": [[0.19021025380828377, -0.2417676087037895, 0.4417637933251639, -0.6783081852216507, 0.740583542451144, -0.3511793684617573, 0.1356732475826603, 0.16408216382838298, 0.632537593879077, -0.27127465578609206, 0.05816771270696208, -0.47773797388176126, 0.6444442775939968, 0.6133330594621005, -0.06675515437189597, -0.5127412173474771, 0.08118320097625079], [-0.5647984120134122, -0.6060434303368099, -0.47723822774135327, 0.15401050636812771, -0.07573460317410954, -0.18138968494910815, 0.304998086549478, 0.577785721211115, 0.47110567726698416, 0.6275998849796957, -0.3383968685556227, 0.5212273845942532, 0.19528780047152558, -0.09553012795157051, 0.22949349453609438, -0.1362952679735071, -0.03839287291369238], [-0.6800314747971842, -0.004461767367633318, 0.08183493407607771, -0.14324005264520823, -0.5469256535507537, -0.5896061653510577, -0.7125675811828635, 0.04959758261660695, -0.4762573388708187, -0.4390292169229995, 0.49053781356676135, 0.1996590022348349, 0.03343458236795764, 0.49143875619062066, 0.6197700720782452, 0.3859956791208456, -0.12817632061516218]], "inverted": true, "swapped": false, "error_lsq": 0.037181171387461874, "error_max": 0.2651650088031069, "target": "967.xyz", "model": "24.xyz", "model_rescale": 4.28219845311461, "target_rescale": 4.221258550316699},
{"mapping": [9, 5, 7, 0, 6, 1, 11, 4, 3, 2, 15, 10, 13, 12, 14, 16], "R": [[0.974506028341914, 0.15736725966080983, -0.1599173108581935], [-0.07147638134880246, 0.8933832085810889, 0.44357363485067447], [0.2126714076563876, -0.42083487048034196, 0.8818553646450445]], "T": [-0.11577207678166233, 0.048852515165842186, 0.038558869158828765], "aligned_model": [[-0.11222994473492111, -0.4119029855333386, 0.20501279222099, 0.14377977086397792, 0.043084567435399276, -0.3655176245810844, -0.4281816931018982, 0.5483975871473188, -0.712379441051798, 0.32729857251166095, -0.7031862419181261, -0.27575652860761735, 0.29728253770815627, 0.5633193146198535, -0.07781469035812279, -0.032885226499440395], [0.3826005698002243, -0.4497782399979704, 0.7322794796229913, -0.6812980730770694, -0.18016189432342108, -0.5990216206585979, 0.6433456035455464, -0.3344175280013809, 0.1338836920373931, -0.4326568898523042, 0.13626968223792263, 0.010817896372544183, 0.1039355061802131, 0.19638102548120193, 0.5937595438965825, 0.08917262245035758], [-0.7638642751266479, -0.44696150870628515, -0.03817601371715183, -0.3409500892950893, -0.6267471521887262, 0.2173327379556435, -0.174297106868898, -0.23757551568450003, -0.3309408702659383, 0.3047675035095272, 0.28939859702779347, 0.5456586675017426, 0.7774828308481759, 0.10825969580857463, 0.580661391184285, -0.012122871404758158]], "inverted": false, "swapped": true, "error_lsq": 0.04648231232985301, "error_max": 0.34487306397101686, "target": "967.xyz", "model": "25.xyz", "model_rescale": 4.100010024507729, "target_rescale": 4.221258550316699},
{"mapping": [14, 13, 1, 4, 11, 3, 15, 6, 12, 9, 7, 16], "R": [[-0.18461009752766172, 0.5494686669061344, 0.814863973911734], [0.7713145115307711, -0.43283843895467833, 0.4666099120950235], [0.6090919767924019, 0.7146573093809878, -0.3439068099870249]], "T": [0.04775430539836709, 0.01849178688555022, 0.07769773476423347], "aligned_model": [[-0.6583017668806126, -0.23861085405984275, 0.4725237543084616, 0.6518272864952466, -0.44132006804109036, 0.006239480364528045, -0.2717399325049843, 0.5796380148368938, 0.040774892717336336, 0.11923875753569038, -0.4376157253689914, 0.054111762960371436], [-0.2873883201838723, -0.7799505826363794, -0.11703626957794394, -0.26672225591437004, 0.5096124781567175, 0.6817051604367769, 0.2066534454791749, 0.37206234392005244, -0.41318252485582185, 0.7026881082151007, 0.04180007817766584, 0.015889728833538286], [0.06497922746939466, 0.08959939892445384, 0.6391929634744352, -0.389224368229616, -0.04854089197673217, 0.318789514013757, 0.6050840767954867, -0.2575674081289106, -0.4712982222777241, -0.4533847260065954, -0.5051712444824649, -0.027266029721127433]], "inverted": true, "swapped": true, "error_lsq": 0.045534167084170574, "error_max": 0.2765980025318714, "target": "967.xyz", "model": "26.xyz", "model_rescale": 3.6694154284099745, "target_rescale": 4.221258550316699},
