[{"mapping": [1, 0, 4, 10, 12, 8, 7, 6, 2, 13, 14, 15], "R": [[-0.7121968582880518, -0.16745716229326713, -0.681713821072534], [-0.6480391014653031, -0.2164802219320177, 0.7301928762212809], [-0.2698535862586806, 0.961818284453436, 0.045657744955025004]], "T": [0.0378115149724594, -0.13610483005858093, -0.06882575010194295], "aligned_model": [[-0.30191130619494905, 0.10437698700243955, 0.3619348826217942, -0.2313210996442002, -0.13923651068197293, -0.599852867557067, 0.4673890488949306, -0.208288830610621, 0.657181605127686, 0.08845547064538786, -0.4244779057142508, 0.06339298857137168], [-0.2679532343839187, -0.6376064517830855, -0.4588341779851915, 0.6768132528639614, 0.3058359604611519, -0.5113216084073052, -0.12177091091524664, -0.5560087679726804, 0.09228921035065762, 0.4582420652658406, 0.10278428889543664, -0.02891459041256303], [-0.651142063899159, -0.04867774052451733, -0.44431974883482406, -0.024398713512926745, -0.5568912729378844, -0.13489476138751832, 0.5761941593305016, 0.5937117407801229, -0.0036386792790718547, 0.5068285267398442, 0.37553251474155824, -0.006352215862562231]], "inverted": false, "swapped": true, "error_lsq": 0.041133786994997666, "error_max": 0.21564886743176565, "target": "968.xyz", "model": "0.xyz", "model_rescale": 3.751011558992144, "target_rescale": 4.253120150714614},
{"mapping": [8, 11, 6, 0, 10, 7, 12, 1, 14, 2, 9, 3, 4, 5, 15], "R": [[-0.3682008883693058, 0.9007051954862271, 0.2305607439009763], [0.002592423176525138, -0.24698688293423043, 0.9690153553997516], [0.9297426445775885, 0.3573900257177728, 0.08860578068795422]], "T": [0.017992847528833053, 0.07708766810680984, -0.05515696847767067], "aligned_model": [[0.13283832197509532, 0.13904433183194087, -0.5510324506185533, 0.1076783929712756, -0.2100166766827879, -0.5950516257645262, 0.392657563874736, 0.5988494303360834, -0.48759072805810805, -0.06570596579076118, 0.015047668511326731, 0.6523259835206251, 0.4677987599070402, 0.006788086265403323, -0.06454488118975572], [-0.046846670709256466, -0.5077193808169942, 0.3716376467291088, 0.5031571899696514, -0.6987393250271026, 0.45814643173794994, -0.4631543310909085, -0.14676370164121944, -0.30522057875930164, 0.30097943227438984, -0.3110364683916574, 0.05349768316014272, 0.4506091892164688, 0.8665093420978971, 0.02370089107793752], [-0.778496035869201, -0.36685904978975886, -0.5702211821035683, -0.3135404943207002, 0.23005535412870876, 0.22726770267825586, 0.12548232105469181, -0.3456463499202175, -0.3129542524879805, 0.563631757229769, 0.7139251447909472, 0.4825728340076983, 0.036288354045820745, 0.13341434676175767, 0.02474595464575323]], "inverted": true, "swapped": true, "error_lsq": 0.03656124485141291, "error_max": 0.23880931989394405, "target": "968.xyz", "model": "1.xyz", "model_rescale": 3.9405287249114394, "target_rescale": 4.253120150714614},
{"mapping": [8, 6, 14, 2, 7, 11, 4, 5, 13, 10, 9, 12, 15], "R": [[-0.4473050775195164, 0.28292451461990065, -0.8484526425513407], [0.8942820811666745, 0.12734241060478074, -0.4290028785049872], [-0.01333142638507967, -0.9506511607779465, -0.3099752305944496]], "T": [-0.024350882168728247, 0.10429188197451172, 0.10611273561188582], "aligned_model": [[-0.44282459207311164, 0.16530689773973148, -0.35315018719379454, 0.43566237403544994, 0.5634074565902072, -0.6953519972745247, 0.2442216511330411, 0.7568027815288988, -0.009826864018550627, -0.5550511737679186, -0.07046720983912533, -0.5203483214627573, -0.02239753611361454], [0.6920092085179823, 0.4890512606805215, -0.007991082290684695, -0.34148325516083794, -0.15531941142774253, 0.14359505312228715, 0.334741594775747, 0.2937466653115399, -0.5409295778252163, -0.5515876052404929, -0.7145082392877509, -0.17012583615859217, -0.01236618144474412], [-0.07062636009947411, -0.5951937387729886, -0.48339327802924936, 0.2784636326336475, -0.3274021015165606, 0.061127203696079005, 0.5804202906640781, 0.21914859600796927, -0.41414605516910874, -0.0469272399502524, 0.36988529314005214, 0.4849888056966119, 0.05677530128784013]], "inverted": false, "swapped": true, "error_lsq": 0.042971194994464015, "error_max": 0.24444520760704994, "target": "968.xyz", "model": "2.xyz", "model_rescale": 3.932901565614263, "target_rescale": 4.253120150714614},
{"mapping": [0, 7, 6, 4, 8, 11, 14, 1, 3, 12, 13, 2, 10, 15], "R": [[-0.7636200665744367, 0.6160843107482699, 0.193195538185234], [-0.5055599314747174, -0.3844060751343677, -0.7724254818991084], [-0.4016136820529546, -0.6875115209577366, 0.6050077346102676]], "T": [-0.0007524763083993878, -0.027465259253294266, -0.04899459237684406], "aligned_model": [[-0.2159493273265676, 0.6600000731242722, 0.24714767896129172, -0.36598731462100503, -0.4396900352657329, -0.23534812409258668, 0.3352622784625609, -0.6421697669491836, -0.30440994890099526, -0.22744360571346697, 0.7783983391624446, 0.35803387533834863, 0.36050104149697537, 0.11146474837634857], [0.10724792180968781, 0.2056362832201837, -0.37512315224412873, 0.43105887790479613, -0.558665884200029, -0.5801630325701056, -0.6230378032399715, -0.1739539962110813, 0.535038040592655, -0.1324560359675773, -0.22494796599060282, 0.5090647079168301, -0.41986620133855146, -0.036335121331616586], [-0.4870396301395961, -0.3804500822512294, -0.7515044687875745, -0.13001965689445877, -0.3263541516968486, 0.2564575106255708, -0.07391880938875828, 0.1485219777407198, 0.48342491542599203, 0.5853977853740606, 0.15377492201091147, 0.10410814658055598, 0.6223915348977573, 0.009106369559994817]], "inverted": false, "swapped": true, "error_lsq": 0.04290461614202002, "error_max": 0.3390075573903656, "target": "968.xyz", "model": "3.xyz", "model_rescale": 3.9243930471874484, "target_rescale": 4.253120150714614},
{"mapping": [13, 14, 10, 9, 12, 7, 2, 11, 1, 0, 3, 5, 15], "R": [[0.07126526845912301, 0.7541421030803409, -0.6528330183691766], [-0.9735808642326264, 0.19493779032979025, 0.11890987638287726], [0.2169367703076211, 0.6271115899605901, 0.7481106144318493]], "T": [-0.10115341094395934, 0.09588262970622383, -0.09065987217903847], "aligned_model": [[-0.09624535238863534, -0.11387196341165294, 0.4986991168470546, 0.4288734744340714, 0.5796099475150939, -0.6426800320987207, -0.1545248349092047, 0.3518138317505629, 0.2932541231891174, -0.47671659675683176, 0.38636777318560167, -0.7006596247155356, -0.07671397632956892], [-0.5972785593177543, 8.761498174109095e-06, -0.3175141223507072, -0.565299459527354, 0.12234802411741297, -0.4567180847913317, -0.4471436474298236, 0.3832439198713655, 0.6472124091105408, 0.38690301827498985, 0.006905809266601129, -0.015014374921536178, -0.01982414011898974], [-0.5452963925624142, -0.7680668598800512, -0.5429009645893299, 0.06440805492077768, -0.06370708062286067, -0.13729002734345058, 0.2865754044315976, -0.49815846086075233, 0.02054290485693154, 0.08426927875980482, 0.5775426238783207, 0.4452183051960513, -0.1360664708136604]], "inverted": true, "swapped": true, "error_lsq": 0.0405855014108485, "error_max": 0.23196895926692765, "target": "968.xyz", "model": "4.xyz", "model_rescale": 3.8936222436046832, "target_rescale": 4.253120150714614},
{"mapping": [3, 4, 2, 9, 7, 6, 8, 14, 10, 12, 13, 15], "R": [[0.259110119586667, 0.4681248148144347, -0.8448201605565142], [0.5537573565839776, -0.7886549551907174, -0.267163155547791], [-0.7913373085839621, -0.39860070171548734, -0.46357603975508965]], "T": [-0.21800564500920216, -0.16144895628615852, 0.0420966235684316], "aligned_model": [[0.06665817776488309, -0.4771095691096241, -0.23175699906562294, 0.4003328116700252, -0.5602003020144984, -0.7394950173630153, -0.328331572110107, -0.013484691090571072, 0.5714040031160376, 0.3958287038528433, 0.09608080449582646, -0.15237830793107962], [-0.666417645270668, -0.6046503063293619, 0.035724110800247955, 0.026731740491463263, 0.47202224142310156, 0.26755539711346443, -0.4171643456645695, 0.30191173041405217, 0.16936745080199128, -0.4553960453887773, 0.6000733819210953, -0.060834805202231515], [-0.5546122555651283, -0.25225631490770256, -0.5911222819872783, -0.5274487167809468, -0.24497490208847097, 0.5109726447961979, 0.7307231110039537, 0.5022073065536569, 0.09342739037563533, 0.0012539833542417264, -0.050770589821998204, 0.0018853443433576728]], "inverted": true, "swapped": true, "error_lsq": 0.040850574583818945, "error_max": 0.2635223325188834, "target": "968.xyz", "model": "5.xyz", "model_rescale": 3.6523030999806103, "target_rescale": 4.253120150714614},
{"mapping": [3, 12, 8, 4, 0, 9, 14, 2, 13, 7, 6, 5, 15], "R": [[0.4298365301306567, -0.284457822084228, -0.8569272459318442], [0.7832013566807219, 0.5896995838078433, 0.19710412413324452], [0.4492618304048477, -0.7558691343823709, 0.4762621750982664]], "T": [0.09359577269363961, 0.04621508286459639, 0.13192021859199476], "aligned_model": [[0.3445352443340134, -0.12724581973239085, 0.23043531969684855, 0.6320998907052431, 0.5292496072460258, -0.3735664043750806, -0.44877853951605595, 0.07490271775878224, -0.6375541685820805, -0.055105918148648625, 0.0832550412960805, 0.6440405156523418, -0.015184581670783986], [-0.6497722867600468, -0.20893462130526488, 0.7107832973468382, -0.18858034825160938, 0.2472957514860916, -0.6700918041749491, 0.4566006086919429, -0.5320747428926899, -0.07581222628720904, -0.06525986150510621, 0.6888646933528472, -0.1683060379533535, -0.0038855175843082804], [0.5123401420762147, 0.72436704305072, 0.43423236923972086, 0.2032669281544574, -0.02967520861852102, 0.23584451920536925, 0.056769617698320146, -0.1925238406826767, -0.2391862187920829, -0.6205783836469562, -0.38065677212222626, -0.4247327618591368, 0.0906423057785867]], "inverted": false, "swapped": true, "error_lsq": 0.04582719635761604, "error_max": 0.25048977767799635, "target": "968.xyz", "model": "6.xyz", "model_rescale": 4.08911054899281, "target_rescale": 4.253120150714614},
{"mapping": [11, 1, 8, 10, 13, 7, 14, 6, 9, 12, 2, 4, 5, 0, 15], "R": [[-0.8788853136406017, -0.2943495408020144, 0.3753917331222208], [0.4632818758733505, -0.7142601739440951, 0.5245972811639618], [0.1137123957804553, 0.634973032299006, 0.7641195844230633]], "T": [0.06737572565194132, -0.06159263876370272, 0.035426836330463195], "aligned_model": [[0.10814534547415523, 0.312694043618185, 0.6733233471909431, -0.5561185409338272, -0.47658022069275824, -0.10718415967187749, 0.05725758169202076, 0.5706652915281398, -0.7853381319495898, -0.27344990776689987, -0.3977019207905765, 0.2134881419167884, 0.2408499918146897, 0.4950969141540039, -0.038814235783842674], [-0.615810640877859, -0.6821324006088435, -0.3867324422738625, -0.37247161226233216, 0.2796874870618904, 0.6872998148702161, -0.030703794062584305, 0.420455376980046, -0.1550935433494534, -0.6517134703776527, 0.2873255125585641, -0.09677783140693821, 0.529533620824138, 0.11117634735564016, -0.023283608261855424], [-0.34535023499787576, 0.19863594483500627, -0.24542935085082898, -0.46442424023540363, -0.48881613484505126, -0.06194842633446022, -0.6480768502755747, -0.40065795748129707, 0.11462894651580766, 0.056895697370716224, 0.35478777153255814, 0.607807039155296, 0.5639603652365993, 0.24410420283313825, -0.02204674037654987]], "inverted": true, "swapped": true, "error_lsq": 0.040197675811542335, "error_max": 0.26405193106549113, "target": "968.xyz", "model": "7.xyz", "model_rescale": 3.964800864290218, "target_rescale": 4.253120150714614},
{"mapping": [11, 10, 14, 1, 6, 3, 0, 13, 9, 2, 4, 5, 7, 15], "R": [[-0.6774350529923786, 0.6496145696962196, 0.3450835548321726], [0.40876315069294755, 0.7224808946289133, -0.55761460125411], [-0.6115508446668914, -0.23669023582438056, -0.7549723813839889]], "T": [-0.08473601064536448, 0.041342893457073815, 0.0073893718168347375], "aligned_model": [[-0.20911793686291894, 0.36197850130556575, 0.34861333608782585, -0.6837939739197505, 0.19561620721077913, -0.463122301593087, -0.3349346110236415, 0.7233551430780945, 0.26711539649867533, 0.18037809671179825, -0.5266531656990306, -0.14119906054484502, 0.5137152102495833, 0.029237047961824053], [-0.23983267224258425, -0.5986852234334026, 0.10666566158949942, -0.1641546330481949, 0.7675304267617418, -0.5279905838404491, 0.46595589757691064, -0.13080556184083592, -0.6889966869564466, -0.13122700293341305, 0.08840004144449931, 0.5010525698996893, 0.37638359759814527, -0.013347364393957173], [-0.592010637777034, -0.34764878074569755, -0.5181342402289446, -0.25867116546222035, -0.2569871105188796, 0.48149016462260075, 0.1233429748220588, -0.0600234258306015, 0.29883576643171295, 0.5904559558497461, 0.39815885046947175, 0.6739853546685642, 0.3684944330263944, 0.015526899397850062]], "inverted": false, "swapped": true, "error_lsq": 0.050144321454601855, "error_max": 0.35468937784384064, "target": "968.xyz", "model": "8.xyz", "model_rescale": 4.121658175737393, "target_rescale": 4.253120150714614},
{"mapping": [6, 14, 13, 7, 8, 0, 12, 3, 9, 1, 5, 2, 15], "R": [[-0.8525377689146831, -0.41033536559257094, 0.3237348302515283], [-0.503203262644615, 0.47693902323372295, -0.7206355837596955], [0.1413004919941514, -0.7772734755932905, -0.6130906255206788]], "T": [-0.10644410091071199, -0.07353886848339658, -0.009401587013145647], "aligned_model": [[-0.686281324617271, -0.17378004256252644, 0.3520163368445396, 0.005036566617392546, -0.7161324073575944, -0.5193286710113911, 0.27397970941971694, 0.3809311735100924, 0.7541759738098018, -0.2895601444224919, -0.2604235022755076, 0.3661831407285322, -0.010079312248095731], [0.23649061807432875, -0.25230912873946454, 0.10844486772351153, 0.6150474525938139, -0.4876817076996341, 0.14115062956926103, -0.6179981046232428, -0.183199612125291, -0.11164359212025374, -0.6220927320430596, 0.6448904813115404, 0.37056555133792524, -0.051277283847725466], [-0.5028700616548458, -0.6664714860178477, -0.675649915674208, -0.3473571190672896, -0.10178387677291303, 0.19003645386042917, 0.1445707644339665, 0.6558263577359241, -0.013576917714456939, 0.36133424837617456, 0.33559244232874275, 0.12998010199751053, -0.08855555787209768]], "inverted": false, "swapped": true, "error_lsq": 0.03892827220182013, "error_max": 0.23024280912703124, "target": "968.xyz", "model": "9.xyz", "model_rescale": 3.833441315466971, "target_rescale": 4.253120150714614},
{"mapping": [12, 10, 8, 6, 14, 11, 13, 7, 4, 0, 3, 2, 9, 1, 15], "R": [[-0.7690925069774706, -0.534077070772742, -0.35108175427657484], [-0.15175466404363275, 0.6861905429109925, -0.711416235941043], [0.6208600789647486, -0.49386660273228156, -0.6087926913601716]], "T": [-0.07931788708449958, 0.09960500021691865, 0.15957785494505633], "aligned_model": [[0.08080292222235791, -0.03878081796734059, -0.7511570104296782, -0.6586639835667399, -0.5422411274210878, -0.46062219071815413, -0.007812297405920016, 0.09453350685146036, 0.2103277754805052, -0.20683115617660822, 0.5964547901218927, 0.5242572276337459, 0.5589038950781112, -0.23664184417542541, -0.0386846712325867], [-0.5630662600408304, -0.46248304520473726, -0.03570972924003635, 0.6640199712847056, 0.03950631985577263, -0.45179968785342883, 0.17003830368388728, 0.7280138491399442, 0.1874337420565866, 0.43059452449621805, -0.26622116705744797, 0.30922391183287146, -0.26400404217117085, -0.3769795462614243, 0.0925343947740688], [0.14989552310899423, -0.48668502546383424, 0.44609264703821283, 0.012491265068469759, -0.3407460494841948, 0.09346558814275796, -0.663293331257055, -0.25955340596841964, 0.668102618174961, 0.5208631742864613, 0.4783110652739642, -0.01871822819087987, -0.29053072909733546, 0.6286239388672477, 0.0398028573227434]], "inverted": false, "swapped": true, "error_lsq": 0.03845340380006879, "error_max": 0.23504119626232603, "target": "968.xyz", "model": "10.xyz", "model_rescale": 4.2482417240324, "target_rescale": 4.253120150714614},
{"mapping": [7, 0, 8, 1, 13, 10, 14, 12, 4, 9, 2, 15], "R": [[-0.6334107116585447, 0.7046087090158658, -0.3198709701351641], [0.5679562089705005, 0.14257109790039968, -0.8106165719594757], [-0.5255631408765966, -0.6951259232847452, -0.49049295176328184]], "T": [0.0068929560126194875, -0.10029789791145463, -0.02519222928247507], "aligned_model": [[-0.7681971107315213, -0.034377370036377745, 0.4226108066199647, 0.6830243620192222, -0.5156198387695982, 0.09836681119537102, -0.11473182942693347, 0.5007677892474955, 0.14928103821206762, -0.08800735874855964, -0.3944272574006151, -0.06192443981750861], [-0.10518320673255832, -0.604398878820274, -0.3963629638958537, -0.21967995457814443, 0.5129009728165834, 0.7409617309529765, 0.2174507182546331, 0.3336455032634661, -0.4802923563712449, 0.6085213899267048, 0.05251703401541538, 0.006051401218935562], [-0.027319350681009078, -0.002394374484491941, 0.5145232097624665, -0.04714974774482278, 0.17014955554851358, 0.113215523512762, 0.5685055184474004, -0.20587536067117196, -0.4559308717808049, -0.5055103153553221, -0.530783154202967, -0.026238342496196648]], "inverted": true, "swapped": true, "error_lsq": 0.04385320329888706, "error_max": 0.21579840043224233, "target": "968.xyz", "model": "11.xyz", "model_rescale": 3.6694154284099745, "target_rescale": 4.253120150714614},
{"mapping": [7, 13, 10, 9, 2, 6, 0, 8, 12, 1, 11, 4, 14, 15], "R": [[0.4843451307310388, 0.6876866717225343, 0.5408297660746096], [0.24358844833828908, 0.4877332936284319, -0.8383202861213053], [-0.8402823705001065, 0.5377762321091792, 0.06871871655652838]], "T": [0.11148724282117495, -0.055145463785064186, 0.03862139891829681], "aligned_model": [[0.11023547694676056, -0.12595168651539315, -0.081100701439209, 0.5440554966269843, 0.6041070029927318, -0.488951370144559, 0.12144656003408866, -0.4057646831285302, 0.26581079953993336, 0.1444119745068537, -0.2598220987227146, 0.5667847801854314, -0.50225800935155, 0.10526130872498166], [-0.41398429262940245, 0.2390568299313814, 0.7255415059850159, 0.5573042759591549, -0.07489905594508917, -0.5868457587688549, -0.522660928664036, -0.15783702071109762, 0.5660072790449293, 0.14948304658083347, 0.4071500909222702, -0.30315794072660346, 0.1380232007635764, 0.007806056394176253], [-0.648420179480695, -0.6991174802806431, -0.2591699279025369, -0.3855558499393956, -0.4051894481338116, -0.1419579253968608, 0.23271128285990234, 0.561759525029212, 0.2736089096734612, 0.6935496553314086, 0.35834491509645205, 0.32392806954703646, -0.19426574035766556, -0.07113034639344853]], "inverted": true, "swapped": true, "error_lsq": 0.0370730170510515, "error_max": 0.22220347243802158, "target": "968.xyz", "model": "12.xyz", "model_rescale": 3.9764082729961374, "target_rescale": 4.253120150714614},
{"mapping": [12, 1, 4, 0, 9, 5, 13, 6, 10, 7, 3, 8, 2, 14, 11, 15], "R": [[-0.15136398926152933, -0.9381276205553654, 0.3114570761854105], [0.5160703084192776, 0.19373625915911702, 0.8343486673178448], [-0.8430660588132273, 0.28702409208664076, 0.45481511742572084]], "T": [-0.061151862920004116, 0.01030003623697779, -0.00967203693553119], "aligned_model": [[0.4686750012389767, 0.4825834429466857, -0.7379592439960467, -0.3062194316040582, 0.09605718629661832, -0.3498480304955242, 0.10802928362178398, -0.5125857209071095, 0.6585223023617146, -0.5334330360661157, -0.4176135535140436, 0.1631048664815391, 0.09958947439428963, -0.33967026900981473, 0.17474337586049393, -0.15930941280060118], [0.1738935482245978, -0.3165369912291152, -0.14319614544170384, -0.6315729506300469, -0.32877208478126213, -0.052472396010636406, 0.5924795495914374, 0.570783625723829, 0.10718465517231174, -0.5025647631100669, 0.07519174669282572, -0.1751636241075556, -0.7175758844748317, 0.6674837122995341, 0.4447575257250521, 0.018126958196909612], [-0.3254792436286109, 0.019517908117200562, -0.1946974754846173, -0.24429703349802906, -0.48064394491966983, -0.7942343674177208, -0.0928904247597958, -0.2660397873996735, 0.3350443180551803, 0.2817964690911722, 0.7500434205658715, 0.6345057232039195, 0.27426172370674895, 0.3499738346675864, 0.6117334867748896, 0.03383094534317184]], "inverted": false, "swapped": false, "error_lsq": 0.049814506005554295, "error_max": 0.3533287917973233, "target": "968.xyz", "model": "13.xyz", "model_rescale": 4.170626492500431, "target_rescale": 4.253120150714614},
{"mapping": [2, 7, 9, 13, 3, 11, 10, 5, 4, 6, 0, 14, 1, 15], "R": [[-0.20683782673127052, 0.4088556063754739, 0.8888504973101092], [-0.4647100073851197, 0.75841769549547, -0.4569980395969576], [-0.8609661564017523, -0.5075822024999339, 0.033129823967372574]], "T": [0.040820017906333085, 0.08513279754425182, 0.1756439242909319], "aligned_model": [[0.17673659905547043, -0.058536121176048304, -0.23093515015708507, -0.6271619531578232, 0.4523160150109489, -0.33505949097829585, -0.6874148493939752, 0.6394823518640854, 0.6196787036543568, -0.12165692098436384, 0.4143652586048487, -0.5863524483557296, 0.23845711264806715, -0.05073608454281297], [-0.24358940858324044, -0.6714418438636018, 0.17300221452168874, -0.3041437938292829, 0.4666941177353261, 0.6078161160976464, 0.34674425140372955, -0.45966638805684534, 0.16771689302126047, -0.4231636776814367, -0.06464525662358156, -0.00015255489615154105, 0.7199737601113333, 0.040930038568821804], [-0.3842675817912532, 0.03956978252116597, -0.6371072126216641, -0.12344587897234888, -0.43849804511747903, 0.3739559943318206, -0.1937817930469049, 0.11507558073073298, 0.0844933803418966, 0.801005069228825, 0.48284299426022714, 0.43567256384835845, 0.348283483165504, 0.10007476424198614]], "inverted": true, "swapped": true, "error_lsq": 0.03682496453873361, "error_max": 0.2005999402497329, "target": "968.xyz", "model": "14.xyz", "model_rescale": 3.9786697098870705, "target_rescale": 4.253120150714614},
{"mapping": [13, 7, 9, 10, 2, 3, 6, 0, 12, 14, 5, 15], "R": [[0.03774641582484217, -0.7937905051709067, 0.6070188151885367], [-0.10500260232231445, -0.607239541080965, -0.7875497401772926], [0.9937553328651476, -0.03401137527792597, -0.10627118496461818]], "T": [0.0628619761450676, 0.043788819591166234, 0.20343777767073098], "aligned_model": [[-0.03110289183521682, -0.542037858327137, 0.5153853927706966, 0.5926778163124129, -0.04149411234694757, 0.5596900258431382, -0.603621103529114, -0.26885104586535313, 0.7424449565626737, 0.014762996843439832, -0.526194672874122, 0.0716950932128657], [-0.48389944126624884, -0.03679730202576423, 0.09932312748319791, -0.47978528108842877, 0.3612723346340221, 0.6736372283653476, -0.36607540001606464, 0.26769735903037467, 0.04029184493547891, -0.6386206146934449, 0.5928139133137352, -0.01518327844776575], [-0.4289439042373915, -0.2744691899614633, -0.5275032694830525, -0.2213059944769796, -0.36957751439964304, -0.01688295736290718, 0.45573175300497715, 0.5135542363499325, 0.1484799375617818, 0.1880222219653148, 0.10118819242855873, 0.09167298248470275]], "inverted": false, "swapped": true, "error_lsq": 0.04310989068517354, "error_max": 0.24357266659599028, "target": "968.xyz", "model": "15.xyz", "model_rescale": 3.769337070930944, "target_rescale": 4.253120150714614},
{"mapping": [10, 1, 13, 14, 9, 3, 2, 4, 7, 6, 15], "R": [[-0.6429704223604106, -0.4345156881954872, -0.6307021108904565], [-0.6854320139683423, 0.6938750577605031, 0.2207268865479708], [0.3417191686121479, 0.5742242775517775, -0.7439721022142979]], "T": [-0.07979744963517248, -0.10793319628879558, 0.1048225433146594], "aligned_model": [[-0.3096674289462544, -0.2536716488706456, -0.15858722102018086, -0.6333049405606972, 0.3452855598795887, 0.5336137110476764, 0.508851203069692, 0.31795841479950393, 0.1573643273924128, -0.5183053580179313, -0.06691048808199349], [0.2407695759676773, -0.7453957430305067, 0.6702601964707202, 0.28162811733254267, 0.19496557568875508, -0.4969717425193607, 0.18942706091764852, -0.5068672143427011, 0.5500222944751095, 0.21782698750997573, 0.0003993891554814888], [-0.644048676993022, -0.08305281590323649, -0.16976460872409366, 0.004297782249757465, -0.5805190396337374, -0.3007192088939732, 0.033393266553083306, 0.28606231295995455, 0.43895106072061957, 0.7191772787349635, 0.04044025615346142]], "inverted": false, "swapped": true, "error_lsq": 0.04262382095896611, "error_max": 0.2490465383943889, "target": "968.xyz", "model": "16.xyz", "model_rescale": 3.7852294659196426, "target_rescale": 4.253120150714614},
{"mapping": [4, 2, 7, 5, 3, 9, 10, 13, 0, 8, 11, 14, 15], "R": [[-0.6293232338320793, -0.7603513188334756, 0.1606802393181201], [-0.41858055805596467, 0.15743415020072749, -0.8944298769429229], [0.6547843796065169, -0.6301431268360937, -0.4173452478758321]], "T": [0.08182444313774409, 0.0940894820339628, -0.10103244279403426], "aligned_model": [[-0.05469299724156593, -0.32820794144671994, 0.22920174721463893, 0.1974710721048189, -0.6432772386261204, -0.6976758315059671, -0.3288567663144888, -0.03272505081487101, 0.4078838390021714, 0.6011647234134341, 0.0941744754251429, 0.3787168304078421, 0.03058898859796761], [-0.24191809053217964, -0.3714570023977606, -0.42280669876747734, -0.7003941405550996, -0.04925007311221466, 0.1287481557762113, 0.6595148135544463, 0.16797229292508073, -0.1776815906200873, 0.5148912677484374, 0.7636549471357619, 0.5016237923388852, 0.10215795020887053], [-0.5686517668220092, 0.13385564737032005, 0.4574398223804057, -0.22058534999122678, -0.4828303976361611, 0.2640900223141215, 0.39583481719674596, 0.7166537025968783, -0.3770152962212102, -0.42503883189167, -0.17411115695043844, 0.36157374336603165, 0.014539741431386838]], "inverted": true, "swapped": true, "error_lsq": 0.0459585645657843, "error_max": 0.3171943472222914, "target": "968.xyz", "model": "17.xyz", "model_rescale": 3.901054581598922, "target_rescale": 4.253120150714614},
{"mapping": [8, 11, 6, 0, 10, 7, 12, 1, 14, 2, 9, 3, 4, 5, 15], "R": [[-0.3682008883693058, 0.9007051954862271, 0.2305607439009763], [0.002592423176525138, -0.24698688293423043, 0.9690153553997516], [0.9297426445775885, 0.3573900257177728, 0.08860578068795422]], "T": [0.017992847528833053, 0.07708766810680984, -0.05515696847767067], "aligned_model": [[0.13283832197509532, 0.13904433183194087, -0.5510324506185533, 0.1076783929712756, -0.2100166766827879, -0.5950516257645262, 0.392657563874736, 0.5988494303360834, -0.48759072805810805, -0.06570596579076118, 0.015047668511326731, 0.6523259835206251, 0.4677987599070402, 0.006788086265403323, -0.06454488118975572], [-0.046846670709256466, -0.5077193808169942, 0.3716376467291088, 0.5031571899696514, -0.6987393250271026, 0.45814643173794994, -0.4631543310909085, -0.14676370164121944, -0.30522057875930164, 0.30097943227438984, -0.3110364683916574, 0.05349768316014272, 0.4506091892164688, 0.8665093420978971, 0.02370089107793752], [-0.778496035869201, -0.36685904978975886, -0.5702211821035683, -0.3135404943207002, 0.23005535412870876, 0.22726770267825586, 0.12548232105469181, -0.3456463499202175, -0.3129542524879805, 0.563631757229769, 0.7139251447909472, 0.4825728340076983, 0.036288354045820745, 0.13341434676175767, 0.02474595464575323]], "inverted": true, "swapped": true, "error_lsq": 0.03656124485141291, "error_max": 0.23880931989394405, "target": "968.xyz", "model": "18.xyz", "model_rescale": 3.9405287249114394, "target_rescale": 4.253120150714614},
{"mapping": [8, 5, 1, 2, 6, 0, 7, 4, 9, 3, 14, 11, 10, 12, 13, 15], "R": [[0.29693431499541384, 0.8821954213918843, -0.36546032760533703], [-0.8556545134303093, 0.41571160266858925, 0.3082843120449916], [0.42389310707364086, 0.22116758777431408, 0.8782935340155626]], "T": [-0.12293722858206103, 0.07972212447910536, 0.08034327500551777], "aligned_model": [[0.2981205492425859, 0.519233927396452, -0.5782716972144356, -0.00026313785529415157, -0.021944556791753347, -0.2966142199280493, 0.32651674745816206, -0.30526229972620506, 0.6262493461594328, -0.8281157899872257, -0.34943400126676644, 0.31913148717442497, -0.16366654507370643, -0.601158641017888, 0.06800539137904131, -0.11786032513998726], [0.08252516311038956, -0.38479654606553115, -0.24357590698782972, -0.7678096544957786, -0.34816129596657036, 0.204628305703212, 0.5978526187838245, 0.7058732507003375, 0.20466840595268967, -0.32883263290542986, 0.00035677611928454367, -0.15802848125903796, -0.5677993542568854, 0.3086156041934239, 0.4361065969492554, 0.04042363226592477], [-0.5481268088041724, -0.1708563545792637, -0.27132180501283787, -0.06786682621931808, -0.5238087872640605, -0.5730394662150989, -0.07826776885500494, -0.250348974949397, 0.1904239269365775, 0.327799941165416, 0.8166443788477726, 0.5973182279001172, 0.5241462654192883, 0.21836906187719762, 0.6168699463244094, 0.08449059584599836]], "inverted": false, "swapped": false, "error_lsq": 0.045033065122912885, "error_max": 0.2957152018115298, "target": "968.xyz", "model": "19.xyz", "model_rescale": 4.410303926677745, "target_rescale": 4.253120150714614},
{"mapping": [11, 10, 14, 1, 6, 3, 0, 13, 9, 2, 4, 5, 7, 15], "R": [[-0.6774350529923786, 0.6496145696962196, 0.3450835548321726], [0.40876315069294755, 0.7224808946289133, -0.55761460125411], [-0.6115508446668914, -0.23669023582438056, -0.7549723813839889]], "T": [-0.08473601064536448, 0.041342893457073815, 0.0073893718168347375], "aligned_model": [[-0.20911793686291894, 0.36197850130556575, 0.34861333608782585, -0.6837939739197505, 0.19561620721077913, -0.463122301593087, -0.3349346110236415, 0.7233551430780945, 0.26711539649867533, 0.18037809671179825, -0.5266531656990306, -0.14119906054484502, 0.5137152102495833, 0.029237047961824053], [-0.23983267224258425, -0.5986852234334026, 0.10666566158949942, -0.1641546330481949, 0.7675304267617418, -0.5279905838404491, 0.46595589757691064, -0.13080556184083592, -0.6889966869564466, -0.13122700293341305, 0.08840004144449931, 0.5010525698996893, 0.37638359759814527, -0.013347364393957173], [-0.592010637777034, -0.34764878074569755, -0.5181342402289446, -0.25867116546222035, -0.2569871105188796, 0.48149016462260075, 0.1233429748220588, -0.0600234258306015, 0.29883576643171295, 0.5904559558497461, 0.39815885046947175, 0.6739853546685642, 0.3684944330263944, 0.015526899397850062]], "inverted": false, "swapped": true, "error_lsq": 0.050144321454601855, "error_max": 0.35468937784384064, "target": "968.xyz", "model": "20.xyz", "model_rescale": 4.121658175737393, "target_rescale": 4.253120150714614},
{"mapping": [3, 12, 8, 4, 0, 9, 14, 2, 13, 7, 6, 5, 15], "R": [[0.4298365301306567, -0.284457822084228, -0.8569272459318442], [0.7832013566807219, 0.5896995838078433, 0.19710412413324452], [0.4492618304048477, -0.7558691343823709, 0.4762621750982664]], "T": [0.09359577269363961, 0.04621508286459639, 0.13192021859199476], "aligned_model": [[0.3445352443340134, -0.12724581973239085, 0.23043531969684855, 0.6320998907052431, 0.5292496072460258, -0.3735664043750806, -0.44877853951605595, 0.07490271775878224, -0.6375541685820805, -0.055105918148648625, 0.0832550412960805, 0.6440405156523418, -0.015184581670783986], [-0.6497722867600468, -0.20893462130526488, 0.7107832973468382, -0.18858034825160938, 0.2472957514860916, -0.6700918041749491, 0.4566006086919429, -0.5320747428926899, -0.07581222628720904, -0.06525986150510621, 0.6888646933528472, -0.1683060379533535, -0.0038855175843082804], [0.5123401420762147, 0.72436704305072, 0.43423236923972086, 0.2032669281544574, -0.02967520861852102, 0.23584451920536925, 0.056769617698320146, -0.1925238406826767, -0.2391862187920829, -0.6205783836469562, -0.38065677212222626, -0.4247327618591368, 0.0906423057785867]], "inverted": false, "swapped": true, "error_lsq": 0.04582719635761604, "error_max": 0.25048977767799635, "target": "968.xyz", "model": "21.xyz", "model_rescale": 4.08911054899281, "target_rescale": 4.253120150714614},
{"mapping": [4, 7, 14, 12, 13, 3, 1, 15, 0, 9, 5, 6, 10, 11, 8, 16], "R": [[-0.13133292265934465, -0.6042789968062345, -0.7858743903732995], [-0.8260007019226911, -0.3716387140510772, 0.4238012584239021], [-0.5481555471296226, 0.7047918559669317, -0.450326477029401]], "T": [-0.08176249324959617, 0.04595016795945164, 0.046007210692597965], "aligned_model": [[0.3154484717029137, 0.3579641648025963, -0.5518114859048412, -0.2887611176249223, 0.16385537236409248, -0.18119290636434182, 0.14460926105151134, -0.5889816333272403, 0.6832697489876538, -0.662466147355417, -0.4014497536734629, 0.4561486117924761, -0.11307677143538758, -0.4557549482809402, 0.05883159177591618, -0.04196622370181875], [0.1609438984472928, -0.5094819539499851, -0.12171134180286197, -0.626464400282315, -0.37115172520665507, -0.13111390389908864, 0.8007900186209718, 0.5243930200267792, 0.14741160031505188, -0.3186429962583047, -0.09969414948989358, -0.06680640474542873, -0.6035358008977013, 0.5686981292227955, 0.3932914442118599, 0.0351210475287617], [-0.5155015400297256, 0.10871137450062865, -0.35743565836704283, -0.17755424384965107, -0.40391260531561446, -0.7984101805892146, 0.14072262640710684, -0.1668969910948486, -0.021154119409402823, 0.23940499319371591, 0.6578215961605802, 0.5494967606691932, 0.5238385632159801, 0.46164797244857986, 0.6294018962419781, 0.022245108235360668]], "inverted": false, "swapped": false, "error_lsq": 0.04032070228211922, "error_max": 0.2802119189624098, "target": "968.xyz", "model": "22.xyz", "model_rescale": 4.204369325754507, "target_rescale": 4.253120150714614},
{"mapping": [8, 5, 1, 2, 6, 0, 7, 4, 9, 3, 14, 11, 10, 12, 13, 15], "R": [[0.29693431499541384, 0.8821954213918843, -0.36546032760533703], [-0.8556545134303093, 0.41571160266858925, 0.3082843120449916], [0.42389310707364086, 0.22116758777431408, 0.8782935340155626]], "T": [-0.12293722858206103, 0.07972212447910536, 0.08034327500551777], "aligned_model": [[0.2981205492425859, 0.519233927396452, -0.5782716972144356, -0.00026313785529415157, -0.021944556791753347, -0.2966142199280493, 0.32651674745816206, -0.30526229972620506, 0.6262493461594328, -0.8281157899872257, -0.34943400126676644, 0.31913148717442497, -0.16366654507370643, -0.601158641017888, 0.06800539137904131, -0.11786032513998726], [0.08252516311038956, -0.38479654606553115, -0.24357590698782972, -0.7678096544957786, -0.34816129596657036, 0.204628305703212, 0.5978526187838245, 0.7058732507003375, 0.20466840595268967, -0.32883263290542986, 0.00035677611928454367, -0.15802848125903796, -0.5677993542568854, 0.3086156041934239, 0.4361065969492554, 0.04042363226592477], [-0.5481268088041724, -0.1708563545792637, -0.27132180501283787, -0.06786682621931808, -0.5238087872640605, -0.5730394662150989, -0.07826776885500494, -0.250348974949397, 0.1904239269365775, 0.327799941165416, 0.8166443788477726, 0.5973182279001172, 0.5241462654192883, 0.21836906187719762, 0.6168699463244094, 0.08449059584599836]], "inverted": false, "swapped": false, "error_lsq": 0.045033065122912885, "error_max": 0.2957152018115298, "target": "968.xyz", "model": "23.xyz", "model_rescale": 4.410303926677745, "target_rescale": 4.253120150714614},
{"mapping": [0, 7, 5, 6, 12, 2, 3, 4, 1, 15, 9, 11, 14, 8, 10, 16], "R": [[-0.5658326251660266, -0.2981662163748993, 0.7687199410125899], [-0.0965505157494429, 0.9498705263387508, 0.2973617007979694], [-0.8188476281984575, 0.09403664501470269, -0.5662558354561473]], "T": [-0.038415006648011146, -0.11503005292832591, 0.1283849547294993], "aligned_model": [[0.29043016670712063, 0.5780742255281284, -0.47561865995931984, -0.3945333742118885, 0.009207659600459966, -0.12107152464870966, 0.19483965872021103, -0.3901831220131533, 0.7075041348709493, -0.6901717047573204, -0.32046934898988944, 0.3002809501090543, -0.18924232553246254, -0.5981517060376202, -0.02070033417830644, 0.014471539601534383], [0.01923066101303353, -0.32635733732940175, -0.13306069232581771, -0.7485092727294017, -0.4943501628127128, 0.41380869024173506, 0.6772954599396035, 0.43180101973040896, 0.3069450777019359, -0.3342355236112453, -0.04088938987440774, -0.1847811127884863, -0.6255969363064658, 0.4200619384306121, 0.41815181040153804, -0.017467747839649425], [-0.5381139002876396, -0.002812233353319704, -0.3234224101972968, -0.09473357010350672, -0.5787389175025028, -0.6107979961917798, -0.22807475880990286, -0.09771091869260384, 0.17170900134945172, 0.3193728049375155, 0.6827931921109436, 0.658612571075124, 0.5463832411976335, 0.4042074617777935, 0.5014630126088123, 0.08228897249890185]], "inverted": true, "swapped": false, "error_lsq": 0.04289955711889529, "error_max": 0.32897063146444866, "target": "968.xyz", "model": "24.xyz", "model_rescale": 4.28219845311461, "target_rescale": 4.253120150714614},
{"mapping": [8, 0, 9, 3, 1, 5, 10, 11, 6, 7, 13, 2, 4, 12, 14, 15], "R": [[-0.6011439023178894, 0.6181173106265632, -0.5065145595240126], [-0.3710487898972141, 0.3454700800707544, 0.8619589429269351], [0.707777369108276, 0.7061029769656061, 0.021674448054699647]], "T": [-0.12436228947374929, -0.03609417885495317, 0.08461493272315818], "aligned_model": [[0.2945809820951963, 0.571768249550249, -0.7577207390077407, -0.3494411003702826, 0.11292395216287411, -0.22564888529437416, 0.22885140573904156, -0.3074424047348128, 0.7432139554821091, -0.7004100730358267, -0.3987073244934979, 0.24895808813177028, -0.020791308416403823, -0.5839535316575768, 0.10252177620436885, -0.06403680754630625], [0.1711306767104728, -0.443558070052826, -0.032508701174414595, -0.6648493162323201, -0.3796372251884417, 0.11962410321696043, 0.6387960676987987, 0.45176981319705933, 0.2074872507979863, -0.4974936615217034, -0.033763183355014326, -0.043343699630184335, -0.7262405414277903, 0.4999264038759428, 0.5910281869592938, -0.07632162203254098], [-0.42869827709305225, 0.20680176525372007, -0.15143146659818338, -0.3078794633728821, -0.40072084145029346, -0.7465129293111876, -0.1377992292553897, -0.07333274185188554, 0.09790708369822801, 0.33124314319044856, 0.6115360133006926, 0.6585133248631965, 0.3028341416301947, 0.377663947786818, 0.4525630050533961, 0.09973807657380353]], "inverted": false, "swapped": false, "error_lsq": 0.0388717789415145, "error_max": 0.2721831969584561, "target": "968.xyz", "model": "25.xyz", "model_rescale": 4.100010024507729, "target_rescale": 4.253120150714614},
{"mapping": [7, 0, 8, 1, 13, 10, 14, 12, 4, 9, 2, 15], "R": [[-0.6334107116585447, 0.7046087090158658, -0.3198709701351641], [0.5679562089705005, 0.14257109790039968, -0.8106165719594757], [-0.5255631408765966, -0.6951259232847452, -0.49049295176328184]], "T": [0.0068929560126194875, -0.10029789791145463, -0.02519222928247507], "aligned_model": [[-0.7681971107315213, -0.034377370036377745, 0.4226108066199647, 0.6830243620192222, -0.5156198387695982, 0.09836681119537102, -0.11473182942693347, 0.5007677892474955, 0.14928103821206762, -0.08800735874855964, -0.3944272574006151, -0.06192443981750861], [-0.10518320673255832, -0.604398878820274, -0.3963629638958537, -0.21967995457814443, 0.5129009728165834, 0.7409617309529765, 0.2174507182546331, 0.3336455032634661, -0.4802923563712449, 0.6085213899267048, 0.05251703401541538, 0.006051401218935562], [-0.027319350681009078, -0.002394374484491941, 0.5145232097624665, -0.04714974774482278, 0.17014955554851358, 0.113215523512762, 0.5685055184474004, -0.20587536067117196, -0.4559308717808049, -0.5055103153553221, -0.530783154202967, -0.026238342496196648]], "inverted": true, "swapped": true, "error_lsq": 0.04385320329888706, "error_max": 0.21579840043224233, "target": "968.xyz", "model": "26.xyz", "model_rescale": 3.6694154284099745, "target_rescale": 4.253120150714614},
