[{"mapping": [4, 2, 8, 9, 7, 0, 3, 1, 10, 11, 5, 13], "R": [[-0.1257550283749504, 0.9813429822135308, -0.1454359793815462], [0.6788615872883546, 0.192025158793442, 0.708712412544531], [0.7234173194932173, -0.009606750262575903, -0.6903441838725387]], "T": [-0.03172309086538703, -0.06276051455192402, -0.03431484854948123], "aligned_model": [[-0.22221041156068574, 0.08611627691883408, 0.4662281511302071, -0.23514167096514102, -0.13157361672745174, -0.5928937483978715, 0.32665775992589796, -0.1321420528866478, 0.5824595804835154, 0.2892904821857984, -0.5906983185838801, -0.008449969062026167], [-0.36541948086481535, -0.6700256895465574, -0.3972047537429536, 0.6623454621862258, 0.3845177112302224, -0.4159130960339362, -0.08837238286030427, -0.5445731432517685, 0.01608239695105658, 0.45717397291566075, 0.038044469719467344, -0.02310043072524013], [-0.5990476435323147, -0.1208312547516031, -0.5295415804927706, -0.03189727015686321, -0.6590382570955078, -0.12376558321023128, 0.6850110800929335, 0.5971464006441959, -0.01266958262140351, 0.4292105953553835, 0.47486664219500213, 0.07250819892674165]], "inverted": false, "swapped": true, "error_lsq": 0.04442412367099158, "error_max": 0.22227207249993092, "target": "969.xyz", "model": "0.xyz", "model_rescale": 3.751011558992144, "target_rescale": 3.960537976710212},
{"mapping": [1, 6, 7, 11, 0, 4, 8, 2, 3, 5, 12, 9, 13, 14], "R": [[-0.37384564128089626, -0.11359736737725235, 0.9205080524472523], [0.40523284199706067, 0.8727262604615412, 0.2722778324943101], [-0.8342815953035646, 0.4748099750697871, -0.2802315244792552]], "T": [0.13408471546494735, -0.0419986970356016, 0.02123161991139369], "aligned_model": [[-0.2485991395108885, 0.0873698072831109, -0.3528420685042569, 0.39480811713988484, -0.5912222944709173, 0.49035327535077167, 0.24135037892800382, -0.1529784323850301, -0.4555711506006681, 0.4911363615834585, -0.09489380968480843, 0.6065638716023388, 0.14178681994175202, 0.14347804068074255], [-0.562275445863454, -0.1945790952032612, 0.04798387209601492, 0.35988943845861443, -0.21442987158478052, -0.734448156833007, -0.5381771531766447, -0.007316705254928051, 0.3846320728609105, 0.06398263165901982, 0.61721605319377, 0.4129032630351574, 0.5289180988214326, 0.00899003176479378], [-0.24059030660697386, -0.7124322572958065, -0.4197700446014808, -0.6169221415714544, 0.1615945419420051, -0.11718958067930513, 0.448688365376001, 0.7959122060762308, 0.2529599852547274, 0.522597880211989, -0.23367983957499525, 0.08461359742688285, 0.47011566740645083, 0.0034628996401550524]], "inverted": false, "swapped": false, "error_lsq": 0.037825142114717485, "error_max": 0.29599902331668176, "target": "969.xyz", "model": "1.xyz", "model_rescale": 3.9405287249114394, "target_rescale": 3.960537976710212},
{"mapping": [12, 7, 9, 2, 4, 11, 10, 8, 0, 5, 1, 3, 13], "R": [[-0.9997693064541536, -0.006140835980596313, 0.020582128306862933], [0.008244952121743747, 0.7751211326850805, 0.6317588546506554], [-0.01983317011198432, 0.6317828106228098, -0.7748916863438734]], "T": [0.0006598681623989425, -0.07911777193673779, -0.03134453497354958], "aligned_model": [[-0.22821233971137603, 0.1521048121687649, -0.5072741931016445, 0.48222160724327845, 0.5962210677239183, -0.6495905977727502, 0.003923693392337841, 0.6464591068973243, 0.23608014839509645, -0.5071119198774269, -0.15615063840872484, -0.47090637256824636, -0.10178109509661984], [0.6387003157447196, 0.39693471835083927, 0.22063395532813057, -0.3282508150798509, -0.14143361674363475, 0.24548357332715393, 0.3690030266179354, 0.2687089262587733, -0.6273501573491288, -0.6144913378363716, -0.7126430149292321, -0.17002083577903837, -0.08644214433827868], [-0.062055419771492565, -0.623582435977045, -0.49965589755832995, 0.2787735331405621, -0.3283876160699307, 0.21369774850516682, 0.3965364921405634, 0.22753349776783874, -0.33408077306604445, -0.22479658789731527, 0.43236541516934845, 0.6135465466957915, 0.023225846509530898]], "inverted": false, "swapped": true, "error_lsq": 0.05117693377068658, "error_max": 0.31083392297398454, "target": "969.xyz", "model": "2.xyz", "model_rescale": 3.932901565614263, "target_rescale": 3.960537976710212},
{"mapping": [5, 9, 12, 8, 6, 7, 4, 2, 10, 0, 10, 3, 1, 13], "R": [[-0.6979230669180141, 0.6618722288904112, -0.27354806759944844], [0.6960225949375206, 0.7168257118098486, -0.041393794519760135], [0.1686888852301579, -0.21928531987331745, -0.9609672255014026]], "T": [0.17845079946321665, 0.08649844402408804, -0.010015561946458966], "aligned_model": [[-0.2293016945631056, 0.06962626481692637, -0.49643157475498245, 0.579732124176367, -0.4399362068047449, 0.5328630822477312, 0.2059013489278868, -0.06317848221797295, -0.40130754178634276, 0.5420792281382477, -0.40130754178634276, 0.646050540981238, 0.08635129516877976, 0.06959893480980792], [-0.48291338681793283, -0.23268776891163653, -0.006283395728627572, 0.2528118702997465, -0.07930527583008815, -0.4873757004097802, -0.6226451055734614, -0.1034287870098711, 0.5039262031807882, 0.021044620766418665, 0.5039262031807882, 0.2911233323875585, 0.552485207055801, 0.06261101738393365], [-0.17221222087357374, -0.6627561854100319, -0.3550592133026939, -0.6017079382779603, 0.2283096311054391, -0.24411585564321506, 0.49948252238365004, 0.7644150613661171, -0.06273910448874065, 0.548948204341919, -0.06273910448874065, 0.00281467093279001, 0.5584408030457001, -0.041720297686232984]], "inverted": false, "swapped": false, "error_lsq": 0.04719065445508241, "error_max": 0.4096195791856673, "target": "969.xyz", "model": "3.xyz", "model_rescale": 3.9243930471874484, "target_rescale": 3.960537976710212},
{"mapping": [2, 10, 1, 0, 5, 8, 4, 3, 11, 12, 6, 7, 13], "R": [[0.5296904931884437, -0.6713669231185386, -0.5183574403518574], [0.8459380820070217, 0.46266438526165365, 0.26519884619043355], [0.06177979310473851, -0.5789716065169364, 0.8130037736758258]], "T": [0.020331068256219536, -0.08429001599921501, -0.07484682893286476], "aligned_model": [[-0.03792895084174443, -0.3735256824659459, 0.6234791695646916, 0.3665411199607185, 0.7505251276013476, -0.6278242345097481, -0.23659421793949678, 0.3285446366226835, 0.08705380066397572, -0.4614337887723676, 0.22161175164514804, -0.4428716821963312, 0.07962883697842175], [-0.6014131026780933, 0.18183065385415584, -0.25736356312131026, -0.5962613103289384, 0.04485122168468195, -0.42521251329188314, -0.6404464446477184, 0.3099945383439162, 0.6541691682125805, 0.4892231421727513, -0.03389179092864525, 0.00035254404374111814, 0.001997010366348931], [-0.42029100865166125, -0.4722908187025039, -0.5720677069296374, 0.18138486406258392, 0.10409427031553456, -0.3370003314849743, 0.19253010191677966, -0.7041851164306557, -0.27096804839104216, 0.01218036750937046, 0.6587202984143863, 0.5404466985494967, -0.12548325480671285]], "inverted": false, "swapped": true, "error_lsq": 0.05176774691882597, "error_max": 0.3705577199952502, "target": "969.xyz", "model": "4.xyz", "model_rescale": 3.8936222436046832, "target_rescale": 3.960537976710212},
{"mapping": [8, 10, 7, 4, 9, 11, 3, 5, 0, 2, 6, 13], "R": [[0.6357632977741365, 0.699467663383154, 0.3264200010487491], [-0.4929965259322078, 0.6933576346172197, -0.5255564821565692], [-0.5939355643688367, 0.17320559575061378, 0.7856464643709322]], "T": [-0.05495668315889969, -0.0807677357210208, -0.004992752348591346], "aligned_model": [[0.046169306118637995, -0.4660706334850064, -0.21338302503514833, 0.4214992758078057, -0.519887488121739, -0.7545374895908126, -0.3987763252056358, 0.061118198117981554, 0.5606670441330236, 0.3830267740666426, 0.03164831481183482, -0.12392590940248706], [-0.680730438480635, -0.5384266073281339, 0.2574290620895998, -0.09878938119838138, 0.5020161987308394, -0.04496062014187994, -0.388579114991894, 0.435061908292677, 0.17599447719798184, -0.5258749785983013, 0.6527902525510902, -0.07700785301315526], [-0.4896330252874691, -0.07874065471337335, -0.6838383136579904, -0.4734753437261042, -0.11160360197416627, 0.307324343300121, 0.6534621072762883, 0.5448500805290689, 0.04707719124975015, 0.008872002900790897, -0.1935845790244539, 0.08857451240305658]], "inverted": true, "swapped": true, "error_lsq": 0.03890224526858759, "error_max": 0.19088661155213654, "target": "969.xyz", "model": "5.xyz", "model_rescale": 3.6523030999806103, "target_rescale": 3.960537976710212},
{"mapping": [1, 5, 0, 2, 4, 3, 6, 10, 9, 12, 7, 8, 13], "R": [[0.9336106007896787, -0.09030186961211845, 0.34672297073844316], [0.3207933828930511, 0.6416696473526814, -0.696671851848715], [-0.15957083563473512, 0.7616466608676503, 0.6280378272078767]], "T": [0.08381949311031761, -0.06702680502945207, 0.03313515735100307], "aligned_model": [[0.1975908155362324, -0.3689023584121071, 0.2834693725119489, 0.6754095771448161, 0.5426467765947852, -0.11646502922924984, -0.3215244669814779, 0.1638927191272978, -0.5945744616417972, -0.25113698798465695, -0.054479725977634536, 0.7162338217771884, 0.00892285219894881], [-0.5176122088852368, -0.025470329360019972, 0.32984554299870184, -0.18002114829569638, 0.41748710352427404, -0.8269176888806808, 0.5669456714955103, -0.4944858343144929, 0.18252022048957894, -0.1587691052446038, 0.5118425701934635, -0.11198739718558748, -0.15255049237202736], [0.685055065289776, 0.6456681973233088, 0.5333980398835091, 0.19865146701583092, -0.006041306407736785, 0.20335427607863754, 0.15540452369508373, -0.408194801721075, -0.17822133090251713, -0.6361749046594664, -0.46294028891479927, -0.4175183310567229, 0.05766913385796043]], "inverted": true, "swapped": true, "error_lsq": 0.05649755179955064, "error_max": 0.31221384100175964, "target": "969.xyz", "model": "6.xyz", "model_rescale": 4.08911054899281, "target_rescale": 3.960537976710212},
{"mapping": [13, 12, 11, 5, 1, 7, 2, 0, 9, 6, 8, 4, 3, 14], "R": [[0.02881288099548196, -0.6908745150992054, 0.7224003199578322], [0.9959539440135988, 0.08138443802770057, 0.038109246262198804], [-0.085120851102992, 0.7183794106413083, 0.6904241182593125]], "T": [0.053347750169483545, 0.03505038188770413, -0.07850475214519376], "aligned_model": [[-0.15355452893149704, 0.04589562218694813, -0.42570009664696445, 0.680188687788614, -0.5094477519464502, 0.6150321493531162, 0.09944374198538375, -0.03783880850139123, -0.5534512467353606, 0.34323244787379165, -0.04814338317979502, 0.5553461790744085, 0.1893419512851736, -0.0996051862524831], [-0.6302621220976663, -0.24959496362703507, 0.03632965074428669, 0.10226719838195458, -0.26082399136361356, -0.49754929183599794, -0.597698896443553, 0.028602003324030522, 0.4302722100476065, -0.02771693239844853, 0.70701022353638, 0.5283182410239557, 0.5181513001679021, 0.08598440451383633], [-0.30310493312276954, -0.7318985163307146, -0.4176840364313575, -0.5063523512835737, 0.2870983617729034, -0.06679203253877947, 0.41913271991758844, 0.8576040091830781, 0.22174846067526888, 0.3229551994659983, -0.13611112634067224, -0.03933989261039053, 0.5335169111033453, -0.04141180045549928]], "inverted": true, "swapped": false, "error_lsq": 0.04920291313139037, "error_max": 0.3309353411565382, "target": "969.xyz", "model": "7.xyz", "model_rescale": 3.964800864290218, "target_rescale": 3.960537976710212},
{"mapping": [10, 3, 6, 0, 11, 5, 9, 12, 4, 8, 2, 1, 7, 13], "R": [[0.11575777365829094, -0.9811017950013063, -0.1550464629809095], [0.5721555090453432, 0.19345975415447386, -0.7970015037573988], [0.8119348565659318, 0.0035484317247443387, 0.5837372673776744]], "T": [0.044798241324831616, 0.056508983707787445, -0.024801060535545212], "aligned_model": [[0.039522983633589324, 0.11538532085000949, -0.4134221726959342, 0.20318529462347554, -0.6865619440863793, 0.6086753819426806, -0.056859362676171456, -0.1978401411943357, -0.572054225075763, 0.5251273006216494, -0.020817504210967, 0.710849384834077, 0.362784698699523, 0.08276476208803998], [-0.7651180118317276, -0.14304315770438145, 0.022074744870431103, 0.44090715187801455, -0.2692949398668243, -0.5443939516508844, -0.3893364597824728, 0.15868568589859972, 0.39032099821448163, -0.28484294396795967, 0.7151519064386805, 0.40200975277694173, 0.43915731517497253, 0.0010109435257663751], [-0.03073948324132348, -0.7184573895374009, -0.37885495268879976, -0.608162836946624, 0.1899020066813627, -0.16632475301970476, 0.4897320276680829, 0.6832677737923482, 0.031376948332054615, 0.46898071077073367, -0.047000205302405736, -0.013621437328826681, 0.484431727404691, 0.01483083642023815]], "inverted": false, "swapped": false, "error_lsq": 0.047583851100324204, "error_max": 0.3198412598210614, "target": "969.xyz", "model": "8.xyz", "model_rescale": 4.121658175737393, "target_rescale": 3.960537976710212},
{"mapping": [2, 10, 3, 1, 8, 4, 12, 6, 11, 7, 0, 5, 13], "R": [[-0.9995128800117296, -0.025365546448121147, -0.018182182048540874], [-0.03081008657403693, 0.7091302352242365, 0.7044040375069691], [-0.0049740582986554155, 0.7046211028235014, -0.7095663183944362]], "T": [-0.054436575739053555, -0.011524010705280384, -0.024160221438339034], "aligned_model": [[-0.5509077594311532, -0.04769988752285212, 0.40157231044051567, 0.06897868651332711, -0.6905612805014129, -0.6465815219867929, 0.20304488326869316, 0.13561882361192307, 0.6036077678987649, -0.1763949953809977, -0.30581571519518813, 0.4352323109625986, 0.04664387375777128], [0.2466473583893238, -0.4156844248399976, 0.16087042519772937, 0.6699648168703931, -0.35868807991130575, -0.002817333857454328, -0.7189514826574662, 0.018918498598426793, -0.28386861211444353, -0.5486930143505483, 0.494581487149713, 0.5228489466223301, 0.005258854315009238], [-0.3016599617019314, -0.4937494597040487, -0.6635807777425252, -0.42579729302664576, -0.30679138321560445, 0.2858390614252087, -0.06703356023222054, 0.7134893049121566, -0.30884159135570316, 0.520709378888483, 0.3340247027299467, 0.21364361462613463, -0.07917660164416146]], "inverted": true, "swapped": true, "error_lsq": 0.04967538352131547, "error_max": 0.2982061361946584, "target": "969.xyz", "model": "9.xyz", "model_rescale": 3.833441315466971, "target_rescale": 3.960537976710212},
{"mapping": [1, 4, 5, 3, 0, 6, 12, 10, 13, 11, 2, 7, 8, 14], "R": [[0.24777672706361642, 0.8967029015166353, -0.3667841326138441], [-0.33873181373912853, 0.4348782461934425, 0.8343510468314381], [0.9076714448998839, -0.08249131711497543, 0.41149450872884563]], "T": [0.09480460149261527, -0.017906720181411317, 0.054711425150579515], "aligned_model": [[-0.2904818048009301, 0.2225682881783142, -0.40665181599014943, 0.47916366174721464, -0.5223142628558474, 0.3294939430499245, 0.22423035583520057, -0.1348046259355277, -0.6204461790724579, 0.5562597399294182, -0.15586700521080699, 0.7232143916667471, 0.16392586367893652, 0.13244922713345791], [-0.6397923588502719, -0.17016631436110852, 0.007917437660126501, 0.45824614570358224, -0.22239157903162832, -0.5587181053012855, -0.5368799059679734, 0.06963606189703847, 0.3334939324370965, 0.005234312582020478, 0.5850779050088741, 0.20333611068944735, 0.5762888200532703, 0.06200657145444946], [-0.04737466820524365, -0.7175618661362237, -0.39839979265818026, -0.5616232330160216, 0.2576232569148634, -0.28244362334941775, 0.33208457428036137, 0.8391666549155972, 0.029802718741066422, 0.5565687045204055, -0.2456609142957995, 0.06287978994217047, 0.5544246163470148, 0.01987475500383322]], "inverted": false, "swapped": false, "error_lsq": 0.03762200106108319, "error_max": 0.24864763524090788, "target": "969.xyz", "model": "10.xyz", "model_rescale": 4.2482417240324, "target_rescale": 3.960537976710212},
{"mapping": [11, 12, 7, 8, 5, 0, 6, 2, 10, 1, 3, 13], "R": [[-0.9956947935627591, 0.05067469285553028, 0.07761413257914174], [-0.08443894491132364, -0.8412712695590054, -0.5339781976793082], [0.038235358691626954, -0.5382329667705031, 0.8419283406722603]], "T": [0.053957175118553635, 0.07874576619435147, 0.006779920675438707], "aligned_model": [[-0.5702326304402394, -0.11641480307330582, 0.24800593208210023, 0.7233511765490157, -0.49342906730670394, 0.24723434851579126, -0.12773556368097627, 0.5113996074260885, 0.08952084095745821, -0.15697676900605842, -0.4287625050030156, -0.04919496465714765], [-0.32219525980151, -0.6464108151575801, -0.3119750049891408, -0.2449337573921398, 0.5913763979674432, 0.6752021034481547, 0.24379909965049218, 0.32727854922788213, -0.4143509388126063, 0.6398789035836308, 0.05684857346280592, 0.0716135388632076], [-0.1878243002405857, 0.12386866716170786, 0.647084250541949, -0.22169577042536162, 0.14627500139568864, 0.24026323615547424, 0.7285276402442767, -0.33835784136365304, -0.36671163371370424, -0.5238867917543311, -0.6358901478692313, -0.04646002027787285]], "inverted": false, "swapped": true, "error_lsq": 0.043346678494500614, "error_max": 0.23448639550924977, "target": "969.xyz", "model": "11.xyz", "model_rescale": 3.6694154284099745, "target_rescale": 3.960537976710212},
{"mapping": [0, 5, 6, 7, 4, 12, 1, 3, 11, 2, 9, 10, 8, 13], "R": [[-0.8180871924605152, 0.5660882815865225, 0.10137752700914746], [0.2760160340913487, 0.23184196152569203, 0.9327724555326466], [0.5045279917472921, 0.791071022302257, -0.3459163818281908]], "T": [0.05806834721651762, 0.012523330732201203, -0.04325614603760256], "aligned_model": [[-0.20667101347838165, 0.11570810019271704, -0.3752500508686875, 0.29234981700305285, -0.5403831285385083, 0.614861420713954, 0.15593821262308882, -0.16846941254443173, -0.4822620765044023, 0.43684639048745416, 0.15218126626935066, 0.6274985028422445, 0.06349979477790635, 0.014891954378136944], [-0.6408130065023468, -0.29565923236218694, -0.01641929133005742, 0.3935515053903869, -0.21601402240922937, -0.36160018374378017, -0.5985954531187297, -0.06997874555121923, 0.5110823253740479, -0.031440452143605954, 0.8096729648522596, 0.29253946352944954, 0.49662052139796814, -0.09965735940931847], [-0.16074046743096676, -0.7823582764350855, -0.4055437720513861, -0.6366321158079128, 0.3272909618124424, -0.15179908449012286, 0.5341768072750922, 0.7832563774094026, 0.023904936222563504, 0.4867513568559004, -0.06278781723340346, -0.07273580929512305, 0.538309207708638, -0.02173133153561255]], "inverted": false, "swapped": false, "error_lsq": 0.04075818491581673, "error_max": 0.2505063637262864, "target": "969.xyz", "model": "12.xyz", "model_rescale": 3.9764082729961374, "target_rescale": 3.960537976710212},
{"mapping": [9, 6, 4, 14, 0, 13, 1, 2, 7, 10, 3, 11, 8, 15], "R": [[0.06275173576248141, -0.3520881441938283, 0.9338608881289236], [-0.6883380096491845, 0.6622735928250528, 0.29594673966576424], [-0.7226707439290696, -0.6613831166311569, -0.2007968348960279]], "T": [0.05027256255161783, -0.13692638451063485, -0.02735609726090118], "aligned_model": [[-0.23313977808093456, 0.1213584894113231, -0.5279046392734716, 0.4658047553614538, -0.6402844998743471, 0.5639770942212107, 0.14780880703623628, -0.31558408549693073, -0.5409143691199696, 0.6558281715755763, 0.08618462994456758, 0.6857689980119193, 0.2240055137608159, 0.007830689876044308], [-0.6367419963951714, -0.16590237349869158, -0.019847114856353654, 0.32004876899349566, -0.25796208078003213, -0.2724873415427025, -0.348096572808838, 0.03717418215264151, 0.3172850913670545, -0.12883238936497693, 0.7033891110545084, 0.3338968660846614, 0.3470540039679052, -0.0556891203998634], [0.14973406568240474, -0.7874652925505596, -0.4370722059095091, -0.5346181058852363, 0.16129500203212035, -0.3310194425259712, 0.5635892562591462, 0.6597373604814397, 0.09602804241975338, 0.5012115810741161, -0.05935045054836884, 0.04345665558447529, 0.45765182213923883, -0.08381731524862335]], "inverted": false, "swapped": false, "error_lsq": 0.044386295080780305, "error_max": 0.2985929257100102, "target": "969.xyz", "model": "13.xyz", "model_rescale": 4.170626492500431, "target_rescale": 3.960537976710212},
{"mapping": [0, 8, 7, 12, 1, 4, 2, 3, 9, 6, 11, 5, 11, 13], "R": [[0.18438547622251233, -0.9610871870292759, 0.20570224861763586], [0.3357604691338677, -0.13510522235078037, -0.9322078557170346], [0.9237244738152188, 0.24095227291250124, 0.2977836440322018]], "T": [0.018869210977242555, -0.08165223413701063, -0.0017545539784670043], "aligned_model": [[-0.2994551201385637, 0.09283843038338843, -0.5600552487451999, 0.4466740223124522, -0.7247771897463441, 0.5609690083147547, 0.20934105425380015, -0.13486900700288443, -0.5363318305105906, 0.5990014429872934, 0.10818132324039026, 0.7579301797602671, 0.10818132324039026, 0.07311138900434001], [-0.5851446945794535, -0.23436114104179617, -0.2546916282473617, 0.2627978469943271, -0.15999929069884794, -0.4387054406549557, -0.6105185250114439, 0.005941670473446195, 0.5024583240024653, 0.1182926245130498, 0.5635491216405744, 0.44554374354843995, 0.5635491216405744, -0.00542269860538043], [-0.033744693477572224, -0.7247793371894677, -0.5424334243902937, -0.4855347790737405, 0.17619554946150703, -0.2875935786670191, 0.34022949613483033, 0.6647028509899772, 0.08114959467945061, 0.5735348635432979, 0.2728327877490911, 0.05368111946387771, 0.2728327877490911, 0.03828773603139635]], "inverted": true, "swapped": false, "error_lsq": 0.04905308544003163, "error_max": 0.34586469007618037, "target": "969.xyz", "model": "14.xyz", "model_rescale": 3.9786697098870705, "target_rescale": 3.960537976710212},
{"mapping": [2, 3, 8, 4, 10, 12, 5, 9, 7, 0, 11, 13], "R": [[0.6977799496426264, -0.029895701128313634, -0.7156880528070735], [-0.44646567437276835, -0.7994658963698112, -0.4018988456670204], [-0.5601531428846962, 0.5999671054280067, -0.5711986772750234]], "T": [0.020007781301819096, -0.09473088078958981, -0.031233831509675635], "aligned_model": [[0.08413985052525971, -0.6950491248249557, 0.5081535368626334, 0.5698980418790305, 0.009461214533033568, 0.21009944368293282, -0.49204721547234226, 0.04341664646856039, 0.6604594794384588, 0.08822111122192375, -0.41853420590967577, -0.08486418163752232], [-0.4693073799937507, 0.15360643578971134, -0.027840902252787694, -0.46812753122498396, 0.3760198429855053, 0.6307022154399126, -0.3752046375999876, 0.3066996143118218, 0.1463551395313063, -0.7359158056202408, 0.5233775217830778, -0.04569002292514497], [-0.5269370913781711, -0.302425261728257, -0.6331452507929115, -0.10199145816814188, -0.4339590505005573, 0.04750901434196879, 0.45969884472296846, 0.6055308216791706, 0.332093058657909, 0.14725852240309423, 0.08649615876522695, -0.020161814128469145]], "inverted": true, "swapped": true, "error_lsq": 0.05239044113235228, "error_max": 0.2824913995259554, "target": "969.xyz", "model": "15.xyz", "model_rescale": 3.769337070930944, "target_rescale": 3.960537976710212},
{"mapping": [2, 10, 0, 4, 1, 3, 5, 11, 6, 7, 13], "R": [[-0.884089181720665, 0.2657532836912878, 0.38439759490894737], [0.2512597806684008, 0.9638663728937548, -0.08848806599256558], [-0.39402390965898554, 0.0183523135308714, -0.9189169446718851]], "T": [-0.09510930638270523, 0.00865068579981823, 0.00834175383745301], "aligned_model": [[-0.3789066721731298, -0.247773312622697, -0.09663892565639215, -0.6311392852917351, 0.3763466072567867, 0.43730813903433796, 0.571534094932809, 0.3679447771629243, 0.02520908268733668, -0.5067080508632011, 0.005449676224131367], [0.09749996222958944, -0.588945054454493, 0.6532924794279829, 0.40584218285315143, 0.09539400985561347, -0.48415099217822277, 0.3784360872323512, -0.5495673035381247, 0.521630494951624, 0.11613110580811152, -0.04949847456224131], [-0.5409369178324929, -0.05063373637073013, -0.17072612375911206, -0.03315252701788048, -0.6328880049599875, -0.3383580639113024, 0.035287494568293616, 0.2577631133472031, 0.5592953141076841, 0.6559077418387079, 0.0026593172133939427]], "inverted": true, "swapped": true, "error_lsq": 0.03528918419289862, "error_max": 0.17666010148237182, "target": "969.xyz", "model": "16.xyz", "model_rescale": 3.7852294659196426, "target_rescale": 3.960537976710212},
{"mapping": [2, 7, 6, 4, 10, 12, 11, 9, 0, 1, 3, 5, 13], "R": [[0.044236050262948884, -0.9134572800001436, -0.40452313836401665], [0.7427919641643389, 0.3008487126053643, -0.5981221865944941], [0.6680593310702408, -0.2740179733857516, 0.6918170859638755]], "T": [-0.022401765204090207, 0.013057089741395522, -0.08686145515719995], "aligned_model": [[0.11293342951659574, -0.3314018869793988, 0.27184739597030017, 0.08824058012012442, -0.5673853252831783, -0.6949627442405069, -0.36936443193008417, -0.1634110792994903, 0.5747049221523991, 0.47253222840220166, -0.08329226716114713, 0.5682979518889151, -0.02497292294044742], [-0.1187517406870926, -0.5458433770439448, -0.30613715859832025, -0.6187738214974903, 0.22183827694907104, 0.06718994214845059, 0.6167167838857784, 0.05675379954594156, -0.28253975909891516, 0.5157299283099475, 0.7944917395775943, 0.34792338777731824, 0.12645762243453618], [-0.6822210231446191, 0.35183715314819963, 0.5398020014886202, -0.2749012647417154, -0.2949681852942009, 0.2497686337424797, 0.23477390367694245, 0.6516306651846984, -0.14782696576800697, -0.46545232361506733, -0.26623488807355566, 0.26072903268680175, -0.061182042147402776]], "inverted": false, "swapped": true, "error_lsq": 0.04028641593027903, "error_max": 0.22788727483919222, "target": "969.xyz", "model": "17.xyz", "model_rescale": 3.901054581598922, "target_rescale": 3.960537976710212},
{"mapping": [1, 6, 7, 11, 0, 4, 8, 2, 3, 5, 12, 9, 13, 14], "R": [[-0.37384564128089626, -0.11359736737725235, 0.9205080524472523], [0.40523284199706067, 0.8727262604615412, 0.2722778324943101], [-0.8342815953035646, 0.4748099750697871, -0.2802315244792552]], "T": [0.13408471546494735, -0.0419986970356016, 0.02123161991139369], "aligned_model": [[-0.2485991395108885, 0.0873698072831109, -0.3528420685042569, 0.39480811713988484, -0.5912222944709173, 0.49035327535077167, 0.24135037892800382, -0.1529784323850301, -0.4555711506006681, 0.4911363615834585, -0.09489380968480843, 0.6065638716023388, 0.14178681994175202, 0.14347804068074255], [-0.562275445863454, -0.1945790952032612, 0.04798387209601492, 0.35988943845861443, -0.21442987158478052, -0.734448156833007, -0.5381771531766447, -0.007316705254928051, 0.3846320728609105, 0.06398263165901982, 0.61721605319377, 0.4129032630351574, 0.5289180988214326, 0.00899003176479378], [-0.24059030660697386, -0.7124322572958065, -0.4197700446014808, -0.6169221415714544, 0.1615945419420051, -0.11718958067930513, 0.448688365376001, 0.7959122060762308, 0.2529599852547274, 0.522597880211989, -0.23367983957499525, 0.08461359742688285, 0.47011566740645083, 0.0034628996401550524]], "inverted": false, "swapped": false, "error_lsq": 0.037825142114717485, "error_max": 0.29599902331668176, "target": "969.xyz", "model": "18.xyz", "model_rescale": 3.9405287249114394, "target_rescale": 3.960537976710212},
{"mapping": [13, 4, 12, 0, 14, 7, 11, 10, 3, 5, 1, 6, 2, 15], "R": [[0.06809034221696769, -0.4587569008970054, 0.8859491019105734], [-0.11030011441933704, 0.8791048852946732, 0.46369007473755675], [-0.9915632052753156, -0.12929310318193665, 0.009257613824722274]], "T": [0.06918303890492611, -0.06509632535374704, -0.05870002157214293], "aligned_model": [[-0.18271715281167872, 0.15823560743935852, -0.3724375500798029, 0.40413276615792887, -0.6088002210668753, 0.48690979551834185, 0.02329262671172755, -0.25713941707181515, -0.5949960202050855, 0.7124626590452476, 0.002597893272390045, 0.5772916277550093, 0.2811051891311469, 0.07080197355760076], [-0.687126127453273, -0.15448498085990228, -0.005484957924265205, 0.3217685261301522, -0.29599456850122163, -0.5470831360539361, -0.46212094307128126, 0.10228922220166561, 0.44815177811425805, -0.013870997342269986, 0.5859881412626775, 0.47018377746764234, 0.4576934448575601, -0.04662014485416867], [-0.027795910435765757, -0.7789391047384903, -0.3773798020216738, -0.5178498063433338, 0.2358567006149499, -0.35672455086736565, 0.5408654251430597, 0.6365695449568464, 0.08576850995012661, 0.4655422304842015, -0.14340456508273958, 0.05785180832563353, 0.6024392537843817, -0.023438760765404756]], "inverted": true, "swapped": false, "error_lsq": 0.035720365681179866, "error_max": 0.21257261105570305, "target": "969.xyz", "model": "19.xyz", "model_rescale": 4.410303926677745, "target_rescale": 3.960537976710212},
{"mapping": [10, 3, 6, 0, 11, 5, 9, 12, 4, 8, 2, 1, 7, 13], "R": [[0.11575777365829094, -0.9811017950013063, -0.1550464629809095], [0.5721555090453432, 0.19345975415447386, -0.7970015037573988], [0.8119348565659318, 0.0035484317247443387, 0.5837372673776744]], "T": [0.044798241324831616, 0.056508983707787445, -0.024801060535545212], "aligned_model": [[0.039522983633589324, 0.11538532085000949, -0.4134221726959342, 0.20318529462347554, -0.6865619440863793, 0.6086753819426806, -0.056859362676171456, -0.1978401411943357, -0.572054225075763, 0.5251273006216494, -0.020817504210967, 0.710849384834077, 0.362784698699523, 0.08276476208803998], [-0.7651180118317276, -0.14304315770438145, 0.022074744870431103, 0.44090715187801455, -0.2692949398668243, -0.5443939516508844, -0.3893364597824728, 0.15868568589859972, 0.39032099821448163, -0.28484294396795967, 0.7151519064386805, 0.40200975277694173, 0.43915731517497253, 0.0010109435257663751], [-0.03073948324132348, -0.7184573895374009, -0.37885495268879976, -0.608162836946624, 0.1899020066813627, -0.16632475301970476, 0.4897320276680829, 0.6832677737923482, 0.031376948332054615, 0.46898071077073367, -0.047000205302405736, -0.013621437328826681, 0.484431727404691, 0.01483083642023815]], "inverted": false, "swapped": false, "error_lsq": 0.047583851100324204, "error_max": 0.3198412598210614, "target": "969.xyz", "model": "20.xyz", "model_rescale": 4.121658175737393, "target_rescale": 3.960537976710212},
{"mapping": [1, 5, 0, 2, 4, 3, 6, 10, 9, 12, 7, 8, 13], "R": [[0.9336106007896787, -0.09030186961211845, 0.34672297073844316], [0.3207933828930511, 0.6416696473526814, -0.696671851848715], [-0.15957083563473512, 0.7616466608676503, 0.6280378272078767]], "T": [0.08381949311031761, -0.06702680502945207, 0.03313515735100307], "aligned_model": [[0.1975908155362324, -0.3689023584121071, 0.2834693725119489, 0.6754095771448161, 0.5426467765947852, -0.11646502922924984, -0.3215244669814779, 0.1638927191272978, -0.5945744616417972, -0.25113698798465695, -0.054479725977634536, 0.7162338217771884, 0.00892285219894881], [-0.5176122088852368, -0.025470329360019972, 0.32984554299870184, -0.18002114829569638, 0.41748710352427404, -0.8269176888806808, 0.5669456714955103, -0.4944858343144929, 0.18252022048957894, -0.1587691052446038, 0.5118425701934635, -0.11198739718558748, -0.15255049237202736], [0.685055065289776, 0.6456681973233088, 0.5333980398835091, 0.19865146701583092, -0.006041306407736785, 0.20335427607863754, 0.15540452369508373, -0.408194801721075, -0.17822133090251713, -0.6361749046594664, -0.46294028891479927, -0.4175183310567229, 0.05766913385796043]], "inverted": true, "swapped": true, "error_lsq": 0.05649755179955064, "error_max": 0.31221384100175964, "target": "969.xyz", "model": "21.xyz", "model_rescale": 4.08911054899281, "target_rescale": 3.960537976710212},
{"mapping": [3, 7, 12, 6, 14, 0, 2, 15, 9, 1, 5, 8, 11, 16], "R": [[0.7616688270564524, 0.3942647404666346, 0.514213877987774], [0.3998677285392368, -0.9104489962591334, 0.10577535102096189], [0.509869000394532, 0.1250517478307028, -0.8511143652889235]], "T": [0.044559461206623144, -0.009176867385690053, -0.013785151590723181], "aligned_model": [[-0.44146158285494275, 0.0844962507138703, -0.5671314373136288, 0.5679048396457915, -0.5476684508427391, 0.6441668859896508, 0.1696173458002409, -0.14417729415390246, -0.5181044876320561, 0.6687764725020154, -0.04689615726971584, 0.5592176911675739, 0.2127564329901162, 0.05924326861121973], [-0.7257482419830763, -0.10510758520085332, -0.0909095135785857, 0.23123105191959534, -0.17199012505682393, -0.3926833965886219, -0.5036695985782341, -0.017653376933492754, 0.42652531361570534, -0.05689135397392668, 0.6868782544478073, 0.4441852508551649, 0.4958107727019327, -0.0466884176729529], [0.05394839350618808, -0.7173464767307247, -0.41890676943884386, -0.48694239369215786, 0.17217325575680573, -0.31951882062810777, 0.4971857807253532, 0.6903551780709434, -0.04725904754577955, 0.4741439742514511, -0.08358623443786264, 0.08795822233455663, 0.5362969261940779, -0.039141015361473554]], "inverted": true, "swapped": false, "error_lsq": 0.038862163741880326, "error_max": 0.28399141533486066, "target": "969.xyz", "model": "22.xyz", "model_rescale": 4.204369325754507, "target_rescale": 3.960537976710212},
{"mapping": [13, 4, 12, 0, 14, 7, 11, 10, 3, 5, 1, 6, 2, 15], "R": [[0.06809034221696769, -0.4587569008970054, 0.8859491019105734], [-0.11030011441933704, 0.8791048852946732, 0.46369007473755675], [-0.9915632052753156, -0.12929310318193665, 0.009257613824722274]], "T": [0.06918303890492611, -0.06509632535374704, -0.05870002157214293], "aligned_model": [[-0.18271715281167872, 0.15823560743935852, -0.3724375500798029, 0.40413276615792887, -0.6088002210668753, 0.48690979551834185, 0.02329262671172755, -0.25713941707181515, -0.5949960202050855, 0.7124626590452476, 0.002597893272390045, 0.5772916277550093, 0.2811051891311469, 0.07080197355760076], [-0.687126127453273, -0.15448498085990228, -0.005484957924265205, 0.3217685261301522, -0.29599456850122163, -0.5470831360539361, -0.46212094307128126, 0.10228922220166561, 0.44815177811425805, -0.013870997342269986, 0.5859881412626775, 0.47018377746764234, 0.4576934448575601, -0.04662014485416867], [-0.027795910435765757, -0.7789391047384903, -0.3773798020216738, -0.5178498063433338, 0.2358567006149499, -0.35672455086736565, 0.5408654251430597, 0.6365695449568464, 0.08576850995012661, 0.4655422304842015, -0.14340456508273958, 0.05785180832563353, 0.6024392537843817, -0.023438760765404756]], "inverted": true, "swapped": false, "error_lsq": 0.035720365681179866, "error_max": 0.21257261105570305, "target": "969.xyz", "model": "23.xyz", "model_rescale": 4.410303926677745, "target_rescale": 3.960537976710212},
{"mapping": [11, 14, 9, 6, 10, 7, 1, 3, 8, 0, 5, 12, 2, 16], "R": [[0.38240067447720527, -0.7510305584417868, 0.5382590681502695], [0.9192813481641245, 0.2504558497134214, -0.30363410589371775], [0.09322835983180136, 0.610921408718786, 0.786182870133995]], "T": [0.033803373455405156, -0.007571415075507909, -0.09681653573299648], "aligned_model": [[-0.14740980498760597, -0.016195192751864346, -0.5105298914536108, 0.4112959530720304, -0.5303218388384863, 0.5086173484652228, 0.0691804160757459, -0.09014785634100117, -0.7077807212135335, 0.552022399905884, 0.17132941596088275, 0.7646463075624489, 0.19579384081879128, 0.03023940107859012], [-0.5876774470735222, -0.14563403194752472, -0.07854956779674621, 0.3744354115637636, -0.19876668435010594, -0.457502400132561, -0.6246841669706885, 0.04451049993245836, 0.3338148693234732, 0.09938188246818236, 0.605256087149677, 0.32471582871286986, 0.5039336267896489, -0.0199448736952869], [-0.2739048250376902, -0.7575652377478421, -0.3986167712831955, -0.6348390505919721, 0.16584495770865865, 0.02169377817791962, 0.4983772695725804, 0.7926633973712431, -0.0008212097386415818, 0.44206735144068415, -0.06318509839893502, -0.0564478837239443, 0.6414352043992537, 0.02265909085630738]], "inverted": true, "swapped": false, "error_lsq": 0.040410065097785906, "error_max": 0.23339347858311035, "target": "969.xyz", "model": "24.xyz", "model_rescale": 4.28219845311461, "target_rescale": 3.960537976710212},
{"mapping": [2, 6, 14, 8, 13, 0, 4, 7, 12, 3, 11, 5, 9, 15], "R": [[0.5847627922429537, 0.5509091731909274, 0.5954423227335399], [0.3013255049238488, 0.5339895072758856, -0.7899735098100724], [-0.7531636056598936, 0.6413690739452176, 0.14625421052414955]], "T": [0.05882355908149707, 0.03276689210474531, 0.04470933671584139], "aligned_model": [[-0.28912728864219955, 0.20065934596662377, -0.4755733798300924, 0.5077049056909957, -0.4579260595657386, 0.3750252823833926, 0.2490006650364085, -0.09793088472725912, -0.5847345589438854, 0.6146038740830727, -0.10694744483299314, 0.6294125406457153, 0.05165428172401966, 0.08491849836543361], [-0.5055773787665663, -0.30304534849844333, 0.07873510556588664, 0.22301817841108457, -0.1172145821051215, -0.6673304524823471, -0.568967472783873, -0.07296304418306296, 0.4431712855602877, -0.0011156860014665052, 0.5205699352406182, 0.6594987577058214, 0.5180023208110561, -0.03349258450023664], [-0.19590587056814596, -0.7794932376436207, -0.49607847742917327, -0.4495133273270477, 0.2964867105181273, -0.2299438087582631, 0.41402897538730093, 0.7995571562589652, 0.08738348332758092, 0.5832309771514419, -0.13148724843029047, -0.038453537644322106, 0.5152078638859526, 0.02434131427592]], "inverted": true, "swapped": false, "error_lsq": 0.04168645389011401, "error_max": 0.25299683424824104, "target": "969.xyz", "model": "25.xyz", "model_rescale": 4.100010024507729, "target_rescale": 3.960537976710212},
{"mapping": [11, 12, 7, 8, 5, 0, 6, 2, 10, 1, 3, 13], "R": [[-0.9956947935627591, 0.05067469285553028, 0.07761413257914174], [-0.08443894491132364, -0.8412712695590054, -0.5339781976793082], [0.038235358691626954, -0.5382329667705031, 0.8419283406722603]], "T": [0.053957175118553635, 0.07874576619435147, 0.006779920675438707], "aligned_model": [[-0.5702326304402394, -0.11641480307330582, 0.24800593208210023, 0.7233511765490157, -0.49342906730670394, 0.24723434851579126, -0.12773556368097627, 0.5113996074260885, 0.08952084095745821, -0.15697676900605842, -0.4287625050030156, -0.04919496465714765], [-0.32219525980151, -0.6464108151575801, -0.3119750049891408, -0.2449337573921398, 0.5913763979674432, 0.6752021034481547, 0.24379909965049218, 0.32727854922788213, -0.4143509388126063, 0.6398789035836308, 0.05684857346280592, 0.0716135388632076], [-0.1878243002405857, 0.12386866716170786, 0.647084250541949, -0.22169577042536162, 0.14627500139568864, 0.24026323615547424, 0.7285276402442767, -0.33835784136365304, -0.36671163371370424, -0.5238867917543311, -0.6358901478692313, -0.04646002027787285]], "inverted": false, "swapped": true, "error_lsq": 0.043346678494500614, "error_max": 0.23448639550924977, "target": "969.xyz", "model": "26.xyz", "model_rescale": 3.6694154284099745, "target_rescale": 3.960537976710212},
{"mapping": [8, 10, 9, 11, 7, 4, 5, 1, 3, 0, 12, 2, 6, 13], "R": [[0.8309623016560636, 0.5039644335909207, -0.2356300127357285], [-0.553976146018848, 0.7884749915068606, -0.26724074803510106], [0.05110854007464131, 0.35260039342524657, 0.934377268392056]], "T": [0.0281565586552913, -0.050898855753362025, 0.0033732467084115272], "aligned_model": [[-0.1336409592857837, 0.23941369404930996, -0.42707766468574015, 0.29150135579556097, -0.5407078792750308, 0.6307149875236067, -0.030301420824929086, 0.023607206344390154, -0.6274227341898362, 0.5187064157957645, -0.04312401129839518, 0.6198924402469247, 0.100313126462383, 0.07886522069526905], [-0.6112090885170172, -0.20602158828478165, 0.07418637225802069, 0.4845014195356235, -0.18705209745307536, -0.5805762331127333, -0.5570534073742713, 0.08182271447394027, 0.3966776039709671, -0.20421001088475368, 0.7158721913574236, 0.2821263517358968, 0.5086815424398672, -0.024456736171468672], [-0.2578377765629953, -0.5381044356476904, -0.4885403870757935, -0.6132072689461303, 0.2357179706668474, -0.1752206664083902, 0.6086572579210626, 0.8763056277584559, 0.15411250445788086, 0.41905325645735436, -0.18823587368296366, -0.029375857355536848, 0.3943382572715043, 0.0016983641508211897]], "inverted": true, "swapped": false, "error_lsq": 0.046676215680479964, "error_max": 0.24828531269333415, "target": "969.xyz", "model": "27.xyz", "model_rescale": 4.103607728864725, "target_rescale": 3.960537976710212},
