[{"mapping": [2, 1, 12, 8, 11, 3, 5, 0, 7, 9, 6, 13], "R": [[-0.7745934756851789, 0.3879775155494431, -0.4994781224979093], [-0.33305083254229156, -0.9215916800133945, -0.19936378375466252], [-0.5376635475544546, 0.011925718350316986, 0.8430751371455502]], "T": [-0.05456679243049832, -0.036094800630744134, -0.09556863761249276], "aligned_model": [[-0.30895967089933296, 0.29887576601600657, 0.4728911182122484, -0.3387660059667443, -0.0881568289071099, -0.6476620598129236, 0.29188589658891817, -0.28807163394188584, 0.5638910492606697, 0.24308975011167283, -0.3284196867823744, -0.03295523141859593], [-0.27411500995222793, -0.7075849811067461, -0.16267429750135234, 0.6661033957977297, 0.3810150766289967, -0.6445137928237433, -0.2592250438023733, -0.4721481482227927, -0.07279870029915814, 0.4570231762613578, 0.1943352812601172, -0.05186192026275032], [-0.43007840593124447, 0.0048316890612315755, -0.5987257602247509, -0.07560798956446098, -0.7111682477244136, -0.00847000490037328, 0.6580450680671256, 0.44869337922406605, 0.08724353251043576, 0.2954075496735342, 0.5100508019018551, 0.0017301332605569875]], "inverted": true, "swapped": true, "error_lsq": 0.05172195439118671, "error_max": 0.27536314237699544, "target": "97.xyz", "model": "0.xyz", "model_rescale": 3.751011558992144, "target_rescale": 4.018611268662764},
{"mapping": [4, 6, 9, 10, 5, 1, 8, 7, 2, 0, 3, 13, 12, 14], "R": [[0.3606078042763067, -0.2540528573437304, -0.8974514790062509], [-0.7197912760472108, 0.5361242430196959, -0.440989019106923], [0.5931800151904554, 0.8050018271544757, 0.01046555572374585]], "T": [0.044419751596734, -0.03421265559618011, -0.08784878662800548], "aligned_model": [[-0.042570609723738315, 0.26148726199435085, -0.5522778697971424, -0.6012774322937637, -0.40750589875240856, 0.6120698247272736, 0.030531434145898817, 0.5444388086317682, 0.16920339103629756, 0.7517611322994553, 0.4181286458867498, -0.2217226523272447, 0.09026013194814056, 0.022371355576349526], [-0.2789990392755904, -0.7515364356617004, -0.040078830675675435, -0.4370530259664972, 0.3917907641841033, -0.24397513009842892, 0.33505133218238486, -0.36445791160173785, 0.7826367528785896, 0.23689947793087543, 0.33311780658228746, 0.43561079285070176, -0.20139588023800714, -0.050597150134503666], [-0.8349005072687509, -0.1331702578357504, 0.19162779190250506, -0.3932150107665753, -0.15395733288057697, -0.43347669088549245, -0.6390923572101297, 0.1960456255834062, -0.057448306520875986, -0.04697213437441297, 0.4678632641654448, 0.39788400660673656, 0.6345939675088257, -0.04042274931705751]], "inverted": false, "swapped": false, "error_lsq": 0.04249385338040989, "error_max": 0.21635697273026533, "target": "97.xyz", "model": "1.xyz", "model_rescale": 3.9405287249114394, "target_rescale": 4.018611268662764},
{"mapping": [1, 0, 2, 9, 6, 12, 7, 5, 8, 11, 10, 12, 13], "R": [[-0.5650535734844999, -0.24613517905609988, 0.7874845603079585], [0.05240291190383106, 0.9418302185658829, 0.33197857494142724], [-0.8233883615380997, 0.22885216413039036, -0.5192863305118292]], "T": [-0.09309095875731471, -0.03360568813046247, -0.1638254356068897], "aligned_model": [[-0.18756718991994542, 0.33142892408639374, -0.46422724916926467, 0.39613397399372985, 0.564662753691328, -0.6381633287133626, 0.042184592293821016, 0.558689912911831, 0.12188995759548907, -0.577665011446499, -0.008828252908627487, -0.6381633287133626, -0.0043924744175993236], [0.6879952489651137, 0.48733189032609325, 0.06449427798436988, -0.3527355775379367, -0.13718933938477482, 0.03841675570874811, 0.14772708006294819, 0.431971220538805, -0.7417714824903128, -0.5977423747444964, -0.6185004784075026, 0.03841675570874811, 0.010418616842214262], [0.07338177238052948, -0.4626482666433964, -0.4569131227404377, 0.21491222338485425, -0.3907589431716718, 0.3312606030338703, 0.441217141582805, 0.14628748894634205, -0.3267190843944057, -0.13205112987719927, 0.48829610080305363, 0.3312606030338703, -0.14440503674956912]], "inverted": true, "swapped": true, "error_lsq": 0.05464619800190245, "error_max": 0.4060788683813884, "target": "97.xyz", "model": "2.xyz", "model_rescale": 3.932901565614263, "target_rescale": 4.018611268662764},
{"mapping": [9, 11, 3, 8, 7, 12, 5, 10, 4, 6, 2, 0, 1, 13], "R": [[0.7478595106780561, -0.662797052907133, 0.03749958594435071], [-0.5667163701174436, -0.6668268481140697, -0.4839158092841813], [0.3457437029495796, 0.3406494111133538, -0.8743107402856483]], "T": [-0.009493773314640172, -0.028770130004017937, -0.024821168156782904], "aligned_model": [[-0.07153303839592343, -0.059685763212666526, -0.45148635776916707, -0.5311205057601399, -0.4338847944380411, 0.5604306861803409, 0.32322215274662963, 0.5592857869495147, 0.05271528355164118, 0.6397374462487405, 0.39911984166187525, -0.23379492701950377, 0.23421499955444341, 0.08767671305424236], [-0.10269739962006333, -0.9193661487499787, -0.15611129779781213, -0.44091792140744557, 0.3703664708539032, -0.18601193263785942, 0.33767895059865993, -0.461953764323206, 0.8408147365069909, 0.18193874226821946, 0.5115531002230234, 0.34672552253927214, -0.1408282071945058, -0.03417732830239671], [-0.7531609431135925, 0.0202143057648835, 0.1967916932780618, -0.33599069682470484, -0.43752539928673373, -0.5081336303728411, -0.5461798446217581, 0.019756753339927817, 0.031557885725080524, -0.05297885577075067, 0.46024127494836975, 0.4827636390535617, 0.6656986666598351, -0.08769554007204339]], "inverted": false, "swapped": false, "error_lsq": 0.047037374696603185, "error_max": 0.23876374681507634, "target": "97.xyz", "model": "3.xyz", "model_rescale": 3.9243930471874484, "target_rescale": 4.018611268662764},
{"mapping": [11, 12, 10, 8, 9, 2, 4, 7, 5, 1, 6, 3, 13], "R": [[0.7890916769160174, 0.6044377767441129, -0.10949565957836634], [0.5557652186722122, -0.7784217932940074, -0.29186389540189783], [-0.2616473717355015, 0.16945349146469577, -0.9501716513842794]], "T": [-0.06909816015735766, -0.09073518072061448, -0.0903714607081284], "aligned_model": [[-0.060620069553991324, -0.25654960151383804, 0.6205837669649104, 0.40991989085699454, 0.6194263172608739, -0.5113543838554945, -0.1550302686836907, 0.193890115780865, 0.2482742790612698, -0.44000399414910035, 0.33508721030822647, -0.7012573110565982, -0.025160065109075], [-0.6978779931890203, 0.014648357945899526, -0.21374652978738423, -0.6610511083085536, 0.009396091746506408, -0.2848203148057106, -0.5666309953801882, 0.3951082075125364, 0.6619129471444555, 0.5687744100685037, -0.05186356771091041, -0.031194066687859318, -0.0148258848666879], [-0.5209263903927855, -0.7982962967427008, -0.6229798205200241, 0.04938324244865136, -0.1134995334143297, -0.09292784276111643, 0.41771993763546467, -0.4251115637349308, 0.17523298010641253, -0.2060299760070669, 0.4840774229241961, 0.4809003675373974, -0.0404722117082033]], "inverted": false, "swapped": true, "error_lsq": 0.05013308820472768, "error_max": 0.30040913285966336, "target": "97.xyz", "model": "4.xyz", "model_rescale": 3.8936222436046832, "target_rescale": 4.018611268662764},
{"mapping": [5, 1, 6, 9, 4, 2, 12, 11, 10, 7, 8, 13], "R": [[0.8490820535555279, 0.40330670796551127, 0.3411793745816846], [-0.42662391910568664, 0.9043991610034356, -0.007361332976184534], [-0.31153121509221543, -0.13930490618174057, 0.9399693852125528]], "T": [-0.23853744987263142, -0.026146972852941496, -0.0019191686029567875], "aligned_model": [[-0.04341242415481966, -0.4698268681176889, -0.15661752703963125, 0.3817987665997446, -0.5844942247310749, -0.6362462584095243, -0.058286216712080896, -0.06074166190269681, 0.6133186483078406, 0.18031402354473586, 0.08119193363472571, -0.21945014880443278], [-0.5937349733645095, -0.7550354055555873, 0.17873923527144936, 0.018696412121075794, 0.5407200733760354, 0.062162195500256506, -0.3570807983494533, 0.42866574818167763, 0.08994801084032217, -0.517898951976082, 0.6483349740042351, -0.07459361493961267], [-0.6163459539473823, 0.03166338450484634, -0.6698855628671038, -0.31464778071551464, -0.2277369814216262, 0.257494277769236, 0.6347861028134341, 0.5598689291646272, 0.18603763572674217, -0.0009181741993856893, -0.13267524761375238, -0.08835590993860251]], "inverted": false, "swapped": true, "error_lsq": 0.044490089641416576, "error_max": 0.2882630042435031, "target": "97.xyz", "model": "5.xyz", "model_rescale": 3.6523030999806103, "target_rescale": 4.018611268662764},
{"mapping": [10, 8, 11, 12, 2, 9, 4, 7, 6, 0, 3, 1, 13], "R": [[0.11763183793835197, 0.6270402518596835, -0.77005407164107], [0.9929677472950654, -0.08468108370350313, 0.08272948020242676], [-0.013334299194510402, -0.7743704776207221, -0.6325919378670949]], "T": [0.11601863594283729, -0.004370286169951332, 0.014873844160016084], "aligned_model": [[0.13800109710308733, -0.3760983997509132, 0.33863096063753284, 0.8125408173911279, 0.3256173530114023, -0.2284104300969847, -0.34051691646710947, 0.3361321871429858, -0.564744069205009, -0.1908938259850136, 0.01827195297018913, 0.5462180758310524, 0.06633410208194665], [-0.6180789994453804, 0.03701253752337218, 0.19803063912776264, -0.18107590957346806, 0.42982619574942094, -0.5699793391250019, 0.5195262435010704, -0.6010845244866059, -0.11714776843981622, 0.05675702548767597, 0.6190490679102103, -0.16839829134439857, -0.06360997272165793], [0.6452253367345838, 0.5896418082948336, 0.695718494987749, 0.19103649619262977, -0.013550347188532496, 0.229541385160662, 0.11040257461025077, -0.0979964801659806, -0.12191692554122643, -0.6506758297257018, -0.5607264798487659, -0.5966195618808443, -0.04997073214786775]], "inverted": true, "swapped": true, "error_lsq": 0.05285973658288282, "error_max": 0.37097018232747864, "target": "97.xyz", "model": "6.xyz", "model_rescale": 4.08911054899281, "target_rescale": 4.018611268662764},
{"mapping": [8, 3, 1, 9, 11, 4, 10, 6, 12, 5, 7, 13, 2, 14], "R": [[-0.1314942635885439, 0.7260547834704265, -0.6749471905586528], [0.3392176503244413, 0.6727121032437751, 0.6575635420685224], [0.9314722992937963, -0.1424881663474143, -0.33474838027879983]], "T": [0.0765680414472666, 0.007975507172215866, -0.05542336867210533], "aligned_model": [[0.04521525009208002, 0.21788769588704493, -0.5355677849839524, -0.5074516149720879, -0.3763447372220119, 0.6205691308094977, 0.10266936145845625, 0.33148519045953845, 0.08501936123687505, 0.7341406655325456, 0.5815505331691276, -0.17881541263459683, 0.02735763119063246, -0.07281774667116307], [-0.21830781782681305, -0.7524697531270597, -0.1892829557614272, -0.4176764783204423, 0.3251461541217131, -0.24367514522479303, 0.4251605501007184, -0.3362988540514926, 0.7205413231269618, 0.3559920590595245, 0.2085223313648025, 0.49401464971583897, -0.18072552333758501, -0.043927016883145514], [-0.6980444332090576, -0.22336144542410952, 0.2971739762637579, -0.35923043914573216, -0.2524103189730506, -0.42634688319109654, -0.6424074055524961, 0.2007706550617398, -0.06885657892720932, -0.21969129995936676, 0.4959953641418053, 0.42876643465743564, 0.726951094036237, -0.10394941107156111]], "inverted": false, "swapped": false, "error_lsq": 0.04746583305106455, "error_max": 0.24712056360105372, "target": "97.xyz", "model": "7.xyz", "model_rescale": 3.964800864290218, "target_rescale": 4.018611268662764},
{"mapping": [2, 1, 3, 0, 6, 7, 4, 8, 11, 12, 9, 10, 5, 13], "R": [[0.8582395230243399, -0.13405617115589227, 0.4954330066658618], [-0.18372637352835022, 0.8210780812351756, 0.5404400097932089], [-0.47923850094611026, -0.5548510858691589, 0.6800520066294492]], "T": [0.026512271265317182, -0.010375487940545372, -0.10341762530712816], "aligned_model": [[0.04079559939515164, 0.1644111530480371, -0.6602732111863842, -0.4970218867155525, -0.3954400756030475, 0.6042616047750179, 0.01030031426817462, 0.5631816007076123, 0.10255720437434629, 0.6941559779485591, 0.48663425968193696, -0.037873330636740705, -0.06831378476432101, 0.0675220980591967], [-0.2026930806453237, -0.7452605815265835, -0.11679812450513585, -0.3982400445504384, 0.3599610180871675, -0.3580320879583579, 0.43500110414440735, -0.2355269745731503, 0.8147783076467854, 0.2918708243044667, 0.3373491375714714, 0.3031817126150454, -0.32125843328910303, -0.017319254364449733], [-0.7369937121568975, -0.16703907452443323, 0.10385663557113885, -0.4011296399719989, -0.24940705113654782, -0.33187716451454286, -0.6479084504703797, 0.39892729634568, -0.0816988253875857, -0.2866496774953886, 0.27239092618774924, 0.6533322602261848, 0.6669268017887326, -0.037371015754415704]], "inverted": false, "swapped": false, "error_lsq": 0.04914552631131738, "error_max": 0.2546992665723038, "target": "97.xyz", "model": "8.xyz", "model_rescale": 4.121658175737393, "target_rescale": 4.018611268662764},
{"mapping": [1, 7, 5, 0, 12, 2, 10, 8, 9, 11, 3, 6, 13], "R": [[0.5952195643529178, 0.6288304225984793, -0.500285888094139], [-0.42095616093853994, -0.2863093906569138, -0.8607106618309972], [-0.6844775969886885, 0.7229102519927944, 0.09429308980145792]], "T": [-0.11794081829789124, -0.005703536764472945, 0.054583319769024204], "aligned_model": [[-0.5110960155062569, -0.028872532326576425, 0.2727915095749244, -0.006280966480261357, -0.5905377051144653, -0.5166129804483954, 0.280485391153947, 0.38214586035015363, 0.4937384651979023, -0.2860676061601841, -0.4470526108413344, 0.49198968348446115, -0.057892996448717496], [0.20338359001241105, -0.29151046008714326, 0.2781777901086711, 0.6695129410481946, -0.5259420040991412, 0.12720389957086523, -0.787092699310091, -0.21661400288204377, -0.284972590433121, -0.5336303382884454, 0.7708062417112836, 0.3427148023427516, 0.038350269717517815], [-0.5680020113441765, -0.5178141040198874, -0.655691154460914, -0.21468041991533998, -0.17651282091626005, 0.2926216827586424, -0.017195157631432444, 0.583431139688286, -0.12565093136579172, 0.5516733474942451, 0.18963823457507314, 0.09276420336399427, -0.01350657426734956]], "inverted": false, "swapped": true, "error_lsq": 0.05028668290658588, "error_max": 0.25200890088917327, "target": "97.xyz", "model": "9.xyz", "model_rescale": 3.833441315466971, "target_rescale": 4.018611268662764},
{"mapping": [0, 5, 6, 1, 12, 13, 10, 2, 11, 8, 9, 7, 3, 14], "R": [[-0.23346276405564803, 0.0929805479472896, 0.9679099934926382], [0.8330104333217782, 0.5326023204318412, 0.14976109724384967], [-0.5015862396204268, 0.8412427628063377, -0.2017965764065377]], "T": [-0.029739580208648295, 0.006766584055739577, -0.05375459721813517], "aligned_model": [[0.020277940740713013, 0.07844761221964715, -0.6687023725023669, -0.4975835528760585, -0.5039499714070415, 0.5272543058672085, 0.2672650961538168, 0.5581956702340223, -0.07064015658703765, 0.5876654445037801, 0.6062559753835274, -0.030218507097697196, 0.17491161300242763, 0.025718425717044968], [-0.23963923648484423, -0.657369701072047, -0.1467261094921575, -0.36086402901764714, 0.264198100288511, -0.4362954109345728, 0.47584692110529686, -0.3384812658621383, 0.687102216621277, 0.48113127923438076, 0.1767566654812216, 0.42485375489910265, -0.19293637770044758, 0.009436715890865848], [-0.686688543934116, -0.12197283259663977, 0.11769834424552458, -0.49145161855125596, -0.32184707499462195, -0.4131157260063985, -0.6599773311469866, 0.173811477453885, -0.02533539671678195, -0.09047698554815212, 0.4200841433009072, 0.4650101519572916, 0.7663420226570609, 0.023278678587579725]], "inverted": false, "swapped": false, "error_lsq": 0.04310943534260437, "error_max": 0.25011483869178586, "target": "97.xyz", "model": "10.xyz", "model_rescale": 4.2482417240324, "target_rescale": 4.018611268662764},
{"mapping": [1, 12, 11, 10, 3, 4, 2, 8, 7, 6, 5, 13], "R": [[0.20665624485082862, 0.905229193513562, 0.37128601330368016], [-0.4602635286557236, 0.424810828213363, -0.7795468199037556], [-0.8633948579031128, -0.009791192136952453, 0.504433793379271]], "T": [-0.025698663225764803, 0.06372957042520384, 0.004274916179834665], "aligned_model": [[-0.7051765095513212, -0.04535338997893229, 0.5129919504423693, 0.6569705797410249, -0.6353394853134183, 0.12023441030962942, -0.1856697505252125, 0.6577888455705388, -0.10396305629033852, 0.07219241013092195, -0.40598680356874856, -0.061923598603506144], [-0.27311824040623955, -0.6307265817479536, -0.12026724539470439, -0.40362531578385313, 0.5887336409154237, 0.7104745241250378, 0.14032729697696528, 0.38876805768466804, -0.4285583895451833, 0.5772908215752676, 0.034715193505545375, 0.08211762814566638], [-0.0993799866658221, 0.2587265834728304, 0.48388873451920306, -0.29573630458282196, 0.2910337557748611, 0.23327824731137414, 0.4535055710522521, -0.03373474880186804, -0.40655937765607375, -0.4664059895058098, -0.7653284133225917, -0.08809578174117708]], "inverted": false, "swapped": true, "error_lsq": 0.04929336802170637, "error_max": 0.2657671528991022, "target": "97.xyz", "model": "11.xyz", "model_rescale": 3.6694154284099745, "target_rescale": 4.018611268662764},
{"mapping": [7, 10, 8, 9, 11, 5, 6, 12, 4, 0, 1, 3, 2, 13], "R": [[0.6187139080726378, 0.387512092593866, 0.6833940869300863], [-0.7829423604532812, 0.3758577745615909, 0.4957138221892269], [-0.06476388009784168, -0.8417632157531779, 0.5359480650581184]], "T": [0.10583419227012034, -0.016110820347725263, -0.12086649605197641], "aligned_model": [[0.0414589230979682, -0.010509219127751601, -0.5500751904638194, -0.5821220009333744, -0.4851119586101549, 0.6777072868461749, 0.1760798409443394, 0.6044304647744315, 0.03923981083388797, 0.6799051887070195, 0.4551895146784365, -0.1853334495107231, 0.025078951469012817, 0.18895936064653907], [-0.5145507273474115, -0.6319112861550676, -0.025892449235352874, -0.37219074825826276, 0.3239443471166047, -0.16437329362633746, 0.2875450323636711, -0.4236686985626892, 0.7005495794624828, 0.4093064507576365, 0.25464400850264374, 0.43854826091535914, -0.20103494106375946, 0.06609798808728397], [-0.6682044193669073, -0.017026309976411247, 0.25634041359971116, -0.3320764107394054, -0.40401624220702353, -0.6645117804001415, -0.5927918136713248, 0.0960824223970726, 0.05130118225986702, -0.13502633082046805, 0.60101727261217, 0.5497715768369039, 0.5000966542660384, -0.08559690608278504]], "inverted": true, "swapped": false, "error_lsq": 0.04577680460193834, "error_max": 0.2680431655622987, "target": "97.xyz", "model": "12.xyz", "model_rescale": 3.9764082729961374, "target_rescale": 4.018611268662764},
{"mapping": [8, 10, 9, 2, 0, 11, 3, 13, 4, 14, 6, 5, 12, 15], "R": [[-0.21937111633355932, -0.3802717985755415, -0.8984818710061384], [-0.3034130837511574, -0.8486587350318705, 0.4332653367888075], [-0.927263076978255, 0.3676570557764782, 0.07079177502076373]], "T": [0.027377979513960565, 0.008839655768018385, -0.021396781482510792], "aligned_model": [[0.04340470055148893, 0.15360762915032714, -0.4642447655615578, -0.5774930206759898, -0.6248652893466754, 0.6151186081142018, 0.38026920456992164, 0.5262794429319574, -0.1034377030785644, 0.7932248312179699, 0.516664293606814, -0.26076043721443776, 0.01713399538893562, 0.05999603369759548], [-0.33755844053572365, -0.7703574111795719, -0.03246656553835041, -0.17814986139677436, 0.3233680548789108, -0.3692682727427275, 0.19549818018521875, -0.1626146256630687, 0.715029470013988, 0.17908218731817943, 0.480851490983904, 0.45762680250241067, -0.44934827471800964, 0.09532078884841573], [-0.6373548480247695, -0.1732681262820422, 0.3222600227909145, -0.506603446220132, -0.07391856630550253, -0.39841143191312295, -0.762389241534911, 0.2887343284778248, -0.028246980189312796, -0.17405365083832786, 0.32711797567533596, 0.6254341512703787, 0.4226442257391703, -0.07658510393820761]], "inverted": true, "swapped": false, "error_lsq": 0.05288770033619345, "error_max": 0.3161758216493497, "target": "97.xyz", "model": "13.xyz", "model_rescale": 4.170626492500431, "target_rescale": 4.018611268662764},
{"mapping": [12, 4, 6, 5, 11, 8, 10, 0, 9, 7, 1, 3, 2, 13], "R": [[0.8361176808924746, -0.509835895663309, -0.2024217952498733], [-0.2728164626006887, -0.7066263976791303, 0.6528784816771516], [-0.47589746945433226, -0.4906592438711485, -0.7299144504465958]], "T": [0.11362573656106784, -0.021397446979456107, -0.0008440558664129308], "aligned_model": [[-0.044508607772209, 0.1476254997128557, -0.6825236512040707, -0.6481394921901555, -0.44930121768251324, 0.5772824595338835, 0.25631557463853094, 0.5953116461179927, 0.08486417428708537, 0.8741706000996052, 0.49901609504062605, -0.23358510291315326, 0.08205536265412317, 0.016314183029385504], [-0.2497907580618395, -0.7161448829890115, -0.21211199378930862, -0.25393989116776533, 0.3631979317626282, -0.3349400300765929, 0.2502349295405864, -0.09025267468500875, 0.7744214109907955, 0.19255266222486406, 0.5392637409876712, 0.30075140198679473, -0.4086609727418004, -0.007567351025211888], [-0.6779970266058781, -0.13952767731030122, 0.19219319708336172, -0.4399995821583524, -0.18755048309221423, -0.4889729165495405, -0.4743245381572149, 0.3442588978732167, -0.14967804492255196, -0.18312588218328682, 0.35685382474463184, 0.5002930077112173, 0.53015730038594, -0.027220768111731266]], "inverted": false, "swapped": false, "error_lsq": 0.0468713112725071, "error_max": 0.3203736109894872, "target": "97.xyz", "model": "14.xyz", "model_rescale": 3.9786697098870705, "target_rescale": 4.018611268662764},
{"mapping": [11, 4, 12, 10, 2, 1, 6, 0, 7, 9, 3, 13], "R": [[0.6619333508102425, -0.4687470571137008, 0.584910621832404], [-0.4802192446988778, -0.8643590719872338, -0.1492409853029912], [0.5755290749440587, -0.18209775155287686, -0.7972494545457043]], "T": [0.020743123027183716, -0.0034969537209013635, -0.0751360421865645], "aligned_model": [[0.029038939864479904, -0.6725030035722801, 0.619457611019108, 0.5028213662988334, -0.16364934782825374, 0.42002550017953905, -0.3510743298475455, -0.23991777306801898, 0.6104213269782928, 0.2161772855393635, -0.5181998357707673, 0.030756856974585738], [-0.33600435098209797, -0.07988954063396471, 0.124129227079472, -0.7336291886373287, 0.30036912150290185, 0.607232082918544, -0.27424792284141714, 0.38609362189111746, -0.05836318997198443, -0.5706621426314498, 0.6518724010442991, -0.002225628513652657], [-0.7410503237706674, -0.14991574114690287, -0.4906523792973372, -0.16985723537949698, -0.4021390494841666, 0.15613124320874286, 0.45713647294159027, 0.49157663330925533, 0.18279200911816634, 0.2780724969065074, 0.02260511633762413, 0.025267251130514826]], "inverted": false, "swapped": true, "error_lsq": 0.04220614131545986, "error_max": 0.19892981922915354, "target": "97.xyz", "model": "15.xyz", "model_rescale": 3.769337070930944, "target_rescale": 4.018611268662764},
{"mapping": [9, 11, 5, 7, 6, 4, 0, 2, 1, 12, 13], "R": [[-0.6498382040984332, -0.11565627446676235, -0.751221628196761], [0.6446349818824536, -0.6074945323704468, -0.46410788969098676], [-0.40268604225566623, -0.7858587782270308, 0.469329236310702]], "T": [-0.007073400639230399, -0.0798884786885811, -0.0006803657334983476], "aligned_model": [[-0.3768159746505761, -0.35191542155256256, 0.024600787061339002, -0.4531729451685162, 0.2850922961550671, 0.4997188875721547, 0.5490495617203542, 0.22210502537923205, 0.04437476303849732, -0.5305355740157837, 0.010124725151964498], [0.145386160887554, -0.7380522491825804, 0.7536453417676345, 0.38360914921874256, 0.13270668135164207, -0.47036153308150574, 0.39900618492902673, -0.352972328773725, 0.466684350106899, -0.13397432944993812, 0.010387069851592767], [-0.5458123692008644, 0.04377469077997491, -0.20554203741455174, 0.05782359174178059, -0.6042620416042759, -0.28827451233519336, -0.04838076218328692, 0.3251548712071092, 0.5327164466583566, 0.5193805733442127, -0.04236084376948489]], "inverted": false, "swapped": true, "error_lsq": 0.04827253570987989, "error_max": 0.26281979131190814, "target": "97.xyz", "model": "16.xyz", "model_rescale": 3.7852294659196426, "target_rescale": 4.018611268662764},
{"mapping": [7, 11, 8, 10, 12, 2, 3, 4, 9, 5, 1, 6, 13], "R": [[0.6564929611450636, 0.37241696974316185, -0.6559897808764302], [-0.2614666678334425, -0.7033735161587422, -0.6609847792336552], [-0.7075677872678082, 0.6054513171294689, -0.3643851382906954]], "T": [-0.08973038442246918, 0.10548605930147585, 0.04093867462758991], "aligned_model": [[0.08176228329567968, -0.46615598510801126, 0.22063300609944203, 0.16546124886427854, -0.5787473337590557, -0.5031767381883065, -0.29505485860591335, -0.025064812981049664, 0.4861664610968045, 0.5061267312135088, -0.2758225129469662, 0.5456569806565231, -0.008018619420650616], [0.05435285356695188, -0.5091269990604398, -0.4210616443289244, -0.6607763820443614, -0.1356601968355271, 0.2357672554287581, 0.8241346185219784, 0.1636195167767931, -0.23322286873590953, 0.5292913072849736, 0.6385805298786202, 0.23425605844689285, 0.1549015748030681], [-0.579732919643845, 0.22702031226985192, 0.4889029691174692, -0.30860920309875156, -0.45917352575920334, 0.2539059590990449, 0.45434881807412364, 0.7369680473908008, -0.15462773574431496, -0.4097203961369955, -0.47586006311699003, 0.3140128761202727, 0.008319558571711329]], "inverted": false, "swapped": true, "error_lsq": 0.04455387229072304, "error_max": 0.2837303278263862, "target": "97.xyz", "model": "17.xyz", "model_rescale": 3.901054581598922, "target_rescale": 4.018611268662764},
{"mapping": [4, 6, 9, 10, 5, 1, 8, 7, 2, 0, 3, 13, 12, 14], "R": [[0.3606078042763067, -0.2540528573437304, -0.8974514790062509], [-0.7197912760472108, 0.5361242430196959, -0.440989019106923], [0.5931800151904554, 0.8050018271544757, 0.01046555572374585]], "T": [0.044419751596734, -0.03421265559618011, -0.08784878662800548], "aligned_model": [[-0.042570609723738315, 0.26148726199435085, -0.5522778697971424, -0.6012774322937637, -0.40750589875240856, 0.6120698247272736, 0.030531434145898817, 0.5444388086317682, 0.16920339103629756, 0.7517611322994553, 0.4181286458867498, -0.2217226523272447, 0.09026013194814056, 0.022371355576349526], [-0.2789990392755904, -0.7515364356617004, -0.040078830675675435, -0.4370530259664972, 0.3917907641841033, -0.24397513009842892, 0.33505133218238486, -0.36445791160173785, 0.7826367528785896, 0.23689947793087543, 0.33311780658228746, 0.43561079285070176, -0.20139588023800714, -0.050597150134503666], [-0.8349005072687509, -0.1331702578357504, 0.19162779190250506, -0.3932150107665753, -0.15395733288057697, -0.43347669088549245, -0.6390923572101297, 0.1960456255834062, -0.057448306520875986, -0.04697213437441297, 0.4678632641654448, 0.39788400660673656, 0.6345939675088257, -0.04042274931705751]], "inverted": false, "swapped": false, "error_lsq": 0.04249385338040989, "error_max": 0.21635697273026533, "target": "97.xyz", "model": "18.xyz", "model_rescale": 3.9405287249114394, "target_rescale": 4.018611268662764},
{"mapping": [7, 8, 1, 4, 12, 9, 13, 5, 14, 11, 10, 3, 2, 15], "R": [[0.7403939975428484, 0.6700095712953351, -0.053887872245637514], [0.24766799559566413, -0.19739723847075674, 0.9485224795447631], [0.6248818227154211, -0.715626651695394, -0.3120916580479084]], "T": [-0.03586380561005893, -0.015010711853017894, -0.10679872931411885], "aligned_model": [[0.07914682195980219, 0.05220588404882558, -0.43977233273276617, -0.5571259536885356, -0.46090277735477037, 0.5856470707639763, 0.21280273928571725, 0.5659809906365492, 0.11084174941695481, 0.6340680273886082, 0.3549731959113542, -0.3671589938358635, 0.3195145579427418, -0.015323456390607604], [-0.358701949799753, -0.7654415281856143, -0.12538920964237393, -0.23021906355662822, 0.32196680204271155, -0.2518221604885061, 0.3789067641043819, -0.5261696960901103, 0.7449675327435427, 0.25003282091530704, 0.4011591037236759, 0.5223459966809852, -0.20111139531155495, -0.013510494179262448], [-0.7103502494397582, -0.1438051503480122, 0.40329333386935107, -0.5722406343395537, -0.18378632465417788, -0.48975357691429666, -0.5908687830841444, 0.15351257820718436, -0.08131324441914942, -0.1193073972107489, 0.43352817154418366, 0.46497033326787873, 0.664173408540321, -0.07269315631178128]], "inverted": false, "swapped": false, "error_lsq": 0.048193822224215165, "error_max": 0.2963756383319889, "target": "97.xyz", "model": "19.xyz", "model_rescale": 4.410303926677745, "target_rescale": 4.018611268662764},
{"mapping": [2, 1, 3, 0, 6, 7, 4, 8, 11, 12, 9, 10, 5, 13], "R": [[0.8582395230243399, -0.13405617115589227, 0.4954330066658618], [-0.18372637352835022, 0.8210780812351756, 0.5404400097932089], [-0.47923850094611026, -0.5548510858691589, 0.6800520066294492]], "T": [0.026512271265317182, -0.010375487940545372, -0.10341762530712816], "aligned_model": [[0.04079559939515164, 0.1644111530480371, -0.6602732111863842, -0.4970218867155525, -0.3954400756030475, 0.6042616047750179, 0.01030031426817462, 0.5631816007076123, 0.10255720437434629, 0.6941559779485591, 0.48663425968193696, -0.037873330636740705, -0.06831378476432101, 0.0675220980591967], [-0.2026930806453237, -0.7452605815265835, -0.11679812450513585, -0.3982400445504384, 0.3599610180871675, -0.3580320879583579, 0.43500110414440735, -0.2355269745731503, 0.8147783076467854, 0.2918708243044667, 0.3373491375714714, 0.3031817126150454, -0.32125843328910303, -0.017319254364449733], [-0.7369937121568975, -0.16703907452443323, 0.10385663557113885, -0.4011296399719989, -0.24940705113654782, -0.33187716451454286, -0.6479084504703797, 0.39892729634568, -0.0816988253875857, -0.2866496774953886, 0.27239092618774924, 0.6533322602261848, 0.6669268017887326, -0.037371015754415704]], "inverted": false, "swapped": false, "error_lsq": 0.04914552631131738, "error_max": 0.2546992665723038, "target": "97.xyz", "model": "20.xyz", "model_rescale": 4.121658175737393, "target_rescale": 4.018611268662764},
{"mapping": [10, 8, 11, 12, 2, 9, 4, 7, 6, 0, 3, 1, 13], "R": [[0.11763183793835197, 0.6270402518596835, -0.77005407164107], [0.9929677472950654, -0.08468108370350313, 0.08272948020242676], [-0.013334299194510402, -0.7743704776207221, -0.6325919378670949]], "T": [0.11601863594283729, -0.004370286169951332, 0.014873844160016084], "aligned_model": [[0.13800109710308733, -0.3760983997509132, 0.33863096063753284, 0.8125408173911279, 0.3256173530114023, -0.2284104300969847, -0.34051691646710947, 0.3361321871429858, -0.564744069205009, -0.1908938259850136, 0.01827195297018913, 0.5462180758310524, 0.06633410208194665], [-0.6180789994453804, 0.03701253752337218, 0.19803063912776264, -0.18107590957346806, 0.42982619574942094, -0.5699793391250019, 0.5195262435010704, -0.6010845244866059, -0.11714776843981622, 0.05675702548767597, 0.6190490679102103, -0.16839829134439857, -0.06360997272165793], [0.6452253367345838, 0.5896418082948336, 0.695718494987749, 0.19103649619262977, -0.013550347188532496, 0.229541385160662, 0.11040257461025077, -0.0979964801659806, -0.12191692554122643, -0.6506758297257018, -0.5607264798487659, -0.5966195618808443, -0.04997073214786775]], "inverted": true, "swapped": true, "error_lsq": 0.05285973658288282, "error_max": 0.37097018232747864, "target": "97.xyz", "model": "21.xyz", "model_rescale": 4.08911054899281, "target_rescale": 4.018611268662764},
{"mapping": [4, 1, 6, 0, 7, 2, 13, 15, 12, 14, 9, 5, 11, 16], "R": [[0.2086600611641972, -0.03385278482455589, 0.9774021525628928], [0.8486422231900119, 0.5029831622981776, -0.163750772406238], [-0.48607340587000636, 0.8636329818876464, 0.13368139998438314]], "T": [0.06504796034057198, 0.01665499333196566, -0.019171717012680632], "aligned_model": [[0.1112145092879896, 0.026883889286939952, -0.6717700286676407, -0.4632376948130787, -0.45336584679610875, 0.46447939641643177, 0.02877428817041225, 0.7030564182157624, 0.1836928370800391, 0.6200498982539271, 0.3104994507737423, -0.07809956860410511, 0.24752840931732453, 0.045191565430350536], [-0.1865664009840932, -0.7743593204399073, -0.04822973029876011, -0.29733488776386047, 0.4199823473200302, -0.47010920386287897, 0.3621514706836981, -0.28806981567119067, 0.7279693553567367, 0.3268320709740907, 0.525029235884813, 0.22513287537839155, -0.39190424352100195, 0.016489769900734554], [-0.6846504172866126, 0.034103421228960075, 0.0727703966492669, -0.49076902331073563, -0.2918810093084746, -0.3723982358032262, -0.5813517334425373, 0.15857815317541482, -0.17704754681209908, -0.10626715526793676, 0.4154048664745945, 0.6394441130450529, 0.6018542614953131, -0.06243078212968346]], "inverted": false, "swapped": false, "error_lsq": 0.049296041201538465, "error_max": 0.3255680486224924, "target": "97.xyz", "model": "22.xyz", "model_rescale": 4.204369325754507, "target_rescale": 4.018611268662764},
{"mapping": [7, 8, 1, 4, 12, 9, 13, 5, 14, 11, 10, 3, 2, 15], "R": [[0.7403939975428484, 0.6700095712953351, -0.053887872245637514], [0.24766799559566413, -0.19739723847075674, 0.9485224795447631], [0.6248818227154211, -0.715626651695394, -0.3120916580479084]], "T": [-0.03586380561005893, -0.015010711853017894, -0.10679872931411885], "aligned_model": [[0.07914682195980219, 0.05220588404882558, -0.43977233273276617, -0.5571259536885356, -0.46090277735477037, 0.5856470707639763, 0.21280273928571725, 0.5659809906365492, 0.11084174941695481, 0.6340680273886082, 0.3549731959113542, -0.3671589938358635, 0.3195145579427418, -0.015323456390607604], [-0.358701949799753, -0.7654415281856143, -0.12538920964237393, -0.23021906355662822, 0.32196680204271155, -0.2518221604885061, 0.3789067641043819, -0.5261696960901103, 0.7449675327435427, 0.25003282091530704, 0.4011591037236759, 0.5223459966809852, -0.20111139531155495, -0.013510494179262448], [-0.7103502494397582, -0.1438051503480122, 0.40329333386935107, -0.5722406343395537, -0.18378632465417788, -0.48975357691429666, -0.5908687830841444, 0.15351257820718436, -0.08131324441914942, -0.1193073972107489, 0.43352817154418366, 0.46497033326787873, 0.664173408540321, -0.07269315631178128]], "inverted": false, "swapped": false, "error_lsq": 0.048193822224215165, "error_max": 0.2963756383319889, "target": "97.xyz", "model": "23.xyz", "model_rescale": 4.410303926677745, "target_rescale": 4.018611268662764},
{"mapping": [13, 9, 5, 6, 12, 11, 7, 10, 0, 1, 3, 2, 8, 16], "R": [[-0.8903773934218157, 0.342036192071545, 0.3003986361429929], [0.3053689756314578, -0.0406265009475949, 0.9513670564732357], [0.33760611073433955, 0.9388081437300979, -0.06827432358420388]], "T": [0.06807800055499083, -0.13352792727924573, -0.1144264406892555], "aligned_model": [[-0.22001111644935825, 0.254429513728204, -0.4846619452067259, -0.6060047856340595, -0.5095314012396469, 0.5609386232544665, 0.2748984953130615, 0.566518816623825, -0.05068977943739117, 0.7767291905100308, 0.40125719285981165, -0.1566701369573199, 0.14460358835614567, 0.12309126763094264], [-0.10796068240868824, -0.7179752412706997, -0.02879908525084511, -0.29599775919762855, 0.3726183994808661, -0.37548404132545465, 0.27686475925306747, -0.30457443618956215, 0.6112329431238432, 0.3484520870456485, 0.452319724555672, 0.5187796054085287, -0.556609205445928, -0.04585354482201917], [-0.7551585223603079, 0.012516201218861989, 0.16684292386127125, -0.4260576984921545, -0.35182717710214945, -0.42949330990705437, -0.5947742547481051, 0.26778265253308337, -0.07428579497594182, -0.1573694999307399, 0.48141341975034374, 0.4829654814706567, 0.586182390065102, -0.053377502675569996]], "inverted": true, "swapped": false, "error_lsq": 0.0438901185012986, "error_max": 0.2956587877438388, "target": "97.xyz", "model": "24.xyz", "model_rescale": 4.28219845311461, "target_rescale": 4.018611268662764},
{"mapping": [7, 13, 11, 9, 5, 4, 1, 2, 8, 0, 6, 10, 14, 15], "R": [[0.1260828067334415, 0.5901774120969493, -0.7973667588360862], [-0.9407818036074201, -0.1838448874616274, -0.28483443498880445], [-0.3146946517616522, 0.7860608625321384, 0.532048490786172]], "T": [0.028882771172637392, -0.07834500494023966, -0.12425882118125159], "aligned_model": [[-0.00509790930430544, 0.09505483110949807, -0.4338179116612444, -0.5272130686685239, -0.5300148139701234, 0.5731949820353632, 0.13826308228075196, 0.5718475605524957, -0.041554490649179085, 0.7869641420895086, 0.5073622587484342, -0.19289251057895374, 0.03340144521867723, 0.09939992614958712], [-0.6380103414732069, -0.6643230261474012, -0.041305537256168784, -0.26652319237506866, 0.5339468481816244, -0.21921594532094277, 0.438529394516715, -0.3162501347916903, 0.5913203317465694, 0.22238078665061617, 0.43798337303842494, 0.3376047317060433, -0.21300610952960236, -0.056117655989110796], [-0.6638568476676254, -0.05237367610345085, 0.1603694050847579, -0.45925146373324155, -0.3192276823779201, -0.5917287862995464, -0.4858583255705356, 0.21833483181303515, 0.04465827657978477, -0.14501467280570374, 0.43846626358407653, 0.5141034269316582, 0.62540149748999, -0.12866293821798336]], "inverted": false, "swapped": false, "error_lsq": 0.04215116373478537, "error_max": 0.3215086181424896, "target": "97.xyz", "model": "25.xyz", "model_rescale": 4.100010024507729, "target_rescale": 4.018611268662764},
{"mapping": [1, 12, 11, 10, 3, 4, 2, 8, 7, 6, 5, 13], "R": [[0.20665624485082862, 0.905229193513562, 0.37128601330368016], [-0.4602635286557236, 0.424810828213363, -0.7795468199037556], [-0.8633948579031128, -0.009791192136952453, 0.504433793379271]], "T": [-0.025698663225764803, 0.06372957042520384, 0.004274916179834665], "aligned_model": [[-0.7051765095513212, -0.04535338997893229, 0.5129919504423693, 0.6569705797410249, -0.6353394853134183, 0.12023441030962942, -0.1856697505252125, 0.6577888455705388, -0.10396305629033852, 0.07219241013092195, -0.40598680356874856, -0.061923598603506144], [-0.27311824040623955, -0.6307265817479536, -0.12026724539470439, -0.40362531578385313, 0.5887336409154237, 0.7104745241250378, 0.14032729697696528, 0.38876805768466804, -0.4285583895451833, 0.5772908215752676, 0.034715193505545375, 0.08211762814566638], [-0.0993799866658221, 0.2587265834728304, 0.48388873451920306, -0.29573630458282196, 0.2910337557748611, 0.23327824731137414, 0.4535055710522521, -0.03373474880186804, -0.40655937765607375, -0.4664059895058098, -0.7653284133225917, -0.08809578174117708]], "inverted": false, "swapped": true, "error_lsq": 0.04929336802170637, "error_max": 0.2657671528991022, "target": "97.xyz", "model": "26.xyz", "model_rescale": 3.6694154284099745, "target_rescale": 4.018611268662764},
{"mapping": [12, 9, 10, 11, 2, 3, 6, 7, 0, 1, 5, 4, 8, 13], "R": [[0.47530480538590636, 0.15691556527967712, -0.8657152230092904], [-0.6982054306527541, -0.5314432839010219, -0.4796636452802111], [-0.5353452330824175, 0.8324335056744517, -0.14303824679600494]], "T": [0.07908831222560478, -0.01640529679390334, 0.005901053948924283], "aligned_model": [[-0.08268611672563683, 0.01752627212709726, -0.44480535863183657, -0.5982634736430392, -0.37657102174790213, 0.5924471592748359, 0.26393543975743705, 0.6467349331927712, 0.06369969331037548, 0.7066085503924187, 0.6065986845971012, -0.41110034866396583, 0.04971480857887954, 0.04105830153345054], [-0.2709827460682448, -0.6931992387866567, -0.2097219477058798, -0.28810383471491846, 0.3645780938485046, -0.44000585159813943, 0.24537836798731238, -0.26548716203444306, 0.6378808990307577, 0.5534800019536892, 0.39549368867779566, 0.35740508667420995, -0.25690551309777493, 0.01720367879058899], [-0.7280963369292173, -0.04908631524775693, 0.2296303859738707, -0.4452640288282487, -0.3247889423024249, -0.4521999004916553, -0.6011337754483173, 0.11482333280543416, 0.09867016246203142, -0.24127449228933437, 0.42786139868409073, 0.5495106970161144, 0.5972165667433681, -0.020509443440658942]], "inverted": false, "swapped": false, "error_lsq": 0.03628807878468917, "error_max": 0.2890057017478083, "target": "97.xyz", "model": "27.xyz", "model_rescale": 4.103607728864725, "target_rescale": 4.018611268662764},
