[{"mapping": [7, 0, 8, 5, 2, 3, 10, 11, 9, 1, 4, 12], "R": [[-0.7305780625013792, -0.29211549563302663, 0.6171905960096951], [-0.0543532270127412, 0.9258829129897062, 0.3738804062089883], [-0.6806624870705251, 0.23960252220034728, -0.6923071645232336]], "T": [0.03633754443456326, -0.10309074402574711, 0.1251400671978465], "aligned_model": [[-0.25525402410799064, 0.2245368723979469, 0.4037556387850503, -0.26214327404231097, 0.060374348950067366, -0.4512420849154598, 0.23889352654106127, -0.2859238859931606, 0.540658076596585, 0.09122776944739108, -0.5309985981881614, 0.0637580969895306], [-0.22820446398850935, -0.7483270907079383, -0.2477859582083777, 0.6408169198788873, 0.3305575637152022, -0.5176534203030979, -0.3938519771871637, -0.3595332148669963, 0.2448845695750688, 0.26290600662605, 0.1589061413589483, -0.08916003991501627], [-0.4534419545768037, -0.19727371974025373, -0.7390444009182093, -0.0681878740567847, -0.6618416785747693, 0.17211412902082454, 0.5678591001600763, 0.8129472586375119, -0.059684107604653064, 0.5874765123928429, 0.23735464759674313, -0.01632616698296213]], "inverted": false, "swapped": true, "error_lsq": 0.05165405481016366, "error_max": 0.2570634002473044, "target": "970.xyz", "model": "0.xyz", "model_rescale": 3.751011558992144, "target_rescale": 3.7972800464392344},
{"mapping": [13, 6, 8, 9, 10, 4, 3, 5, 2, 0, 12, 11, 14], "R": [[0.8604238293900551, 0.015885892906035516, -0.5093313972496998], [-0.07310911438870503, 0.9930220373275122, -0.09253264707775657], [0.5043073380499759, 0.11685406192552908, 0.8555812275876863]], "T": [0.020275359303642805, 0.06174519901452637, 0.11720520156474981], "aligned_model": [[0.15334412573936082, -0.3989813543176846, 0.45894447491304574, 0.32876769680394147, 0.5157172125325368, 0.3789984869755823, -0.41090094981532427, 0.5640043345890051, 0.22474691114541592, -0.43613098269082673, -0.45339507449755395, -0.22530707478701092, 0.006218814362589146], [-0.6510858437911646, 0.5873336973262351, 0.24415473153425482, -0.26231646564063765, 0.4181157098677437, 0.7619810769444915, -0.5146271842809342, -0.2433345678364301, -0.4479954175444115, -0.0004278699520502832, -0.3701429648345012, 0.1363370543510726, 0.03187715132331821], [0.07637866469953991, -0.21701969845921285, 0.5805780768997992, -0.36653660615794426, -0.430509301796442, 0.1982076882100413, 0.372719889482354, 0.15423470721789304, 0.7353427188743201, 0.7199757043118484, -0.2584063506363409, -0.6383451356797236, 0.0734544791158194]], "inverted": true, "swapped": false, "error_lsq": 0.04436329185774219, "error_max": 0.26521155514338834, "target": "970.xyz", "model": "1.xyz", "model_rescale": 3.9405287249114394, "target_rescale": 3.7972800464392344},
{"mapping": [7, 5, 8, 6, 11, 9, 1, 3, 4, 2, 0, 0, 12], "R": [[0.3869025526658583, -0.6894677499463309, 0.6123239637027011], [-0.8723139952883552, -0.48894569396408416, 0.0006340173876361321], [0.29895603082177546, -0.5343840661340159, -0.7906067046878401]], "T": [0.1380039232585086, -0.044725011124291995, 0.12519988431096682], "aligned_model": [[0.38088470389543794, -0.2541703938214779, 0.49365982307202017, 0.21905201493513282, 0.3300963716866765, 0.4225665178188469, -0.46575132286955556, 0.6574598025792727, 0.21307354256910657, -0.4606078964459721, -0.45215144671279894, -0.45215144671279894, 0.07406635095918686], [-0.7924642238466522, 0.5233381945799834, 0.27387331310047874, -0.24250200828528867, 0.4142663129070899, 0.6870686842366195, -0.5262226563671297, -0.27389541034106624, -0.38092458952357205, 0.2151721383569995, -0.09147739322526025, -0.09147739322526025, -0.02488586089995494], [0.021253507218343626, -0.10191193776040242, 0.7356863778870096, -0.37447116710083983, -0.38474299950836166, 0.30927384851332035, 0.3008869719318532, 0.19187968733112665, 0.7359617999732964, 0.32087049662462064, -0.4684842424246174, -0.4684842424246174, 0.18235673582122017]], "inverted": false, "swapped": false, "error_lsq": 0.056924632137988276, "error_max": 0.39838123280458376, "target": "970.xyz", "model": "2.xyz", "model_rescale": 3.932901565614263, "target_rescale": 3.7972800464392344},
{"mapping": [12, 3, 4, 10, 1, 0, 9, 6, 5, 7, 8, 11, 13], "R": [[-0.5835525359589926, 0.6106906960989099, 0.5352787231658455], [0.30262198430893206, -0.448136793727754, 0.8411856802872558], [0.7535823593932872, 0.6528631463068181, 0.07670293218390778]], "T": [0.03847193009694945, 0.06924829365881582, 0.05307328058664239], "aligned_model": [[0.23051983506380946, -0.26485501819574386, 0.4073697261620185, 0.38073040643103456, 0.519814594162177, 0.2146590283676844, -0.3735698780342231, 0.6292612803634902, 0.19390172916488907, -0.366626784282986, -0.6718094822849549, -0.28078284180962093, 0.08741402584550259], [-0.6696493989417152, 0.45251284515995094, 0.3221541553545464, -0.3326099920201264, 0.44368340554551466, 0.6964343545605782, -0.4876506379520281, -0.25412006024936273, -0.42133995521536594, 0.09304154489474512, -0.0003967088303255262, -0.11674639742439452, -0.0354440474150306], [0.036411581183925575, -0.09452930774870678, 0.8035261076957487, -0.4311936849498112, -0.36749325118822235, 0.20974516880043825, 0.2977732350442186, 0.16749841761567275, 0.5550338699588867, 0.6405011145803082, -0.11849773790122343, -0.7600632785909497, 0.06136260158166634]], "inverted": true, "swapped": false, "error_lsq": 0.05123774474085024, "error_max": 0.3681072247795256, "target": "970.xyz", "model": "3.xyz", "model_rescale": 3.9243930471874484, "target_rescale": 3.7972800464392344},
{"mapping": [9, 3, 7, 5, 0, 2, 10, 1, 8, 4, 6, 6, 12], "R": [[0.4018300188556334, -0.2481610683084453, 0.8814469468564132], [-0.6612432372586527, 0.5872591800145275, 0.46678050159401685], [-0.6334745591783293, -0.7704172503680561, 0.07188353920853938]], "T": [0.008948798464012274, -0.17561882626008193, 0.1284206812587242], "aligned_model": [[0.292355760282037, -0.3409852332377589, 0.48172557751467865, 0.31758865241914463, 0.4058040020904175, 0.24408516201679495, -0.6417111098702625, 0.71773174687611, 0.008283125906662143, -0.13028970774980708, -0.3612761800844015, -0.3612761800844015, 0.07399100487386429], [-0.8095665755988635, 0.36785407007297, 0.20073407799239154, -0.1084889959918212, 0.4552788091709812, 0.7036073333325858, -0.36256449712428473, -0.11842374104806488, -0.4278695646337718, 0.20043592544121405, -0.1350744385597282, -0.1350744385597282, -0.14097885702689364], [0.25283184184427865, -0.05902732426009025, 0.6554494922011455, -0.5599528555754515, -0.28120899823573053, 0.27970432590242034, 0.32545042355789755, 0.061221319280141934, 0.7052269665800633, 0.5660994807798996, -0.49029260663926544, -0.49029260663926544, 0.03486537728590769]], "inverted": true, "swapped": false, "error_lsq": 0.05303120685828281, "error_max": 0.35154954308698777, "target": "970.xyz", "model": "4.xyz", "model_rescale": 3.8936222436046832, "target_rescale": 3.7972800464392344},
{"mapping": [6, 9, 0, 10, 7, 2, 5, 4, 11, 1, 3, 12], "R": [[0.5346900657202666, -0.08949458389481829, 0.8402959318439848], [-0.7785475052152251, 0.3344830326658923, 0.5310224882072103], [-0.32858836824088333, -0.9381427504980899, 0.10916896969685455]], "T": [-0.049164832971447046, -0.03814593967841897, -0.05080909626325168], "aligned_model": [[-0.05188770354485891, -0.3760228190216821, -0.2594915561123654, 0.4065867618273866, -0.5384809649170573, -0.9016868189344064, -0.3405850981177013, 0.09381826571029814, 0.7175694055865508, 0.31549242213281414, 0.15526098754088438, -0.19302483993476552], [-0.5537644795996788, -0.5877774821307028, 0.24491533813658914, -0.14720762231754028, 0.40393715027156263, -0.10529499479939644, -0.1623983338006908, 0.24360876283634678, 0.19371581438104304, -0.39558123447600435, 0.568192512727947, -0.03342252611966775], [-0.7010822042794166, -0.07640241812469309, -0.7075728000928369, -0.370132123873117, -0.026965726389601513, 0.22607744873912228, 0.7104403214057539, 0.4998949075660253, -0.01836472208274066, 0.24916864154068513, -0.09945511403251417, -0.06632149110114878]], "inverted": true, "swapped": true, "error_lsq": 0.049679806945266684, "error_max": 0.28520790594098566, "target": "970.xyz", "model": "5.xyz", "model_rescale": 3.6523030999806103, "target_rescale": 3.7972800464392344},
{"mapping": [7, 6, 4, 5, 1, 2, 9, 3, 11, 10, 8, 8, 12], "R": [[-0.6629607461061797, 0.3948309770060656, -0.6360751124818304], [0.12544963786424568, -0.7790240395536265, -0.6143158260677313], [-0.7380687213817335, -0.48706267091000216, 0.46693095541412516]], "T": [0.08072817539015752, -0.006282661830256699, 0.05614385892901487], "aligned_model": [[0.3589268030830869, -0.32397724557285656, 0.2718185044646543, 0.20689302242777513, 0.41629242368885666, 0.38148461325934874, -0.46376594622558776, 0.7573863425961077, 0.1642539127884825, -0.4240153202675141, -0.39968978092414353, -0.39968978092414353, 0.16010907255901066], [-0.625390118444621, 0.4830860031979395, 0.16427215364496836, -0.327291389679786, 0.4404988050701168, 0.6547126174680552, -0.4410233593929795, -0.11861144082475403, -0.5129288594633592, 0.2518124294440694, -0.10636064760406527, -0.10636064760406527, -0.0665464383445327], [0.13443524039241495, -0.08298303999344363, 0.5694928074809037, -0.5311715231300161, -0.35635804663206483, 0.27714711690205857, 0.24898978859624127, 0.1664011630456549, 0.7709180084034931, 0.592141964446529, -0.40525194369682, -0.40525194369682, 0.021565243963820924]], "inverted": true, "swapped": false, "error_lsq": 0.05781042880235337, "error_max": 0.4275612673653061, "target": "970.xyz", "model": "6.xyz", "model_rescale": 4.08911054899281, "target_rescale": 3.7972800464392344},
{"mapping": [13, 3, 10, 1, 9, 8, 7, 11, 12, 5, 2, 0, 14], "R": [[0.21737541814117992, 0.27731507345354917, -0.9358655232582298], [0.9540162114896368, 0.1423810139310411, 0.2637815669961221], [0.20640008673183305, -0.9501705093863004, -0.23361294332649993]], "T": [0.017071658360086416, 0.006635960228277248, 0.14306708125809497], "aligned_model": [[0.1645076392383864, -0.2866637192352797, 0.42376563593260885, 0.27151816825242814, 0.4804073129243124, 0.26798403727293446, -0.580543354969539, 0.5878460546000605, 0.26970303169174825, -0.31008183307444814, -0.3829517447844167, -0.34138516014287457, 0.14192055324715605], [-0.710311935493809, 0.6167485796982342, 0.22240723562340034, -0.2739571764215721, 0.3791024165066028, 0.6357924634753973, -0.44134205911656904, -0.1183721640073741, -0.403641537912977, 0.06003729341039629, -0.5016318834485517, 0.17967206406420308, 0.04536581108960542], [0.15501985138679902, -0.2593740302430555, 0.6974294752050381, -0.4850018035976992, -0.3679574955137046, 0.22277935017032707, 0.3466867133281661, 0.19892959488873846, 0.6682829242585787, 0.8290846613826094, -0.33837307007128015, -0.7091203389388396, 0.04168900382627422]], "inverted": true, "swapped": false, "error_lsq": 0.04556834175772169, "error_max": 0.28792843713484323, "target": "970.xyz", "model": "7.xyz", "model_rescale": 3.964800864290218, "target_rescale": 3.7972800464392344},
{"mapping": [1, 4, 10, 7, 12, 11, 0, 8, 5, 3, 2, 2, 13], "R": [[0.3587514671339531, -0.3972387810540995, 0.8446885435803482], [-0.13022740381205836, 0.8747764586900866, 0.4666979436616393], [-0.9243041751099079, -0.2774301680572695, 0.26209596281917047]], "T": [0.029069173334514347, 0.021197419361306036, 0.12917025246197286], "aligned_model": [[0.04960246630645891, -0.29404620084044614, 0.47046298268968856, 0.3147929570386732, 0.45492192313933155, 0.1550477294106665, -0.5895333949539838, 0.7458858765566446, 0.41496779223667385, -0.3841145484088007, -0.3668483483455284, -0.3668483483455284, 0.10173573446922721], [-0.7025601891307407, 0.5215365168648596, 0.252961762571725, -0.2991332980745675, 0.34255646065640044, 0.8396099672579833, -0.33420770551100326, -0.25456250245395945, -0.3694884149490686, -0.108013136707584, -0.10311950003824469, -0.10311950003824469, 0.00740864701943102], [-0.06799262234461043, -0.24546375226123304, 0.7823094468810516, -0.4388115393716303, -0.4056687320465828, 0.16742766152109412, 0.19380331090821662, 0.16363561056944104, 0.7596601871690966, 0.7110177754343733, -0.38697250621224366, -0.38697250621224366, 0.15410250204722234]], "inverted": false, "swapped": false, "error_lsq": 0.05567217805428359, "error_max": 0.4299888337876346, "target": "970.xyz", "model": "8.xyz", "model_rescale": 4.121658175737393, "target_rescale": 3.7972800464392344},
{"mapping": [0, 8, 9, 10, 11, 7, 1, 5, 4, 6, 2, 3, 12], "R": [[0.5659044527764899, -0.2597316790229763, -0.7824906422697], [-0.7768556090392431, 0.14988397676527743, -0.6115800489006268], [0.2761295222029123, 0.9539781173700642, -0.11695400184286096]], "T": [0.07056585523290329, 0.03223151296995153, 0.05564064306326105], "aligned_model": [[0.11699066682140599, -0.4146350127151127, 0.33633480171526997, 0.5421009799632601, 0.15698769164064805, 0.42193245906662924, -0.3507574463207934, 0.6449460975877107, 0.20474342073414362, -0.30748826877163016, -0.5447491228027979, -0.12039739029708404, 0.02001774433142728], [-0.7494451921662835, 0.5741368335792183, 0.24841172228443323, -0.1893849957051799, 0.4289235145649607, 0.6025772081706899, -0.4334880190043375, -0.18255226851333126, -0.5436454356697606, 0.2772865840355869, -0.16744474424897415, -0.14825299928796015, -0.027253100572075216], [-0.01952922216616336, 0.017272961804686016, 0.8144705325782611, -0.49664694490476263, -0.43241549778117344, 0.1360036195483646, 0.3394076404732363, 0.13096109632763506, 0.7178264467923201, 0.5821433890790388, -0.19707128971169136, -0.6884308394985288, 0.09608294354072938]], "inverted": true, "swapped": false, "error_lsq": 0.049273827371613114, "error_max": 0.2630401706760779, "target": "970.xyz", "model": "9.xyz", "model_rescale": 3.833441315466971, "target_rescale": 3.7972800464392344},
{"mapping": [8, 5, 3, 12, 6, 4, 13, 7, 9, 2, 0, 1, 14], "R": [[0.3274868986072471, 0.8388452678720655, -0.43484588972330174], [-0.7205822421637893, -0.07595343202570251, -0.6891968575390659], [-0.6111575603056983, 0.539045167617854, 0.5795832500590635]], "T": [0.11776150386442721, -0.11453836459676461, -0.04189381667174677], "aligned_model": [[0.14619459151904005, -0.4051697551912601, 0.4172175397875816, 0.31642475127392244, 0.39312979188603503, 0.2232667791310075, -0.631871313085838, 0.7179646608722564, 0.2604259271848055, -0.21156123155579418, -0.4626899172500013, -0.20202403395363253, 0.14471883033495456], [-0.7958151217788272, 0.2950075775552795, 0.28855657429597337, -0.18319101139635427, 0.3977671126230822, 0.6609501389600629, -0.22362927026146565, -0.19881842292894766, -0.3558704699155226, -0.055786803526019085, -0.23288595671637938, 0.20453245606231732, -0.11094769550621299], [0.3357474178705875, 0.08558253814058306, 0.6667403643665961, -0.6065528160039962, -0.3925289147545107, 0.1110728392776936, 0.20677535203865177, 0.2348136441369115, 0.7192341645467831, 0.5943019432439637, -0.37788928817306944, -0.6263080140696021, 0.04908560546136029]], "inverted": false, "swapped": false, "error_lsq": 0.04989163962748687, "error_max": 0.274480278507918, "target": "970.xyz", "model": "10.xyz", "model_rescale": 4.2482417240324, "target_rescale": 3.7972800464392344},
{"mapping": [6, 10, 3, 4, 8, 7, 0, 5, 1, 2, 9, 12], "R": [[0.5580559096166403, 0.5782731409819488, -0.595125008851767], [0.7513243310105162, -0.04766618819059962, 0.6582094530884369], [0.3522575071926004, -0.8144495742047201, -0.46107107879827547]], "T": [0.05053517682001722, -0.10085146807929882, -0.01784260945700671], "aligned_model": [[-0.751656938097873, -0.14724600585272213, 0.4016509808534972, 0.6792525080251967, -0.48470089011939405, 0.19164962100662658, -0.3644816896440252, 0.5094862852335867, 0.18107310261434456, 0.016033078657936836, -0.3587322475407527, 0.004437797226585424], [-0.31257884385915646, -0.6069772589396673, -0.150841393997083, -0.09540360332577175, 0.6741414985483458, 0.48267233582136815, 0.08644169539909721, 0.24660515859357354, -0.5013452210485694, 0.7359876316953319, 0.07114130451324333, 0.03628808664992708], [-0.03744712048461289, 0.14430069244050214, 0.5169670477745654, -0.10610141606166303, 0.10728057113493646, 0.2560605223470484, 0.5723961994991977, -0.6081839318726866, -0.4341191408722213, -0.3441535306165966, -0.4788248815241952, -0.022982721909918003]], "inverted": false, "swapped": true, "error_lsq": 0.056513242530867876, "error_max": 0.37338227646015043, "target": "970.xyz", "model": "11.xyz", "model_rescale": 3.6694154284099745, "target_rescale": 3.7972800464392344},
{"mapping": [10, 4, 5, 2, 1, 0, 9, 12, 7, 6, 8, 3, 13], "R": [[-0.8750414079467068, 0.05664691059979787, -0.48072202144081544], [0.36850545064097145, -0.5659852888081283, -0.7374716168780155], [-0.3138570808927844, -0.8224668870977594, 0.47438586867779065]], "T": [0.02184148494251563, -0.028056103618477872, 0.15877808684785916], "aligned_model": [[0.23726061979574758, -0.3272854542297042, 0.4409951804313564, 0.19433100529293024, 0.37084462052524547, 0.30597962284938623, -0.44736384582061706, 0.6893590617862838, 0.06447372432992281, -0.1780790209818004, -0.43597813002581787, -0.27112820877768856, 0.06261744577783238], [-0.6254238666221157, 0.5503094964912307, 0.1578393202667283, -0.26394099466229776, 0.3383063303225814, 0.6258604333141055, -0.6653612608081385, -0.14681091122762968, -0.4606314825363718, 0.29700087185607316, -0.38303277271030634, 0.18339818269992217, 0.08235576108320516], [0.14219076121781765, -0.143351459380685, 0.8178106076032994, -0.4251048268761564, -0.5197857439387277, 0.207732614098891, 0.2943316227405474, 0.11310445615326384, 0.7614607165862644, 0.5761802759412715, -0.32803873276893186, -0.6226979165984314, 0.12624246130352926]], "inverted": false, "swapped": false, "error_lsq": 0.0505553670885543, "error_max": 0.28671506009598946, "target": "970.xyz", "model": "12.xyz", "model_rescale": 3.9764082729961374, "target_rescale": 3.7972800464392344},
{"mapping": [11, 0, 6, 1, 9, 5, 3, 13, 14, 4, 7, 2, 15], "R": [[0.6148232757984297, -0.6245139529144708, 0.48163748001129486], [0.6034032319459013, -0.02075017515919073, -0.7971662122218326], [0.5078354843979781, 0.7807379540191479, 0.3640760469191372]], "T": [0.16829203333778558, -0.05062925256710933, 0.017601534971980214], "aligned_model": [[0.28244130781127996, -0.2609064901070148, 0.33603664649711296, 0.3083491731821074, 0.29190650853648137, 0.3206019655483717, -0.3855813145563273, 0.6651012064633959, 0.21025022460039822, -0.2700480330084178, -0.5815494856630319, -0.2996335550491484, 0.08905846669786903], [-0.8266865381371958, 0.46326993323570026, 0.11828510852862605, -0.13339107193171945, 0.43348824348142095, 0.7524927795855375, -0.6261655990447953, -0.24005780548066624, -0.5120512271150502, 0.38327140497232376, 0.028357677263653056, -0.09077771145603115, -0.0601660864348168], [0.14109133779057165, -0.26311930110235493, 0.743541263235201, -0.5962853089130172, -0.3168365580417709, 0.20366763036748123, 0.2829798982371403, 0.3205504003374442, 0.6688597872539138, 0.3856394778551584, -0.03272202036195016, -0.6271412500886249, 0.08984947951275973]], "inverted": false, "swapped": false, "error_lsq": 0.05772800873146877, "error_max": 0.388631321195035, "target": "970.xyz", "model": "13.xyz", "model_rescale": 4.170626492500431, "target_rescale": 3.7972800464392344},
{"mapping": [4, 11, 7, 2, 3, 1, 12, 0, 8, 10, 5, 6, 13], "R": [[-0.24785213071074125, 0.5872384961415367, 0.7705324587268028], [0.4396471812315988, 0.7769136936189684, -0.4506833352837013], [-0.8632958226107985, 0.22705959860080338, -0.45073746388112307]], "T": [0.11349919195877622, 0.013425752688100659, 0.07771785323312304], "aligned_model": [[0.14261606282243988, -0.45616968818808445, 0.4505796040845726, 0.5419008570626149, 0.200405814049391, 0.5436020847572197, -0.4517998884226284, 0.6962113503382515, 0.11193943954095618, -0.181127965200866, -0.6767624084494781, -0.24291168649121164, 0.02754304504989996], [-0.694129456171787, 0.37035021792199474, 0.12412967701531229, -0.21875628669703873, 0.47652044872015875, 0.6227908886796011, -0.3736900019807572, 0.007124771677598854, -0.4452826508875448, 0.14230474786739633, -0.2775943459457536, -0.06985279557103939, 0.025953892838845208], [0.03795650467236665, -0.1407814470881042, 0.8067934595926186, -0.3644310822621017, -0.42573437486171634, 0.2634598854708934, 0.3351755456667955, 0.20525312146478103, 0.6617901607999184, 0.5413053291645072, -0.2658134167664988, -0.6795966363631379, 0.02469778659162975]], "inverted": true, "swapped": false, "error_lsq": 0.049205427217082716, "error_max": 0.2600503992119318, "target": "970.xyz", "model": "14.xyz", "model_rescale": 3.9786697098870705, "target_rescale": 3.7972800464392344},
{"mapping": [3, 8, 4, 11, 7, 5, 6, 9, 1, 10, 2, 12], "R": [[0.1553672323233865, -0.7274313870063738, 0.6683596339682358], [-0.48210499268122425, -0.6463675532221815, -0.5914251957546338], [0.8622272317388309, -0.23033142065196752, -0.45112264131657026]], "T": [0.07271074776789105, -0.08948978737295597, -0.027975238100548742], "aligned_model": [[0.17787191064576527, -0.8196187787910623, 0.5594486314412803, 0.6376162005754575, -0.2619470861333999, 0.40320886939109385, -0.3824133713559904, -0.17217310383951537, 0.546176434802931, 0.17230736830889382, -0.3367518864292688, -0.040370591848848295], [-0.3599506375137994, 0.23462778041464916, 0.15283780009319214, -0.637029602051104, 0.19972543160983813, 0.6659032049967238, -0.4630571590299949, 0.20552456344316827, -0.0781928360610887, -0.6138094697592342, 0.708922840020357, -0.000827425938268414], [-0.6003341537878643, -0.06596700403808264, -0.3557988975295177, -0.1821695431805535, -0.5176638463059056, -0.023789193816905287, 0.5568618868912363, 0.4844546845831859, 0.3275865271901996, 0.16370299901272187, -0.08132801284047231, -0.04558895230421204]], "inverted": true, "swapped": true, "error_lsq": 0.06304689982962688, "error_max": 0.35272300324304035, "target": "970.xyz", "model": "15.xyz", "model_rescale": 3.769337070930944, "target_rescale": 3.7972800464392344},
{"mapping": [3, 0, 4, 7, 11, 10, 1, 6, 5, 2, 12], "R": [[0.8988733703279125, -0.38483721263740855, 0.2095876520332472], [-0.43048493944629473, -0.8648841150809539, 0.2581824633675865], [0.0819108114064281, -0.3222976687010087, -0.9430879236447868]], "T": [0.03850876434989749, 0.020557991268467336, 0.010454634103856879], "aligned_model": [[-0.25939598494454263, -0.3680457465737828, -0.01598430347926802, -0.614663266243412, 0.4050286376733081, 0.4034593654182913, 0.5734822264240973, 0.3488658592234174, -0.006383519660405394, -0.4780519357186339, -0.06568520142789853], [0.09689287604836305, -0.5854498105807354, 0.6215383118265887, 0.09343203613569659, 0.14401516210043144, -0.28341119130056214, 0.27284720831632503, -0.7118893240700451, 0.7259248835814237, 0.22519252078585328, -0.003028175217997007], [-0.5527757057367371, -0.14175428113740285, -0.18692302063911953, 0.06954705091152211, -0.691767134583049, -0.2993597580276601, 0.040036599604849, 0.2469380619772884, 0.43508074534706526, 0.717037002572761, 0.1081580469342596]], "inverted": true, "swapped": true, "error_lsq": 0.05198963519177498, "error_max": 0.28817472622191936, "target": "970.xyz", "model": "16.xyz", "model_rescale": 3.7852294659196426, "target_rescale": 3.7972800464392344},
{"mapping": [1, 11, 0, 5, 10, 9, 2, 4, 3, 8, 7, 6, 12], "R": [[-0.6262820210617526, 0.048139037118299144, -0.7781089018897865], [0.5648430039728488, 0.7159446256568065, -0.41033604991039163], [0.5373297041460995, -0.696495460213818, -0.47557424545890536]], "T": [0.049755849936395265, -0.06267164021850037, 0.13335857890060976], "aligned_model": [[0.0862638598865123, -0.5573001247064451, 0.5681679194549716, 0.3019729894866354, 0.3715549773098615, 0.13031372936847185, -0.4547422628283153, 0.7216113237867133, 0.1553517323964264, -0.21091244232064638, -0.39694156352905, -0.05655101383273425, 0.047237496480675344], [-0.7503643026055623, 0.32239184533120774, 0.1314466619121799, -0.42485434238212966, 0.49906223350528844, 0.7734869970136283, -0.36981705593724246, -0.22379064680385208, -0.45442252784342263, 0.31058593849561206, -0.2843603050662251, 0.1347711168847962, 0.02573349496270838], [0.13300993073125378, -0.012041662433489891, 0.5325003666077981, -0.35389824796888547, -0.34638661598109205, 0.33734619361130225, 0.2921992816504885, -0.022966636800211077, 0.8173732884026268, 0.5991232540282381, -0.35933053388526826, -0.7251916201471832, 0.10833783826637455]], "inverted": false, "swapped": false, "error_lsq": 0.050656916661623724, "error_max": 0.2541132573162248, "target": "970.xyz", "model": "17.xyz", "model_rescale": 3.901054581598922, "target_rescale": 3.7972800464392344},
{"mapping": [13, 6, 8, 9, 10, 4, 3, 5, 2, 0, 12, 11, 14], "R": [[0.8604238293900551, 0.015885892906035516, -0.5093313972496998], [-0.07310911438870503, 0.9930220373275122, -0.09253264707775657], [0.5043073380499759, 0.11685406192552908, 0.8555812275876863]], "T": [0.020275359303642805, 0.06174519901452637, 0.11720520156474981], "aligned_model": [[0.15334412573936082, -0.3989813543176846, 0.45894447491304574, 0.32876769680394147, 0.5157172125325368, 0.3789984869755823, -0.41090094981532427, 0.5640043345890051, 0.22474691114541592, -0.43613098269082673, -0.45339507449755395, -0.22530707478701092, 0.006218814362589146], [-0.6510858437911646, 0.5873336973262351, 0.24415473153425482, -0.26231646564063765, 0.4181157098677437, 0.7619810769444915, -0.5146271842809342, -0.2433345678364301, -0.4479954175444115, -0.0004278699520502832, -0.3701429648345012, 0.1363370543510726, 0.03187715132331821], [0.07637866469953991, -0.21701969845921285, 0.5805780768997992, -0.36653660615794426, -0.430509301796442, 0.1982076882100413, 0.372719889482354, 0.15423470721789304, 0.7353427188743201, 0.7199757043118484, -0.2584063506363409, -0.6383451356797236, 0.0734544791158194]], "inverted": true, "swapped": false, "error_lsq": 0.04436329185774219, "error_max": 0.26521155514338834, "target": "970.xyz", "model": "18.xyz", "model_rescale": 3.9405287249114394, "target_rescale": 3.7972800464392344},
{"mapping": [7, 1, 14, 5, 2, 10, 4, 11, 13, 12, 0, 6, 15], "R": [[-0.7963673667530355, -0.5743097285485703, -0.1896506073423008], [-0.5499282027324142, 0.8181009264262223, -0.1681958561322286], [0.2517498540423266, -0.029651473403933024, -0.9673379973487255]], "T": [0.003843025216938155, -0.07385021413233864, 0.14530080435215195], "aligned_model": [[0.007514731350353705, -0.4007130340478176, 0.3464444445158724, 0.4564671302093258, 0.3185809753833339, 0.5052897155459483, -0.5682987299272653, 0.7193537045745054, 0.33421435329168503, -0.3192131349311883, -0.5735623848642868, -0.1450312400724163, 0.024980089925026552], [-0.7773259090966064, 0.3834302596867395, 0.27396271965613284, -0.16967506351571404, 0.46357597909641113, 0.5314466961134395, -0.5020491213516389, -0.06414365351495434, -0.3553859344022027, 0.0765088254714969, -0.19157560772044546, 0.06744894524920578, -0.04634902820487722], [0.1182081095811819, -0.10519547736757592, 0.7464575165828293, -0.5455042771139306, -0.4608661632151647, 0.1537212646437388, 0.30010563790971706, 0.22993798475219648, 0.6580602695697368, 0.5614329213644693, -0.20884320882526822, -0.5731380979108335, 0.12569835611085511]], "inverted": true, "swapped": false, "error_lsq": 0.04250818030132312, "error_max": 0.2884523978592211, "target": "970.xyz", "model": "19.xyz", "model_rescale": 4.410303926677745, "target_rescale": 3.7972800464392344},
{"mapping": [1, 4, 10, 7, 12, 11, 0, 8, 5, 3, 2, 2, 13], "R": [[0.3587514671339531, -0.3972387810540995, 0.8446885435803482], [-0.13022740381205836, 0.8747764586900866, 0.4666979436616393], [-0.9243041751099079, -0.2774301680572695, 0.26209596281917047]], "T": [0.029069173334514347, 0.021197419361306036, 0.12917025246197286], "aligned_model": [[0.04960246630645891, -0.29404620084044614, 0.47046298268968856, 0.3147929570386732, 0.45492192313933155, 0.1550477294106665, -0.5895333949539838, 0.7458858765566446, 0.41496779223667385, -0.3841145484088007, -0.3668483483455284, -0.3668483483455284, 0.10173573446922721], [-0.7025601891307407, 0.5215365168648596, 0.252961762571725, -0.2991332980745675, 0.34255646065640044, 0.8396099672579833, -0.33420770551100326, -0.25456250245395945, -0.3694884149490686, -0.108013136707584, -0.10311950003824469, -0.10311950003824469, 0.00740864701943102], [-0.06799262234461043, -0.24546375226123304, 0.7823094468810516, -0.4388115393716303, -0.4056687320465828, 0.16742766152109412, 0.19380331090821662, 0.16363561056944104, 0.7596601871690966, 0.7110177754343733, -0.38697250621224366, -0.38697250621224366, 0.15410250204722234]], "inverted": false, "swapped": false, "error_lsq": 0.05567217805428359, "error_max": 0.4299888337876346, "target": "970.xyz", "model": "20.xyz", "model_rescale": 4.121658175737393, "target_rescale": 3.7972800464392344},
{"mapping": [7, 6, 4, 5, 1, 2, 9, 3, 11, 10, 8, 8, 12], "R": [[-0.6629607461061797, 0.3948309770060656, -0.6360751124818304], [0.12544963786424568, -0.7790240395536265, -0.6143158260677313], [-0.7380687213817335, -0.48706267091000216, 0.46693095541412516]], "T": [0.08072817539015752, -0.006282661830256699, 0.05614385892901487], "aligned_model": [[0.3589268030830869, -0.32397724557285656, 0.2718185044646543, 0.20689302242777513, 0.41629242368885666, 0.38148461325934874, -0.46376594622558776, 0.7573863425961077, 0.1642539127884825, -0.4240153202675141, -0.39968978092414353, -0.39968978092414353, 0.16010907255901066], [-0.625390118444621, 0.4830860031979395, 0.16427215364496836, -0.327291389679786, 0.4404988050701168, 0.6547126174680552, -0.4410233593929795, -0.11861144082475403, -0.5129288594633592, 0.2518124294440694, -0.10636064760406527, -0.10636064760406527, -0.0665464383445327], [0.13443524039241495, -0.08298303999344363, 0.5694928074809037, -0.5311715231300161, -0.35635804663206483, 0.27714711690205857, 0.24898978859624127, 0.1664011630456549, 0.7709180084034931, 0.592141964446529, -0.40525194369682, -0.40525194369682, 0.021565243963820924]], "inverted": true, "swapped": false, "error_lsq": 0.05781042880235337, "error_max": 0.4275612673653061, "target": "970.xyz", "model": "21.xyz", "model_rescale": 4.08911054899281, "target_rescale": 3.7972800464392344},
{"mapping": [8, 12, 15, 5, 9, 14, 0, 11, 1, 4, 7, 10, 16], "R": [[0.5199314275894438, -0.5360606372532972, -0.6650641350970538], [-0.8018749526225606, -0.03796703273716856, -0.5962843824734144], [0.29439407426334085, 0.8433252620506063, -0.44959385163267857]], "T": [0.008727522513178175, -0.004337519477399864, 0.14459492312881317], "aligned_model": [[0.28913352487725746, -0.2557309052217936, 0.5711551993091997, 0.4052403868666087, 0.3442484953895952, 0.14213068728864733, -0.5591420925799488, 0.7185150297296822, 0.2535054498056422, -0.4455414023136042, -0.5951670462532526, -0.12589589452852507, -0.036424811416431384], [-0.6329156034959001, 0.5564654898703093, 0.240714577167387, -0.1686506942954871, 0.3649937235096577, 0.6221350531071371, -0.4581910977225744, -0.2858152558726817, -0.5238466849945091, 0.09241911726329677, -0.07414792176561726, -0.03597965397698237, -0.007311941327049182], [0.060785113500700746, -0.2560685650262533, 0.538462408709938, -0.4153227341491177, -0.3639006238292858, 0.18407019860935409, 0.412214855023486, 0.19812069983141836, 0.6924930655970656, 0.6647584388150894, -0.22450404131866075, -0.6503960957659054, 0.15936211608412273]], "inverted": true, "swapped": false, "error_lsq": 0.04679614447603716, "error_max": 0.22889829842685097, "target": "970.xyz", "model": "22.xyz", "model_rescale": 4.204369325754507, "target_rescale": 3.7972800464392344},
{"mapping": [7, 1, 14, 5, 2, 10, 4, 11, 13, 12, 0, 6, 15], "R": [[-0.7963673667530355, -0.5743097285485703, -0.1896506073423008], [-0.5499282027324142, 0.8181009264262223, -0.1681958561322286], [0.2517498540423266, -0.029651473403933024, -0.9673379973487255]], "T": [0.003843025216938155, -0.07385021413233864, 0.14530080435215195], "aligned_model": [[0.007514731350353705, -0.4007130340478176, 0.3464444445158724, 0.4564671302093258, 0.3185809753833339, 0.5052897155459483, -0.5682987299272653, 0.7193537045745054, 0.33421435329168503, -0.3192131349311883, -0.5735623848642868, -0.1450312400724163, 0.024980089925026552], [-0.7773259090966064, 0.3834302596867395, 0.27396271965613284, -0.16967506351571404, 0.46357597909641113, 0.5314466961134395, -0.5020491213516389, -0.06414365351495434, -0.3553859344022027, 0.0765088254714969, -0.19157560772044546, 0.06744894524920578, -0.04634902820487722], [0.1182081095811819, -0.10519547736757592, 0.7464575165828293, -0.5455042771139306, -0.4608661632151647, 0.1537212646437388, 0.30010563790971706, 0.22993798475219648, 0.6580602695697368, 0.5614329213644693, -0.20884320882526822, -0.5731380979108335, 0.12569835611085511]], "inverted": true, "swapped": false, "error_lsq": 0.04250818030132312, "error_max": 0.2884523978592211, "target": "970.xyz", "model": "23.xyz", "model_rescale": 4.410303926677745, "target_rescale": 3.7972800464392344},
{"mapping": [7, 15, 3, 12, 5, 4, 11, 0, 1, 10, 14, 6, 16], "R": [[0.5921951053933145, 0.11965914661553445, 0.7968604932981956], [0.5067277287025873, 0.7136007111685059, -0.483736533645868], [-0.6265237155225, 0.6902577153868292, 0.3619562407761978]], "T": [-0.0538232190819388, -0.01998156854343859, 0.0679279103643015], "aligned_model": [[0.15457586823975686, -0.45238534637976185, 0.5647645506761005, 0.5003976845316088, 0.25304269706427646, 0.2306951868705838, -0.4827972992414076, 0.6815288149265272, 0.21029492519980772, -0.23813999952560946, -0.6267173407156956, -0.11946038598595835, 0.03022726529284838], [-0.6499705008663823, 0.4274849858126979, 0.18744155841789845, -0.1932070336838318, 0.38562394070910183, 0.5684883373758894, -0.38812742365743225, -0.19213671208005711, -0.4684595052621328, 0.19563319828664832, -0.16710678211869168, -0.000460938100255201, -0.015334017366465683], [0.10811077034688012, -0.3196751136837959, 0.687262878004122, -0.4879569365315058, -0.30209845869561275, 0.28388350647767663, 0.35283377995018234, 0.07033700140989783, 0.7501628374297858, 0.6538643770970881, -0.26115640549192104, -0.6891776285585836, 0.15368422832773748]], "inverted": true, "swapped": false, "error_lsq": 0.03780328967410628, "error_max": 0.20301346571965154, "target": "970.xyz", "model": "24.xyz", "model_rescale": 4.28219845311461, "target_rescale": 3.7972800464392344},
{"mapping": [2, 9, 8, 4, 3, 5, 14, 0, 6, 11, 13, 7, 15], "R": [[-0.44083280322805835, -0.09056710360960565, -0.89300842064443], [-0.2962965937102283, -0.9244446128968103, 0.2400218453428412], [-0.8472749070719656, 0.37040485610995144, 0.38069078583065064]], "T": [-0.010346700551630082, 0.002809214980453903, 0.0742224959233351], "aligned_model": [[0.014296374113955464, -0.3381874131756645, 0.33754405352942524, 0.41182051931273567, 0.3967608983597724, 0.15196333930424957, -0.40551601617170585, 0.6614726260361528, 0.402893536696631, -0.3799774246609347, -0.40156989298214285, -0.19468793975114887, 0.049213960341751704], [-0.681366651319534, 0.5312529979698679, 0.226624953140948, -0.23583595301768828, 0.4567631135216183, 0.7670586263181727, -0.431027365887621, -0.4593214070328432, -0.4558954648731562, 0.23123642852409637, -0.3076537102471735, 0.08914667188951926, -0.04111313151921975], [0.08294758799201178, -0.19061956879613526, 0.6317389490486324, -0.47301775779420974, -0.4035165602231092, 0.41313099263900477, 0.5597857338107274, 0.09968330220568691, 0.7307433698949246, 0.40235540673191705, -0.2474506964638876, -0.6768501748716327, 0.07114425190802127]], "inverted": false, "swapped": false, "error_lsq": 0.04879100453998063, "error_max": 0.303148596680061, "target": "970.xyz", "model": "25.xyz", "model_rescale": 4.100010024507729, "target_rescale": 3.7972800464392344},
{"mapping": [6, 10, 3, 4, 8, 7, 0, 5, 1, 2, 9, 12], "R": [[0.5580559096166403, 0.5782731409819488, -0.595125008851767], [0.7513243310105162, -0.04766618819059962, 0.6582094530884369], [0.3522575071926004, -0.8144495742047201, -0.46107107879827547]], "T": [0.05053517682001722, -0.10085146807929882, -0.01784260945700671], "aligned_model": [[-0.751656938097873, -0.14724600585272213, 0.4016509808534972, 0.6792525080251967, -0.48470089011939405, 0.19164962100662658, -0.3644816896440252, 0.5094862852335867, 0.18107310261434456, 0.016033078657936836, -0.3587322475407527, 0.004437797226585424], [-0.31257884385915646, -0.6069772589396673, -0.150841393997083, -0.09540360332577175, 0.6741414985483458, 0.48267233582136815, 0.08644169539909721, 0.24660515859357354, -0.5013452210485694, 0.7359876316953319, 0.07114130451324333, 0.03628808664992708], [-0.03744712048461289, 0.14430069244050214, 0.5169670477745654, -0.10610141606166303, 0.10728057113493646, 0.2560605223470484, 0.5723961994991977, -0.6081839318726866, -0.4341191408722213, -0.3441535306165966, -0.4788248815241952, -0.022982721909918003]], "inverted": false, "swapped": true, "error_lsq": 0.056513242530867876, "error_max": 0.37338227646015043, "target": "970.xyz", "model": "26.xyz", "model_rescale": 3.6694154284099745, "target_rescale": 3.7972800464392344},
{"mapping": [6, 9, 5, 2, 10, 8, 3, 0, 1, 7, 12, 11, 13], "R": [[-0.9643725428479937, -0.12261704527370987, -0.2344155686153115], [-0.1941460654710348, 0.9299412038561029, 0.31227658034629974], [0.1797022644904941, 0.34666182019225494, -0.9206153803614089]], "T": [0.11445317859557841, 0.07817999499898229, 0.08057077812806165], "aligned_model": [[0.014652269568773788, -0.46916442406550957, 0.5089839985632854, 0.41574257825715366, 0.19402424816099373, 0.182622262623256, -0.5921162494762349, 0.716970623149136, 0.3163562901674772, -0.20464918112122144, -0.38637454091555773, -0.1326945178877288, 0.14167326392925322], [-0.6008705760778459, 0.3898073667174561, 0.10609525397660166, -0.2923792437869933, 0.4764500139081179, 0.6996179486778338, -0.19945980289960982, -0.1738416877414882, -0.5535498429692053, 0.1725898551859978, -0.3690251953791106, -0.012887696250281633, 0.04732271410551428], [0.0915494976366647, -0.08417876065828375, 0.7658040742637439, -0.40320623083909535, -0.36320862294748324, 0.21295294513071528, 0.3571697771693493, 0.1825077369332662, 0.663493756791643, 0.6147888862459745, -0.34240903986047777, -0.7360075469447483, 0.04081836316068358]], "inverted": false, "swapped": false, "error_lsq": 0.03905447320950199, "error_max": 0.23955036871771593, "target": "970.xyz", "model": "27.xyz", "model_rescale": 4.103607728864725, "target_rescale": 3.7972800464392344},
{"mapping": [0, 13, 6, 1, 8, 11, 3, 5, 9, 10, 2, 4, 14], "R": [[0.27178532738895234, -0.9038347096788306, -0.3304777653577683], [-0.5391087040181337, 0.14146833021013727, -0.8302701468795829], [0.7971791147966488, 0.40381868347977623, -0.44881614254022995]], "T": [-0.011201393580826079, 0.067483241339347, 0.18965819190337624], "aligned_model": [[0.0817307175169513, -0.3196141518994799, 0.458059259818663, 0.32860033314590575, 0.31678518520345206, 0.2065723437620649, -0.48769169139986746, 0.649728721863141, 0.295891919076293, -0.19396384537614153, -0.41334078555405473, -0.22282036203130443, 0.0060889768274539555], [-0.6312743874984293, 0.5477965725269947, 0.22874565928935278, -0.4614455333112014, 0.4605866670652996, 0.7123066969293511, -0.509336519274702, -0.23696185976442566, -0.370327832089271, 0.10155127050297917, -0.2795969050988987, 0.17665270250393525, -0.04882742431399771], [0.07655142884490296, -0.11702276176575188, 0.5834298701382028, -0.44880086703076544, -0.45079046148464114, 0.2836717223336453, 0.2510325547618312, 0.2646580138698778, 0.8094477427652391, 0.664223816352117, -0.3193997493998601, -0.6849324140806503, 0.08800594077780409]], "inverted": true, "swapped": false, "error_lsq": 0.03798037198081987, "error_max": 0.2353696652931672, "target": "970.xyz", "model": "28.xyz", "model_rescale": 4.137296879288765, "target_rescale": 3.7972800464392344},
