[{"mapping": [0, 1, 5, 10, 2, 3, 7, 13, 6, 9, 12, 14], "R": [[0.3064868047550948, 0.846330713239635, -0.43564912755370355], [0.5527551701888725, -0.5308437695597514, -0.6423913247772453], [-0.7749371331537049, -0.04392284311021094, -0.6305102881893625]], "T": [-0.032632931776050735, 0.026741247532533804, 0.04862849212771577], "aligned_model": [[-0.19815275089717527, 0.1908294283516111, 0.35183128012201104, -0.25866876773026604, -0.10443873398328934, -0.5446179453649318, 0.34623680175488875, -0.3137860071294352, 0.7446009375963927, 0.1539544833425939, -0.5243388085817531, -0.005807455020097954], [-0.3885742511292317, -0.6052269985989439, -0.13621406435122407, 0.6494192010421616, 0.2861259948900172, -0.4759350065032705, -0.3899593711173618, -0.49958014029947084, 0.08946456411221403, 0.37052044848045257, 0.15757713754560726, -0.0040624780938929225], [-0.4454686150915839, 0.003578669098250796, -0.6534320966615236, -0.11282403840745206, -0.7545513083826101, 0.03616841431437142, 0.5378463038776681, 0.6129440232569565, -0.026330197274565433, 0.6010533030038333, 0.34302266595145403, 0.03994462166876297]], "inverted": true, "swapped": true, "error_lsq": 0.038551913426478894, "error_max": 0.2208621296656886, "target": "972.xyz", "model": "0.xyz", "model_rescale": 3.751011558992144, "target_rescale": 4.13575852315728},
{"mapping": [9, 5, 11, 13, 12, 10, 4, 8, 6, 0, 7, 1, 3, 2, 14], "R": [[-0.6637169896889763, 0.5449190559173345, -0.5123894808603748], [0.7458673783785184, 0.5336566901132009, -0.3986130842912451], [0.05622820883648673, -0.6467408751544811, -0.760634359554876]], "T": [-0.061814592959437045, -0.07753227169160323, -0.020841887819667893], "aligned_model": [[-0.10555851019357677, 0.32271191974565494, -0.7193749599317742, 0.4034459672859377, -0.19593553921307655, -0.5280591971736562, -0.34230087907483375, 0.28294722180908577, -0.760135275919141, 0.26783617461465725, -0.3384113245955232, -0.23780537200294988, 0.3566594977342078, 0.7630809039095711, -0.07806250882373345], [-0.12759967843912698, -0.38879787944179967, 0.16743861930091222, 0.17807836879167352, 0.58449287646041, -0.629459657152688, -0.750235351681482, -0.5904403730657358, 0.04352626157074932, 0.28500787982511355, 0.4391802627939837, -0.08297316360465254, 0.5607417438704994, -0.05111089922228243, -0.04597329737606563], [-0.6764098444960789, -0.4020755818373686, -0.400755845552487, -0.516521229584551, -0.3302112125232401, -0.4087154217815483, 0.28635833904081265, 0.22099033245333488, 0.22698627955684592, 0.5582949945108668, 0.2892861962858517, 0.6534601156051211, 0.009017884268058773, 0.030024921694767615, -0.06260130368705609]], "inverted": false, "swapped": false, "error_lsq": 0.03959352085974805, "error_max": 0.26800231935142366, "target": "972.xyz", "model": "1.xyz", "model_rescale": 3.9405287249114394, "target_rescale": 4.13575852315728},
{"mapping": [13, 7, 9, 5, 6, 12, 0, 1, 8, 10, 2, 4, 14], "R": [[0.22836439559335064, 0.9366187156259888, 0.26569735483140755], [-0.9695681067623697, 0.19405449998820945, 0.14926666534615246], [0.08824618504228891, -0.29169887310966636, 0.9524307734696695]], "T": [-0.11309375408741508, 0.020094475629244254, -0.027708997627101963], "aligned_model": [[-0.25563110392866906, 0.20694305529015178, -0.3729669396286461, 0.5330754959718599, 0.46237715404315816, -0.6647582403917454, 0.17877006222086156, 0.41349520228786707, 0.1972869705988528, -0.5569389249935764, 0.0025083554966456867, -0.5751544055899743, -0.07302340209285427], [0.8285894829361254, 0.5686654797901655, 0.08890542363250038, -0.39170488460370706, -0.22847982561047292, 0.21226511026635758, 0.037518587040699256, 0.4110265235022471, -0.7622961583081133, -0.4974628534833927, -0.6773322328708992, -0.16264859228631168, 0.031786533566818743], [-0.004639519873399261, -0.41906822128195326, -0.648920036669477, 0.2553860772544477, -0.4974850697272917, 0.03784533644691215, 0.5710627772458713, 0.11797896356639656, -0.19831440544377119, -0.032486851093064734, 0.4389455329096841, 0.5192805798047317, -0.026464813550442407]], "inverted": true, "swapped": true, "error_lsq": 0.051344491700015066, "error_max": 0.3583293911316696, "target": "972.xyz", "model": "2.xyz", "model_rescale": 3.932901565614263, "target_rescale": 4.13575852315728},
{"mapping": [6, 9, 11, 1, 8, 2, 10, 5, 1, 0, 12, 13, 4, 14], "R": [[0.545833173856406, 0.7358211440924414, 0.4007909557666358], [0.8099500601422982, -0.5858547699378449, -0.027478875824211407], [0.21458575533648605, 0.3396195407328112, -0.9157573484057359]], "T": [0.1367977147099382, -0.029256725803854286, 0.02011043338746898], "aligned_model": [[-0.37288543382433226, 0.5321577704962237, 0.2517966298741316, -0.2515120182750291, -0.367664024129177, -0.29782856727129847, 0.37726804414291937, -0.6533207014066431, -0.2515120182750291, -0.25500876311347953, 0.6931601935457005, 0.5270733061454488, 0.3846144922984732, 0.10347100184479532], [0.06135608433832594, 0.07076095169106253, -0.3058876588331597, 0.48768935827553395, -0.5837726981153565, -0.7170903879693681, -0.66031835332655, -0.22258578162865167, 0.48768935827553395, -0.034674553666713376, -0.07458227686606317, 0.6430105581574511, -0.4839997412397206, -0.004098220741835103], [-0.5678163596723925, -0.5201293880194217, -0.5968880995196718, 0.20267843302441657, -0.39894552230915503, 0.25573547565437593, -0.0738161095568358, 0.09489678855966183, 0.20267843302441657, 0.5590668846800543, 0.20441185917352214, 0.2851669092349807, 0.5472615568948984, 0.01959550188824779]], "inverted": false, "swapped": true, "error_lsq": 0.04453332335320285, "error_max": 0.3598862943939798, "target": "972.xyz", "model": "3.xyz", "model_rescale": 3.9243930471874484, "target_rescale": 4.13575852315728},
{"mapping": [11, 10, 8, 6, 5, 9, 7, 2, 0, 3, 1, 13, 14], "R": [[-0.7292126706048201, -0.6208317823737778, -0.2877790454914758], [-0.0042526468691646, 0.4246565336800947, -0.9053445440258714], [0.6842739188541331, -0.6589648901097882, -0.3123051033502372]], "T": [-0.11800001904628414, -0.031768246567872624, -0.11839964426879979], "aligned_model": [[-0.10495034847673755, -0.20335010221650904, 0.5363561477994376, 0.417665236635045, 0.6831412338230233, -0.46740667470292013, -0.21391483648800663, 0.4298502375942658, 0.20737475804265343, -0.3716320528753553, 0.1265735439155119, -0.6713781564005359, -0.09112310033852068], [-0.5748962171829974, 0.007699426060174638, -0.2865936635061874, -0.5971983223569499, 0.1265492584431141, -0.6006657487389516, -0.4411859360564479, 0.3766379926661919, 0.5141864184833485, 0.5382774866900011, 0.04869399999811801, 0.05255724783443391, -0.03623238865226066], [-0.53706218957312, -0.7937104013716534, -0.6128281196817288, -0.03475115050867461, -0.09930789760389137, -0.2299469219716342, 0.49779289969078133, -0.6189980385867492, 0.08180146326103913, 0.23612253763299895, 0.5021310771665157, 0.48257882609090963, -0.08675176917382879]], "inverted": false, "swapped": true, "error_lsq": 0.03909364889147026, "error_max": 0.21543649823984592, "target": "972.xyz", "model": "4.xyz", "model_rescale": 3.8936222436046832, "target_rescale": 4.13575852315728},
{"mapping": [4, 12, 0, 2, 1, 7, 9, 6, 8, 10, 5, 14], "R": [[-0.9679187935996811, 0.20647986572161142, 0.14317567547640053], [-0.24145996997520075, -0.9219856730953773, -0.30272017029996495], [0.06950030141023432, -0.3275797363367428, 0.9422638825962911]], "T": [-0.2146531755911032, -0.12277400028007866, 0.000711687616180387], "aligned_model": [[-0.0220480635061292, -0.40046162717973277, -0.2295531433799733, 0.48583462787817466, -0.609669732693151, -0.7701299285580664, -0.2865207117120771, 0.023554726488521527, 0.5628514842111475, 0.30742382207959984, 0.19301571649451532, -0.22674912790773177], [-0.5603448837647796, -0.6732106154177679, 0.19302056833579978, 0.018694291277453548, 0.4053665719325852, 0.1755676177302265, -0.40838223533009443, 0.43556669082328725, 0.18822498691121559, -0.5612428480522962, 0.5384680183730506, -0.08280525770887345], [-0.5627842441192388, -0.08904008682944517, -0.5858609904942503, -0.4540826307462161, -0.12726578175023473, 0.3994015467531983, 0.6101664992963218, 0.4958461898520505, 0.19135176067990162, -0.0075120934556363456, -0.2519170942473343, 0.0009816443364018494]], "inverted": false, "swapped": true, "error_lsq": 0.038216389779976496, "error_max": 0.19830712198391937, "target": "972.xyz", "model": "5.xyz", "model_rescale": 3.6523030999806103, "target_rescale": 4.13575852315728},
{"mapping": [7, 6, 5, 1, 0, 9, 8, 12, 11, 10, 2, 4, 14], "R": [[-0.464706005999993, -0.009436217786361778, 0.8854147535372465], [0.8704301273851132, 0.17861809080735747, 0.45874499558760373], [-0.16247991053625813, 0.9838732313820837, -0.07479133132861454]], "T": [0.1542254879019455, -0.1820441569268922, 0.012357656273298198], "aligned_model": [[0.19632603825731987, -0.29913445664806143, 0.22064480058912, 0.5619453750851051, 0.68149132516213, -0.33716305468280094, -0.40026994606685945, 0.25226972113868834, -0.5297193517190144, -0.2036587865601766, 0.13867486340006002, 0.43283726281764123, 0.16683911389114306], [-0.6129269347572969, 0.06604352207694597, 0.5690089201618189, -0.1474398839476852, 0.22387813321354316, -0.6465983034793834, 0.4702504947948832, -0.5633329917310441, -0.2168761684929013, -0.0174195927267205, 0.6064445186359837, -0.019626195363954435, -0.1705786142210065], [0.6198799384419041, 0.6010534788025788, 0.32662503372499313, 0.545195168986357, 0.04747967982692654, 0.04233963909442578, 0.08035768972093348, -0.4241818972208272, -0.025626557991240778, -0.5441533961715678, -0.2967994218065034, -0.6525397470885144, 0.050480131162323534]], "inverted": true, "swapped": true, "error_lsq": 0.05107756462878446, "error_max": 0.28150802975558004, "target": "972.xyz", "model": "6.xyz", "model_rescale": 4.08911054899281, "target_rescale": 4.13575852315728},
{"mapping": [1, 11, 0, 13, 2, 9, 8, 10, 3, 5, 6, 4, 7, 12, 14], "R": [[0.3870342131778095, 0.6982880504060137, 0.6021613708052042], [0.7092576358867625, 0.19184713421982647, -0.6783423052028825], [-0.5892012591349026, 0.6896292306390504, -0.4210147271557575]], "T": [-0.007469074510635346, -0.044219378702028994, -0.01632539054860452], "aligned_model": [[-0.21358406627612658, 0.2745406601234956, -0.8357068844591632, 0.49320411892265353, -0.1515422417258202, -0.4789121331099777, -0.2728281331928752, 0.3748678259912885, -0.7685915547301205, 0.36240262530552897, -0.3228172576631936, -0.25338819380868255, 0.25033741416580885, 0.7025768333533134, -0.06952089472528072], [-0.03421542363127185, -0.4661487298733844, 0.27128502072941096, 0.2065580149065088, 0.6185506826524539, -0.5673636102782931, -0.5956345375213105, -0.5679779268362727, -0.05940474152394762, 0.11918985544070582, 0.3309573098742631, -0.07002449590952106, 0.6693418012158018, -0.10596066847323884, -0.15727683814239607], [-0.7201453887781581, -0.31124435424687663, -0.3311829571004687, -0.4878458827690852, -0.4523509764400919, -0.360736283777561, 0.2847972852573965, 0.29795215601314773, 0.2002696489289414, 0.629425008177803, 0.07823116493425972, 0.6437559471604958, 0.13747714989870574, -0.011351471143816964, -0.11992242216136165]], "inverted": false, "swapped": false, "error_lsq": 0.039266181202496996, "error_max": 0.23346394997046668, "target": "972.xyz", "model": "7.xyz", "model_rescale": 3.964800864290218, "target_rescale": 4.13575852315728},
{"mapping": [5, 8, 6, 0, 7, 4, 1, 11, 10, 12, 3, 13, 9, 14], "R": [[-0.1546042484144724, 0.023512062466168993, 0.9876966686644151], [0.7776691489132752, -0.6137121826975175, 0.1363380051091832], [0.6093670660617448, 0.7891796625149663, 0.07659790514149367]], "T": [0.028501293203871528, -0.027894320261709564, 0.10571173700911163], "aligned_model": [[-0.2686761901520065, 0.34436233346958256, 0.39246185076763984, -0.6004714529118491, 0.14328979059260305, -0.3045561509167227, -0.3547782388350762, 0.6858803806193517, 0.29972584205069563, 0.04760662997176589, -0.5803257309561654, -0.2012934539036722, 0.6441189317239223, 0.013843347940803535], [-0.25265681285666886, -0.5186249434465544, 0.1452181301942424, -0.1337089510266397, 0.7031673454868823, -0.5570180725865912, 0.44057195803738974, -0.1947237768730113, -0.627662778307087, -0.08791781569608365, 0.125373974822996, 0.601382300112688, 0.17147624295996244, -0.003928334640322811], [-0.6212157693774549, -0.5243618794968028, -0.5660101543226579, -0.08719309411953474, 0.011434541237525131, 0.49965775615222946, -0.18581000057473168, 0.003450888964819626, 0.2834812320732971, 0.6901711411467849, 0.45328303678003856, 0.5808102352131232, 0.30430296496299275, 0.07481414008539276]], "inverted": false, "swapped": true, "error_lsq": 0.04701915593948707, "error_max": 0.35844430292089385, "target": "972.xyz", "model": "8.xyz", "model_rescale": 4.121658175737393, "target_rescale": 4.13575852315728},
{"mapping": [4, 12, 10, 2, 3, 1, 9, 6, 11, 7, 5, 8, 14], "R": [[-0.5103737492450409, 0.03968487446192853, 0.859036522401988], [-0.8595808446997459, -0.05291561879503559, -0.5082526032523689], [0.02528650839541796, -0.9978101262396968, 0.061119100669831616]], "T": [-0.1183517001671947, -0.11538597447953639, -0.06468365200824366], "aligned_model": [[-0.35086419117262346, -0.20736840363744044, 0.27781759390847166, -0.05103017750215921, -0.8044851254605141, -0.5542784074755787, 0.3500181797052256, 0.3105371928831094, 0.5645088969124208, -0.2139716121037195, -0.17038509542400387, 0.45887780643252735, -0.13263916063051825], [0.14300948745742856, -0.43342832758752425, 0.09971616614462916, 0.7039168401116443, -0.2081098849704104, -0.12762051670449642, -0.6040396389121321, 0.033777470558800204, -0.17936675109667768, -0.6165175287263507, 0.5926170996567988, 0.4946160578002269, -0.10818303432022666], [-0.7168051124234397, -0.550981623539036, -0.5762185111030645, -0.26899963995135057, -0.25333815942518123, 0.44636135471731186, -0.06909114806062916, 0.5736345220567779, -0.0713528638588321, 0.4795954544085339, 0.3393960517930879, 0.1149858246180469, -0.02611071527313643]], "inverted": false, "swapped": true, "error_lsq": 0.05733201320716773, "error_max": 0.3779595557430353, "target": "972.xyz", "model": "9.xyz", "model_rescale": 3.833441315466971, "target_rescale": 4.13575852315728},
{"mapping": [5, 2, 0, 4, 1, 13, 8, 9, 10, 7, 12, 11, 6, 3, 14], "R": [[0.6435310904568927, -0.6919343684508965, 0.32725306014126465], [-0.2581668010554209, 0.20627710866646592, 0.9438218355563799], [-0.7205675807640626, -0.6918645707048907, -0.04588874976684513]], "T": [-0.08612336877839274, 0.05218168666652528, -0.005037488141780677], "aligned_model": [[-0.019591020627688027, 0.1495148549820436, -0.6523958893687251, 0.5498526386319986, -0.3836747438127671, -0.39599516872030704, -0.2875851970535786, 0.2721370031780831, -0.8066374963413125, 0.32706164546133865, -0.35371204619287, -0.20167996427497029, 0.17886682414043134, 0.7324523126331289, -0.017575634463956366], [-0.02355557865484518, -0.5447627643013611, 0.08266828594294384, 0.3336510978503254, 0.5793045697061339, -0.44443613653254027, -0.5739107781199162, -0.638835807761921, -0.19146232764547197, -0.02085224092566406, 0.5439356728670319, 0.06499839771620886, 0.6729137928341492, -0.23612553351862103, -0.011654936826944441], [-0.6738218440878545, -0.32873828345947864, -0.3821700396306404, -0.39519395503220883, -0.4283737354736027, -0.5463661745204309, 0.41326948007940323, 0.2231169657094532, 0.3068136458822119, 0.5125126700168157, 0.21766045546402726, 0.667137701967673, -0.0805452233380215, -0.03872205936376502, 0.010549019739748125]], "inverted": true, "swapped": false, "error_lsq": 0.04780440091041465, "error_max": 0.2742464322002879, "target": "972.xyz", "model": "10.xyz", "model_rescale": 4.2482417240324, "target_rescale": 4.13575852315728},
{"mapping": [4, 12, 9, 7, 2, 8, 10, 6, 1, 5, 0, 14], "R": [[-0.2471146910023883, 0.6959787992477453, -0.6742016319236115], [0.9454869443983072, 0.325489200802211, -0.010546000829251223], [0.21210555736035475, -0.640054912612039, -0.7384720315476061]], "T": [0.020580684145050952, -0.10633118614808854, -0.00758517473908343], "aligned_model": [[-0.6960647882830785, -0.21325241829005118, 0.46981166840641925, 0.6434201001636435, -0.5269682760438811, 0.08331149489746628, -0.30186957316680574, 0.599310354914486, 0.220617325740975, -0.06868852472586776, -0.37224893940852427, 0.03938717815822572], [-0.20118733957345866, -0.5578213183157786, -0.28639111630305203, -0.4012227053167743, 0.5398768666658589, 0.7271569246419864, 0.10644854772320034, 0.4144346534341917, -0.17100849623812567, 0.5744053341595388, 0.01704086699271193, -0.09560082781965962], [0.14575839168227278, 0.2874391797520599, 0.4656400554512699, -0.2932874702818841, -0.019400462063692333, 0.18974682484512362, 0.5542311377259866, -0.09430550542680188, -0.645668997324994, -0.45017418556023736, -0.5314935146952446, -0.04329316424950187]], "inverted": true, "swapped": true, "error_lsq": 0.04906605207013586, "error_max": 0.25165275779475116, "target": "972.xyz", "model": "11.xyz", "model_rescale": 3.6694154284099745, "target_rescale": 4.13575852315728},
{"mapping": [6, 8, 10, 2, 5, 7, 1, 13, 4, 3, 12, 0, 9, 14], "R": [[-0.5309104518714987, -0.13091758038615356, -0.8372542500575534], [-0.38826619646645344, 0.9157721925149611, 0.1030080195801012], [0.7532485995838788, 0.37976555736687884, -0.5370238995265941]], "T": [-0.05303433438266252, 0.07267492689827296, -0.0243865132932568], "aligned_model": [[-0.07278957374006217, 0.23926160287865578, -0.07527360343604858, 0.6311625463010916, 0.6265344999386717, -0.4191513701340798, 0.1675149006937143, -0.39550089222564144, 0.23900808129020013, 0.16323005928553358, -0.3274643984657855, 0.5593812187981937, -0.7000420133114207, -0.03760620761721318], [-0.3395749189746472, 0.23639581762135198, 0.7199637084897164, 0.4726789724166759, -0.14987162130189166, -0.5742009100651837, -0.5397511511288465, -0.26958100294432363, 0.6559482489635486, 0.002512309883013736, 0.41591638325657565, -0.04797730681224521, 0.11417327186113381, 0.03435548687137601], [-0.6901982752462945, -0.8151684418344534, -0.23748179873266778, -0.323394380032026, -0.4192478402625598, 0.03906201378062719, 0.14186964727486345, 0.6390068910985202, 0.32288302405793534, 0.6562560090744598, 0.3660415486419778, 0.2088643260104617, -0.21888876245538147, -0.030508501723047303]], "inverted": false, "swapped": true, "error_lsq": 0.03943834000116957, "error_max": 0.24513554776482271, "target": "972.xyz", "model": "12.xyz", "model_rescale": 3.9764082729961374, "target_rescale": 4.13575852315728},
{"mapping": [3, 7, 11, 4, 14, 8, 1, 0, 10, 9, 13, 12, 6, 4, 15], "R": [[0.39673794845381544, 0.5027630181649131, -0.7680028306083027], [0.7414102096456431, 0.3177863505489013, 0.5910353089604838], [0.5412115125252432, -0.8038912755904983, -0.24667572993632833]], "T": [-0.040571972765276874, -0.02921951475908612, 0.06596955851441773], "aligned_model": [[-0.1975915537151816, 0.33994800369884143, -0.7047774521429921, 0.6329787973489469, -0.24242310690901128, -0.49816378496440367, -0.3648106403273898, 0.4922857894542669, -0.8141470099536705, 0.2071311823162836, -0.32324694270942583, -0.3340492046314366, 0.2559458497740171, 0.6329787973489469, 0.008979393583058444], [-0.08909089013734926, -0.48032426880829215, 0.15993629499969855, 0.029081724518093887, 0.5544699584999372, -0.42452777623569715, -0.4663336031389807, -0.5132236802761028, -0.19260639310964767, -0.25778473266908536, 0.5002426206887611, 0.08793766217835715, 0.6662204395651898, 0.029081724518093887, -0.011203367963468054], [-0.7587750788869072, -0.4059867395778341, -0.3259435180070587, -0.17650528009055821, -0.44134765785672164, -0.30008227998008735, 0.39326627169430134, 0.16036503778550243, 0.21099813769831433, 0.5638653454437883, 0.1853230447683972, 0.6203690942433838, -0.04402706209383696, -0.17650528009055821, -0.02788541109679525]], "inverted": false, "swapped": false, "error_lsq": 0.04760206637958567, "error_max": 0.4519896541256192, "target": "972.xyz", "model": "13.xyz", "model_rescale": 4.170626492500431, "target_rescale": 4.13575852315728},
{"mapping": [9, 7, 11, 6, 10, 2, 8, 13, 12, 1, 3, 5, 4, 14], "R": [[-0.723961182660327, -0.6886662262585702, 0.04023723166223733], [0.6757493419712405, -0.6962362692202467, 0.24211130549337795], [-0.1387192590323935, 0.20246946987892284, 0.9694137821077499]], "T": [0.04591797665244309, 0.003938163559328859, 0.08410226726768968], "aligned_model": [[0.18433402637066307, 0.03642910691607139, -0.1660179983943254, -0.6393758560549345, 0.10277115629660913, -0.36524007302805395, -0.681514151034027, 0.6282592602607809, 0.6089144969663921, -0.1251177997882888, 0.4902334759142393, -0.6576566905908309, 0.4063556539513006, 0.020808414306047657], [-0.2417651056526211, -0.7415571209184935, 0.0784567722531867, -0.289792620809546, 0.5842891446415769, 0.7100049086652754, 0.3752798067392202, -0.5326261106395452, 0.1304769708427087, -0.447270750421437, -0.03373087171462044, 0.17406388153684588, 0.6118802244957227, -0.02163466109260767], [-0.5312375370969593, 0.058363384718530475, -0.5639461357443668, -0.15618942303100006, -0.26923525870413323, 0.3076042179942138, -0.18146389615671663, 0.3020258382795914, -0.02807383244978129, 0.5515485809646968, 0.6463585299695476, 0.4626470624092617, 0.2999350814666196, 0.10553648850136185]], "inverted": true, "swapped": true, "error_lsq": 0.04200714284478561, "error_max": 0.26733376762142935, "target": "972.xyz", "model": "14.xyz", "model_rescale": 3.9786697098870705, "target_rescale": 4.13575852315728},
{"mapping": [12, 10, 13, 3, 9, 7, 2, 6, 1, 0, 11, 14], "R": [[0.7721433437487518, -0.4974206030574616, -0.39543318064933297], [0.12547830679057076, -0.49068515176253114, 0.8622547630281627], [-0.6229364744734958, -0.7154025618445414, -0.31646377877538967]], "T": [-0.013891301862891156, -0.023797742818403435, -0.02063305306367854], "aligned_model": [[-0.04712319123565357, -0.657800012218336, 0.6646675555284475, 0.45082670257922347, -0.15572391902145388, 0.5444778777607536, -0.5226373987467238, -0.08830932562516781, 0.5711991486329758, 0.21487296462143612, -0.5037926347512808, 0.012696829243116183], [-0.18214107778300223, -0.15435392801717207, -0.0037813481136334225, -0.5293998340230742, 0.5357751364989343, 0.4709138653332041, -0.5171552104720571, 0.528672532202589, -0.0251560841294455, -0.5474220324293247, 0.4546154632864402, -0.01589299212901911], [-0.5857734416249142, -0.2029064953787916, -0.4828781122503984, -0.22889016762880504, -0.3740929172618894, -0.02081168366208421, 0.44338217336318897, 0.5297159818376912, 0.30954280419231933, 0.32215002560617995, -0.06005514668937314, 0.010583473370706462]], "inverted": false, "swapped": true, "error_lsq": 0.05165722807974924, "error_max": 0.23817821988588836, "target": "972.xyz", "model": "15.xyz", "model_rescale": 3.769337070930944, "target_rescale": 4.13575852315728},
{"mapping": [6, 5, 9, 11, 7, 1, 13, 0, 12, 10, 14], "R": [[-0.8552469108190739, 0.07791896878884143, 0.5123293431351703], [-0.498508345447236, -0.3937818811686841, -0.772285737005878], [0.14157030427985517, -0.9158954440142917, 0.37562399361592086]], "T": [-0.015282532303642467, 0.04025947339781038, 0.09879716692586402], "aligned_model": [[-0.4193321094392426, -0.27521980268485796, -0.19762728781387118, -0.5863353509209105, 0.3417300294342966, 0.4087415535538563, 0.7362161786042543, 0.23816421490615453, 0.17960991162609397, -0.49984266804109234, -0.0034785385335100866], [-0.11583114062087846, -0.71247981128756, 0.6519872049140691, 0.38630253185474167, 0.240234252664165, -0.3047808888347456, 0.3587658651261417, -0.5534083849799439, 0.432200560878548, 0.1977946332524731, 0.015279674658331223], [-0.5539088669754129, -0.0830610717952458, -0.1263955212068727, -0.05801320661560869, -0.5249558822218814, -0.2917146768259564, 0.007601554774187863, 0.2641420960013724, 0.49117421547183915, 0.5518657056728604, 0.06748326094449517]], "inverted": true, "swapped": true, "error_lsq": 0.03801128757650558, "error_max": 0.18879999150369384, "target": "972.xyz", "model": "16.xyz", "model_rescale": 3.7852294659196426, "target_rescale": 4.13575852315728},
{"mapping": [6, 2, 0, 5, 11, 10, 12, 4, 1, 7, 9, 3, 14], "R": [[-0.6316386635861884, 0.5547995330805161, 0.5415072268739316], [-0.770956898657733, -0.3759917266833823, -0.5140580530229045], [-0.08159693054952706, -0.7421776738485809, 0.6652174391622678]], "T": [-0.0013532955297136124, 0.15139819100668983, -0.0068146607596613], "aligned_model": [[-0.04168909704263035, -0.360754399674891, 0.342695798120372, 0.08878089115280058, -0.542499282796308, -0.6477682150948254, -0.11435808399235219, -0.22454912544976938, 0.6286285563978687, 0.4874930697823937, -0.2664151912064958, 0.4750117038929107, 0.02918922612720918], [-0.16933296290244992, -0.5514203049917571, -0.3004450682573525, -0.6511674612706199, 0.2569973584352663, 0.13921238870850144, 0.6036607180980182, 0.10430324198629692, -0.03024348721756734, 0.44188675996292776, 0.6435772715092716, 0.2568357316247763, 0.1311914380175631], [-0.7203621765480253, 0.30044959092257706, 0.341730337094623, -0.1293725507888327, -0.41479315224030794, 0.20971757823640155, 0.35130424876009436, 0.6960781899937656, -0.1533682142514691, -0.48968252087184694, -0.3884874503745683, 0.5194235328406156, -0.026882715629853303]], "inverted": true, "swapped": true, "error_lsq": 0.040265767369182186, "error_max": 0.23940095529444727, "target": "972.xyz", "model": "17.xyz", "model_rescale": 3.901054581598922, "target_rescale": 4.13575852315728},
{"mapping": [9, 5, 11, 13, 12, 10, 4, 8, 6, 0, 7, 1, 3, 2, 14], "R": [[-0.6637169896889763, 0.5449190559173345, -0.5123894808603748], [0.7458673783785184, 0.5336566901132009, -0.3986130842912451], [0.05622820883648673, -0.6467408751544811, -0.760634359554876]], "T": [-0.061814592959437045, -0.07753227169160323, -0.020841887819667893], "aligned_model": [[-0.10555851019357677, 0.32271191974565494, -0.7193749599317742, 0.4034459672859377, -0.19593553921307655, -0.5280591971736562, -0.34230087907483375, 0.28294722180908577, -0.760135275919141, 0.26783617461465725, -0.3384113245955232, -0.23780537200294988, 0.3566594977342078, 0.7630809039095711, -0.07806250882373345], [-0.12759967843912698, -0.38879787944179967, 0.16743861930091222, 0.17807836879167352, 0.58449287646041, -0.629459657152688, -0.750235351681482, -0.5904403730657358, 0.04352626157074932, 0.28500787982511355, 0.4391802627939837, -0.08297316360465254, 0.5607417438704994, -0.05111089922228243, -0.04597329737606563], [-0.6764098444960789, -0.4020755818373686, -0.400755845552487, -0.516521229584551, -0.3302112125232401, -0.4087154217815483, 0.28635833904081265, 0.22099033245333488, 0.22698627955684592, 0.5582949945108668, 0.2892861962858517, 0.6534601156051211, 0.009017884268058773, 0.030024921694767615, -0.06260130368705609]], "inverted": false, "swapped": false, "error_lsq": 0.03959352085974805, "error_max": 0.26800231935142366, "target": "972.xyz", "model": "18.xyz", "model_rescale": 3.9405287249114394, "target_rescale": 4.13575852315728},
{"mapping": [7, 12, 8, 13, 9, 0, 1, 3, 6, 10, 5, 2, 11, 14, 15], "R": [[-0.20015620184691985, 0.0041464747999043206, -0.9797552253542459], [-0.5351534270151808, -0.8381057658759861, 0.10578059727253797], [-0.8206998869356099, 0.5454920090635251, 0.16997106704294207]], "T": [-0.017394495628030325, -0.11117170555599462, -0.1610074376287185], "aligned_model": [[-0.23618975139266166, 0.28706229840533914, -0.7378653663594714, 0.47759678461801297, -0.12377387836442322, -0.5658556370063907, -0.2536029794970561, 0.3767535119130446, -0.6737292926615545, 0.33049711819318967, -0.5087056041962382, -0.30383092588630345, 0.30654331639916216, 0.7362224628797426, -0.02008393887354183], [0.18566358375671008, -0.547690289438332, 0.08226206652461429, 0.18839963191701922, 0.6081624028481863, -0.500273363493977, -0.604136468003225, -0.6348075895126186, -0.14865057012465022, 0.08439234058220182, 0.4763046048343784, 0.0768821359023649, 0.5018766068705848, -0.07700324392233975, -0.09950613611140882], [-0.760709860514332, -0.29099454738070174, -0.28661498430527454, -0.5024316482772602, -0.40646968395495386, -0.3040617425056102, 0.20873668891432834, 0.38294237996324565, 0.19410300224291793, 0.516214952607643, 0.16263993542791633, 0.6376885039827926, 0.03507739725091896, 0.014015298480819088, -0.12300706797911957]], "inverted": true, "swapped": false, "error_lsq": 0.039286722972008706, "error_max": 0.33586695911988773, "target": "972.xyz", "model": "19.xyz", "model_rescale": 4.410303926677745, "target_rescale": 4.13575852315728},
{"mapping": [5, 8, 6, 0, 7, 4, 1, 11, 10, 12, 3, 13, 9, 14], "R": [[-0.1546042484144724, 0.023512062466168993, 0.9876966686644151], [0.7776691489132752, -0.6137121826975175, 0.1363380051091832], [0.6093670660617448, 0.7891796625149663, 0.07659790514149367]], "T": [0.028501293203871528, -0.027894320261709564, 0.10571173700911163], "aligned_model": [[-0.2686761901520065, 0.34436233346958256, 0.39246185076763984, -0.6004714529118491, 0.14328979059260305, -0.3045561509167227, -0.3547782388350762, 0.6858803806193517, 0.29972584205069563, 0.04760662997176589, -0.5803257309561654, -0.2012934539036722, 0.6441189317239223, 0.013843347940803535], [-0.25265681285666886, -0.5186249434465544, 0.1452181301942424, -0.1337089510266397, 0.7031673454868823, -0.5570180725865912, 0.44057195803738974, -0.1947237768730113, -0.627662778307087, -0.08791781569608365, 0.125373974822996, 0.601382300112688, 0.17147624295996244, -0.003928334640322811], [-0.6212157693774549, -0.5243618794968028, -0.5660101543226579, -0.08719309411953474, 0.011434541237525131, 0.49965775615222946, -0.18581000057473168, 0.003450888964819626, 0.2834812320732971, 0.6901711411467849, 0.45328303678003856, 0.5808102352131232, 0.30430296496299275, 0.07481414008539276]], "inverted": false, "swapped": true, "error_lsq": 0.04701915593948707, "error_max": 0.35844430292089385, "target": "972.xyz", "model": "20.xyz", "model_rescale": 4.121658175737393, "target_rescale": 4.13575852315728},
{"mapping": [7, 6, 5, 1, 0, 9, 8, 12, 11, 10, 2, 4, 14], "R": [[-0.464706005999993, -0.009436217786361778, 0.8854147535372465], [0.8704301273851132, 0.17861809080735747, 0.45874499558760373], [-0.16247991053625813, 0.9838732313820837, -0.07479133132861454]], "T": [0.1542254879019455, -0.1820441569268922, 0.012357656273298198], "aligned_model": [[0.19632603825731987, -0.29913445664806143, 0.22064480058912, 0.5619453750851051, 0.68149132516213, -0.33716305468280094, -0.40026994606685945, 0.25226972113868834, -0.5297193517190144, -0.2036587865601766, 0.13867486340006002, 0.43283726281764123, 0.16683911389114306], [-0.6129269347572969, 0.06604352207694597, 0.5690089201618189, -0.1474398839476852, 0.22387813321354316, -0.6465983034793834, 0.4702504947948832, -0.5633329917310441, -0.2168761684929013, -0.0174195927267205, 0.6064445186359837, -0.019626195363954435, -0.1705786142210065], [0.6198799384419041, 0.6010534788025788, 0.32662503372499313, 0.545195168986357, 0.04747967982692654, 0.04233963909442578, 0.08035768972093348, -0.4241818972208272, -0.025626557991240778, -0.5441533961715678, -0.2967994218065034, -0.6525397470885144, 0.050480131162323534]], "inverted": true, "swapped": true, "error_lsq": 0.05107756462878446, "error_max": 0.28150802975558004, "target": "972.xyz", "model": "21.xyz", "model_rescale": 4.08911054899281, "target_rescale": 4.13575852315728},
{"mapping": [6, 0, 10, 8, 5, 7, 13, 2, 12, 15, 9, 14, 11, 1, 16], "R": [[0.8450784199634661, 0.45077375402565456, -0.2874812807708889], [0.360496817787048, -0.8775159753250202, -0.3162400313287216], [-0.3948221225785909, 0.16361153911322263, -0.9040723177885378]], "T": [-0.036558806680603094, -0.07547413160383512, 0.017421611161335268], "aligned_model": [[-0.05510477709221425, 0.18300286959826087, -0.6751089318089558, 0.3379181542694444, -0.22087057543568955, -0.5147446532499398, -0.4169606034637572, 0.4725514239196048, -0.7366840086586713, 0.3525670692963866, -0.48488303891865425, -0.2826030770425101, 0.4273931824621418, 0.7459322817650558, -0.041367197469652686], [-0.14165928778032555, -0.6695748307481859, 0.20069371413921447, 0.25140580973675564, 0.5551252137067069, -0.41356329792984947, -0.6023014307996378, -0.37916698018728157, -0.145728452876208, 0.20266197782146458, 0.4410349694294119, -0.021161645746888627, 0.5333236044226312, -0.0974787468641527, -0.12173490369414625], [-0.7247641476852988, -0.4285788683956754, -0.3913820922112555, -0.46598145846779093, -0.23968282586855222, -0.3861006308070364, 0.13774382795624934, 0.42952749099166204, 0.24071186605798867, 0.5676291857848328, 0.216849149130663, 0.6076206935472531, 0.020048137001108676, -0.1138105292479908, 0.007298826167171826]], "inverted": true, "swapped": false, "error_lsq": 0.039329601316871146, "error_max": 0.26534985933421756, "target": "972.xyz", "model": "22.xyz", "model_rescale": 4.204369325754507, "target_rescale": 4.13575852315728},
{"mapping": [7, 12, 8, 13, 9, 0, 1, 3, 6, 10, 5, 2, 11, 14, 15], "R": [[-0.20015620184691985, 0.0041464747999043206, -0.9797552253542459], [-0.5351534270151808, -0.8381057658759861, 0.10578059727253797], [-0.8206998869356099, 0.5454920090635251, 0.16997106704294207]], "T": [-0.017394495628030325, -0.11117170555599462, -0.1610074376287185], "aligned_model": [[-0.23618975139266166, 0.28706229840533914, -0.7378653663594714, 0.47759678461801297, -0.12377387836442322, -0.5658556370063907, -0.2536029794970561, 0.3767535119130446, -0.6737292926615545, 0.33049711819318967, -0.5087056041962382, -0.30383092588630345, 0.30654331639916216, 0.7362224628797426, -0.02008393887354183], [0.18566358375671008, -0.547690289438332, 0.08226206652461429, 0.18839963191701922, 0.6081624028481863, -0.500273363493977, -0.604136468003225, -0.6348075895126186, -0.14865057012465022, 0.08439234058220182, 0.4763046048343784, 0.0768821359023649, 0.5018766068705848, -0.07700324392233975, -0.09950613611140882], [-0.760709860514332, -0.29099454738070174, -0.28661498430527454, -0.5024316482772602, -0.40646968395495386, -0.3040617425056102, 0.20873668891432834, 0.38294237996324565, 0.19410300224291793, 0.516214952607643, 0.16263993542791633, 0.6376885039827926, 0.03507739725091896, 0.014015298480819088, -0.12300706797911957]], "inverted": true, "swapped": false, "error_lsq": 0.039286722972008706, "error_max": 0.33586695911988773, "target": "972.xyz", "model": "23.xyz", "model_rescale": 4.410303926677745, "target_rescale": 4.13575852315728},
{"mapping": [10, 4, 11, 3, 1, 9, 15, 5, 14, 12, 7, 13, 0, 2, 16], "R": [[0.7474350049327357, 0.43230250748531207, 0.5044357792852454], [-0.3915440961840676, -0.32675360025448574, 0.8601891102915294], [0.536688116269219, -0.8404443031769823, -0.07496158424655813]], "T": [-0.1629396393593741, -0.0819922403398335, -0.011263699489928426], "aligned_model": [[-0.22514091626400082, 0.35564610493737686, -0.7069913270715851, 0.4913128592073854, -0.11631779104597495, -0.5555935725210915, -0.3267734996756658, 0.2871860367498595, -0.7458248828469101, 0.2499840895434568, -0.254862704532992, -0.4394678198376281, 0.4198994130353086, 0.7424366904979656, -0.08445456200465547], [-0.14714671473138408, -0.3913936619606582, 0.14661451738471454, 0.20364486437005608, 0.6335472256739828, -0.46904049658290636, -0.7548408631636655, -0.42114938854142053, -0.30369639158587564, 0.11049848674580594, 0.5517212867096962, 0.1124108853909712, 0.3695279667178641, -0.02612294206818784, -0.02269906172948441], [-0.6559883243444546, -0.3417541821098485, -0.2403230761391444, -0.5586356910698456, -0.4826075499927668, -0.30864648268393596, 0.16121061109771692, 0.2679518766495563, 0.25187514648189574, 0.6510180750431781, 0.1673090095275174, 0.6051178495011296, 0.15248596526823055, -0.11159452238632062, -0.08029008088957829]], "inverted": true, "swapped": false, "error_lsq": 0.03820980383544668, "error_max": 0.2370603979811109, "target": "972.xyz", "model": "24.xyz", "model_rescale": 4.28219845311461, "target_rescale": 4.13575852315728},
{"mapping": [8, 5, 6, 1, 0, 10, 12, 9, 14, 13, 2, 13, 4, 3, 15], "R": [[0.28369065241093444, -0.8847109844895921, -0.36987306965784306], [0.2358578676248685, 0.4382481756178584, -0.8673578286077027], [0.9294571964400021, 0.1588238347700873, 0.33299295712494525]], "T": [0.0034371732173069935, -0.06310041046371292, 0.02384737280270717], "aligned_model": [[-0.14812660179207465, 0.30247733566866997, -0.6399072220665922, 0.33798237370427453, -0.12098643844335086, -0.580197686134507, -0.27067707763986926, 0.43848526213546546, -0.7333713953472416, -0.08043764401656256, -0.43703092993383874, -0.08043764401656256, 0.35789882384959626, 0.7510824827178707, -0.005715520514427839], [-0.20153064125858822, -0.6074564958921924, 0.2695950161079722, 0.08459344658756066, 0.667113657300092, -0.4255444060531357, -0.5567517805243861, -0.5335851743765755, -0.19455347080090554, 0.020469347499217472, 0.41667078521279255, 0.020469347499217472, 0.5675070326103081, 0.05926321094860584, 0.005615837769525345], [-0.6393355207008927, -0.5588464699759738, -0.5124537339984072, -0.5016461402563256, -0.31800106164882214, -0.3732792063108558, 0.5392012342874677, 0.23890766930902596, 0.16519039920470668, 0.6059964666996287, 0.2350048360700222, 0.6059964666996287, 0.13033570078465206, -0.1377044151678805, -0.0022376010426442897]], "inverted": false, "swapped": false, "error_lsq": 0.039651879963897206, "error_max": 0.2665859037864478, "target": "972.xyz", "model": "25.xyz", "model_rescale": 4.100010024507729, "target_rescale": 4.13575852315728},
{"mapping": [4, 12, 9, 7, 2, 8, 10, 6, 1, 5, 0, 14], "R": [[-0.2471146910023883, 0.6959787992477453, -0.6742016319236115], [0.9454869443983072, 0.325489200802211, -0.010546000829251223], [0.21210555736035475, -0.640054912612039, -0.7384720315476061]], "T": [0.020580684145050952, -0.10633118614808854, -0.00758517473908343], "aligned_model": [[-0.6960647882830785, -0.21325241829005118, 0.46981166840641925, 0.6434201001636435, -0.5269682760438811, 0.08331149489746628, -0.30186957316680574, 0.599310354914486, 0.220617325740975, -0.06868852472586776, -0.37224893940852427, 0.03938717815822572], [-0.20118733957345866, -0.5578213183157786, -0.28639111630305203, -0.4012227053167743, 0.5398768666658589, 0.7271569246419864, 0.10644854772320034, 0.4144346534341917, -0.17100849623812567, 0.5744053341595388, 0.01704086699271193, -0.09560082781965962], [0.14575839168227278, 0.2874391797520599, 0.4656400554512699, -0.2932874702818841, -0.019400462063692333, 0.18974682484512362, 0.5542311377259866, -0.09430550542680188, -0.645668997324994, -0.45017418556023736, -0.5314935146952446, -0.04329316424950187]], "inverted": true, "swapped": true, "error_lsq": 0.04906605207013586, "error_max": 0.25165275779475116, "target": "972.xyz", "model": "26.xyz", "model_rescale": 3.6694154284099745, "target_rescale": 4.13575852315728},
