[{"mapping": [5, 3, 9, 10, 0, 7, 1, 8, 2, 6, 11], "R": [[0.906303346108768, -0.41428470902914827, -0.08356090411600926], [-0.29964124299104633, -0.49044731951658127, -0.8183376761935023], [0.29804256462933565, 0.7667004673558212, -0.5686308319336315]], "T": [0.06077503128510435, 0.04951115248185198, 0.11796232764407544], "aligned_model": [[-0.2646526385846487, -0.32828626911072517, -0.001970034999393369, -0.5406485339015209, 0.006057535321179704, -0.02569637659739743, 0.5333793192418116, 0.5522186234079737, 0.6512282824206598, 0.4882334217565136, 0.04657135531223061], [0.5075812338103874, -0.21175371555581188, -0.5511552283457434, -0.15695977153156096, 0.6641882107839859, -0.13601335996570943, 0.34276245071032363, -0.20181914669763254, 0.5510396375012768, -0.40377526184874046, 0.11188640242571346], [-0.49273806109390506, 0.6223475852106438, 0.18592834877520592, -0.12166404557081364, 0.07358323759060248, -0.8065411395024383, -0.32081942062173907, 0.4316815766023305, 0.33838098049359344, -0.252125821928244, 0.09076233368450329]], "inverted": false, "swapped": false, "error_lsq": 0.05231493586867755, "error_max": 0.2605937848075894, "target": "975.xyz", "model": "0.xyz", "model_rescale": 3.751011558992144, "target_rescale": 3.7176852873630026},
{"mapping": [4, 3, 2, 1, 6, 8, 10, 13, 11, 5, 14], "R": [[-0.146033172969327, 0.4997525039406866, 0.8537691416287688], [0.6685688926231395, -0.5862532646142818, 0.45751802756368604], [0.729170726379755, 0.6376162988303473, -0.24850655375001596]], "T": [0.07816211162093102, 0.06095351660394476, 0.040867580866713174], "aligned_model": [[-0.08121453034313296, -0.09618660767679706, -0.032821219405700694, -0.570213890649397, -0.13937916772029874, -0.0889201664527886, 0.5911567519762974, 0.4859399563247175, 0.4509272795124867, 0.48267810531375743, 0.114468173387539], [0.3595828922233307, -0.3522842979953783, -0.7583983520573647, 0.2828614312831493, 0.7750700736046653, -0.2681274215399783, 0.49753425055609385, -0.43640037398110126, 0.6916792892695252, -0.3499366410694098, 0.07440060099295677], [-0.6739705490083253, 0.6591255546747283, 0.0499954252760743, -0.08582490714465511, 0.1211114595750505, -0.5106825081042564, -0.4267727829144, 0.3782968848538318, 0.35703544487073036, -0.1991785317231209, 0.07966008328408147]], "inverted": false, "swapped": false, "error_lsq": 0.04097924265979693, "error_max": 0.23345712496977705, "target": "975.xyz", "model": "1.xyz", "model_rescale": 3.9405287249114394, "target_rescale": 3.7176852873630026},
{"mapping": [7, 2, 0, 1, 4, 6, 3, 5, 8, 11, 12], "R": [[0.3971474567234509, 0.7559480603333475, -0.5204002572024197], [-0.723528036410438, 0.606740021999268, 0.3292016498020379], [0.5646070121298093, 0.24578257827311012, 0.7879148723506062]], "T": [0.17474910831047358, 0.08551203373295851, -0.026013673982412604], "aligned_model": [[-0.18113806751107014, -0.07452340420068088, -0.18878707059981564, -0.6066549372441095, -0.0916616059439243, 0.15173568524583966, 0.3586098490577021, 0.34125207983691297, 0.5699981422011624, 0.6997291802944006, 0.13787483313026627], [0.3731668492582015, -0.14210011738610845, -0.6673862435311351, 0.0874793317871613, 0.7244211620140173, -0.20817749513342093, 0.4736160816712514, -0.4812717312211206, 0.64440951166776, -0.3810626314740149, 0.09288673363389774], [-0.673708724408958, 0.5657848987523805, -0.08858858102944725, 0.10294438000245121, 0.08586205623826274, -0.4827110972097787, -0.40333337205645015, 0.3971992802546875, 0.3374441371543926, -0.14567275154836196, 0.05357534749056061]], "inverted": true, "swapped": false, "error_lsq": 0.0502459867997435, "error_max": 0.26658150826660393, "target": "975.xyz", "model": "2.xyz", "model_rescale": 3.932901565614263, "target_rescale": 3.7176852873630026},
{"mapping": [8, 4, 5, 7, 3, 9, 11, 6, 1, 12, 13], "R": [[-0.9988165530123653, 0.02177532361397936, -0.043489409170548804], [-0.03769098831290921, -0.9116832736429915, 0.4091613348785473], [-0.030738946444097318, 0.4103162729421111, 0.9114250782869661]], "T": [0.11527897558927416, 0.1690261123433013, 0.05526603289676929], "aligned_model": [[-0.1400760440599015, -0.31824411323578006, 0.0029838048496601544, -0.5608486469179057, -0.08260606137519969, -0.10815514204665475, 0.6004154689894197, 0.48157701129017483, 0.5724815895334796, 0.4952426910590241, 0.1736641261803665], [0.44327323429693966, -0.2044005371030516, -0.5410127365954933, -0.03331541439674843, 0.636341084744673, -0.2586380329689849, 0.6135044329375507, -0.3250025717903511, 0.5436946148454534, -0.4295143838852772, 0.07105176120177892], [-0.5758988073565707, 0.7154453066373423, 0.04940827898427019, -0.052677896929953685, -0.0008027355603046904, -0.4987858719636065, -0.5487126949244634, 0.3526776482997188, 0.5017611660701715, -0.22847092179966255, 0.03485210218279807]], "inverted": true, "swapped": false, "error_lsq": 0.04247364056900051, "error_max": 0.24260681339367024, "target": "975.xyz", "model": "3.xyz", "model_rescale": 3.9243930471874484, "target_rescale": 3.7176852873630026},
{"mapping": [2, 11, 10, 3, 0, 4, 7, 9, 1, 8, 12], "R": [[-0.18606473178038013, 0.8826127706056964, -0.4317112608575683], [-0.15829068430866564, -0.4605717403631818, -0.873394373258681], [-0.9697030343608241, -0.09417201889396831, 0.22540553677504138]], "T": [0.04999864629257937, -0.03372199678188128, 0.09482386111405355], "aligned_model": [[-0.08842995895050577, -0.015032652924960935, -0.1896650267937468, -0.5361976025162417, -0.20285658578791138, 0.05030896323160221, 0.5158738936505961, 0.5937385010088979, 0.46293437010190003, 0.5026304637657225, 0.02313031948133079], [0.5802540574837048, -0.4349502865944094, -0.6861617892313012, 0.09983547353075331, 0.7742011457580148, -0.08990470105161641, 0.315349622917494, -0.24227873681445006, 0.5351715430290336, -0.40515823786559213, 0.06962336012485723], [-0.5797763288892506, 0.7737353950886285, -0.02354573189969575, -0.2076488324813029, 0.0132960700329037, -0.49611664086936363, -0.45656349558878, 0.49299273025997115, 0.22133286611355593, -0.1364680011223638, 0.14755754299543647]], "inverted": false, "swapped": false, "error_lsq": 0.05086822042287859, "error_max": 0.3022213453873446, "target": "975.xyz", "model": "4.xyz", "model_rescale": 3.8936222436046832, "target_rescale": 3.7176852873630026},
{"mapping": [8, 4, 2, 10, 7, 3, 9, 1, 6, 0, 11], "R": [[-0.12230046266177577, -0.9837762332713249, 0.13125136069085], [0.2974668409548229, 0.0898310429150804, 0.9504966397947694], [-0.9468664506492318, 0.15528910644109267, 0.28165443020775166]], "T": [0.07473509551322367, 0.12306849846992593, -0.02039653395300805], "aligned_model": [[-0.11480329200864427, -0.3047872631675984, -0.12086552526784959, -0.5491348339845543, -0.22556116235448792, 0.01017711420159946, 0.5642310211213823, 0.673465393599445, 0.5209781573637262, 0.5684460941003141, 0.09428898066335079], [0.4890208081932965, -0.19821734120310078, -0.5925396875643847, 0.03312915047369315, 0.6613230456778422, -0.16766609151859654, 0.2881592190159715, -0.25173488283644263, 0.6703711240968285, -0.5201143936739762, 0.10425050062535766], [-0.6335987298024395, 0.5987664392566264, 0.0620885323006169, -0.0669220563629138, 0.17923244016824857, -0.5119122484061295, -0.35977057041404503, 0.3592786201931988, 0.3482979111365574, -0.3743506638972211, 0.1476858994672401]], "inverted": false, "swapped": false, "error_lsq": 0.04275330083145946, "error_max": 0.22568215306134146, "target": "975.xyz", "model": "5.xyz", "model_rescale": 3.6523030999806103, "target_rescale": 3.7176852873630026},
{"mapping": [10, 1, 3, 2, 6, 4, 9, 5, 8, 7, 12], "R": [[0.29162315060247546, 0.7292168019287573, 0.6190305273712128], [0.7295428789735652, -0.5881189462022264, 0.34911787816859935], [0.6186462040388255, 0.3497984575477407, -0.7035040250955026]], "T": [0.13473227466299553, 0.0400740028429956, -0.030387437590151216], "aligned_model": [[-0.10040186521442179, -0.2569564115189232, 0.003693901580716197, -0.6201054515329008, -0.15124076418261823, -0.22238288629397962, 0.6397515717199389, 0.5549267605320557, 0.4995279277603044, 0.593961561384426, 0.1756603400320857], [0.5523075061295996, -0.0881883044120466, -0.6420501417497518, -0.040108530533635375, 0.5960822038886583, -0.1276656162418634, 0.3878810843441084, -0.13360154780618766, 0.49818439379429463, -0.43535578947002557, -0.051503806656661655], [-0.5698332792108212, 0.528632794287138, -0.04366520440319909, -0.03193748979335053, 0.1476540280729931, -0.446877274117836, -0.4133347170405097, 0.4767387076032154, 0.3024219731094963, -0.20328345979918755, 0.0022794949318005533]], "inverted": true, "swapped": false, "error_lsq": 0.043667214661629365, "error_max": 0.21217313328728304, "target": "975.xyz", "model": "6.xyz", "model_rescale": 4.08911054899281, "target_rescale": 3.7176852873630026},
{"mapping": [9, 12, 13, 11, 8, 1, 3, 7, 4, 2, 14], "R": [[0.1331094553942237, 0.06485267028019337, -0.9889772515291655], [-0.9895399548542226, -0.04729346769188436, -0.13628648377876687], [-0.055610706089354534, 0.9967735244634087, 0.05787910069306734]], "T": [0.12382607386990749, 0.08055188922211629, 0.0684604530534832], "aligned_model": [[-0.17970904099353943, -0.27640192733296365, -0.11127294745194663, -0.4578156329259051, -0.05744768139987044, -0.03493081181746649, 0.5744877160785336, 0.609056215641403, 0.47899518656470397, 0.5442710934956047, 0.027202514408129777], [0.4295784824126032, -0.23189759919472605, -0.6105093456960279, 0.021784801421915134, 0.7367738537571779, -0.250757198720878, 0.6006877406177445, -0.3956852437391867, 0.6201966477308188, -0.5226045328446646, 0.11841384554171266], [-0.5644725443470846, 0.5686551973805356, 0.12375369060148143, 0.0158256996647365, 0.02769855666578923, -0.5663439249627862, -0.32245413685145097, 0.4386480639248677, 0.3503964842803024, -0.2625499082387297, -0.06036160447792255]], "inverted": false, "swapped": false, "error_lsq": 0.04245342571691347, "error_max": 0.21948493950204206, "target": "975.xyz", "model": "7.xyz", "model_rescale": 3.964800864290218, "target_rescale": 3.7176852873630026},
{"mapping": [2, 5, 8, 1, 0, 7, 4, 10, 6, 9, 13], "R": [[-0.20399503745126127, 0.7995891069353315, 0.5648391671667412], [-0.32965254644039865, 0.4871715277897146, -0.8086983993655462], [-0.9217999909528203, -0.35117113005113987, 0.16420601115058522]], "T": [0.16589688005137365, 0.12606377903194502, -0.023792330798258626], "aligned_model": [[-0.050535452354647126, -0.11507799023882409, -0.04118723304494398, -0.5712156598779135, -0.2317940017532794, -0.19164032984433904, 0.5901703651459012, 0.5083102688994227, 0.5314043503556178, 0.5266167445946542, 0.16138362238503448], [0.5304504459127061, -0.3204195619627218, -0.6138293692972875, 0.04764514708714415, 0.7061780382207037, -0.16347578651251946, 0.5092860823479776, -0.31952648021413443, 0.5474536798700065, -0.459228058324357, 0.051447314158970914], [-0.5015340987989748, 0.6248805231489583, 0.0032609604220121824, -0.14056352936749442, 0.11210756374937769, -0.5671036121886093, -0.43394604722752683, 0.5756544183044773, 0.13539518065292094, -0.0580176319156466, -0.0013381531397550113]], "inverted": false, "swapped": false, "error_lsq": 0.04278448216879019, "error_max": 0.21880019074848428, "target": "975.xyz", "model": "8.xyz", "model_rescale": 4.121658175737393, "target_rescale": 3.7176852873630026},
{"mapping": [9, 10, 0, 5, 7, 4, 6, 2, 8, 1, 12], "R": [[-0.6340071121582587, 0.3318282702965078, 0.6985162709377449], [-0.6275463704210122, 0.3070735391208734, -0.7154658584049942], [-0.45190766170110364, -0.8919617932421822, 0.01355081886941506]], "T": [0.09355510856626546, 0.10368639691662872, 0.1288500330358717], "aligned_model": [[-0.09972018126823513, -0.4325234751838394, -0.046919290444421016, -0.4961864109619335, -0.1844101903235822, -0.06616003044967216, 0.5280972871032816, 0.6655871283894147, 0.6347214237332548, 0.47469863399970297, 0.13924978967271184], [0.501125297489009, -0.16490310099540495, -0.6648856350497288, -0.017802544543977852, 0.7177971465367191, -0.3041380888718751, 0.4014753544973615, -0.21849284023654103, 0.5615014046715807, -0.3435231904504795, 0.04782764823982548], [-0.5767538216064867, 0.6059054133914553, 0.037262817640005066, -0.009581478994911408, 0.15738405005649833, -0.6433534251791164, -0.3213464595196096, 0.35540324599771767, 0.2964739446064335, -0.23124011359499916, 0.0786414008427525]], "inverted": true, "swapped": false, "error_lsq": 0.03951315534421234, "error_max": 0.23324132665054012, "target": "975.xyz", "model": "9.xyz", "model_rescale": 3.833441315466971, "target_rescale": 3.7176852873630026},
{"mapping": [1, 2, 3, 5, 0, 6, 12, 9, 10, 7, 14], "R": [[-0.8073468991576015, -0.5760347560844656, -0.1279646209048267], [-0.5601014980878383, 0.8163372870457742, -0.14099555176850342], [0.18568062973925165, -0.04215914564428057, -0.9817053071967065]], "T": [0.16035695036895586, 0.07731793413210643, -0.05264904060939109], "aligned_model": [[-0.22509248210700916, -0.17863143444802865, 0.0028185209148538504, -0.5076444863388025, -0.12028734630463678, 0.023393116531044256, 0.40822234377814237, 0.3485480522504647, 0.5928222293123377, 0.6057318657727053, 0.16655430490561188], [0.5267125643297877, -0.20890225954165176, -0.7645348927536654, 0.10254315247351213, 0.6912555033227101, -0.0567393981473011, 0.3912789786102773, -0.4303377414741202, 0.6851616303993322, -0.41728726953018186, -0.0031688164022106724], [-0.4943300728795928, 0.5128729577427182, 0.09152901201028439, 0.050175909587581155, 0.03758621627273698, -0.7041850011882874, -0.5032167565090747, 0.5513211165425363, 0.2926826360964821, -0.08299461724100932, -0.0026458267946359304]], "inverted": true, "swapped": false, "error_lsq": 0.045302420684110084, "error_max": 0.21169888346006158, "target": "975.xyz", "model": "10.xyz", "model_rescale": 4.2482417240324, "target_rescale": 3.7176852873630026},
{"mapping": [3, 0, 6, 1, 8, 2, 7, 4, 9, 5, 11], "R": [[0.16266676124806634, 0.9764139789530841, -0.14196924487392065], [0.3521847300888303, -0.1918654805571235, -0.9160532480499386], [-0.9216861942534036, 0.09901201480421828, -0.37508822995008384]], "T": [0.04440378244383458, 0.056126038974556036, -0.003945435277282111], "aligned_model": [[-0.18506338683249074, -0.3655222375482546, 0.07113260684897274, -0.6620178611703569, -0.17748475609244124, -0.17441509647392323, 0.48223135295403224, 0.5833928527422375, 0.6896336929828428, 0.70015422274409, 0.1543932941119748], [0.5460740566912766, -0.11334436101594944, -0.5915696142830299, 0.056977773090190545, 0.6260314762452658, -0.2538870512710907, 0.4091875973594492, -0.40529819987745164, 0.46800327742834513, -0.2814687377495076, 0.05527523466899082], [-0.6084017071543403, 0.610122897723497, 0.012118463381662725, -0.014636073266773936, 0.04926262793057115, -0.6393724322566344, -0.381053909310047, 0.5083221062778656, 0.30158100405065913, -0.14609780808963077, 0.0569504043529101]], "inverted": false, "swapped": false, "error_lsq": 0.04362496935652519, "error_max": 0.21210850170609719, "target": "975.xyz", "model": "11.xyz", "model_rescale": 3.6694154284099745, "target_rescale": 3.7176852873630026},
{"mapping": [9, 1, 4, 8, 10, 11, 7, 0, 12, 6, 13], "R": [[-0.5345934512591869, -0.8410536250872442, -0.08269607970391732], [-0.7590303761312482, 0.43481217767417213, 0.4845732743933577], [-0.3715948465477522, 0.32181853562815405, -0.8708329921088792]], "T": [0.14855286534316006, 0.067513103397803, 0.00888298862575444], "aligned_model": [[-0.17273154282348288, -0.12299558959230703, -0.06319693689603692, -0.5820280852933138, 0.030907440860406588, -0.09608580493319874, 0.5154572875407427, 0.5417235130679301, 0.377702036159407, 0.5095242842244168, 0.17815808195211966], [0.43143788492704693, -0.17191495777519497, -0.6358143693084223, 0.1185247166095717, 0.6914565341159518, -0.2702691499162697, 0.5355687257112345, -0.37506355058012764, 0.47164719919039044, -0.26458684045948067, -0.015004741228211327], [-0.6306647807769626, 0.7740033283414502, 0.09927733102961896, -0.1815038312849965, -0.010685779101977756, -0.600283424810309, -0.4366171773250435, 0.40923359939941384, 0.5048011173512762, -0.2726558106444551, 0.09389100146172444]], "inverted": false, "swapped": false, "error_lsq": 0.044779009024999254, "error_max": 0.28596228415561664, "target": "975.xyz", "model": "12.xyz", "model_rescale": 3.9764082729961374, "target_rescale": 3.7176852873630026},
{"mapping": [2, 13, 5, 1, 8, 0, 7, 6, 3, 4, 15], "R": [[0.006186290910410813, 0.997828627949383, -0.06557254798635923], [-0.9399779901155166, 0.02817540523931958, 0.34006988199191335], [0.34117899686698994, 0.0595329806431002, 0.9381112494329138]], "T": [-0.02190296021473108, 0.007978214801975532, 0.11810904741361875], "aligned_model": [[-0.20764578126030303, -0.12225163113837531, 0.04839902687194285, -0.5815098564492894, -0.10099408185195882, 0.06274501006553285, 0.4308236773148707, 0.42535660550504556, 0.5195564006864317, 0.5578324898444001, 0.08412282467838622], [0.4574342642333799, -0.14804389384166686, -0.7931763120531269, 0.22046899989062813, 0.7093735981949192, -0.1447448274805211, 0.28212955806964685, -0.4468193038637489, 0.6419106601143562, -0.28878331712402644, 0.026232025146648727], [-0.5141475286420732, 0.7012623651999007, -0.11860377553004886, -0.09404741890340834, 0.08013606646953705, -0.5866024729872268, -0.4212547737485556, 0.5385575027406521, 0.2338452240671666, -0.18471618748746568, 0.1143665724612612]], "inverted": false, "swapped": false, "error_lsq": 0.04323117829403982, "error_max": 0.18365471699097166, "target": "975.xyz", "model": "13.xyz", "model_rescale": 4.170626492500431, "target_rescale": 3.7176852873630026},
{"mapping": [5, 9, 3, 11, 12, 6, 4, 0, 8, 2, 13], "R": [[0.5670391749084848, -0.0212356720164405, -0.8234170391442692], [0.6220760180376714, 0.6662826474290741, 0.41120416038422947], [0.539896288097538, -0.7453968607184461, 0.39101856494236437]], "T": [0.1880720678469455, -0.0023071027753942056, 0.1265887787789829], "aligned_model": [[-0.30082061702385154, -0.42050450914699655, -0.0851780915510035, -0.5029972160510701, 0.00840685516163811, -0.13560386646766656, 0.6333945444243817, 0.6664647301306316, 0.5358148034371152, 0.6111726620531528, 0.10628538930035208], [0.4155580452594229, -0.16380477752188977, -0.618516099980178, -0.02776446344320683, 0.6923824614381326, -0.1869274009611483, 0.3875043964459452, -0.2484369418961197, 0.6100101255572006, -0.3514612619857341, 0.007437368374064304], [-0.5165227893753231, 0.6363529295876585, -0.0186504259239961, -0.019817569347245406, -0.01774743258093947, -0.6274924516421527, -0.26430509111765677, 0.3843075586445861, 0.36259491119142195, -0.23674223768509406, 0.06681817188848052]], "inverted": false, "swapped": false, "error_lsq": 0.043258341383678005, "error_max": 0.21491231308679057, "target": "975.xyz", "model": "14.xyz", "model_rescale": 3.9786697098870705, "target_rescale": 3.7176852873630026},
{"mapping": [2, 7, 10, 5, 8, 4, 0, 6, 9, 1, 11], "R": [[-0.542767415046571, -0.8179817385344053, -0.1905502783726532], [0.83775329657061, -0.5434201884959154, -0.05351553811875023], [-0.05977413528223681, -0.18868061415867787, 0.9802176689858051]], "T": [0.1378675266672834, 0.09069238621033382, 0.004170239459836498], "aligned_model": [[-0.16847107473222078, -0.16677546919874053, -0.06557267573900688, -0.6595541268326881, -0.2008534044613628, -0.12261776681987352, 0.5854825230809343, 0.6305948559528382, 0.499314291331009, 0.5700038212263863, 0.21488371045940802], [0.6151351816527815, -0.19013025487116236, -0.7141478187788329, 0.15471873625896507, 0.4742530653061988, -0.13476187997124803, 0.3204035370491152, -0.16610533072677758, 0.48568178649334026, -0.416679196565633, 0.08761362543974202], [-0.6162842970439592, 0.5191530495773039, -0.052090910321967956, -0.06423239761483489, 0.1060400695807141, -0.5020239088949047, -0.47612049358075986, 0.5686438015997546, 0.32158775319753313, -0.12429917872395013, 0.06842208586481038]], "inverted": false, "swapped": false, "error_lsq": 0.04439452236989604, "error_max": 0.24479725022394105, "target": "975.xyz", "model": "15.xyz", "model_rescale": 3.769337070930944, "target_rescale": 3.7176852873630026},
{"mapping": [4, 7, 1, 5, 6, 0, 2, 9, 8, 3, 10], "R": [[0.6192458946879265, -0.6790234656486505, -0.39428626023568886], [-0.7420460305505696, -0.6702564988935076, -0.011131677104568527], [-0.25671425838136136, 0.2994717996565175, -0.9189202526629796]], "T": [0.069511903226842, 0.016066146144343978, 0.01656424344812178], "aligned_model": [[-0.29013407862287155, -0.3288006392632028, -0.2167014770811795, -0.5999772671549038, -0.054052210538308304, 0.009928984775228855, 0.5668940500123958, 0.6986260966075505, 0.5320438566031843, 0.6910569072538588, 0.1075504616749308], [0.45139110185345144, -0.1365491822996724, -0.7315486012154102, 0.027996892250927278, 0.7344813952390103, -0.19327746423658726, 0.3715425380963438, -0.28093812966453324, 0.4673996241800019, -0.22646853583354468, 0.03195181291650194], [-0.521189859477837, 0.5903169619621689, 0.0333730763426692, -0.024579766532283793, 0.027444002504813464, -0.5917902940078895, -0.39909594594855186, 0.43702051317242085, 0.39584777256154513, -0.16864421943528515, -0.029906667502030703]], "inverted": true, "swapped": false, "error_lsq": 0.04479220536495162, "error_max": 0.22217993681846174, "target": "975.xyz", "model": "16.xyz", "model_rescale": 3.7852294659196426, "target_rescale": 3.7176852873630026},
{"mapping": [3, 10, 11, 8, 0, 2, 1, 6, 4, 7, 12], "R": [[0.8653513363111784, -0.007339394904058522, -0.5011119615683712], [0.43541263933483876, 0.5061206002505383, 0.7444849034799196], [0.2481590180749596, -0.8624314878785896, 0.44116780306771564]], "T": [0.07820192600907568, 0.08768122439144044, -0.03269454910098402], "aligned_model": [[-0.12028922012248512, 0.07997184662275426, -0.17667270285484954, -0.5487047497979344, -0.2593312957900101, 0.10047035169528944, 0.5579407327714969, 0.5341357272741555, 0.4023625704753378, 0.5119334504271873, 0.03461797356574112], [0.6169694717282755, -0.04281975570183655, -0.6000453579213865, -0.0209523629179732, 0.6465857595009475, -0.16177547871627135, 0.32596796412510487, -0.4658448868686391, 0.6186274728039902, -0.4477338271629703, 0.047002452417247584], [-0.5921144158388726, 0.7624289864926089, -0.030920859424405346, -0.17195213341638854, 0.16591109169171014, -0.5906931974168717, -0.46550427773510217, 0.4899204611304998, 0.3061308380314608, -0.1616700989984374, 0.037259179123537246]], "inverted": true, "swapped": false, "error_lsq": 0.05574579273538483, "error_max": 0.37968696458454315, "target": "975.xyz", "model": "17.xyz", "model_rescale": 3.901054581598922, "target_rescale": 3.7176852873630026},
{"mapping": [4, 3, 2, 1, 6, 8, 10, 13, 11, 5, 14], "R": [[-0.146033172969327, 0.4997525039406866, 0.8537691416287688], [0.6685688926231395, -0.5862532646142818, 0.45751802756368604], [0.729170726379755, 0.6376162988303473, -0.24850655375001596]], "T": [0.07816211162093102, 0.06095351660394476, 0.040867580866713174], "aligned_model": [[-0.08121453034313296, -0.09618660767679706, -0.032821219405700694, -0.570213890649397, -0.13937916772029874, -0.0889201664527886, 0.5911567519762974, 0.4859399563247175, 0.4509272795124867, 0.48267810531375743, 0.114468173387539], [0.3595828922233307, -0.3522842979953783, -0.7583983520573647, 0.2828614312831493, 0.7750700736046653, -0.2681274215399783, 0.49753425055609385, -0.43640037398110126, 0.6916792892695252, -0.3499366410694098, 0.07440060099295677], [-0.6739705490083253, 0.6591255546747283, 0.0499954252760743, -0.08582490714465511, 0.1211114595750505, -0.5106825081042564, -0.4267727829144, 0.3782968848538318, 0.35703544487073036, -0.1991785317231209, 0.07966008328408147]], "inverted": false, "swapped": false, "error_lsq": 0.04097924265979693, "error_max": 0.23345712496977705, "target": "975.xyz", "model": "18.xyz", "model_rescale": 3.9405287249114394, "target_rescale": 3.7176852873630026},
{"mapping": [5, 14, 3, 11, 9, 2, 8, 12, 7, 1, 15], "R": [[0.8783854631823159, 0.29775606872562754, 0.3738720390816195], [0.1711319553118282, -0.9263077886523545, 0.335660147400813], [0.44626542767857225, -0.23085754096204975, -0.8646108742317649]], "T": [0.22153924721553978, 0.0313311898932736, 0.08977349662291002], "aligned_model": [[-0.07242573168574781, -0.29593846086830844, 0.09525079400534714, -0.4676374157571268, -0.08863801938837337, -0.1467131823090889, 0.5418459651214754, 0.41806181538875903, 0.4348166055418082, 0.5015589778910836, 0.19625333632685554], [0.4442351066773887, -0.323638688028099, -0.8106805174090876, 0.23858568913790196, 0.7329825676914954, -0.1982926840829151, 0.5089823337009127, -0.3182804708224413, 0.6784593057288979, -0.4547212388128449, 0.018350047505280118], [-0.5692846111663574, 0.5435930306680623, 0.11204693877954504, 0.1257499007863926, 0.06774500887369946, -0.6632127633197415, -0.40167858325827077, 0.4629887550189127, 0.26687098125142167, -0.25787778118391486, 0.061854697189990294]], "inverted": true, "swapped": false, "error_lsq": 0.04342461816627878, "error_max": 0.24487012065937605, "target": "975.xyz", "model": "19.xyz", "model_rescale": 4.410303926677745, "target_rescale": 3.7176852873630026},
{"mapping": [2, 5, 8, 1, 0, 7, 4, 10, 6, 9, 13], "R": [[-0.20399503745126127, 0.7995891069353315, 0.5648391671667412], [-0.32965254644039865, 0.4871715277897146, -0.8086983993655462], [-0.9217999909528203, -0.35117113005113987, 0.16420601115058522]], "T": [0.16589688005137365, 0.12606377903194502, -0.023792330798258626], "aligned_model": [[-0.050535452354647126, -0.11507799023882409, -0.04118723304494398, -0.5712156598779135, -0.2317940017532794, -0.19164032984433904, 0.5901703651459012, 0.5083102688994227, 0.5314043503556178, 0.5266167445946542, 0.16138362238503448], [0.5304504459127061, -0.3204195619627218, -0.6138293692972875, 0.04764514708714415, 0.7061780382207037, -0.16347578651251946, 0.5092860823479776, -0.31952648021413443, 0.5474536798700065, -0.459228058324357, 0.051447314158970914], [-0.5015340987989748, 0.6248805231489583, 0.0032609604220121824, -0.14056352936749442, 0.11210756374937769, -0.5671036121886093, -0.43394604722752683, 0.5756544183044773, 0.13539518065292094, -0.0580176319156466, -0.0013381531397550113]], "inverted": false, "swapped": false, "error_lsq": 0.04278448216879019, "error_max": 0.21880019074848428, "target": "975.xyz", "model": "20.xyz", "model_rescale": 4.121658175737393, "target_rescale": 3.7176852873630026},
{"mapping": [10, 1, 3, 2, 6, 4, 9, 5, 8, 7, 12], "R": [[0.29162315060247546, 0.7292168019287573, 0.6190305273712128], [0.7295428789735652, -0.5881189462022264, 0.34911787816859935], [0.6186462040388255, 0.3497984575477407, -0.7035040250955026]], "T": [0.13473227466299553, 0.0400740028429956, -0.030387437590151216], "aligned_model": [[-0.10040186521442179, -0.2569564115189232, 0.003693901580716197, -0.6201054515329008, -0.15124076418261823, -0.22238288629397962, 0.6397515717199389, 0.5549267605320557, 0.4995279277603044, 0.593961561384426, 0.1756603400320857], [0.5523075061295996, -0.0881883044120466, -0.6420501417497518, -0.040108530533635375, 0.5960822038886583, -0.1276656162418634, 0.3878810843441084, -0.13360154780618766, 0.49818439379429463, -0.43535578947002557, -0.051503806656661655], [-0.5698332792108212, 0.528632794287138, -0.04366520440319909, -0.03193748979335053, 0.1476540280729931, -0.446877274117836, -0.4133347170405097, 0.4767387076032154, 0.3024219731094963, -0.20328345979918755, 0.0022794949318005533]], "inverted": true, "swapped": false, "error_lsq": 0.043667214661629365, "error_max": 0.21217313328728304, "target": "975.xyz", "model": "21.xyz", "model_rescale": 4.08911054899281, "target_rescale": 3.7176852873630026},
{"mapping": [10, 4, 3, 7, 6, 12, 5, 2, 8, 14, 16], "R": [[-0.5529134781112244, 0.34188851568432155, 0.7598677046474079], [-0.6153805153392683, 0.44729067500439246, -0.6490284072326048], [-0.5617770973114918, -0.8264643337115564, -0.03692151187300069]], "T": [0.2271331363049768, 0.07014217330230217, 0.04839888061867374], "aligned_model": [[-0.07677694601805116, -0.10168777728324938, 0.013992250301837289, -0.44367634398250766, -0.13800543045765531, -0.10484821108888501, 0.4894533095455059, 0.44323886658022527, 0.4684554126655672, 0.38010670914738465, 0.18618284485651182], [0.46805476879273306, -0.32535031797700953, -0.771443995454121, 0.23313585132027376, 0.7107525914832882, -0.25251177432899946, 0.5359647029192811, -0.3590770814658515, 0.689709805628959, -0.47297616985841556, 0.059723070226351], [-0.5844041198699585, 0.5193072390032398, 0.07253405342019772, -0.12260956973405739, 0.15728527890552135, -0.526624876364095, -0.4119559298921599, 0.5872151517647157, 0.2450242247769402, -0.25728745744904086, 0.070311579078436]], "inverted": false, "swapped": false, "error_lsq": 0.043446451096712385, "error_max": 0.22938425436988696, "target": "975.xyz", "model": "22.xyz", "model_rescale": 4.204369325754507, "target_rescale": 3.7176852873630026},
{"mapping": [5, 14, 3, 11, 9, 2, 8, 12, 7, 1, 15], "R": [[0.8783854631823159, 0.29775606872562754, 0.3738720390816195], [0.1711319553118282, -0.9263077886523545, 0.335660147400813], [0.44626542767857225, -0.23085754096204975, -0.8646108742317649]], "T": [0.22153924721553978, 0.0313311898932736, 0.08977349662291002], "aligned_model": [[-0.07242573168574781, -0.29593846086830844, 0.09525079400534714, -0.4676374157571268, -0.08863801938837337, -0.1467131823090889, 0.5418459651214754, 0.41806181538875903, 0.4348166055418082, 0.5015589778910836, 0.19625333632685554], [0.4442351066773887, -0.323638688028099, -0.8106805174090876, 0.23858568913790196, 0.7329825676914954, -0.1982926840829151, 0.5089823337009127, -0.3182804708224413, 0.6784593057288979, -0.4547212388128449, 0.018350047505280118], [-0.5692846111663574, 0.5435930306680623, 0.11204693877954504, 0.1257499007863926, 0.06774500887369946, -0.6632127633197415, -0.40167858325827077, 0.4629887550189127, 0.26687098125142167, -0.25787778118391486, 0.061854697189990294]], "inverted": true, "swapped": false, "error_lsq": 0.04342461816627878, "error_max": 0.24487012065937605, "target": "975.xyz", "model": "23.xyz", "model_rescale": 4.410303926677745, "target_rescale": 3.7176852873630026},
{"mapping": [3, 9, 11, 10, 4, 1, 0, 14, 5, 7, 16], "R": [[-0.5085957110418481, 0.8417694079195295, -0.18098250357601317], [-0.8428575735574269, -0.5296819588977902, -0.09501648864847685], [-0.17584514041259006, 0.10421749521555505, 0.9788856931655872]], "T": [0.2227613408337012, 0.03302581370377668, 0.12491915190582598], "aligned_model": [[-0.1699577351234292, -0.19662593922758548, -0.0042670796878928885, -0.42236946248304924, -0.11266148486971195, -0.0622305442773714, 0.5483285489607159, 0.3631504060438078, 0.462580113828025, 0.5322927966903408, 0.178195064412834], [0.5059742004568827, -0.16000134905606866, -0.5567108084541834, 0.0040300551188775235, 0.633677047038359, -0.22622098153918446, 0.3713566968302292, -0.4021560940365997, 0.5841659995129999, -0.3173488283746254, 0.07921551378980246], [-0.5318475764544595, 0.5483277103786844, 0.08763243346678434, 0.04276418326980716, 0.10054710065992276, -0.641831181740941, -0.46662460607106554, 0.6239758696839903, 0.31021212299108963, -0.34768933797348045, 0.02332885542940702]], "inverted": false, "swapped": false, "error_lsq": 0.04005114848939159, "error_max": 0.21175920294503311, "target": "975.xyz", "model": "24.xyz", "model_rescale": 4.28219845311461, "target_rescale": 3.7176852873630026},
{"mapping": [6, 7, 12, 2, 0, 14, 8, 9, 1, 11, 15], "R": [[-0.6049373782453364, -0.749726432492889, 0.26825555879262664], [-0.47481215775568386, 0.0691906842118834, -0.8773631312436618], [0.6392215447315979, -0.6581207530839437, -0.3978352562445573]], "T": [0.12912658259910673, 0.024094307449157217, 0.09480072522731298], "aligned_model": [[-0.040052240713731646, -0.060604640450804825, 0.06394454557243667, -0.5064651408375014, -0.2313378474588965, -0.15118234361292346, 0.5596995145036547, 0.5037288568086175, 0.4675539475651016, 0.418543570524626, 0.09260646236610452], [0.5548370518292943, -0.23986444849027858, -0.7188400346524083, 0.14081168248946205, 0.7511242786250231, -0.262075976396883, 0.38970370194828013, -0.39494719169187387, 0.5471091258707713, -0.3403204743983692, 0.08844373615347076], [-0.6136396745180328, 0.8018182949616972, -0.07318667194340295, -0.13142977636454245, 0.010854386946333172, -0.5530249453230013, -0.3087866604699236, 0.4702351962519772, 0.2424483367902857, -0.1878947737105618, 0.09140186101891055]], "inverted": false, "swapped": false, "error_lsq": 0.04205041821035263, "error_max": 0.21480650417832314, "target": "975.xyz", "model": "25.xyz", "model_rescale": 4.100010024507729, "target_rescale": 3.7176852873630026},
{"mapping": [3, 0, 6, 1, 8, 2, 7, 4, 9, 5, 11], "R": [[0.16266676124806634, 0.9764139789530841, -0.14196924487392065], [0.3521847300888303, -0.1918654805571235, -0.9160532480499386], [-0.9216861942534036, 0.09901201480421828, -0.37508822995008384]], "T": [0.04440378244383458, 0.056126038974556036, -0.003945435277282111], "aligned_model": [[-0.18506338683249074, -0.3655222375482546, 0.07113260684897274, -0.6620178611703569, -0.17748475609244124, -0.17441509647392323, 0.48223135295403224, 0.5833928527422375, 0.6896336929828428, 0.70015422274409, 0.1543932941119748], [0.5460740566912766, -0.11334436101594944, -0.5915696142830299, 0.056977773090190545, 0.6260314762452658, -0.2538870512710907, 0.4091875973594492, -0.40529819987745164, 0.46800327742834513, -0.2814687377495076, 0.05527523466899082], [-0.6084017071543403, 0.610122897723497, 0.012118463381662725, -0.014636073266773936, 0.04926262793057115, -0.6393724322566344, -0.381053909310047, 0.5083221062778656, 0.30158100405065913, -0.14609780808963077, 0.0569504043529101]], "inverted": false, "swapped": false, "error_lsq": 0.04362496935652519, "error_max": 0.21210850170609719, "target": "975.xyz", "model": "26.xyz", "model_rescale": 3.6694154284099745, "target_rescale": 3.7176852873630026},
{"mapping": [11, 0, 4, 2, 12, 10, 9, 5, 3, 8, 13], "R": [[0.5064415324251018, 0.7893039361408811, -0.34715453421700665], [0.8620337411774257, -0.472963745836528, 0.18221724450757104], [-0.020366720564839402, -0.39154130244048646, -0.919935109220559]], "T": [0.18274271928219285, 0.04695628915253228, 0.07967242605859812], "aligned_model": [[-0.29948558698175665, -0.18394343105036007, -0.1332355239158313, -0.4954467026484106, -0.09015292252873888, 0.04900681801992446, 0.5283576424475809, 0.4675507651999804, 0.5815776889368095, 0.5666466420456633, 0.12555929474182206], [0.4431246448172441, -0.3240621087407888, -0.6829452844735442, 0.0905373673075382, 0.7765275221005954, -0.15867916060991036, 0.3808567160971088, -0.4115091183179641, 0.7274257016088944, -0.3740469845889831, 0.048752156086297904], [-0.509124622042794, 0.4856526702972894, -0.12752799076674115, 0.06265937778487327, -0.07194089160410747, -0.4696175614773149, -0.4039848547115412, 0.6581811527469288, 0.25495296127411254, -0.20969103745363485, 0.07923636959266941]], "inverted": false, "swapped": false, "error_lsq": 0.04322363478219888, "error_max": 0.20858756030592362, "target": "975.xyz", "model": "27.xyz", "model_rescale": 4.103607728864725, "target_rescale": 3.7176852873630026},
{"mapping": [12, 6, 9, 10, 13, 3, 2, 5, 8, 0, 14], "R": [[-0.2661578667708395, -0.7637926354567517, 0.5880312916656955], [-0.9638576877242613, 0.2034370492614488, -0.17202245435592278], [0.01176213292038164, -0.6125636105824643, -0.7903337745657457]], "T": [0.04006396138271834, 0.11363706248577407, 0.07808458338900687], "aligned_model": [[-0.1744437850517834, -0.14306533578485753, -0.11783440620594735, -0.42510285811481147, -0.06748345135972897, 0.05121572553200432, 0.42621221917410446, 0.3990924330149721, 0.5034794449851907, 0.48456209555178514, 0.17980260252575533], [0.524376143771821, -0.19724013422884193, -0.6859032226568511, -0.08073682042341015, 0.7523834107489987, -0.13710689984136235, 0.3401727759497656, -0.3995725418190519, 0.6478183589618111, -0.33663079549038566, 0.08842117631399565], [-0.6448078366491492, 0.5987440612952881, 0.15507395927864215, 0.003158620017745445, 0.06050079692242827, -0.6293996610148211, -0.505774817290745, 0.4560460483408732, 0.49302603571606346, -0.25262980362103254, 0.0148581706444465]], "inverted": true, "swapped": false, "error_lsq": 0.040644577129973124, "error_max": 0.19103522497686687, "target": "975.xyz", "model": "28.xyz", "model_rescale": 4.137296879288765, "target_rescale": 3.7176852873630026},
{"mapping": [2, 0, 7, 1, 5, 3, 4, 9, 6, 8, 10], "R": [[0.07387668857401819, -0.9388635747024519, -0.33626986630126615], [-0.631592400656334, -0.3049958685607106, 0.7127892813406126], [-0.7717728126323877, 0.1597269803691025, -0.6155111838331309]], "T": [0.1158200569612961, 0.023848910675560085, -0.02867666382927458], "aligned_model": [[-0.3610060834180298, -0.16326713985782648, -0.20651610706425516, -0.6275799215527305, -0.18843583841107775, 0.23875635083854885, 0.6959280528841103, 0.5964569236847168, 0.4539947424291364, 0.48135917574338716, 0.19674452899070333], [0.36808361031684017, 0.01999472083417742, -0.6158390837818039, 0.009877918704942344, 0.6196819135604177, -0.06948751984592039, 0.47252893444225513, -0.32618055374397714, 0.5308137756649022, -0.5337540514271327, 0.040261786561788], [-0.5446789695217817, 0.6136751277612007, 0.0015043201222004234, 0.09015199104211799, 0.04622013340565795, -0.6935403365832029, -0.2772544426377451, 0.4785331474257335, 0.35181292963163924, -0.3003639238730658, -0.017264403133014788]], "inverted": true, "swapped": false, "error_lsq": 0.060343784306923554, "error_max": 0.3515686344189853, "target": "975.xyz", "model": "29.xyz", "model_rescale": 3.607286011436655, "target_rescale": 3.7176852873630026},
{"mapping": [9, 12, 13, 11, 8, 1, 3, 7, 4, 2, 14], "R": [[0.1331094553942237, 0.06485267028019337, -0.9889772515291655], [-0.9895399548542226, -0.04729346769188436, -0.13628648377876687], [-0.055610706089354534, 0.9967735244634087, 0.05787910069306734]], "T": [0.12382607386990749, 0.08055188922211629, 0.0684604530534832], "aligned_model": [[-0.17970904099353943, -0.27640192733296365, -0.11127294745194663, -0.4578156329259051, -0.05744768139987044, -0.03493081181746649, 0.5744877160785336, 0.609056215641403, 0.47899518656470397, 0.5442710934956047, 0.027202514408129777], [0.4295784824126032, -0.23189759919472605, -0.6105093456960279, 0.021784801421915134, 0.7367738537571779, -0.250757198720878, 0.6006877406177445, -0.3956852437391867, 0.6201966477308188, -0.5226045328446646, 0.11841384554171266], [-0.5644725443470846, 0.5686551973805356, 0.12375369060148143, 0.0158256996647365, 0.02769855666578923, -0.5663439249627862, -0.32245413685145097, 0.4386480639248677, 0.3503964842803024, -0.2625499082387297, -0.06036160447792255]], "inverted": false, "swapped": false, "error_lsq": 0.04245342571691347, "error_max": 0.21948493950204206, "target": "975.xyz", "model": "30.xyz", "model_rescale": 3.964800864290218, "target_rescale": 3.7176852873630026},
