[{"mapping": [2, 12, 10, 4, 9, 14, 11, 5, 1, 3, 15, 16], "R": [[-0.2905042795273628, -0.6374691265381878, 0.7136108016887974], [-0.17614840745558996, 0.7686550482872194, 0.6149318297937033], [-0.9405206016495054, 0.052938921912074166, -0.33558675244955666]], "T": [0.04250893481455271, -0.10018284326653801, 0.10496776587712849], "aligned_model": [[-0.18857826910005074, 0.092947213759775, 0.34869938132350653, -0.10244413355063847, -0.05721660669620803, -0.6159859444441572, 0.4454415030133776, -0.1999769789357847, 0.7303442971911386, -0.1161033679554766, -0.5746106951866338, 0.07512606304170091], [-0.21990543700288717, -0.6801344735550617, -0.35085036292256444, 0.7222589766658936, 0.318864033887019, -0.4811105721242328, -0.2843718282747161, -0.5284446117023804, 0.1449415626496157, 0.4139619389230734, -0.015702518066203347, 0.01404832749950169], [-0.5192640810486507, -0.08070798842156583, -0.4668766584189223, -0.11575571681612072, -0.6562995548165014, 0.06770951248939482, 0.48642823489395187, 0.6061063100145007, -0.031277897811087516, 0.4414706364246346, 0.45371518203651034, -0.0032962331725811256]], "inverted": true, "swapped": true, "error_lsq": 0.04225594017931883, "error_max": 0.2632673341459786, "target": "976.xyz", "model": "0.xyz", "model_rescale": 3.751011558992144, "target_rescale": 4.21094371785785},
{"mapping": [12, 10, 5, 14, 1, 8, 9, 2, 11, 3, 6, 4, 7, 15, 16], "R": [[0.8598368331598165, 0.493704609006537, 0.13013984550244456], [-0.19855775748906634, 0.5581686827179932, -0.8056193509181451], [-0.47037797278636556, 0.6668609155427858, 0.57796287254358]], "T": [-0.03344377755197385, 0.0013393430454824024, -0.08207268175837874], "aligned_model": [[-0.08247933249636391, 0.21740092866970545, -0.465063359704771, 0.19056433961837227, -0.16977076948197384, -0.557321248008804, 0.7716637316650156, 0.5544243676079823, -0.5953975359194503, -0.0782795118888206, -0.3634589260535633, 0.4706491008207307, 0.5748485785099953, -0.004507669442201531, 0.07581351719318126], [-0.11485185098301472, -0.5363963062323029, 0.4703587465525233, 0.5700505787517417, -0.6731607042503653, 0.35711056731814494, -0.2952213656228982, -0.0969399613126945, -0.15901435134491904, 0.2874356281141118, -0.3372935468164299, -0.00534073346108653, 0.45825765091816995, 0.7071715925081987, -0.08340859431207323], [-0.6799510305662189, -0.4447159574422061, -0.37715358003442817, -0.5364926547914586, 0.1976253312029857, 0.2458197907526249, 0.08800684997411347, -0.40168559798903325, -0.09901352849624076, 0.4826180071377028, 0.7169218578772426, 0.6193448412379311, 0.017775318143086596, 0.02069823155108884, -0.00013147370521421342]], "inverted": true, "swapped": true, "error_lsq": 0.038092639165132135, "error_max": 0.27466657043088205, "target": "976.xyz", "model": "1.xyz", "model_rescale": 3.9405287249114394, "target_rescale": 4.21094371785785},
{"mapping": [9, 1, 10, 3, 11, 2, 4, 6, 5, 14, 15, 7, 16], "R": [[-0.9265213394777068, 0.00047137661718055224, 0.3762419238954119], [0.3760015108250625, 0.03692495230266235, 0.9258830443175404], [-0.013456275476764784, 0.9993179302411874, -0.034388994587840616]], "T": [-0.011256158804095938, -0.12097230818773858, -0.13146077944475418], "aligned_model": [[-0.4666268164791793, 0.35363117335654054, -0.3718460560969234, 0.35731908388674205, 0.4167720713068759, -0.6478749020545128, 0.07118336226383712, 0.7978822373641096, 0.0627469306385039, -0.5433012163227421, -0.04962237240944541, -0.4549885260764558, -0.02929169009341845], [0.5533639256789287, 0.4627050590911251, 0.28623800688965534, -0.15433949398825603, -0.2588189442793104, 0.10688060916532968, 0.3858382496967923, 0.3033690548873981, -0.808568997181927, -0.6464111411987241, -0.6328888996915805, -0.1672109723740221, 0.028676136876608083], [0.18944669984001136, -0.4106458555867758, -0.5647592052522524, 0.38407372271457707, -0.505068147255515, -0.11732508786799116, 0.5631524789928825, 0.03347548137794665, -0.2542685036661392, 0.013286267510142613, 0.3645913955865402, 0.49282050792987153, -0.07565940473465448]], "inverted": true, "swapped": true, "error_lsq": 0.03929031021752301, "error_max": 0.23335909756411974, "target": "976.xyz", "model": "2.xyz", "model_rescale": 3.932901565614263, "target_rescale": 4.21094371785785},
{"mapping": [15, 8, 5, 3, 14, 2, 12, 7, 4, 9, 1, 6, 10, 16], "R": [[0.5019350758536728, 0.7808312036695135, -0.3719728632626127], [0.6266911628355014, -0.6247416797122497, -0.4657853798201528], [-0.5960867101786911, 0.0006819137302625233, -0.8029197774012107]], "T": [0.1547350175454279, -0.15773085799042896, -0.03200619703064127], "aligned_model": [[-0.3234593841458326, 0.30838404777221634, 0.20883147148425435, -0.032026490984766676, -0.3474272709289405, -0.21240229647328174, 0.3079308334752757, -0.6103221449962897, -0.2773332343899622, -0.287405491524057, 0.6689281478439053, 0.5680995744073609, 0.3290788919548506, 0.11893325855797093], [0.007234382044068732, 0.2875847002371797, -0.3278837241967076, 0.43162897230663344, -0.5856961216665029, -0.5805844395908113, -0.7470618831179954, -0.11837348131240127, 0.4438346313162027, -0.15668831507376638, 0.07365660749471806, 0.6486500004692796, -0.608577340431675, -0.104227350127734], [-0.5357074052167033, -0.567375481462328, -0.7113212762717019, -0.1752264152027619, -0.4125168896385924, 0.3472104101521851, -0.08283319768326201, 0.011606743040216874, 0.4124899027939352, 0.7227017503118155, 0.4515551812405474, 0.1701179255881501, 0.46792830194758, 0.115266813458017]], "inverted": false, "swapped": true, "error_lsq": 0.04509218358280016, "error_max": 0.2986166299765643, "target": "976.xyz", "model": "3.xyz", "model_rescale": 3.9243930471874484, "target_rescale": 4.21094371785785},
{"mapping": [11, 3, 5, 12, 14, 1, 10, 15, 7, 4, 2, 9, 16], "R": [[0.14503331704218758, -0.18168088481605577, -0.9726034099468271], [0.1527286535300833, 0.9753260416375644, -0.1594147762739959], [0.9775680515128494, -0.12542395543139065, 0.16920264792643308]], "T": [0.0062938342619317175, -0.17693835212836562, -0.19581490064694757], "aligned_model": [[-0.0342848994257532, -0.2270498813759322, 0.5740004601388246, 0.384179818128444, 0.6988441307773767, -0.6320969359792122, -0.09547212567571522, 0.3875613028525861, 0.17408251350602097, -0.5713471789585949, 0.12844571373952518, -0.3889979738654345, -0.1206590575507824], [-0.6209378896139409, 0.25501389087672366, -0.2746917634916428, -0.5714513550430796, 0.10004882487953715, -0.5549689776230127, -0.5503088578353372, 0.3436818581425143, 0.5253691463745207, 0.45843341696232354, -0.04747640743527945, 0.19195664811119095, -0.12683898062293048], [-0.573981667062345, -0.5979403433445145, -0.5976865948399721, 0.07790954641636216, -0.04166624305405353, -0.1595325131240233, 0.3819661957973965, -0.5010820580821687, 0.06375144975527125, -0.10214329394234156, 0.4566563379504132, 0.49174183713072567, -0.11092233822978655]], "inverted": true, "swapped": true, "error_lsq": 0.04249656012117765, "error_max": 0.2754639326851788, "target": "976.xyz", "model": "4.xyz", "model_rescale": 3.8936222436046832, "target_rescale": 4.21094371785785},
{"mapping": [10, 1, 9, 2, 4, 3, 8, 15, 14, 12, 7, 16], "R": [[-0.49372384188701557, 0.3419783648216623, 0.7995546047308011], [-0.25250055624214646, -0.9361955027564821, 0.24450245339453028], [0.8321539743639588, -0.08117129179974839, 0.5485717677185258]], "T": [-0.08180765223757944, -0.20434890299858044, 0.07868717019349944], "aligned_model": [[0.09971542009770418, -0.6000705653505707, -0.22195444323583816, 0.2672323081009409, -0.654732802555549, -0.5078500301955184, -0.3373147874698552, 0.0785113047492865, 0.5733357852541164, 0.4209672986539006, 0.0806364041589675, -0.17092784999248756], [-0.533970940964478, -0.6422528371751657, 0.18038472427951036, -0.005907616339853289, 0.37305250841911675, 0.16380789720918054, -0.18597717987849308, 0.32429966764911256, 0.15587486122338173, -0.5316410471329884, 0.5317428983878448, -0.16049003056736122], [-0.5061132460508004, -0.22365376039583332, -0.6942373509935011, -0.46554839995651465, -0.21201057186941022, 0.37140779497804277, 0.7442041310871268, 0.5308230393074144, 0.2240678225150981, -0.03733265714490561, -0.06464580601960887, -0.04767627618158948]], "inverted": false, "swapped": true, "error_lsq": 0.04406847625058813, "error_max": 0.2407611559240405, "target": "976.xyz", "model": "5.xyz", "model_rescale": 3.6523030999806103, "target_rescale": 4.21094371785785},
{"mapping": [6, 11, 5, 3, 15, 1, 12, 4, 10, 2, 14, 7, 16], "R": [[-0.3893383694870035, 0.8750476234415323, -0.28758875283037094], [0.03136826648394969, -0.2994475799760084, -0.9535969686950059], [-0.9205605172409872, -0.3802930495760325, 0.08913770549642724]], "T": [0.008566075689541312, -0.008169779480587055, 0.07831158507511529], "aligned_model": [[0.1985533119388021, -0.16309151040129613, 0.17956748424467608, 0.5730938240540644, 0.6348493461576521, -0.36950094192169897, -0.446019571800005, 0.45456461601595394, -0.6229791473429187, -0.22655017306376254, 0.20260762645574598, 0.4692635237382581, -0.003275483411176866], [-0.7404686526891635, 0.047071757821490395, 0.6024772103498093, -0.25931833130483156, 0.32593682476328256, -0.5901444062889644, 0.3924530026499402, -0.6726273314710107, -0.11186358380520495, 0.03405032100738471, 0.6231607800264355, 0.03818050409437368, -0.14808119099035796], [0.61647300794386, 0.6344360062527402, 0.38033173866505654, 0.2231208657604101, 0.002546385352563657, 0.34314588219524045, -0.000534307184200597, -0.24683800917973484, -0.19370140496746877, -0.5544111082648329, -0.3010025581846967, -0.53354874716657, 9.198825942202671e-05]], "inverted": true, "swapped": true, "error_lsq": 0.042444255205727116, "error_max": 0.22059781963548195, "target": "976.xyz", "model": "6.xyz", "model_rescale": 4.08911054899281, "target_rescale": 4.21094371785785},
{"mapping": [6, 3, 8, 1, 10, 12, 11, 5, 0, 4, 2, 7, 14, 15, 16], "R": [[0.6851379898147747, -0.24708383640006143, 0.6852266141229464], [-0.43629525323587726, 0.6140946007490151, 0.6576733789159703], [-0.5832944255831793, -0.7495581359179122, 0.31293803534063]], "T": [0.007989561750772806, 0.024095045853126794, -0.0808511029042289], "aligned_model": [[-0.015414799059919054, 0.32063478084040276, 0.6231234339547322, -0.4478447473515105, -0.6087199984542466, -0.11511664668236973, 0.186610409577037, 0.6086460679544904, -0.7089435231737125, -0.21411761713710004, -0.42930388258823093, 0.05609417503721869, 0.31176594351430764, 0.5842529633388924, -0.11533301997043773], [-0.8002983213391892, -0.5083421203173148, -0.25923705224347265, -0.32004892129834506, 0.32744408984011075, 0.6078928747418886, 0.032501703163538356, 0.37064502276185707, -0.21025607290971374, -0.681251047688772, 0.32417966851581287, -0.037637485368867414, 0.5302412259138831, -0.007649835839661424, -0.06742491176264098], [-0.5072339340884275, 0.0657794961885686, -0.30416138716726326, -0.5557683099033115, -0.18687712049544444, -0.21271601719777888, -0.6374624996352608, -0.19248566812019524, -0.09815805791936313, 0.36557479735934684, 0.3388200263862212, 0.6824565640076603, 0.40044461945437315, 0.33928111180085774, -0.033423588587903105]], "inverted": false, "swapped": true, "error_lsq": 0.04272448722314674, "error_max": 0.2506073609341468, "target": "976.xyz", "model": "7.xyz", "model_rescale": 3.964800864290218, "target_rescale": 4.21094371785785},
{"mapping": [0, 1, 13, 9, 12, 4, 2, 11, 3, 15, 7, 14, 5, 16], "R": [[0.8238577529004747, 0.5292246257264382, 0.2029278160097618], [-0.4979188288344484, 0.5047079653578348, 0.7052281259255659], [0.2708048058619191, -0.6820492395927626, 0.679318476042734]], "T": [0.14077225175399655, -0.008759145022150258, 0.0748188888524331], "aligned_model": [[-0.27896717566293444, 0.2320776482849691, 0.48116307439240746, -0.6846274486073095, 0.23536777920335322, -0.41954533871270383, -0.4214742870233881, 0.6968415146000191, 0.14780408282531282, 0.1258059607944137, -0.4589163497284734, -0.0267742831613019, 0.6099474484839226, 0.022485263772585626], [-0.2557663956346307, -0.42080742136256866, 0.1413892604993075, -0.1606015536962121, 0.5501221963496863, -0.6523181949705947, 0.33675519481707616, -0.07124955767832793, -0.5114849328960399, 0.025606023846787056, 0.03228235474659579, 0.5620338209333617, 0.3302876756211366, -0.09530000439437468], [-0.5013922330752856, -0.5364469154541147, -0.5951737905438252, -0.1716210024179251, -0.15336246806494563, 0.20904534696534477, -0.07316376073430833, -0.09451583700177557, 0.4620581393008958, 0.787695714580499, 0.5517389347151709, 0.550458633535019, 0.47264961827937174, 0.008844658640900532]], "inverted": false, "swapped": true, "error_lsq": 0.04153095266309654, "error_max": 0.24624121553405084, "target": "976.xyz", "model": "8.xyz", "model_rescale": 4.121658175737393, "target_rescale": 4.21094371785785},
{"mapping": [2, 7, 4, 0, 14, 12, 8, 11, 6, 5, 10, 1, 16], "R": [[0.6933332316688494, -0.219703715625311, -0.686308463596408], [-0.5775996250850383, 0.4000472080937743, -0.711576351769787], [0.4308917531877964, 0.8897710428176503, 0.15046523983278776]], "T": [-0.06593012396594006, -0.0868863971621475, -0.006338683725756751], "aligned_model": [[-0.5492012710891903, -0.35515328305238675, 0.3449528802357921, 0.10789765679672947, -0.7166035355950378, -0.5321342109152659, 0.3237031631886981, 0.1901282131761552, 0.8591902232021151, -0.28773803273102205, -0.3237609479291503, 0.42888217861365413, -0.013425537465894248], [0.27361673457830804, -0.2776567217173685, 0.027453260860286904, 0.6135206894470969, -0.45956314317685243, 0.0758333768388205, -0.6580119831733741, -0.15875090619761933, -0.009223927431642936, -0.6458241189174532, 0.5475148173770911, 0.438762509825964, 0.022716851098452465], [-0.31274802487562997, -0.6909701182320437, -0.7574993818962367, -0.22639967863240906, -0.1399267537281743, 0.35357717262469757, 0.16840601046121964, 0.5142974141941762, -0.016105502824647157, 0.35661761653572865, 0.11470348143964945, 0.16864803800878633, -0.11152483911602834]], "inverted": false, "swapped": true, "error_lsq": 0.043493034345952, "error_max": 0.2617778247940234, "target": "976.xyz", "model": "9.xyz", "model_rescale": 3.833441315466971, "target_rescale": 4.21094371785785},
{"mapping": [2, 10, 4, 6, 1, 0, 13, 8, 15, 3, 14, 5, 12, 9, 16], "R": [[0.05382037337918913, -0.27944180124034734, -0.9586530379281519], [-0.9829899847063206, 0.153998156597052, -0.10007625958127006], [0.17559629089588588, 0.9477324767487183, -0.26640025363979547]], "T": [0.04159111224610835, 0.06316540923671685, 0.049549712221948046], "aligned_model": [[0.0995654156341603, -0.060693804968509533, -0.6086593576075581, -0.7038857833092703, -0.5515842134406247, -0.5490034293577439, -0.02909168392775171, 0.11937579864894204, 0.3841186473239029, -0.20783195457367576, 0.6855076313461376, 0.645025367114626, 0.43964741954155506, -0.44251581717097255, -0.09612921695868462], [-0.5943395961075395, -0.5115224359888019, 0.022225987797063175, 0.6040764283426117, 0.0676652930229279, -0.3814919645313347, -0.05083510228664245, 0.7679666569355139, 0.3480024125898381, 0.4881636130588094, -0.13681387924417276, 0.42077885719194286, -0.24377504268686387, -0.587608185831288, -0.011391502967085076], [0.19694829455677762, -0.32842451547458074, 0.6166820470801918, -0.06730050946047864, -0.397539904105324, -0.10108538726706501, -0.704975616683003, 0.12530580376267816, 0.6073499386390272, 0.44942664580993896, 0.4037945691738982, 0.013120013017759093, -0.2978724148611185, 0.3769754462296015, 0.08571749740379027]], "inverted": true, "swapped": true, "error_lsq": 0.03619744058652728, "error_max": 0.23203832771386093, "target": "976.xyz", "model": "10.xyz", "model_rescale": 4.2482417240324, "target_rescale": 4.21094371785785},
{"mapping": [7, 4, 0, 6, 14, 12, 2, 11, 3, 5, 15, 16], "R": [[-0.488923395698062, -0.5808217447698153, 0.6508456145213121], [0.04018250585717542, -0.760306599828375, -0.648320322433636], [0.8714007570355414, -0.2908263658266961, 0.3950705577209245]], "T": [0.09425851730755694, 0.14668948914751606, -0.009177964379956157], "aligned_model": [[-0.60587498146651, -0.06101179119277669, 0.359434366456985, 0.7289745151110111, -0.5719677420179563, 0.08126716007572624, -0.2677430807262766, 0.5608363622140115, 0.030742539578404324, -0.05409428549855244, -0.4316629767948056, 0.10786551662374697], [-0.16077925539009857, -0.699959977435707, -0.22488941704707194, -0.46304322258543734, 0.5118563974238155, 0.6955525112428882, 0.17574647747305963, 0.3864608147371793, -0.3170893630295874, 0.6381507831066748, 0.1053117701307818, 0.018813871424142953], [0.054379951128904896, 0.0630481184921333, 0.5915082359907062, -0.3047048313133028, -0.06307897135748716, 0.25904583546873705, 0.5613575107929714, -0.2672615791322349, -0.4376774373970467, -0.4885574002455521, -0.4901070545447242, 0.08723991197125178]], "inverted": true, "swapped": true, "error_lsq": 0.03948363887493311, "error_max": 0.2671573640667593, "target": "976.xyz", "model": "11.xyz", "model_rescale": 3.6694154284099745, "target_rescale": 4.21094371785785},
{"mapping": [6, 1, 10, 13, 11, 4, 3, 7, 12, 14, 2, 5, 9, 16], "R": [[0.6871888795989953, 0.579851118204109, 0.43765754246090843], [-0.6494091909458085, 0.7603396776464391, 0.01229948420135249], [-0.32563652508677193, -0.2926708993288424, 0.8990576167384706]], "T": [0.14422612040196908, 0.012340474853742692, 0.02745937821051385], "aligned_model": [[0.14369682289061425, 0.07152840871322827, -0.06428055631329, 0.4516307106296143, 0.6479894134079813, -0.5496752958003324, 0.05475787053637782, -0.38000819783845347, 0.3599784840440746, 0.17280614775435715, -0.3200331950245759, 0.7183291271623129, -0.7106826578033811, 0.0022277678972819626], [-0.5183699224273949, 0.12491164032290474, 0.6472969180073761, 0.5351965583924043, 0.011427602800758097, -0.46747973517980285, -0.6140975853464457, -0.20745625763850922, 0.5566190067949977, 0.11636925022167341, 0.4343495856840121, -0.07898407062615195, 0.18014980943424824, 0.01105448769618384], [-0.7343284536469769, -0.7031630389144016, -0.16475956363753502, -0.4409683964519769, -0.26921222039732684, -0.15805122970799707, -0.020579049408832956, 0.5428537219529664, 0.20231702443274335, 0.7814294134241915, 0.2799901533574631, 0.42168389052916605, -0.05028642947648644, -0.0478303624025808]], "inverted": false, "swapped": true, "error_lsq": 0.04279559213946627, "error_max": 0.25371357197106936, "target": "976.xyz", "model": "12.xyz", "model_rescale": 3.9764082729961374, "target_rescale": 4.21094371785785},
{"mapping": [10, 1, 13, 5, 2, 9, 7, 12, 11, 0, 6, 8, 4, 3, 15, 16], "R": [[0.5483274931812578, 0.8224671573501106, 0.15127701511461109], [0.31788419271084906, -0.037676548651645325, -0.9473806614588838], [-0.7734898837387142, 0.5675634350115666, -0.2821083958193051]], "T": [-0.1297517711813594, 0.1321674299492946, 0.03550861647135091], "aligned_model": [[-0.1645435822143894, -0.30035340447616926, -0.6869868044281503, -0.5214520796372969, 0.25444432951198986, 0.5891765672213571, 0.5580858763360579, -0.42626460686005496, -0.6769619568511237, 0.13843838758597266, -0.2011601179997603, -0.39461205695967744, 0.5861263168933659, 0.10878823093608317, 0.09621775435468755, -0.02010253960349831], [0.06187337508447316, -0.5457885822093327, -0.11410921524469458, 0.6070468707057297, 0.3735196116791783, -0.0862330186299271, 0.450292305364625, 0.47860800104361767, -0.03835150402228543, -0.362218529646589, -0.7182022012217768, 0.06810398500785847, -0.3126780363990142, -0.08726383731087795, 0.5410658741366934, 0.029799019005564892], [-0.6554625235034254, -0.21556322440379228, -0.4293973718920058, 0.3737508169632983, -0.46603168556493507, -0.4122822842174913, 0.15567303673238547, -0.37121299368635846, 0.15073288471652735, -0.46735278343069037, 0.4012227741012327, 0.6945072095212593, 0.2246431429289022, 0.581114232157197, 0.5752661168608678, -0.022210404430273376]], "inverted": true, "swapped": true, "error_lsq": 0.04091120384062452, "error_max": 0.40409951861053744, "target": "976.xyz", "model": "13.xyz", "model_rescale": 4.170626492500431, "target_rescale": 4.21094371785785},
{"mapping": [11, 5, 13, 12, 1, 9, 2, 8, 6, 15, 3, 7, 4, 16], "R": [[-0.8654664114947949, 0.18714775384103505, 0.46469733032004634], [0.4992513020830044, 0.24550435033878543, 0.8309487055968954], [0.04142496762518355, 0.9511589416059687, -0.3059095288811158]], "T": [-0.09359429884210535, -0.037463647466302, 0.020804174708857058], "aligned_model": [[0.24084672614796399, -0.12058161373246223, -0.07583974150422174, -0.5317930218305444, 0.2770499671816951, -0.404418673532983, -0.6873986942493674, 0.4437500191942021, 0.774323285235326, -0.0976550610979573, 0.3568819428632769, -0.418151982721139, 0.1704640854625079, -0.08429421532465387], [-0.31324175313903635, -0.7386639075367295, 0.008229859903371953, -0.24099647250922773, 0.4131477647677357, 0.7496686329299754, 0.2810186941641867, -0.47302569181864057, 0.2859358695320375, -0.4221094750287942, -0.016634176837800205, 0.11546629976877569, 0.585737581022344, 0.12154124270746712], [-0.37148138884316606, 0.05141922335212603, -0.7439817596150302, -0.3532541997369088, -0.43891152462437566, 0.24190230607590793, 0.07881738048973666, 0.1942430140609547, -0.04327644918581703, 0.6221604924650338, 0.46731754555216837, 0.6990654036396713, 0.5574923462788766, 0.04236071121168891]], "inverted": true, "swapped": true, "error_lsq": 0.04485566623670554, "error_max": 0.2866215645592265, "target": "976.xyz", "model": "14.xyz", "model_rescale": 3.9786697098870705, "target_rescale": 4.21094371785785},
{"mapping": [5, 12, 8, 15, 11, 6, 2, 0, 3, 7, 13, 16], "R": [[-0.6178181226188406, 0.7781417993051419, 0.11311988126712125], [-0.4412054791643457, -0.46213189148152267, 0.769267079778584], [0.6508751742992595, 0.4253580316038085, 0.6288338830176393]], "T": [-0.019424507216056146, -0.024577423852649376, 0.0013937413530879274], "aligned_model": [[-0.0019701641723324156, -0.5901497478696008, 0.5025177843446423, 0.3954905005821995, -0.03458800572030842, 0.5655253021239703, -0.4226317020298273, -0.21582142700030557, 0.6138413799275325, 0.2003046253591658, -0.527489854421782, -0.0016740943560177336], [-0.2776292653205059, -0.11354439201209279, 0.07293832960372568, -0.561573825182746, 0.38142809914643705, 0.6852469873135023, -0.3551537774278196, 0.33026222281624923, -0.03363313692152981, -0.6598880804735038, 0.5310945290993838, 0.015126799583338853], [-0.6535929092970568, -0.1979074815461499, -0.4746326903818503, -0.2201434442815138, -0.4189893098556022, 0.12771686896631443, 0.43214126193533287, 0.637577756295133, 0.041757236872972656, 0.3713437805187893, -0.1414310811844053, 0.15612650583186652]], "inverted": true, "swapped": true, "error_lsq": 0.04596167854129707, "error_max": 0.2743988151318196, "target": "976.xyz", "model": "15.xyz", "model_rescale": 3.769337070930944, "target_rescale": 4.21094371785785},
{"mapping": [2, 7, 13, 12, 0, 4, 1, 3, 11, 5, 16], "R": [[0.4299393816007067, -0.24581870461859462, -0.8687492691268515], [0.09018273393529987, 0.9691019587904418, -0.22958324844919348], [0.8983424751445059, 0.02036069566997463, 0.43882369970533486]], "T": [-0.07875591967651267, 0.024724519350474292, 0.075742124711382], "aligned_model": [[-0.38886892240132026, -0.29242656670376643, -0.00017712653776193188, -0.5357821436600205, 0.3123870825273016, 0.4652672216308404, 0.5044777833565908, 0.28105477515684324, 0.05908073883218769, -0.5004503454518469, 0.018063633942123], [-0.0643982113258779, -0.6658355662968628, 0.782098823084753, 0.41447080761431304, 0.18474576325995648, -0.5662266161734482, 0.44219718386383916, -0.42028663762861196, 0.4418842292695461, 0.058779089155981845, -0.011364367198246645], [-0.5186376010516962, -0.18161983111480864, -0.01091919061178842, -0.036455293118080184, -0.5492485785324976, -0.24199420018641352, -0.11744525328139502, 0.35003801526973277, 0.46145076880374636, 0.6364216219614857, -0.04737285091450828]], "inverted": false, "swapped": true, "error_lsq": 0.04297254077784824, "error_max": 0.24211522536030158, "target": "976.xyz", "model": "16.xyz", "model_rescale": 3.7852294659196426, "target_rescale": 4.21094371785785},
{"mapping": [4, 2, 10, 9, 7, 14, 5, 12, 1, 6, 8, 13, 16], "R": [[-0.27908048698357096, -0.49313943032899765, 0.8239706208596304], [-0.9162264278183423, -0.12013336599808577, -0.38222651313221345], [0.28747732911005885, -0.861615620000451, -0.4183005003809884]], "T": [-0.03954172931876103, 0.18447013443565446, 0.025441002111474396], "aligned_model": [[-0.02783275244231613, -0.2629096154353221, 0.24021242412470006, -0.03297449356540204, -0.6443128827443995, -0.7529742428098531, -0.3738376472075126, -0.08501676830711448, 0.6857005106845006, 0.6064751364715442, -0.06547217646789903, 0.5496327663794272, 0.017075591535930024], [-0.1793065573555065, -0.4258497216339456, -0.3149804522755211, -0.6408812980267737, -0.15492276404939598, 0.16496581124354698, 0.731527324535103, 0.10162970949594445, 0.057904842117667, 0.441101180802643, 0.8473424531127489, 0.18522650227082676, 0.06129859346553644], [-0.7579300551688393, 0.21256837776613263, 0.42025686502396353, -0.26408496699077794, -0.3029305344734187, 0.29141703136736347, 0.3123592328579168, 0.6291237698102696, -0.07340868721951346, -0.5900077949946296, -0.23621171169901498, 0.5155159839133935, -0.0609128130496716]], "inverted": true, "swapped": true, "error_lsq": 0.040136378505456156, "error_max": 0.21152014999590607, "target": "976.xyz", "model": "17.xyz", "model_rescale": 3.901054581598922, "target_rescale": 4.21094371785785},
{"mapping": [12, 10, 5, 14, 1, 8, 9, 2, 11, 3, 6, 4, 7, 15, 16], "R": [[0.8598368331598165, 0.493704609006537, 0.13013984550244456], [-0.19855775748906634, 0.5581686827179932, -0.8056193509181451], [-0.47037797278636556, 0.6668609155427858, 0.57796287254358]], "T": [-0.03344377755197385, 0.0013393430454824024, -0.08207268175837874], "aligned_model": [[-0.08247933249636391, 0.21740092866970545, -0.465063359704771, 0.19056433961837227, -0.16977076948197384, -0.557321248008804, 0.7716637316650156, 0.5544243676079823, -0.5953975359194503, -0.0782795118888206, -0.3634589260535633, 0.4706491008207307, 0.5748485785099953, -0.004507669442201531, 0.07581351719318126], [-0.11485185098301472, -0.5363963062323029, 0.4703587465525233, 0.5700505787517417, -0.6731607042503653, 0.35711056731814494, -0.2952213656228982, -0.0969399613126945, -0.15901435134491904, 0.2874356281141118, -0.3372935468164299, -0.00534073346108653, 0.45825765091816995, 0.7071715925081987, -0.08340859431207323], [-0.6799510305662189, -0.4447159574422061, -0.37715358003442817, -0.5364926547914586, 0.1976253312029857, 0.2458197907526249, 0.08800684997411347, -0.40168559798903325, -0.09901352849624076, 0.4826180071377028, 0.7169218578772426, 0.6193448412379311, 0.017775318143086596, 0.02069823155108884, -0.00013147370521421342]], "inverted": true, "swapped": true, "error_lsq": 0.038092639165132135, "error_max": 0.27466657043088205, "target": "976.xyz", "model": "18.xyz", "model_rescale": 3.9405287249114394, "target_rescale": 4.21094371785785},
{"mapping": [10, 2, 7, 14, 13, 4, 9, 1, 0, 6, 15, 3, 12, 11, 5, 16], "R": [[0.19473899260433736, -0.924343975763859, 0.3281233597726782], [0.7515008190468069, -0.07437389084233802, -0.6555265389997195], [0.6303358182202774, 0.37424155144777094, 0.6801617582888199]], "T": [0.09539311948130286, 0.003420565828899309, 0.056753373269033694], "aligned_model": [[-0.47120754697090056, -0.006031968251053996, 0.6711098930777559, 0.3807350391652591, -0.6507770330637384, 0.5776252457680593, 0.13891175478350085, -0.3455667946813403, -0.23463507716222265, 0.15098998670232416, 0.7338312593929734, 0.6113694377852237, -0.32175470357457275, -0.18306706172238268, 0.22026828860886938, 0.09536437811363158], [-0.23020947833024763, -0.521470562976423, -0.3914855143588856, -0.6611966799990447, 0.15227435195192326, 0.28993737968787875, -0.1855207934144826, 0.5211462659244932, 0.1418925990578506, 0.9154198013224328, -0.16951401942600605, 0.37196243294027775, -0.3991927747019383, 0.33881495788046034, -0.15932669309787117, 0.0388208565172187], [-0.2718398825723675, -0.35749588558408274, -0.2616220937936686, 0.29544464560064204, 0.14825911117337892, -0.6001340499379749, -0.7961714144974599, -0.24204554665458372, -0.6074152131985082, -0.10799154931953507, 0.3252467513725554, 0.030633789330614378, 0.24976526652435954, 0.44632089681348003, 0.7285174114092429, -0.10002847999121496]], "inverted": false, "swapped": true, "error_lsq": 0.04123669118135813, "error_max": 0.23283235228952562, "target": "976.xyz", "model": "19.xyz", "model_rescale": 4.410303926677745, "target_rescale": 4.21094371785785},
{"mapping": [0, 1, 13, 9, 12, 4, 2, 11, 3, 15, 7, 14, 5, 16], "R": [[0.8238577529004747, 0.5292246257264382, 0.2029278160097618], [-0.4979188288344484, 0.5047079653578348, 0.7052281259255659], [0.2708048058619191, -0.6820492395927626, 0.679318476042734]], "T": [0.14077225175399655, -0.008759145022150258, 0.0748188888524331], "aligned_model": [[-0.27896717566293444, 0.2320776482849691, 0.48116307439240746, -0.6846274486073095, 0.23536777920335322, -0.41954533871270383, -0.4214742870233881, 0.6968415146000191, 0.14780408282531282, 0.1258059607944137, -0.4589163497284734, -0.0267742831613019, 0.6099474484839226, 0.022485263772585626], [-0.2557663956346307, -0.42080742136256866, 0.1413892604993075, -0.1606015536962121, 0.5501221963496863, -0.6523181949705947, 0.33675519481707616, -0.07124955767832793, -0.5114849328960399, 0.025606023846787056, 0.03228235474659579, 0.5620338209333617, 0.3302876756211366, -0.09530000439437468], [-0.5013922330752856, -0.5364469154541147, -0.5951737905438252, -0.1716210024179251, -0.15336246806494563, 0.20904534696534477, -0.07316376073430833, -0.09451583700177557, 0.4620581393008958, 0.787695714580499, 0.5517389347151709, 0.550458633535019, 0.47264961827937174, 0.008844658640900532]], "inverted": false, "swapped": true, "error_lsq": 0.04153095266309654, "error_max": 0.24624121553405084, "target": "976.xyz", "model": "20.xyz", "model_rescale": 4.121658175737393, "target_rescale": 4.21094371785785},
{"mapping": [6, 11, 5, 3, 15, 1, 12, 4, 10, 2, 14, 7, 16], "R": [[-0.3893383694870035, 0.8750476234415323, -0.28758875283037094], [0.03136826648394969, -0.2994475799760084, -0.9535969686950059], [-0.9205605172409872, -0.3802930495760325, 0.08913770549642724]], "T": [0.008566075689541312, -0.008169779480587055, 0.07831158507511529], "aligned_model": [[0.1985533119388021, -0.16309151040129613, 0.17956748424467608, 0.5730938240540644, 0.6348493461576521, -0.36950094192169897, -0.446019571800005, 0.45456461601595394, -0.6229791473429187, -0.22655017306376254, 0.20260762645574598, 0.4692635237382581, -0.003275483411176866], [-0.7404686526891635, 0.047071757821490395, 0.6024772103498093, -0.25931833130483156, 0.32593682476328256, -0.5901444062889644, 0.3924530026499402, -0.6726273314710107, -0.11186358380520495, 0.03405032100738471, 0.6231607800264355, 0.03818050409437368, -0.14808119099035796], [0.61647300794386, 0.6344360062527402, 0.38033173866505654, 0.2231208657604101, 0.002546385352563657, 0.34314588219524045, -0.000534307184200597, -0.24683800917973484, -0.19370140496746877, -0.5544111082648329, -0.3010025581846967, -0.53354874716657, 9.198825942202671e-05]], "inverted": true, "swapped": true, "error_lsq": 0.042444255205727116, "error_max": 0.22059781963548195, "target": "976.xyz", "model": "21.xyz", "model_rescale": 4.08911054899281, "target_rescale": 4.21094371785785},
{"mapping": [2, 15, 13, 8, 1, 10, 11, 0, 5, 4, 3, 9, 12, 14, 7, 6, 16], "R": [[-0.4742926743777992, 0.8737277926591316, 0.1079175767266709], [0.7669035165595277, 0.34985173240314554, 0.5380174361701937], [0.43232563574253324, 0.3379400977533145, -0.8359970305032758]], "T": [-0.010270482979270024, -0.05741063349473506, -0.09353159380562569], "aligned_model": [[-0.3819418459063346, 0.14680386138152127, -0.5646935979742393, 0.4340849399907597, 0.028599000068480263, 0.3289665119224741, 0.5983829632044348, -0.47552762909830953, 0.655371594361046, -0.6804340239846972, -0.673994493039817, 0.42825675512663225, -0.1570873886804697, -0.10414320249738507, -0.26311734179733115, 0.09737300979438686, -0.053055181317188636], [-0.14820657406841808, 0.14776271628698479, 0.17262817987113283, -0.5894761340150204, -0.6673843650770112, 0.11456062260928403, -0.2354084798971297, -0.6460489086442494, 0.0009570642543004701, -0.1772731486159052, 0.46183361597720385, 0.4841295483930713, 0.5478007734210963, 0.5456954176450086, -0.10925835558273898, -0.6018650004556078, -0.07097267070966844], [-0.70579814076743, -0.7752489580975653, 0.1829229592998292, -0.10824822702445251, -0.5999104947614551, 0.6181421780723161, -0.5221932078828101, 0.09913435335018612, 0.13283733224588407, -0.24454812152247318, -0.3036141279533929, 0.054710452870239804, 0.30286903078188715, -0.2917072470932126, 0.5691723127088587, 0.40400880587272403, -0.07768258225524649]], "inverted": false, "swapped": false, "error_lsq": 0.04179388025427176, "error_max": 0.271829445604119, "target": "976.xyz", "model": "22.xyz", "model_rescale": 4.204369325754507, "target_rescale": 4.21094371785785},
{"mapping": [10, 2, 7, 14, 13, 4, 9, 1, 0, 6, 15, 3, 12, 11, 5, 16], "R": [[0.19473899260433736, -0.924343975763859, 0.3281233597726782], [0.7515008190468069, -0.07437389084233802, -0.6555265389997195], [0.6303358182202774, 0.37424155144777094, 0.6801617582888199]], "T": [0.09539311948130286, 0.003420565828899309, 0.056753373269033694], "aligned_model": [[-0.47120754697090056, -0.006031968251053996, 0.6711098930777559, 0.3807350391652591, -0.6507770330637384, 0.5776252457680593, 0.13891175478350085, -0.3455667946813403, -0.23463507716222265, 0.15098998670232416, 0.7338312593929734, 0.6113694377852237, -0.32175470357457275, -0.18306706172238268, 0.22026828860886938, 0.09536437811363158], [-0.23020947833024763, -0.521470562976423, -0.3914855143588856, -0.6611966799990447, 0.15227435195192326, 0.28993737968787875, -0.1855207934144826, 0.5211462659244932, 0.1418925990578506, 0.9154198013224328, -0.16951401942600605, 0.37196243294027775, -0.3991927747019383, 0.33881495788046034, -0.15932669309787117, 0.0388208565172187], [-0.2718398825723675, -0.35749588558408274, -0.2616220937936686, 0.29544464560064204, 0.14825911117337892, -0.6001340499379749, -0.7961714144974599, -0.24204554665458372, -0.6074152131985082, -0.10799154931953507, 0.3252467513725554, 0.030633789330614378, 0.24976526652435954, 0.44632089681348003, 0.7285174114092429, -0.10002847999121496]], "inverted": false, "swapped": true, "error_lsq": 0.04123669118135813, "error_max": 0.23283235228952562, "target": "976.xyz", "model": "23.xyz", "model_rescale": 4.410303926677745, "target_rescale": 4.21094371785785},
{"mapping": [15, 9, 5, 7, 13, 3, 11, 12, 1, 6, 15, 10, 4, 8, 2, 0, 16], "R": [[0.8785754606761405, -0.17680527722959904, -0.4436722369514144], [0.062398288243727056, -0.8785002585469892, 0.4736493949717718], [-0.47350988745955463, -0.4438211235133332, -0.7607964227054451]], "T": [0.014945154375234318, -0.08982538558208536, -0.17710230272631816], "aligned_model": [[-0.4887243951924764, 0.09070680032939409, -0.554443511050183, 0.35427450733107974, -0.15938063037797445, 0.33015069665862057, 0.5112086496077843, -0.43639650738520425, 0.7841795031711206, -0.6166452415151312, -0.4887243951924764, 0.41484795355081805, -0.16060614630898884, -0.08513818344394188, -0.20490058301307967, 0.0017652424192510369, 0.07167017196535097], [0.2185859772582845, 0.35148974413464623, -0.025755579724268424, -0.6545906935101446, -0.6999878123874215, 0.1834603925159604, -0.1256007407121257, -0.6675476878730344, -0.21782301835187498, -0.4123356276957119, 0.2185859772582845, 0.422690548829262, 0.4096912439073287, 0.7260599418407678, 0.03191302473806601, -0.45802604561287985, -0.07133534322280563], [-0.5777437970126118, -0.6151903223226144, 0.08230787650791332, -0.08863403798811303, -0.47959024879084744, 0.6198991616620748, -0.5684642245782721, 0.1525998061214543, 0.18099052351882727, -0.45092488271317466, -0.5777437970126118, -0.1426187637314443, 0.2628400238151991, -0.17250608237369497, 0.7002468651557117, 0.4821703077770207, -0.07279209019092998]], "inverted": false, "swapped": false, "error_lsq": 0.03909046579180301, "error_max": 0.3784050561844171, "target": "976.xyz", "model": "24.xyz", "model_rescale": 4.28219845311461, "target_rescale": 4.21094371785785},
{"mapping": [12, 11, 2, 8, 5, 6, 10, 15, 1, 3, 0, 4, 4, 7, 9, 16], "R": [[-0.10547288628241758, -0.6166749493889037, 0.7801201683429608], [-0.9739034124412367, 0.2225995894780758, 0.044289569872677126], [-0.2009666974763999, -0.7550903452967633, -0.6240600587644141]], "T": [-0.039947734598372704, 0.02762919081318666, -0.19690764445617867], "aligned_model": [[-0.11156572336245976, -0.35605253370094114, 0.06765261058320879, 0.11556878914635124, 0.30604529600013863, -0.5304545290676719, -0.4457143490120587, 0.6311486276332936, -0.7468936302276546, 0.16877647437803805, -0.5361852829608892, 0.03910043043293076, 0.03910043043293076, 0.5646172381907453, -0.10098319846311776, -0.09583988388183334], [0.402942704584715, -0.32203317109771323, 0.6816650689287066, -0.6580544119483476, -0.2295896942628206, -0.6201582705225838, 0.5895264956402625, -0.21545747046733682, -0.05740111297712097, -0.44235889115748245, 0.3780596591445537, -0.05006201682921915, -0.05006201682921915, 0.2747120515260571, 0.5848028166399737, 0.07857963534180792], [-0.6737451736603275, -0.5427491034853038, -0.06252226640163264, -0.3160162056447633, -0.751411629138678, 0.2522571317895833, -0.2536325419674292, -0.18520845373575492, 0.01466666654484805, 0.17495564886843704, 0.25048458645183336, 0.6597464624473832, 0.6597464624473832, 0.20585134950351183, 0.47458742274213483, -0.05508433618347933]], "inverted": false, "swapped": true, "error_lsq": 0.04173896915703115, "error_max": 0.2950868454830489, "target": "976.xyz", "model": "25.xyz", "model_rescale": 4.100010024507729, "target_rescale": 4.21094371785785},
{"mapping": [7, 4, 0, 6, 14, 12, 2, 11, 3, 5, 15, 16], "R": [[-0.488923395698062, -0.5808217447698153, 0.6508456145213121], [0.04018250585717542, -0.760306599828375, -0.648320322433636], [0.8714007570355414, -0.2908263658266961, 0.3950705577209245]], "T": [0.09425851730755694, 0.14668948914751606, -0.009177964379956157], "aligned_model": [[-0.60587498146651, -0.06101179119277669, 0.359434366456985, 0.7289745151110111, -0.5719677420179563, 0.08126716007572624, -0.2677430807262766, 0.5608363622140115, 0.030742539578404324, -0.05409428549855244, -0.4316629767948056, 0.10786551662374697], [-0.16077925539009857, -0.699959977435707, -0.22488941704707194, -0.46304322258543734, 0.5118563974238155, 0.6955525112428882, 0.17574647747305963, 0.3864608147371793, -0.3170893630295874, 0.6381507831066748, 0.1053117701307818, 0.018813871424142953], [0.054379951128904896, 0.0630481184921333, 0.5915082359907062, -0.3047048313133028, -0.06307897135748716, 0.25904583546873705, 0.5613575107929714, -0.2672615791322349, -0.4376774373970467, -0.4885574002455521, -0.4901070545447242, 0.08723991197125178]], "inverted": true, "swapped": true, "error_lsq": 0.03948363887493311, "error_max": 0.2671573640667593, "target": "976.xyz", "model": "26.xyz", "model_rescale": 3.6694154284099745, "target_rescale": 4.21094371785785},
