[{"mapping": [9, 4, 0, 6, 8, 1, 2, 10, 5, 7, 11], "R": [[0.12354032410020888, -0.38956492734797293, -0.9126757122338602], [0.34492917244090454, -0.8455151413068405, 0.40758804180214436], [-0.9304631396892884, -0.36516203691134497, 0.02991709341345644]], "T": [-0.17004908951197475, -0.03040975495490962, -0.051886169527475906], "aligned_model": [[-0.7156633293951119, 0.2799565409622061, 0.35318499676525517, -0.524131727843224, -0.14399691770372275, 0.14656085422752194, 0.5448954256723829, -0.6279443374651718, -0.02816142220231077, -0.6051288212457173, -0.1258134115538138], [-0.10934447232187842, -0.6980658316517312, -0.04398327686710933, 0.5361031260788571, 0.04038299498472249, 0.6012952217270993, 0.15843117720251704, -0.21777647417128804, 0.22942053517637628, 0.6378790414895767, -0.019587064912475277], [-0.3076806887394957, -0.11575135984958648, 0.27801267021287956, -0.3326763550934242, -0.6822933090740297, -0.001018444205711573, -0.37117238616725057, 0.4139324651328774, 0.7233831015813581, 0.4587007686596333, 0.000633636869059935]], "inverted": false, "swapped": false, "error_lsq": 0.03570368405056586, "error_max": 0.16205896344810825, "target": "977.xyz", "model": "0.xyz", "model_rescale": 3.751011558992144, "target_rescale": 3.684236523464791},
{"mapping": [7, 2, 5, 6, 1, 10, 8, 12, 9, 11, 14], "R": [[-0.9873442361859929, -0.05984999330337763, 0.1468650318213428], [0.1506307593066639, -0.6436228686762062, 0.7503732253137163], [0.04961586057901515, 0.7629990702606373, 0.6444925796007329]], "T": [-0.08046084711274071, 0.031772140482127384, -0.048961081122810945], "aligned_model": [[-0.6990162856141632, 0.34274407523847883, 0.4364333812527643, -0.5947129226971949, -0.25896928831977595, 0.17053620178373863, 0.5013279558015019, -0.6615604152771357, 0.02124611928699406, -0.5941856689488568, -0.11008530228805764], [-0.05648547622062251, -0.678603322083297, -0.06866196224200764, 0.5146168457705514, 0.08317121735837495, 0.7704628113578568, -0.019521994882158195, -0.16206111806043788, 0.19058797982504988, 0.5065432155673347, 0.03470678034402233], [-0.2709448336622876, -0.05050958710146286, 0.2869249035327671, -0.3061216119244031, -0.7206592430601058, 0.2036063798362051, -0.36409431107597795, 0.37142810027834705, 0.5824047743792586, 0.3349793082849239, -0.0029437801609541667]], "inverted": false, "swapped": false, "error_lsq": 0.046767373086260514, "error_max": 0.20270901774528385, "target": "977.xyz", "model": "1.xyz", "model_rescale": 3.9405287249114394, "target_rescale": 3.684236523464791},
{"mapping": [2, 0, 6, 8, 4, 3, 7, 5, 11, 9, 12], "R": [[-0.6331300557680558, -0.41917243777243973, -0.6507232898053127], [-0.355071480769353, 0.9042881986677219, -0.23703817687146087], [0.6878012620135251, 0.08097728794049094, -0.7213682158304492]], "T": [-0.09033824388466123, 0.09064158223164154, -0.05688004996164241], "aligned_model": [[-0.6066478860536159, 0.06193368691075081, 0.3624819484342772, -0.5406867996804877, -0.14471034588900583, 0.23058359538085688, 0.6187366007118492, -0.5345269956978437, -0.08958275499934477, -0.6444203770507912, -0.15940282184835147], [-0.3385910535769289, -0.6888882580920743, -0.06300679630517103, 0.700506302521101, 0.35960309688081166, 0.5576928916816432, 0.16978321915843564, -0.28065868238292685, 0.1205342759509611, 0.5194597221558074, 0.05832025874300792], [-0.1724366390502966, 0.21159057303573187, 0.20138675508823556, -0.21794206084141282, -0.7021699848312821, -0.13219224015929243, -0.4030870967141935, 0.3823337324229129, 0.6549627312308972, 0.34248081400490693, -0.10085648485989684]], "inverted": true, "swapped": false, "error_lsq": 0.047748363353327085, "error_max": 0.26410999364047183, "target": "977.xyz", "model": "2.xyz", "model_rescale": 3.932901565614263, "target_rescale": 3.684236523464791},
{"mapping": [1, 6, 5, 3, 0, 7, 4, 10, 9, 8, 13], "R": [[0.5373216121003084, 0.8433705443784574, -0.003407351568350439], [0.8305584236840942, -0.5298519464012688, -0.17155063317335734], [-0.1464861427484473, 0.08934785822599034, -0.9851694119353838]], "T": [-0.24217814530275664, 0.10988732374685026, 0.00708211513151054], "aligned_model": [[-0.6295282059519733, 0.05564521261589675, 0.37540729352712376, -0.5273697955404245, -0.19419424664480833, 0.23289478182731246, 0.4931678583430742, -0.5487560732702595, 0.03082486438622009, -0.5326904197442566, -0.20164341932961083], [-0.3065843739795785, -0.5027342560702537, -0.06508148208174755, 0.4755515836475517, 0.20916414949415912, 0.6394385209583855, 0.06520511593891147, -0.4658158323218161, 0.354202917476549, 0.6794262647883181, 0.03198236888418789], [-0.4675544578588857, 0.05893101195884857, 0.330769971540869, -0.2065550767317205, -0.6538202880129546, 0.06728004522084287, -0.46248807106570683, 0.3032599172655695, 0.6439276118967074, 0.3676576808151808, 0.0826617542975597]], "inverted": true, "swapped": false, "error_lsq": 0.04507728257362417, "error_max": 0.2382520446904269, "target": "977.xyz", "model": "3.xyz", "model_rescale": 3.9243930471874484, "target_rescale": 3.684236523464791},
{"mapping": [1, 5, 6, 8, 9, 10, 11, 0, 3, 4, 12], "R": [[0.4122995813881062, 0.3590148512927467, -0.8373275295476911], [-0.6560840491562296, -0.5206789737637585, -0.5463031454449858], [-0.6321097813117263, 0.7745977942336049, 0.020868194422980546]], "T": [-0.1883325536706592, 0.18014293780279256, -0.012626433441112427], "aligned_model": [[-0.6428838480678263, -0.011255589521125875, 0.4081787203616218, -0.4186210999945034, -0.16324105590966517, 0.20886864767755026, 0.47421303513509355, -0.49147253670851726, -0.09077124645121347, -0.5281635803028815, -0.1910935960002387], [-0.31594548984789683, -0.5536868205292735, -0.07799920933052984, 0.6610319358313621, 0.1827804315992464, 0.7578420992387416, 0.1212450746527593, -0.46287351531674126, 0.1809587928316967, 0.5584570986697055, 0.06294457893559668], [-0.2522922271944375, 0.04869839292447306, 0.3021011417131686, -0.3473641306360299, -0.7176447680562189, 0.062357591808622395, -0.4412270235689332, 0.45423365808735966, 0.6532823411510824, 0.293576993165661, 0.008348129931562545]], "inverted": true, "swapped": false, "error_lsq": 0.04289906304273495, "error_max": 0.22939105459624773, "target": "977.xyz", "model": "4.xyz", "model_rescale": 3.8936222436046832, "target_rescale": 3.684236523464791},
{"mapping": [10, 8, 9, 4, 2, 1, 0, 7, 6, 5, 11], "R": [[-0.37073355447793177, 0.8923769761235405, 0.257332399959206], [0.92828428534471, 0.3473720742388793, 0.13274384212098078], [0.029067458888243178, 0.2880902194167392, -0.9571620073478657]], "T": [-0.1083703239512823, -0.022078515375481375, -0.009119963617001597], "aligned_model": [[-0.5612657470261245, 0.00641675984205399, 0.4379816957377243, -0.690643914096972, -0.15749623143924424, 0.23685984302411675, 0.6228990825269684, -0.5758940163782529, -0.07654166074467439, -0.5053654342821297, -0.18319252694517196], [-0.2928909057906864, -0.7466876203315409, -0.14662599345308375, 0.43870269886213664, 0.2674709597358649, 0.7015965509483026, 0.19413146058500474, -0.2296667194267744, 0.2264390663289904, 0.5752578371474266, 0.12702764212902662], [-0.3569903194114079, 0.07822072987591544, 0.25169288136481716, -0.2906563515518593, -0.6953460281178705, 0.005688728170369112, -0.4576917086267984, 0.38846809197102217, 0.7470774814262602, 0.3687093912178099, 0.02489720300805269]], "inverted": true, "swapped": false, "error_lsq": 0.03594283048865197, "error_max": 0.19613237801336683, "target": "977.xyz", "model": "5.xyz", "model_rescale": 3.6523030999806103, "target_rescale": 3.684236523464791},
{"mapping": [2, 6, 8, 3, 4, 7, 9, 1, 5, 0, 12], "R": [[-0.4776276935966335, -0.11426241410075881, -0.8711003886082401], [0.5787114878524757, -0.78693034994199, -0.21408792158305245], [-0.6610331308921923, -0.6063701221729547, 0.44198469973385013]], "T": [-0.024478345052771258, 0.04278339927766911, -0.09442224504608879], "aligned_model": [[-0.6460555221446744, 0.03373903281449485, 0.4292909740959, -0.5199194457892925, -0.2792123750941474, 0.09503976675870163, 0.6700823953998513, -0.5530218615704819, 0.05331950389403829, -0.6735397316997456, -0.05596488644635027], [-0.29768992645224795, -0.6030171411829917, -0.20995538708268768, 0.5281341421758592, 0.0839028331888041, 0.7152368722800357, 0.12183462358231678, -0.19431831430823152, 0.2910601601808378, 0.5482018707886334, 0.13136524356433849], [-0.3663254660531018, -0.04776540281380623, 0.3344362555516446, -0.13459032960508716, -0.6068199109469244, -0.07598838236732712, -0.2788108481062632, 0.28872184606737794, 0.5350296392798098, 0.46274488923062373, -0.04656219091063593]], "inverted": false, "swapped": false, "error_lsq": 0.050030742273030684, "error_max": 0.2154614861551776, "target": "977.xyz", "model": "6.xyz", "model_rescale": 4.08911054899281, "target_rescale": 3.684236523464791},
{"mapping": [4, 0, 1, 10, 8, 11, 9, 7, 13, 12, 14], "R": [[-0.1170493328987699, 0.940614962852543, -0.31865803822571703], [0.1259870815515411, -0.3042076339482912, -0.9442377723485267], [-0.9851023850088267, -0.15066919760021302, -0.08289803341714236]], "T": [-0.2178293200945826, 0.03268495621074237, 0.022884305815137312], "aligned_model": [[-0.6687986873682612, 0.2989831059121458, 0.46504097185527166, -0.4817247266053027, -0.19005082025204054, 0.047356995415494985, 0.4374295946750067, -0.6807924591208436, -0.10493012640513073, -0.5006641075035918, -0.06809189038445493], [-0.20498971673284816, -0.7499132947827972, -0.04506517817890897, 0.628684789888538, 0.1744765663874836, 0.5559944031165989, 0.07786619827881287, -0.27516124958326343, 0.2844261760698986, 0.593509189951221, 0.07492709231993146], [-0.4639286657911974, -0.04853751837594242, 0.27898807351508204, -0.2843913215628979, -0.6436533656746058, 0.04171257717585638, -0.40507797977549387, 0.5615723509940114, 0.700951155498647, 0.35975606166875995, -0.03332126834590863]], "inverted": true, "swapped": false, "error_lsq": 0.04413420407349517, "error_max": 0.20505228244038112, "target": "977.xyz", "model": "7.xyz", "model_rescale": 3.964800864290218, "target_rescale": 3.684236523464791},
{"mapping": [6, 9, 8, 0, 3, 1, 5, 4, 7, 2, 13], "R": [[0.09912598725657029, -0.8351554258876251, 0.5410078125691625], [0.13248034764474031, -0.5277692084417707, -0.8389926222015757], [0.9862165057117728, 0.15483887506439295, 0.058326037328574554]], "T": [-0.1760543212701684, 0.006958786933490904, 0.0019496736353663401], "aligned_model": [[-0.6391301046385767, 0.18938045843479967, 0.5599300649366701, -0.4932482663241163, -0.28919436160120854, 0.1406589345868794, 0.5115840502498485, -0.793661432978771, 0.05665169499513606, -0.5868558748019121, -0.10235731264045503], [-0.1830815823902478, -0.5444730483834914, -0.08339765884570353, 0.5829763919905007, 0.19199035615878707, 0.6663407352763169, 0.04927786358434762, -0.2092892136929992, 0.26808052412692684, 0.39506346204233517, -0.01873285313210533], [-0.2912248478762594, 0.19231006754528707, 0.20497744851647864, -0.28221769325999563, -0.6900946496318084, 0.16936547616440475, -0.4717942326400589, 0.2605838802010206, 0.6220436288717699, 0.34724023610219124, 0.002880785333280524]], "inverted": false, "swapped": false, "error_lsq": 0.04900121264102376, "error_max": 0.26591134441147923, "target": "977.xyz", "model": "8.xyz", "model_rescale": 4.121658175737393, "target_rescale": 3.684236523464791},
{"mapping": [7, 6, 1, 10, 5, 0, 4, 8, 2, 3, 12], "R": [[-0.5900723545550619, -0.5863327814496624, -0.5550031403400777], [-0.50742870672347, 0.8040292035551005, -0.30992442211529203], [0.6279575813562508, 0.09874669223854293, -0.7719574902733664]], "T": [-0.2313909799777165, 0.02876699501380034, -0.04170512376818668], "aligned_model": [[-0.6722506822719456, 0.0362576603752752, 0.3922341214472893, -0.5562480136558947, -0.17450868769493286, 0.2624148099671688, 0.5788563413787011, -0.5187518256863547, -0.10029882993601605, -0.5441437595424594, -0.14980328416253746], [-0.33713158043631053, -0.5887952393634401, 0.06177456295495232, 0.6706170429902764, 0.2756710013433675, 0.6408825330765584, 0.029207801111353203, -0.45041425491357867, 0.18101042007059606, 0.6009057311051307, 0.031026958795761107], [-0.39803624181687514, 0.12310732139952045, 0.2497291725059344, -0.2845574537503705, -0.6051948954223327, -0.05887058331129101, -0.40450948102352546, 0.4255875166606463, 0.6231130758798871, 0.40273492506670927, -0.009033256861992446]], "inverted": false, "swapped": false, "error_lsq": 0.042367290082090996, "error_max": 0.2078903521746648, "target": "977.xyz", "model": "9.xyz", "model_rescale": 3.833441315466971, "target_rescale": 3.684236523464791},
{"mapping": [5, 1, 12, 2, 13, 8, 10, 4, 7, 3, 14], "R": [[-0.992223189962767, 0.09374893962862976, -0.08187965326391429], [0.0010411846582510029, -0.6515445355318158, -0.7586096718030546], [-0.12446709297890234, -0.7527953603318356, 0.646379987490519]], "T": [-0.02799863012541584, 0.042628102356970024, 0.0784242532130475], "aligned_model": [[-0.5288834408024694, 0.01695290660115103, 0.4104793991405121, -0.530039043722051, -0.2541247045651147, 0.2685183100975226, 0.653725901144987, -0.6916973157355534, -0.005773616861920537, -0.7048868980745456, -0.08051364700422387], [-0.2036780271168181, -0.6714993518889532, -0.3220983683865931, 0.44137188921423653, 0.13964413369147816, 0.7370877828675103, 0.2546484230020494, -0.25671590179463327, 0.43966038983179795, 0.4379140999035441, 0.11841990741104777], [-0.30352194520194453, -0.10490678985381083, 0.2726706861295509, -0.24655123891840716, -0.679956541333629, -0.1148703889340251, -0.3290719929261994, 0.4037084397147891, 0.6130132432509636, 0.45244711695812556, 0.10110951044089726]], "inverted": true, "swapped": false, "error_lsq": 0.04918283847925566, "error_max": 0.24731315194767914, "target": "977.xyz", "model": "10.xyz", "model_rescale": 4.2482417240324, "target_rescale": 3.684236523464791},
{"mapping": [6, 2, 3, 10, 0, 8, 1, 5, 7, 9, 11], "R": [[0.5208396950615318, -0.8461341364660954, -0.11306208539995191], [-0.2742671271312612, -0.040441386506440885, -0.9608028087139431], [0.8083956673704873, 0.5314334552549473, -0.25313025819212664]], "T": [-0.15754641096244296, 0.06047710409431979, -0.03889601765243289], "aligned_model": [[-0.4763514521443898, 0.19320634073867585, 0.5442416965440336, -0.3434477371039565, -0.25652345520288933, 0.23175343281781965, 0.3608506890108433, -0.7108054413120642, -0.11986875445758553, -0.599829773712955, -0.2694676949592382], [-0.44086934613689127, -0.5833681415530504, 0.06796109652600567, 0.6590870791039111, 0.27900460725421544, 0.5322581321550636, 0.017690870062500738, -0.25896345885937777, 0.13303583193713214, 0.6062657882939887, 0.10265251795116903], [-0.29869828996835684, 0.0620648322649906, 0.3679320399732749, -0.1875875012429054, -0.7574283767080141, 0.013316262027974327, -0.5169967797046, 0.3561335285817085, 0.6333181386322191, 0.3921620310748809, -0.00014578560486189912]], "inverted": false, "swapped": false, "error_lsq": 0.05646328032296787, "error_max": 0.2873600834747851, "target": "977.xyz", "model": "11.xyz", "model_rescale": 3.6694154284099745, "target_rescale": 3.684236523464791},
{"mapping": [10, 7, 6, 2, 8, 4, 11, 12, 0, 1, 13], "R": [[-0.6258787720874711, 0.7209136509133625, -0.29758909687192153], [-0.6774052687555325, -0.31338441300430486, 0.6655165749612794], [0.3865201993590041, 0.6181211188858652, 0.6844913570489857]], "T": [-0.09353656709983332, 0.016572934291218866, 0.01057612943509489], "aligned_model": [[-0.5104662694209243, 0.017978652895854236, 0.4134048461271473, -0.6325398049391651, -0.16916243435990688, 0.24188099873090635, 0.5045165117909944, -0.6562084380552093, -0.0009574295779217756, -0.560113698873957, -0.09457508409952393], [-0.36168833765717723, -0.7116155655127883, -0.07751329927555148, 0.29873030709497556, 0.3161516774927293, 0.6687739594862634, 0.13162296014497915, -0.18465842565805043, 0.27380597225708586, 0.6672304941851334, 0.09391523417706767], [-0.28373122822840313, -0.08674387329839772, 0.2429831380693458, -0.2264392708314606, -0.6801706810056447, 0.10960909877867533, -0.40670633519447064, 0.334110989496624, 0.670877675624416, 0.2852104571508611, 0.10507012876476493]], "inverted": true, "swapped": false, "error_lsq": 0.0448553342657428, "error_max": 0.26355630387382845, "target": "977.xyz", "model": "12.xyz", "model_rescale": 3.9764082729961374, "target_rescale": 3.684236523464791},
{"mapping": [7, 3, 14, 9, 1, 13, 11, 4, 6, 5, 15], "R": [[-0.08298934250819912, 0.021206156421216815, 0.9963247803602476], [0.6952379367615569, -0.715049842995318, 0.07312956529273412], [0.7139726747695531, 0.6987517591836245, 0.04459819189384273]], "T": [-0.17104524547154532, 0.18150853132718503, -0.13112503252118538], "aligned_model": [[-0.5663703779816146, 0.17442293411161142, 0.4557513540897329, -0.6413861777000209, -0.24989588352707173, 0.2975879727036817, 0.5736060709886484, -0.5956742565127745, 0.0007288101934372349, -0.7234525007236782, -0.1715600954236575], [-0.4615795645228744, -0.5859095470230351, -0.07015816929693897, 0.5356770842002061, 0.38735502765951874, 0.5078880776489092, -0.028592063683539948, -0.1195972121294211, 0.267912083529934, 0.5887802117026644, 0.09297904864924351], [-0.1656132842140572, -0.11829236988374527, 0.2961897626245661, -0.25295758212883585, -0.7267191687305125, 0.08873820850026037, -0.3097219407241276, 0.3637378333505833, 0.608257754448042, 0.3503309971883368, -0.06988011110419956]], "inverted": false, "swapped": false, "error_lsq": 0.04969884226141681, "error_max": 0.26152645436691535, "target": "977.xyz", "model": "13.xyz", "model_rescale": 4.170626492500431, "target_rescale": 3.684236523464791},
{"mapping": [2, 7, 10, 6, 3, 11, 9, 4, 12, 5, 13], "R": [[-0.21546702361403852, 0.5418447219418814, -0.8123904597166517], [0.7657947528757003, -0.4224453221005975, -0.4848694115979759], [-0.6059144809318823, -0.7265977202957958, -0.3239188087437959]], "T": [-0.14422180066552248, -0.08305094796527514, -0.054849173534447584], "aligned_model": [[-0.712499573005407, 0.33896519701590067, 0.33297875296772134, -0.6225705094396146, -0.18563675979246763, 0.10027744169531752, 0.5913482414016844, -0.6683645862938089, -0.09460918403403806, -0.37664865012070053, -0.1494825201762931], [-0.24531072227566036, -0.7240497156672195, -0.06434137131196897, 0.5950658156094072, 0.2226455954574711, 0.577906883787822, 0.15429348675930377, -0.24588226270906421, 0.1491720396649785, 0.67715977024883, 0.018095457170767187], [-0.34409700212008354, 0.05952174919073182, 0.24558033288662418, -0.19206956124430713, -0.6715403676744174, -0.10975378409098636, -0.297564585040178, 0.3943984572947532, 0.6374782009591724, 0.387052684258616, -0.0449360250936146]], "inverted": true, "swapped": false, "error_lsq": 0.047764805344768686, "error_max": 0.26663466407310904, "target": "977.xyz", "model": "14.xyz", "model_rescale": 3.9786697098870705, "target_rescale": 3.684236523464791},
{"mapping": [8, 5, 4, 9, 3, 0, 2, 7, 1, 6, 11], "R": [[0.07869521974642613, 0.3276197621465792, -0.9415266081423727], [-0.42235422799127587, -0.8445473770753612, -0.3291756886117521], [-0.9030082881607208, 0.4235622968656992, 0.07190975029089053]], "T": [-0.15247145183084942, 0.08440129551654363, 0.11700405110648522], "aligned_model": [[-0.23246620898238862, 0.015950805305005922, 0.39648245698713325, -0.5383653316884949, -0.1656679565561085, 0.2497915782474035, 0.4692692667853188, -0.6046759276336108, -0.05078138984678984, -0.7598143150915918, -0.2259651273075833], [-0.2154799234519933, -0.6819936248193335, -0.12938176775933427, 0.44427953279993404, 0.39110856615086764, 0.6188180600923414, -0.06663419809521051, -0.3205670271281974, 0.4645671680073131, 0.4591952407642208, 0.1508429501740588], [-0.3024005499176396, -0.05309109025439003, 0.2839206109230223, -0.21312900671632257, -0.7495441210719214, -0.07375433652389492, -0.46991517225490526, 0.3785146151549596, 0.6700005539700677, 0.4605442028440085, 0.1329243931733262]], "inverted": false, "swapped": false, "error_lsq": 0.05888691148473166, "error_max": 0.39637535298389, "target": "977.xyz", "model": "15.xyz", "model_rescale": 3.769337070930944, "target_rescale": 3.684236523464791},
{"mapping": [8, 7, 5, 3, 9, 0, 1, 6, 4, 2, 10], "R": [[-0.08382400521716349, -0.9094480894163406, -0.40728087213410913], [-0.7207690445648265, 0.3375638925778949, -0.6054276198066675], [0.688088308683166, 0.24280607711634217, -0.6837979879824982]], "T": [-0.09225577226168118, 0.0639017008714361, -0.01839285579301528], "aligned_model": [[-0.7802016428343058, 0.2294034437107092, 0.39094614108874143, -0.35674566816403436, -0.40015801966083797, 0.16767814093056577, 0.619132556677862, -0.4897277205839461, -0.05911392766671435, -0.642567686361456, -0.12488776691829007], [-0.1958985427410237, -0.5453362682713254, -0.19765462378642917, 0.5679238092111318, 0.07815645352138856, 0.6164015952831706, 0.16045728165421824, -0.22577829770218555, 0.22256266881610853, 0.5192618356834711, 0.1146590650661414], [-0.16236515982268546, -0.20944506781383676, 0.36651638218955873, -0.41266465035491984, -0.7705714854985692, 0.19290868719576607, -0.37298009705913027, 0.5197599832989471, 0.744339626749315, 0.17221092971321214, -0.0036390492713473856]], "inverted": false, "swapped": false, "error_lsq": 0.05900893894993973, "error_max": 0.28786813917722764, "target": "977.xyz", "model": "16.xyz", "model_rescale": 3.7852294659196426, "target_rescale": 3.684236523464791},
{"mapping": [4, 1, 2, 10, 6, 11, 7, 0, 8, 9, 12], "R": [[-0.2717110198322, 0.32925520103346284, -0.9043031208030634], [-0.6324949436471532, -0.7693106741323651, -0.09006238352825441], [-0.7253435516791547, 0.5474962093552975, 0.4172824376594944]], "T": [-0.1083920166197593, -0.030168577133614025, 0.06197218533078008], "aligned_model": [[-0.6245215404873825, 0.17089382519675522, 0.4709828216662828, -0.6230704829607357, -0.056322742322967204, 0.2650851171037461, 0.41648496080052444, -0.6794518862414106, -0.07118691224246011, -0.5702773754194201, -0.14485793487463844], [-0.4215245150298143, -0.6447943326327277, -0.11913687175632283, 0.43560690958726156, 0.39246165604232425, 0.6005034856603721, 0.08607917445773729, -0.17887136831481437, 0.29561936688310797, 0.6149157645473257, 0.05389570729021696], [-0.22479868061476938, -0.07400117046017701, 0.23660454299458286, -0.34719079874032527, -0.7165300385464816, 0.08842316319789942, -0.3879362764706444, 0.4047917602405924, 0.6247189374263394, 0.40517750719572243, 0.05481115310357143]], "inverted": true, "swapped": false, "error_lsq": 0.04108620842071704, "error_max": 0.2293077497652846, "target": "977.xyz", "model": "17.xyz", "model_rescale": 3.901054581598922, "target_rescale": 3.684236523464791},
{"mapping": [7, 2, 5, 6, 1, 10, 8, 12, 9, 11, 14], "R": [[-0.9873442361859929, -0.05984999330337763, 0.1468650318213428], [0.1506307593066639, -0.6436228686762062, 0.7503732253137163], [0.04961586057901515, 0.7629990702606373, 0.6444925796007329]], "T": [-0.08046084711274071, 0.031772140482127384, -0.048961081122810945], "aligned_model": [[-0.6990162856141632, 0.34274407523847883, 0.4364333812527643, -0.5947129226971949, -0.25896928831977595, 0.17053620178373863, 0.5013279558015019, -0.6615604152771357, 0.02124611928699406, -0.5941856689488568, -0.11008530228805764], [-0.05648547622062251, -0.678603322083297, -0.06866196224200764, 0.5146168457705514, 0.08317121735837495, 0.7704628113578568, -0.019521994882158195, -0.16206111806043788, 0.19058797982504988, 0.5065432155673347, 0.03470678034402233], [-0.2709448336622876, -0.05050958710146286, 0.2869249035327671, -0.3061216119244031, -0.7206592430601058, 0.2036063798362051, -0.36409431107597795, 0.37142810027834705, 0.5824047743792586, 0.3349793082849239, -0.0029437801609541667]], "inverted": false, "swapped": false, "error_lsq": 0.046767373086260514, "error_max": 0.20270901774528385, "target": "977.xyz", "model": "18.xyz", "model_rescale": 3.9405287249114394, "target_rescale": 3.684236523464791},
{"mapping": [13, 7, 8, 10, 11, 2, 5, 12, 1, 3, 15], "R": [[0.05190078261251507, 0.2558504532940828, -0.9653221505349503], [0.7939653954312771, -0.5968884469704521, -0.11551247868026182], [-0.6057435592904512, -0.7604371949230353, -0.23411538385104302]], "T": [-0.17904941064841262, -0.051553518404634305, 0.08914604228720557], "aligned_model": [[-0.5623496050068467, 0.08780279576722994, 0.553810334840269, -0.3920505490356238, -0.25815994495815153, 0.20753312497644338, 0.5050370848405893, -0.6231824537017535, -0.10277505513408072, -0.6919437668507745, -0.16996411551900725], [-0.3869468671390118, -0.6786533396188668, -0.22371783077858104, 0.6279542592321147, 0.1208212252778726, 0.7189319386702662, 0.2102854610766805, -0.13888614510520814, 0.3367597597513878, 0.5427460677760103, -0.014539552407997196], [-0.3489431130242377, -0.0873794887430783, 0.16363227271289005, -0.24372590324657623, -0.606009820092904, -0.0214495570781644, -0.3042095961274829, 0.3977848515629515, 0.6172695549980446, 0.41956392333368364, 0.07753697503118388]], "inverted": false, "swapped": false, "error_lsq": 0.042322655504940514, "error_max": 0.22325758700577059, "target": "977.xyz", "model": "19.xyz", "model_rescale": 4.410303926677745, "target_rescale": 3.684236523464791},
{"mapping": [6, 9, 8, 0, 3, 1, 5, 4, 7, 2, 13], "R": [[0.09912598725657029, -0.8351554258876251, 0.5410078125691625], [0.13248034764474031, -0.5277692084417707, -0.8389926222015757], [0.9862165057117728, 0.15483887506439295, 0.058326037328574554]], "T": [-0.1760543212701684, 0.006958786933490904, 0.0019496736353663401], "aligned_model": [[-0.6391301046385767, 0.18938045843479967, 0.5599300649366701, -0.4932482663241163, -0.28919436160120854, 0.1406589345868794, 0.5115840502498485, -0.793661432978771, 0.05665169499513606, -0.5868558748019121, -0.10235731264045503], [-0.1830815823902478, -0.5444730483834914, -0.08339765884570353, 0.5829763919905007, 0.19199035615878707, 0.6663407352763169, 0.04927786358434762, -0.2092892136929992, 0.26808052412692684, 0.39506346204233517, -0.01873285313210533], [-0.2912248478762594, 0.19231006754528707, 0.20497744851647864, -0.28221769325999563, -0.6900946496318084, 0.16936547616440475, -0.4717942326400589, 0.2605838802010206, 0.6220436288717699, 0.34724023610219124, 0.002880785333280524]], "inverted": false, "swapped": false, "error_lsq": 0.04900121264102376, "error_max": 0.26591134441147923, "target": "977.xyz", "model": "20.xyz", "model_rescale": 4.121658175737393, "target_rescale": 3.684236523464791},
{"mapping": [2, 6, 8, 3, 4, 7, 9, 1, 5, 0, 12], "R": [[-0.4776276935966335, -0.11426241410075881, -0.8711003886082401], [0.5787114878524757, -0.78693034994199, -0.21408792158305245], [-0.6610331308921923, -0.6063701221729547, 0.44198469973385013]], "T": [-0.024478345052771258, 0.04278339927766911, -0.09442224504608879], "aligned_model": [[-0.6460555221446744, 0.03373903281449485, 0.4292909740959, -0.5199194457892925, -0.2792123750941474, 0.09503976675870163, 0.6700823953998513, -0.5530218615704819, 0.05331950389403829, -0.6735397316997456, -0.05596488644635027], [-0.29768992645224795, -0.6030171411829917, -0.20995538708268768, 0.5281341421758592, 0.0839028331888041, 0.7152368722800357, 0.12183462358231678, -0.19431831430823152, 0.2910601601808378, 0.5482018707886334, 0.13136524356433849], [-0.3663254660531018, -0.04776540281380623, 0.3344362555516446, -0.13459032960508716, -0.6068199109469244, -0.07598838236732712, -0.2788108481062632, 0.28872184606737794, 0.5350296392798098, 0.46274488923062373, -0.04656219091063593]], "inverted": false, "swapped": false, "error_lsq": 0.050030742273030684, "error_max": 0.2154614861551776, "target": "977.xyz", "model": "21.xyz", "model_rescale": 4.08911054899281, "target_rescale": 3.684236523464791},
{"mapping": [5, 15, 2, 6, 8, 0, 1, 12, 13, 7, 16], "R": [[-0.41450801045488644, -0.8057400241559429, 0.42304387803384236], [-0.08153832255958599, -0.43010800975982294, -0.8990876497286642], [0.9063854650328969, -0.40717332109757004, 0.11258452541745917]], "T": [-0.16105020523309027, -0.023157393287325842, 0.04396989334721661], "aligned_model": [[-0.672392944155153, 0.23895161232076106, 0.5373302304032423, -0.40872181207470926, -0.15636010378966725, 0.11772850674367658, 0.45573214485121566, -0.6376660579585725, -0.21325141718717883, -0.5585842035955912, -0.14900810533972977], [-0.22354950817090374, -0.6235850352475653, -0.14815957332930818, 0.593559047788086, 0.14622775571260577, 0.6989758024122483, 0.09579595872150772, -0.15472833275323017, 0.2151357765498772, 0.5011660358129528, 0.013917049238396192], [-0.3988626456473087, -0.06087385047116882, 0.17773480458484564, -0.29349674948305976, -0.628375770955599, 0.07372683533677205, -0.44123935423199284, 0.5921449774698954, 0.6581533876774537, 0.31387330172117905, 0.07128516332529383]], "inverted": false, "swapped": false, "error_lsq": 0.0398030876076316, "error_max": 0.2054648653566456, "target": "977.xyz", "model": "22.xyz", "model_rescale": 4.204369325754507, "target_rescale": 3.684236523464791},
{"mapping": [13, 7, 8, 10, 11, 2, 5, 12, 1, 3, 15], "R": [[0.05190078261251507, 0.2558504532940828, -0.9653221505349503], [0.7939653954312771, -0.5968884469704521, -0.11551247868026182], [-0.6057435592904512, -0.7604371949230353, -0.23411538385104302]], "T": [-0.17904941064841262, -0.051553518404634305, 0.08914604228720557], "aligned_model": [[-0.5623496050068467, 0.08780279576722994, 0.553810334840269, -0.3920505490356238, -0.25815994495815153, 0.20753312497644338, 0.5050370848405893, -0.6231824537017535, -0.10277505513408072, -0.6919437668507745, -0.16996411551900725], [-0.3869468671390118, -0.6786533396188668, -0.22371783077858104, 0.6279542592321147, 0.1208212252778726, 0.7189319386702662, 0.2102854610766805, -0.13888614510520814, 0.3367597597513878, 0.5427460677760103, -0.014539552407997196], [-0.3489431130242377, -0.0873794887430783, 0.16363227271289005, -0.24372590324657623, -0.606009820092904, -0.0214495570781644, -0.3042095961274829, 0.3977848515629515, 0.6172695549980446, 0.41956392333368364, 0.07753697503118388]], "inverted": false, "swapped": false, "error_lsq": 0.042322655504940514, "error_max": 0.22325758700577059, "target": "977.xyz", "model": "23.xyz", "model_rescale": 4.410303926677745, "target_rescale": 3.684236523464791},
{"mapping": [11, 8, 4, 7, 1, 0, 3, 14, 6, 13, 16], "R": [[0.6464646622926618, 0.7150637926755397, 0.2660210758780362], [0.3509012544304908, -0.5882789093939123, 0.7285576397248315], [0.6774597774377036, -0.3776396392949002, -0.6312183083429019]], "T": [-0.14877423547077984, 0.031194602688781478, 0.09268527113580362], "aligned_model": [[-0.6490539421771235, 0.26421234537404154, 0.5020472012268489, -0.44632414548925115, -0.16101493516073978, 0.2299021798405252, 0.5336759174490012, -0.7037239022231304, -0.3195330055960549, -0.6239889593291004, -0.07244090369672274], [-0.16115827577292569, -0.6788432697862818, -0.19254596836699234, 0.5407387188688355, 0.2402952587021207, 0.660612701794691, 0.12769849993720367, -0.17347523228325173, 0.24669406621625578, 0.4470223575181475, 0.05771611990686444], [-0.2441263554688508, 0.12422843121280581, 0.07668566521499508, -0.2135168539328921, -0.7394580040856144, -0.0828790763013993, -0.485414868312108, 0.4217614265141769, 0.8014161886245722, 0.4016268001845313, 0.0037467456760934548]], "inverted": true, "swapped": false, "error_lsq": 0.0448267052834301, "error_max": 0.2482583393203265, "target": "977.xyz", "model": "24.xyz", "model_rescale": 4.28219845311461, "target_rescale": 3.684236523464791},
{"mapping": [13, 10, 8, 7, 9, 3, 5, 2, 0, 4, 15], "R": [[0.8941786871477353, 0.4476439226207394, 0.007706749734511881], [-0.34299936890478233, 0.6738826258881254, 0.6543956291549068], [0.2877427816326137, -0.5877900348481954, 0.756113064661287]], "T": [-0.1601996697561854, -0.004653332304813865, -0.03880978674285146], "aligned_model": [[-0.7325477592135453, 0.2594732603224663, 0.4732412201798808, -0.6254485561124289, -0.10322337821726005, 0.04554286085880052, 0.6283826566121167, -0.6073075911906085, -0.16134903551798357, -0.45756422403399677, -0.16544160346914744], [-0.05717878728064242, -0.6762341920200653, -0.19126796510482225, 0.528550551284327, 0.2348730067575448, 0.7390048251551173, 0.08643706974973608, -0.24858530181162147, 0.13892753407786906, 0.5490159912028358, 0.011212244724387962], [-0.18906023769424385, 0.011772813538286298, 0.17537161933794437, -0.3625119616196328, -0.6682972917631853, -0.10727803339242192, -0.3472269297606138, 0.4187617652914059, 0.7642701506251233, 0.3349189585945284, 0.03334924616912016]], "inverted": true, "swapped": false, "error_lsq": 0.044019410044098144, "error_max": 0.23951194416055896, "target": "977.xyz", "model": "25.xyz", "model_rescale": 4.100010024507729, "target_rescale": 3.684236523464791},
{"mapping": [6, 2, 3, 10, 0, 8, 1, 5, 7, 9, 11], "R": [[0.5208396950615318, -0.8461341364660954, -0.11306208539995191], [-0.2742671271312612, -0.040441386506440885, -0.9608028087139431], [0.8083956673704873, 0.5314334552549473, -0.25313025819212664]], "T": [-0.15754641096244296, 0.06047710409431979, -0.03889601765243289], "aligned_model": [[-0.4763514521443898, 0.19320634073867585, 0.5442416965440336, -0.3434477371039565, -0.25652345520288933, 0.23175343281781965, 0.3608506890108433, -0.7108054413120642, -0.11986875445758553, -0.599829773712955, -0.2694676949592382], [-0.44086934613689127, -0.5833681415530504, 0.06796109652600567, 0.6590870791039111, 0.27900460725421544, 0.5322581321550636, 0.017690870062500738, -0.25896345885937777, 0.13303583193713214, 0.6062657882939887, 0.10265251795116903], [-0.29869828996835684, 0.0620648322649906, 0.3679320399732749, -0.1875875012429054, -0.7574283767080141, 0.013316262027974327, -0.5169967797046, 0.3561335285817085, 0.6333181386322191, 0.3921620310748809, -0.00014578560486189912]], "inverted": false, "swapped": false, "error_lsq": 0.05646328032296787, "error_max": 0.2873600834747851, "target": "977.xyz", "model": "26.xyz", "model_rescale": 3.6694154284099745, "target_rescale": 3.684236523464791},
{"mapping": [2, 10, 8, 6, 12, 7, 9, 0, 5, 1, 13], "R": [[0.35669523689316124, 0.8987011645480308, 0.25515627528584306], [0.7330870795874284, -0.09995808342327822, -0.67274937034554], [-0.5790957103274961, 0.427018264712832, -0.6944807843863895]], "T": [-0.05607431677348919, 0.03886815570381913, -0.009746084706289085], "aligned_model": [[-0.5925795007975225, 0.17757059330372044, 0.45335965443329984, -0.5778224759120468, -0.2365931977422867, 0.26301725635640005, 0.4844042183330489, -0.5646713526593526, -0.13879835045231725, -0.6123583425000005, -0.10177065214464895], [-0.3044849855116853, -0.4991743005221258, -0.17966355263937178, 0.4027530205713626, 0.20395188022107275, 0.5509117657558007, 0.0954570918045291, -0.09941722780721379, 0.30548997949884055, 0.6294176330982277, 0.009513672265230096], [-0.2472338825740254, -0.1432042848515086, 0.3081817590871357, -0.2677327032744767, -0.7646587358592116, 0.1694756608517496, -0.4215035143544174, 0.38917690401266386, 0.7305565811333463, 0.3387450215883283, -0.027732706433273954]], "inverted": false, "swapped": false, "error_lsq": 0.04231757244089361, "error_max": 0.19951855076843808, "target": "977.xyz", "model": "27.xyz", "model_rescale": 4.103607728864725, "target_rescale": 3.684236523464791},
{"mapping": [11, 5, 0, 13, 8, 2, 1, 10, 3, 12, 14], "R": [[-0.1901818589851489, 0.6103380609898803, -0.7689722438554375], [0.7383367197635167, -0.42732645290440313, -0.5217767634697731], [-0.6470623994344004, -0.6669929189693503, -0.3693652626912043]], "T": [-0.2633596606427534, -0.03923800662322295, 0.024455359778174524], "aligned_model": [[-0.7621561989020176, 0.18631742429568426, 0.39695886551715376, -0.633500386609632, -0.19226290153615827, 0.1073373215790393, 0.5738096607242652, -0.5641679554533381, 0.020462243712783046, -0.4626707614161805, -0.11636946169330567], [-0.2494279313470517, -0.5975689084604139, -0.0539275743291026, 0.40649999583632357, 0.13807131380677584, 0.5883393195167245, 0.10449586725087896, -0.20816383462292748, 0.2680900941062515, 0.7075594330893991, 0.010787201887809128], [-0.39872715690281174, -0.12113836850984981, 0.2954819296791147, -0.26569289387465467, -0.7729069371357257, 0.1247108001231813, -0.26076198355476227, 0.3996269348122046, 0.6477734308115912, 0.3984370254676752, 0.01726731841034741]], "inverted": false, "swapped": false, "error_lsq": 0.04482500649559706, "error_max": 0.20543095695329955, "target": "977.xyz", "model": "28.xyz", "model_rescale": 4.137296879288765, "target_rescale": 3.684236523464791},
{"mapping": [6, 4, 3, 0, 9, 7, 8, 5, 2, 1, 10], "R": [[0.9644723337345344, -0.24926039833410127, -0.08753497177120584], [0.18857320089992177, 0.8816029727657737, -0.4326850428578603], [0.18502233747042107, 0.400806003239567, 0.89728550774216]], "T": [-0.10868482510370274, 0.10629786113966797, -0.00924205267323613], "aligned_model": [[-0.5752716179511521, -0.00018376958377670782, 0.473589347103805, -0.668904583158285, -0.10976987388469008, 0.14233511846779184, 0.5441403657683188, -0.620051093278245, -0.09645231427625273, -0.435966542420626, -0.09970718656859404], [-0.3732089933764451, -0.6588630285645848, -0.08478794588463923, 0.4635297579795883, 0.16154824414620386, 0.7750810965546718, 0.17925784421420715, -0.08572044973568885, 0.05023620010563021, 0.6439086251428611, 0.04377362615286247], [-0.27100103374051565, -0.05809178753717281, 0.29127704438473573, -0.23073592828292408, -0.7888191393655336, -0.07031738845678898, -0.30394527459057247, 0.3842444852076664, 0.7710313173113554, 0.4040620845282092, -0.06363428013214875]], "inverted": true, "swapped": false, "error_lsq": 0.051438446065018247, "error_max": 0.25874001680379344, "target": "977.xyz", "model": "29.xyz", "model_rescale": 3.607286011436655, "target_rescale": 3.684236523464791},
{"mapping": [4, 0, 1, 10, 8, 11, 9, 7, 13, 12, 14], "R": [[-0.1170493328987699, 0.940614962852543, -0.31865803822571703], [0.1259870815515411, -0.3042076339482912, -0.9442377723485267], [-0.9851023850088267, -0.15066919760021302, -0.08289803341714236]], "T": [-0.2178293200945826, 0.03268495621074237, 0.022884305815137312], "aligned_model": [[-0.6687986873682612, 0.2989831059121458, 0.46504097185527166, -0.4817247266053027, -0.19005082025204054, 0.047356995415494985, 0.4374295946750067, -0.6807924591208436, -0.10493012640513073, -0.5006641075035918, -0.06809189038445493], [-0.20498971673284816, -0.7499132947827972, -0.04506517817890897, 0.628684789888538, 0.1744765663874836, 0.5559944031165989, 0.07786619827881287, -0.27516124958326343, 0.2844261760698986, 0.593509189951221, 0.07492709231993146], [-0.4639286657911974, -0.04853751837594242, 0.27898807351508204, -0.2843913215628979, -0.6436533656746058, 0.04171257717585638, -0.40507797977549387, 0.5615723509940114, 0.700951155498647, 0.35975606166875995, -0.03332126834590863]], "inverted": true, "swapped": false, "error_lsq": 0.04413420407349517, "error_max": 0.20505228244038112, "target": "977.xyz", "model": "30.xyz", "model_rescale": 3.964800864290218, "target_rescale": 3.684236523464791},
