[{"mapping": [8, 12, 9, 4, 10, 7, 5, 0, 11, 6, 2, 13], "R": [[0.30695629362634236, 0.9433626710703181, -0.1258757507793073], [0.5889859291111103, -0.2921856624970211, -0.7534740300370677], [-0.7475783631916468, 0.15714454957857263, -0.6453155673199326]], "T": [-0.1369416386895988, -0.06602287680891711, 0.0363527927040718], "aligned_model": [[-0.2407840393923441, 0.258841254560882, 0.3918256746699384, -0.1171997933769712, -0.13236078317779879, -0.6765288621272199, 0.36533469949925407, -0.18924671706516094, 0.6457511324232599, 0.1424683166497181, -0.5301733154645607, -0.08028510473844809], [-0.46416088257943083, -0.7562943709840917, -0.18209023249641096, 0.633236062445401, 0.36009085476000974, -0.5369562327380574, -0.36446290376405854, -0.6225051963345252, 0.26129243681787545, 0.35061369933742553, 0.3923432460843082, -0.017551444571387978], [-0.46741156853068905, -0.02629548290452529, -0.47562104954087775, -0.11248735744306135, -0.6292455355851161, 0.00203647421623563, 0.5235268021805738, 0.5796435222544937, -0.011086321584372581, 0.4842717785157122, 0.3131803247465541, 0.0014401590286354168]], "inverted": false, "swapped": true, "error_lsq": 0.03697533608006721, "error_max": 0.23086970422043807, "target": "978.xyz", "model": "0.xyz", "model_rescale": 3.751011558992144, "target_rescale": 4.019305898690099},
{"mapping": [2, 13, 12, 7, 11, 5, 9, 0, 1, 4, 6, 10, 8, 14], "R": [[0.4987812568068559, -0.6870416466346294, 0.5283853079408531], [-0.8415838680345473, -0.23813005187790479, 0.4847996199014973], [-0.20725310835348917, -0.6864895149834436, -0.6969779730347392]], "T": [-0.001520885528936939, 0.06137015219510327, 0.010675540492994746], "aligned_model": [[-0.8085976306484327, -0.5430896562633042, -0.028273593054282436, 0.18429058024205752, 0.5633176270868187, -0.33986758112189036, 0.005255070448854687, -0.3569094816620325, 0.2189146120166134, 0.43199795758495957, 0.6727789743397474, 0.5395560190931913, -0.21575427443564876, 0.0049196447421194795], [0.17180700486698, 0.032878903209515045, -0.5093747785600123, -0.5596666447573881, -0.18993584756666682, 0.5257412561425854, 0.27274735831973174, -0.37463348906824634, -0.1419341002264796, 0.5680091080206465, -0.24432657477977932, 0.6021536972565652, 0.5464466814607895, 0.039463645085345805], [0.15269290227442922, -0.47243284651460665, -0.46420299211783284, 0.15019048527049436, -0.49383782709644203, -0.23420614194884562, -0.6133944751990166, 0.5196984172314897, 0.6397710195778339, 0.4360604850020831, 0.1355553041381003, -0.2846931931335602, 0.4097031936362003, -0.03914851955278275]], "inverted": false, "swapped": false, "error_lsq": 0.027481256174120554, "error_max": 0.15026133659649227, "target": "978.xyz", "model": "1.xyz", "model_rescale": 3.9405287249114394, "target_rescale": 4.019305898690099},
{"mapping": [4, 10, 9, 7, 8, 11, 2, 3, 12, 5, 0, 6, 13], "R": [[0.16374156509677282, 0.7681645537740744, -0.6189603526759502], [-0.7927270769700401, 0.4759062376591462, 0.380916046387721], [0.587173297500998, 0.4282948415311509, 0.6868704735389426]], "T": [0.0034323830942830993, -0.0565777564507503, 0.08693896103238802], "aligned_model": [[-0.19081119350883535, 0.1200706333221972, -0.20461747729859583, 0.6366053875521047, 0.42706972761331735, -0.7559568650820262, 0.07359542068480271, 0.5644876735026905, -0.07562274891574436, -0.5177055976102927, 0.020252214665067776, -0.553982486749567, -0.04740140889118787], [0.6274767689337771, 0.60382275234333, -0.027745293218236343, -0.3775610525680293, -0.1833420631295039, 0.13229648341487327, 0.29801949225591456, 0.4017320523557385, -0.7089595416545433, -0.6076628185230332, -0.7743035863270499, 0.08256763139706763, -0.007508231708287683], [0.16339178392742565, -0.3312496538992798, -0.6279510042988199, 0.18779468559923818, -0.3900703243636236, -0.24419280929599002, 0.6443455236936844, 0.06006518813555467, -0.36604220097599927, 0.14530799846443995, 0.3905175116222004, 0.4365310111334145, 0.04467263984639884]], "inverted": true, "swapped": true, "error_lsq": 0.055046131938996545, "error_max": 0.3051812522869136, "target": "978.xyz", "model": "2.xyz", "model_rescale": 3.932901565614263, "target_rescale": 4.019305898690099},
{"mapping": [10, 12, 9, 8, 7, 6, 5, 11, 3, 0, 7, 4, 1, 13], "R": [[0.9362354213318904, -0.04681691728444909, 0.34824045155535743], [-0.27015022346330525, 0.5378305520618636, 0.7985969909983117], [-0.2246822035814684, -0.8417520261483262, 0.49088841284854495]], "T": [0.02357258484947409, 0.08200404597502214, 0.09186589605506912], "aligned_model": [[-0.6892091251761225, -0.5040341962836764, 0.022759674192503833, 0.13755426602782078, 0.6073591949047311, -0.3188046331026665, 0.022398531017477373, -0.5340305840505452, 0.2667553601902054, 0.4396330693786737, 0.6073591949047311, 0.5578664437029692, -0.23491605818130792, -0.05215286915602301], [0.15331733052728305, -0.0038967093327394453, -0.4376833844619133, -0.6270159303022256, -0.15711975997972438, 0.5327687069955449, 0.1575989574857718, -0.4443536536757365, -0.09216868233625208, 0.49456020794297484, -0.15711975997972438, 0.6639769051998683, 0.5646021463471294, 0.09190984497332995], [0.09042035097207464, -0.45346148717394785, -0.4274772017241971, 0.24380527583357745, -0.24243269307304932, -0.29060151652300176, -0.6230352975416044, 0.5498342098262807, 0.5056429816596317, 0.41689114981023045, -0.24243269307304932, -0.2810470536461641, 0.5909163101952561, 0.004733476025506375]], "inverted": true, "swapped": false, "error_lsq": 0.0444884625596068, "error_max": 0.3842304071220734, "target": "978.xyz", "model": "3.xyz", "model_rescale": 3.9243930471874484, "target_rescale": 4.019305898690099},
{"mapping": [2, 4, 3, 7, 8, 1, 0, 10, 9, 11, 12, 5, 13], "R": [[0.2114108698068056, -0.43792082722207293, 0.8738024909627262], [0.7972520208958545, 0.5944402610184056, 0.10502376520505202], [-0.5654154749429892, 0.6744376362314795, 0.47480439712526756]], "T": [0.0014211321181140033, -0.11544594399747726, -0.12372776604887063], "aligned_model": [[-0.2233510926219592, -0.17377068400198623, 0.5083850550400099, 0.4669623629326274, 0.6089608968960598, -0.48321028845446923, -0.17832971490478128, 0.3526722088298016, 0.21108455030438653, -0.45257049791281284, 0.14979787508232367, -0.49281662492734, -0.016608159950507666], [-0.48553594933136157, 0.1366535982662841, -0.2453852636797088, -0.6254491918636134, 0.003317193571426569, -0.5856135118148198, -0.5873798764637529, 0.36018027564716304, 0.570339052867529, 0.6026650363230568, 0.08423852925666853, -0.060061202196089784, -0.0401391369011945], [-0.6275878375662612, -0.7696842995975185, -0.6253815046668282, 0.06934801367521075, 0.07593795169267227, -0.06135724856342124, 0.47002403930869824, -0.6481487909759849, 0.07856881579599849, -0.10951587467768013, 0.6346613781151442, 0.4519006340401724, -0.15169496120923795]], "inverted": false, "swapped": true, "error_lsq": 0.041973550884711074, "error_max": 0.24428016096752284, "target": "978.xyz", "model": "4.xyz", "model_rescale": 3.8936222436046832, "target_rescale": 4.019305898690099},
{"mapping": [10, 9, 4, 3, 6, 5, 12, 0, 7, 8, 2, 13], "R": [[0.21606535504104507, 0.8262906493197641, -0.5201533669964177], [0.5806334283057466, 0.31956208845675027, 0.7488290148993131], [0.7849717092258185, -0.4638144396931634, -0.41072567639145047]], "T": [-0.0914129040261592, 0.03129396006501595, -0.032870329794441516], "aligned_model": [[-0.011609522381893639, -0.385402889965168, -0.2583783834143106, 0.4727868032605286, -0.5979178254691334, -0.6143330334782692, -0.24131767899798928, -0.05433609153890699, 0.541540976293988, 0.2669373434747487, 0.05547183402473119, -0.1458934895932283], [-0.4131147076024266, -0.6530657926102512, 0.11532105322052988, -0.07487131886489812, 0.44347756308142816, 0.1659297839494793, -0.3934313220485035, 0.3469007146297906, 0.06088223158672601, -0.4911433270547959, 0.5675554219696015, -0.005517395146873091], [-0.6815207652913777, -0.05300326208546782, -0.723209500918145, -0.4755448640298805, -0.1936335704144592, 0.5029600708395087, 0.6260535154801973, 0.6788816610231321, 0.3026950538707812, 0.11450683470476752, -0.3964809112353901, -0.08241954266814794]], "inverted": true, "swapped": true, "error_lsq": 0.04590203619542214, "error_max": 0.23773924845751696, "target": "978.xyz", "model": "5.xyz", "model_rescale": 3.6523030999806103, "target_rescale": 4.019305898690099},
{"mapping": [0, 7, 8, 12, 9, 1, 3, 6, 2, 4, 10, 11, 13], "R": [[-0.1702924950115039, -0.9251799365809968, -0.3391792315144604], [-0.6902995018605709, 0.35763894706720434, -0.6289522885495447], [0.7031977416586355, 0.12702940009558594, -0.6995544779626179]], "T": [0.05131760523186844, -0.07018568401018516, 0.06840102267307274], "aligned_model": [[0.13290603515546298, -0.21747773684823324, 0.23028854078860822, 0.7068901771247121, 0.6700796585889955, -0.20961146046165352, -0.42481629087716255, 0.03060099393291639, -0.5463146178844395, -0.198971900714708, 0.007661594951972599, 0.6121573977529143, 0.0876905131549093], [-0.6115749440644445, 0.056305955258220824, 0.42901163991966096, -0.11556963776529006, 0.3180566490380363, -0.6937737183840287, 0.47633733259238514, -0.5500033652663645, -0.2434392665732208, 0.09735301399553697, 0.5957568229871619, -0.17180337135866566, -0.04583020621580468], [0.6232110867350078, 0.7209798580712141, 0.44502694249288993, 0.5214005154107981, -0.0785177645236371, 0.12196615262671295, 0.08113776923075441, -0.40237832303617377, -0.1643715245791315, -0.5802839106827196, -0.3549543377875058, -0.5617785793407499, -0.001328145135670769]], "inverted": true, "swapped": true, "error_lsq": 0.048785978980199714, "error_max": 0.33180061545229733, "target": "978.xyz", "model": "6.xyz", "model_rescale": 4.08911054899281, "target_rescale": 4.019305898690099},
{"mapping": [8, 4, 5, 12, 7, 3, 6, 10, 11, 1, 13, 2, 9, 14], "R": [[-0.9912815052975847, 0.06619562644773226, -0.11392592459202135], [0.01552008304319609, 0.9172817344205606, 0.39793636013908146], [0.1308438163509722, 0.39269881428086933, -0.9103117800979578]], "T": [0.02698580541018219, 0.056352605644224035, -0.013669195012209617], "aligned_model": [[-0.6228938454562246, -0.5360110871903473, -0.16025867574682237, 0.27406752796900014, 0.4649161638245488, -0.43815088305531696, 0.06488192161590756, -0.3518633393021993, 0.08267069030434776, 0.42639284489513696, 0.7035678695741681, 0.6703122983586871, -0.2517743585834254, 0.0026811411613103103], [0.10847866101888717, -0.0287982807597858, -0.5522556307284948, -0.5802476922471285, -0.1830321178037471, 0.6308196116941326, 0.3238130155123682, -0.4691839140689986, -0.0940971753900747, 0.5607058897960016, -0.15155188710349368, 0.4377868651882145, 0.5877468086678662, 0.1491920656278403], [0.18655140089595004, -0.429160849764762, -0.43204312880692053, 0.1905184664984843, -0.605446957264437, -0.29666558415733113, -0.4333974165832185, 0.3018614540543967, 0.5509502519945436, 0.33853506451708026, 0.17316483480714012, -0.31496385544939587, 0.49078127814736205, 0.12107085267865195]], "inverted": true, "swapped": false, "error_lsq": 0.0432490135689515, "error_max": 0.2823617391395187, "target": "978.xyz", "model": "7.xyz", "model_rescale": 3.964800864290218, "target_rescale": 4.019305898690099},
{"mapping": [10, 9, 12, 4, 7, 5, 8, 11, 6, 0, 2, 1, 3, 13], "R": [[0.4911128268269721, -0.028236577681986036, -0.8706382067235678], [-0.500635165574148, -0.827070161121711, -0.25557656303474485], [-0.7128622744377531, 0.561389031120948, -0.42032098855579103]], "T": [0.07093868418106064, 0.0677209725492772, 0.037102490379028505], "aligned_model": [[-0.7260788164529653, -0.4399742238421046, 0.03913753962719502, 0.2529652670637469, 0.45590314184589237, -0.3722927009136939, -0.20863049330604516, -0.428995661811961, -0.024247159796537562, 0.5422790031088076, 0.6974740175315502, 0.5508790996668236, -0.031010646471546277, 0.021129902119609106], [0.2663051584467141, -0.1920976763420507, -0.5450549580584135, -0.5339279372658227, -0.057429108097614034, 0.7398657597088516, 0.25570993702871614, -0.5531764193463097, -0.08956387390175224, 0.42589714613479035, -0.1318054380834713, 0.5058596620569538, 0.5596276886328594, 0.08916627849013585], [0.015621387014104579, -0.3441047982346756, -0.4035439476657063, 0.3532959556122566, -0.5485535422976713, -0.1883704510786477, -0.653953806633315, 0.26444672920523654, 0.587290599448724, 0.44047267389718797, 0.11616838237737813, -0.3381461971766296, 0.5601673165275266, -0.019034489428224992]], "inverted": false, "swapped": false, "error_lsq": 0.04482849813225416, "error_max": 0.25258980878866677, "target": "978.xyz", "model": "8.xyz", "model_rescale": 4.121658175737393, "target_rescale": 4.019305898690099},
{"mapping": [4, 10, 9, 11, 3, 2, 8, 0, 12, 7, 6, 5, 13], "R": [[-0.24619232300228244, 0.8106089971656362, 0.5313213658501431], [0.07653739733175535, 0.5627420673373955, -0.8230816438595356], [-0.9661942697534597, -0.16197042743339302, -0.2005846797056622]], "T": [-0.08364444781066047, -0.03612847544243307, 0.03190352557468976], "aligned_model": [[-0.6136333766743024, -0.3931696735245529, 0.35226230563012073, 0.1488531884026596, -0.5696264955944799, -0.6955640259883415, 0.17899694490968723, 0.30200261536236184, 0.7045228420132991, -0.04996349266176661, -0.24975301609630252, 0.4470159399079159, -0.0852062592511016], [0.24336538924241846, -0.19401293643241097, -0.03425952835999328, 0.6161092432278713, -0.5302749406353428, 0.09037540840727472, -0.5871487524310671, -0.043718027249825306, -0.1566515504277799, -0.646313762068833, 0.6082691540319379, 0.4188557663167403, 0.005791975790719314], [-0.3586103791262031, -0.6779426991210852, -0.5723857488778089, -0.4605643064208414, -0.18068490210285643, 0.25754778972943204, -0.1927557734765238, 0.7092453531280234, 0.0680995522200338, 0.4069364793044631, 0.12909928806514004, 0.33202912888103764, -0.03893834824372277]], "inverted": false, "swapped": true, "error_lsq": 0.040252568161667106, "error_max": 0.24396348599565043, "target": "978.xyz", "model": "9.xyz", "model_rescale": 3.833441315466971, "target_rescale": 4.019305898690099},
{"mapping": [6, 7, 9, 2, 8, 12, 11, 4, 5, 0, 13, 10, 1, 14], "R": [[-0.07490666958701928, 0.47267778584214937, -0.8780459564412016], [-0.7853985537100641, 0.5145866576532191, 0.34401988837192043], [0.6144412931123046, 0.7153854083895282, 0.3326944766325812]], "T": [-0.04992343292236297, 0.07608827291611012, -0.019639084540936016], "aligned_model": [[-0.649818792435624, -0.3921783446125524, 0.15150424146837616, 0.29423690609080055, 0.431902934767292, -0.27452076059725333, -0.13893475781064862, -0.5808860441032393, 0.1155743473140932, 0.39137351575089757, 0.6349323356994087, 0.5283543655319046, -0.12947377911594282, -0.05352789957874177], [0.2562763771394791, -0.17915575266490522, -0.5857576533298509, -0.5414470805747809, -0.0885282086233723, 0.6312955089836554, 0.30123401643040193, -0.2975961464022604, -0.15155139555171193, 0.44628053772990695, -0.11158968639350533, 0.5218494620823481, 0.5507353545810859, -0.012669114002904186], [0.24282495637849957, -0.53113301374338, -0.4430738356347488, 0.11018388402341167, -0.609812048833011, -0.08537357115418712, -0.6573878275915196, 0.4433417362032032, 0.5953616207787217, 0.343730770933301, 0.34290208717548526, -0.3973239976204196, 0.5407097560942781, -0.053194705442090096]], "inverted": true, "swapped": false, "error_lsq": 0.047866045393410696, "error_max": 0.28509788574018813, "target": "978.xyz", "model": "10.xyz", "model_rescale": 4.2482417240324, "target_rescale": 4.019305898690099},
{"mapping": [9, 12, 7, 0, 4, 2, 3, 1, 5, 6, 11, 13], "R": [[-0.9617680094367789, -0.23645977670130983, -0.13816320069534774], [0.2482352895361594, -0.5395969201879529, -0.8044963671469098], [0.11567859375405357, -0.8080358517578555, 0.577664716960489]], "T": [-0.04309546904433062, 0.05197394959207921, 0.081437756901442], "aligned_model": [[-0.6570373635795616, -0.01817674638577177, 0.38593063156814733, 0.6208304821812798, -0.44274072868177994, 0.18704222459822775, -0.19498723448463445, 0.5170676429802887, 0.19829499118347482, -0.0015594568200177766, -0.6004441338096946, -0.11745470638695128], [-0.3563467314902553, -0.7230147043484705, -0.20621822456503683, -0.30194047048496764, 0.6447503633244832, 0.668358663167436, 0.3135314428798621, 0.294913368138934, -0.2649569167654543, 0.44991917981230656, 0.0785220917389243, 0.06861332864287797], [-0.025955396566347905, -0.10781150788381538, 0.5946468890645742, -0.12232711871405785, 0.06128869610178872, 0.17347396481797922, 0.7402774101628806, -0.21354184227092166, -0.5666146767516309, -0.45911911430608104, -0.5593831385788939, 0.05025812477888271]], "inverted": false, "swapped": true, "error_lsq": 0.044067204063916815, "error_max": 0.23061514583379542, "target": "978.xyz", "model": "11.xyz", "model_rescale": 3.6694154284099745, "target_rescale": 4.019305898690099},
{"mapping": [9, 8, 3, 4, 1, 10, 2, 11, 6, 5, 0, 12, 7, 13], "R": [[0.3481894664712065, 0.39284082895757266, 0.8511405163323056], [0.9331657304013952, -0.05880502987982683, -0.3546035646539153], [-0.08925141479510185, 0.9177243875830913, -0.3870608910653631]], "T": [0.036916354485613916, 0.09876062732517438, 0.042778337255169496], "aligned_model": [[-0.7436611922941777, -0.5498304082580925, -0.03544556048496673, 0.20424026171016568, 0.5232812038477641, -0.24571161441842315, -0.030741305603597092, -0.45224676497169775, 0.14519749044494157, 0.47981944571474505, 0.7067713196323179, 0.41154912745663064, -0.22855634344722464, 0.14387260904038546], [0.25702238422966267, -0.1727717104318776, -0.5490923688004765, -0.6220545270298168, -0.18863949908701216, 0.6133334041654108, 0.12044338864723599, -0.3445891821356491, -0.06640028865601671, 0.5242487671107828, -0.11414456928815109, 0.5892565812118147, 0.6514675859357737, 0.04129625353190637], [0.14445516182613868, -0.3504089937628337, -0.5196264540438813, 0.03244039386240899, -0.587557997366875, -0.19984292281193433, -0.6062716394685188, 0.3732159832958676, 0.57273295878543, 0.5598542380261726, 0.17202061883827838, -0.24153224099222959, 0.4625456335339831, 0.029731071845537436]], "inverted": true, "swapped": false, "error_lsq": 0.03554229858545373, "error_max": 0.22066479544463746, "target": "978.xyz", "model": "12.xyz", "model_rescale": 3.9764082729961374, "target_rescale": 4.019305898690099},
{"mapping": [5, 0, 2, 10, 8, 4, 7, 12, 13, 14, 11, 3, 6, 15], "R": [[0.6067852383607427, -0.2024715359856541, -0.7686461810372226], [-0.28453009589274636, -0.9582637877108143, 0.027805353682124515], [-0.7421955935188252, 0.20183109343640152, -0.6390695663881244]], "T": [-0.07337625495109495, -0.012054976971416838, 0.02907600148160276], "aligned_model": [[-0.8584537391485196, -0.559512382028587, -0.05707500371761176, 0.38079644347249114, 0.4823428249315907, -0.3954925078478422, -0.060600318969198874, -0.22871730972031434, 0.08792288482237506, 0.45932896683280383, 0.6908133617694863, 0.5984771364992845, -0.1669124552987772, -0.044379633228410056], [0.2253251108781193, 0.01712317310655542, -0.38360132102551436, -0.6585216849525343, -0.26811056838968983, 0.5797452748581259, 0.28488431742742243, -0.4722768076875535, 0.005291599950754119, 0.46409184658623803, -0.08795361205172963, 0.36401338251615417, 0.5847014529036041, 0.08466405528363491], [0.20265003045341454, -0.5093738429889711, -0.6765776652235143, 0.17724770740739768, -0.3248514981653286, -0.21967548762645572, -0.6656883685206997, 0.44293413923383074, 0.6191287363827476, 0.3872901674147662, 0.23106195554476802, -0.3109667262785445, 0.496827589748889, -0.00825092581475639]], "inverted": true, "swapped": false, "error_lsq": 0.04100077635331372, "error_max": 0.3008113487137455, "target": "978.xyz", "model": "13.xyz", "model_rescale": 4.170626492500431, "target_rescale": 4.019305898690099},
{"mapping": [12, 5, 11, 9, 3, 4, 6, 10, 7, 0, 1, 2, 8, 13], "R": [[-0.27610969147552594, -0.8279671670774205, -0.4880920082475032], [0.34713712730769986, 0.3876449347762498, -0.8539480191363378], [0.8962473169376005, -0.4052181817047552, 0.18038562054122936]], "T": [0.0764314276720797, 0.10807415692140374, -0.0038924154698455633], "aligned_model": [[-0.6528033892020827, -0.6165655472405619, -0.12232893275171319, 0.2069956456758382, 0.5337773868201978, -0.2750909507027657, -0.04711895646185127, -0.2126063654710059, 0.20720872381771635, 0.50111603466244, 0.699564704860766, 0.40960599267559716, -0.3325681350698224, 0.029352056756017937], [0.09620735021215424, 0.003565132233769308, -0.44757840253810544, -0.6764816140356776, -0.1482002461555789, 0.7233856800511237, 0.12506638143554138, -0.23246622739275882, 0.06299184787452683, 0.3921725325678981, -0.21304287760812726, 0.600615275589352, 0.3907757210121584, 0.062365666157310845], [0.05760459212568547, -0.5835931010628453, -0.3929993460447792, 0.15015843879226246, -0.4518117256232565, -0.03367290570249376, -0.8357192207102793, 0.3408070271768847, 0.7950410530446774, 0.30398662582453856, 0.31139037646525825, -0.28554845196185363, 0.5477918023055928, -0.08167935306184824]], "inverted": false, "swapped": false, "error_lsq": 0.044297778680288315, "error_max": 0.27128010791975177, "target": "978.xyz", "model": "14.xyz", "model_rescale": 3.9786697098870705, "target_rescale": 4.019305898690099},
{"mapping": [5, 4, 12, 0, 9, 8, 2, 3, 7, 1, 10, 13], "R": [[0.6913804474653389, -0.11244179988667413, -0.7136875496328019], [-0.7032892940424417, 0.12148339985190164, -0.7004469661906652], [0.1654607075650044, 0.9862041498587746, 0.0049121332860579195]], "T": [-0.013806396415500452, -0.038257028645862536, -0.03877661245021127], "aligned_model": [[0.2156123923095868, -0.7124302428072226, 0.5789470488333822, 0.5807709293463325, -0.04181966144361936, 0.35858252969053866, -0.364455589516922, -0.14765718396891764, 0.5498910165013865, 0.021404721814574493, -0.48060237932080035, -0.07488898467098243], [-0.49402794129109096, 0.0558011216087709, 0.08325474937006302, -0.5370984809822181, 0.4881000952726712, 0.4936391353759376, -0.3551437366551559, 0.3750940359899537, 0.025633533822696918, -0.706141321669247, 0.5920575741800569, -0.006494274797999251], [-0.602980812779532, 0.08198753994094674, -0.5592781798313942, -0.11094460469584966, -0.5654142041197388, -0.00019415678208804799, 0.4281196226989934, 0.5415491438703062, 0.3997133302356177, 0.0730535506119958, 0.058280293012793596, -0.0839250282882203]], "inverted": true, "swapped": true, "error_lsq": 0.05381526020046739, "error_max": 0.29127036026157654, "target": "978.xyz", "model": "15.xyz", "model_rescale": 3.769337070930944, "target_rescale": 4.019305898690099},
{"mapping": [3, 2, 8, 7, 10, 4, 9, 6, 12, 0, 13], "R": [[-0.7316268270941028, -0.6531244694578723, 0.19532181975291124], [-0.03643725626477895, -0.2486437989269149, -0.9679093901864404], [0.6807308662254936, -0.715265467257133, 0.1581164100190885]], "T": [-0.013939194327086029, -0.0030281732345076307, 0.0675447418489574], "aligned_model": [[-0.25755570086416735, -0.26480284700785806, -0.09764164058040985, -0.6522914923991681, 0.36687841031254165, 0.3213055787011396, 0.561599511561273, 0.2466188411783842, 0.08115901892322025, -0.44761146624877735, 0.06496791711499303], [0.033923934715805404, -0.5791332730074846, 0.6035385277842086, 0.31869573860389744, 0.07282575189771617, -0.455136853652541, 0.46680395207050795, -0.5680576248164103, 0.6231479995234267, 0.09190184930449317, -0.012445504798277541], [-0.6142460316834437, -0.14817377499968007, -0.1518781037696755, 0.011774900215261563, -0.6208150224667293, -0.3737203464224361, 0.011005464063231794, 0.32276740258812253, 0.5532435901120601, 0.7082395688695348, 0.046019960717530756]], "inverted": true, "swapped": true, "error_lsq": 0.03421310691653322, "error_max": 0.16816032349081214, "target": "978.xyz", "model": "16.xyz", "model_rescale": 3.7852294659196426, "target_rescale": 4.019305898690099},
{"mapping": [9, 4, 3, 10, 11, 6, 1, 2, 8, 12, 5, 7, 13], "R": [[-0.24342696838394967, -0.3273796931441731, 0.9129982735910441], [-0.9033728904986688, 0.41918748288923563, -0.09054984760377688], [-0.3530732668660713, -0.8468201643240518, -0.3977874778304442]], "T": [0.03896498726370773, 0.12319448763611993, 0.0647359534430419], "aligned_model": [[0.09557719809694037, -0.41701514145936047, 0.3523005676996392, 0.028483397990221107, -0.5702233560485492, -0.6122430794803819, -0.23269079312898766, -0.22917129511132506, 0.614659993662324, 0.3781977989937701, -0.2153032452013371, 0.6701164547832039, -0.008922650579874403], [-0.14965035527928708, -0.403262539030971, -0.420854388793347, -0.6582988454693702, -0.005257926561077042, 0.27328359969417326, 0.6158057626472276, 0.02486414690520708, -0.05965310319189063, 0.5290959120051391, 0.7528147767888953, 0.3019723265582575, 0.07419625742991717], [-0.6263027337198743, 0.22731306180022323, 0.4272063018881606, -0.05262391059978026, -0.513522896649875, 0.1401593571400718, 0.44335516293464294, 0.6645677756215471, -0.17654741856793488, -0.5329334985437542, -0.2782107516717276, 0.35421223312184136, 0.019082014389633133]], "inverted": false, "swapped": true, "error_lsq": 0.03920795463141892, "error_max": 0.22154402679191942, "target": "978.xyz", "model": "17.xyz", "model_rescale": 3.901054581598922, "target_rescale": 4.019305898690099},
{"mapping": [2, 13, 12, 7, 11, 5, 9, 0, 1, 4, 6, 10, 8, 14], "R": [[0.4987812568068559, -0.6870416466346294, 0.5283853079408531], [-0.8415838680345473, -0.23813005187790479, 0.4847996199014973], [-0.20725310835348917, -0.6864895149834436, -0.6969779730347392]], "T": [-0.001520885528936939, 0.06137015219510327, 0.010675540492994746], "aligned_model": [[-0.8085976306484327, -0.5430896562633042, -0.028273593054282436, 0.18429058024205752, 0.5633176270868187, -0.33986758112189036, 0.005255070448854687, -0.3569094816620325, 0.2189146120166134, 0.43199795758495957, 0.6727789743397474, 0.5395560190931913, -0.21575427443564876, 0.0049196447421194795], [0.17180700486698, 0.032878903209515045, -0.5093747785600123, -0.5596666447573881, -0.18993584756666682, 0.5257412561425854, 0.27274735831973174, -0.37463348906824634, -0.1419341002264796, 0.5680091080206465, -0.24432657477977932, 0.6021536972565652, 0.5464466814607895, 0.039463645085345805], [0.15269290227442922, -0.47243284651460665, -0.46420299211783284, 0.15019048527049436, -0.49383782709644203, -0.23420614194884562, -0.6133944751990166, 0.5196984172314897, 0.6397710195778339, 0.4360604850020831, 0.1355553041381003, -0.2846931931335602, 0.4097031936362003, -0.03914851955278275]], "inverted": false, "swapped": false, "error_lsq": 0.027481256174120554, "error_max": 0.15026133659649227, "target": "978.xyz", "model": "18.xyz", "model_rescale": 3.9405287249114394, "target_rescale": 4.019305898690099},
{"mapping": [3, 1, 6, 5, 8, 12, 0, 10, 11, 13, 9, 4, 14, 15], "R": [[-0.32815327189489474, 0.9167253446409427, -0.22788170755376708], [-0.690946291679243, -0.06843828412667241, 0.7196592410860154], [0.6441340327597807, 0.3936125553875818, 0.6558662242270752]], "T": [0.055387616850666496, 0.13098129538923536, -0.027126518718180795], "aligned_model": [[-0.7804175344713662, -0.44967855910260124, -0.03504752457120695, 0.32510604847588764, 0.47739250997986094, -0.20801489996085204, 0.08047257230546198, -0.4206445350333574, 0.19541712525720495, 0.34471666149319113, 0.7095664583933489, 0.32610407323305396, -0.2720395653992806, 0.03560543776942569], [0.26332990894224073, 0.004024933522944224, -0.4538987651619876, -0.6543089525505297, -0.29302354151152504, 0.608066026992137, 0.10905434085133181, -0.21173620267963567, -0.12169255003993729, 0.48354596495025853, -0.13129329686747476, 0.6114795925538834, 0.4270213200654339, 0.09880744033644717], [0.06952847798719693, -0.4324778034935678, -0.4832188948415092, 0.015696803096001563, -0.49016423208042287, -0.08323654650411115, -0.7138318497230267, 0.4961727683409603, 0.6329953386015674, 0.46614491069521796, 0.27663642913916686, -0.5072296485577132, 0.6091837092286607, -0.014443650320876678]], "inverted": false, "swapped": false, "error_lsq": 0.04051807660076761, "error_max": 0.24078033508941749, "target": "978.xyz", "model": "19.xyz", "model_rescale": 4.410303926677745, "target_rescale": 4.019305898690099},
{"mapping": [10, 9, 12, 4, 7, 5, 8, 11, 6, 0, 2, 1, 3, 13], "R": [[0.4911128268269721, -0.028236577681986036, -0.8706382067235678], [-0.500635165574148, -0.827070161121711, -0.25557656303474485], [-0.7128622744377531, 0.561389031120948, -0.42032098855579103]], "T": [0.07093868418106064, 0.0677209725492772, 0.037102490379028505], "aligned_model": [[-0.7260788164529653, -0.4399742238421046, 0.03913753962719502, 0.2529652670637469, 0.45590314184589237, -0.3722927009136939, -0.20863049330604516, -0.428995661811961, -0.024247159796537562, 0.5422790031088076, 0.6974740175315502, 0.5508790996668236, -0.031010646471546277, 0.021129902119609106], [0.2663051584467141, -0.1920976763420507, -0.5450549580584135, -0.5339279372658227, -0.057429108097614034, 0.7398657597088516, 0.25570993702871614, -0.5531764193463097, -0.08956387390175224, 0.42589714613479035, -0.1318054380834713, 0.5058596620569538, 0.5596276886328594, 0.08916627849013585], [0.015621387014104579, -0.3441047982346756, -0.4035439476657063, 0.3532959556122566, -0.5485535422976713, -0.1883704510786477, -0.653953806633315, 0.26444672920523654, 0.587290599448724, 0.44047267389718797, 0.11616838237737813, -0.3381461971766296, 0.5601673165275266, -0.019034489428224992]], "inverted": false, "swapped": false, "error_lsq": 0.04482849813225416, "error_max": 0.25258980878866677, "target": "978.xyz", "model": "20.xyz", "model_rescale": 4.121658175737393, "target_rescale": 4.019305898690099},
{"mapping": [0, 7, 8, 12, 9, 1, 3, 6, 2, 4, 10, 11, 13], "R": [[-0.1702924950115039, -0.9251799365809968, -0.3391792315144604], [-0.6902995018605709, 0.35763894706720434, -0.6289522885495447], [0.7031977416586355, 0.12702940009558594, -0.6995544779626179]], "T": [0.05131760523186844, -0.07018568401018516, 0.06840102267307274], "aligned_model": [[0.13290603515546298, -0.21747773684823324, 0.23028854078860822, 0.7068901771247121, 0.6700796585889955, -0.20961146046165352, -0.42481629087716255, 0.03060099393291639, -0.5463146178844395, -0.198971900714708, 0.007661594951972599, 0.6121573977529143, 0.0876905131549093], [-0.6115749440644445, 0.056305955258220824, 0.42901163991966096, -0.11556963776529006, 0.3180566490380363, -0.6937737183840287, 0.47633733259238514, -0.5500033652663645, -0.2434392665732208, 0.09735301399553697, 0.5957568229871619, -0.17180337135866566, -0.04583020621580468], [0.6232110867350078, 0.7209798580712141, 0.44502694249288993, 0.5214005154107981, -0.0785177645236371, 0.12196615262671295, 0.08113776923075441, -0.40237832303617377, -0.1643715245791315, -0.5802839106827196, -0.3549543377875058, -0.5617785793407499, -0.001328145135670769]], "inverted": true, "swapped": true, "error_lsq": 0.048785978980199714, "error_max": 0.33180061545229733, "target": "978.xyz", "model": "21.xyz", "model_rescale": 4.08911054899281, "target_rescale": 4.019305898690099},
{"mapping": [12, 10, 6, 0, 8, 9, 5, 13, 4, 15, 1, 11, 14, 16], "R": [[0.9051609838386501, 0.32287852018151525, -0.27646528632297007], [-0.06933119401362066, -0.5295475687674409, -0.8454422262633551], [-0.41937665513580114, 0.7844289857073662, -0.4569402450093667]], "T": [0.03028326726238629, 0.04775182740041838, 0.057703630482630414], "aligned_model": [[-0.68416435951269, -0.5435159096097631, 0.04382066718666742, 0.19451977228341819, 0.4700228581610242, -0.3570720188676571, -0.05590377642476293, -0.42156947313791426, 0.10103230693774634, 0.4217264781114898, 0.8092114065704695, 0.5688226603524907, -0.23843560316390067, 0.0200432594821528], [0.1934944798337636, -0.010579351054094084, -0.5213347846842833, -0.6986844914691225, -0.08227549988716887, 0.5778841631179269, 0.32234127565404525, -0.21927228822450517, -0.30934238955383153, 0.6112375503563474, -0.10278335157253898, 0.4548891874496664, 0.5156352950325027, 0.008166424404878941], [0.17299965769623124, -0.5066432375479172, -0.42346296779764814, 0.18395176104399677, -0.462377136720713, -0.218816170790858, -0.5864248367942057, 0.4592720414610141, 0.6524897092291024, 0.30420529497833226, 0.08237132092308708, -0.3030005729870803, 0.40511954166181086, 0.0820714072123914]], "inverted": true, "swapped": false, "error_lsq": 0.03923331870814055, "error_max": 0.24913121189290802, "target": "978.xyz", "model": "22.xyz", "model_rescale": 4.204369325754507, "target_rescale": 4.019305898690099},
{"mapping": [3, 1, 6, 5, 8, 12, 0, 10, 11, 13, 9, 4, 14, 15], "R": [[-0.32815327189489474, 0.9167253446409427, -0.22788170755376708], [-0.690946291679243, -0.06843828412667241, 0.7196592410860154], [0.6441340327597807, 0.3936125553875818, 0.6558662242270752]], "T": [0.055387616850666496, 0.13098129538923536, -0.027126518718180795], "aligned_model": [[-0.7804175344713662, -0.44967855910260124, -0.03504752457120695, 0.32510604847588764, 0.47739250997986094, -0.20801489996085204, 0.08047257230546198, -0.4206445350333574, 0.19541712525720495, 0.34471666149319113, 0.7095664583933489, 0.32610407323305396, -0.2720395653992806, 0.03560543776942569], [0.26332990894224073, 0.004024933522944224, -0.4538987651619876, -0.6543089525505297, -0.29302354151152504, 0.608066026992137, 0.10905434085133181, -0.21173620267963567, -0.12169255003993729, 0.48354596495025853, -0.13129329686747476, 0.6114795925538834, 0.4270213200654339, 0.09880744033644717], [0.06952847798719693, -0.4324778034935678, -0.4832188948415092, 0.015696803096001563, -0.49016423208042287, -0.08323654650411115, -0.7138318497230267, 0.4961727683409603, 0.6329953386015674, 0.46614491069521796, 0.27663642913916686, -0.5072296485577132, 0.6091837092286607, -0.014443650320876678]], "inverted": false, "swapped": false, "error_lsq": 0.04051807660076761, "error_max": 0.24078033508941749, "target": "978.xyz", "model": "23.xyz", "model_rescale": 4.410303926677745, "target_rescale": 4.019305898690099},
{"mapping": [14, 13, 7, 1, 0, 15, 12, 11, 10, 4, 3, 5, 9, 16], "R": [[0.44446369657705764, 0.6774424727994087, 0.5861089646750681], [0.6419136431071509, 0.21550544578627873, -0.7358697422977543], [-0.624819091592089, 0.7032987266331998, -0.33907521864352924]], "T": [-0.03068838339251873, 0.09992634514392779, 0.002546122020913838], "aligned_model": [[-0.6900921178398693, -0.4951356513904946, -0.11330832975449545, 0.2667103088948227, 0.49369591724739087, -0.3193614904118931, 0.12224884544616935, -0.42090083786635946, 0.1465644923452655, 0.5369793934244731, 0.8078957847401259, 0.24222253737086707, -0.32287273110552844, 0.07389214726829643], [0.2515063278640945, -0.006759296899892714, -0.4846253374758512, -0.6768347513099386, -0.17778187200768414, 0.7469631472608722, 0.1441971610374556, -0.27815899101401775, 0.008678775314110654, 0.4277227922080762, -0.16041341360871048, 0.5755704746325585, 0.3252455671571388, 0.04406563624537521], [0.021525422589630805, -0.5142648036182906, -0.3030748384707176, 0.21357115947359154, -0.46466374779674513, 0.08813470084314073, -0.7853790861549398, 0.32736484926212006, 0.6222551225352306, 0.21275353732048308, 0.1981242077155028, -0.3054868710805012, 0.5087867157816955, 0.022109443167343333]], "inverted": true, "swapped": false, "error_lsq": 0.04290728016381089, "error_max": 0.2727592649509223, "target": "978.xyz", "model": "24.xyz", "model_rescale": 4.28219845311461, "target_rescale": 4.019305898690099},
{"mapping": [6, 8, 5, 3, 9, 14, 11, 0, 4, 13, 7, 12, 2, 15], "R": [[-0.8136285483104053, 0.5117256171896676, -0.2759447011380295], [-0.27848707394716476, -0.7596753031685006, -0.5876549867057994], [-0.5103464852613849, -0.4012858413496554, 0.7606024838992116]], "T": [0.03991847579242214, 0.038246294059294195, -0.027787121839492154], "aligned_model": [[-0.8358312410143264, -0.519160560785987, -0.08512698755946024, 0.31752974969937525, 0.585643017411926, -0.2444187805519738, 0.06064096062246753, -0.4929797821310471, 0.15635314141201112, 0.4148592270042872, 0.7498939963311636, 0.4098502632024831, -0.18463736085958685, -0.004077374412561972], [0.21421060514442164, -0.2049905221427277, -0.478787843121621, -0.6741962108190671, -0.13836864159064224, 0.7312923097264499, 0.24429851294955804, -0.13866477883770142, -0.25783475990254395, 0.43177926183972565, -0.08742925995798478, 0.6116666116352951, 0.4633746616887892, 0.02302627279163514], [0.0917793019518799, -0.35976986089573526, -0.6928585570995258, 0.09632171226279594, -0.385370081526361, -0.1655701749231389, -0.5313644574707354, 0.5640541499761627, 0.6305650264463728, 0.2119370807092133, 0.26493530830281536, -0.37240214224292695, 0.45967628360764157, 0.029822222469085363]], "inverted": true, "swapped": false, "error_lsq": 0.04401603872047256, "error_max": 0.2768299304868626, "target": "978.xyz", "model": "25.xyz", "model_rescale": 4.100010024507729, "target_rescale": 4.019305898690099},
{"mapping": [9, 12, 7, 0, 4, 2, 3, 1, 5, 6, 11, 13], "R": [[-0.9617680094367789, -0.23645977670130983, -0.13816320069534774], [0.2482352895361594, -0.5395969201879529, -0.8044963671469098], [0.11567859375405357, -0.8080358517578555, 0.577664716960489]], "T": [-0.04309546904433062, 0.05197394959207921, 0.081437756901442], "aligned_model": [[-0.6570373635795616, -0.01817674638577177, 0.38593063156814733, 0.6208304821812798, -0.44274072868177994, 0.18704222459822775, -0.19498723448463445, 0.5170676429802887, 0.19829499118347482, -0.0015594568200177766, -0.6004441338096946, -0.11745470638695128], [-0.3563467314902553, -0.7230147043484705, -0.20621822456503683, -0.30194047048496764, 0.6447503633244832, 0.668358663167436, 0.3135314428798621, 0.294913368138934, -0.2649569167654543, 0.44991917981230656, 0.0785220917389243, 0.06861332864287797], [-0.025955396566347905, -0.10781150788381538, 0.5946468890645742, -0.12232711871405785, 0.06128869610178872, 0.17347396481797922, 0.7402774101628806, -0.21354184227092166, -0.5666146767516309, -0.45911911430608104, -0.5593831385788939, 0.05025812477888271]], "inverted": false, "swapped": true, "error_lsq": 0.044067204063916815, "error_max": 0.23061514583379542, "target": "978.xyz", "model": "26.xyz", "model_rescale": 3.6694154284099745, "target_rescale": 4.019305898690099},
{"mapping": [7, 1, 6, 12, 2, 5, 0, 3, 9, 10, 11, 4, 8, 13], "R": [[0.4259687326554916, 0.2437116349176205, -0.8712951726055038], [0.693745233499471, -0.7061542807081861, 0.14164633011225047], [-0.580747957204017, -0.664793780689384, -0.46987342908497876]], "T": [0.014338770553734994, 0.11270015797735264, 0.026725581588245544], "aligned_model": [[-0.5635463219772107, -0.580328470150122, -0.10685028577336163, 0.24601702016898713, 0.5040415262460975, -0.5487946455230165, 0.026314637916498677, -0.45470408730247047, 0.07496835326777122, 0.5116201322405298, 0.7307316084513037, 0.4513741095720366, -0.017413417429170172, 0.05510810866089739], [0.12062119842211214, -0.08894744103853444, -0.4533352366585045, -0.6357257167943365, -0.09987174065434673, 0.5481202984548657, 0.3208814862560414, -0.46043514481161296, -0.05504842662723877, 0.34806961778167667, -0.3120736051386003, 0.758543302430061, 0.6521333489205708, 0.09644427886143359], [0.2759535929898864, -0.5940447240325516, -0.3422020216760922, 0.15288703364430709, -0.39414737451929954, -0.31862721872676736, -0.600530710759764, 0.3497518073418622, 0.6847894094449595, 0.2700426270309856, 0.23293911466154307, -0.23292286400987952, 0.3678426047594221, -0.009975464581067569]], "inverted": true, "swapped": false, "error_lsq": 0.04474291630484515, "error_max": 0.2847913632511394, "target": "978.xyz", "model": "27.xyz", "model_rescale": 4.103607728864725, "target_rescale": 4.019305898690099},
