[{"mapping": [9, 2, 4, 10, 8, 12, 3, 6, 0, 5, 13, 14], "R": [[0.3479918827984827, 0.5488833471962373, -0.7600188949473703], [0.900707768977395, -0.4206227795812183, 0.10863697437398293], [-0.26005223400334526, -0.7223597085026439, -0.640756808096367]], "T": [-0.004657386080553584, -0.013287219907112346, -0.011491746893270476], "aligned_model": [[-0.13495478044025286, 0.10308045779089095, 0.5203924552081655, -0.2115446442492276, -0.2125750183040012, -0.5010366810879018, 0.4269668939079707, -0.16512396214746541, 0.5919897081446048, 0.08859250766512158, -0.5034025062723578, -0.16474196775499764], [-0.3363713914116542, -0.6975248022021776, -0.33552776440126914, 0.6072944499264772, 0.4890250405476383, -0.6029164688089487, -0.2971370114187343, -0.36023063000666067, 0.0667351315391296, 0.20161430327031846, 0.3234103897205201, -0.004816210777582132], [-0.6504620310373244, 0.04319700796797748, -0.451538857125207, -0.024551811584803733, -0.6936163578458969, -0.01712509271676429, 0.4423275604900472, 0.6349543360292769, 0.011543582068415333, 0.49931391131711456, 0.4401247412307861, -0.05221524344005876]], "inverted": true, "swapped": true, "error_lsq": 0.04619369424047048, "error_max": 0.2634460255918681, "target": "979.xyz", "model": "0.xyz", "model_rescale": 3.751011558992144, "target_rescale": 4.14263686320871},
{"mapping": [3, 0, 9, 12, 13, 7, 11, 2, 8, 5, 1, 4, 10, 6, 14], "R": [[0.17587224538945023, 0.0887914512618459, 0.9804004444534327], [0.6180359577492902, -0.7851437120923117, -0.03976061230442396], [0.7662248418255508, 0.6129155158296455, -0.19296129721964728]], "T": [-0.0013364916615443004, 0.00965398965554972, -0.0604726613209462], "aligned_model": [[-0.3993095789716275, -0.7258181981987634, 0.5542914433672886, 0.18010880679421162, 0.07209620316380645, -0.19916435935298535, 0.6233071056438267, -0.5180562182623455, -0.2810666731335178, 0.14769826907626246, -0.4346435597562166, 0.057818225952226646, 0.6895715713036992, 0.17490353257339972, 0.034364195262637814], [-0.2785077145177098, 0.09279033704485773, -0.33296862932855853, -0.01959839389537843, -0.6399086267297297, 0.44333183106473967, 0.34387863419856457, -0.6341732663557906, -0.16338905419529415, -0.541122431049132, 0.5394673097702275, 0.3760575011780666, 0.1368063594166386, 0.7295992575149918, 0.0008453666084178423], [0.5243231522222244, 0.1486185224605996, 0.029399248141129763, 0.6593863566833447, 0.2560368093524855, 0.4004662591799888, 0.3067401547029184, -0.10764564666859362, -0.6368626184579216, -0.31448057750306896, -0.191729584963462, -0.7589160420167703, -0.48347629194675457, 0.05929382153049008, -0.019831776038726302]], "inverted": false, "swapped": false, "error_lsq": 0.04809863714733929, "error_max": 0.3179192379188712, "target": "979.xyz", "model": "1.xyz", "model_rescale": 3.9405287249114394, "target_rescale": 4.14263686320871},
{"mapping": [10, 8, 11, 0, 9, 13, 1, 7, 2, 6, 3, 5, 14], "R": [[0.28477763020158403, 0.9585889257472949, 0.0029954584652698013], [0.8167329601768439, -0.24426861451862225, 0.5227620067697373], [0.501845566980062, -0.14642443578788356, -0.8524734080935664]], "T": [0.002577710726332519, -0.09992231859611785, -0.03015301320650905], "aligned_model": [[-0.20711187816681137, 0.3236824110870359, -0.5518428834750422, 0.3448609098784711, 0.4596967600265506, -0.7044463215832153, 0.028940090289081566, 0.6838289934972129, 0.12782884904332414, -0.5433482730537351, -0.035705921082450603, -0.3633010072743725, -0.06709844990211813], [0.5115861053532754, 0.6541296362320234, 0.07930313773321644, -0.18430414572599363, -0.1199351807508867, 0.15724661345914032, 0.35803490734734594, 0.1594753746096343, -0.7593477023318675, -0.6106061022034183, -0.6290254075668358, -0.12005768179629354, -0.037666960787323935], [0.07075405079050955, -0.3287141534876249, -0.6577876163101538, 0.4583588873517938, -0.5960907102969886, -0.02304064989249102, 0.6091242683697944, 0.11181882257607322, -0.20973499328968695, 0.041810056255151815, 0.4073472402195339, 0.39590796678375234, -0.16663281948101985]], "inverted": true, "swapped": true, "error_lsq": 0.04877748213476282, "error_max": 0.2859170658818675, "target": "979.xyz", "model": "2.xyz", "model_rescale": 3.932901565614263, "target_rescale": 4.14263686320871},
{"mapping": [7, 1, 0, 8, 4, 2, 3, 9, 11, 12, 5, 13, 6, 14], "R": [[0.2225204716157413, -0.7055227320970578, -0.6728464269104882], [0.5198062318545906, -0.4980133344061887, 0.6941067641787978], [-0.8247945932394559, -0.5042027303059083, 0.2559169508161345]], "T": [0.04811097945329827, -0.0618715602655864, 0.0009426333508993114], "aligned_model": [[-0.2582665619789614, 0.5370789335939294, 0.22264674271539048, -0.38302356109759056, -0.37123760927673033, -0.1720657490069028, 0.41541176066027957, -0.6793185440232884, -0.10545515070404445, -0.3069689441983218, 0.6090368812275707, 0.48910733460695227, 0.43938283587778193, -0.016518456343360757], [-0.08564649929644978, 0.1809192218917058, -0.3766002702792022, 0.5955095860989997, -0.5331801752044807, -0.6559925576813468, -0.6431620305017088, -0.0837020563978024, 0.44438597823171366, -0.19691244016510961, -0.07032134944147725, 0.40146804536648883, -0.3659952692799869, 0.05272645500914499], [-0.6751594521753286, -0.565677357924212, -0.48217750139238397, -0.3769652522617125, -0.4175937619496669, 0.2861124434809385, 0.004645646730095158, -0.002736318413308011, 0.6744037702157414, 0.6715908263949313, 0.033978395623114194, 0.3970588438037287, 0.5652359028105917, 0.10118017811456845]], "inverted": true, "swapped": true, "error_lsq": 0.04812387896535135, "error_max": 0.3358777990079131, "target": "979.xyz", "model": "3.xyz", "model_rescale": 3.9243930471874484, "target_rescale": 4.14263686320871},
{"mapping": [7, 8, 1, 0, 5, 9, 2, 10, 13, 11, 6, 12, 14], "R": [[0.4420723205310044, -0.41725015437369517, -0.7940241634203967], [-0.020375870973432797, -0.889662965018795, 0.4561629451808212], [-0.8967479508214152, -0.18547807781270104, -0.4017972067455158]], "T": [0.04355446886832568, -0.155697702354475, -0.059701639875721704], "aligned_model": [[0.003909230401719921, -0.29567400745483596, 0.671797064560766, 0.4137760339770944, 0.5526871264316497, -0.6269831522762209, -0.1950209107428933, 0.22766401504344896, 0.2581592108900882, -0.39701244811364383, 0.23909539278083283, -0.5099923729521102, -0.06519929623454315], [-0.6639588849326747, -0.019572467029580792, -0.14904284786422348, -0.6175015535759387, 0.0345768553708902, -0.40421716857035106, -0.5043741140376725, 0.2654716403234382, 0.5614248963058759, 0.5670115853046118, 0.068694356015401, 0.021256726189777808, -0.03193946981796664], [-0.5997435836393965, -0.851683517710718, -0.5333705035969613, -0.17192977308715024, 0.08305744912469205, -0.19483561197165622, 0.49191953458591003, -0.5253351562930754, 0.01612322927684147, 0.07076380258484315, 0.6298081433674314, 0.44661823370905224, -0.07432193097884882]], "inverted": true, "swapped": true, "error_lsq": 0.04428013413798117, "error_max": 0.25147808775810926, "target": "979.xyz", "model": "4.xyz", "model_rescale": 3.8936222436046832, "target_rescale": 4.14263686320871},
{"mapping": [13, 11, 6, 5, 2, 9, 8, 7, 1, 10, 3, 14], "R": [[0.7671513716569032, -0.35685358908107484, -0.5330424832270764], [-0.21014342354511367, 0.6453091518932015, -0.7344493447635557], [0.6060680774514291, 0.6754491945682021, 0.420059366103764]], "T": [-0.12198559571882168, 0.06268026623750587, -0.00986960346035698], "aligned_model": [[0.0847660077835287, -0.5342226594169853, -0.2116511681090592, 0.2949604266906453, -0.5846888568767047, -0.6925435359207169, -0.10033443524922638, 0.032163788588774264, 0.6439682777687549, 0.26029213591514366, 0.0427062778452937, -0.20786821680435097], [-0.5111908119048117, -0.6411685311640043, 0.1537372798930703, 0.05497982785795168, 0.5261624702713914, 0.09018512425857982, -0.4236346818885358, 0.3173235772214656, 0.02316399758927791, -0.44714832474516275, 0.6051719374490804, -0.07865895972849497], [-0.45031845146723515, -0.2708037487807751, -0.7499239902212949, -0.38656224402158607, -0.24196723505768614, 0.44107489038633324, 0.713919269167099, 0.6705282413052094, 0.16576742791722718, 0.13856575462241877, -0.3989731377782709, -0.012022056795920937]], "inverted": true, "swapped": true, "error_lsq": 0.041300245168903564, "error_max": 0.22444776462452, "target": "979.xyz", "model": "5.xyz", "model_rescale": 3.6523030999806103, "target_rescale": 4.14263686320871},
{"mapping": [11, 12, 6, 13, 5, 9, 2, 10, 4, 0, 3, 1, 14], "R": [[-0.3537501552721338, 0.926853589199279, 0.12571098533284852], [0.4989704015587992, 0.07332112018828385, 0.8635117553933971], [0.7911316995375625, 0.36819347838161076, -0.4884098652403107]], "T": [0.03380274625039335, -0.11427518868851899, -0.035194493702640925], "aligned_model": [[0.2874643677410963, -0.23559874886407928, 0.2646998537415753, 0.7096282539014089, 0.49222088079064363, -0.5733786002704584, -0.4368863533887619, 0.5164193182946457, -0.6319948088662759, -0.06851783470355662, 0.010015933924958337, 0.48768241216214553, 0.059328230200953014], [-0.45741608033913045, -0.035897834496848635, 0.4683056984140798, -0.17504331887951416, 0.19282933610199915, -0.4766695471913344, 0.324240670336391, -0.5333983429104847, -0.04076217126640955, 0.12563466198683282, 0.5561416549383171, -0.18772679648139662, -0.2194110260493181], [0.7073277381154129, 0.6826958983752188, 0.3786869213270763, 0.28982326758271154, -0.14168511575515458, 0.13698261928074784, 0.22736023354458346, -0.1748781999787497, -0.3879936085638323, -0.5782375126439221, -0.18618333538143028, -0.6737031849309665, 0.08991401851009358]], "inverted": false, "swapped": true, "error_lsq": 0.056668879686528645, "error_max": 0.2862701578177224, "target": "979.xyz", "model": "6.xyz", "model_rescale": 4.08911054899281, "target_rescale": 4.14263686320871},
{"mapping": [5, 7, 8, 4, 10, 6, 3, 12, 13, 11, 2, 1, 9, 0, 14], "R": [[0.8096667715628949, 0.5737534964981217, -0.12347730270417528], [-0.30162443058775096, 0.5872844238220795, 0.751079029402754], [0.5034505158399718, -0.5708799618064623, 0.6485627551041752]], "T": [-0.02196653746071716, -0.05140198789458653, -0.003919167345639581], "aligned_model": [[-0.36509175312486614, -0.7304372874367164, 0.5801636687097305, 0.1745612989904046, 0.14500178559711524, -0.1056427375180739, 0.482923935224212, -0.4285856038595263, -0.5487081548560201, 0.11305605276900743, -0.4516955080110603, 0.08150523157063183, 0.6712980960629594, 0.25623238250105135, 0.10151935884305363], [-0.39948505654649974, 0.15118787745463821, -0.2705723221240887, -0.059717596107161076, -0.7401256033564546, 0.38766821921171396, 0.44911100348942373, -0.6198643730049312, -0.14588933488862085, -0.4407696335073838, 0.5770144448912987, 0.29596805123004394, 0.07239719361393204, 0.8427602264707582, -0.04657461610175832], [0.5805502444088394, 0.23338971875784942, 0.22964571164057712, 0.6729539004168108, 0.12668044636884002, 0.21824881691191927, 0.3439655726381538, -0.14360943030915446, -0.5034288590568541, -0.4218818446683397, -0.2695605462113191, -0.6415504932601298, -0.3483247690290233, -0.09187073604829127, -0.1138859458819943]], "inverted": true, "swapped": false, "error_lsq": 0.042669493862137725, "error_max": 0.30875835311428024, "target": "979.xyz", "model": "7.xyz", "model_rescale": 3.964800864290218, "target_rescale": 4.14263686320871},
{"mapping": [1, 7, 0, 10, 3, 8, 5, 4, 9, 12, 11, 6, 2, 14], "R": [[-0.37625487374704014, 0.8613257015461308, -0.34139464822645493], [-0.4636481054011357, -0.494053785240945, -0.7354871118157218], [-0.8021612707800949, -0.11844362855451651, 0.5852421742452465]], "T": [-0.0233305187624227, 0.011305613173100167, 0.07187716506202704], "aligned_model": [[-0.3385144781996675, 0.2814798029231785, 0.26931539515750197, -0.6019019772191563, 0.3070822649888553, -0.3107464457477357, -0.28201335912187137, 0.6647588144810943, 0.3321102586561498, 0.1152277698599915, -0.5308819973514776, -0.06122628412361249, 0.5298967679196783, -0.11339864276205569], [-0.0006309564280320683, -0.5031894984151836, 0.0854294115909364, -0.2070317743599208, 0.5786709500657644, -0.8076578549312294, 0.44545500508619557, -0.24642652141823676, -0.5177811307195004, 0.11400570578280672, -0.05972982660816381, 0.704823213021763, 0.2750399915077685, -0.05002824799376543], [-0.6489638913500301, -0.36849985933705764, -0.44945381400287376, -0.14184780886532822, -0.13244159031075436, -0.014911408411331456, -0.17388312752479804, -0.11050973099183733, 0.42312193450072333, 0.8231035503079719, 0.7580073402921211, 0.35755012430018507, 0.39923494928309056, 0.19630837083494004]], "inverted": true, "swapped": true, "error_lsq": 0.04389244631129282, "error_max": 0.36143785208521734, "target": "979.xyz", "model": "8.xyz", "model_rescale": 4.121658175737393, "target_rescale": 4.14263686320871},
{"mapping": [12, 13, 5, 3, 11, 9, 10, 7, 1, 8, 2, 0, 14], "R": [[0.7364196537114777, -0.07509109452234669, -0.672344718987889], [-0.5767436031016775, 0.44979948464456265, -0.681943721941027], [0.3536282085874404, 0.8899672753179871, 0.2879328723058831]], "T": [-0.04224380644620367, 0.053807678067457225, -0.0467161259449322], "aligned_model": [[-0.7709483815242741, -0.062413486331814365, 0.30903911231059383, 0.227841881785335, -0.6679871643751525, -0.5253195362362301, 0.18961672638161142, 0.2552199761017537, 0.6939067652000954, -0.08107663577873186, -0.373455492269068, 0.44747292005778894, -0.16515918888671002], [0.2336744659139704, -0.37293884203847616, 0.07207377214353128, 0.6385472871602864, -0.4029300030615438, 0.06572744400176495, -0.5521622405158295, 0.02319090796061449, -0.22400084006533832, -0.635480230688552, 0.6645451582530051, 0.33399808484370974, -0.05385752449543297], [-0.2219998135709319, -0.6660302781975618, -0.4849709474862513, -0.2874556065897551, -0.4117710466470634, 0.4974709515759705, -0.1311889790085734, 0.6330811873282215, -0.04667480623176176, 0.48640255115111247, -0.0378888156908695, 0.16445399952611028, -0.07235296219955803]], "inverted": true, "swapped": true, "error_lsq": 0.047456802058080234, "error_max": 0.2798511478978783, "target": "979.xyz", "model": "9.xyz", "model_rescale": 3.833441315466971, "target_rescale": 4.14263686320871},
{"mapping": [9, 7, 13, 8, 2, 11, 10, 3, 4, 5, 6, 1, 0, 12, 14], "R": [[0.22786440837884897, -0.8275443272718832, 0.5130771850260776], [0.8725780871806135, -0.06027514022253929, -0.48474156954337577], [0.43207093534092217, 0.5581552596467043, 0.7083624869813061]], "T": [-0.010645753000806125, 0.08692532606784321, -0.037015190663288275], "aligned_model": [[-0.24025517655698753, -0.5577592625963276, 0.5990670717074547, 0.16659157861322477, 0.056927286612488706, -0.17005576340219786, 0.5706160878278373, -0.650444676954436, -0.4964117101597847, 0.20697860734227838, -0.3747902881102919, 0.2819617694971902, 0.6290827217390186, 0.0157876413150934, -0.061195121412657545], [-0.42390088925946856, 0.14476220645354845, -0.42630502940577397, -0.022510056001731518, -0.615672306781964, 0.5268606018764274, 0.41401951222148403, -0.49647739030124005, -0.2205133516254164, -0.3730416276950578, 0.35800386451736227, 0.34657860082730707, 0.14688091300666994, 0.6735514916305956, 0.02087194126216825], [0.5497098018854252, 0.3387981668256881, -0.06006763134433406, 0.7140974425751392, 0.09878136878835019, 0.45935411008628857, 0.4435034971115518, 0.03095875426110742, -0.5896683137105396, -0.482554460198928, -0.5421337426754715, -0.6635692167441174, -0.26279332934271105, -0.17188948344310367, 0.008794822603538824]], "inverted": false, "swapped": false, "error_lsq": 0.04591409380153709, "error_max": 0.33008606670657775, "target": "979.xyz", "model": "10.xyz", "model_rescale": 4.2482417240324, "target_rescale": 4.14263686320871},
{"mapping": [0, 7, 9, 8, 6, 12, 2, 11, 10, 13, 5, 14], "R": [[-0.03673183828182293, -0.01787223662609, -0.9991653292695953], [0.7934911322358031, 0.6072636865229598, -0.04003296258944089], [0.6074722998784235, -0.7942993127206679, -0.008124450251762616]], "T": [-0.11080564136983174, -0.011692680694922929, -0.017891188354066067], "aligned_model": [[-0.5549437471677023, -0.06651029672104002, 0.36530216103179575, 0.5617866464909276, -0.46749459350184525, 0.1795787376177561, -0.3181929298032794, 0.49511360784501146, 0.13351038129645326, 0.002542461735426174, -0.48919318525595806, 0.035266358795461514], [-0.41560702045181896, -0.7350770507459019, -0.17709285833067454, -0.529647981409332, 0.649201922480542, 0.5706745213325964, 0.26451824512289995, 0.5659867581085151, -0.1697188760978645, 0.4339810339564859, 0.14724806953898173, 0.061664626546210306], [0.03227361280884258, 0.14427986726716677, 0.5070925814933367, -0.21834880091072062, -0.01965325888539263, 0.39516104163668736, 0.5849996881654088, -0.19838352586122548, -0.6039218312821844, -0.613371309920571, -0.4017679033996814, -0.04316787125731026]], "inverted": false, "swapped": true, "error_lsq": 0.04853757863372909, "error_max": 0.2524340676745732, "target": "979.xyz", "model": "11.xyz", "model_rescale": 3.6694154284099745, "target_rescale": 4.14263686320871},
{"mapping": [12, 6, 5, 3, 2, 11, 9, 8, 0, 7, 10, 4, 13, 14], "R": [[0.3102847113941353, -0.7934644652404532, 0.5235814552443011], [-0.4619220226693628, 0.3555346864909477, 0.8125411569113459], [-0.830873903097277, -0.4939729032067099, -0.25620173311168626]], "T": [0.03673057775430292, 0.1030244163228762, 0.002056663936079707], "aligned_model": [[0.07261807553343855, 0.051320416932129166, -0.11981608707090322, 0.46882808186923003, 0.5648174561830187, -0.5738034971382571, 0.2590143213567715, -0.34362507045121715, 0.41234324921812093, 0.33138317616651386, -0.5271657304514504, 0.7026582415064108, -0.6216176895129674, -0.07869009388502851], [-0.4715877185450663, 0.2687781806083877, 0.5957553808240796, 0.5175477891097567, -0.12480727756067594, -0.38546412808547803, -0.5471974125484764, -0.22684128371385462, 0.5042951956365996, 0.10765126714187022, 0.27001699348252295, -0.03387204186151349, 0.2697661646250892, -0.013053820976986874], [-0.5104077467534441, -0.7302852071801326, -0.21819311736034452, -0.3360029570211075, -0.38781041601413097, -0.3473088178462888, 0.24173421286818497, 0.7143484120823536, 0.24867142599110162, 0.6837493470223394, 0.288812561140037, 0.33515945582306944, -0.32173983998097877, -0.021631853118242825]], "inverted": false, "swapped": true, "error_lsq": 0.04712887115220216, "error_max": 0.4057706353433855, "target": "979.xyz", "model": "12.xyz", "model_rescale": 3.9764082729961374, "target_rescale": 4.14263686320871},
{"mapping": [8, 10, 7, 2, 3, 1, 0, 11, 13, 14, 12, 5, 4, 9, 15], "R": [[0.01452750195298369, 0.6482071918167303, -0.761325415419763], [0.42378529724024566, -0.693628545441029, -0.5824821566300198], [-0.9056461635373952, -0.314176506802197, -0.2847773675058577]], "T": [0.00015278735256569272, 0.040889469129953955, -0.11142041710233072], "aligned_model": [[-0.20785375205940276, -0.7178119364676079, 0.6076330944818726, 0.18046051606740943, 0.13862172372229448, -0.3015380987759528, 0.5705963786351316, -0.525071678616021, -0.42119417871696385, -0.15584242503163448, -0.4765150471957303, 0.411624556993823, 0.6826777168488769, 0.11841304407153938, 0.07190085150426877], [-0.32281391342292637, 0.010436630416309135, -0.18383113630453446, 0.1651886922291577, -0.7535412217825617, 0.3684904280217236, 0.39211759012997016, -0.5484004843792611, -0.05606553048680523, -0.6312966079158431, 0.4492059203022439, 0.593490901533237, -0.019703422871602753, 0.6275818694481474, -0.03775123419234317], [0.457882635524299, 0.24878255196145674, 0.2778121931273748, 0.655585671536311, 0.12972202692300114, 0.34132984432352187, 0.16847393740613023, -0.02527339283259547, -0.5444873962409112, -0.5147061856512086, -0.22665490047156028, -0.5890673008238201, -0.32671543291591365, -0.053925499002893215, -0.12743696618530886]], "inverted": false, "swapped": false, "error_lsq": 0.044098830633338734, "error_max": 0.3451092391090232, "target": "979.xyz", "model": "13.xyz", "model_rescale": 4.170626492500431, "target_rescale": 4.14263686320871},
{"mapping": [7, 4, 8, 9, 10, 13, 11, 0, 1, 2, 3, 12, 5, 14], "R": [[0.6543890730942172, -0.0031571797085173103, -0.7561514221577443], [0.16479862210659046, -0.9753577309727854, 0.14669257235248412], [-0.7379812702004438, -0.22060672892708355, -0.6377431426408533]], "T": [-0.012541828130583334, 0.038834564775137026, 0.12774424276471624], "aligned_model": [[0.28531403101507596, 0.10463900639106427, -0.13951386605813085, -0.48349447142647084, 0.13329790202946162, -0.09764520959655784, -0.6988250593453121, 0.5131730004826566, 0.6786334276050053, -0.2569632187263038, 0.33237154668179153, -0.7116483367274613, 0.33314771756805006, -0.14930344780122512], [-0.43497089271846445, -0.7056687485249165, 0.06279696116667145, -0.4327579306854129, 0.509984332284225, 0.7827067823068622, 0.548446603370685, -0.2538272557260623, 0.2855283992391446, -0.3868123929830201, -0.12107843667533205, -0.010567105277772569, 0.3973414105403057, 0.11495274160875302], [-0.3604532083703673, 0.05604185729023911, -0.734894290343757, -0.16457055821317468, -0.30218968413419994, 0.20177778946548958, 0.07539874481031955, 0.15765972296743896, -0.15600592284919118, 0.6195391421951776, 0.7007056575330388, 0.4485188597330321, 0.3880752000892077, 0.074269790947613]], "inverted": true, "swapped": true, "error_lsq": 0.05207989731547683, "error_max": 0.29341748839473586, "target": "979.xyz", "model": "14.xyz", "model_rescale": 3.9786697098870705, "target_rescale": 4.14263686320871},
{"mapping": [12, 9, 6, 13, 2, 3, 8, 7, 5, 10, 4, 14], "R": [[-0.016976755122211334, -0.7687162457496266, -0.6393646246908882], [-0.16276317226381942, 0.6330519771894934, -0.7568046933860093], [0.9865191024709754, 0.09121692659300076, -0.1358658631253208]], "T": [0.0749472412094357, -0.008028624740041025, 0.023587191830658643], "aligned_model": [[-0.10002579021757961, -0.6291119094630614, 0.6095022474209084, 0.5640985884505595, -0.029032561033783183, 0.4722189840861348, -0.4785223699395074, -0.3810909734529121, 0.6268027297754838, 0.19833430083484216, -0.39801172106277544, 0.02819307136902746], [-0.14637324924647965, -0.005615590598478227, 0.0700021253684515, -0.5750512175361158, 0.42786310452022264, 0.5380488706120581, -0.48450501987452854, 0.26187591388682546, 0.0020684262252943387, -0.4953572438736421, 0.5754261226952649, -0.15370775195443365], [-0.7142013913021493, -0.16063741698529185, -0.49811572875135696, -0.04911608416578757, -0.5074174908448295, -0.10601496228865233, 0.50053893789531, 0.5439016760314243, 0.12920062425587692, 0.44237229460543376, 0.11870891005669837, -0.03925287463284606]], "inverted": true, "swapped": true, "error_lsq": 0.05314715856491104, "error_max": 0.3031303233620843, "target": "979.xyz", "model": "15.xyz", "model_rescale": 3.769337070930944, "target_rescale": 4.14263686320871},
{"mapping": [9, 4, 11, 12, 8, 7, 10, 0, 13, 6, 14], "R": [[0.9706006253212057, -0.23879590126783845, -0.030181843279784418], [-0.17037459070530422, -0.7701841314476846, 0.6146453469344544], [-0.1700203663332272, -0.5914329388898261, -0.7882259535362046]], "T": [-0.0021386690967241826, -0.023350504871049164, 0.10638778042632008], "aligned_model": [[-0.3071968396763038, -0.1679397330324198, -0.22252988965160747, -0.6885413734213762, 0.47937642848587164, 0.32459635121458613, 0.5539729727154666, 0.21120646629071635, 0.18304541928352386, -0.4151603040019437, -0.028203367515343], [-0.10848542346929546, -0.6891817840345276, 0.7899620386320646, 0.30673109622730116, 0.15210832186764445, -0.5325741746794628, 0.3175670453825734, -0.565920172460938, 0.6233360821250219, 0.18033654124385207, 0.12218492679110832], [-0.5488491042732111, -0.21351295177352225, -0.046516016017579154, -0.011867259085140192, -0.5994441716552947, -0.3242883813030373, 0.055303755665508214, 0.25812428617426525, 0.4433933281547729, 0.6996301476905373, 0.032243973646478005]], "inverted": true, "swapped": true, "error_lsq": 0.043189441199968266, "error_max": 0.23212624659627, "target": "979.xyz", "model": "16.xyz", "model_rescale": 3.7852294659196426, "target_rescale": 4.14263686320871},
{"mapping": [11, 6, 2, 12, 13, 5, 1, 0, 9, 8, 10, 7, 14], "R": [[0.02017048732212351, 0.8754373993075348, 0.48291045892054196], [0.9979542450160785, -0.04693766615589817, 0.04340714630365394], [0.060666929175436424, 0.4810469991482098, -0.8745932244849175]], "T": [0.00925044314409933, 0.042772677084390996, 0.09930127555402397], "aligned_model": [[-0.11764813023670596, -0.5190569661625656, 0.17406943439581185, 0.13023954309746189, -0.5787601568538921, -0.5272271140932858, -0.2818583197818845, 0.035522743012052174, 0.6948372956005794, 0.4807153110407784, -0.18799782839346052, 0.5249251705385131, 0.02600486805288053], [-0.23313601351282473, -0.48769467612419864, -0.5717746121699426, -0.6434369456190658, 0.09530029080153703, 0.1386490871443556, 0.7388883877378563, 0.2829698789340596, -0.13120005507787721, 0.6194491423043864, 0.5593878543081802, 0.4929272898172016, 0.014725995159206667], [-0.7014485611683942, 0.1585250750234965, 0.37848884928941817, -0.23019042640424692, -0.36712536570565985, 0.23641499617280837, 0.3224018002480647, 0.6511500126567938, -0.07201122567005126, -0.3545780767637227, -0.2504077318410148, 0.38737570315040504, -0.06284035184472327]], "inverted": true, "swapped": true, "error_lsq": 0.04327216638671204, "error_max": 0.23265284780730192, "target": "979.xyz", "model": "17.xyz", "model_rescale": 3.901054581598922, "target_rescale": 4.14263686320871},
{"mapping": [3, 0, 9, 12, 13, 7, 11, 2, 8, 5, 1, 4, 10, 6, 14], "R": [[0.17587224538945023, 0.0887914512618459, 0.9804004444534327], [0.6180359577492902, -0.7851437120923117, -0.03976061230442396], [0.7662248418255508, 0.6129155158296455, -0.19296129721964728]], "T": [-0.0013364916615443004, 0.00965398965554972, -0.0604726613209462], "aligned_model": [[-0.3993095789716275, -0.7258181981987634, 0.5542914433672886, 0.18010880679421162, 0.07209620316380645, -0.19916435935298535, 0.6233071056438267, -0.5180562182623455, -0.2810666731335178, 0.14769826907626246, -0.4346435597562166, 0.057818225952226646, 0.6895715713036992, 0.17490353257339972, 0.034364195262637814], [-0.2785077145177098, 0.09279033704485773, -0.33296862932855853, -0.01959839389537843, -0.6399086267297297, 0.44333183106473967, 0.34387863419856457, -0.6341732663557906, -0.16338905419529415, -0.541122431049132, 0.5394673097702275, 0.3760575011780666, 0.1368063594166386, 0.7295992575149918, 0.0008453666084178423], [0.5243231522222244, 0.1486185224605996, 0.029399248141129763, 0.6593863566833447, 0.2560368093524855, 0.4004662591799888, 0.3067401547029184, -0.10764564666859362, -0.6368626184579216, -0.31448057750306896, -0.191729584963462, -0.7589160420167703, -0.48347629194675457, 0.05929382153049008, -0.019831776038726302]], "inverted": false, "swapped": false, "error_lsq": 0.04809863714733929, "error_max": 0.3179192379188712, "target": "979.xyz", "model": "18.xyz", "model_rescale": 3.9405287249114394, "target_rescale": 4.14263686320871},
{"mapping": [7, 4, 5, 8, 9, 0, 6, 13, 14, 11, 12, 3, 2, 1, 15], "R": [[0.7303673278848906, -0.13541215286719682, -0.6694976588563665], [-0.35186222191367134, -0.9146868553460865, -0.1988490217402688], [-0.585454134111511, 0.3808037624721669, -0.7157038153725201]], "T": [-0.08943866535693276, 0.01672430063830403, -0.05354586354886667], "aligned_model": [[-0.3466846580451868, -0.6056256856493506, 0.6200214155076607, 0.24591039631879244, 0.02199627750724549, -0.058240224389757816, 0.5112120248725616, -0.5059043566386312, -0.32352360468881536, 0.11340365093297727, -0.49876679043531147, -0.04433221182015887, 0.750524202969524, 0.15020862630323273, -0.05409829728287958], [-0.34959075594484085, 0.25566577177350813, -0.32448171716270624, -0.00619052082051021, -0.6871144616948444, 0.48859199466784997, 0.30996843768503124, -0.4757564725766658, -0.16952183898627501, -0.5926387054326736, 0.31305912172310535, 0.5353917912359467, 0.11086309414059187, 0.6290580754947365, 0.01580466662265642], [0.4898355195584908, 0.40593532438972324, 0.2138629804238951, 0.6241620922305223, 0.23141570772476014, 0.4454950110980982, 0.28038538687069536, -0.24155879228199786, -0.7678676248925319, -0.3802642797027501, -0.26514742791418666, -0.7276215543436351, -0.25584650715577983, -0.10954539702422589, -0.07191865230319426]], "inverted": false, "swapped": false, "error_lsq": 0.04446099792716099, "error_max": 0.387715386344644, "target": "979.xyz", "model": "19.xyz", "model_rescale": 4.410303926677745, "target_rescale": 4.14263686320871},
{"mapping": [1, 7, 0, 10, 3, 8, 5, 4, 9, 12, 11, 6, 2, 14], "R": [[-0.37625487374704014, 0.8613257015461308, -0.34139464822645493], [-0.4636481054011357, -0.494053785240945, -0.7354871118157218], [-0.8021612707800949, -0.11844362855451651, 0.5852421742452465]], "T": [-0.0233305187624227, 0.011305613173100167, 0.07187716506202704], "aligned_model": [[-0.3385144781996675, 0.2814798029231785, 0.26931539515750197, -0.6019019772191563, 0.3070822649888553, -0.3107464457477357, -0.28201335912187137, 0.6647588144810943, 0.3321102586561498, 0.1152277698599915, -0.5308819973514776, -0.06122628412361249, 0.5298967679196783, -0.11339864276205569], [-0.0006309564280320683, -0.5031894984151836, 0.0854294115909364, -0.2070317743599208, 0.5786709500657644, -0.8076578549312294, 0.44545500508619557, -0.24642652141823676, -0.5177811307195004, 0.11400570578280672, -0.05972982660816381, 0.704823213021763, 0.2750399915077685, -0.05002824799376543], [-0.6489638913500301, -0.36849985933705764, -0.44945381400287376, -0.14184780886532822, -0.13244159031075436, -0.014911408411331456, -0.17388312752479804, -0.11050973099183733, 0.42312193450072333, 0.8231035503079719, 0.7580073402921211, 0.35755012430018507, 0.39923494928309056, 0.19630837083494004]], "inverted": true, "swapped": true, "error_lsq": 0.04389244631129282, "error_max": 0.36143785208521734, "target": "979.xyz", "model": "20.xyz", "model_rescale": 4.121658175737393, "target_rescale": 4.14263686320871},
{"mapping": [11, 12, 6, 13, 5, 9, 2, 10, 4, 0, 3, 1, 14], "R": [[-0.3537501552721338, 0.926853589199279, 0.12571098533284852], [0.4989704015587992, 0.07332112018828385, 0.8635117553933971], [0.7911316995375625, 0.36819347838161076, -0.4884098652403107]], "T": [0.03380274625039335, -0.11427518868851899, -0.035194493702640925], "aligned_model": [[0.2874643677410963, -0.23559874886407928, 0.2646998537415753, 0.7096282539014089, 0.49222088079064363, -0.5733786002704584, -0.4368863533887619, 0.5164193182946457, -0.6319948088662759, -0.06851783470355662, 0.010015933924958337, 0.48768241216214553, 0.059328230200953014], [-0.45741608033913045, -0.035897834496848635, 0.4683056984140798, -0.17504331887951416, 0.19282933610199915, -0.4766695471913344, 0.324240670336391, -0.5333983429104847, -0.04076217126640955, 0.12563466198683282, 0.5561416549383171, -0.18772679648139662, -0.2194110260493181], [0.7073277381154129, 0.6826958983752188, 0.3786869213270763, 0.28982326758271154, -0.14168511575515458, 0.13698261928074784, 0.22736023354458346, -0.1748781999787497, -0.3879936085638323, -0.5782375126439221, -0.18618333538143028, -0.6737031849309665, 0.08991401851009358]], "inverted": false, "swapped": true, "error_lsq": 0.056668879686528645, "error_max": 0.2862701578177224, "target": "979.xyz", "model": "21.xyz", "model_rescale": 4.08911054899281, "target_rescale": 4.14263686320871},
{"mapping": [8, 1, 10, 6, 5, 0, 7, 11, 15, 9, 2, 3, 12, 4, 16], "R": [[0.820778463785268, 0.31235037359274787, -0.4782885713695935], [0.26948388616876695, -0.9499666863882653, -0.15792950911048442], [-0.5036875504533291, 0.0007340769512791667, -0.8638855900229816]], "T": [0.006500343585249698, 0.008054029541332284, -0.0543002542181068], "aligned_model": [[-0.3369492753587434, -0.7292859433651974, 0.6445133769866863, 0.1543204501901403, 0.1175071120056397, -0.032972468368871466, 0.5941068275682798, -0.5501951079430089, -0.5075610648146491, 0.3210554500309412, -0.5014707413687048, 0.18724788398283082, 0.6635202298958905, -0.06852916715577627, 0.02079320317644542], [-0.31198913414948565, 0.1353628785744505, -0.4104785771573695, -0.01826695328457558, -0.6695668389047519, 0.5716468173076519, 0.21742344898157862, -0.5167316724828581, -0.13886896685297226, -0.5442747461972599, 0.43389962388501935, 0.5609513881293697, -0.00504369777823487, 0.6975735767433074, 0.051471333911040675], [0.4559709978450205, 0.21478965298685826, 0.2081978134982555, 0.67578230994691, 0.10767662672298495, 0.4756850897995343, 0.2872831970698456, -0.03015131102852292, -0.5499427861083845, -0.3760697680980986, -0.3404378714620251, -0.6992139389861335, -0.39063762140394287, -0.12658823670554673, -0.04102236739887041]], "inverted": false, "swapped": false, "error_lsq": 0.03438970223416036, "error_max": 0.2046692896638826, "target": "979.xyz", "model": "22.xyz", "model_rescale": 4.204369325754507, "target_rescale": 4.14263686320871},
{"mapping": [7, 4, 5, 8, 9, 0, 6, 13, 14, 11, 12, 3, 2, 1, 15], "R": [[0.7303673278848906, -0.13541215286719682, -0.6694976588563665], [-0.35186222191367134, -0.9146868553460865, -0.1988490217402688], [-0.585454134111511, 0.3808037624721669, -0.7157038153725201]], "T": [-0.08943866535693276, 0.01672430063830403, -0.05354586354886667], "aligned_model": [[-0.3466846580451868, -0.6056256856493506, 0.6200214155076607, 0.24591039631879244, 0.02199627750724549, -0.058240224389757816, 0.5112120248725616, -0.5059043566386312, -0.32352360468881536, 0.11340365093297727, -0.49876679043531147, -0.04433221182015887, 0.750524202969524, 0.15020862630323273, -0.05409829728287958], [-0.34959075594484085, 0.25566577177350813, -0.32448171716270624, -0.00619052082051021, -0.6871144616948444, 0.48859199466784997, 0.30996843768503124, -0.4757564725766658, -0.16952183898627501, -0.5926387054326736, 0.31305912172310535, 0.5353917912359467, 0.11086309414059187, 0.6290580754947365, 0.01580466662265642], [0.4898355195584908, 0.40593532438972324, 0.2138629804238951, 0.6241620922305223, 0.23141570772476014, 0.4454950110980982, 0.28038538687069536, -0.24155879228199786, -0.7678676248925319, -0.3802642797027501, -0.26514742791418666, -0.7276215543436351, -0.25584650715577983, -0.10954539702422589, -0.07191865230319426]], "inverted": false, "swapped": false, "error_lsq": 0.04446099792716099, "error_max": 0.387715386344644, "target": "979.xyz", "model": "23.xyz", "model_rescale": 4.410303926677745, "target_rescale": 4.14263686320871},
{"mapping": [6, 12, 9, 15, 14, 5, 4, 13, 7, 11, 0, 3, 10, 2, 16], "R": [[-0.386177582020482, 0.8015273110365804, -0.4565313185393563], [0.6430098827191899, 0.5887717878039843, 0.48978165810037677], [0.6613661360171595, -0.1044114531484427, -0.742760447641878]], "T": [0.054557394742176864, -0.08015893989326309, -0.053617406863603084], "aligned_model": [[-0.3781429800983968, -0.6742798071543279, 0.5688892771983444, 0.2754897530723492, 0.04387800287708838, -0.08873116101074746, 0.40070723792766805, -0.517497038893576, -0.39979618862180216, 0.22722681120256494, -0.4118798331899283, 0.2613997459634807, 0.643952934121675, -0.04473476811280077, 0.06961878018031198], [-0.26235931898685383, 0.1975351165646085, -0.40153435269058657, -0.2578627022482385, -0.6966653363748638, 0.3176427086112502, 0.4978833939574213, -0.4711295051417236, -0.21821767288774954, -0.5770406509285344, 0.45145898862970035, 0.6579787131839627, -0.019556283186488242, 0.8265310244114049, 0.008444357811601466], [0.544271794603338, 0.1409543766080598, 0.10322819354274984, 0.6013058380455268, 0.2255882587331017, 0.4120265254121922, 0.08756233435398222, 0.0650517378038895, -0.5188415509173773, -0.40577550270786045, -0.3185787277354135, -0.5243827746265148, -0.3232915851514887, -0.0844123123377373, -0.13338481894856385]], "inverted": true, "swapped": false, "error_lsq": 0.04132439734132543, "error_max": 0.29164373579439623, "target": "979.xyz", "model": "24.xyz", "model_rescale": 4.28219845311461, "target_rescale": 4.14263686320871},
{"mapping": [9, 5, 13, 12, 7, 11, 14, 3, 1, 4, 8, 6, 2, 10, 15], "R": [[0.5201720860769903, 0.8493369818848368, 0.0897089297064052], [-0.7840615555802178, 0.43324991722824996, 0.4444569566142977], [0.3386273437385725, -0.3015314252685301, 0.8912969884657346]], "T": [0.02495618331446493, -0.05434654537924478, -0.023754634789733425], "aligned_model": [[-0.3090089655160147, -0.7703194703625221, 0.4906190302771176, 0.3277503265036913, 0.086020797605002, -0.07206225606986748, 0.531122076779313, -0.5050044580016226, -0.4672052615937623, 0.13120843366910645, -0.3661369672585229, 0.22589813708801915, 0.6425409622748366, -0.011860257081990035, 0.04253863714911868], [-0.320438410656537, 0.22081947122096746, -0.3195812664567021, 0.080788838398266, -0.7895368027740406, 0.2912148074219995, 0.4907543342490438, -0.5939883170211963, -0.09917303552598827, -0.6218253631984876, 0.45456734088519246, 0.5890525231650984, -0.005812639850524166, 0.7363614940019104, -0.060094493134091195], [0.5002072745879966, 0.10701607634679818, 0.2326144597411889, 0.6650661221090634, 0.22385878177638638, 0.3856984701175283, 0.1399699638997337, -0.19100839951507972, -0.4307498396431089, -0.47244921203216145, -0.288327613135871, -0.6219662234195092, -0.31532542413344916, 0.03219324276091297, -0.0954758927825451]], "inverted": false, "swapped": false, "error_lsq": 0.039842149681194726, "error_max": 0.24641098476412598, "target": "979.xyz", "model": "25.xyz", "model_rescale": 4.100010024507729, "target_rescale": 4.14263686320871},
{"mapping": [0, 7, 9, 8, 6, 12, 2, 11, 10, 13, 5, 14], "R": [[-0.03673183828182293, -0.01787223662609, -0.9991653292695953], [0.7934911322358031, 0.6072636865229598, -0.04003296258944089], [0.6074722998784235, -0.7942993127206679, -0.008124450251762616]], "T": [-0.11080564136983174, -0.011692680694922929, -0.017891188354066067], "aligned_model": [[-0.5549437471677023, -0.06651029672104002, 0.36530216103179575, 0.5617866464909276, -0.46749459350184525, 0.1795787376177561, -0.3181929298032794, 0.49511360784501146, 0.13351038129645326, 0.002542461735426174, -0.48919318525595806, 0.035266358795461514], [-0.41560702045181896, -0.7350770507459019, -0.17709285833067454, -0.529647981409332, 0.649201922480542, 0.5706745213325964, 0.26451824512289995, 0.5659867581085151, -0.1697188760978645, 0.4339810339564859, 0.14724806953898173, 0.061664626546210306], [0.03227361280884258, 0.14427986726716677, 0.5070925814933367, -0.21834880091072062, -0.01965325888539263, 0.39516104163668736, 0.5849996881654088, -0.19838352586122548, -0.6039218312821844, -0.613371309920571, -0.4017679033996814, -0.04316787125731026]], "inverted": false, "swapped": true, "error_lsq": 0.04853757863372909, "error_max": 0.2524340676745732, "target": "979.xyz", "model": "26.xyz", "model_rescale": 3.6694154284099745, "target_rescale": 4.14263686320871},
