[{"mapping": [10, 9, 5, 7, 0, 3, 1, 8, 6, 2, 11], "R": [[-0.1653939619885268, -0.9723263734074199, 0.16500382090761623], [-0.4178349704016016, -0.08246566923868515, -0.9047725409772938], [0.8933413540451548, -0.21858828187574636, -0.3926326376899645]], "T": [-0.16339486829781968, 0.04202372454346598, 0.01759093550231254], "aligned_model": [[-0.17509710331632997, -0.47389802028622974, 0.4807455316956416, 0.5648288758354594, 0.1035432875151776, -0.8068920257985362, 0.45430445770964134, -0.423017531100679, 0.09026860440631712, -0.021760999020980748, -0.11820746970394813], [-0.06160840336752513, -0.4631338573623917, 0.3450440615407433, -0.40487412088898983, 0.5991698547667563, 0.07472269707168647, 0.03727420337100191, -0.2153539552616099, -0.6045458507429962, 0.4096687784408696, 0.0934719040331152], [-0.6538886142421874, -0.11567584383993103, -0.4089628746931058, -0.3905460563207149, 0.05111114656772538, -0.22505015803095946, 0.36444183173514016, 0.5366827323827088, 0.22436887045795084, 0.7201058513616626, 0.005614303103271644]], "inverted": false, "swapped": false, "error_lsq": 0.0560897319378193, "error_max": 0.2700604220863185, "target": "98.xyz", "model": "0.xyz", "model_rescale": 3.751011558992144, "target_rescale": 3.8411329471750593},
{"mapping": [11, 10, 12, 13, 7, 6, 0, 4, 8, 1, 14], "R": [[-0.19339703255739044, 0.7956070240022552, -0.5741141447101529], [0.85855779422836, -0.14596921808152957, -0.4914992383945268], [-0.47484323915133164, -0.5879646679273692, -0.6548445979782758]], "T": [0.0774203915937311, -0.14002999967479948, 0.015813438919690052], "aligned_model": [[-0.3270524649790804, -0.5683321981166383, 0.32714625577740897, 0.6498535207331868, 0.07621501488268353, -0.48074287493105056, 0.4928344683939437, -0.532483804492556, 0.08993895976798917, -0.13584504883596593, 0.0832857797356123], [0.11092418738082135, -0.573603527603426, 0.2555637447716448, -0.3871713031094972, 0.5219894563421971, 0.3574021582485236, 0.3030091204884293, -0.38001850484084987, -0.5411582692380008, 0.274105004627909, -0.13120675546709135], [-0.6246197685436318, -0.24393901417890257, -0.5613500441505469, -0.356669697746641, -0.021680703545347936, -0.0530397486337729, 0.4704033654476591, 0.4585281991144597, 0.5443563879294852, 0.5341720016591889, -0.037959788870388846]], "inverted": false, "swapped": false, "error_lsq": 0.04726100460860312, "error_max": 0.24920599699251028, "target": "98.xyz", "model": "1.xyz", "model_rescale": 3.9405287249114394, "target_rescale": 3.8411329471750593},
{"mapping": [0, 6, 5, 11, 2, 1, 8, 7, 3, 4, 12], "R": [[-0.5828787292678921, -0.8032940832904765, 0.12235604896187519], [-0.26787661845792066, 0.04780372488267898, -0.9622665541163171], [0.7671339545676474, -0.5936610309240911, -0.24304747707299584]], "T": [0.036157541927042625, -0.04804964102302821, 0.049853367527824495], "aligned_model": [[-0.3379267302856021, -0.1885022651329261, 0.3540610773553801, 0.4465945326003233, 0.05998247708795702, -0.6134722081762882, 0.563353627723304, -0.5562890662721254, 0.04963098160547281, -0.13991715598671176, 0.03730233741674936], [-0.018455935384618996, -0.47570488598144345, 0.20692369594667126, -0.4253155667303883, 0.569125174082569, 0.4043039239478813, 0.16057219276476742, -0.4492300974478025, -0.4294507217389891, 0.22710388890878486, 0.039963643233228666], [-0.6998900273384472, -0.19913389307150664, -0.5518128355893598, -0.39379760680268744, -0.23771792378193218, 0.025691985177905573, 0.5782764818007347, 0.3918637635280814, 0.47547216483454596, 0.6703241223611635, 0.04892495736306321]], "inverted": false, "swapped": false, "error_lsq": 0.05548182935679046, "error_max": 0.3100991391853871, "target": "98.xyz", "model": "2.xyz", "model_rescale": 3.932901565614263, "target_rescale": 3.8411329471750593},
{"mapping": [5, 7, 6, 2, 10, 9, 1, 8, 3, 11, 13], "R": [[-0.5041185100047874, 0.10426428290243842, 0.8573176116127523], [-0.8392001828496827, 0.17532062437133028, -0.5147870742113738], [-0.20397936409257855, -0.9789747892468363, -0.0008837666547666378]], "T": [-0.0032869465156303047, -0.11405209867549115, 0.029503558548118813], "aligned_model": [[-0.255882741139986, -0.46628265970921867, 0.28232823661935996, 0.7041301645397193, 0.1856941549397181, -0.6906722784225384, 0.6887506107052556, -0.5775427520139672, -0.01469273669764887, -0.16102253870110544, -0.019989852184055443], [0.03164228974018318, -0.5898478374937626, 0.25950039988847917, -0.23718801812142132, 0.5734836598970946, 0.043523693476452574, -0.011645874221177355, -0.1932589105343416, -0.4226231350540164, 0.3790520056565284, -0.022802961633358265], [-0.6275871470450587, -0.23316720844714134, -0.4660514420937268, -0.3931055155459054, 0.09825066232693164, -0.17656491210123296, 0.2731541393003827, 0.47977378445532004, 0.43612291561296107, 0.757292349074768, -0.03991643705573747]], "inverted": true, "swapped": false, "error_lsq": 0.055831634306423246, "error_max": 0.3217294664394188, "target": "98.xyz", "model": "3.xyz", "model_rescale": 3.9243930471874484, "target_rescale": 3.8411329471750593},
{"mapping": [8, 10, 7, 2, 1, 9, 0, 6, 3, 5, 12], "R": [[-0.4949910175484614, 0.3674576855427425, 0.7873745880341262], [0.6909113310643193, -0.38305502154143717, 0.6131153097736345], [0.5269017224808338, 0.8474925957242695, -0.06427188373830661]], "T": [-0.1948986396053897, -0.0569279258479583, -0.04553167655139622], "aligned_model": [[-0.37465426963722886, -0.6108089401314483, 0.384680622124039, 0.7139065617502459, 0.13763857790151332, -0.6468816397737296, 0.5042572186882633, -0.36139546831629416, 0.14233364474033586, -0.06903174315837046, -0.14522695625179247], [-0.014549084215861353, -0.5965018985699561, 0.1739718712172305, -0.20496269083352464, 0.5742645097313808, 0.44040669363581597, 0.09619408524669612, -0.35009002439616305, -0.5730071480105284, 0.2661359176430862, -0.002026919847516011], [-0.6473857420606405, -0.22720795292295987, -0.5492100679884339, -0.1036118337325616, -0.011247449526809651, -0.2601407061811641, 0.41387782366881654, 0.5931006940192907, 0.22444979172321378, 0.6278258638255363, 0.047750767657273034]], "inverted": true, "swapped": false, "error_lsq": 0.04990058400419542, "error_max": 0.27562480322577476, "target": "98.xyz", "model": "4.xyz", "model_rescale": 3.8936222436046832, "target_rescale": 3.8411329471750593},
{"mapping": [4, 1, 7, 6, 10, 2, 8, 0, 9, 3, 11], "R": [[-0.4746183032295129, -0.12382483130761432, -0.8714383956374538], [-0.2956648594007004, -0.9100989286833996, 0.2903484646504836], [-0.8290474999389978, 0.39545840636022633, 0.3953389579638312]], "T": [0.046423494228098244, 2.6407729007679737e-05, -0.011351501357001836], "aligned_model": [[-0.3581545604542601, -0.4304546767075902, 0.5570269008861222, 0.48578179311041236, 0.00767677349161193, -0.6577344483144941, 0.5309652835363247, -0.5512308947242048, 0.23894957282261467, -0.14364874979121128, -0.004359385919792166], [0.2656886936248862, -0.6243557993246323, 0.1899950929914817, -0.572075476948417, 0.6247443710169355, 0.24754852988872372, 0.280066245286768, -0.33231297881323746, -0.4173344779210192, 0.20185055880675473, -0.05397944700758382], [-0.6409265536175455, -0.17210857510775915, -0.3619846246025434, -0.3493934319802508, -0.09906442778530444, -0.01862170904706454, 0.4709966821426664, 0.5499666548572746, 0.4019033159309532, 0.4920584572417525, -0.16462459955061787]], "inverted": true, "swapped": false, "error_lsq": 0.05204549108331489, "error_max": 0.27753868997675935, "target": "98.xyz", "model": "5.xyz", "model_rescale": 3.6523030999806103, "target_rescale": 3.8411329471750593},
{"mapping": [9, 11, 8, 5, 6, 10, 1, 4, 3, 2, 12], "R": [[0.5219383014726917, 0.5877919991653155, -0.6181269895199881], [0.6677644247819772, -0.7324563145005101, -0.1326590379277851], [-0.5307269377480259, -0.3435233806680005, -0.7748035909074191]], "T": [0.03161383260939035, -0.04666661479017883, -0.022978126302104725], "aligned_model": [[-0.300061898684688, -0.6249115763666767, 0.3417431510597039, 0.6348254439094562, 0.04597375286671694, -0.6272370251344012, 0.5156979258458805, -0.41008168408158663, 0.11612075822150791, -0.10499632229329595, 0.08774508259291593], [-0.052201001492929576, -0.6151334031840838, 0.28214594790100256, -0.24826426930938605, 0.6030505670530069, 0.3639342993069498, 0.14651590132808165, -0.146562246872051, -0.5893092871640105, 0.20122380946706978, -0.13556500543298952], [-0.6653358576442321, -0.1657678353252205, -0.5223829792225513, -0.2666944935651118, -0.006071370845727807, -0.10040860001798696, 0.4360621465880479, 0.32923989588439784, 0.4025077284457989, 0.6813652823758948, -0.014312728191748243]], "inverted": true, "swapped": false, "error_lsq": 0.050857054277444094, "error_max": 0.3454818413510638, "target": "98.xyz", "model": "6.xyz", "model_rescale": 4.08911054899281, "target_rescale": 3.8411329471750593},
{"mapping": [8, 3, 10, 5, 11, 9, 13, 0, 6, 1, 14], "R": [[0.46677430886657184, 0.8642136660329128, 0.18776710048378342], [0.07569495594101205, -0.2505776484068671, 0.9651326933453102], [0.881131101611572, -0.4362861235024985, -0.18237982402650807]], "T": [0.1318216582387888, -0.06132200092990415, 0.018489697761058015], "aligned_model": [[-0.23715444381574693, -0.50426698027499, 0.3573554874898549, 0.6802599571000392, 0.1575965264388436, -0.5677671181965095, 0.5596165742050538, -0.5708597959882289, 0.010391382923704812, -0.21966836798853304, 0.009314386042044764], [-0.0067945280909921454, -0.5180233906520378, 0.24911204580639146, -0.4090932836448483, 0.5193064533183559, 0.2877539505174245, 0.28804738175184674, -0.43040550932143984, -0.5011487801254185, 0.2814252246677068, 0.049655747373671406], [-0.5525027401078041, -0.09669068618226995, -0.591461196157675, -0.37997209067581095, -0.06359146477762978, -0.03877138775689945, 0.49893435291876903, 0.5231403896487116, 0.22085090697092236, 0.5633980934233491, 0.02486701117789821]], "inverted": false, "swapped": false, "error_lsq": 0.03689678972130176, "error_max": 0.20170737408323205, "target": "98.xyz", "model": "7.xyz", "model_rescale": 3.964800864290218, "target_rescale": 3.8411329471750593},
{"mapping": [7, 4, 1, 0, 8, 12, 5, 11, 6, 10, 13], "R": [[-0.5626410677898115, -0.6679575217921965, -0.4871014041424726], [0.33959168994870215, -0.7239452849859108, 0.6004837287258109], [-0.7537323881551898, 0.17244121731156964, 0.634154171805231]], "T": [0.020596975331258986, -0.10553735632332895, -0.015712953462598378], "aligned_model": [[-0.17042069379459013, -0.4528328113188512, 0.43395404215250194, 0.5356043328404997, -0.0053018537478763915, -0.6738387211818094, 0.5390228312600706, -0.605429673518793, -0.019034089896329386, 0.07319773814569658, 0.019896506995013993], [0.2584375669715965, -0.6170964839715016, 0.19206848185542025, -0.5285091956962047, 0.6625976611224177, 0.13342956744331488, 0.43135414593878607, -0.31349589731122957, -0.6125512392653627, 0.23594629385263044, -0.0323455893392067], [-0.5969940130679272, -0.11196725750202272, -0.5667906172843662, -0.27843260885902793, 0.0031398190983064067, -0.19271241685863832, 0.36118606440769174, 0.486260357235727, 0.26334281937055226, 0.7297775491067329, 0.011391492834532647]], "inverted": false, "swapped": false, "error_lsq": 0.047660629591984575, "error_max": 0.22413696869773564, "target": "98.xyz", "model": "8.xyz", "model_rescale": 4.121658175737393, "target_rescale": 3.8411329471750593},
{"mapping": [8, 11, 6, 9, 1, 2, 4, 10, 5, 0, 12], "R": [[0.4623376862092795, 0.8382339262319737, -0.28915004552028023], [0.02329811929593656, 0.3144989188306673, 0.9489718792944362], [0.8863978009606761, -0.4454821152056182, 0.1258754284362369]], "T": [-0.10837233019676941, -0.11749445213497234, -0.04063720425192084], "aligned_model": [[-0.30706315597673656, -0.5766025416657462, 0.2816343152727872, 0.680518326579423, 0.07693722663111201, -0.5061892990341874, 0.5969809246023907, -0.499233888031534, 0.13138412854861536, -0.1237620605796317, -0.07978636841095897], [-0.030236464556757048, -0.5016988950263033, 0.15694076877272622, -0.3039067435607745, 0.5364602843574129, 0.44225437354725217, 0.22061824148497777, -0.4857112819177891, -0.45021219935717355, 0.2611228133747117, -0.03579558551762334], [-0.7359510449612615, -0.23084627260509727, -0.5433917926038316, -0.23061564063762452, 0.07309619665106788, -0.14441274236791982, 0.3792252852324551, 0.49613503745496745, 0.4214598066116343, 0.6487366896394785, -0.025234333932307493]], "inverted": true, "swapped": false, "error_lsq": 0.04464480731212407, "error_max": 0.2638122374702932, "target": "98.xyz", "model": "9.xyz", "model_rescale": 3.833441315466971, "target_rescale": 3.8411329471750593},
{"mapping": [3, 5, 9, 8, 7, 4, 11, 1, 0, 12, 14], "R": [[-0.6475983194199219, -0.31917028541147163, -0.6919152734221531], [-0.17323287556114159, -0.8225996512341324, 0.5415904214573056], [-0.7420288319932798, 0.47059551920927134, 0.4774233653591383]], "T": [-0.03017249854080608, -0.06434500993908458, 0.09230190751560052], "aligned_model": [[-0.2410556249858113, -0.4974855255811996, 0.3638427595267022, 0.7011749269706564, 0.20784523565969001, -0.734658360290229, 0.4949968542380996, -0.4997848130199073, -0.079072702628837, -0.028290736482196953, -0.012694405471433759], [0.32151866440647797, -0.4988349748139615, 0.04891363334821687, -0.1541716378194753, 0.5160903625365397, 0.18711322892118049, 0.31698604964573385, -0.332950078230766, -0.6644604238722434, 0.10467674658710686, -0.03504625910814954], [-0.6566703092915074, -0.1319127366278706, -0.6075799272704077, -0.16190565039354943, -0.13210021673228023, -0.18406922844961882, 0.3023515562686409, 0.5952179286279011, 0.4105678681580302, 0.6706168408375133, 0.003685063354709389]], "inverted": true, "swapped": false, "error_lsq": 0.05081597765250612, "error_max": 0.2481877121386419, "target": "98.xyz", "model": "10.xyz", "model_rescale": 4.2482417240324, "target_rescale": 3.8411329471750593},
{"mapping": [7, 5, 3, 2, 8, 9, 1, 4, 6, 0, 11], "R": [[-0.28660779914122053, 0.8571067891359626, -0.42804663471223137], [0.07363164137519013, 0.4651755271530031, 0.8821508432951369], [0.9552142957786076, 0.22131353540840293, -0.19643311376957917]], "T": [0.008229106490042822, 0.016872917432105602, 0.043093764183758265], "aligned_model": [[-0.21695354881289503, -0.4346199887460942, 0.44944551883221623, 0.5575409222827415, 0.09772954331492062, -0.7487726341123131, 0.6147612529032722, -0.6530395072503958, 0.05937546875148278, 0.06565041172141994, -0.11629983094882201], [0.04225924320781767, -0.5510221811920379, 0.30887014133642227, -0.4027826107088508, 0.6079152133620735, 0.26355947516087047, 0.25469416097329284, -0.38831175105860727, -0.5509870550810421, 0.22553186192171853, 0.00010881367900276301], [-0.5950320485755123, -0.17036819057338143, -0.57183495133034, -0.22129809105376724, -0.09660772179546254, -0.16999074745385992, 0.31641841591880754, 0.44854263288869817, 0.3519646747398755, 0.7690439790909913, 0.04736323662551173]], "inverted": true, "swapped": false, "error_lsq": 0.035426911743215356, "error_max": 0.17042656828237973, "target": "98.xyz", "model": "11.xyz", "model_rescale": 3.6694154284099745, "target_rescale": 3.8411329471750593},
{"mapping": [1, 12, 3, 8, 4, 0, 11, 5, 10, 6, 13], "R": [[-0.648286767454901, -0.4722560686692505, -0.5972423902804784], [-0.7567146403776905, 0.48647933626955353, 0.43671593561581556], [0.08430433073655014, 0.7350592227758243, -0.6727411975130285]], "T": [-0.006166981994240189, -0.13400425743876498, 0.11859726958521084], "aligned_model": [[-0.2574014455221825, -0.4888565276788625, 0.37829891108620933, 0.6893805614166826, 0.10484542807560897, -0.5630182756237145, 0.5579561888646246, -0.6435799635958492, 0.10073428152336354, -0.12190051423037127, -0.081641036379976], [0.049817251880486246, -0.5562874809608119, 0.22666587996910925, -0.2037132711412804, 0.5537589734610109, 0.3004923366110748, 0.22796616540476378, -0.2015770486368164, -0.7600669205689417, 0.22814781001960754, -0.05536838443754194], [-0.6685268573153571, -0.106027265773442, -0.5621023188114314, -0.17114765198330034, -0.13107578219066118, 0.009660540390104125, 0.4280663471902137, 0.6020322716818038, 0.1064956580754541, 0.5372934159795201, 0.06353283123865716]], "inverted": true, "swapped": false, "error_lsq": 0.04437562235843453, "error_max": 0.31929978844246887, "target": "98.xyz", "model": "12.xyz", "model_rescale": 3.9764082729961374, "target_rescale": 3.8411329471750593},
{"mapping": [11, 3, 13, 6, 12, 8, 5, 7, 4, 0, 15], "R": [[0.9990338611639971, 0.04258048400673503, -0.010874126608961622], [0.04219004032965948, -0.9985338721391026, -0.033913222906001725], [-0.012302225194543142, 0.0334216781841163, -0.9993656221236651]], "T": [-0.028869894278745867, 0.12230262041626286, 0.004801043401695271], "aligned_model": [[-0.3699856546584525, -0.5604610912384758, 0.3073770598366802, 0.5615255797930093, 0.21595282468300328, -0.7058389871005094, 0.6500745164506561, -0.4443527300029501, 0.17828315828917998, -0.1156887389931785, -0.042068329123429386], [0.042615098998557574, -0.4750261277612311, 0.1895891525869613, -0.3184615311670266, 0.6835401568809338, 0.14819063820084313, 0.13417723846738802, -0.3079421187466451, -0.40706798454663196, 0.10445548104318328, 0.015765307644327334], [-0.707824128550775, -0.25797759581626184, -0.5020431679921402, -0.19723596452972844, -0.17488701655642114, -0.1969301999589021, 0.4964486676410109, 0.4666421162440805, 0.44379773723006216, 0.7253923986932436, 0.012818342077392485]], "inverted": false, "swapped": false, "error_lsq": 0.043915493632703875, "error_max": 0.21698698898511254, "target": "98.xyz", "model": "13.xyz", "model_rescale": 4.170626492500431, "target_rescale": 3.8411329471750593},
{"mapping": [8, 12, 0, 1, 2, 4, 3, 5, 11, 6, 13], "R": [[0.32373447348066225, 0.9446947598490115, 0.052419475331373866], [0.0876437762500129, -0.08510700941266452, 0.992509629894577], [0.9420799112415231, -0.31671534169132176, -0.11034868903848916]], "T": [0.05489380469531416, -0.05670931049350085, -0.10442189974636175], "aligned_model": [[-0.38877851483115655, -0.5890727613593733, 0.33826763818606154, 0.7794777949965394, 0.1166897232172661, -0.5298879181008229, 0.5391091131013812, -0.5697229912285829, 0.08525525939901854, -0.13253345587293267, 0.026013720428134723], [-0.15672205227257607, -0.40428750760016813, 0.28096901747813924, -0.1487440859437102, 0.590259758897968, 0.32105007086972026, 0.05664675614536628, -0.27989024518368766, -0.5025233836190443, 0.1465532962017681, -0.09347631337311559], [-0.6915408120399078, -0.11865495584775285, -0.5063311231276099, -0.3438422643821411, -0.0017357032976207665, -0.240036489922636, 0.37323858814358873, 0.5178834569691383, 0.44328937948990976, 0.6899612582733774, -0.014030145776785435]], "inverted": true, "swapped": false, "error_lsq": 0.05443478929566201, "error_max": 0.2669216174456263, "target": "98.xyz", "model": "14.xyz", "model_rescale": 3.9786697098870705, "target_rescale": 3.8411329471750593},
{"mapping": [1, 9, 10, 7, 4, 0, 5, 3, 8, 2, 11], "R": [[-0.06645594747303002, -0.8631650082102205, -0.5005294952816587], [0.19842015603934546, -0.5030520480454543, 0.8411706596372677], [-0.9778614670405945, -0.04341434738337324, 0.20470013609788365]], "T": [-0.028784047440060457, -0.07903237400256224, -0.09568126146162444], "aligned_model": [[-0.20896379068836823, -0.40258186406611407, 0.47764952461673826, 0.516712844599817, 0.1247091382723345, -0.6602889140539798, 0.58872507495879, -0.6050943427740306, 0.11904593163027798, -0.20397042952840053, -0.07112556503153156], [0.17574921535155108, -0.5748408639643624, 0.3187982835959712, -0.39189847924050336, 0.5067233967397077, 0.20199790662106154, 0.07222025153953279, -0.39861589017140964, -0.27422490398625815, 0.3211103268169969, -0.14718393170162777], [-0.6984197564505441, -0.05251412562173623, -0.6225368331939509, -0.2992099974149834, -0.004880660840608508, -0.018033525536572934, 0.3946907552264935, 0.5453195591212244, 0.3650510898537807, 0.6546806290809722, -0.15594594574251397]], "inverted": true, "swapped": false, "error_lsq": 0.04940615625431599, "error_max": 0.25376766235592746, "target": "98.xyz", "model": "15.xyz", "model_rescale": 3.769337070930944, "target_rescale": 3.8411329471750593},
{"mapping": [8, 6, 9, 7, 3, 2, 1, 4, 5, 0, 10], "R": [[-0.29004817166943786, -0.8690656812263291, 0.4007454301995631], [-0.9510678652607663, 0.3083568389239555, -0.019646260640514446], [-0.10649870318245924, -0.38683446279182826, -0.9159787795669789]], "T": [0.0248089347565178, -0.04114347463164872, 0.008749819772568666], "aligned_model": [[-0.23986215375031283, -0.507857296335661, 0.33451853986941066, 0.5643359716383295, -0.042350213453029806, -0.6130635766055079, 0.699446445430547, -0.5276547569756173, 0.16159230537729796, -0.13114304154371215, -0.02314461571621099], [-0.03529021605788292, -0.5013761933305344, 0.4554361629271362, -0.4832683380685413, 0.6369952711805728, 0.3219683194888915, 0.09988892320420475, -0.35215920854215843, -0.5617974491129294, 0.2319640568181178, -0.0025260169062161705], [-0.692255648122875, -0.18087997849905404, -0.5554029139574822, -0.14800694591127522, -0.11397315670979119, -0.07953575348128447, 0.41630661133986546, 0.462716346198572, 0.4090755245391126, 0.5731622327963429, 0.016994870289430128]], "inverted": false, "swapped": false, "error_lsq": 0.04708560388674235, "error_max": 0.27225044558858214, "target": "98.xyz", "model": "16.xyz", "model_rescale": 3.7852294659196426, "target_rescale": 3.8411329471750593},
{"mapping": [0, 4, 9, 10, 8, 3, 11, 1, 5, 2, 12], "R": [[-0.35099780894860955, -0.904475801588828, -0.2423304818909966], [-0.9345953310708349, 0.3543490611679493, 0.031117679701250872], [0.057724390459078095, 0.23740317434617456, -0.9696946053044163]], "T": [-0.013886553869440727, -0.04179357713130474, 0.09767416356603603], "aligned_model": [[-0.28030548429936164, -0.2922515672126211, 0.46727039355764916, 0.5550022510350794, 0.10055865341910923, -0.7255339810497692, 0.575926466998346, -0.5402896822129344, -0.10501969475757585, -0.14748223630824098, 0.06694248876585239], [0.01904480232163882, -0.5958732764823925, 0.30738957823528545, -0.43306683755069164, 0.5717760818827465, 0.3071738315382365, 0.3086335332931427, -0.2605174733590803, -0.6637142991493633, 0.28306746429554985, -0.03407809342441185], [-0.5276791772204652, -0.24480983781658833, -0.5298773494292861, -0.31768813445128447, -0.08844536608770873, 0.03229023406772111, 0.357006990504049, 0.48408554789133523, 0.2903354640827277, 0.5983781863450024, 0.054604630596057774]], "inverted": true, "swapped": false, "error_lsq": 0.04454529304590638, "error_max": 0.22043810392488766, "target": "98.xyz", "model": "17.xyz", "model_rescale": 3.901054581598922, "target_rescale": 3.8411329471750593},
{"mapping": [11, 10, 12, 13, 7, 6, 0, 4, 8, 1, 14], "R": [[-0.19339703255739044, 0.7956070240022552, -0.5741141447101529], [0.85855779422836, -0.14596921808152957, -0.4914992383945268], [-0.47484323915133164, -0.5879646679273692, -0.6548445979782758]], "T": [0.0774203915937311, -0.14002999967479948, 0.015813438919690052], "aligned_model": [[-0.3270524649790804, -0.5683321981166383, 0.32714625577740897, 0.6498535207331868, 0.07621501488268353, -0.48074287493105056, 0.4928344683939437, -0.532483804492556, 0.08993895976798917, -0.13584504883596593, 0.0832857797356123], [0.11092418738082135, -0.573603527603426, 0.2555637447716448, -0.3871713031094972, 0.5219894563421971, 0.3574021582485236, 0.3030091204884293, -0.38001850484084987, -0.5411582692380008, 0.274105004627909, -0.13120675546709135], [-0.6246197685436318, -0.24393901417890257, -0.5613500441505469, -0.356669697746641, -0.021680703545347936, -0.0530397486337729, 0.4704033654476591, 0.4585281991144597, 0.5443563879294852, 0.5341720016591889, -0.037959788870388846]], "inverted": false, "swapped": false, "error_lsq": 0.04726100460860312, "error_max": 0.24920599699251028, "target": "98.xyz", "model": "18.xyz", "model_rescale": 3.9405287249114394, "target_rescale": 3.8411329471750593},
{"mapping": [2, 3, 6, 0, 5, 10, 7, 14, 12, 13, 15], "R": [[0.7798156037035934, -0.2499964397536086, 0.5739245632754543], [-0.520886808847236, -0.7676381564489054, 0.3733746016170211], [0.3472240725948356, -0.5901130746511608, -0.728836060123544]], "T": [0.08417692604558526, -0.04604876530036165, 0.11251427334110982], "aligned_model": [[-0.27958013691620576, -0.4916049053039917, 0.320820334361914, 0.6330941362314552, 0.13153235640550803, -0.6545795166867252, 0.6050104617702344, -0.5818293767634847, 0.01758606556067492, -0.08423251280939568, 0.05860070208555], [0.2682944067685635, -0.614649241297452, 0.11731316472182457, -0.2853445836916041, 0.672317184726921, 0.09881220577156782, 0.2540084999896203, -0.2000653830483861, -0.5557991183318132, 0.08632302105253126, -0.031374845061113], [-0.6114984698700194, -0.15318739443230628, -0.5771205812827539, -0.22527510721751343, -0.30338291084711466, -0.11366763205392043, 0.4790161349361101, 0.47645581830710865, 0.3018797852316931, 0.7492605465569503, 0.08572099915332665]], "inverted": true, "swapped": false, "error_lsq": 0.04365733959154638, "error_max": 0.2293354851771952, "target": "98.xyz", "model": "19.xyz", "model_rescale": 4.410303926677745, "target_rescale": 3.8411329471750593},
{"mapping": [7, 4, 1, 0, 8, 12, 5, 11, 6, 10, 13], "R": [[-0.5626410677898115, -0.6679575217921965, -0.4871014041424726], [0.33959168994870215, -0.7239452849859108, 0.6004837287258109], [-0.7537323881551898, 0.17244121731156964, 0.634154171805231]], "T": [0.020596975331258986, -0.10553735632332895, -0.015712953462598378], "aligned_model": [[-0.17042069379459013, -0.4528328113188512, 0.43395404215250194, 0.5356043328404997, -0.0053018537478763915, -0.6738387211818094, 0.5390228312600706, -0.605429673518793, -0.019034089896329386, 0.07319773814569658, 0.019896506995013993], [0.2584375669715965, -0.6170964839715016, 0.19206848185542025, -0.5285091956962047, 0.6625976611224177, 0.13342956744331488, 0.43135414593878607, -0.31349589731122957, -0.6125512392653627, 0.23594629385263044, -0.0323455893392067], [-0.5969940130679272, -0.11196725750202272, -0.5667906172843662, -0.27843260885902793, 0.0031398190983064067, -0.19271241685863832, 0.36118606440769174, 0.486260357235727, 0.26334281937055226, 0.7297775491067329, 0.011391492834532647]], "inverted": false, "swapped": false, "error_lsq": 0.047660629591984575, "error_max": 0.22413696869773564, "target": "98.xyz", "model": "20.xyz", "model_rescale": 4.121658175737393, "target_rescale": 3.8411329471750593},
{"mapping": [9, 11, 8, 5, 6, 10, 1, 4, 3, 2, 12], "R": [[0.5219383014726917, 0.5877919991653155, -0.6181269895199881], [0.6677644247819772, -0.7324563145005101, -0.1326590379277851], [-0.5307269377480259, -0.3435233806680005, -0.7748035909074191]], "T": [0.03161383260939035, -0.04666661479017883, -0.022978126302104725], "aligned_model": [[-0.300061898684688, -0.6249115763666767, 0.3417431510597039, 0.6348254439094562, 0.04597375286671694, -0.6272370251344012, 0.5156979258458805, -0.41008168408158663, 0.11612075822150791, -0.10499632229329595, 0.08774508259291593], [-0.052201001492929576, -0.6151334031840838, 0.28214594790100256, -0.24826426930938605, 0.6030505670530069, 0.3639342993069498, 0.14651590132808165, -0.146562246872051, -0.5893092871640105, 0.20122380946706978, -0.13556500543298952], [-0.6653358576442321, -0.1657678353252205, -0.5223829792225513, -0.2666944935651118, -0.006071370845727807, -0.10040860001798696, 0.4360621465880479, 0.32923989588439784, 0.4025077284457989, 0.6813652823758948, -0.014312728191748243]], "inverted": true, "swapped": false, "error_lsq": 0.050857054277444094, "error_max": 0.3454818413510638, "target": "98.xyz", "model": "21.xyz", "model_rescale": 4.08911054899281, "target_rescale": 3.8411329471750593},
{"mapping": [14, 11, 12, 10, 13, 2, 7, 1, 8, 0, 16], "R": [[0.4795377664783578, 0.4813866858093724, -0.733696387647109], [0.6930746369666237, -0.7205937973627665, -0.019802191694130583], [-0.538229577517374, -0.4990104587358636, -0.6791888426333963]], "T": [-0.06287279168687636, -0.052811957866788196, -0.04850106061470612], "aligned_model": [[-0.18315303825656176, -0.440202983305031, 0.39579520365794224, 0.6999505551526551, 0.178323872081733, -0.7201587545223678, 0.5526539594284783, -0.6426669941180512, -0.10194749167808297, -0.009694539168166413, -0.054082181337014534], [0.18504210346385497, -0.7163903868580793, 0.2796671622645352, -0.28069741249605723, 0.561606236381114, 0.23526663344173057, 0.22426175580984928, -0.29088407141269074, -0.6236684270692314, 0.24984393996373536, -0.014212221888100417], [-0.6322653056149613, -0.10488035938033606, -0.5218411188784786, -0.1800463771405481, -0.0808185170783236, 0.03049082290741993, 0.17544796005796137, 0.4384883980443332, 0.34310853764661114, 0.6625902690657579, -0.022073121147875095]], "inverted": false, "swapped": false, "error_lsq": 0.045794834554930546, "error_max": 0.26364787367365006, "target": "98.xyz", "model": "22.xyz", "model_rescale": 4.204369325754507, "target_rescale": 3.8411329471750593},
{"mapping": [2, 3, 6, 0, 5, 10, 7, 14, 12, 13, 15], "R": [[0.7798156037035934, -0.2499964397536086, 0.5739245632754543], [-0.520886808847236, -0.7676381564489054, 0.3733746016170211], [0.3472240725948356, -0.5901130746511608, -0.728836060123544]], "T": [0.08417692604558526, -0.04604876530036165, 0.11251427334110982], "aligned_model": [[-0.27958013691620576, -0.4916049053039917, 0.320820334361914, 0.6330941362314552, 0.13153235640550803, -0.6545795166867252, 0.6050104617702344, -0.5818293767634847, 0.01758606556067492, -0.08423251280939568, 0.05860070208555], [0.2682944067685635, -0.614649241297452, 0.11731316472182457, -0.2853445836916041, 0.672317184726921, 0.09881220577156782, 0.2540084999896203, -0.2000653830483861, -0.5557991183318132, 0.08632302105253126, -0.031374845061113], [-0.6114984698700194, -0.15318739443230628, -0.5771205812827539, -0.22527510721751343, -0.30338291084711466, -0.11366763205392043, 0.4790161349361101, 0.47645581830710865, 0.3018797852316931, 0.7492605465569503, 0.08572099915332665]], "inverted": true, "swapped": false, "error_lsq": 0.04365733959154638, "error_max": 0.2293354851771952, "target": "98.xyz", "model": "23.xyz", "model_rescale": 4.410303926677745, "target_rescale": 3.8411329471750593},
{"mapping": [0, 1, 12, 13, 5, 3, 15, 10, 11, 8, 16], "R": [[-0.22998237101871144, 0.7632309355160933, 0.6038101092991414], [-0.9021626424341342, -0.39988586286733363, 0.16184518304573886], [0.3649803770298788, -0.5075133847989404, 0.7805251364517677]], "T": [0.08372134909867444, -0.07382347379932777, 0.059216134216863586], "aligned_model": [[-0.21582861107019813, -0.5773345347004261, 0.3599266210337005, 0.6410155872775429, 0.22379697768793222, -0.7652517906834146, 0.5415050322153546, -0.38636344641332987, 0.0675365200712896, -0.18432640563110375, -0.029858341851814338], [0.11724987658786085, -0.5595217819484437, 0.228458973429552, -0.3078896794051989, 0.5268390851780893, 0.1613411513395736, 0.2476550510995074, -0.18414650236222882, -0.6694675764550247, 0.3110635641954722, -0.061746850058499086], [-0.6072271170962615, -0.1926521280275366, -0.6325293425564331, -0.2997027526016509, -0.06401268524497267, -0.12297385355931131, 0.5023863592272373, 0.4958315950891985, 0.27291601931652065, 0.7342857872322899, 0.02187930670248077]], "inverted": false, "swapped": false, "error_lsq": 0.04131880957253939, "error_max": 0.24435103828326982, "target": "98.xyz", "model": "24.xyz", "model_rescale": 4.28219845311461, "target_rescale": 3.8411329471750593},
{"mapping": [5, 1, 9, 7, 11, 8, 13, 0, 4, 2, 15], "R": [[-0.9251083583003303, 0.17164308194859243, -0.33869333891007747], [0.25354616325705204, -0.3847432778360426, -0.8875172974413549], [-0.28264618960901655, -0.9069240666004882, 0.3124097772483079]], "T": [-0.0057407292155389755, 0.08723997466055194, 0.037197668188582], "aligned_model": [[-0.3880848221398567, -0.4281061870124383, 0.39425832380216574, 0.6589955514043446, 0.007503607043815919, -0.6556250226821636, 0.5077616269517131, -0.4749893517467431, 0.1022852363585712, -0.0057731379995110965, -0.04340821604436452], [0.1550895562816034, -0.32171780785261755, 0.10205135209857802, -0.3088176632798118, 0.5644548789975233, 0.21075177379251597, 0.16454834977371127, -0.3446307788683578, -0.5792061061301033, 0.12186954910331, 0.04544220768430854], [-0.7207535900027813, -0.2162551894173207, -0.5074628357606188, -0.04532524018823203, -0.22465647801555755, -0.17337606595078187, 0.3257374441035296, 0.5459682987626606, 0.31796195577920267, 0.7209964806411218, 0.08536640853033828]], "inverted": true, "swapped": false, "error_lsq": 0.04572736321243776, "error_max": 0.2474511847940965, "target": "98.xyz", "model": "25.xyz", "model_rescale": 4.100010024507729, "target_rescale": 3.8411329471750593},
{"mapping": [7, 5, 3, 2, 8, 9, 1, 4, 6, 0, 11], "R": [[-0.28660779914122053, 0.8571067891359626, -0.42804663471223137], [0.07363164137519013, 0.4651755271530031, 0.8821508432951369], [0.9552142957786076, 0.22131353540840293, -0.19643311376957917]], "T": [0.008229106490042822, 0.016872917432105602, 0.043093764183758265], "aligned_model": [[-0.21695354881289503, -0.4346199887460942, 0.44944551883221623, 0.5575409222827415, 0.09772954331492062, -0.7487726341123131, 0.6147612529032722, -0.6530395072503958, 0.05937546875148278, 0.06565041172141994, -0.11629983094882201], [0.04225924320781767, -0.5510221811920379, 0.30887014133642227, -0.4027826107088508, 0.6079152133620735, 0.26355947516087047, 0.25469416097329284, -0.38831175105860727, -0.5509870550810421, 0.22553186192171853, 0.00010881367900276301], [-0.5950320485755123, -0.17036819057338143, -0.57183495133034, -0.22129809105376724, -0.09660772179546254, -0.16999074745385992, 0.31641841591880754, 0.44854263288869817, 0.3519646747398755, 0.7690439790909913, 0.04736323662551173]], "inverted": true, "swapped": false, "error_lsq": 0.035426911743215356, "error_max": 0.17042656828237973, "target": "98.xyz", "model": "26.xyz", "model_rescale": 3.6694154284099745, "target_rescale": 3.8411329471750593},
{"mapping": [9, 10, 3, 6, 7, 8, 1, 4, 2, 0, 13], "R": [[-0.4545074344221407, 0.7649019297495826, 0.45645156360819783], [-0.25528034949463396, -0.6027996547136365, 0.7559527230184561], [0.8533785415727897, 0.22706301799827677, 0.4692413564900405]], "T": [-0.06793783161783905, -0.026256236426665813, -0.02631337124600601], "aligned_model": [[-0.2618973654371777, -0.567101588933508, 0.4269321814762196, 0.5980957070114781, 0.045379532419197746, -0.6382436985414027, 0.6172492468379557, -0.6364370902167292, 0.09507536706242566, 0.050508740616159134, -0.05474342435908501], [-0.013824364483969075, -0.3500640971451752, 0.26135822398154435, -0.1882554380205452, 0.5532238533950238, 0.2607280732760006, 0.32543923731825436, -0.24646563791250242, -0.6311569950061602, -0.08472192128660543, -0.07642562251520557], [-0.6798335953178691, -0.11505306141924913, -0.5965877022814499, 0.010374718214296794, -0.24423658071757187, -0.053670574449111004, 0.405514852658243, 0.5249097982223032, 0.23760217496009367, 0.6213636442123289, -0.002182485600453702]], "inverted": true, "swapped": false, "error_lsq": 0.05622128113227218, "error_max": 0.35063053085519075, "target": "98.xyz", "model": "27.xyz", "model_rescale": 4.103607728864725, "target_rescale": 3.8411329471750593},
{"mapping": [9, 3, 5, 1, 6, 10, 8, 12, 2, 13, 14], "R": [[0.3705539550103239, 0.924199242424907, -0.09244201819213413], [-0.10252279814218965, 0.13961801581470107, 0.9848836913671898], [0.9231353325960949, -0.3554751326903106, 0.14648750032512467]], "T": [-0.07237129425113623, 0.1036325408734316, 0.04747401530358959], "aligned_model": [[-0.2928853837270715, -0.4469741940624439, 0.3420602437860064, 0.6243251618889916, -0.022844628255227907, -0.5382979792633256, 0.6102939853915111, -0.5469515559228021, 0.00865990972566602, -0.07545187563999337, 0.012883924014222614], [0.21541191152311262, -0.5245798175319776, 0.22951658272790343, -0.42465671163007984, 0.6324711156785481, 0.2630958892766756, 0.25353818961915764, -0.3972118218709401, -0.5849076590862274, 0.1691275599053117, -0.021969927010824064], [-0.732912321514753, -0.12150158283555611, -0.5420513180523391, -0.14844776951355915, -0.29769859949267813, -0.08389965411052831, 0.4761655002332168, 0.5585729457109748, 0.2937808224642196, 0.6921238779841159, 0.014069287608447445]], "inverted": false, "swapped": false, "error_lsq": 0.03643886442532624, "error_max": 0.2347895494655179, "target": "98.xyz", "model": "28.xyz", "model_rescale": 4.137296879288765, "target_rescale": 3.8411329471750593},
{"mapping": [1, 7, 2, 3, 5, 0, 4, 9, 8, 6, 10], "R": [[0.45176389532536815, -0.5292080347940024, 0.7182257575372246], [-0.8485640074840602, -0.006368147662969059, 0.5290544129840848], [-0.27540607851505716, -0.8484682095428284, -0.45194378999179263]], "T": [-0.029261647007272476, -0.04366406407255844, 0.01850998344233267], "aligned_model": [[-0.35331705585605583, -0.39695131245560267, 0.4182811311373845, 0.5519462754749059, 0.04853645058245819, -0.6735600923225109, 0.529889714040743, -0.47025695288494035, 0.09771098924990394, -0.06794347270614101, -0.009518066324611982], [0.15697022962400006, -0.5434425084397646, 0.21380513629480632, -0.376145550937467, 0.5974864681187332, 0.22913470946574796, 0.149179048194107, -0.31021556022621694, -0.7288073595011795, 0.4657572264116427, -0.04388652740374891], [-0.6308689029395497, -0.34070867023848733, -0.5693115444544453, -0.11386122452472389, -0.17141526109857766, -0.012805905297170551, 0.5183011921161916, 0.6061047896999989, 0.19964665103589113, 0.5236253050462212, 0.09949475913621222]], "inverted": true, "swapped": false, "error_lsq": 0.05015321635082839, "error_max": 0.3116101657300901, "target": "98.xyz", "model": "29.xyz", "model_rescale": 3.607286011436655, "target_rescale": 3.8411329471750593},
{"mapping": [8, 3, 10, 5, 11, 9, 13, 0, 6, 1, 14], "R": [[0.46677430886657184, 0.8642136660329128, 0.18776710048378342], [0.07569495594101205, -0.2505776484068671, 0.9651326933453102], [0.881131101611572, -0.4362861235024985, -0.18237982402650807]], "T": [0.1318216582387888, -0.06132200092990415, 0.018489697761058015], "aligned_model": [[-0.23715444381574693, -0.50426698027499, 0.3573554874898549, 0.6802599571000392, 0.1575965264388436, -0.5677671181965095, 0.5596165742050538, -0.5708597959882289, 0.010391382923704812, -0.21966836798853304, 0.009314386042044764], [-0.0067945280909921454, -0.5180233906520378, 0.24911204580639146, -0.4090932836448483, 0.5193064533183559, 0.2877539505174245, 0.28804738175184674, -0.43040550932143984, -0.5011487801254185, 0.2814252246677068, 0.049655747373671406], [-0.5525027401078041, -0.09669068618226995, -0.591461196157675, -0.37997209067581095, -0.06359146477762978, -0.03877138775689945, 0.49893435291876903, 0.5231403896487116, 0.22085090697092236, 0.5633980934233491, 0.02486701117789821]], "inverted": false, "swapped": false, "error_lsq": 0.03689678972130176, "error_max": 0.20170737408323205, "target": "98.xyz", "model": "30.xyz", "model_rescale": 3.964800864290218, "target_rescale": 3.8411329471750593},
