[{"mapping": [13, 12, 1, 3, 7, 11, 6, 14, 0, 4, 9, 15], "R": [[0.8143199117797074, -0.5392505712771367, 0.21469024816318916], [-0.13869524880213346, 0.17838698076650805, 0.9741363934545944], [-0.5636015518420832, -0.8230351793637327, 0.07047257829045607]], "T": [0.06035298414431107, -0.0031643192679464, -0.07020175065792263], "aligned_model": [[-0.4117966893875004, 0.38041379172096496, 0.5429544187657127, -0.2424983349475665, -0.13923789828165192, -0.6734996130648871, 0.2615200082081545, -0.2230835671093026, 0.6092056215159309, 0.22766209200313808, -0.47885418705834776, -0.01514317990409552], [-0.316551158204804, -0.6757538447920243, -0.1940182131463688, 0.6911069656111599, 0.3343563474405099, -0.43632062215869805, -0.2890531746112925, -0.570024098716356, -0.0345097221365749, 0.448327592453515, 0.11753740105104053, -0.021542436813049994], [-0.512165117980402, 0.061012049427708784, -0.5485248033925226, -0.007779220293852744, -0.61205018057114, 0.08894764719091618, 0.5756026782568852, 0.5307184129668396, 0.06858140599864641, 0.3010260174271366, 0.34359804955123413, -0.10701519322788686]], "inverted": true, "swapped": true, "error_lsq": 0.045551039450781254, "error_max": 0.21146861725301475, "target": "980.xyz", "model": "0.xyz", "model_rescale": 3.751011558992144, "target_rescale": 4.1028448558973505},
{"mapping": [14, 11, 12, 6, 13, 1, 8, 9, 10, 2, 7, 3, 4, 0, 15], "R": [[-0.7951673175858617, -0.12316794722865998, 0.5937496053209501], [0.43188309081610343, -0.8023556928308645, 0.4119494362771155], [0.42565940951708714, 0.583999142942335, 0.6912011777566524]], "T": [0.03462621356089513, 0.11713063824575051, 0.038512638085016676], "aligned_model": [[0.14063932217417363, 0.17285170539428268, -0.48138722594499195, 0.13467734802152942, -0.22149473119513602, -0.5944068984922529, 0.4366471882318743, 0.6044091498033376, -0.6734337981303393, -0.04192672912585354, 0.029760091349972657, 0.671799438378415, 0.4792765870364498, -0.15317549758384294, 0.03485026117141528], [0.025361085376561343, -0.5382793168728791, 0.3216496015673106, 0.5240492298486786, -0.5542072032706349, 0.28718071386656024, -0.5827971338406209, -0.14501043516462517, -0.16291958977380663, 0.38598835064984816, -0.2318123702941334, 0.01829041010274149, 0.5182367949947686, 0.6518519704213777, 0.031175242215959104], [-0.8235261668199547, -0.5117818759155612, -0.4752331897475943, -0.5645387692487546, 0.025253403738514285, 0.3096631719340699, 0.3448882795997271, -0.249884686132236, -0.07710911410764257, 0.6203311546807535, 0.6091014037017936, 0.440842107123402, 0.14361847096746422, 0.021597242441632428, 0.03644497263636215]], "inverted": true, "swapped": true, "error_lsq": 0.036984642655229834, "error_max": 0.28043609126185404, "target": "980.xyz", "model": "1.xyz", "model_rescale": 3.9405287249114394, "target_rescale": 4.1028448558973505},
{"mapping": [11, 9, 8, 0, 4, 13, 12, 6, 2, 5, 1, 10, 15], "R": [[-0.032315873981836274, -0.9082685078222651, 0.41713786927957813], [-0.8387127359747862, -0.20235601279161264, -0.5055818337329473], [0.5436144137184729, -0.36619716244858724, -0.7552370537865076]], "T": [0.06318094939557779, -0.05602490380958479, -0.07041440667544073], "aligned_model": [[-0.32388292975633254, 0.12404950460112459, -0.4809145131405372, 0.46926381040707515, 0.5632223742028564, -0.6273282686228967, 0.17717097867377202, 0.6168092250004654, 0.12320631671485417, -0.6071328780774143, -0.09775184221854848, -0.4283135156918378, -0.012414982808649375], [0.7194045080649215, 0.5119455298116298, 0.13444502161634814, -0.3338690098140211, -0.1322582101533873, 0.12859781008991095, 0.08206108177495323, 0.31438174358038196, -0.6755292710713573, -0.5521115875177853, -0.5953924874707587, -0.1236921672696276, -0.01915036806919146], [-0.050835625912817914, -0.4580329807102684, -0.7131173855720664, 0.21133349332321694, -0.4077486566418943, 0.0042830928406508845, 0.6644129101375226, 0.2387111626427505, -0.24149597502400783, 0.07982431048061979, 0.3553854789085372, 0.5186525098920763, -0.08825198477567524]], "inverted": true, "swapped": true, "error_lsq": 0.04383705445142802, "error_max": 0.3381786566106794, "target": "980.xyz", "model": "2.xyz", "model_rescale": 3.932901565614263, "target_rescale": 4.1028448558973505},
{"mapping": [7, 8, 3, 13, 2, 0, 4, 1, 10, 12, 9, 11, 6, 15], "R": [[-0.9726006574415952, -0.21177424713154172, 0.09591469854013754], [-0.21590420515485562, 0.6697887074739596, -0.7104705916058824], [0.08621679268348359, -0.7117125512397764, -0.6971598877353328]], "T": [0.022983207086564705, -0.16931065785855556, 0.046689280524482554], "aligned_model": [[-0.176651994649076, 0.37027958122856547, 0.3998359994234048, -0.04871526605686623, -0.373459862511977, -0.24250191267843563, 0.26976256069033644, -0.6793589429783382, -0.46992346686434927, -0.2198457023970219, 0.7021086016119455, 0.5387992460611315, 0.30722745586382144, 0.04225361530956271], [0.0450459162285565, 0.28444945414148204, -0.3671855184797168, 0.5383012925399621, -0.5036962582441505, -0.5973174906643639, -0.7077432260747675, -0.1690834611129444, 0.34698965337784693, -0.08794485744310823, -0.06148888004660216, 0.4954281143438969, -0.4626349162327874, -0.08962318398281498], [-0.5546038985287315, -0.6005145306449807, -0.5829579407212806, -0.056329648280679614, -0.33759807501675754, 0.30709342537867884, -0.09056107407917537, 0.11624320858311687, 0.3358648316036474, 0.758339741752466, -0.014193526224955982, 0.2553725972215348, 0.6569597583230339, 0.020781493691181055]], "inverted": true, "swapped": true, "error_lsq": 0.046574492632570894, "error_max": 0.2896746838317193, "target": "980.xyz", "model": "3.xyz", "model_rescale": 3.9243930471874484, "target_rescale": 4.1028448558973505},
{"mapping": [8, 7, 3, 9, 4, 13, 11, 2, 0, 1, 6, 12, 15], "R": [[0.420717064828789, 0.488136058947532, -0.7646700852766639], [-0.8927277681398323, 0.3726836539738452, -0.2532667093259149], [0.16135142811243663, 0.7891958451587762, 0.592566987462348]], "T": [0.013272372367173442, 0.00175000043521506, -0.04867512668152133], "aligned_model": [[0.006752064162791234, -0.13730093614754593, 0.5280497290751394, 0.34065528528475425, 0.6079744397220318, -0.5573754614064901, -0.2489161424208401, 0.1269054110029477, 0.13350781562281458, -0.41385021891128027, 0.27297271918316285, -0.3503747535612297, -0.03179406529490288], [-0.6535306521792366, -0.0785141791010314, -0.2677212226745859, -0.5949979868532851, 0.12528391828887053, -0.4008095297474721, -0.7719762193942796, 0.4494827282166272, 0.5143433947937699, 0.5504572655787803, 0.06791270947390249, 0.2547732843136395, -0.0668739570341122], [-0.6107699014453897, -0.6953912792930194, -0.5385910824503616, 0.06645880148128391, -0.07543632888573634, -0.21830742772874553, 0.24132050684066556, -0.4995415656749834, 0.16173867193310318, -0.1695425146850105, 0.6350223176478613, 0.5643278401494938, -0.0742177225181972]], "inverted": false, "swapped": true, "error_lsq": 0.048891030480748915, "error_max": 0.3307800916094519, "target": "980.xyz", "model": "4.xyz", "model_rescale": 3.8936222436046832, "target_rescale": 4.1028448558973505},
{"mapping": [6, 9, 4, 0, 3, 8, 13, 5, 1, 12, 2, 15], "R": [[-0.8716833554783823, 0.36676571934973734, 0.32504005121187435], [-0.46846948464786964, -0.42887122688297286, -0.772402623445605], [-0.14389047826631068, -0.8255618558665143, 0.545658457647757]], "T": [-0.0746193760580014, -0.08471525795345317, -0.059077690904504876], "aligned_model": [[0.10059142552079661, -0.6749494467389819, -0.240346915873419, 0.37152092903613865, -0.6907989746471686, -0.809228499838951, -0.2187367568415058, 0.18444629085283748, 0.5272686502974162, 0.5039594454357013, 0.09463390753736015, -0.12081201252512665], [-0.6028566497784444, -0.3957093226672338, 0.10423874505327566, -0.013276787174302723, 0.3148464402573363, 0.10658940177005188, -0.22471162286070442, 0.329289338820245, 0.19109486418702434, -0.5712086960791568, 0.5325322560650491, -0.10190506248333261], [-0.5490722242148145, -0.19846941005038488, -0.6126823395611912, -0.40162387679129186, -0.2547847740308732, 0.3521859062598987, 0.6309219043554596, 0.6333668709667549, 0.18542563532925552, -0.034514838793516744, -0.14284189111554704, 0.011373756921768813]], "inverted": false, "swapped": true, "error_lsq": 0.04474380464895871, "error_max": 0.2563300673497581, "target": "980.xyz", "model": "5.xyz", "model_rescale": 3.6523030999806103, "target_rescale": 4.1028448558973505},
{"mapping": [12, 14, 11, 10, 13, 0, 9, 1, 4, 7, 8, 5, 15], "R": [[-0.3841830021111562, -0.5770778261251633, 0.7206834280622217], [0.8625519566596539, -0.5027173239869762, 0.057266169995698724], [0.32925300750556874, 0.6436275901156117, 0.6908950588117624]], "T": [-0.10552614875866453, -0.11713023842042208, -0.009419678134172174], "aligned_model": [[0.1868749785977323, -0.13837588142821475, 0.17125420721167797, 0.6301561025048461, 0.49924864694847093, -0.27210177371791544, -0.40888734491550915, 0.3001593305107729, -0.7012331972439241, 0.10702862224118889, -0.012457311391367826, 0.5740717034076028, -0.054655178061065485], [-0.5269306450260767, 0.1163186291710786, 0.5506626207814418, -0.297877741647958, 0.2699855774621492, -0.6535043185391964, 0.46122075148106795, -0.6548605329055746, -0.18737273437681418, 0.09440688596935165, 0.6449485175686567, -0.2281248013482363, -0.04804530442670668], [0.5550250571506778, 0.8315285084251651, 0.46905485593033597, 0.1293155560457665, -0.03869483246374923, 0.06828439993458048, 0.21424451337562067, -0.22010360867320478, -0.10864892718216142, -0.6072733024707815, -0.4043373215840229, -0.503202285683538, -0.015082873322899364]], "inverted": false, "swapped": true, "error_lsq": 0.04399581269317014, "error_max": 0.31334138713856796, "target": "980.xyz", "model": "6.xyz", "model_rescale": 4.08911054899281, "target_rescale": 4.1028448558973505},
{"mapping": [3, 4, 2, 8, 13, 10, 7, 1, 11, 9, 14, 6, 12, 0, 15], "R": [[-0.7685828316304752, 0.34850168039443125, -0.536495116180137], [-0.5934766125303785, -0.07526286686951578, 0.8013245355347912], [0.23888478666995078, 0.9342815847659846, 0.2646733440768315]], "T": [0.09380918286858782, -0.06865572188799354, -0.032930906232646495], "aligned_model": [[0.05136011153881544, 0.36870591045999146, 0.6244494377934688, -0.4378179946624973, -0.4077327751824243, -0.019730619156605053, 0.08663598468894636, 0.5265190698258142, -0.7584739405247933, -0.40930678213630706, -0.4353052450039994, 0.10943354584753881, 0.13890097509751642, 0.5775287952279798, 0.021167065986109526], [-0.7686695575610814, -0.5750371747009485, -0.1811765997611224, -0.43829267107069725, 0.26993610680319646, 0.6762631419345906, -0.1639925600423498, 0.440724147649999, 0.028602847066464737, -0.5045405271676062, 0.06401277646761047, -0.06383442691198371, 0.5298998041850523, 0.04366810107937556, -0.05680459180138685], [-0.32585891272898626, 0.1611230891562907, -0.38281314456827054, -0.6040060797746079, -0.4205898812970316, -0.192148052380441, -0.6949096629317719, -0.2596831907271139, 0.09215624875966955, 0.14988680543945018, 0.6491309113138181, 0.7012329746430533, 0.4272110981586486, 0.2407134100160484, -0.07737558099667541]], "inverted": false, "swapped": true, "error_lsq": 0.04574210487889626, "error_max": 0.37550030957891956, "target": "980.xyz", "model": "7.xyz", "model_rescale": 3.964800864290218, "target_rescale": 4.1028448558973505},
{"mapping": [12, 11, 10, 6, 1, 9, 0, 13, 8, 7, 3, 2, 5, 15], "R": [[-0.23232166411072314, -0.8541713689523686, 0.46520739122122823], [-0.959715902944325, 0.1236052373532407, -0.2523234648910161], [0.1580254094143823, -0.5050871387799195, -0.8484780210580185]], "T": [-0.14083293643687303, 0.0024376950964922466, 0.06276306876498192], "aligned_model": [[-0.14941154750249627, 0.1379606083335084, 0.4456116563660907, -0.680059914501463, 0.1581133326855608, -0.33947438899430016, -0.45447331003016, 0.5219082451422323, 0.2597752008512123, 0.2905119359304913, -0.31369607505070063, -0.1456189077332876, 0.6048141496369402, -0.07477309567275538], [0.17498697061955032, -0.766072094271, 0.19391157418144941, -0.11408558073887437, 0.6221676487727349, -0.6475394711826304, 0.43636797687837825, -0.2657715173737977, -0.5138111548989979, 0.0812576916925053, -0.23421277246799346, 0.5114253025697607, 0.384162701447495, -0.051838809047377386], [-0.6735696051487108, -0.22561066624050655, -0.39828572816482544, -0.42192297590944194, -0.09436175097638541, 0.1836547974279101, -0.1238293828703865, -0.010080514859485273, 0.6270201282189597, 0.5678229177148869, 0.7640069652022453, 0.45970931036983254, 0.19039825099444876, 0.07186329296648031]], "inverted": false, "swapped": true, "error_lsq": 0.047265352319676227, "error_max": 0.273794443234818, "target": "980.xyz", "model": "8.xyz", "model_rescale": 4.121658175737393, "target_rescale": 4.1028448558973505},
{"mapping": [11, 13, 10, 12, 8, 9, 7, 4, 1, 3, 14, 0, 15], "R": [[-0.9672696854270221, 0.1851984732892538, -0.17346723363574895], [0.04582680315265908, 0.7998667346925391, 0.5984255265654224], [0.24957816364160829, 0.5708894220631744, -0.7821738988291912]], "T": [0.07501548836454205, -0.010721455474930232, 0.05863077738365607], "aligned_model": [[-0.6649662334871437, -0.1940087125921651, 0.30295573151526656, 0.31987024087456273, -0.5002923535010434, -0.5808680772533558, 0.09721803712084474, 0.08929232127193594, 0.7029773620080911, -0.227565177671087, -0.4167669221017243, 0.5297180695011896, 0.0191732107498258], [0.20814468466897887, -0.19441034082252182, 0.14424523581881843, 0.6422804686030772, -0.6379256926053657, 0.024930880573188922, -0.6543435126928356, -0.052724688167276025, -0.05236791925333912, -0.5504393968874424, 0.7075210900016378, 0.24665923966607847, -0.04118260949128896], [-0.33635936429615765, -0.5819569338545643, -0.6605173784868532, -0.23405897140832488, -0.08635720811975281, 0.2709729839845553, -0.12196306551700717, 0.6649963768410775, -0.2608246241818437, 0.4999669248260607, -0.012425804415510285, 0.27881991625917535, 0.0007825823282331876]], "inverted": false, "swapped": true, "error_lsq": 0.047960249964074254, "error_max": 0.2560471217351759, "target": "980.xyz", "model": "9.xyz", "model_rescale": 3.833441315466971, "target_rescale": 4.1028448558973505},
{"mapping": [7, 8, 10, 14, 11, 13, 9, 6, 0, 12, 2, 4, 3, 5, 15], "R": [[0.11982518052019175, -0.25333364998237295, 0.9599291577506708], [-0.13366676921054846, -0.9622087232648557, -0.2372500109206116], [0.9837556205288576, -0.09988210380055533, -0.14915912448877422]], "T": [0.03322082780830179, 0.058628049296632775, 0.1291103363534296], "aligned_model": [[0.12706098327496887, -0.04509682880675848, -0.5726393113953215, -0.46124009645575165, -0.6349455103230914, -0.5405336039435041, -0.01244429167627658, 0.006851262700396453, 0.27644518164988247, -0.3858578874390421, 0.4990109318190396, 0.5786112281104275, 0.5192068549402199, -0.20683636080397075, -0.023747533356685925], [-0.603592595913027, -0.5790183544591248, -0.08296240178853763, 0.6857589870992679, 0.09690129466224888, -0.36641652794007395, 0.17058480982995466, 0.7899961155261953, 0.38580001487525123, 0.5435844273101844, -0.2374827989774142, 0.2609810559808505, -0.26378240590960855, -0.6065179934353755, 0.0072679124341877704], [0.12533090750667245, -0.4476558141498922, 0.5830168639951474, -0.224423979407259, -0.4218719240484693, 0.04780103493662892, -0.5505395250096239, 0.06853503344983183, 0.523169894085646, 0.5306361681187706, 0.4637975834168918, -0.0476661090910214, -0.358226498481233, 0.5959589041142318, 0.09025936838577076]], "inverted": true, "swapped": true, "error_lsq": 0.04084411937759562, "error_max": 0.29235981885859763, "target": "980.xyz", "model": "10.xyz", "model_rescale": 4.2482417240324, "target_rescale": 4.1028448558973505},
{"mapping": [13, 7, 3, 2, 14, 6, 9, 0, 1, 12, 10, 15], "R": [[-0.40284983628899607, 0.4280663526203086, -0.8089939475399522], [0.21275835207769095, 0.9034742460230764, 0.37211311505269395], [0.8901943007136782, -0.02221451163946009, -0.45503914386512506]], "T": [0.04844681290185205, 0.027468423335271528, 0.03514106927112275], "aligned_model": [[-0.5835251422157919, 0.024823778005356657, 0.293294140282059, 0.5405408336875044, -0.42142124129622616, 0.12603542900136513, -0.19197104403733725, 0.4552578123662596, 0.18962767446531525, -0.13427795381906954, -0.39599618221524185, -0.025622501861186274], [-0.298228028721787, -0.6397103413970514, -0.33422393787714794, -0.35743026372273756, 0.7443784703891415, 0.7565424149408158, 0.1880844477217484, 0.28762039647689636, -0.16575487845633805, 0.544602260817651, -0.04780562160504978, -0.011943528515501244], [-0.06974702420131809, 0.07601758960792263, 0.6571189892134492, -0.1271983412700622, 0.20257860171526354, 0.07631255214864022, 0.6619945610796348, -0.2620260183877064, -0.6288280687597685, -0.48564382440549786, -0.5893184908284621, 0.05393176394226097]], "inverted": false, "swapped": true, "error_lsq": 0.04553493167224947, "error_max": 0.21508703785883165, "target": "980.xyz", "model": "11.xyz", "model_rescale": 3.6694154284099745, "target_rescale": 4.1028448558973505},
{"mapping": [8, 3, 4, 2, 7, 11, 13, 14, 0, 12, 6, 10, 9, 15], "R": [[0.8917413929271154, 0.4467447228605182, 0.07222493154504955], [0.2955369501398974, -0.6957561571589702, 0.6546611954877044], [0.34271737516854334, -0.5624433503666493, -0.7524641376078484]], "T": [0.1309820740620093, 0.14746682533934974, -0.017327079126027788], "aligned_model": [[0.013056988628618718, -0.05637313801162297, -0.09451027064576081, 0.6030530566025785, 0.508733473119187, -0.38561880303702184, 0.268663147126738, -0.5458064108765559, 0.2849268077489985, 0.15999591032290797, -0.3345595422276526, 0.5460233189196386, -0.49386194914649856, 0.1245422617322551], [-0.3724286558154497, 0.27474891934053486, 0.6552759253064884, 0.4861131323148105, -0.08900744120251416, -0.5403708859182338, -0.5576378127720357, -0.06309906897358292, 0.6105612331497865, 0.13101212101730902, 0.45654496199957606, -0.3095333858206646, -0.016220339538836726, 0.06502858504906643], [-0.696435426024439, -0.742809955447686, -0.26416804045252196, -0.29861923156169784, -0.5160657317048575, 0.08988935969171682, -0.035755712380116565, 0.49295782364928403, 0.27133726717791723, 0.738265464335947, 0.4591240500858403, 0.4431477540807712, -0.26088407888629217, -0.04088808291144989]], "inverted": true, "swapped": true, "error_lsq": 0.0428407406842199, "error_max": 0.26133782375314424, "target": "980.xyz", "model": "12.xyz", "model_rescale": 3.9764082729961374, "target_rescale": 4.1028448558973505},
{"mapping": [11, 10, 8, 7, 3, 1, 14, 2, 0, 4, 12, 5, 13, 9, 6, 15], "R": [[0.40629402577443197, 0.6925523966820036, -0.5960673975902537], [0.1689740849019576, 0.5841389364341372, 0.7938699273641376], [0.8979826965212365, -0.4232645517777358, 0.12030875261942149]], "T": [0.03686316609804305, -0.08198125054758891, 0.13853153522755024], "aligned_model": [[-0.49917227152955734, -0.7664534887198949, -0.4030363938103989, 0.418225885743959, 0.03142542939334381, -0.4127328291400314, 0.0365878988203194, -0.11337493204881496, 0.45250135682331283, 0.7441750293075041, -0.3324065200624394, 0.6308934313600331, -0.16969597912215006, 0.1432952813503258, 0.4620642975268494, 0.10564713300685073], [0.45589421364141, -0.10008390918951947, -0.06633983516651408, -0.25774918329821067, 0.3837777189449621, -0.5301101410138725, 0.7148001796577507, -0.6527234425485361, -0.6464067957463685, -0.0650238132475852, -0.23572157460058019, -0.34498342392306963, 0.3329343756450858, -0.6077330402981161, 0.4498514399233528, -0.026394319874234802], [-0.09363369339264227, 0.11613633930350237, -0.41454762724902017, -0.4897214463044385, -0.5625265655532471, 0.11938690526668605, 0.0757038639120488, -0.3980701588075025, -0.05061558169455849, 0.014894585804633403, 0.6357410952636461, 0.6684200202763022, 0.5381049187930007, 0.4101128065528466, 0.48496593432402246, 0.07715129567381702]], "inverted": false, "swapped": false, "error_lsq": 0.031730962406520034, "error_max": 0.18667785052093663, "target": "980.xyz", "model": "13.xyz", "model_rescale": 4.170626492500431, "target_rescale": 4.1028448558973505},
{"mapping": [10, 1, 12, 0, 11, 9, 6, 5, 13, 2, 7, 4, 8, 15], "R": [[0.016604410062558278, 0.9321259679583631, -0.36175333229171347], [-0.9930130053348554, -0.02690213188384702, -0.11489754799795618], [-0.11683092399837024, 0.3611335696910335, 0.9251665147636388]], "T": [-0.13566072120245184, 0.05684847612519492, 0.11777395504011881], "aligned_model": [[0.3213917983480904, 0.010391763244058994, -0.2955757168092652, -0.5521479457003065, 0.23425584364079058, -0.1846621060351128, -0.7137642861295248, 0.5342204803026466, 0.5454644887911189, -0.17328327244018837, 0.34844573481295316, -0.6132946147352244, 0.4416227717044431, -0.05988191690283601], [-0.26910105253546746, -0.6167269872034834, -0.14406118579630772, -0.31358422983990597, 0.7399285486627653, 0.7382813972767763, 0.2566338872455395, -0.4601834712820475, 0.18330078667454625, -0.42212931654606944, -0.08350274663459722, 0.1423155848460207, 0.5077453523357524, 0.097157900722144], [-0.40948821797107926, -0.034170321828395606, -0.593629695253367, 0.0138484115785244, -0.2670063687252222, 0.21672642682722626, -0.2886076726305925, 0.16172208830139648, -0.07339744595386119, 0.5488452096755394, 0.5574316802268257, 0.48411884281045114, 0.5747439319177268, 0.1127362321456935]], "inverted": true, "swapped": true, "error_lsq": 0.04820311644660219, "error_max": 0.28158390231669406, "target": "980.xyz", "model": "14.xyz", "model_rescale": 3.9786697098870705, "target_rescale": 4.1028448558973505},
{"mapping": [7, 1, 8, 3, 13, 11, 0, 6, 9, 4, 12, 15], "R": [[-0.941589025317715, 0.2390882273570732, 0.23716434584584553], [-0.24143534652827298, 0.0117056123651893, -0.9703463052363979], [-0.234774531940771, -0.9709272877916288, 0.04670247288509988]], "T": [-0.05858622245608087, -0.04484598455871309, -0.001156604501939086], "aligned_model": [[0.05649139593612983, -0.7111370196056104, 0.6079126054387076, 0.4998149621313383, 0.05861588045136342, 0.4420340497485285, -0.48625089606794436, -0.11767318515944392, 0.5907995292524257, 0.11276200026756122, -0.5548679075042664, -0.015146818121453527], [-0.3012579583327792, -0.09746643299731944, -0.07540440032331278, -0.5482384863783942, 0.40874323151702613, 0.6602162017181686, -0.23398570958966342, 0.16998492668575244, 0.09112283834061696, -0.5028094978938582, 0.4429877179368919, 0.0007820595413100054], [-0.6080886297344015, -0.26484361940819373, -0.5490902497251324, -0.11256673394947994, -0.5461233312146125, -0.06246895676935976, 0.31948588763223795, 0.6985721858151209, 0.1895111119442975, 0.3601694902421444, 0.2950788078298738, -0.05966946878866431]], "inverted": true, "swapped": true, "error_lsq": 0.05020017709086234, "error_max": 0.31850286152976587, "target": "980.xyz", "model": "15.xyz", "model_rescale": 3.769337070930944, "target_rescale": 4.1028448558973505},
{"mapping": [4, 0, 8, 7, 9, 6, 11, 12, 13, 5, 15], "R": [[-0.5899217786841868, -0.3401398554880683, -0.7323231347858958], [-0.5588932478013988, 0.8265854088731823, 0.0662940374389604], [0.5827783734800818, 0.4483987517227384, -0.6777226031772885]], "T": [-0.09091940848121885, -0.0589415489920865, -0.06604264555756655], "aligned_model": [[-0.2712580505878246, -0.24067038873993893, -0.15471290811030536, -0.5377920469137141, 0.30249385755900704, 0.37779629239487234, 0.6314890223897407, 0.3028935603996833, 0.09260216970396437, -0.5156617297781801, -0.06455364762613372], [-0.2104341915225631, -0.6046935722929593, 0.7976992967704525, 0.4111626140662146, 0.30484582906758073, -0.5529843920537418, 0.4088927022436685, -0.58478242533587, 0.4283277230745068, 0.18208070567933582, 0.015950207928717382], [-0.6265560647922087, -0.10085484710956569, -0.15254486924610033, 0.0972465540177531, -0.501276259936683, -0.3407993207412709, 0.03763821274113961, 0.30870442918945185, 0.42929232184345256, 0.6264142342834557, -0.03304678302564746]], "inverted": true, "swapped": true, "error_lsq": 0.03997959508235365, "error_max": 0.21593909320003776, "target": "980.xyz", "model": "16.xyz", "model_rescale": 3.7852294659196426, "target_rescale": 4.1028448558973505},
{"mapping": [10, 6, 0, 12, 11, 9, 3, 4, 1, 5, 8, 2, 15], "R": [[0.9599268289422407, 0.170860795655489, 0.2221420076997317], [-0.26792374979164596, 0.7919987886983766, 0.5485934587633069], [-0.08220308616151761, -0.5861266989382737, 0.8060385508257311]], "T": [-0.022719648507238246, 0.05804706243913632, 0.0522160352134906], "aligned_model": [[0.25938338687067225, -0.3370239550307491, 0.2859250339273124, 0.04935681297224061, -0.7190048061675901, -0.6821024046796412, -0.20860153158737282, -0.09525259405107811, 0.6299235083274298, 0.5560466641557165, -0.3404901099717743, 0.5115575459920655, -0.05595170054094835], [-0.19142169686710045, -0.5503380373235855, -0.31795104823821646, -0.6508775359867995, 0.06281264346201271, 0.23726202181133263, 0.683854903319683, 0.12006483535197657, -0.11149570122546204, 0.3589596664727604, 0.8259590283215175, 0.30644283347622286, 0.10178371112853239], [-0.6195939941183688, 0.31744111486036425, 0.34350008416618855, -0.2012865272419192, -0.4641722067709021, 0.15039919373460173, 0.441369710020038, 0.6526659560008088, -0.1561933153694108, -0.4885939658469757, -0.18170474283330476, 0.31585409994556435, -0.013930709403510412]], "inverted": true, "swapped": true, "error_lsq": 0.03895741162582446, "error_max": 0.2763850162502404, "target": "980.xyz", "model": "17.xyz", "model_rescale": 3.901054581598922, "target_rescale": 4.1028448558973505},
{"mapping": [14, 11, 12, 6, 13, 1, 8, 9, 10, 2, 7, 3, 4, 0, 15], "R": [[-0.7951673175858617, -0.12316794722865998, 0.5937496053209501], [0.43188309081610343, -0.8023556928308645, 0.4119494362771155], [0.42565940951708714, 0.583999142942335, 0.6912011777566524]], "T": [0.03462621356089513, 0.11713063824575051, 0.038512638085016676], "aligned_model": [[0.14063932217417363, 0.17285170539428268, -0.48138722594499195, 0.13467734802152942, -0.22149473119513602, -0.5944068984922529, 0.4366471882318743, 0.6044091498033376, -0.6734337981303393, -0.04192672912585354, 0.029760091349972657, 0.671799438378415, 0.4792765870364498, -0.15317549758384294, 0.03485026117141528], [0.025361085376561343, -0.5382793168728791, 0.3216496015673106, 0.5240492298486786, -0.5542072032706349, 0.28718071386656024, -0.5827971338406209, -0.14501043516462517, -0.16291958977380663, 0.38598835064984816, -0.2318123702941334, 0.01829041010274149, 0.5182367949947686, 0.6518519704213777, 0.031175242215959104], [-0.8235261668199547, -0.5117818759155612, -0.4752331897475943, -0.5645387692487546, 0.025253403738514285, 0.3096631719340699, 0.3448882795997271, -0.249884686132236, -0.07710911410764257, 0.6203311546807535, 0.6091014037017936, 0.440842107123402, 0.14361847096746422, 0.021597242441632428, 0.03644497263636215]], "inverted": true, "swapped": true, "error_lsq": 0.036984642655229834, "error_max": 0.28043609126185404, "target": "980.xyz", "model": "18.xyz", "model_rescale": 3.9405287249114394, "target_rescale": 4.1028448558973505},
{"mapping": [9, 5, 11, 14, 13, 2, 7, 10, 3, 12, 6, 0, 8, 1, 4, 15], "R": [[-0.6840208253207795, -0.467689763328178, 0.5598051409245121], [-0.5611713935303269, 0.8276793350739599, 0.005795289014281085], [-0.466049544158892, -0.31018253266352847, -0.8286040181049864]], "T": [0.11968065175519385, -0.029102152243406704, 0.05352566706833717], "aligned_model": [[-0.41365035817023177, -0.6935031680199532, -0.32609184220663645, 0.3331223398425691, 0.21658571401593404, -0.4730480702438232, 0.027345101836052904, -0.16813079403944695, 0.4922559124521605, 0.6544942623149543, -0.26362777556245254, 0.2683064154080981, -0.28589768466903653, 0.27646459754016367, 0.589537309209572, 0.09378136919128692], [0.48924575206340404, -0.039785214274492935, -0.0030123821704912263, -0.25843847868279995, 0.34580078422727767, -0.6529469254665842, 0.6591128540843396, -0.6089123909466854, -0.7747929498711742, -0.11537900961155978, -0.2958023479074948, 0.009060799214276938, 0.2408603687865926, -0.5343044201116876, 0.4022018924948889, -0.05891988292185583], [-0.13590329299109571, 0.22638569773016787, -0.5120001143284164, -0.6547020203584405, -0.49546162104120295, 0.1752451973524336, 0.16954204620409796, -0.39244372169166714, -0.12129282258254814, -0.028142980845663385, 0.6368172843338605, 0.7236959659257104, 0.6322299143297844, 0.448125320976295, 0.41112400466830956, 0.0482838344874719]], "inverted": false, "swapped": false, "error_lsq": 0.04233227995592966, "error_max": 0.43771036216107706, "target": "980.xyz", "model": "19.xyz", "model_rescale": 4.410303926677745, "target_rescale": 4.1028448558973505},
{"mapping": [12, 11, 10, 6, 1, 9, 0, 13, 8, 7, 3, 2, 5, 15], "R": [[-0.23232166411072314, -0.8541713689523686, 0.46520739122122823], [-0.959715902944325, 0.1236052373532407, -0.2523234648910161], [0.1580254094143823, -0.5050871387799195, -0.8484780210580185]], "T": [-0.14083293643687303, 0.0024376950964922466, 0.06276306876498192], "aligned_model": [[-0.14941154750249627, 0.1379606083335084, 0.4456116563660907, -0.680059914501463, 0.1581133326855608, -0.33947438899430016, -0.45447331003016, 0.5219082451422323, 0.2597752008512123, 0.2905119359304913, -0.31369607505070063, -0.1456189077332876, 0.6048141496369402, -0.07477309567275538], [0.17498697061955032, -0.766072094271, 0.19391157418144941, -0.11408558073887437, 0.6221676487727349, -0.6475394711826304, 0.43636797687837825, -0.2657715173737977, -0.5138111548989979, 0.0812576916925053, -0.23421277246799346, 0.5114253025697607, 0.384162701447495, -0.051838809047377386], [-0.6735696051487108, -0.22561066624050655, -0.39828572816482544, -0.42192297590944194, -0.09436175097638541, 0.1836547974279101, -0.1238293828703865, -0.010080514859485273, 0.6270201282189597, 0.5678229177148869, 0.7640069652022453, 0.45970931036983254, 0.19039825099444876, 0.07186329296648031]], "inverted": false, "swapped": true, "error_lsq": 0.047265352319676227, "error_max": 0.273794443234818, "target": "980.xyz", "model": "20.xyz", "model_rescale": 4.121658175737393, "target_rescale": 4.1028448558973505},
{"mapping": [12, 14, 11, 10, 13, 0, 9, 1, 4, 7, 8, 5, 15], "R": [[-0.3841830021111562, -0.5770778261251633, 0.7206834280622217], [0.8625519566596539, -0.5027173239869762, 0.057266169995698724], [0.32925300750556874, 0.6436275901156117, 0.6908950588117624]], "T": [-0.10552614875866453, -0.11713023842042208, -0.009419678134172174], "aligned_model": [[0.1868749785977323, -0.13837588142821475, 0.17125420721167797, 0.6301561025048461, 0.49924864694847093, -0.27210177371791544, -0.40888734491550915, 0.3001593305107729, -0.7012331972439241, 0.10702862224118889, -0.012457311391367826, 0.5740717034076028, -0.054655178061065485], [-0.5269306450260767, 0.1163186291710786, 0.5506626207814418, -0.297877741647958, 0.2699855774621492, -0.6535043185391964, 0.46122075148106795, -0.6548605329055746, -0.18737273437681418, 0.09440688596935165, 0.6449485175686567, -0.2281248013482363, -0.04804530442670668], [0.5550250571506778, 0.8315285084251651, 0.46905485593033597, 0.1293155560457665, -0.03869483246374923, 0.06828439993458048, 0.21424451337562067, -0.22010360867320478, -0.10864892718216142, -0.6072733024707815, -0.4043373215840229, -0.503202285683538, -0.015082873322899364]], "inverted": false, "swapped": true, "error_lsq": 0.04399581269317014, "error_max": 0.31334138713856796, "target": "980.xyz", "model": "21.xyz", "model_rescale": 4.08911054899281, "target_rescale": 4.1028448558973505},
{"mapping": [6, 10, 7, 4, 0, 12, 8, 13, 3, 2, 9, 15, 5, 14, 1, 16], "R": [[0.37218076242639875, 0.6942112107791794, -0.6160781402616153], [0.8888191906452692, -0.07537103420420038, 0.4520173155352328], [0.26736104132875005, -0.7158142231274084, -0.6450798954766082]], "T": [0.043780572599496984, -0.024778304496732906, 0.13573496204882], "aligned_model": [[-0.3412164848255894, -0.7614077808368415, -0.457514536960696, 0.4485147311436348, 0.15335654572429863, -0.3829135251213266, 0.00036840957200666435, -0.051666919917688875, 0.37415608927842364, 0.7542672133804827, -0.3572192027510598, 0.5670255961341402, -0.4158171039067138, 0.13964158953848477, 0.610795764491006, 0.047572943956648864], [0.521111273403192, -0.016896763357149486, -0.07644670288399819, -0.21392641562665726, 0.30369332431400875, -0.6253672843828144, 0.6478910732089177, -0.46936891076875026, -0.7864436150998526, -0.11792132161858518, -0.3161484511578587, -0.1532394565518635, 0.2190763460567574, -0.6116070504633586, 0.5306398603875556, -0.03105745655358911], [-0.19494004920185712, 0.18812776703843617, -0.36609147980987966, -0.39971385794363223, -0.5572144541133164, 0.08888914853583582, 0.2981951431962034, -0.34380537516495413, -0.11920972979131814, 0.047491316348738793, 0.6474479962447408, 0.626875874265541, 0.6122157477072716, 0.37711697108371944, 0.1374129211793758, 0.08870475259419053]], "inverted": true, "swapped": false, "error_lsq": 0.04634618462828388, "error_max": 0.4580698219393161, "target": "980.xyz", "model": "22.xyz", "model_rescale": 4.204369325754507, "target_rescale": 4.1028448558973505},
{"mapping": [9, 5, 11, 14, 13, 2, 7, 10, 3, 12, 6, 0, 8, 1, 4, 15], "R": [[-0.6840208253207795, -0.467689763328178, 0.5598051409245121], [-0.5611713935303269, 0.8276793350739599, 0.005795289014281085], [-0.466049544158892, -0.31018253266352847, -0.8286040181049864]], "T": [0.11968065175519385, -0.029102152243406704, 0.05352566706833717], "aligned_model": [[-0.41365035817023177, -0.6935031680199532, -0.32609184220663645, 0.3331223398425691, 0.21658571401593404, -0.4730480702438232, 0.027345101836052904, -0.16813079403944695, 0.4922559124521605, 0.6544942623149543, -0.26362777556245254, 0.2683064154080981, -0.28589768466903653, 0.27646459754016367, 0.589537309209572, 0.09378136919128692], [0.48924575206340404, -0.039785214274492935, -0.0030123821704912263, -0.25843847868279995, 0.34580078422727767, -0.6529469254665842, 0.6591128540843396, -0.6089123909466854, -0.7747929498711742, -0.11537900961155978, -0.2958023479074948, 0.009060799214276938, 0.2408603687865926, -0.5343044201116876, 0.4022018924948889, -0.05891988292185583], [-0.13590329299109571, 0.22638569773016787, -0.5120001143284164, -0.6547020203584405, -0.49546162104120295, 0.1752451973524336, 0.16954204620409796, -0.39244372169166714, -0.12129282258254814, -0.028142980845663385, 0.6368172843338605, 0.7236959659257104, 0.6322299143297844, 0.448125320976295, 0.41112400466830956, 0.0482838344874719]], "inverted": false, "swapped": false, "error_lsq": 0.04233227995592966, "error_max": 0.43771036216107706, "target": "980.xyz", "model": "23.xyz", "model_rescale": 4.410303926677745, "target_rescale": 4.1028448558973505},
{"mapping": [14, 9, 11, 1, 7, 8, 13, 10, 3, 0, 15, 2, 6, 4, 12, 16], "R": [[0.41097704244303973, 0.0206854103966978, 0.911410985440428], [0.056772895777404755, -0.9983827869184655, -0.0029409335194946415], [0.9098762052553193, 0.0529520970466547, -0.411486775642355]], "T": [-0.04071330933738869, -0.02605754413599197, 0.060900968775523596], "aligned_model": [[-0.5941077073141212, -0.6240088546935911, -0.3528245356944104, 0.3728883092802791, 0.30261356101879394, -0.39959398463374307, -0.052324544907286975, -0.2160768435164509, 0.5691234470482384, 0.7118539491006898, -0.559251056448166, 0.6826425647593928, -0.1744011607803278, 0.12638370968440837, 0.487611526899404, 0.0474149490961016], [0.36368346900207904, -0.24800426803651343, 0.0561649317741941, -0.2385225133732442, 0.3562138109158459, -0.7225416707889939, 0.676688184088663, -0.5821656276925208, -0.67162360816805, 0.024798208551989748, -0.014882748155940623, -0.4501679047798409, 0.5159014733520432, -0.6093709814635021, 0.4466981756980646, -0.0988804820183196], [0.05833718627397686, 0.006808990203648481, -0.4836608123364798, -0.6602978162305215, -0.3609119848906226, 0.3095396412979044, 0.07505174612790297, -0.22853879448952696, -0.08260712216458765, 0.09887497345900026, 0.5511130857114811, 0.42115176000658416, 0.5769494853897772, 0.3860292404750858, 0.4397818624126226, 0.023881250922851385]], "inverted": true, "swapped": false, "error_lsq": 0.04782603791489227, "error_max": 0.3061523576193482, "target": "980.xyz", "model": "24.xyz", "model_rescale": 4.28219845311461, "target_rescale": 4.1028448558973505},
{"mapping": [10, 6, 8, 5, 11, 0, 12, 1, 3, 9, 2, 7, 14, 4, 13, 15], "R": [[-0.6143392421300923, 0.7585633108813921, -0.21718425118706147], [-0.03188434296367626, -0.2988916090767489, -0.9537542632655893], [-0.7883975420134177, -0.5790038941217691, 0.20780713736305778]], "T": [0.07694493512514441, -0.07039482597102091, 0.1051717813999428], "aligned_model": [[-0.4409574652797058, -0.8207215075355269, -0.3337138914834542, 0.2057040148460091, 0.11799085061235971, -0.4714815601033806, 0.32225374807560303, 0.002619918802436366, 0.5184738885982995, 0.6990904625697127, -0.32999238590205315, 0.7391639058715148, -0.3634424088781567, 0.166749464678848, 0.2857338468989953, 0.030472447127709988], [0.37742885257055586, -0.11995909789122926, -0.14463651121750998, -0.10732843478423391, 0.3932460693709155, -0.6325791086473689, 0.639715390047387, -0.5829847075717526, -0.6731202088412478, 0.07395298600095913, -0.04961431911016197, -0.24628066246307345, 0.5240239782404857, -0.6782545881772495, 0.1528305551265693, -0.12245174374709103], [-0.2959963571906773, 0.04243841204218521, -0.44961967241764644, -0.7358619211611439, -0.17736923197145874, 0.32592364136683627, 0.24654705373620173, -0.2711323563342155, -0.09932672947156312, -0.11612515879239552, 0.6553991995442341, 0.4740568760504774, 0.28647235320298425, 0.5015178788803359, 0.6145773923732921, 0.13000131231164988]], "inverted": true, "swapped": false, "error_lsq": 0.051618579671559056, "error_max": 0.35793730059507106, "target": "980.xyz", "model": "25.xyz", "model_rescale": 4.100010024507729, "target_rescale": 4.1028448558973505},
{"mapping": [13, 7, 3, 2, 14, 6, 9, 0, 1, 12, 10, 15], "R": [[-0.40284983628899607, 0.4280663526203086, -0.8089939475399522], [0.21275835207769095, 0.9034742460230764, 0.37211311505269395], [0.8901943007136782, -0.02221451163946009, -0.45503914386512506]], "T": [0.04844681290185205, 0.027468423335271528, 0.03514106927112275], "aligned_model": [[-0.5835251422157919, 0.024823778005356657, 0.293294140282059, 0.5405408336875044, -0.42142124129622616, 0.12603542900136513, -0.19197104403733725, 0.4552578123662596, 0.18962767446531525, -0.13427795381906954, -0.39599618221524185, -0.025622501861186274], [-0.298228028721787, -0.6397103413970514, -0.33422393787714794, -0.35743026372273756, 0.7443784703891415, 0.7565424149408158, 0.1880844477217484, 0.28762039647689636, -0.16575487845633805, 0.544602260817651, -0.04780562160504978, -0.011943528515501244], [-0.06974702420131809, 0.07601758960792263, 0.6571189892134492, -0.1271983412700622, 0.20257860171526354, 0.07631255214864022, 0.6619945610796348, -0.2620260183877064, -0.6288280687597685, -0.48564382440549786, -0.5893184908284621, 0.05393176394226097]], "inverted": false, "swapped": true, "error_lsq": 0.04553493167224947, "error_max": 0.21508703785883165, "target": "980.xyz", "model": "26.xyz", "model_rescale": 3.6694154284099745, "target_rescale": 4.1028448558973505},
