[{"mapping": [4, 5, 3, 2, 0, 9, 12, 10, 6, 8, 11, 13], "R": [[0.5352426152054148, 0.6706691197393791, -0.5135350764028439], [-0.8384478008808959, 0.34800210019499606, -0.41940412904245694], [-0.1025701129279781, 0.6550553183418011, 0.748586602769555]], "T": [-0.1578027379357425, -0.12954108704098333, -0.007188806836835114], "aligned_model": [[-0.17757074129822445, 0.35000526197635373, 0.4013591009118417, -0.06979433221525533, -0.1740371529032208, -0.46600327744402226, 0.22010481875065857, -0.3145322990095633, 0.5584323214766698, 0.16370699883298895, -0.5194005705783818, -0.13462766603929574], [-0.4387354904019308, -0.585602663582209, -0.23339372608405579, 0.5732848048211164, 0.3923342589735611, -0.5675225733464413, -0.45739228821981626, -0.5082486193830467, 0.16938370231933164, 0.39551062058941244, 0.3732611517839133, -0.05932414149277776], [-0.4941231630256525, -0.05061236808725025, -0.5712135970393659, -0.07940710440819426, -0.650753502319529, 0.05229962891675861, 0.5090538834314883, 0.5979329131175518, -0.031181892147649513, 0.4585098337139393, 0.4171284249011754, 0.024318688300290693]], "inverted": false, "swapped": true, "error_lsq": 0.043230052444677196, "error_max": 0.29398135954419496, "target": "981.xyz", "model": "0.xyz", "model_rescale": 3.751011558992144, "target_rescale": 4.103544060224933},
{"mapping": [12, 13, 7, 11, 9, 10, 6, 2, 1, 5, 8, 0, 4, 14], "R": [[0.27161123893358124, 0.3332443357490398, -0.9028707258385035], [-0.2964068967105149, 0.9215018721499251, 0.25095268718749586], [0.9156256257157763, 0.19945553969585372, 0.3490661845799856]], "T": [-0.04314344306791526, 0.02344173584834572, -0.020101745508298605], "aligned_model": [[-0.32052054547605613, -0.20707999639746466, -0.4482304800806959, 0.26539766087545924, 0.33315342105859125, 0.7704708819279585, 0.07064375900579306, -0.47015235596540117, -0.28551694556975704, 0.19436735748360978, 0.058971727348759245, -0.7462296706786573, 0.4355467591726283, -0.03865301222213663], [-0.26163201184221385, -0.6838012209527246, 0.34219842681808255, 0.05136667311550289, -0.4698311442907882, 0.07185834195933835, 0.6001627395460926, -0.4106230893099435, 0.6665526847124824, -0.4490610612517856, 0.1086746070485951, 0.23892685577950074, 0.5450406010606592, -0.006232509396230393], [-0.6476127059819256, -0.04094412632925504, -0.43720567524700765, -0.7554612317343925, -0.2420750707122404, -0.1103309566489391, -0.48718964067176906, 0.5393526474984229, 0.09543587681402281, 0.3121869442624276, 0.6300721556732299, 0.16628612462234246, 0.3325514609111841, -0.06596117903458107]], "inverted": true, "swapped": false, "error_lsq": 0.038104713668054, "error_max": 0.270114923540978, "target": "981.xyz", "model": "1.xyz", "model_rescale": 3.9405287249114394, "target_rescale": 4.103544060224933},
{"mapping": [5, 10, 9, 2, 11, 4, 6, 8, 1, 1, 0, 3, 13], "R": [[-0.6867128058831927, 0.6973932968732796, 0.20510512356411353], [0.7125529718015072, 0.5899467273363633, 0.37977772615301575], [0.14385334411432, 0.4069464932658007, -0.902053638652267]], "T": [-0.03536073778838003, 0.06907631955542087, -0.09413170203153096], "aligned_model": [[-0.40158748626377494, 0.10003718131586395, -0.3140657738561583, 0.42979937061675133, 0.6236604215300205, -0.5932345747970503, 0.16355023840932312, 0.6646003997912695, -0.3123471251721808, -0.3123471251721808, -0.09117467942816018, -0.49830766627950274, 0.03740009858971079], [0.5901572950957901, 0.548337846933954, 0.1667616458493084, -0.3104124938873093, -0.165037171223389, -0.06295427657503433, 0.3067668378540135, 0.245007328178731, -0.7121939864316087, -0.7121939864316087, -0.6127742337715749, 0.11469120688347362, 0.06267658109727114], [0.15506564481368967, -0.6290444409007776, -0.5448370478898392, 0.2886730919218339, -0.3670605977076433, -0.027485442343910094, 0.6178107108273784, 0.17977652423507914, -0.21534618869636243, -0.21534618869636243, 0.37358357153260013, 0.557919461664475, -0.06058874917151691]], "inverted": false, "swapped": true, "error_lsq": 0.05312999372792598, "error_max": 0.35827293416585143, "target": "981.xyz", "model": "2.xyz", "model_rescale": 3.932901565614263, "target_rescale": 4.103544060224933},
{"mapping": [4, 7, 5, 2, 0, 1, 6, 8, 12, 3, 11, 9, 10, 13], "R": [[-0.5952232059609877, -0.3524116668798833, 0.7221601983856947], [-0.7770754474172559, 0.4812684289390881, -0.40562846094396987], [-0.20460470206423748, -0.8026124322195889, -0.5603125909166778]], "T": [-0.0008746588439154414, -0.05090024342308711, 0.011146780702382661], "aligned_model": [[-0.12922177370112717, -0.5631736512773287, -0.5202219572492651, 0.41841366930880786, 0.35994221132372245, 0.7300491606229328, 0.04498770742448037, -0.3031203012029666, -0.3233338630788219, 0.15809872347600396, 0.23144950804524092, -0.6930378772585952, 0.24326572805754365, -0.04192872400799694], [-0.28261851128099813, -0.46224498483619436, 0.2682393455792347, 0.03128585637852218, -0.5016294413879019, 0.034982872614934234, 0.4838715353671024, -0.3204620594616368, 0.6412113966078207, -0.4706503327739351, 0.17310640235511981, 0.09768214271437645, 0.5953612380036988, 0.05546443311642434], [-0.821355511778866, -0.1449233771347085, -0.36994112520012784, -0.7041451848980942, -0.3288601390028368, -0.07336997164735772, -0.4114736739038734, 0.6233319851469791, 0.022607561541979335, 0.2545041399191092, 0.8439463979536663, 0.20768251025905932, 0.20058544995682592, -0.009484437790234994]], "inverted": true, "swapped": false, "error_lsq": 0.049179779284599844, "error_max": 0.31644891034686784, "target": "981.xyz", "model": "3.xyz", "model_rescale": 3.9243930471874484, "target_rescale": 4.103544060224933},
{"mapping": [2, 11, 0, 3, 4, 8, 6, 1, 9, 10, 5, 12, 13], "R": [[-0.2610644328355928, 0.7722689747004606, 0.579176995937623], [-0.1240444204810664, 0.5681714206050973, -0.8135073561776205], [-0.9573183084302455, -0.2842215113651405, -0.05253369225143678]], "T": [0.0185081944432784, 0.044099621365303376, -0.10737591724925585], "aligned_model": [[-0.09082522943737761, -0.48531845004994617, 0.5139258968581092, 0.543729326221811, 0.5662603397697688, -0.5859261440964356, -0.08932024792097287, 0.6029191285993972, 0.09311219792900874, -0.46083129264495304, 0.13105836496798973, -0.43058675610106617, -0.030991247783980255], [-0.4884016148954225, 0.08076093816325883, -0.4237388628268442, -0.42505931697125476, 0.14825564596553245, -0.424596717055737, -0.6780497013347504, 0.19748923317520037, 0.5647495880195506, 0.5379621510018935, -0.044351923173741856, 0.09376826430368915, -0.010958130689787363], [-0.5671735162606624, -0.6627342315278203, -0.5790552607885641, 0.2742049391033946, 0.04167484622880677, -0.21180724912959079, 0.1568167035967761, -0.687663077729303, 0.00972268980810588, 0.13856981714453678, 0.56139572944876, 0.45177862138456115, -0.13865969590803653]], "inverted": true, "swapped": true, "error_lsq": 0.049983451737208355, "error_max": 0.2907547050993488, "target": "981.xyz", "model": "4.xyz", "model_rescale": 3.8936222436046832, "target_rescale": 4.103544060224933},
{"mapping": [1, 11, 9, 4, 12, 8, 2, 6, 3, 0, 5, 13], "R": [[-0.378164091663895, 0.5135263649868496, 0.7702483964536468], [-0.8897423947799001, -0.43138058089167214, -0.14922890256546073], [0.2556372248076353, -0.7417556652247131, 0.6200388233003591]], "T": [-0.16712335492797237, -0.01653603795871528, -0.17476889697158002], "aligned_model": [[0.23698516440037698, -0.7495125922848153, -0.2262338460425397, 0.3447242479238818, -0.506019300409404, -0.6195377228552144, -0.1974748159479448, -0.0143183283952861, 0.5294167778403885, 0.3511431142509177, 0.08173944875459563, -0.20336410501985897], [-0.698002397354415, -0.4681428907866224, 0.0775659643770314, 0.025885683033363877, 0.616122890152412, 0.00034412177457466414, -0.44057921367083897, 0.27278048829995694, 0.26614311616009684, -0.5663765562859809, 0.6204402493958865, -0.03725854998565735], [-0.44697765364306263, -0.031652777059186205, -0.70203068383323, -0.43803577545531625, -0.13354674773004832, 0.45049851001034924, 0.3963627605289065, 0.529412137754791, 0.10180954740241324, 0.16562531803408007, -0.16609443244289396, -0.10608548429128425]], "inverted": true, "swapped": true, "error_lsq": 0.05343911045126779, "error_max": 0.3090176141469257, "target": "981.xyz", "model": "5.xyz", "model_rescale": 3.6523030999806103, "target_rescale": 4.103544060224933},
{"mapping": [12, 10, 9, 5, 4, 8, 7, 6, 11, 0, 1, 3, 13], "R": [[-0.9046349037326484, 0.1726104857538198, 0.3896682064993913], [0.08410841172593528, 0.9686368187875289, -0.23381293455691515], [-0.4178055361356075, -0.17874096759558541, -0.8907806691197511]], "T": [0.049211674900983715, -0.022166651121911168, 0.04425972633116569], "aligned_model": [[0.2219924898752327, -0.09287667666112154, 0.1313220668645134, 0.6583074665441178, 0.4828133322859095, -0.34368533723207323, -0.4056829834326834, 0.2725255586413778, -0.6968953626640064, 0.018296746016531418, -0.08153541957441207, 0.7157913349636595, 0.000709689037248995], [-0.4432633239282974, -0.029209245892367907, 0.36181206565352486, -0.25001910042237807, 0.3262166705718704, -0.6855199797453249, 0.6080222393053096, -0.7038801264424772, -0.10220580813492611, 0.09092292218435262, 0.6343756005119742, -0.1855686164211444, -0.08085639307693265], [0.6007050775551566, 0.7611398756844767, 0.41327525104933677, 0.25599614264650355, -0.10973924815354326, 0.005306811232465451, 0.2148777621527556, -0.2529304569917029, 0.06719918860976472, -0.7761352796631087, -0.4593821808768864, -0.3687083731023221, 0.01850516933889311]], "inverted": true, "swapped": true, "error_lsq": 0.04990975894113075, "error_max": 0.2566038811887338, "target": "981.xyz", "model": "6.xyz", "model_rescale": 4.08911054899281, "target_rescale": 4.103544060224933},
{"mapping": [10, 5, 11, 8, 4, 3, 9, 7, 1, 6, 2, 13, 0, 14], "R": [[0.549509960888547, 0.4173528847498613, 0.7237785382803477], [-0.18177425852382056, 0.9052651477000637, -0.38399626469237624], [-0.8154734341610297, 0.07944546526109086, 0.5733162270746103]], "T": [-0.12247180948706626, -0.022179601414015197, -0.08742802293019912], "aligned_model": [[-0.3858618043380658, -0.24668207072339376, -0.49694331748322057, 0.21786890920532803, 0.33300518297845766, 0.6664072147361417, 0.19225738510596224, -0.2973014529377905, -0.16829739472508032, 0.21408838484962595, -0.12157151333062349, -0.7484054016327002, 0.5554359595343625, -0.10183152075637325], [-0.2693678676212857, -0.7710181973931541, 0.27676792315453186, -0.03507878969835677, -0.5225101494844266, 0.04061456172016074, 0.6009189991611543, -0.4625541868204382, 0.6714577224651841, -0.11689961691373699, 0.21254819480019377, 0.1568751910871283, 0.43648668660772705, 0.12535942193188587], [-0.7109651671035173, -0.153107530837334, -0.42644502871395157, -0.6783178429698862, -0.2850628925872959, -0.10077772265308531, -0.44415057049325896, 0.5247760156357555, 0.14648080014984521, 0.26879988263764926, 0.6839613692982047, 0.2472973000701067, 0.3759535434237444, -0.15933753243545726]], "inverted": true, "swapped": false, "error_lsq": 0.04487027374118553, "error_max": 0.2980232267290088, "target": "981.xyz", "model": "7.xyz", "model_rescale": 3.964800864290218, "target_rescale": 4.103544060224933},
{"mapping": [3, 0, 6, 5, 1, 8, 10, 2, 11, 7, 12, 4, 9, 13], "R": [[-0.3303556691827919, 0.7907406228775338, -0.5153585151814607], [0.21790100752651093, -0.4673693838991842, -0.8567876107371235], [-0.9183595607155846, -0.3953417841879948, -0.017905052843591118]], "T": [-0.07829253601313195, -0.02118899074051233, -0.06374538736005485], "aligned_model": [[-0.3444859729600272, -0.4363822045167363, -0.6022699114784272, 0.4806904047646147, 0.2875483825972247, 0.6818454760531669, 0.22233830512473235, -0.38582925419334885, -0.3715522128689242, 0.3001283104599633, 0.10624027525817208, -0.6244140855398392, 0.30549401238019414, -0.0071829645981347084], [-0.14696310911632582, -0.5840295185211299, 0.17102070997098182, 0.016063062226955173, -0.6760103578666701, 0.08784596625132607, 0.5693372729643317, -0.46026622925776023, 0.7331609884002632, -0.32622647995854104, 0.28518427113626205, 0.13803239465558967, 0.5283761260247469, 0.008074796086538081], [-0.7265308888426937, -0.324785043583698, -0.22188761490044745, -0.6844071949795925, -0.041625473306087395, -0.026878570668561315, -0.5495785297441136, 0.32515186557586107, 0.11538639484072623, 0.45644972804171435, 0.6016552462884744, 0.35037198560193084, 0.09291601342437077, -0.07713329432636397]], "inverted": true, "swapped": false, "error_lsq": 0.04388847444163557, "error_max": 0.2990236352723242, "target": "981.xyz", "model": "8.xyz", "model_rescale": 4.121658175737393, "target_rescale": 4.103544060224933},
{"mapping": [5, 6, 8, 10, 3, 4, 2, 1, 11, 0, 9, 7, 13], "R": [[0.8806007064069656, -0.20123012266575346, -0.42900912998149554], [-0.3912683519496647, 0.20192985891059428, -0.8978493241312494], [0.26730408271881523, 0.9585044443362137, 0.09908459794326994]], "T": [-0.0588376847494487, 0.07811796224918582, -0.07903688741734949], "aligned_model": [[-0.6517260706038803, -0.2827362541193891, 0.3451540697949874, 0.11917445688269976, -0.7418104032178219, -0.5066894968971116, 0.29461613437817813, 0.03294474183435635, 0.6889669231065143, -0.07147656550980666, -0.13019102877828512, 0.391005218680744, -0.010494229115988206], [0.21325393799074643, -0.44274752066919315, -0.22047644907787795, 0.7346280438819259, -0.3396978201758443, 0.08203589160392363, -0.5366507459569583, -0.14929628177858972, 0.04050423640470707, -0.6415908401086383, 0.5665320199750019, 0.45341156885211353, 0.030481398470393307], [-0.3920358682830443, -0.6095959675456992, -0.6651725970596519, -0.34636072936503626, -0.10247903764107837, 0.28498292584741697, -0.14271600022498038, 0.7219977244279057, -0.13364158672498344, 0.33163627798387496, 0.1370988046828865, 0.45945524160820506, -0.12209375374672632]], "inverted": true, "swapped": true, "error_lsq": 0.050027597990810586, "error_max": 0.3432208114129994, "target": "981.xyz", "model": "9.xyz", "model_rescale": 3.833441315466971, "target_rescale": 4.103544060224933},
{"mapping": [4, 6, 5, 3, 7, 9, 2, 12, 13, 11, 10, 0, 8, 14], "R": [[0.12088418380983418, 0.8733229717814355, 0.47190465251306085], [-0.34625740472585975, -0.4084354513293779, 0.8445627814259162], [0.9303186678644813, -0.2654947627660663, 0.2530211595235619]], "T": [-0.11749629939387271, -0.05841007822679551, -0.0009854402416876185], "aligned_model": [[-0.3263375353964074, -0.44166147091506247, -0.5245602808594964, 0.33439445966204295, 0.4486422953462009, 0.5891608994713274, 0.09416519229875228, -0.35054028136571425, -0.3235877592734443, 0.31114116933003855, -0.018419188920997503, -0.6151897937195735, 0.47790042398287025, -0.042939569157906476], [-0.3055414366896032, -0.6082288032261766, 0.30991466426243314, -0.08567540807131321, -0.3940399193029912, 0.26297333308381143, 0.5009698417411804, -0.4728318204906488, 0.7112274065520513, -0.361448664990341, 0.22542484408487468, 0.2935450256877092, 0.3052403364887753, -0.03792950613319418], [-0.7298365978174302, -0.2330325890231546, -0.39604366447022915, -0.742182575568026, -0.10468538289701658, -0.23605656300894914, -0.3996629703317449, 0.36910262943426564, -0.030498040985306674, 0.4346458446563117, 0.7641129890970113, 0.30274429527670127, 0.34660696480504477, -0.05610971574595784]], "inverted": false, "swapped": false, "error_lsq": 0.036867309547854395, "error_max": 0.21354395491212982, "target": "981.xyz", "model": "10.xyz", "model_rescale": 4.2482417240324, "target_rescale": 4.103544060224933},
{"mapping": [7, 1, 4, 0, 10, 12, 9, 6, 2, 8, 11, 13], "R": [[0.38598053531578724, 0.19120552754137174, -0.9024740841680523], [0.4918714166768804, 0.784968403573286, 0.37667906080360497], [0.7804367596504009, -0.5892919918251334, 0.208933990908971]], "T": [0.038441895695452526, 0.10038394845477776, 0.07056553240846547], "aligned_model": [[-0.639318157146701, -0.02387515888798592, 0.2723723508220636, 0.4684982870154435, -0.48962710021824996, -0.004230145439591944, -0.29586043048346955, 0.6606471897218354, 0.23663517722074665, 0.08412218815955935, -0.4394793287391776, 0.046880730338534106], [-0.307104931992096, -0.7325839485023129, -0.18262342321615022, -0.5443286820332051, 0.5707404986062535, 0.8081428890116686, 0.0911462268499958, 0.42072717643528296, -0.10988561143784413, 0.4833231271510433, 0.05174904250995965, 0.11682902666804379], [0.15872348740725076, 0.1344307728553699, 0.5158523950126294, -0.2230159292899226, 0.2551290651332683, 0.18915484785349915, 0.4930709739105324, -0.26583474485199593, -0.580150482143291, -0.5981600664984079, -0.5063522661102091, -0.007655763424366663]], "inverted": false, "swapped": true, "error_lsq": 0.049200084874064555, "error_max": 0.2809365510337938, "target": "981.xyz", "model": "11.xyz", "model_rescale": 3.6694154284099745, "target_rescale": 4.103544060224933},
{"mapping": [3, 8, 4, 1, 2, 12, 0, 9, 6, 10, 7, 11, 5, 13], "R": [[-0.925122834478692, 0.1443229245003532, -0.3511675306599059], [-0.029254408897051155, -0.9492803490562401, -0.31306708299619623], [-0.37853919306485917, -0.2793523086701244, 0.8824230090803826]], "T": [-0.004757081779568635, 0.06728759385040287, 0.0027317695792918872], "aligned_model": [[-0.3323325491623044, -0.4007855440105709, -0.44533811498580633, 0.2761553277602934, 0.20104309112865204, 0.6729552309203021, 0.16880140196360371, -0.36266938510335506, -0.253052153809428, 0.3054141838858563, 0.1111321933566887, -0.7280582667298696, 0.3816649119693641, 0.017238233299204465], [-0.3096522968885769, -0.5698187823476876, 0.26883014119959847, -0.04779051520577918, -0.4647800257687026, 0.029702509611502212, 0.6287055964253133, -0.38584043192235395, 0.5567527379231689, -0.36943329747224607, 0.131452072149355, 0.05837389748410504, 0.682068466306788, 0.13502982150208268], [-0.6985952101826371, -0.09653944388047561, -0.5566854312084685, -0.7874066620161624, -0.3148590211815902, -0.029854775561858643, -0.4039931294999595, 0.5606386097227289, 0.13921716585736715, 0.34419543726049884, 0.7339074763027582, 0.15032780873229318, 0.34521288451199517, -0.09646108543497]], "inverted": false, "swapped": false, "error_lsq": 0.04444525500481693, "error_max": 0.2374960815611104, "target": "981.xyz", "model": "12.xyz", "model_rescale": 3.9764082729961374, "target_rescale": 4.103544060224933},
{"mapping": [7, 3, 4, 2, 8, 1, 9, 14, 5, 11, 13, 6, 12, 15], "R": [[-0.4000963339759235, -0.9065826347159012, 0.13427900048258254], [0.758139292567001, -0.40972353653995414, -0.5072981733371413], [0.5149249815313233, -0.10116595295240366, 0.8512448022503271]], "T": [0.007119404017963144, 0.09672658489079392, -0.04465413525467867], "aligned_model": [[-0.26411786916226243, -0.2451002217833317, -0.6219001945013877, 0.3961010871395999, 0.35990275993953846, 0.617535208357675, 0.18342269914687484, -0.38607367102342566, -0.3594196074319945, 0.2004178991676732, -0.0004059003529543713, -0.6098370728816412, 0.4241588195146786, -0.0825153756464121], [-0.18668231004944405, -0.7004991670159142, 0.2209921057881627, -0.08463635065570424, -0.49370253383898066, 0.164997546090091, 0.6171220212136492, -0.3627097622550788, 0.8462421046526436, -0.5389683542728125, 0.1329389974568543, 0.23706795740588674, 0.44949758633305603, 0.04194005214415868], [-0.6905205601673682, -0.1408820323066773, -0.3683146777585312, -0.7170083943413113, -0.2077191412775581, -0.20606726957225038, -0.2887952102475093, 0.47795995586401985, -0.12650488085989822, 0.3901703521469013, 0.5661752821420029, 0.38351383467235756, 0.285261431840676, -0.068164066713334]], "inverted": false, "swapped": false, "error_lsq": 0.039155825653317225, "error_max": 0.23262225661346633, "target": "981.xyz", "model": "13.xyz", "model_rescale": 4.170626492500431, "target_rescale": 4.103544060224933},
{"mapping": [4, 8, 2, 5, 12, 11, 6, 7, 3, 10, 9, 0, 9, 13], "R": [[-0.36817738275388584, 0.32557648063741396, 0.8708876908558614], [-0.8978883684344281, -0.36763943337700816, -0.24215227617429796], [0.24133357134609285, -0.8711149191019449, 0.42768785937801923]], "T": [-0.1515989963231202, 0.048544746495943925, -0.05394961671690067], "aligned_model": [[-0.3926621279280259, -0.28792470789477337, -0.6304009553257631, 0.5139256422026832, 0.2709237988044504, 0.49899070156796776, 0.16255074720613552, -0.4390725557810947, -0.09526660673633262, 0.16852919440613776, 0.308745915757241, -0.7090112450556326, 0.308745915757241, -0.06590515649760356], [-0.318561474358806, -0.6815038911371427, 0.34707561325552655, 0.015210500006212574, -0.48048559574271915, 0.32490996428034685, 0.5433099708183025, -0.411418009759483, 0.7318941752471704, -0.30209500361916075, 0.2224530665416926, 0.04766339949885168, 0.2224530665416926, 0.08269411142408285], [-0.6108919115586555, -0.0547111017661255, -0.3924170049293371, -0.6729694967549229, -0.33199189007582885, -0.0500814739961777, -0.6572791937076499, 0.5487302471903657, 0.01908342059292467, 0.2508421353277667, 0.5895912884355756, 0.15853382903433189, 0.5895912884355756, -0.0969255128063238]], "inverted": false, "swapped": false, "error_lsq": 0.05031963080719667, "error_max": 0.38189039527356355, "target": "981.xyz", "model": "14.xyz", "model_rescale": 3.9786697098870705, "target_rescale": 4.103544060224933},
{"mapping": [6, 8, 0, 3, 2, 1, 10, 7, 4, 5, 11, 13], "R": [[-0.28644403130912144, 0.7311435710317088, 0.6191759810153974], [0.9003685660370498, 0.42635689392893705, -0.08692666041932046], [-0.32754581697797, 0.5325869671126677, -0.7804260760904678]], "T": [0.0020474532778557084, -0.05746749258531954, 0.10027190403969284], "aligned_model": [[-0.05851814339998868, -0.5800088156419482, 0.5051900678416945, 0.5639162023515422, -0.09455706045866824, 0.5575536739935745, -0.4940702563944221, -0.039081904724495194, 0.5482771899263558, 0.14170316312081302, -0.521539628807365, -0.04550989103975584], [-0.4660730116491471, -0.07612388074825063, 0.3316620428913652, -0.5022564211081266, 0.2804945914970122, 0.5668807294831907, -0.21976165593348357, 0.5517937721875811, -0.15833209570365386, -0.7247619585525379, 0.4712598685664516, -0.0401074907059618], [-0.5572215913334395, -0.406468137130732, -0.43097066231623576, -0.2575515363614849, -0.5189004418396913, 0.15858003328805637, 0.6118221645422321, 0.6104549977459159, 0.2569768079271614, 0.1546879902775404, 0.0007121625175301322, 0.03784470655697714]], "inverted": true, "swapped": true, "error_lsq": 0.057133981638697394, "error_max": 0.32015213961630884, "target": "981.xyz", "model": "15.xyz", "model_rescale": 3.769337070930944, "target_rescale": 4.103544060224933},
{"mapping": [11, 1, 8, 2, 10, 9, 12, 4, 6, 0, 13], "R": [[-0.9126171699117399, -0.09105165329344134, -0.3985467320337951], [0.06502059774943547, -0.9948006883246808, 0.07838311283081159], [-0.4036114753703032, 0.04562002785260642, 0.9137924217283347]], "T": [0.0932433208668957, -0.02060178795222723, -0.014852135476921045], "aligned_model": [[-0.372126039459196, -0.4184944654166741, -0.14564151724353708, -0.5284972089466154, 0.5402583284802631, 0.3971492153024804, 0.6553365320329493, 0.23616386711783477, 0.0646815427940801, -0.5525291356262724, 0.04632501165585772], [0.20862078977230694, -0.6762462917977179, 0.7025623699396798, 0.30002399378855193, 0.07263196758047125, -0.38213726574904794, 0.4010012690091225, -0.4599462686804444, 0.5763829294046476, -0.19115363697256765, 0.044324641330340385], [-0.5575275130462328, 0.08540964316881364, -0.1409103172620571, 0.1176734013967389, -0.5855016742704373, -0.27425054431836726, -0.16686901313346414, 0.33104837764307415, 0.4808471990435059, 0.47574235237367807, -0.021444304371475174]], "inverted": true, "swapped": true, "error_lsq": 0.05053166574279541, "error_max": 0.33577599144437875, "target": "981.xyz", "model": "16.xyz", "model_rescale": 3.7852294659196426, "target_rescale": 4.103544060224933},
{"mapping": [4, 12, 6, 3, 9, 10, 11, 8, 0, 1, 7, 2, 13], "R": [[-0.4422061912830787, -0.12158033435448756, -0.888634855657353], [-0.8373298489087374, -0.2991309742042147, 0.4576017749070789], [-0.32145358687901526, 0.9464348274286449, 0.030474725802325853]], "T": [-0.08668801518330557, 0.02571788602220519, -0.030929064883732454], "aligned_model": [[0.03440181757524642, -0.6254807662986888, 0.23861201405032925, 0.31226337452267283, -0.47796067060417424, -0.7971528705897265, -0.08090126611936829, 0.0001015730780163232, 0.7271612002859427, 0.38559089038396444, -0.2753490565359852, 0.46877351797068745, -0.05629390750263365], [-0.19556488088962698, -0.32136991678332477, -0.491484468149979, -0.6417617448099986, 0.13409453909410154, 0.15114949079095086, 0.6481012081790911, 0.06303456928264199, 0.10234364511973369, 0.44586196442815146, 0.7230573032134813, 0.2165217847665774, 0.04107212946107407], [-0.5500323395160924, 0.2947079650433192, 0.44824311083986856, -0.22297079914585852, -0.3852092351964078, 0.08595741031777965, 0.38884910382590887, 0.7352289232971672, -0.16720414625111304, -0.5806829100972192, -0.3645492840747564, 0.37154025526810963, 0.041876642832468086]], "inverted": false, "swapped": true, "error_lsq": 0.0522357150360582, "error_max": 0.2756952701126639, "target": "981.xyz", "model": "17.xyz", "model_rescale": 3.901054581598922, "target_rescale": 4.103544060224933},
{"mapping": [12, 13, 7, 11, 9, 10, 6, 2, 1, 5, 8, 0, 4, 14], "R": [[0.27161123893358124, 0.3332443357490398, -0.9028707258385035], [-0.2964068967105149, 0.9215018721499251, 0.25095268718749586], [0.9156256257157763, 0.19945553969585372, 0.3490661845799856]], "T": [-0.04314344306791526, 0.02344173584834572, -0.020101745508298605], "aligned_model": [[-0.32052054547605613, -0.20707999639746466, -0.4482304800806959, 0.26539766087545924, 0.33315342105859125, 0.7704708819279585, 0.07064375900579306, -0.47015235596540117, -0.28551694556975704, 0.19436735748360978, 0.058971727348759245, -0.7462296706786573, 0.4355467591726283, -0.03865301222213663], [-0.26163201184221385, -0.6838012209527246, 0.34219842681808255, 0.05136667311550289, -0.4698311442907882, 0.07185834195933835, 0.6001627395460926, -0.4106230893099435, 0.6665526847124824, -0.4490610612517856, 0.1086746070485951, 0.23892685577950074, 0.5450406010606592, -0.006232509396230393], [-0.6476127059819256, -0.04094412632925504, -0.43720567524700765, -0.7554612317343925, -0.2420750707122404, -0.1103309566489391, -0.48718964067176906, 0.5393526474984229, 0.09543587681402281, 0.3121869442624276, 0.6300721556732299, 0.16628612462234246, 0.3325514609111841, -0.06596117903458107]], "inverted": true, "swapped": false, "error_lsq": 0.038104713668054, "error_max": 0.270114923540978, "target": "981.xyz", "model": "18.xyz", "model_rescale": 3.9405287249114394, "target_rescale": 4.103544060224933},
{"mapping": [10, 3, 11, 2, 1, 6, 5, 12, 9, 0, 4, 13, 8, 15], "R": [[0.1509579506192849, 0.33753549308134767, 0.9291294248139798], [-0.09573558981132407, -0.9304906123438599, 0.3535843848127721], [0.9838934871155023, -0.14232712759793933, -0.10815079639751374]], "T": [-0.13483431909391647, 0.0024883178642797626, 0.06743784209059378], "aligned_model": [[-0.3657119784746623, -0.24735722081112688, -0.5589766691451459, 0.2585011257728041, 0.29848857618106034, 0.5689690370623011, 0.24126737699902073, -0.3332692834885355, -0.2793846828125586, 0.45230101633526426, -0.004905480771393023, -0.7536858963605655, 0.4630471190868, -0.12711447909063267], [-0.1926932250639904, -0.7834591675625324, 0.3553117750266167, -0.03398785341146483, -0.4838311368639932, 0.05626325655996252, 0.5559914235306045, -0.4294810204604594, 0.7529963622945183, -0.10105938329124227, -0.03203914734183515, 0.22471230918307106, 0.4553840342672321, -0.0005083338699201204], [-0.6581679108121337, -0.24087002614240294, -0.39606197114437725, -0.7066952212477499, -0.03860026597789837, -0.1776183706928, -0.42596307904009945, 0.3397705758234044, -0.0022235859082802983, 0.4098180830973158, 0.7861807583928542, 0.2051660830903735, 0.16590312266588864, 0.02846643131742501]], "inverted": true, "swapped": false, "error_lsq": 0.04714802976409867, "error_max": 0.33786509797126124, "target": "981.xyz", "model": "19.xyz", "model_rescale": 4.410303926677745, "target_rescale": 4.103544060224933},
{"mapping": [3, 0, 6, 5, 1, 8, 10, 2, 11, 7, 12, 4, 9, 13], "R": [[-0.3303556691827919, 0.7907406228775338, -0.5153585151814607], [0.21790100752651093, -0.4673693838991842, -0.8567876107371235], [-0.9183595607155846, -0.3953417841879948, -0.017905052843591118]], "T": [-0.07829253601313195, -0.02118899074051233, -0.06374538736005485], "aligned_model": [[-0.3444859729600272, -0.4363822045167363, -0.6022699114784272, 0.4806904047646147, 0.2875483825972247, 0.6818454760531669, 0.22233830512473235, -0.38582925419334885, -0.3715522128689242, 0.3001283104599633, 0.10624027525817208, -0.6244140855398392, 0.30549401238019414, -0.0071829645981347084], [-0.14696310911632582, -0.5840295185211299, 0.17102070997098182, 0.016063062226955173, -0.6760103578666701, 0.08784596625132607, 0.5693372729643317, -0.46026622925776023, 0.7331609884002632, -0.32622647995854104, 0.28518427113626205, 0.13803239465558967, 0.5283761260247469, 0.008074796086538081], [-0.7265308888426937, -0.324785043583698, -0.22188761490044745, -0.6844071949795925, -0.041625473306087395, -0.026878570668561315, -0.5495785297441136, 0.32515186557586107, 0.11538639484072623, 0.45644972804171435, 0.6016552462884744, 0.35037198560193084, 0.09291601342437077, -0.07713329432636397]], "inverted": true, "swapped": false, "error_lsq": 0.04388847444163557, "error_max": 0.2990236352723242, "target": "981.xyz", "model": "20.xyz", "model_rescale": 4.121658175737393, "target_rescale": 4.103544060224933},
{"mapping": [12, 10, 9, 5, 4, 8, 7, 6, 11, 0, 1, 3, 13], "R": [[-0.9046349037326484, 0.1726104857538198, 0.3896682064993913], [0.08410841172593528, 0.9686368187875289, -0.23381293455691515], [-0.4178055361356075, -0.17874096759558541, -0.8907806691197511]], "T": [0.049211674900983715, -0.022166651121911168, 0.04425972633116569], "aligned_model": [[0.2219924898752327, -0.09287667666112154, 0.1313220668645134, 0.6583074665441178, 0.4828133322859095, -0.34368533723207323, -0.4056829834326834, 0.2725255586413778, -0.6968953626640064, 0.018296746016531418, -0.08153541957441207, 0.7157913349636595, 0.000709689037248995], [-0.4432633239282974, -0.029209245892367907, 0.36181206565352486, -0.25001910042237807, 0.3262166705718704, -0.6855199797453249, 0.6080222393053096, -0.7038801264424772, -0.10220580813492611, 0.09092292218435262, 0.6343756005119742, -0.1855686164211444, -0.08085639307693265], [0.6007050775551566, 0.7611398756844767, 0.41327525104933677, 0.25599614264650355, -0.10973924815354326, 0.005306811232465451, 0.2148777621527556, -0.2529304569917029, 0.06719918860976472, -0.7761352796631087, -0.4593821808768864, -0.3687083731023221, 0.01850516933889311]], "inverted": true, "swapped": true, "error_lsq": 0.04990975894113075, "error_max": 0.2566038811887338, "target": "981.xyz", "model": "21.xyz", "model_rescale": 4.08911054899281, "target_rescale": 4.103544060224933},
{"mapping": [9, 10, 14, 11, 5, 8, 15, 7, 2, 6, 0, 13, 1, 16], "R": [[0.9797614825037835, -0.14911147611226844, 0.13354102400988455], [0.20016598131579127, 0.7264824998562098, -0.6573863075289584], [0.0010086257355776118, 0.6708121533591148, 0.7416266160136333]], "T": [-0.10856853005729859, 0.07382886531581456, -0.04666287549929206], "aligned_model": [[-0.3103085415028393, -0.23035501459935015, -0.576268605035767, 0.4941564379549479, 0.1736691211556805, 0.5635138228228828, 0.0027217850211100902, -0.38871186511124756, -0.09420309009578018, 0.2436047706378317, 0.02480572349202738, -0.6801270743679718, 0.5167669733921412, -0.12709588328103505], [-0.291709358451175, -0.7219359098946467, 0.25999982214217854, 0.17597582688755342, -0.4409905515164455, -0.09281740734149041, 0.5901197413323002, -0.3890719373606796, 0.7927797490395481, -0.38589018438926725, 0.1538919646250821, 0.07763411178751964, 0.5349654551022818, 0.08064857103380785], [-0.6239239830665227, -0.10199716804983662, -0.4446824738189661, -0.5072946605887989, -0.43785583330712396, -0.010658031151072903, -0.5492215437222685, 0.41489833031824835, 0.017812626056161115, 0.4225881129569098, 0.7122051016867458, 0.2850543482817348, 0.1155312518659808, -0.0033514540396717626]], "inverted": true, "swapped": false, "error_lsq": 0.049356726909488814, "error_max": 0.2793288152285336, "target": "981.xyz", "model": "22.xyz", "model_rescale": 4.204369325754507, "target_rescale": 4.103544060224933},
{"mapping": [10, 3, 11, 2, 1, 6, 5, 12, 9, 0, 4, 13, 8, 15], "R": [[0.1509579506192849, 0.33753549308134767, 0.9291294248139798], [-0.09573558981132407, -0.9304906123438599, 0.3535843848127721], [0.9838934871155023, -0.14232712759793933, -0.10815079639751374]], "T": [-0.13483431909391647, 0.0024883178642797626, 0.06743784209059378], "aligned_model": [[-0.3657119784746623, -0.24735722081112688, -0.5589766691451459, 0.2585011257728041, 0.29848857618106034, 0.5689690370623011, 0.24126737699902073, -0.3332692834885355, -0.2793846828125586, 0.45230101633526426, -0.004905480771393023, -0.7536858963605655, 0.4630471190868, -0.12711447909063267], [-0.1926932250639904, -0.7834591675625324, 0.3553117750266167, -0.03398785341146483, -0.4838311368639932, 0.05626325655996252, 0.5559914235306045, -0.4294810204604594, 0.7529963622945183, -0.10105938329124227, -0.03203914734183515, 0.22471230918307106, 0.4553840342672321, -0.0005083338699201204], [-0.6581679108121337, -0.24087002614240294, -0.39606197114437725, -0.7066952212477499, -0.03860026597789837, -0.1776183706928, -0.42596307904009945, 0.3397705758234044, -0.0022235859082802983, 0.4098180830973158, 0.7861807583928542, 0.2051660830903735, 0.16590312266588864, 0.02846643131742501]], "inverted": true, "swapped": false, "error_lsq": 0.04714802976409867, "error_max": 0.33786509797126124, "target": "981.xyz", "model": "23.xyz", "model_rescale": 4.410303926677745, "target_rescale": 4.103544060224933},
{"mapping": [12, 0, 7, 6, 5, 15, 14, 3, 11, 4, 8, 1, 9, 16], "R": [[0.4307492723694787, 0.1299548151088826, -0.8930659608243845], [-0.8468029026460119, -0.2839759899870564, -0.44975824748542437], [-0.31205754024450977, 0.9499838857269568, -0.012276336410299377]], "T": [-0.04042635947103115, 0.09641786744751374, -0.07150299929635807], "aligned_model": [[-0.13370811995171397, -0.4938517652138463, -0.6206541862538558, 0.38416895246806276, 0.31189401895233854, 0.6629475746665708, 0.26857840690090423, -0.47089904010377104, -0.2682108933067064, 0.16262402057445852, 0.4492218054134862, -0.8335849921108539, 0.31085483670097236, -0.1172120582534158], [-0.42268822695608993, -0.48915781577183254, 0.17797007849006327, 0.01698267430860456, -0.4094125454863889, 0.2007760315579599, 0.6129195243182095, -0.43605557658580435, 0.6812613583283476, -0.3645437099606074, 0.05633454361977236, 0.16324893271804802, 0.5218728252550563, 0.03409179916122913], [-0.678135681154465, -0.21946357423213897, -0.38553453048908676, -0.697048330131882, -0.19643489164840577, -0.13223744746244254, -0.3811674674290245, 0.5119490443732321, 0.0109214141401167, 0.39771905933681123, 0.5875453062401929, 0.2490720180616227, 0.22516109310670424, -0.0032413892897141944]], "inverted": true, "swapped": false, "error_lsq": 0.04493399629618061, "error_max": 0.31417212466025335, "target": "981.xyz", "model": "24.xyz", "model_rescale": 4.28219845311461, "target_rescale": 4.103544060224933},
{"mapping": [14, 12, 2, 10, 11, 8, 6, 7, 0, 9, 3, 4, 1, 15], "R": [[-0.8271214460312276, -0.5110628419372324, 0.23384799572853096], [-0.4184825450891496, 0.2822918921630278, -0.8632402024203494], [0.3751565979306768, -0.811865788914681, -0.4473605568431615]], "T": [-0.04870758641580181, -0.04738689366879508, 0.002319374601015889], "aligned_model": [[-0.17260956943209016, -0.17551351276430013, -0.5678015785995789, 0.40684435762744875, 0.25037191546285764, 0.5295506983568106, 0.07417817828022313, -0.47020041142674845, -0.2551847682076752, 0.13482996420873822, 0.09786926583516792, -0.4766546404888377, 0.30898938977914786, -0.07250072814853344], [-0.20213400944628984, -0.7413564574561701, 0.2121340148630471, -0.0483092449228972, -0.42686157600618874, 0.27180916385597237, 0.5803908051447473, -0.34651914287347235, 0.7396393503187216, -0.568646433209488, 0.11255779965591275, 0.3558581479100495, 0.3823303497527047, 0.0227071254099181], [-0.7331031255020248, -0.29220804655478066, -0.36095786071856134, -0.6474316503111865, -0.24873338533111805, -0.21140308533547705, -0.632496649667802, 0.5840492962143602, -0.05693462703595237, 0.3915187371742849, 0.7459444591169211, 0.43694947983763904, 0.3142061533748017, -0.00029507183958392066]], "inverted": false, "swapped": false, "error_lsq": 0.04447762035514937, "error_max": 0.2741362549133502, "target": "981.xyz", "model": "25.xyz", "model_rescale": 4.100010024507729, "target_rescale": 4.103544060224933},
{"mapping": [7, 1, 4, 0, 10, 12, 9, 6, 2, 8, 11, 13], "R": [[0.38598053531578724, 0.19120552754137174, -0.9024740841680523], [0.4918714166768804, 0.784968403573286, 0.37667906080360497], [0.7804367596504009, -0.5892919918251334, 0.208933990908971]], "T": [0.038441895695452526, 0.10038394845477776, 0.07056553240846547], "aligned_model": [[-0.639318157146701, -0.02387515888798592, 0.2723723508220636, 0.4684982870154435, -0.48962710021824996, -0.004230145439591944, -0.29586043048346955, 0.6606471897218354, 0.23663517722074665, 0.08412218815955935, -0.4394793287391776, 0.046880730338534106], [-0.307104931992096, -0.7325839485023129, -0.18262342321615022, -0.5443286820332051, 0.5707404986062535, 0.8081428890116686, 0.0911462268499958, 0.42072717643528296, -0.10988561143784413, 0.4833231271510433, 0.05174904250995965, 0.11682902666804379], [0.15872348740725076, 0.1344307728553699, 0.5158523950126294, -0.2230159292899226, 0.2551290651332683, 0.18915484785349915, 0.4930709739105324, -0.26583474485199593, -0.580150482143291, -0.5981600664984079, -0.5063522661102091, -0.007655763424366663]], "inverted": false, "swapped": true, "error_lsq": 0.049200084874064555, "error_max": 0.2809365510337938, "target": "981.xyz", "model": "26.xyz", "model_rescale": 3.6694154284099745, "target_rescale": 4.103544060224933},
{"mapping": [5, 1, 7, 4, 0, 4, 8, 6, 9, 2, 11, 3, 10, 13], "R": [[0.8560954565023758, 0.009201933999367362, -0.5167358065459178], [-0.33405241026435845, -0.7530558234687632, -0.5668473462373763], [-0.39434700018202445, 0.6578922792908078, -0.6416137407326812]], "T": [-0.0846484106331119, 0.07484626853554904, -0.024876241171103992], "aligned_model": [[-0.23094453962237005, -0.5125611587072881, -0.6177114542690665, 0.6722137383615938, 0.1955843184172119, 0.6722137383615938, 0.07793463327515349, -0.3786411027132576, -0.2927859760509304, 0.31583374320518975, 0.2286017591515656, -0.8467868338918165, 0.37935052231778693, -0.05013282735273561], [-0.25599598219794606, -0.6659504746138789, 0.21896491204477458, 0.04069619923142301, -0.4801730979954239, 0.04069619923142301, 0.5158462948906821, -0.4244287896001992, 0.6805579117339455, -0.29400802495100836, 0.30007658699277195, 0.1804977225198565, 0.44396289967782837, 0.04285753603231844], [-0.7285234166031551, -0.2434111790427318, -0.3268731497994487, -0.34350459878317474, -0.24927869988692744, -0.34350459878317474, -0.45782303122542956, 0.3432041102895592, 0.20890933286244204, 0.382174370960668, 0.7414925369133901, 0.22172873525329806, 0.07685193942423812, 0.0076622718419658495]], "inverted": true, "swapped": false, "error_lsq": 0.052657739570414176, "error_max": 0.4011855860207416, "target": "981.xyz", "model": "27.xyz", "model_rescale": 4.103607728864725, "target_rescale": 4.103544060224933},
