[{"mapping": [9, 11, 13, 2, 3, 8, 6, 5, 14, 1, 4, 15], "R": [[-0.44249180211446115, 0.8778354468209563, 0.18331921166683163], [-0.18924494749974427, 0.10841077955136386, -0.9759269709987959], [-0.8765770672948932, -0.4665319187169487, 0.11815504183472988]], "T": [-0.026672595498394715, -0.048914878366607864, 0.0015008891106747645], "aligned_model": [[-0.31168609087835464, 0.2206284338067637, 0.4159959971068665, 0.03374396998354772, -0.1393149256344728, -0.5190440029064327, 0.23003519807429637, -0.24504480676516235, 0.5985976878760845, 0.04460843538879821, -0.43096109305116487, -0.05991634054022055], [-0.3056198008630171, -0.678240749096427, -0.39618536245701436, 0.6482115332813908, 0.41946532938249587, -0.5867328851984687, -0.21291952224906668, -0.49306386117799234, 0.26404228579802563, 0.32440971604059676, 0.09860278907848481, -0.028414436561950786], [-0.6207662931145324, 0.1097009824238107, -0.5842759046867863, -0.02411424221985685, -0.5651492767089261, -0.03171223355942721, 0.7288839866873659, 0.5293531265470962, -0.2550669469594388, 0.4860237595532712, 0.44675391688157223, -0.03767912949058618]], "inverted": false, "swapped": true, "error_lsq": 0.04697577816877793, "error_max": 0.2631460758571857, "target": "982.xyz", "model": "0.xyz", "model_rescale": 3.751011558992144, "target_rescale": 4.0544664084319715},
{"mapping": [14, 3, 12, 10, 9, 11, 0, 2, 13, 5, 8, 4, 1, 6, 15], "R": [[0.31702452960586835, 0.4322891002966354, 0.844169166336288], [0.9401535301807658, -0.025997780236993284, -0.33975793605358684], [-0.12492712802599026, 0.9013602216580643, -0.4146600577529784]], "T": [0.05281851608915346, -0.021986969294626006, 0.03186448771604475], "aligned_model": [[-0.029020921426058874, 0.27398703356490284, -0.499342643309878, 0.1189826116477125, -0.2861125737744639, -0.5302400231077601, 0.586351073352108, 0.602767420835906, -0.6347244233926383, -0.032402327564985886, -0.21596874906749547, 0.5046777226097339, 0.5212382257388346, 0.0907022219780899, 0.06819156300502724], [0.02550949212162957, -0.6319458218768683, 0.2944609904351631, 0.6617700914323571, -0.6563441541014454, 0.2890686340665878, -0.4165847740773197, -0.11869411023319376, -0.24693524344657142, 0.3853791110557196, -0.21589910699172693, 0.13258029692694723, 0.370297990621282, 0.7512187731019754, -0.07512481920743022], [-0.7069037851537364, -0.331722378118096, -0.40779997753617314, -0.4077795615142603, 0.1624908030775234, 0.211317162105031, 0.1562807337144894, -0.39062274429726085, -0.33741820139345013, 0.6237876335208309, 0.6821970270883393, 0.4260638381676275, -0.04501292100108692, 0.18219841565406864, 0.03259036053813011]], "inverted": true, "swapped": true, "error_lsq": 0.03798423234532322, "error_max": 0.2808042234285793, "target": "982.xyz", "model": "1.xyz", "model_rescale": 3.9405287249114394, "target_rescale": 4.0544664084319715},
{"mapping": [10, 14, 12, 0, 3, 11, 1, 2, 9, 8, 7, 5, 15], "R": [[-0.2314125682706214, -0.06961487226984131, 0.9703617844934169], [0.8299370519636233, -0.534546834165669, 0.15957497254077985], [0.5075950285654154, 0.8422668529880031, 0.18147681761966367]], "T": [-0.06323026691917262, -0.03253821149775821, 0.017042214820570688], "aligned_model": [[-0.19705016433760536, 0.1745484372154451, -0.4392262008551279, 0.47957349670256716, 0.5863550181007788, -0.7284622488358831, 0.0915801495711266, 0.5674046052068, -0.016776146090008964, -0.4335121618583245, 0.03972800445693726, -0.6046185775518801, -0.02356093244089385], [0.770941895645052, 0.4703941416751935, 0.3960659180237156, -0.3166374335297388, -0.2100599293499972, -0.016536208872340433, 0.3859354034166531, 0.2629242904560037, -0.6435684305079603, -0.6446431371126804, -0.795159949136278, -0.1310567583531119, -0.0697672087824941], [0.05827628009920264, -0.4781875342564117, -0.5056925716556269, 0.3007595489863068, -0.2986882416597923, -0.1445945910292992, 0.44145736382227974, 0.0897958961900413, -0.3814934071399048, 0.16195529615310003, 0.3756219498356216, 0.48690976976380573, 0.007000590479321138]], "inverted": true, "swapped": true, "error_lsq": 0.040722406590927, "error_max": 0.21910392974086526, "target": "982.xyz", "model": "2.xyz", "model_rescale": 3.932901565614263, "target_rescale": 4.0544664084319715},
{"mapping": [8, 5, 7, 11, 9, 3, 0, 13, 12, 14, 1, 10, 2, 15], "R": [[-0.6910492381191339, -0.5731184581134136, -0.4404386262178513], [-0.6391851837664667, 0.2000411755676541, 0.7425805201666275], [-0.3374807421889326, 0.7946815469401655, -0.5045671289376596]], "T": [0.09025295501194117, -0.08153887653027103, -0.005391379189309004], "aligned_model": [[-0.06820116495418646, 0.3629910983842337, 0.18386949452702694, -0.2033763186143507, -0.4693995740263215, -0.11022098342712536, 0.3770623549711335, -0.6869226660691496, -0.32815621822654206, -0.13827379853304272, 0.6543675651416263, 0.3685993849294268, 0.39992546290510256, 0.07754527504487276], [-0.07967039601135212, 0.33994793401468815, -0.5576596858166767, 0.4918200392140497, -0.44675926287499257, -0.7354613895082136, -0.6868078565386184, 0.058851989589853604, 0.45110201029002006, -0.034252831256124244, 0.012316192584571423, 0.450632474509278, -0.4655921775330268, -0.13497040231296817], [-0.7179008341928039, -0.5264916572923186, -0.7020381083287591, -0.23767894722599947, -0.30161709042379653, 0.2867665763763436, -0.09044224280583514, 0.18427987023559234, 0.36817728733497274, 0.7019075118146237, 0.223039316592277, 0.5464285314188851, 0.49149646529773, -0.012030315743814047]], "inverted": false, "swapped": true, "error_lsq": 0.04361613339163125, "error_max": 0.27275467836049583, "target": "982.xyz", "model": "3.xyz", "model_rescale": 3.9243930471874484, "target_rescale": 4.0544664084319715},
{"mapping": [1, 4, 10, 14, 12, 0, 3, 6, 11, 8, 13, 9, 15], "R": [[-0.5579375232706236, 0.7710561344909231, 0.3068845997937302], [0.04043190300018329, -0.34409763689493694, 0.9380629389881598], [0.8288974492338761, 0.5357884412221261, 0.16080971645500225]], "T": [-0.06908429448008858, -0.07197452696892899, -0.1162429289897864], "aligned_model": [[0.0398295187635762, -0.40782183826782864, 0.6273366885023431, 0.4666650662573456, 0.6459330840820358, -0.6261153275772506, -0.3249898512986048, 0.3210465118393067, 0.2606170923909887, -0.4977775940421285, 0.30602982487605906, -0.42313377929067386, -0.11041350992381538], [-0.3267653234140502, -0.04877891273129113, -0.23915006507950742, -0.5256132567588806, 0.06660869759186995, -0.44156881273241405, -0.6388427913580611, 0.21916193019677127, 0.5213829956420352, 0.5095940727463166, 0.057846520901030804, 0.06994240772241318, -0.09598790904464549], [-0.666182999785835, -0.6341036729256986, -0.5064203880746577, 0.1325877236293424, 0.14427758343874875, -0.2109018512575892, 0.291597040594876, -0.7366622246325126, -0.026021220324551272, -0.012411615991604605, 0.5923631796070481, 0.5073395449543275, -0.08839078386093005]], "inverted": false, "swapped": true, "error_lsq": 0.043520752067096935, "error_max": 0.2690766270438573, "target": "982.xyz", "model": "4.xyz", "model_rescale": 3.8936222436046832, "target_rescale": 4.0544664084319715},
{"mapping": [5, 10, 11, 8, 13, 14, 2, 3, 7, 4, 9, 15], "R": [[-0.3792131004765724, 0.9209546024002137, 0.08966629659359099], [-0.9196713453194268, -0.36444763482729503, -0.14622769254538143], [-0.10199039673077542, -0.13791498028370758, 0.9851788757317343]], "T": [-0.10853190717222028, -0.09639970421655791, -0.00975331013715557], "aligned_model": [[0.19133315513178667, -0.7355454581997762, -0.29172285350428084, 0.4225881168692903, -0.5695146944528142, -0.7777777782235683, -0.2293527697422231, -0.085204175211883, 0.7223564736090945, 0.3189739127278589, 0.14206454297980786, -0.08065042976819527], [-0.466277829562599, -0.6177780020108743, -0.040570715604338094, 0.11420221971160877, 0.5349304580733705, 0.025210707882797903, -0.26874685729074826, 0.32389657922023435, 0.07784819058078407, -0.5399114600230837, 0.5886309017878821, -0.06251128765522682], [-0.5545962626954813, -0.0241398689897791, -0.6672031653129765, -0.46399913843166735, -0.23021605112784715, 0.2936491290893923, 0.6580717479057361, 0.6034086383102073, -0.015577103429814356, 0.05346857384333559, -0.05751358510999395, 0.02393180522440656]], "inverted": true, "swapped": true, "error_lsq": 0.04360744002121291, "error_max": 0.24701373057549347, "target": "982.xyz", "model": "5.xyz", "model_rescale": 3.6523030999806103, "target_rescale": 4.0544664084319715},
{"mapping": [7, 4, 5, 8, 11, 0, 1, 9, 2, 14, 10, 13, 15], "R": [[0.37873427139038707, 0.038211129984827646, 0.9247163139145298], [-0.9179055966519232, 0.1432887767851593, 0.3700238398839861], [-0.11836244045080227, -0.9889429892530184, 0.08934258054161459]], "T": [0.06240930537910064, -0.022847632640509964, -0.026834974806276515], "aligned_model": [[0.1753394967739986, -0.20213136142016355, 0.3585028949277931, 0.5746085734453579, 0.6555916366020599, -0.3615033066743292, -0.4137370732798141, 0.45098940196424453, -0.6054888618405003, -0.15725470251599127, -0.2004766196927513, 0.5558729703946488, 0.050769855979741534], [-0.5752929960216511, 0.05727219178116027, 0.33502326045022673, -0.2516823138738093, 0.31820026194248535, -0.4701456324098501, 0.33438899320034543, -0.635966276344338, -0.1264460795046974, 0.09788509918882965, 0.6899521769682799, -0.1554330159170465, -0.07692876529675174], [0.6078481264948428, 0.5272949373489061, 0.5279980958187274, 0.4401420281395984, -0.05398578296383429, 0.24896643239027827, 0.13090300217903922, -0.11307645634357287, -0.2097855970707424, -0.7281932994017442, -0.323475696015442, -0.6581838891175139, -0.026342161976752897]], "inverted": false, "swapped": true, "error_lsq": 0.04398579185117305, "error_max": 0.24751836794916238, "target": "982.xyz", "model": "6.xyz", "model_rescale": 4.08911054899281, "target_rescale": 4.0544664084319715},
{"mapping": [9, 3, 13, 8, 5, 6, 11, 12, 4, 0, 1, 2, 10, 14, 15], "R": [[-0.19551454414661534, -0.9784927840524337, -0.06577183732007948], [0.9125128354640796, -0.1569399880646422, -0.3777435178260189], [0.35929707505133834, -0.1338719974587208, 0.9235712750816611]], "T": [-0.03351131560757903, -0.11040407438210381, -0.046208288668237674], "aligned_model": [[0.12751473075753947, 0.23179714037097804, 0.6753098437699664, -0.4018107488107393, -0.5343229481109486, -0.28398412539764967, 0.09032243879109622, 0.5869273560747227, -0.6260599614549484, -0.3715074979211466, -0.27622332093908675, 0.03317895556749634, 0.2027427958648268, 0.6176436968104532, -0.03519481557300517], [-0.7185083307941487, -0.7000796929336852, -0.22969243034771505, -0.3405179561559948, 0.24282859276367258, 0.6367723842021944, 0.23671745807739158, 0.30022952822185456, -0.040314413807973834, -0.5654628213510478, 0.24004218708672448, -0.21800811956455032, 0.6037365305029168, 0.01761323059565645, -0.16459733032618223], [-0.41853392783731497, 0.3212897549252543, -0.42440080089030097, -0.6328803024376434, -0.43091222387419914, -0.07575987795760153, -0.6233460138540958, -0.2577786038477143, 0.119425198242233, 0.3205667609408144, 0.3981935007364156, 0.6424609406036227, 0.26903048896793, 0.2919350061166436, -0.03521986775196293]], "inverted": true, "swapped": true, "error_lsq": 0.04519373784698525, "error_max": 0.3487075913505528, "target": "982.xyz", "model": "7.xyz", "model_rescale": 3.964800864290218, "target_rescale": 4.0544664084319715},
{"mapping": [11, 5, 8, 12, 9, 10, 13, 4, 1, 2, 14, 3, 0, 15], "R": [[-0.1026138671981769, 0.9437409359157769, 0.31436195720132615], [-0.9779993349463054, -0.15342185194366617, 0.141347218546247], [0.18162514997438994, -0.29294160036257955, 0.9387212172278794]], "T": [0.07446744593099557, -0.015752990548377654, 0.043988386711264114], "aligned_model": [[-0.23846714460204976, 0.3610013852374783, 0.42317077320167557, -0.6737811354078248, 0.09755651131223081, -0.36121412561656463, -0.5855992873220963, 0.6178057606846947, 0.22890817808061986, 0.13918055834305815, -0.5303998616216459, 0.08860121281337517, 0.597468633337579, 0.09695643102034188], [-0.17898935775413033, -0.430574944104108, 0.1915810820119719, -0.14586623536001125, 0.6728153811216101, -0.6587131988284107, 0.40531269979736967, -0.3102852020722723, -0.5083850173794241, -0.03237177950667271, 0.014722207603900524, 0.5422610593220637, 0.21800209281711153, 0.03143967851220415], [-0.5428181753921185, -0.47505282034871293, -0.5628060551955184, -0.10271097668400797, -0.2003209427312521, 0.29293021614346093, -0.17211880015995598, 0.08265571525258852, 0.37966143675997044, 0.741001700135357, 0.4775076722459094, 0.5354975735571087, 0.40130076886350813, 0.062087726278684]], "inverted": true, "swapped": true, "error_lsq": 0.04166379364487308, "error_max": 0.2488436047181339, "target": "982.xyz", "model": "8.xyz", "model_rescale": 4.121658175737393, "target_rescale": 4.0544664084319715},
{"mapping": [5, 1, 0, 7, 6, 11, 14, 13, 3, 12, 8, 9, 15], "R": [[-0.6560910226468798, -0.316695345436028, 0.6850172466305697], [-0.6319235267843637, 0.726759496750239, -0.2692457802450232], [-0.4125739040445765, -0.6095282537032181, -0.676947621045323]], "T": [-0.02281203580781767, -0.07318209244597164, -0.12373637102854043], "aligned_model": [[-0.6740180740396058, -0.20605841903582658, 0.3730281693413178, 0.09583073485919903, -0.7377887598933324, -0.5080722446762582, 0.2783095842139838, 0.1860337148386038, 0.7192444284944628, -0.20355270357538605, -0.23945875332300165, 0.3681115231941224, 0.025128296036918057], [0.22460353000699884, -0.39592329585188635, 0.17729156605581198, 0.7257186593422806, -0.3535914044740387, -0.0174974384523343, -0.7134157022086176, -0.19015067374735653, -0.08763985997590899, -0.547378913069582, 0.6084036277387614, 0.4065672295507169, -0.04659988550313553], [-0.22783797996575875, -0.6151359322753264, -0.6099639904121339, -0.3853720499556228, -0.3027935878060997, 0.35619889529054727, 0.10898419803360646, 0.6524005547625313, -0.17173533683207623, 0.46004122831639904, 0.022160951267730378, 0.2653213559453159, -0.13119287241002348]], "inverted": true, "swapped": true, "error_lsq": 0.04122083474119405, "error_max": 0.2321652112830234, "target": "982.xyz", "model": "9.xyz", "model_rescale": 3.833441315466971, "target_rescale": 4.0544664084319715},
{"mapping": [14, 14, 11, 8, 9, 13, 3, 4, 6, 5, 10, 1, 2, 12, 15], "R": [[-0.7328591397342472, -0.013055380839856613, -0.6802551273890595], [-0.015290439572271813, -0.9992473463711006, 0.03565029071411079], [-0.6802085590211769, 0.03652804130308953, 0.7321079281314292]], "T": [-0.08764297489838625, 0.12774936603557377, -0.01883126244166214], "aligned_model": [[0.13494761142314604, 0.13494761142314604, -0.4838366711106686, -0.630011918043789, -0.7004439219700304, -0.6153784080053262, -0.0555154355395316, 0.2074450330547728, 0.24249874695476736, -0.18466996462790808, 0.4380326879726214, 0.5001252847527935, 0.4676755665521476, -0.23223937184374838, -0.09973183269786018], [-0.5804168470347145, -0.5804168470347145, 0.05470824585234091, 0.6124445155482823, 0.10891152775109676, -0.4893600095981925, -0.1147650076124444, 0.6717291822632363, 0.2808895426102639, 0.6340502369840302, -0.24663090593564993, 0.2482315216911805, -0.03459178863034415, -0.4983197067626517, 0.13463787920325843], [-0.07954546115658502, -0.07954546115658502, 0.5348939949759811, 0.041893233219141485, -0.41691001215577717, 9.108676437419305e-05, -0.7211953587348986, 0.002846774836276017, 0.6807665612733216, 0.4889363197191364, 0.4798598294003552, 0.11983082051824276, -0.4132399301683203, 0.41181418017620286, -0.07237466968877276]], "inverted": false, "swapped": true, "error_lsq": 0.04127525745767072, "error_max": 0.3591429622506838, "target": "982.xyz", "model": "10.xyz", "model_rescale": 4.2482417240324, "target_rescale": 4.0544664084319715},
{"mapping": [8, 11, 6, 12, 0, 2, 4, 14, 13, 3, 9, 15], "R": [[-0.6042084485682249, 0.7949899976633751, -0.05406527808090611], [0.06669094328497466, -0.01715958946183893, -0.9976261156231132], [-0.7940305213041492, -0.6063797919659659, -0.042650663919484855]], "T": [-0.03551784304872876, 0.0608826121705851, 0.057257976618561225], "aligned_model": [[-0.6471740258853801, 0.05781454728233854, 0.2790015166592653, 0.5618544785620777, -0.41871803944062325, 0.1948733949201757, -0.3165378724515061, 0.6019924987360319, 0.21016134745011983, -0.11082389483928554, -0.4676253916727047, -0.06805295695750221], [-0.33736994121690567, -0.6171857694142, -0.2772486529808671, -0.35237771055945244, 0.6130421838332473, 0.7200863496148108, 0.21938063692393583, 0.2620142396421288, -0.274279779791849, 0.6311245580887582, -0.015756570904069823, 0.09470184681510252], [0.05000949118313349, 0.03655904746059713, 0.6964976852038347, -0.20861476399605647, 0.12145483303484511, 0.10885100096923411, 0.5858097994560358, -0.2711606600739953, -0.6405920291283695, -0.41424371548034655, -0.5273410807677099, 0.02796268199315402]], "inverted": false, "swapped": true, "error_lsq": 0.04304102895910076, "error_max": 0.22428627101262447, "target": "982.xyz", "model": "11.xyz", "model_rescale": 3.6694154284099745, "target_rescale": 4.0544664084319715},
{"mapping": [14, 3, 0, 9, 13, 10, 12, 6, 8, 5, 4, 11, 2, 15], "R": [[-0.6633069098575498, -0.1795055304982328, -0.72649962687931], [-0.5542000611644914, 0.770195153931542, 0.31569244062163193], [0.5028779529274499, 0.6120271149066163, -0.6103577435230761]], "T": [0.01796486635268655, 0.12148823441332501, -0.024331594015810927], "aligned_model": [[-0.09019785797870336, -0.03520562618592545, -0.2883460556649134, 0.5884906167062294, 0.6391667803173693, -0.39383289531857035, 0.3000588529347884, -0.27047042973253943, 0.47692433103041354, 0.07477277715731798, -0.35911677519786034, 0.4675490431111166, -0.5355735026212217, 0.02404559169830857], [-0.4112938796295573, 0.38066622755321533, 0.6820962708861733, 0.4717579158988586, -0.2576112959440321, -0.5718631559665257, -0.5957590705347425, -0.2686456820064378, 0.5446756400323383, 0.19569684169248186, 0.4621070395221429, -0.21373156834520435, 0.14998019956359748, 0.16291180541394598], [-0.5334251143046481, -0.7194289904777316, -0.2428174470177838, -0.3178585506529127, -0.38499549894751833, 0.09763048451507897, -0.08994703008460853, 0.5973461298632414, 0.35388732715452165, 0.6931979663705626, 0.3295740083880715, 0.36862878910847374, -0.45220425281806537, -0.06049236144426617]], "inverted": true, "swapped": true, "error_lsq": 0.04200157696857699, "error_max": 0.24759351864307502, "target": "982.xyz", "model": "12.xyz", "model_rescale": 3.9764082729961374, "target_rescale": 4.0544664084319715},
{"mapping": [6, 4, 14, 13, 4, 0, 7, 5, 9, 12, 3, 2, 8, 10, 11, 15], "R": [[0.572820819456749, -0.7846925574750556, 0.23692593576929363], [-0.5956083243657855, -0.1998826004579794, 0.7780087852848049], [-0.5631403313056882, -0.5867746895337363, -0.5818663342895063]], "T": [0.07478871385895788, 0.005937636405566647, 0.03748369856436269], "aligned_model": [[0.09349698336422677, -0.355994080247256, -0.11829534699948738, 0.4457904736395055, -0.355994080247256, -0.18063676858195735, -0.6168009440148055, 0.3156191662856041, 0.35554006961997087, 0.7034136758211984, -0.6169978219671619, -0.22783364135222026, -0.2130760406017296, 0.421376673034933, 0.020574855705548845, -0.019649553807786282], [-0.26369729049098434, -0.5402706164898229, 0.3474777310274528, 0.20386784790021018, -0.5402706164898229, -0.5033762124369853, -0.16228378102831895, -0.7897662856651732, -0.3911908818751421, 0.07880490341322359, 0.4469679935371283, 0.09570641343441726, 0.5807975396802421, 0.6848127233108788, 0.7565180183834579, -0.007988873735202677], [-0.6770831720284751, -0.14125200170348434, -0.6588473640654433, -0.40710810500866945, -0.14125200170348434, 0.4874449855650037, 0.29133207606868233, -0.07058973674671375, 0.3909900531382856, 0.11954802421853859, -0.15057762189179968, 0.7700277523272089, 0.3312911378760112, 0.2927331880678739, -0.21596185086086556, -0.01227713632084941]], "inverted": false, "swapped": false, "error_lsq": 0.0452813716613346, "error_max": 0.4760950624843327, "target": "982.xyz", "model": "13.xyz", "model_rescale": 4.170626492500431, "target_rescale": 4.0544664084319715},
{"mapping": [8, 9, 11, 13, 6, 10, 12, 7, 4, 3, 0, 14, 1, 15], "R": [[-0.09432552130899718, -0.9727442369167786, -0.2118285759168962], [-0.9942822413004776, 0.10274726690085706, -0.02908304968367461], [0.05005517619872061, 0.20787411741147183, -0.9768740096072354]], "T": [0.019429949555301085, 0.02869280332338643, 0.09603600179501263], "aligned_model": [[0.35738513853456444, -0.08687404815125042, -0.2106505664750899, -0.6982586810697069, 0.15346939954287567, -0.28648289226385887, -0.672415977286707, 0.6671808709408775, 0.608787798002174, -0.1187410247842452, 0.45522249036582974, -0.6066235433612955, 0.251060929349571, 0.03012312874790505], [-0.379410391215019, -0.6897170241964573, 0.10393983218971281, -0.2985021481452201, 0.7226733566312284, 0.783093069230787, 0.25977348029539976, -0.5142553830656461, 0.21529321368648208, -0.38854470087447435, -0.20822356079495363, 0.2176707769867589, 0.5485058789691798, -0.01622193177211232], [-0.4059789339116911, 0.01276934789560874, -0.544523871790733, -0.09775052342332759, -0.25368817897292323, 0.1458944781824147, -0.1614072607189368, 0.01605001884791611, 0.13207103374263335, 0.6960213107099565, 0.5540745561264838, 0.45251393639389653, 0.33131478477976306, 0.12651240325980567]], "inverted": false, "swapped": true, "error_lsq": 0.04219965344647709, "error_max": 0.2619869410033377, "target": "982.xyz", "model": "14.xyz", "model_rescale": 3.9786697098870705, "target_rescale": 4.0544664084319715},
{"mapping": [11, 9, 10, 6, 14, 2, 7, 0, 1, 5, 3, 15], "R": [[-0.9837687020383471, 0.009885434032032958, -0.17916868890457507], [0.15782958905522518, 0.5227310614762136, -0.8377601435892076], [0.08537541630027246, -0.8524403296195865, -0.5158066718544903]], "T": [-0.025948146572842855, -0.03493537251221278, -0.07568449249053548], "aligned_model": [[-0.061634758377117856, -0.7566507526498265, 0.6859790966878756, 0.628714205271561, 0.129812545353176, 0.22989269454527392, -0.4921723079221113, -0.14781885826344424, 0.5438756237894439, 0.16502727203296075, -0.37670059594930233, -0.06496956775115216], [-0.560172357753588, -0.019364831841063357, 0.05801089210053642, -0.4629976939040752, 0.5000094295065896, 0.5802655532285241, -0.2909680319522217, 0.2612440045482634, 0.06392583947221402, -0.7153948600775635, 0.606715246243215, -0.006598699346391963], [-0.5135985090859048, -0.08901924380436653, -0.4626068204278554, -0.17599620276604477, -0.5699565168077771, 0.1396404134972391, 0.5860209218754525, 0.5186799796166967, 0.13583851247737844, 0.07951216154298389, 0.06002816970482085, -0.04857637194879284]], "inverted": false, "swapped": true, "error_lsq": 0.048333011428578924, "error_max": 0.27172345098235084, "target": "982.xyz", "model": "15.xyz", "model_rescale": 3.769337070930944, "target_rescale": 4.0544664084319715},
{"mapping": [2, 10, 0, 4, 3, 14, 9, 12, 8, 5, 15], "R": [[-0.7815370860888726, -0.5809155871836909, -0.22745738861321232], [-0.6214738256192256, 0.7568081299753927, 0.20251355133262913], [0.054498322340402666, 0.29963066426882423, -0.9524974529582242]], "T": [-0.012151583299574942, 0.0488346257907525, 0.05036766443793558], "aligned_model": [[-0.1898669364167468, -0.3512846484539603, -0.16855211854375457, -0.5543741705941971, 0.3474568431452622, 0.25890162762523394, 0.5861925652885585, 0.31187724785165194, 0.08242955025773778, -0.41127501882081224, 0.01112118935219747], [-0.006044574444599951, -0.6883702584005661, 0.5590310895503642, 0.3473077564084091, 0.2800641386375361, -0.5070358807953087, 0.46183609091039196, -0.6274460515380059, 0.5378699345263719, 0.14914923563691634, 0.08970301713383297], [-0.6246857088614622, -0.03152261888163739, -0.3632532494551308, 0.06958656991899673, -0.5582171003988678, -0.3646869164715857, 0.12626644912163093, 0.24004070212667225, 0.5839215968645818, 0.6455316657196817, 0.021236217540897603]], "inverted": true, "swapped": true, "error_lsq": 0.04036614760233686, "error_max": 0.23067044133522377, "target": "982.xyz", "model": "16.xyz", "model_rescale": 3.7852294659196426, "target_rescale": 4.0544664084319715},
{"mapping": [8, 13, 3, 9, 11, 12, 10, 14, 0, 4, 6, 2, 15], "R": [[0.15713525389893163, -0.535339684772886, -0.8298915193502012], [-0.9838543909330733, -0.1577530707302079, -0.08452518037189644], [-0.08566825213478962, 0.8297743009894059, -0.5514848683270585]], "T": [0.04852886446742956, 0.0826099299609652, -0.0723902265514044], "aligned_model": [[0.00021266871051169034, -0.5165764878112763, 0.4567608466536239, 0.051584750664432105, -0.5754573388118915, -0.6484387578200808, -0.26590709677300506, -0.1614938056923555, 0.7139086509681944, 0.4408796760531141, -0.23729477280520628, 0.5098096806693836, 0.08577783621083851], [-0.22198871143971113, -0.42265061800531245, -0.35598763843497827, -0.6384064421223983, 0.09406589074079107, 0.12258707311225339, 0.7294290403058109, 0.099685491498885, -0.03052843049146002, 0.41828638776118754, 0.7871616382040454, 0.2512704172751139, 0.04213152529864692], [-0.733953629187545, 0.21925072332689713, 0.3682224669680362, -0.19269238199504088, -0.3542165736835984, 0.26072245810635986, 0.3122438338621404, 0.6419843751779617, -0.09008967788606012, -0.41421337750496257, -0.2816611608070526, 0.42667407669812896, -0.06651643593209072]], "inverted": false, "swapped": true, "error_lsq": 0.0343757111764471, "error_max": 0.2408618296188779, "target": "982.xyz", "model": "17.xyz", "model_rescale": 3.901054581598922, "target_rescale": 4.0544664084319715},
{"mapping": [14, 3, 12, 10, 9, 11, 0, 2, 13, 5, 8, 4, 1, 6, 15], "R": [[0.31702452960586835, 0.4322891002966354, 0.844169166336288], [0.9401535301807658, -0.025997780236993284, -0.33975793605358684], [-0.12492712802599026, 0.9013602216580643, -0.4146600577529784]], "T": [0.05281851608915346, -0.021986969294626006, 0.03186448771604475], "aligned_model": [[-0.029020921426058874, 0.27398703356490284, -0.499342643309878, 0.1189826116477125, -0.2861125737744639, -0.5302400231077601, 0.586351073352108, 0.602767420835906, -0.6347244233926383, -0.032402327564985886, -0.21596874906749547, 0.5046777226097339, 0.5212382257388346, 0.0907022219780899, 0.06819156300502724], [0.02550949212162957, -0.6319458218768683, 0.2944609904351631, 0.6617700914323571, -0.6563441541014454, 0.2890686340665878, -0.4165847740773197, -0.11869411023319376, -0.24693524344657142, 0.3853791110557196, -0.21589910699172693, 0.13258029692694723, 0.370297990621282, 0.7512187731019754, -0.07512481920743022], [-0.7069037851537364, -0.331722378118096, -0.40779997753617314, -0.4077795615142603, 0.1624908030775234, 0.211317162105031, 0.1562807337144894, -0.39062274429726085, -0.33741820139345013, 0.6237876335208309, 0.6821970270883393, 0.4260638381676275, -0.04501292100108692, 0.18219841565406864, 0.03259036053813011]], "inverted": true, "swapped": true, "error_lsq": 0.03798423234532322, "error_max": 0.2808042234285793, "target": "982.xyz", "model": "18.xyz", "model_rescale": 3.9405287249114394, "target_rescale": 4.0544664084319715},
{"mapping": [1, 4, 0, 6, 12, 14, 13, 3, 10, 2, 7, 11, 9, 5, 8, 15], "R": [[0.7197685660887988, -0.5157551164936757, -0.4646825487158625], [0.0030716541747626835, 0.6717243861705574, -0.7407947853248016], [0.6942073006034334, 0.5317734563085894, 0.4850703195975935]], "T": [-0.11420068095440167, -0.054584954332864956, -0.014060541419055047], "aligned_model": [[0.30941749687203457, -0.6389620158950635, -0.08154822976809847, 0.42629803367348046, -0.33283137473789604, -0.180597141286235, -0.5912706585198964, 0.2802050596149382, 0.4227472526974188, 0.7343094815266509, -0.6162981366735465, -0.02655898522217652, -0.31326674375400354, 0.34667375581808363, -0.010578780814528732, -0.0772053938798348], [-0.28759381449085863, -0.016350627464167843, 0.12853689869707355, 0.3145963745813433, -0.5259581151283623, -0.622877230025115, -0.1410498483152202, -0.8076526236271326, -0.3432640903034048, 0.08476856088658538, 0.43827122902677323, 0.057112071503199045, 0.5437909380895618, 0.603786843283729, 0.6241619693532009, -0.05416992359164596], [-0.46325307751278966, -0.5218289002366074, -0.6759324794330178, -0.3744072376144919, -0.18768952870747693, 0.507834430313872, 0.4509748378654092, -0.06661329723276282, 0.48218063981127085, 0.11217885407778408, -0.03888948472872719, 0.6923783515422358, 0.42335098216676065, 0.1990215375824581, -0.3316093895260215, 0.0007219885639238102]], "inverted": false, "swapped": false, "error_lsq": 0.04052211141564091, "error_max": 0.2753639823518653, "target": "982.xyz", "model": "19.xyz", "model_rescale": 4.410303926677745, "target_rescale": 4.0544664084319715},
{"mapping": [11, 5, 8, 12, 9, 10, 13, 4, 1, 2, 14, 3, 0, 15], "R": [[-0.1026138671981769, 0.9437409359157769, 0.31436195720132615], [-0.9779993349463054, -0.15342185194366617, 0.141347218546247], [0.18162514997438994, -0.29294160036257955, 0.9387212172278794]], "T": [0.07446744593099557, -0.015752990548377654, 0.043988386711264114], "aligned_model": [[-0.23846714460204976, 0.3610013852374783, 0.42317077320167557, -0.6737811354078248, 0.09755651131223081, -0.36121412561656463, -0.5855992873220963, 0.6178057606846947, 0.22890817808061986, 0.13918055834305815, -0.5303998616216459, 0.08860121281337517, 0.597468633337579, 0.09695643102034188], [-0.17898935775413033, -0.430574944104108, 0.1915810820119719, -0.14586623536001125, 0.6728153811216101, -0.6587131988284107, 0.40531269979736967, -0.3102852020722723, -0.5083850173794241, -0.03237177950667271, 0.014722207603900524, 0.5422610593220637, 0.21800209281711153, 0.03143967851220415], [-0.5428181753921185, -0.47505282034871293, -0.5628060551955184, -0.10271097668400797, -0.2003209427312521, 0.29293021614346093, -0.17211880015995598, 0.08265571525258852, 0.37966143675997044, 0.741001700135357, 0.4775076722459094, 0.5354975735571087, 0.40130076886350813, 0.062087726278684]], "inverted": true, "swapped": true, "error_lsq": 0.04166379364487308, "error_max": 0.2488436047181339, "target": "982.xyz", "model": "20.xyz", "model_rescale": 4.121658175737393, "target_rescale": 4.0544664084319715},
{"mapping": [7, 4, 5, 8, 11, 0, 1, 9, 2, 14, 10, 13, 15], "R": [[0.37873427139038707, 0.038211129984827646, 0.9247163139145298], [-0.9179055966519232, 0.1432887767851593, 0.3700238398839861], [-0.11836244045080227, -0.9889429892530184, 0.08934258054161459]], "T": [0.06240930537910064, -0.022847632640509964, -0.026834974806276515], "aligned_model": [[0.1753394967739986, -0.20213136142016355, 0.3585028949277931, 0.5746085734453579, 0.6555916366020599, -0.3615033066743292, -0.4137370732798141, 0.45098940196424453, -0.6054888618405003, -0.15725470251599127, -0.2004766196927513, 0.5558729703946488, 0.050769855979741534], [-0.5752929960216511, 0.05727219178116027, 0.33502326045022673, -0.2516823138738093, 0.31820026194248535, -0.4701456324098501, 0.33438899320034543, -0.635966276344338, -0.1264460795046974, 0.09788509918882965, 0.6899521769682799, -0.1554330159170465, -0.07692876529675174], [0.6078481264948428, 0.5272949373489061, 0.5279980958187274, 0.4401420281395984, -0.05398578296383429, 0.24896643239027827, 0.13090300217903922, -0.11307645634357287, -0.2097855970707424, -0.7281932994017442, -0.323475696015442, -0.6581838891175139, -0.026342161976752897]], "inverted": false, "swapped": true, "error_lsq": 0.04398579185117305, "error_max": 0.24751836794916238, "target": "982.xyz", "model": "21.xyz", "model_rescale": 4.08911054899281, "target_rescale": 4.0544664084319715},
{"mapping": [4, 1, 0, 7, 2, 15, 11, 3, 14, 12, 8, 9, 5, 10, 6, 16], "R": [[0.9799675241356226, -0.011128558278968206, -0.19884618887504352], [-0.15442842027426795, 0.5880121328536457, -0.7939732959164939], [0.12575974972578435, 0.8087755478546185, 0.5745142283193428]], "T": [-0.019752735575002525, -0.006083614586650185, 0.010430799581151371], "aligned_model": [[0.14732243677366108, -0.7266279647400123, -0.053187990003718016, 0.46087235941310334, -0.252456606007446, -0.36579142582194973, -0.6869211048523939, 0.5189607033188395, 0.29703578940982883, 0.6731479589152339, -0.5896428205855724, 0.1965852877355333, -0.17981593726574674, 0.33931033443741115, -0.1303257628539115, 0.0020683617784663932], [-0.4214776838094908, -0.1822060061913004, 0.11404818362223185, 0.41210007592761816, -0.6487366869873928, -0.5395227102698441, 0.018457605005871184, -0.6824722543876631, -0.4158216691320633, 0.03003019879471053, 0.38581355955639507, 0.1476557547100729, 0.48790354343230263, 0.6718182029409567, 0.6288303265008411, -0.01031182723768716], [-0.5241960234523673, -0.304698848079002, -0.7541147078934932, -0.3056674558157654, -0.22216276566281432, 0.367091666432348, 0.38483315779368393, -0.0705942705995268, 0.38935340783030087, 0.2625298398254353, -0.038598925743535115, 0.6715735054781872, 0.48801379040581844, 0.26074709302000076, -0.36403151040811293, -0.031659726199337865]], "inverted": false, "swapped": false, "error_lsq": 0.04110571713668236, "error_max": 0.30903616496201275, "target": "982.xyz", "model": "22.xyz", "model_rescale": 4.204369325754507, "target_rescale": 4.0544664084319715},
{"mapping": [1, 4, 0, 6, 12, 14, 13, 3, 10, 2, 7, 11, 9, 5, 8, 15], "R": [[0.7197685660887988, -0.5157551164936757, -0.4646825487158625], [0.0030716541747626835, 0.6717243861705574, -0.7407947853248016], [0.6942073006034334, 0.5317734563085894, 0.4850703195975935]], "T": [-0.11420068095440167, -0.054584954332864956, -0.014060541419055047], "aligned_model": [[0.30941749687203457, -0.6389620158950635, -0.08154822976809847, 0.42629803367348046, -0.33283137473789604, -0.180597141286235, -0.5912706585198964, 0.2802050596149382, 0.4227472526974188, 0.7343094815266509, -0.6162981366735465, -0.02655898522217652, -0.31326674375400354, 0.34667375581808363, -0.010578780814528732, -0.0772053938798348], [-0.28759381449085863, -0.016350627464167843, 0.12853689869707355, 0.3145963745813433, -0.5259581151283623, -0.622877230025115, -0.1410498483152202, -0.8076526236271326, -0.3432640903034048, 0.08476856088658538, 0.43827122902677323, 0.057112071503199045, 0.5437909380895618, 0.603786843283729, 0.6241619693532009, -0.05416992359164596], [-0.46325307751278966, -0.5218289002366074, -0.6759324794330178, -0.3744072376144919, -0.18768952870747693, 0.507834430313872, 0.4509748378654092, -0.06661329723276282, 0.48218063981127085, 0.11217885407778408, -0.03888948472872719, 0.6923783515422358, 0.42335098216676065, 0.1990215375824581, -0.3316093895260215, 0.0007219885639238102]], "inverted": false, "swapped": false, "error_lsq": 0.04052211141564091, "error_max": 0.2753639823518653, "target": "982.xyz", "model": "23.xyz", "model_rescale": 4.410303926677745, "target_rescale": 4.0544664084319715},
{"mapping": [3, 9, 4, 2, 10, 11, 14, 1, 7, 0, 15, 13, 6, 12, 5, 16], "R": [[-0.2797724286506124, 0.0632089013596547, -0.9579833103743737], [-0.925526190895479, 0.24748453377967622, 0.2866228802910921], [0.2552031703044525, 0.966827823518108, -0.01073785536291516]], "T": [-0.11022128182111303, -0.03906066065163289, 0.04012138268300358], "aligned_model": [[0.46290405878088503, -0.6949828387835316, -0.036253259112228764, 0.5197617996387843, -0.284242509652298, -0.334081270695917, -0.626250565770274, 0.3848537129647477, 0.31800204255630604, 0.6308479183232201, -0.6911510236431249, -0.07017237515725411, -0.2746482848657962, 0.39296026260977257, -0.02350294920242761, -0.02351109833953638], [-0.2993970816473599, -0.2234789369550691, 0.11260280083680291, 0.2571225093783614, -0.50023570651603, -0.5656151582199842, 0.012520112041323687, -0.7386816923452085, -0.2844890447831399, 0.09798690038971522, 0.3693804952580861, 0.18417096687682283, 0.5972124918254407, 0.5220101501581441, 0.5409492447214733, -0.08594943854382056], [-0.6025319270393075, -0.08818997493019298, -0.6272700309994277, -0.5500402884238682, -0.38510577497712617, 0.31095076270348176, 0.4750963153055045, -0.0019085009729653962, 0.4854533817623949, -0.009074325424755371, -0.0306645485497814, 0.7055162649710801, 0.4222448259136274, 0.3197348898408404, -0.1871900202092575, -0.02860282203842819]], "inverted": false, "swapped": false, "error_lsq": 0.043156452833957096, "error_max": 0.28409545660588315, "target": "982.xyz", "model": "24.xyz", "model_rescale": 4.28219845311461, "target_rescale": 4.0544664084319715},
{"mapping": [8, 11, 5, 1, 10, 14, 12, 6, 2, 0, 9, 13, 7, 4, 3, 15], "R": [[0.21835588633933117, -0.3365102193822623, 0.9160139623129477], [-0.535249348436474, 0.7435757350939529, 0.4007533670199384], [-0.8159833588372345, -0.5778027331458281, -0.01775273696971094]], "T": [-0.051111044736597736, 0.04526122345823475, 0.05130215008517959], "aligned_model": [[0.13021740814411953, -0.4971098988879502, -0.2772342673490951, 0.3122867216786888, -0.18118593987577059, -0.2170500529330635, -0.7192303408166881, 0.5023303129902542, 0.2893246176531366, 0.7571099730499005, -0.5768942118559363, -0.23955034576151918, -0.22494373102610138, 0.45464271446994614, 0.11569353520627439, 0.022127124965131292], [-0.2835155152154791, -0.21512221643719864, 0.10785988903931765, 0.25834083325763546, -0.6651178178067493, -0.6452326673680127, -0.1636148696115965, -0.6536854962849096, -0.2537488170233921, -0.049954380282436976, 0.4452798606718888, 0.12045843328933425, 0.7097861317929778, 0.5043085702265385, 0.7398206637436344, 0.04024601048400692], [-0.5326258465135327, -0.12121613176487879, -0.76737383965493, -0.43079383838473806, -0.27755489821066165, 0.3266692817204424, 0.35855983376835704, -0.08050559429571126, 0.5646018479736138, 0.10845936527505917, -0.0915643433083315, 0.6096501297536486, 0.41699990661412145, 0.31233326221387153, -0.24837894855191928, 0.061158040297408095]], "inverted": true, "swapped": false, "error_lsq": 0.04108285293740748, "error_max": 0.2653912052856043, "target": "982.xyz", "model": "25.xyz", "model_rescale": 4.100010024507729, "target_rescale": 4.0544664084319715},
{"mapping": [8, 11, 6, 12, 0, 2, 4, 14, 13, 3, 9, 15], "R": [[-0.6042084485682249, 0.7949899976633751, -0.05406527808090611], [0.06669094328497466, -0.01715958946183893, -0.9976261156231132], [-0.7940305213041492, -0.6063797919659659, -0.042650663919484855]], "T": [-0.03551784304872876, 0.0608826121705851, 0.057257976618561225], "aligned_model": [[-0.6471740258853801, 0.05781454728233854, 0.2790015166592653, 0.5618544785620777, -0.41871803944062325, 0.1948733949201757, -0.3165378724515061, 0.6019924987360319, 0.21016134745011983, -0.11082389483928554, -0.4676253916727047, -0.06805295695750221], [-0.33736994121690567, -0.6171857694142, -0.2772486529808671, -0.35237771055945244, 0.6130421838332473, 0.7200863496148108, 0.21938063692393583, 0.2620142396421288, -0.274279779791849, 0.6311245580887582, -0.015756570904069823, 0.09470184681510252], [0.05000949118313349, 0.03655904746059713, 0.6964976852038347, -0.20861476399605647, 0.12145483303484511, 0.10885100096923411, 0.5858097994560358, -0.2711606600739953, -0.6405920291283695, -0.41424371548034655, -0.5273410807677099, 0.02796268199315402]], "inverted": false, "swapped": true, "error_lsq": 0.04304102895910076, "error_max": 0.22428627101262447, "target": "982.xyz", "model": "26.xyz", "model_rescale": 3.6694154284099745, "target_rescale": 4.0544664084319715},
