[{"mapping": [10, 8, 11, 2, 4, 9, 5, 6, 3, 0, 7, 12], "R": [[-0.7011668055625062, 0.6637211456234646, -0.26045988487586147], [0.021986316213646606, 0.3852562736704075, 0.9225476711243417], [0.7126582018588048, 0.6411332501515331, -0.28472169371775546]], "T": [-0.06933900397641081, -0.027378317389912962, -0.06978659020860307], "aligned_model": [[-0.4773169623612293, 0.2017637476008547, 0.4067711227567965, -0.1567882924590565, 0.15509732597916298, -0.5192736341299528, 0.36446204553585226, -0.2177042624529436, 0.6028247394387752, 0.0926930663576133, -0.5237959942604588, -0.09109043954486533], [-0.10928588852700512, -0.609440189963646, -0.3373398318845182, 0.6534739089325852, 0.23504947632278278, -0.6143159789183921, -0.24623778742005648, -0.5915595596130734, 0.16170899623632168, 0.4200542986599492, 0.057351709886730246, 0.034095882265379185], [-0.6254808563828737, 0.03861564009074189, -0.6497697941752972, -0.17470898481662228, -0.5660142957049702, -0.012041091477211094, 0.6399053946504819, 0.6288902605992094, -0.02753430255005703, 0.40092189183882054, 0.538449247574967, -0.009281364293626915]], "inverted": true, "swapped": true, "error_lsq": 0.05063685036536184, "error_max": 0.3445260498385193, "target": "984.xyz", "model": "0.xyz", "model_rescale": 3.751011558992144, "target_rescale": 4.000983964475775},
{"mapping": [7, 13, 0, 1, 8, 6, 11, 12, 10, 9, 5, 4, 14], "R": [[0.6486224924277029, 0.7489146459405627, 0.1357045150781526], [0.7224823249415906, -0.549757902058408, -0.41926786100455155], [-0.23939121216926193, 0.3699906785583387, -0.8976629352468953]], "T": [-0.023433299799461762, 0.010584363104877072, -0.02877335896865521], "aligned_model": [[-0.30648864699768497, -0.46582169833135884, 0.025363936661302714, 0.33650975653329307, 0.5669214676210633, -0.05145658714132218, -0.4964280687253141, -0.7553133986579247, 0.17768688762094828, -0.3472176494019489, 0.05996957123001874, 0.6779892664784668, -0.07411451486275285], [-0.5804640633264624, 0.5220989859803329, -0.3671268679219124, -0.5686595422730937, 0.24382827567131757, -0.6106254591893185, -0.18986579647723378, -0.11703535767831688, 0.25259541277876113, 0.4753462036597397, 0.6286092739116234, -0.0897888742401437, 0.01825581987410018], [-0.12985971726083503, -0.2936270803499913, -0.6848660156639613, -0.17231096280872224, -0.22241420686606886, 0.39198642680216933, 0.5818219824965102, -0.03508460602111802, 0.7284815982132604, 0.30790118395201904, -0.06305480762493978, 0.32266022885523726, -0.009372956031760644]], "inverted": true, "swapped": false, "error_lsq": 0.05105252400605682, "error_max": 0.29661641377757575, "target": "984.xyz", "model": "1.xyz", "model_rescale": 3.9405287249114394, "target_rescale": 4.000983964475775},
{"mapping": [6, 5, 11, 3, 10, 7, 1, 0, 4, 2, 9, 8, 12], "R": [[0.35103247073527394, -0.9303393354410916, 0.10604209268265843], [-0.7210612405096903, -0.3408277876585023, -0.6032471355874289], [0.597366631076859, 0.1352964895732307, -0.7904732557051155]], "T": [-0.07622602208171725, -0.06634340570211554, 0.091229269195335], "aligned_model": [[-0.2963478040545754, -0.4397189234904882, -0.11046217115078566, 0.36172314331813704, 0.6518420102514427, -0.03676711415157241, -0.5652671508396014, -0.8878861510425203, 0.25352559627736054, -0.4403020571158489, 0.3676762195021134, 0.5870848360851779, -0.09750011156205318], [-0.4787331882287543, 0.446802694224878, -0.006892808724291141, -0.43374927100227806, -0.03043748827162847, -0.8074877273423556, -0.12176381905580656, -0.12286705852637518, -0.09386775828011233, 0.4745710683273671, 0.47962559161990986, 0.3107549164436163, 0.0012128595852235885], [-0.1859651783647647, -0.27295512246896814, -0.6179306575158995, 0.09485380192400764, -0.3331701001495857, 0.3706177840658106, 0.7117078623193739, -0.11111425059863869, 0.7094541490631235, 0.2887888805050475, -0.30278819357768993, 0.22726356995265598, 0.1434985225373264]], "inverted": false, "swapped": false, "error_lsq": 0.052254250822571256, "error_max": 0.332409742379658, "target": "984.xyz", "model": "2.xyz", "model_rescale": 3.932901565614263, "target_rescale": 4.000983964475775},
{"mapping": [10, 5, 6, 1, 2, 11, 8, 9, 3, 7, 4, 0, 13], "R": [[0.1475298087108762, 0.11060040533406723, -0.9828542648234642], [-0.8687385160887802, -0.46052992203473236, -0.1822239873741862], [-0.47278784481582914, 0.8807268255541121, 0.028140940705316364]], "T": [-0.06649358057138861, -0.06080294944244558, 0.11972812127856036], "aligned_model": [[-0.16200220303411939, -0.4440610722798838, -0.02601706748700599, 0.5524993222935193, 0.5653796867134175, -0.30724923801636567, -0.49274179620986536, -0.7805008256402735, 0.10299377109563991, -0.33078134554773575, 0.2637184334951274, 0.5341658033458871, -0.1278031467015557], [-0.6583852023878902, 0.3029017198844308, -0.09345667779312479, -0.4515979393527174, 0.13073816627005735, -0.8470837786732586, -0.15068091865123565, 0.1123595251333972, -0.08458672002779621, 0.5655089180764548, 0.6723934536373735, 0.2000633461031025, -0.08100588144939971], [-0.2635720147782253, -0.3721675875555885, -0.5614382655867108, 0.006168960591020595, -0.3884529766193573, 0.4683079103653204, 0.7105082282962452, 0.12089035049743904, 0.6007622655582148, 0.3379664525495282, -0.22175315904984338, 0.26152871896230867, 0.023512184461447108]], "inverted": false, "swapped": false, "error_lsq": 0.0448618696571212, "error_max": 0.2755969855237704, "target": "984.xyz", "model": "3.xyz", "model_rescale": 3.9243930471874484, "target_rescale": 4.000983964475775},
{"mapping": [8, 1, 9, 10, 11, 4, 2, 7, 3, 0, 5, 6, 12], "R": [[-0.30931458177696824, -0.3574171239887526, 0.8812363411592535], [-0.6559581698684026, -0.5907385324263705, -0.4698370629161073], [0.6885080746679993, -0.7233816321875659, -0.05172664043428732]], "T": [0.01465332381785546, -0.09893081026174785, -0.012480790927039881], "aligned_model": [[-0.1908339026909649, -0.4979659937314227, -0.004545415452184433, 0.46745602235832884, 0.6406267704086903, -0.26882289538092385, -0.5974539288872289, -0.770321164786881, 0.1535933853289263, -0.3166063729511441, 0.1266845832019457, 0.6033869405659116, 0.0024022940437330442], [-0.6154168397406066, 0.3413338848069327, -0.13650878787336906, -0.6341661072226792, -0.003908002577215297, -0.4893460635421232, 0.015829275883999905, -0.23902662912107195, -0.055918951910648516, 0.5382372531156348, 0.6499700807472193, 0.22759124682766343, 0.01849765137565694], [-0.3080371307526366, -0.24388678379213186, -0.7166872207371746, 0.06248995403738927, -0.48709852297090017, 0.333329030499221, 0.6682315742663895, 0.07182207195462399, 0.6446333617992265, 0.4431574709310029, 0.0023365010547215462, 0.2488477178154294, 0.0031230435866378206]], "inverted": false, "swapped": false, "error_lsq": 0.04157871948373718, "error_max": 0.2599246393716304, "target": "984.xyz", "model": "4.xyz", "model_rescale": 3.8936222436046832, "target_rescale": 4.000983964475775},
{"mapping": [11, 10, 4, 3, 2, 1, 9, 7, 5, 8, 0, 12], "R": [[-0.10802976776886408, 0.7158412317438775, -0.689855709704003], [0.43730779733442293, 0.6573930481492196, 0.6136744011571552], [0.8927997869994819, -0.23538417784652838, -0.3840609706195011]], "T": [-0.09781305030559485, -0.041493392286754326, -0.03281295264868203], "aligned_model": [[0.027078954142975356, -0.6875271058964335, -0.316125283060805, 0.3490289808510914, -0.46954492937850717, -0.6991467489718379, -0.18004335311004444, -0.10878274332160605, 0.7090186124918986, 0.3742360770790847, 0.13038036147790355, -0.10102478008862226], [-0.6366708519165077, -0.40740150949796566, -0.10779266958869765, 0.11860074623773567, 0.4669958153427657, 0.01545640981065844, -0.48227338653641094, 0.38208560602560343, 0.16028603948391837, -0.4716748097063238, 0.5873996313632027, 0.04391188409182884], [-0.5706821643560106, -0.050120887070065095, -0.592657684407144, -0.5466664648002977, -0.3251654399648125, 0.324736582113327, 0.5581377276332024, 0.6028926914417658, 0.18639758627401645, 0.09429856686442087, -0.05374485214118711, -0.008140942311697263]], "inverted": true, "swapped": true, "error_lsq": 0.048073015138524716, "error_max": 0.26902863429904933, "target": "984.xyz", "model": "5.xyz", "model_rescale": 3.6523030999806103, "target_rescale": 4.000983964475775},
{"mapping": [8, 2, 6, 9, 10, 5, 0, 1, 7, 3, 4, 11, 12], "R": [[0.23750850726066866, 0.1279552763721885, -0.9629211578459193], [0.8645700600667056, 0.4240682795830377, 0.2696010116593329], [0.44284119073891726, -0.8965453371135222, -0.009906476918587717]], "T": [-0.034348018783122644, -0.08074239264976071, -0.005840134566030698], "aligned_model": [[-0.05635427485794477, -0.379324380987344, -0.1806421284874633, 0.6002367883815307, 0.45454808500349325, -0.33430098411721254, -0.7407260005500578, -0.7205448281131603, 0.20177201882119716, -0.24206437522084961, 0.13286813366811046, 0.6789384171867983, -0.06680614870031125], [-0.7284746038394679, 0.5078625942221219, -0.22471037064427177, -0.42489692511703114, 0.11318479938443657, -0.5544613168480369, 0.03090217521163255, -0.010405034936220442, -0.10380093900317693, 0.34556369875095205, 0.46463580486291045, 0.28489733915855564, -0.0831292104330106], [-0.1893116853507576, -0.3386270230682835, -0.6226834832779187, -0.044861352879608525, -0.5820743626009429, 0.38084077966488705, 0.6838912391154996, -0.0868429800012116, 0.6348888962878753, 0.5018583336716249, -0.06693826845040698, 0.3576141953372581, 0.09450677924378331]], "inverted": false, "swapped": false, "error_lsq": 0.05335017754672495, "error_max": 0.26594306433253223, "target": "984.xyz", "model": "6.xyz", "model_rescale": 4.08911054899281, "target_rescale": 4.000983964475775},
{"mapping": [8, 11, 10, 4, 5, 3, 0, 9, 6, 1, 13, 7, 14], "R": [[0.2576739989985143, 0.864476235858481, -0.4316074001636973], [0.8831438913035072, -0.02949275506490312, 0.4681741605983621], [0.3919961447430484, -0.5018077470851102, -0.7710564230145245]], "T": [0.006002280006534563, 0.05053406350555708, 0.007774377769757729], "aligned_model": [[-0.27682757998257834, -0.3241853914704177, 0.036389901091499297, 0.29364002037438386, 0.6791205532887858, -0.20568223115914575, -0.3560692154620749, -0.7542325296008113, 0.1659797855338117, -0.5196232845336478, 0.09368755622539456, 0.674290411827368, -0.15888767410578108], [-0.49883282688030844, 0.31031051115586245, -0.10951060722875361, -0.5926151989860149, -0.15328296338488645, -0.5729272214604635, -0.12105838696377405, -0.13828550978788856, -0.0956954460423046, 0.4485288491584442, 0.7764104962212701, 0.3088557373205021, 0.05527057764770867], [-0.2809335426814953, -0.40213215036558814, -0.6941780382502499, -0.013975246936883484, -0.2852642533122022, 0.44702047069129847, 0.858724697244957, 0.03855604293514578, 0.4574043308602266, 0.3291215037104174, -0.02840875523385178, 0.30094642664603855, -0.004620417616014394]], "inverted": false, "swapped": false, "error_lsq": 0.05085718589512422, "error_max": 0.29376878124194583, "target": "984.xyz", "model": "7.xyz", "model_rescale": 3.964800864290218, "target_rescale": 4.000983964475775},
{"mapping": [5, 7, 8, 10, 9, 3, 0, 1, 6, 2, 12, 11, 13], "R": [[-0.24068139133421002, 0.5926362595987764, 0.7686707563542408], [0.8424041504791175, 0.5209149063407923, -0.13785103411842875], [-0.4821075762949443, 0.6143532568162517, -0.6246137692352605]], "T": [-0.07159361427754213, 0.009933882133594328, 0.15037645117486442], "aligned_model": [[-0.13652183597388115, -0.41643275795551193, -0.07840355094873208, 0.4530308411749768, 0.4172851598978533, -0.1733127053500027, -0.580315165997378, -0.7735719478995868, 0.19367801201446228, -0.4481546161382363, 0.2210420140030796, 0.7231273293010181, -0.05385045410127448], [-0.7130843963008267, 0.45852639894495023, -0.11595899494999154, -0.560675401406842, 0.05247257293568552, -0.5758745451067162, -0.1390792340131645, -0.005207891714437106, -0.04853929120077884, 0.47842448433811646, 0.6044973894723117, 0.20107098768911366, -0.019404067918027245], [-0.26447245872542413, -0.2817159970465905, -0.6080180303909182, -0.12221892531903289, -0.33237061586358063, 0.5656407149732718, 0.6322030242846692, -0.1144197666650944, 0.6629363749527015, 0.4284539498650793, -0.2122991091961901, 0.28828422184476227, 0.08025768497814603]], "inverted": false, "swapped": false, "error_lsq": 0.030142138811698988, "error_max": 0.1646040879011086, "target": "984.xyz", "model": "8.xyz", "model_rescale": 4.121658175737393, "target_rescale": 4.000983964475775},
{"mapping": [1, 8, 2, 0, 3, 4, 9, 6, 5, 7, 11, 10, 12], "R": [[0.4077121879529536, -0.9078420603026123, 0.09794674747087734], [-0.6743485792001105, -0.37168863600715973, -0.6380451015358788], [0.6156498725131097, 0.1940885143655994, -0.7637439905268956]], "T": [-0.05631914289079051, 0.03210153283486372, 0.0616601032220326], "aligned_model": [[-0.19887013874789647, -0.4939785296250808, -0.0005339183151152338, 0.4200519338045472, 0.5309304941943733, -0.21527944744360056, -0.6439942549383815, -0.7320964874995706, 0.2201255111029263, -0.2732212297952202, 0.14731964950542875, 0.6636111154103876, -0.07646437562601184], [-0.5901864814914979, 0.4112227695813732, -0.15328196457640045, -0.5938863408791285, 0.18313863335585884, -0.7421690405542509, -0.07915271589185247, -0.08396200051882338, -0.06435128582925775, 0.5594685309757478, 0.6186395950210242, 0.20032666157929607, -0.04863835000269548], [-0.1978944315475071, -0.3802388521721409, -0.6053237185199157, 0.05582723313623691, -0.4433246980141791, 0.4658439951312656, 0.6408407933827568, -0.038521166648821235, 0.6057125945551914, 0.42228240464220446, -0.07076503937489775, 0.23452293854727843, 0.03329901457432717]], "inverted": true, "swapped": false, "error_lsq": 0.027802680040416364, "error_max": 0.16707680216371446, "target": "984.xyz", "model": "9.xyz", "model_rescale": 3.833441315466971, "target_rescale": 4.000983964475775},
{"mapping": [6, 11, 12, 5, 0, 4, 3, 7, 2, 9, 10, 13, 14], "R": [[-0.1830420586167098, -0.9265964214171176, 0.32850369342573327], [0.5294959822483969, 0.18862321984249691, 0.8270763481801752], [-0.8283294088466026, 0.3253311432267748, 0.45610309984322334]], "T": [-0.04712980988052818, -0.03546457757119881, -0.057439093464452515], "aligned_model": [[-0.26021909685432143, -0.48580090858446895, -0.12881691729340325, 0.4303539738311806, 0.5908681376225252, -0.19941042866085512, -0.4900948216470231, -0.6879041149489474, 0.14874268729033144, -0.33123247225818464, 0.21154418102075195, 0.6411489045161011, -0.09157880200690005], [-0.6282760974296943, 0.38104607977904015, -0.1200810805543498, -0.3835711531733135, 0.00861616680347782, -0.7480796638781431, -0.25077739069337157, 0.10035475092631863, 0.08079238522260662, 0.389575638892733, 0.6489090823521455, 0.15492657905345747, -0.016267286531514047], [-0.3112047841024431, -0.37275420651664953, -0.6483598336794093, 0.2715992778266931, -0.2916152422519235, 0.2664481276509628, 0.6579239197000227, 0.06452556023646064, 0.6243002543669939, 0.5722724422016299, -0.4322385112257412, 0.2971171929024704, 0.02424687058273181]], "inverted": false, "swapped": false, "error_lsq": 0.05089194879018559, "error_max": 0.3057756026012637, "target": "984.xyz", "model": "10.xyz", "model_rescale": 4.2482417240324, "target_rescale": 4.000983964475775},
{"mapping": [11, 8, 5, 6, 2, 0, 3, 7, 9, 1, 10, 12], "R": [[-0.8669951990036151, -0.3342969429264116, 0.3695468561018174], [-0.31923074318824035, -0.19683695155467468, -0.927009680157735], [0.38263697875161723, -0.9216836596428939, 0.063938830448455]], "T": [-0.13871895114422106, 0.09821495193358488, -0.03953416043027724], "aligned_model": [[-0.7605260279001375, -0.003279673154701568, 0.44310973524660113, 0.6681540341705341, -0.34318827280665287, 0.1691917181231286, -0.3303955004043395, 0.546784115076267, 0.15911462203125182, -0.05903252319603455, -0.5256004357797519, -0.08756618904315813], [-0.40393277985566534, -0.5287861206076975, -0.18855219598683187, -0.31865919964620204, 0.7567424306866458, 0.5059638321186993, 0.05445167544556111, 0.3843716170394981, -0.2966204311341918, 0.42453548723401807, 0.10802562440139875, 0.16859145035540646], [0.10308815508992705, 0.07258018281105967, 0.5252538653983193, -0.09981677125534305, 0.04262238076240836, 0.39284146706560835, 0.6317990221575107, -0.21803087502858137, -0.5924100194826625, -0.6558556255450214, -0.6158825357626971, -0.020996956356171215]], "inverted": false, "swapped": true, "error_lsq": 0.04548331448925186, "error_max": 0.24952291127638498, "target": "984.xyz", "model": "11.xyz", "model_rescale": 3.6694154284099745, "target_rescale": 4.000983964475775},
{"mapping": [10, 1, 2, 9, 8, 7, 5, 12, 6, 0, 4, 11, 13], "R": [[-0.8220669386398881, -0.07912384525150742, -0.5638664429701932], [-0.5669699239394037, 0.20497367350353296, 0.7978288654333171], [0.05245048849523931, 0.9755640472480946, -0.21336292080286168]], "T": [-0.05381526011468027, -0.025195051704907948, 0.07207413033693114], "aligned_model": [[-0.17108551460675636, -0.41794772807274394, -0.154219142649039, 0.501740530880939, 0.48059943275109707, -0.06114586295778038, -0.5330220460141184, -0.69067163840568, 0.0688286134500945, -0.4397865549863854, 0.2159969866826297, 0.6579315634404458, -0.10961831748591636], [-0.5911044766400328, 0.5292407085109646, -0.03560203240420899, -0.6015567993858233, -0.10373322713938687, -0.6593153399922966, -0.16307234833821815, -0.19884726919112117, 0.13462971630868403, 0.5177634135530712, 0.6635776038866228, 0.04198743867493858, 0.08320062292619983], [-0.19159800980950578, -0.45374145299450575, -0.573002863918071, 0.010016368602224629, -0.45786033953617467, 0.45937639048244083, 0.7012970637219931, -0.08925584536095602, 0.6005335490817378, 0.3308406833634332, 0.050343273522938395, 0.2562795077085607, 0.07903274282768305]], "inverted": true, "swapped": false, "error_lsq": 0.04565879173903157, "error_max": 0.26102710963474496, "target": "984.xyz", "model": "12.xyz", "model_rescale": 3.9764082729961374, "target_rescale": 4.000983964475775},
{"mapping": [13, 3, 6, 5, 4, 12, 10, 11, 1, 8, 7, 0, 15], "R": [[-0.32779936341464094, -0.05659703136881375, 0.9430505571734709], [0.8550603597681556, -0.4422768931815148, 0.2706712598538299], [0.4017702807551956, 0.8950910153710319, 0.19337196204193313]], "T": [-0.0076424727089310016, -0.0817267553000245, 0.0678497267590238], "aligned_model": [[-0.3705803466535484, -0.42916276859689645, 0.007918565195189, 0.685473421283652, 0.4812791056939071, -0.09933588118050551, -0.5892426569307894, -0.7929087266566969, -0.045016969765212404, -0.42787899069410945, 0.289911050742634, 0.6405974559673014, -0.003452936378139061], [-0.5430884677603878, 0.5629338330028689, -0.4264604929126551, -0.5070538663513248, 0.12370519337852763, -0.6016366575734519, -0.1543654834605953, 0.028778749909061666, -0.07161026227172457, 0.41002064040672676, 0.6023382901125912, 0.21205931526534177, -0.018452780975585323], [-0.1050722675595158, -0.271527369340729, -0.6137478891040338, -0.13589303246037904, -0.4165231940503854, 0.4263180619145411, 0.6179512990550687, 0.02673838430054748, 0.7017451296447003, 0.35287359315597927, -0.05277619603199618, 0.21131635393710962, -0.01914180576910847]], "inverted": true, "swapped": false, "error_lsq": 0.04953677742974446, "error_max": 0.2972762394682795, "target": "984.xyz", "model": "13.xyz", "model_rescale": 4.170626492500431, "target_rescale": 4.000983964475775},
{"mapping": [2, 8, 0, 3, 1, 6, 5, 4, 11, 12, 7, 9, 13], "R": [[-0.3423099218088849, -0.8595780702615161, 0.37940671917703683], [0.7887058687051614, -0.04341195664389247, 0.6132360513622674], [-0.5106534736014549, 0.5091570908333072, 0.6928146121098568]], "T": [-0.05063149338519845, -0.026273484739808662, -0.00361163697460104], "aligned_model": [[-0.256919053152566, -0.46335494724652426, 0.02649646382368496, 0.3830184507257414, 0.6202208338530523, -0.23201597823591563, -0.4636473503807564, -0.7497150587052553, 0.21434985358493241, -0.48753837773647923, 0.1534229621840693, 0.656234106572912, -0.05295158326010914], [-0.5531506333119437, 0.5558171118126117, -0.04927353823410356, -0.552021343152393, 0.022845018181299467, -0.6660070612110381, -0.14907013507846423, -0.04612120431552706, -0.10738066745764328, 0.37911177106909316, 0.5900061035587726, 0.24880205256017818, -0.05638946365144834], [-0.3394361152874024, -0.20949068118004907, -0.5946959645319527, 0.10131938692702239, -0.37557803008714835, 0.5114901848246007, 0.79736196614354, -0.12172754327033145, 0.6466699649492242, 0.42121925875378224, -0.48940073843496595, 0.280959814226784, 0.09356956465869536]], "inverted": false, "swapped": false, "error_lsq": 0.042312530537111974, "error_max": 0.3110200802631557, "target": "984.xyz", "model": "14.xyz", "model_rescale": 3.9786697098870705, "target_rescale": 4.000983964475775},
{"mapping": [9, 6, 11, 10, 8, 3, 7, 0, 4, 1, 5, 12], "R": [[0.8153550824049455, 0.2929096617960446, -0.4993996592138924], [0.4760859415501132, -0.8300495235515892, 0.2904478691781405], [-0.3294514620619664, -0.4745753032747351, -0.8162352698008867]], "T": [0.14889508583512737, -0.02391784692096867, 0.039505308047557336], "aligned_model": [[-0.2086041347094533, -0.710465692314132, 0.6927216745104097, 0.5272783826482013, -0.07489439100663067, 0.3389596161354882, -0.4896328533521992, -0.09225909543483712, 0.7430568795768354, 0.11115862887813618, -0.4626419940140377, 0.10867757584955555], [-0.4643927589112693, 0.002801367990419648, 0.26067813895605085, -0.5722621831737847, 0.24224402823940472, 0.6410846416916902, -0.289248621442244, 0.2799216226387166, 0.06573082864534956, -0.7055171355392665, 0.5792252974913304, -0.025590736361958223], [-0.4384567111263673, -0.25923739460343187, -0.49190345778310185, -0.1556755101408884, -0.5110579446461575, 0.144341038642408, 0.36437885094347156, 0.5849803765768581, 0.10596451843912308, 0.20286239081549615, -0.005062380596170285, 0.11883271735259078]], "inverted": false, "swapped": true, "error_lsq": 0.04890208562418033, "error_max": 0.2474362110743377, "target": "984.xyz", "model": "15.xyz", "model_rescale": 3.769337070930944, "target_rescale": 4.000983964475775},
{"mapping": [7, 6, 2, 0, 1, 9, 10, 8, 4, 3, 12], "R": [[-0.29034319433335676, -0.9530185590950309, -0.08635077026138355], [-0.2751462849993408, -0.0032848253590456733, 0.9613967608502862], [-0.9165126029440973, 0.30289410021126556, -0.2612657893828499]], "T": [0.016493953797953924, 0.08095873365895283, 0.08123597425251179], "aligned_model": [[-0.31972207696330435, -0.22180105773524506, -0.17328541066641925, -0.6255771833507467, 0.32550097704705727, 0.4195680877434487, 0.6603002032000436, 0.08409119474525184, 0.20001263482111065, -0.3759348967814432, -0.05052634136858241], [-0.1044369932148629, -0.736175074252705, 0.7345821213532521, 0.2427243865356541, 0.2703667960626746, -0.43573034765408863, 0.29549627779257454, -0.4983660967946539, 0.532585639422335, 0.1872411553588259, 0.10777663301633639], [-0.5792550347859847, -0.241207653844223, -0.05651779490546914, -0.01670962893258361, -0.5198683531302511, -0.2663775587861712, -0.06518170768622149, 0.370816917663659, 0.43877755298866855, 0.6504872456777289, 0.029253622964625206]], "inverted": true, "swapped": true, "error_lsq": 0.04153778393175733, "error_max": 0.206289692487148, "target": "984.xyz", "model": "16.xyz", "model_rescale": 3.7852294659196426, "target_rescale": 4.000983964475775},
{"mapping": [8, 1, 2, 11, 7, 9, 0, 3, 10, 4, 5, 6, 12], "R": [[0.009669332422858605, -0.7673822038189742, -0.6411170386695638], [0.9835168014624642, 0.1230681083756876, -0.13247241955167255], [0.18055803845727994, -0.6292684593738707, 0.755923277049791]], "T": [-0.10666967272549827, -0.03320378065937268, 0.01673812436267784], "aligned_model": [[-0.27637681717402557, -0.31616874776506376, -0.09710794714203419, 0.4010172414188063, 0.45080920313336986, -0.08082503762894977, -0.6255766705602701, -0.8425372290059991, 0.3095870553075328, -0.3261683164016031, 0.08815229358459639, 0.7223549330009678, -0.05955963874054114], [-0.6614490352148946, 0.46549051549342885, -0.15490944884263577, -0.5361922044457689, 0.14425980742435457, -0.6791719286776134, -0.1077548174087424, -0.05217399421371061, -0.0195218353992216, 0.49892148702512484, 0.5938966383706542, 0.20930574144777703, -0.0835329147893592], [-0.009969486988092788, -0.40948750929782607, -0.5825809265327538, -0.1481518910317784, -0.3694625787076343, 0.5906013415969349, 0.4536875793988638, -0.28431742163178286, 0.7065194056542721, 0.42959370444564904, 0.0483368024333833, 0.21996354277637986, 0.0775285055761841]], "inverted": true, "swapped": false, "error_lsq": 0.04911025423809093, "error_max": 0.28403509884127054, "target": "984.xyz", "model": "17.xyz", "model_rescale": 3.901054581598922, "target_rescale": 4.000983964475775},
{"mapping": [7, 13, 0, 1, 8, 6, 11, 12, 10, 9, 5, 4, 14], "R": [[0.6486224924277029, 0.7489146459405627, 0.1357045150781526], [0.7224823249415906, -0.549757902058408, -0.41926786100455155], [-0.23939121216926193, 0.3699906785583387, -0.8976629352468953]], "T": [-0.023433299799461762, 0.010584363104877072, -0.02877335896865521], "aligned_model": [[-0.30648864699768497, -0.46582169833135884, 0.025363936661302714, 0.33650975653329307, 0.5669214676210633, -0.05145658714132218, -0.4964280687253141, -0.7553133986579247, 0.17768688762094828, -0.3472176494019489, 0.05996957123001874, 0.6779892664784668, -0.07411451486275285], [-0.5804640633264624, 0.5220989859803329, -0.3671268679219124, -0.5686595422730937, 0.24382827567131757, -0.6106254591893185, -0.18986579647723378, -0.11703535767831688, 0.25259541277876113, 0.4753462036597397, 0.6286092739116234, -0.0897888742401437, 0.01825581987410018], [-0.12985971726083503, -0.2936270803499913, -0.6848660156639613, -0.17231096280872224, -0.22241420686606886, 0.39198642680216933, 0.5818219824965102, -0.03508460602111802, 0.7284815982132604, 0.30790118395201904, -0.06305480762493978, 0.32266022885523726, -0.009372956031760644]], "inverted": true, "swapped": false, "error_lsq": 0.05105252400605682, "error_max": 0.29661641377757575, "target": "984.xyz", "model": "18.xyz", "model_rescale": 3.9405287249114394, "target_rescale": 4.000983964475775},
{"mapping": [11, 6, 9, 13, 7, 14, 3, 10, 12, 1, 8, 4, 15], "R": [[-0.8666698038012584, 0.4766710972407768, 0.14720093829307768], [-0.36024858666640375, -0.3938524409761186, -0.845636571194749], [-0.34511506339762554, -0.7859166112205717, 0.5130601068331331]], "T": [-0.02251245470903011, 0.020700051432482096, 0.07238267601215795], "aligned_model": [[-0.27695495572791345, -0.35282714558525047, 0.16791288487389985, 0.27827064567787624, 0.5581038400680886, -0.2231511451972836, -0.5349420098733125, -0.7237228449658848, 0.13235453611868475, -0.34414499296272844, 0.10967917041618537, 0.6182429386822241, -0.06122059949779923], [-0.5238901148434367, 0.6493265779024898, -0.21088907791675354, -0.575616933474932, 0.05100455519040773, -0.660590742918617, -0.07245144566066092, -0.33420194401651016, -0.0719837729131306, 0.4699776806591024, 0.5766533128928458, 0.2993772210581101, 0.020452694810478615], [-0.32497580995566266, -0.16000568600672563, -0.6340976932611317, -0.0001805750488165503, -0.3245957922107656, 0.38113165412834993, 0.7463020661898015, 0.08827604471357416, 0.5896495182377475, 0.43324490206585475, -0.42331229153774164, 0.28787418300384043, 0.06295054737347425]], "inverted": false, "swapped": false, "error_lsq": 0.04501596381602027, "error_max": 0.2483206331962104, "target": "984.xyz", "model": "19.xyz", "model_rescale": 4.410303926677745, "target_rescale": 4.000983964475775},
{"mapping": [5, 7, 8, 10, 9, 3, 0, 1, 6, 2, 12, 11, 13], "R": [[-0.24068139133421002, 0.5926362595987764, 0.7686707563542408], [0.8424041504791175, 0.5209149063407923, -0.13785103411842875], [-0.4821075762949443, 0.6143532568162517, -0.6246137692352605]], "T": [-0.07159361427754213, 0.009933882133594328, 0.15037645117486442], "aligned_model": [[-0.13652183597388115, -0.41643275795551193, -0.07840355094873208, 0.4530308411749768, 0.4172851598978533, -0.1733127053500027, -0.580315165997378, -0.7735719478995868, 0.19367801201446228, -0.4481546161382363, 0.2210420140030796, 0.7231273293010181, -0.05385045410127448], [-0.7130843963008267, 0.45852639894495023, -0.11595899494999154, -0.560675401406842, 0.05247257293568552, -0.5758745451067162, -0.1390792340131645, -0.005207891714437106, -0.04853929120077884, 0.47842448433811646, 0.6044973894723117, 0.20107098768911366, -0.019404067918027245], [-0.26447245872542413, -0.2817159970465905, -0.6080180303909182, -0.12221892531903289, -0.33237061586358063, 0.5656407149732718, 0.6322030242846692, -0.1144197666650944, 0.6629363749527015, 0.4284539498650793, -0.2122991091961901, 0.28828422184476227, 0.08025768497814603]], "inverted": false, "swapped": false, "error_lsq": 0.030142138811698988, "error_max": 0.1646040879011086, "target": "984.xyz", "model": "20.xyz", "model_rescale": 4.121658175737393, "target_rescale": 4.000983964475775},
{"mapping": [8, 2, 6, 9, 10, 5, 0, 1, 7, 3, 4, 11, 12], "R": [[0.23750850726066866, 0.1279552763721885, -0.9629211578459193], [0.8645700600667056, 0.4240682795830377, 0.2696010116593329], [0.44284119073891726, -0.8965453371135222, -0.009906476918587717]], "T": [-0.034348018783122644, -0.08074239264976071, -0.005840134566030698], "aligned_model": [[-0.05635427485794477, -0.379324380987344, -0.1806421284874633, 0.6002367883815307, 0.45454808500349325, -0.33430098411721254, -0.7407260005500578, -0.7205448281131603, 0.20177201882119716, -0.24206437522084961, 0.13286813366811046, 0.6789384171867983, -0.06680614870031125], [-0.7284746038394679, 0.5078625942221219, -0.22471037064427177, -0.42489692511703114, 0.11318479938443657, -0.5544613168480369, 0.03090217521163255, -0.010405034936220442, -0.10380093900317693, 0.34556369875095205, 0.46463580486291045, 0.28489733915855564, -0.0831292104330106], [-0.1893116853507576, -0.3386270230682835, -0.6226834832779187, -0.044861352879608525, -0.5820743626009429, 0.38084077966488705, 0.6838912391154996, -0.0868429800012116, 0.6348888962878753, 0.5018583336716249, -0.06693826845040698, 0.3576141953372581, 0.09450677924378331]], "inverted": false, "swapped": false, "error_lsq": 0.05335017754672495, "error_max": 0.26594306433253223, "target": "984.xyz", "model": "21.xyz", "model_rescale": 4.08911054899281, "target_rescale": 4.000983964475775},
{"mapping": [0, 10, 6, 1, 8, 2, 3, 13, 15, 14, 5, 11, 16], "R": [[0.9305372425827707, -0.27905312550229333, -0.23712822125140529], [-0.31724594495729097, -0.9377431065021142, -0.1413961690284446], [-0.18290831193417537, 0.20680236786643985, -0.9611333570687391]], "T": [-0.11686238393050322, 0.018843097637510957, 0.047637082878626155], "aligned_model": [[-0.257572799136352, -0.32001449878744326, -0.026298778175853244, 0.46503561492679646, 0.46628951113387485, -0.026734203399525536, -0.7358689360860994, -0.7632273153350801, 0.23967283335758302, -0.377832886344597, 0.21314211376522982, 0.6196806356089591, -0.1486709695007061], [-0.6158529718483863, 0.6012786523399656, -0.0929200313322934, -0.5195540071221165, -0.026586662041671108, -0.49983960565701874, -0.16960175259565963, -0.1186676529882936, 0.03018593341783033, 0.2785416710691721, 0.5880399447269447, 0.1760292036303155, -0.013884710829396005], [-0.3736002333826773, -0.4725873418291469, -0.6837119205848121, 0.08664551502297813, -0.32469613116276125, 0.5417008376213791, 0.6269455068666748, 0.053393378642618436, 0.6834523050965055, 0.573254466318671, -0.2070019453794213, 0.18434823351732665, 0.03411839694446374]], "inverted": true, "swapped": false, "error_lsq": 0.042777620574221784, "error_max": 0.24997162529363764, "target": "984.xyz", "model": "22.xyz", "model_rescale": 4.204369325754507, "target_rescale": 4.000983964475775},
{"mapping": [11, 6, 9, 13, 7, 14, 3, 10, 12, 1, 8, 4, 15], "R": [[-0.8666698038012584, 0.4766710972407768, 0.14720093829307768], [-0.36024858666640375, -0.3938524409761186, -0.845636571194749], [-0.34511506339762554, -0.7859166112205717, 0.5130601068331331]], "T": [-0.02251245470903011, 0.020700051432482096, 0.07238267601215795], "aligned_model": [[-0.27695495572791345, -0.35282714558525047, 0.16791288487389985, 0.27827064567787624, 0.5581038400680886, -0.2231511451972836, -0.5349420098733125, -0.7237228449658848, 0.13235453611868475, -0.34414499296272844, 0.10967917041618537, 0.6182429386822241, -0.06122059949779923], [-0.5238901148434367, 0.6493265779024898, -0.21088907791675354, -0.575616933474932, 0.05100455519040773, -0.660590742918617, -0.07245144566066092, -0.33420194401651016, -0.0719837729131306, 0.4699776806591024, 0.5766533128928458, 0.2993772210581101, 0.020452694810478615], [-0.32497580995566266, -0.16000568600672563, -0.6340976932611317, -0.0001805750488165503, -0.3245957922107656, 0.38113165412834993, 0.7463020661898015, 0.08827604471357416, 0.5896495182377475, 0.43324490206585475, -0.42331229153774164, 0.28787418300384043, 0.06295054737347425]], "inverted": false, "swapped": false, "error_lsq": 0.04501596381602027, "error_max": 0.2483206331962104, "target": "984.xyz", "model": "23.xyz", "model_rescale": 4.410303926677745, "target_rescale": 4.000983964475775},
{"mapping": [7, 5, 13, 11, 14, 1, 3, 0, 10, 4, 15, 9, 16], "R": [[0.6620239373644332, 0.09433759496463734, 0.7435218386387727], [-0.6729930933879964, -0.3617856150902152, 0.6451290297032448], [0.3298554268290103, -0.927475922539277, -0.17602218752580234]], "T": [-0.03509717766494325, 0.013725840298245431, -0.015823587476413367], "aligned_model": [[-0.21222586122532688, -0.3879681029433491, 0.012999976654446473, 0.43090112861042384, 0.5152426353085725, -0.22383101464541144, -0.6101643601210832, -0.7597578540149268, 0.18634022935506972, -0.3264070034295729, 0.3112900296427377, 0.5232708357468485, -0.11209031691164215], [-0.5917092414121191, 0.511191256705527, -0.19570119785657591, -0.40627193588580335, 0.05446385032822672, -0.6906362907374863, -0.09304185316087453, -0.1972547384486829, -0.014031583718935217, 0.4418697943166475, 0.607426651450758, 0.21374253667931653, -0.022879237490605067], [-0.22559653133912289, -0.16948654007014718, -0.6851617705088867, 0.06884596525481042, -0.40776298943762, 0.4364914318538868, 0.6676596822013728, -0.04302488578666028, 0.5957145932284373, 0.4377353536124156, -0.20778566780787716, 0.18576625947961684, 0.06886616701157354]], "inverted": false, "swapped": false, "error_lsq": 0.034246412415873076, "error_max": 0.2412362539601928, "target": "984.xyz", "model": "24.xyz", "model_rescale": 4.28219845311461, "target_rescale": 4.000983964475775},
{"mapping": [13, 14, 12, 9, 11, 4, 0, 2, 1, 6, 10, 5, 15], "R": [[-0.30836180920503703, -0.8794635635371533, 0.36256976574768096], [-0.8674886368363015, 0.4163797898725747, 0.2721972364767252], [-0.3903542744529539, -0.23058991954593855, -0.8913202732015613]], "T": [0.003495397999608678, -0.15406092200908378, 0.0767671988643267], "aligned_model": [[-0.28562736560030605, -0.3481524453511651, 0.07489524015406424, 0.5433919883907493, 0.29408028313312384, -0.319016043472463, -0.5254766996873472, -0.6768256065352966, 0.23612017313817174, -0.4476981453305639, 0.0800898391276808, 0.7685389230884722, -0.04671981902833417], [-0.49377598993949623, 0.3150077864666731, -0.16529142437416075, -0.4833852757813282, 0.11987161970132293, -0.6395563520787253, -0.031595669196216286, -0.10009649671410575, -0.09012912367886454, 0.5684600871881194, 0.6148596593066049, 0.15111557790690516, -0.14831638803733543], [-0.3155568472077789, -0.4095073798360863, -0.6842819707626896, -0.16183461499169582, -0.29336582907645653, 0.5182749910116594, 0.6856554921973061, 0.021710900595012572, 0.6697898274382019, 0.37102034275040363, -0.10378542516894496, 0.2932305665106182, 0.130911014232249]], "inverted": false, "swapped": false, "error_lsq": 0.041352632188024166, "error_max": 0.21969565538171704, "target": "984.xyz", "model": "25.xyz", "model_rescale": 4.100010024507729, "target_rescale": 4.000983964475775},
{"mapping": [11, 8, 5, 6, 2, 0, 3, 7, 9, 1, 10, 12], "R": [[-0.8669951990036151, -0.3342969429264116, 0.3695468561018174], [-0.31923074318824035, -0.19683695155467468, -0.927009680157735], [0.38263697875161723, -0.9216836596428939, 0.063938830448455]], "T": [-0.13871895114422106, 0.09821495193358488, -0.03953416043027724], "aligned_model": [[-0.7605260279001375, -0.003279673154701568, 0.44310973524660113, 0.6681540341705341, -0.34318827280665287, 0.1691917181231286, -0.3303955004043395, 0.546784115076267, 0.15911462203125182, -0.05903252319603455, -0.5256004357797519, -0.08756618904315813], [-0.40393277985566534, -0.5287861206076975, -0.18855219598683187, -0.31865919964620204, 0.7567424306866458, 0.5059638321186993, 0.05445167544556111, 0.3843716170394981, -0.2966204311341918, 0.42453548723401807, 0.10802562440139875, 0.16859145035540646], [0.10308815508992705, 0.07258018281105967, 0.5252538653983193, -0.09981677125534305, 0.04262238076240836, 0.39284146706560835, 0.6317990221575107, -0.21803087502858137, -0.5924100194826625, -0.6558556255450214, -0.6158825357626971, -0.020996956356171215]], "inverted": false, "swapped": true, "error_lsq": 0.04548331448925186, "error_max": 0.24952291127638498, "target": "984.xyz", "model": "26.xyz", "model_rescale": 3.6694154284099745, "target_rescale": 4.000983964475775},
{"mapping": [7, 12, 9, 8, 10, 5, 1, 3, 0, 6, 11, 4, 13], "R": [[0.7956693979120509, -0.39233257970272306, -0.4615033652424229], [0.055624272489180365, 0.8060006094238067, -0.5892953062077637], [0.6031717413277285, 0.44321345253981065, 0.6631332339367535]], "T": [0.0046820001564164895, -0.04108677250305007, 0.05102686839287222], "aligned_model": [[-0.35836326933410567, -0.4153715919169412, -0.07403488253820953, 0.40145319627545833, 0.5091737499559967, -0.03164103716817559, -0.5427948272228702, -0.7306988464347256, 0.16161725386531264, -0.511549227958281, 0.1458835370807009, 0.7759170215033665, 0.01800924591926016], [-0.5424569042336682, 0.5516902249498147, -0.08525582182341945, -0.4949594760922381, 0.10831780300761853, -0.6209764017716087, -0.1727108820395574, -0.12731165838100555, 0.022544254586414264, 0.32502617240301, 0.6852150064375224, -0.04144533785776726, 0.00949103158427824], [-0.06279161880240033, -0.2681959760817754, -0.6247810058815612, -0.1609386460120783, -0.24061857918564108, 0.5880437718022901, 0.7311672002121088, -0.2724101422533608, 0.6899758191455954, 0.31684083058409157, -0.3833961065096665, 0.3351518116269756, 0.07421370904722079]], "inverted": true, "swapped": false, "error_lsq": 0.04907387905560233, "error_max": 0.2645469233368415, "target": "984.xyz", "model": "27.xyz", "model_rescale": 4.103607728864725, "target_rescale": 4.000983964475775},
{"mapping": [2, 7, 1, 3, 0, 12, 13, 4, 10, 11, 5, 9, 14], "R": [[0.9622378110115902, 0.14960830901143862, 0.22741096924810228], [0.26983035811135725, -0.6344561593547483, -0.7243320783303189], [0.03591619274255184, 0.758342096768708, -0.6508665695573245]], "T": [-0.043400829790187286, 0.06348609265415417, 0.2118787166272722], "aligned_model": [[-0.19501689094622396, -0.3000212715706689, -0.12611923376886006, 0.3726789718519093, 0.3589280612873244, -0.18915475471428564, -0.6113354254386065, -0.7636079048327292, 0.2681289110267827, -0.4066685222511948, 0.2537809285772604, 0.7224295378430482, -0.03642208503696971], [-0.5645286632585035, 0.5939532984325206, -0.010389511779245297, -0.5525414217689639, -0.14214546330547542, -0.739425224163135, -0.12103435385190253, -0.3324415876748382, 0.048776637365525954, 0.5192799645885741, 0.5589938155968421, 0.35131991966167214, 0.007350600926322774], [-0.1401592679533339, -0.20385165033846464, -0.677256195963438, 0.10738683796697862, -0.3408769867169884, 0.47905436637979526, 0.46342400646704085, -0.17042002538280449, 0.6150016864731688, 0.5756777866925652, -0.23678096440017787, 0.18395986826382985, 0.06710160620362804]], "inverted": true, "swapped": false, "error_lsq": 0.04955012030591307, "error_max": 0.25776013620139127, "target": "984.xyz", "model": "28.xyz", "model_rescale": 4.137296879288765, "target_rescale": 4.000983964475775},
