[{"mapping": [10, 9, 6, 3, 2, 8, 10, 0, 5, 7, 1, 11], "R": [[-0.46041993154913935, -0.5103858710239282, 0.7263055481623639], [-0.3602017396749184, -0.6403879075640179, -0.6783494929466234], [0.8113372870560358, -0.5739421490925065, 0.11100547791720422]], "T": [-0.18759213275504652, -0.03985805006710921, 0.09474434216442096], "aligned_model": [[0.24087056196030635, -0.11107317616358911, 0.14034659913359074, -0.5049521411212817, -0.6558531064924112, -0.5621575804001586, 0.24087056196030635, -0.2578996566620615, 0.37973871130293513, 0.7441432811068328, 0.03914142178850755, -0.17105127490108246], [-0.18797344917041484, -0.640955363815975, -0.4060005045024353, -0.40064725962439285, 0.4006987493985005, -0.35433429513062553, -0.18797344917041484, 0.570439181366747, 0.539029181382731, -0.024193520552606845, 0.33786487565478496, 0.026936915569383657], [-0.41146005701696853, 0.048018619976131806, 0.6272388291239614, -0.39835431545263117, 0.5799160772290026, 0.4996009926129199, -0.41146005701696853, 0.02135813509704354, -0.08333322288717637, 0.26275342208790026, 0.6495396613111243, 0.08489099373979729]], "inverted": false, "swapped": false, "error_lsq": 0.05372442128245561, "error_max": 0.3934812052393318, "target": "986.xyz", "model": "0.xyz", "model_rescale": 3.751011558992144, "target_rescale": 3.935364180295095},
{"mapping": [2, 5, 10, 13, 12, 9, 8, 7, 1, 4, 6, 14], "R": [[-0.45532411672367173, -0.8843099608650848, -0.1033239654901067], [0.7404295182171441, -0.31166110591678814, -0.5955094320088076], [0.49441286116214267, -0.3476539201181502, 0.7966760160466404]], "T": [-0.049223454345454096, 0.02158211779720671, 0.09838267311206927], "aligned_model": [[-0.1423279285850087, -0.0964091766851832, 0.19265092826930047, -0.6148478153713697, -0.7355406319035289, -0.4147811375383231, 0.45332360987467707, -0.21841470679414715, 0.39864846983969787, 0.6965066166019503, 0.1008874232067166, -0.09757144940288766], [-0.22030984774828122, -0.574778924881285, -0.42642300355254653, -0.32985835769801025, 0.2666294010047231, -0.4504287084051159, -0.2525504387286129, 0.6580639759129411, 0.5502902066077159, -0.0839756776891249, 0.5182638751469607, 0.017968561435917678], [-0.6868293593156215, -0.08109730175510191, 0.7412216439344558, -0.1915498581746068, 0.24293600188226502, 0.37724282003298876, -0.2373494251987991, 0.1754682630860006, 0.023790141388950303, 0.3398742526891908, 0.6410609402525714, 0.1239409599818432]], "inverted": false, "swapped": false, "error_lsq": 0.03888331279250603, "error_max": 0.23666266016694137, "target": "986.xyz", "model": "1.xyz", "model_rescale": 3.9405287249114394, "target_rescale": 3.935364180295095},
{"mapping": [0, 2, 8, 1, 7, 4, 5, 6, 11, 9, 3, 12], "R": [[0.8072022592069547, 0.5475215897171847, -0.22055525730472894], [-0.2083560783288846, -0.08530650900794837, -0.974325686895447], [-0.5522791480352993, 0.8324319241322041, 0.0452198444375948]], "T": [-0.05762360937526507, 0.002178892367392514, 0.15772365409579872], "aligned_model": [[-0.1481547885352998, 0.05103726560134766, 0.24811205674017817, -0.6681550013105021, -0.7229817556434442, -0.4445585301464451, 0.44395245540053113, -0.1721188035212356, 0.48974832222193404, 0.6879876431697405, -0.18456520161354034, -0.05817946085137024], [0.09504875143915029, -0.5733779766578153, -0.3089472398158858, -0.39628327495173626, 0.3973405476444089, -0.3367513934725712, -0.19577884679313504, 0.4729274452099793, 0.4029810626072231, -0.12364280501480643, 0.32422968266495755, -0.08485489145448766], [-0.670593485139992, -0.1902659036337793, 0.7983608388169026, -0.15163964856828674, 0.3310893270228279, 0.6342772715524825, -0.3294215656562046, -0.08853300856231175, -0.05989040305073645, 0.43810530049261487, 0.6126618907803143, 0.1445584647503052]], "inverted": true, "swapped": false, "error_lsq": 0.049824927741709824, "error_max": 0.26747560357533173, "target": "986.xyz", "model": "2.xyz", "model_rescale": 3.932901565614263, "target_rescale": 3.935364180295095},
{"mapping": [10, 1, 0, 11, 8, 3, 6, 9, 5, 4, 7, 13], "R": [[-0.06771836669322134, -0.8880736679463028, -0.45468602696014526], [-0.4950549447186039, -0.3657627837670814, 0.7881232059269763], [-0.8662186932421061, 0.2784649821994767, -0.41487640227733225]], "T": [-0.05861605728621521, -0.06831313064864647, 0.13813653749698665], "aligned_model": [[-0.1276017733584039, 0.022462423912256814, 0.18028135531877792, -0.8390767508436124, -0.7031934532307392, -0.38130632829645345, 0.4567927812622312, -0.20596636318268016, 0.3890724037452932, 0.7174939703487282, 0.030265391808638013, -0.0170994559721424], [-0.23007351848149996, -0.7883301762786006, -0.492434360692791, -0.23515210637723094, 0.23041782634527974, -0.2613554136143658, -0.07422392679843193, 0.6444916248953707, 0.4648718025847855, -0.005536344851979069, 0.4369293075047744, -0.016713652830029437], [-0.5562840758256625, -0.016039838128511924, 0.5985706127124166, -0.26280555353009827, 0.32270772024981464, 0.48352203815377603, -0.3102060238517832, 0.038185513415703226, -0.040996247014299464, 0.5342914373875493, 0.6346974240383327, 0.043066071196899286]], "inverted": false, "swapped": false, "error_lsq": 0.04194372594582336, "error_max": 0.21047829769313445, "target": "986.xyz", "model": "3.xyz", "model_rescale": 3.9243930471874484, "target_rescale": 3.935364180295095},
{"mapping": [10, 9, 1, 11, 6, 5, 8, 3, 4, 7, 0, 12], "R": [[0.592289060086385, 0.6006497136340263, -0.5370415168432968], [0.7380934802980297, -0.6717810150102194, 0.06267600987125632], [-0.3231279679067242, -0.4335091572080132, -0.8412241835404338]], "T": [-0.0243307029395547, -0.03512634402507299, 0.054025187812581435], "aligned_model": [[-0.15589538641029627, 0.010087963842846305, 0.20580730696243907, -0.6168144090452186, -0.6972522142361418, -0.4896370522345441, 0.4079666145818067, -0.16578045362675542, 0.4146931954974211, 0.7283780054885505, -0.048127971355208916, -0.07130139795300458], [0.1320091552979108, -0.7298206456641345, -0.3501939548943191, -0.4745552752984241, 0.22516441915782365, -0.10037484638261919, -0.2814622446838817, 0.6202968848685879, 0.33411658116812587, 0.012145391042564131, 0.31976225899580607, -0.034196662202158015], [-0.618198122143428, -0.06388399089719275, 0.6522970298392475, -0.2323301050436462, 0.08471513686260591, 0.6480417987089012, -0.33168716903728174, 0.11204009470564252, -0.09856887575493141, 0.3262635800947234, 0.8265600561663886, 0.16345964530310741]], "inverted": false, "swapped": false, "error_lsq": 0.0509317399615734, "error_max": 0.3373349045067422, "target": "986.xyz", "model": "4.xyz", "model_rescale": 3.8936222436046832, "target_rescale": 3.935364180295095},
{"mapping": [8, 10, 2, 7, 5, 4, 3, 6, 9, 0, 1, 11], "R": [[0.4883783713773222, -0.5425747713611532, -0.6834465479122903], [-0.147550182526329, -0.8232686770598339, 0.5481401545303882], [-0.8600671543590542, -0.1668571330646168, -0.4821236222569636]], "T": [-0.03689865987616614, -0.04453953929755257, 0.03279505713774836], "aligned_model": [[0.14112151974123893, -0.19254262540109363, 0.2227394930472909, -0.5975728094503211, -0.6683147072980559, -0.4627417365851174, 0.46240681534655464, -0.4406221424474045, 0.3107850261903717, 0.7702201867759434, 0.11986400035735087, -0.14321881876486425], [-0.16951444427510862, -0.6499559917655169, -0.4953514773487493, -0.064585832353048, 0.24015910185918293, -0.4126647190744926, -0.3015630020508825, 0.6389814584439856, 0.4060949816937507, 0.08160138197421755, 0.4062752123813504, -0.006585608079407876], [-0.6732877390736176, -0.06054986539071519, 0.5680661015452911, -0.2912268117570631, 0.45402102479464534, 0.5929433633389726, -0.08933198461832279, -0.033650585117243476, -0.2082039610249433, 0.37245068323085195, 0.6772330255926245, 0.16024582728365605]], "inverted": false, "swapped": false, "error_lsq": 0.05492969951903712, "error_max": 0.3314591277147284, "target": "986.xyz", "model": "5.xyz", "model_rescale": 3.6523030999806103, "target_rescale": 3.935364180295095},
{"mapping": [10, 8, 5, 9, 11, 7, 6, 4, 2, 1, 3, 12], "R": [[0.39635276528424346, -0.25683194224459854, -0.8814430434772293], [-0.8711840210379216, -0.40818704872522144, -0.27280347274401007], [-0.2897289887804318, 0.8760255057336293, -0.38553394969108445]], "T": [0.0017000617345105731, -0.07352355013211903, 0.13224762082975222], "aligned_model": [[-0.20360259709184397, 0.09526661399363331, 0.11254575007541417, -0.5609534640737641, -0.7966545055918125, -0.4788583521513956, 0.3899651882837198, -0.12303159848393946, 0.45586778438255876, 0.6600123105058644, -0.018066465504949468, -0.010366462831591768], [0.108766812103674, -0.7242224464577125, -0.5394806790762405, -0.42054359693035925, 0.2957596017102183, -0.08643641372149001, -0.2275207728862074, 0.4701314320228968, 0.510511781311314, -0.0021524603873189774, 0.36215325450658664, -0.07407545079007981], [-0.5980222496850911, -0.01451528076832262, 0.6165003620188206, -0.16043133672665671, 0.1610389691060521, 0.61775243902888, -0.36590848819819455, -0.001964432444519132, -0.037593615445667, 0.34178524671036914, 0.6730208720623538, 0.23704659314611215]], "inverted": true, "swapped": false, "error_lsq": 0.050523445203111396, "error_max": 0.319286386231618, "target": "986.xyz", "model": "6.xyz", "model_rescale": 4.08911054899281, "target_rescale": 3.935364180295095},
{"mapping": [12, 11, 9, 13, 2, 1, 10, 6, 4, 8, 3, 14], "R": [[-0.9653669220267138, 0.23077245953034384, 0.12169953894319027], [-0.044833333793617064, 0.3127905864458584, -0.9487634168810508], [-0.25701493738228404, -0.921361015537977, -0.2916113869676711]], "T": [-0.0602022917806877, 0.04759052059915969, 0.04119781428019251], "aligned_model": [[-0.11103855521354554, 0.00601247698155713, 0.15057866473447257, -0.630283067822043, -0.8143740382021626, -0.5150222522098562, 0.4779133682495724, -0.22356165105413303, 0.43936719459881246, 0.5791667496825447, 0.2032968844120951, -0.039931572645419924], [-0.2535852912942724, -0.5294827746502005, -0.3502705373790897, -0.2718216950373692, 0.26643842446663707, -0.32092519729566193, -0.24419517747342556, 0.47705262453441377, 0.544792091671762, -0.03140977508264799, 0.4581497727707636, -0.07185140382562741], [-0.602782560158124, -0.04325974467674114, 0.682941746719583, -0.2887692562615106, 0.22414620909044738, 0.48310394471409945, -0.3390225709340605, 0.23618239693930923, 0.0328064077405561, 0.2650619592109037, 0.6644639860461499, 0.15383656037352428]], "inverted": false, "swapped": false, "error_lsq": 0.041934087235887374, "error_max": 0.23319709563072072, "target": "986.xyz", "model": "7.xyz", "model_rescale": 3.964800864290218, "target_rescale": 3.935364180295095},
{"mapping": [4, 12, 8, 11, 10, 9, 2, 3, 0, 1, 5, 13], "R": [[-0.47956239776762244, 0.4401136085580616, 0.7591573738095221], [0.877355249123485, 0.2243525504234134, 0.42416235093885657], [0.01636072989926418, 0.8694630208815735, -0.4937270317054274]], "T": [0.016068606328511176, 0.00011494311975951757, 0.04922155757020143], "aligned_model": [[-0.095101074813368, -0.0887553409018059, 0.008217861605522153, -0.6970781636458705, -0.6394041350017119, -0.4280386326244725, 0.500751791517664, -0.06134272854442174, 0.4494997813004351, 0.6928478798603233, -0.1122373057655541, -0.007235731474845526], [-0.23676328304568844, -0.7460692619458493, -0.3149814445363707, -0.2734146821776443, 0.17519490484577088, -0.4205237347352659, -0.12720694494560914, 0.7209290971537438, 0.510076821136851, 0.04050631588213713, 0.3646004943136352, -0.01945722054042841], [-0.6039425894689376, -0.0045930267562684784, 0.750442074740537, -0.2728600362122572, 0.5127261480353797, 0.3649565568822003, -0.3837681358042011, 0.029293279173174952, -0.2061911908478875, 0.37087081234396646, 0.790678635802642, 0.12109655091578754]], "inverted": true, "swapped": false, "error_lsq": 0.047677326379537664, "error_max": 0.2166189034245114, "target": "986.xyz", "model": "8.xyz", "model_rescale": 4.121658175737393, "target_rescale": 3.935364180295095},
{"mapping": [7, 6, 1, 8, 3, 2, 9, 10, 5, 4, 0, 12], "R": [[-0.7698333012391503, -0.5900558612014098, 0.24329153081250987], [-0.5158157436922607, 0.7996839166941441, 0.30731051387792385], [-0.37588669418114806, 0.11108426550405849, -0.919983412402089]], "T": [-0.11318117205357889, -0.0028502329550129067, 0.035775497886174096], "aligned_model": [[-0.08825031283192372, 0.042936693431634254, 0.08379796104312454, -0.568942805607123, -0.7365207110103449, -0.5351987463414088, 0.5445092780668787, -0.2542902876498353, 0.2964180322442973, 0.6903898429669371, 0.13037825460643648, -0.08310299740677896], [0.02050039162717771, -0.6718954196414492, -0.3256124676515075, -0.5197617410734602, 0.35077297940758995, -0.2440981555941411, -0.3216115798536731, 0.7426528356459734, 0.44965119359304945, -0.09904829812537871, 0.3354533841201321, -0.04411206104903084], [-0.6380524556029171, -0.054710967079728945, 0.6119312725615017, -0.20009981638519478, 0.36605179785567266, 0.5318068050366471, -0.36300300276130215, 0.06395745661016297, -0.060083028527973564, 0.40066928215099373, 0.7028989583349851, 0.10734277661128938]], "inverted": false, "swapped": false, "error_lsq": 0.03521706746841249, "error_max": 0.20564616013146902, "target": "986.xyz", "model": "9.xyz", "model_rescale": 3.833441315466971, "target_rescale": 3.935364180295095},
{"mapping": [6, 5, 2, 1, 10, 13, 4, 11, 7, 3, 8, 14], "R": [[0.6170361677865598, -0.7751074068656272, 0.13592231408168207], [-0.7760127192278128, -0.6280042973553143, -0.0584368214391749], [0.13065461048096363, -0.06941981219580698, -0.9889945714890283]], "T": [-0.12233243812877412, 0.023341315188704675, 0.052467581644277825], "aligned_model": [[0.011851351435351792, -0.0999379561507611, 0.1944017502474876, -0.5500905663051888, -0.7537650668070461, -0.37678616883381333, 0.41252218043640787, -0.18036598103608475, 0.33986460884921377, 0.730301877504125, -0.16408895080804792, -0.04178287701974995], [-0.06443213585756873, -0.6497705398261986, -0.32830243816172716, -0.3652148190588342, 0.39074572385119793, -0.49775667163726306, -0.41439147516228053, 0.7029640619135878, 0.5031604849004973, -0.08346960584045404, 0.44724251132827303, 0.032115964956051596], [-0.6074718852423097, 0.11454913512309299, 0.5934633113602212, -0.4075933352259162, 0.429377357924598, 0.5996391529734778, -0.34531768874827057, 0.06152909781548462, 0.044629793453101314, 0.17867376493872894, 0.7052489630707466, 0.10198141136118116]], "inverted": true, "swapped": false, "error_lsq": 0.04746241586186875, "error_max": 0.2839613932309068, "target": "986.xyz", "model": "10.xyz", "model_rescale": 4.2482417240324, "target_rescale": 3.935364180295095},
{"mapping": [9, 5, 2, 4, 0, 6, 7, 10, 8, 3, 1, 11], "R": [[-0.9254514434497328, 0.2407172066604424, 0.29256597928398975], [0.37814961034418004, 0.6343579553299986, 0.674235015929971], [-0.023291586750388976, 0.7346054797829495, -0.678094603325754]], "T": [-0.02755741694578786, -0.020358901237084653, 0.1879803278823461], "aligned_model": [[-0.02598844850165493, -0.16279165365599724, 0.2708160240492483, -0.7390279422132772, -0.5894613321126361, -0.45563167984056063, 0.4689031349694949, -0.24225263622872487, 0.30596997905888823, 0.7595888209552806, 0.01153904137105869, -0.07953910633922578], [0.016291129537674105, -0.6853018249901316, -0.4224849389333838, -0.3395498061467203, 0.44754906636502684, -0.4199602944121228, -0.26567519063186107, 0.4377297955916106, 0.4836051444981823, 0.08533874676638482, 0.38778842535761104, -0.05243919159698869], [-0.6354061037043885, -0.1341202459974385, 0.7329805351301357, -0.20921790742442953, 0.38588333419725995, 0.46646424153382043, -0.20176713554096226, -0.21084679154326624, 0.08010287113027123, 0.35320875708408694, 0.7633356793816466, 0.07809184455740072]], "inverted": true, "swapped": false, "error_lsq": 0.04738311629950368, "error_max": 0.31796935227249007, "target": "986.xyz", "model": "11.xyz", "model_rescale": 3.6694154284099745, "target_rescale": 3.935364180295095},
{"mapping": [8, 4, 0, 11, 7, 6, 3, 10, 2, 1, 12, 13], "R": [[-0.007875485397750848, -0.5500885598157986, 0.8350691906001148], [0.7649909418116855, -0.5411262842752647, -0.34924375930360785], [0.6439928848021698, 0.6360699024684523, 0.42507439760347043]], "T": [-0.16853130389667828, 0.015413827871094434, 0.1956728238224234], "aligned_model": [[-0.05824377079196083, 0.11775923488485049, 0.11177922736697218, -0.5623478518684176, -0.7962670702725585, -0.5089447231008146, 0.4368232566696857, -0.2463404119229709, 0.32929891159294455, 0.6701503999795826, 0.1179998185090361, -0.08954281953445517], [0.091118058726485, -0.6476508173735303, -0.3883385627937071, -0.39298425977364293, 0.38026720256294017, -0.3822842774220615, -0.2886272425384362, 0.6359154442316073, 0.3296387423230483, -0.08204657227311826, 0.4728705810356741, -0.054987235299977316], [-0.5491112930754596, 0.034236603038194924, 0.7144674628855174, -0.27671279985681035, 0.35377134076044614, 0.40970495815195085, -0.3356969006717863, 0.08408306573241695, -0.08671229100400485, 0.2555724405866738, 0.608470274327549, 0.2566362179294488]], "inverted": true, "swapped": false, "error_lsq": 0.04179517098133443, "error_max": 0.2768090706334538, "target": "986.xyz", "model": "12.xyz", "model_rescale": 3.9764082729961374, "target_rescale": 3.935364180295095},
{"mapping": [14, 13, 9, 11, 2, 1, 6, 7, 4, 5, 0, 15], "R": [[-0.89536142206562, -0.31250708270108624, 0.3172810223418464], [0.4453326206468939, -0.6324540163134693, 0.633782907813655], [0.002604009293487558, 0.7087603547819379, 0.7054445255475309]], "T": [-0.10929737543446111, -0.12132389528502385, 0.12013987402678747], "aligned_model": [[-0.08401047862660163, 0.01895691992140003, 0.10155984657755257, -0.6246939823180999, -0.6116351604695733, -0.5040427856533136, 0.48090314126546657, -0.22835513111002614, 0.3579143866316212, 0.6618748478015433, 0.044365514049688276, -0.09071291655776334], [-0.24125189501909328, -0.6363753526186627, -0.1459144673284738, -0.40131922060620234, 0.301703123636635, -0.2988722947843484, -0.22020562465714186, 0.6248339440340444, 0.41613585040431567, -0.08340559870451769, 0.40117650321705334, -0.043613906168326305], [-0.6696612954485957, -0.18441451882966967, 0.6826642399075681, -0.4151298282360343, 0.5728698210088611, 0.584871199856426, -0.35477544409082085, 0.13050464894896965, 0.02679153215675159, 0.44675816917938493, 0.6002325561859867, 0.04799799816530889]], "inverted": true, "swapped": false, "error_lsq": 0.04349809760629981, "error_max": 0.2789828651396345, "target": "986.xyz", "model": "13.xyz", "model_rescale": 4.170626492500431, "target_rescale": 3.935364180295095},
{"mapping": [12, 4, 2, 8, 1, 0, 5, 9, 11, 6, 3, 13], "R": [[0.7821301607473231, -0.6231096568634328, 0.0026013790384588065], [0.4430081125816432, 0.5531203020108352, -0.7055506669901834], [0.4381965584486224, 0.5529848886063504, 0.7086547037428071]], "T": [-0.1543988218462134, -0.05192636888444549, 0.1442365280408708], "aligned_model": [[0.00508130313608654, -0.03806182412859935, 0.0011068741833059614, -0.5663537433087009, -0.6323783546459566, -0.5828292351536635, 0.6084956592581197, -0.31859014623574317, 0.29156997190948636, 0.6755516079951811, 0.14339620154720306, -0.06486411304482594], [-0.21524815994054944, -0.730779477411311, -0.43858324429772644, -0.44801126159372784, 0.39239722603648775, -0.24156510167017065, -0.08750746846455584, 0.7334145587345996, 0.45831578557382613, -0.05960367449818424, 0.32517529252966115, -0.015113413593067636], [-0.5511757263004151, -0.025136700653879324, 0.6533991802791881, -0.33006948420779936, 0.5503480633565079, 0.5134829748870313, -0.34967219268538585, 0.03204350301012995, -0.05682174694678804, 0.2806645677346412, 0.6387929610500054, 0.11285367928090048]], "inverted": true, "swapped": false, "error_lsq": 0.04141337434523272, "error_max": 0.20695797571604158, "target": "986.xyz", "model": "14.xyz", "model_rescale": 3.9786697098870705, "target_rescale": 3.935364180295095},
{"mapping": [9, 8, 5, 6, 10, 7, 3, 1, 0, 2, 4, 11], "R": [[0.7436969616694152, -0.1979550138120734, -0.6385363276355875], [-0.6576574028447291, -0.045178247421736165, -0.7519612133903094], [0.12000654018513479, 0.9791694125464513, -0.16378550560483487]], "T": [-0.08763033340605944, -0.022021354161791587, 0.11172016618896377], "aligned_model": [[-0.029873068827498128, 0.1818903928288124, 0.10037164138394603, -0.7004958604692779, -0.6431168655735426, -0.5918111863882796, 0.6183137929551357, -0.4462165017837453, 0.3383362824376476, 0.7429835422953778, 0.09164525997030146, -0.13990322731698335], [-0.23866257826213727, -0.4606675866942151, -0.43437404633222443, -0.021548328026241362, 0.29875227202087645, -0.4041012652148462, -0.30885058714904856, 0.545333246415841, 0.43779954887620076, -0.013901050883596514, 0.2965488137748755, -0.02343737712020283], [-0.4689216738965837, 0.19643254330667292, 0.7745022589349899, -0.39002809019835505, 0.6416824118471357, 0.3032733296880491, -0.40259599519693756, 0.01074091810329604, -0.1898138541051457, 0.3644296168114931, 0.6029309557808711, 0.026076657728650476]], "inverted": false, "swapped": false, "error_lsq": 0.06609722008609194, "error_max": 0.3758376369568795, "target": "986.xyz", "model": "15.xyz", "model_rescale": 3.769337070930944, "target_rescale": 3.935364180295095},
{"mapping": [2, 1, 10, 5, 9, 6, 8, 0, 7, 4, 11], "R": [[-0.678379278451263, -0.4707371598223058, 0.5640993537758867], [-0.03554916936709676, -0.7458534698979535, -0.6651607760522955], [0.7338513549249968, -0.4712845507796872, 0.48923722371783523]], "T": [0.06658926280999446, -0.05564494609809322, 0.0668516594283906], "aligned_model": [[-0.42286520859909876, -0.21774431255650428, -0.1365702515494263, -0.6341815681071147, 0.39360705267367285, 0.470060279666306, 0.5539974314259554, 0.3626370258931779, 0.17482909032372157, -0.5244529926313588, -0.09669041584816031], [0.08725362339776427, -0.542287895518935, 0.6687169153795904, 0.07105270553663764, 0.1857026549926175, -0.4430458441473093, 0.3008031188570471, -0.6245380453694027, 0.43094987648856115, 0.42364931529103567, 0.03780807271773529], [-0.5668764587385571, -0.19061564567764772, -0.12253075163350423, 0.042890070019667645, -0.651959469681207, -0.2646816226823209, 0.021867322798724914, 0.36050561600959175, 0.5002843471376883, 0.576505299354862, 0.038828900316478766]], "inverted": true, "swapped": true, "error_lsq": 0.050583474264084945, "error_max": 0.32682494897596426, "target": "986.xyz", "model": "16.xyz", "model_rescale": 3.7852294659196426, "target_rescale": 3.935364180295095},
{"mapping": [7, 11, 9, 2, 3, 8, 6, 4, 5, 10, 0, 12], "R": [[0.34733977211549144, -0.9292046122273301, 0.12622943920582114], [0.8477746958392665, 0.3686913625851726, 0.3812410579275646], [-0.40079065333587605, -0.02540605775295296, 0.915817331364752]], "T": [-0.13953756610715684, 0.028406104579441354, 0.09856960101535962], "aligned_model": [[-0.03479569603369796, -0.04529668191732342, 0.1671825900953815, -0.6042912900738637, -0.834805160974816, -0.3994928491491642, 0.5893198401845494, 0.13969767602461375, 0.13977014683286482, 0.6402749485842314, -0.16040173400836472, -0.07503758805251667], [-0.19476478842797293, -0.6864755450806641, -0.4002219915111901, -0.20282272332390552, 0.3317140358123495, -0.40968771371612, -0.15849529504996496, 0.6697078956849509, 0.4535363569196085, -0.03201505871627877, 0.32745250959796046, -0.025036620783491264], [-0.5576703690750102, -0.03557568276173896, 0.7837429269210408, -0.22488708269328084, 0.3375311911103167, 0.5044057359790111, -0.37177918872718957, 0.21058021375393615, -0.3179162698107505, 0.2922105063939121, 0.7116626525842155, 0.13640444512967442]], "inverted": true, "swapped": false, "error_lsq": 0.05908875191788481, "error_max": 0.4037201783004963, "target": "986.xyz", "model": "17.xyz", "model_rescale": 3.901054581598922, "target_rescale": 3.935364180295095},
{"mapping": [2, 5, 10, 13, 12, 9, 8, 7, 1, 4, 6, 14], "R": [[-0.45532411672367173, -0.8843099608650848, -0.1033239654901067], [0.7404295182171441, -0.31166110591678814, -0.5955094320088076], [0.49441286116214267, -0.3476539201181502, 0.7966760160466404]], "T": [-0.049223454345454096, 0.02158211779720671, 0.09838267311206927], "aligned_model": [[-0.1423279285850087, -0.0964091766851832, 0.19265092826930047, -0.6148478153713697, -0.7355406319035289, -0.4147811375383231, 0.45332360987467707, -0.21841470679414715, 0.39864846983969787, 0.6965066166019503, 0.1008874232067166, -0.09757144940288766], [-0.22030984774828122, -0.574778924881285, -0.42642300355254653, -0.32985835769801025, 0.2666294010047231, -0.4504287084051159, -0.2525504387286129, 0.6580639759129411, 0.5502902066077159, -0.0839756776891249, 0.5182638751469607, 0.017968561435917678], [-0.6868293593156215, -0.08109730175510191, 0.7412216439344558, -0.1915498581746068, 0.24293600188226502, 0.37724282003298876, -0.2373494251987991, 0.1754682630860006, 0.023790141388950303, 0.3398742526891908, 0.6410609402525714, 0.1239409599818432]], "inverted": false, "swapped": false, "error_lsq": 0.03888331279250603, "error_max": 0.23666266016694137, "target": "986.xyz", "model": "18.xyz", "model_rescale": 3.9405287249114394, "target_rescale": 3.935364180295095},
{"mapping": [2, 1, 12, 6, 7, 4, 10, 9, 11, 14, 13, 15], "R": [[0.5799199306217825, -0.24625569441422804, 0.7765635885336074], [0.26233469506629753, 0.9588951601930643, 0.10816921707579703], [-0.7712803522922779, 0.14099008733554486, 0.6206838272752205]], "T": [-0.10861765164833762, -0.09534342225635462, 0.17928092875977183], "aligned_model": [[0.026009080976944515, -0.14990654882599694, 0.08698506550432769, -0.5158150541254494, -0.5810557019001475, -0.5623912071548136, 0.5249754728097257, -0.30372073960265633, 0.28293466581934235, 0.6374659525584618, 0.1691928587366672, -0.09254964328451185], [-0.22472201095053995, -0.7121752608350492, -0.4130035872100164, -0.3475292503534113, 0.34327691636553753, -0.2649677442820198, -0.08008768608504722, 0.6391319636921075, 0.46248461585111666, -0.004120465897772624, 0.3718772966737594, -0.09727372556338294], [-0.6695194639493671, -0.051658747053888815, 0.5804924176948467, -0.3941962190980265, 0.4621944069873529, 0.7269872171264684, -0.28572557882895744, 0.07208699486851769, -0.05465894489727538, 0.36576575345920415, 0.5740669030471289, 0.1428743394481329]], "inverted": false, "swapped": false, "error_lsq": 0.04610308418426572, "error_max": 0.26035215445948784, "target": "986.xyz", "model": "19.xyz", "model_rescale": 4.410303926677745, "target_rescale": 3.935364180295095},
{"mapping": [4, 12, 8, 11, 10, 9, 2, 3, 0, 1, 5, 13], "R": [[-0.47956239776762244, 0.4401136085580616, 0.7591573738095221], [0.877355249123485, 0.2243525504234134, 0.42416235093885657], [0.01636072989926418, 0.8694630208815735, -0.4937270317054274]], "T": [0.016068606328511176, 0.00011494311975951757, 0.04922155757020143], "aligned_model": [[-0.095101074813368, -0.0887553409018059, 0.008217861605522153, -0.6970781636458705, -0.6394041350017119, -0.4280386326244725, 0.500751791517664, -0.06134272854442174, 0.4494997813004351, 0.6928478798603233, -0.1122373057655541, -0.007235731474845526], [-0.23676328304568844, -0.7460692619458493, -0.3149814445363707, -0.2734146821776443, 0.17519490484577088, -0.4205237347352659, -0.12720694494560914, 0.7209290971537438, 0.510076821136851, 0.04050631588213713, 0.3646004943136352, -0.01945722054042841], [-0.6039425894689376, -0.0045930267562684784, 0.750442074740537, -0.2728600362122572, 0.5127261480353797, 0.3649565568822003, -0.3837681358042011, 0.029293279173174952, -0.2061911908478875, 0.37087081234396646, 0.790678635802642, 0.12109655091578754]], "inverted": true, "swapped": false, "error_lsq": 0.047677326379537664, "error_max": 0.2166189034245114, "target": "986.xyz", "model": "20.xyz", "model_rescale": 4.121658175737393, "target_rescale": 3.935364180295095},
{"mapping": [10, 8, 5, 9, 11, 7, 6, 4, 2, 1, 3, 12], "R": [[0.39635276528424346, -0.25683194224459854, -0.8814430434772293], [-0.8711840210379216, -0.40818704872522144, -0.27280347274401007], [-0.2897289887804318, 0.8760255057336293, -0.38553394969108445]], "T": [0.0017000617345105731, -0.07352355013211903, 0.13224762082975222], "aligned_model": [[-0.20360259709184397, 0.09526661399363331, 0.11254575007541417, -0.5609534640737641, -0.7966545055918125, -0.4788583521513956, 0.3899651882837198, -0.12303159848393946, 0.45586778438255876, 0.6600123105058644, -0.018066465504949468, -0.010366462831591768], [0.108766812103674, -0.7242224464577125, -0.5394806790762405, -0.42054359693035925, 0.2957596017102183, -0.08643641372149001, -0.2275207728862074, 0.4701314320228968, 0.510511781311314, -0.0021524603873189774, 0.36215325450658664, -0.07407545079007981], [-0.5980222496850911, -0.01451528076832262, 0.6165003620188206, -0.16043133672665671, 0.1610389691060521, 0.61775243902888, -0.36590848819819455, -0.001964432444519132, -0.037593615445667, 0.34178524671036914, 0.6730208720623538, 0.23704659314611215]], "inverted": true, "swapped": false, "error_lsq": 0.050523445203111396, "error_max": 0.319286386231618, "target": "986.xyz", "model": "21.xyz", "model_rescale": 4.08911054899281, "target_rescale": 3.935364180295095},
{"mapping": [13, 7, 5, 0, 1, 8, 12, 2, 14, 9, 11, 16], "R": [[-0.651984787354802, -0.6635225571942452, -0.366951840371899], [0.15048027546478235, 0.3610987661126698, -0.9203061272250399], [0.7431497317189568, -0.655244608681611, -0.1355838450543635]], "T": [-0.047329115891364036, -0.010826228879220835, 0.10360035358949267], "aligned_model": [[0.0496833263248121, -0.04183806969132222, 0.25847017762927704, -0.7003852723801918, -0.703225449175442, -0.40705719155005105, 0.5487430788722686, -0.3690313156284827, 0.44468749784950595, 0.6216100920328965, -0.10948803471002763, -0.07004463806134856], [-0.13666286160721094, -0.6211985967005547, -0.3089419160906575, -0.27689243594922097, 0.3133049118077066, -0.19592738197868467, -0.21534220785589683, 0.6055965483594963, 0.34514535283651687, -0.07888877605227315, 0.2659245036622894, -0.023226079026228502], [-0.5378695942234757, -0.2613813021430129, 0.6651543430409949, -0.2170331258020053, 0.4113947409449684, 0.6667125029560466, -0.2809001782787523, -0.09078195980053545, -0.10382787679592816, 0.3390476668816554, 0.8145422155637895, 0.0636516464603917]], "inverted": true, "swapped": false, "error_lsq": 0.0466622778006092, "error_max": 0.22500572879869016, "target": "986.xyz", "model": "22.xyz", "model_rescale": 4.204369325754507, "target_rescale": 3.935364180295095},
{"mapping": [2, 1, 12, 6, 7, 4, 10, 9, 11, 14, 13, 15], "R": [[0.5799199306217825, -0.24625569441422804, 0.7765635885336074], [0.26233469506629753, 0.9588951601930643, 0.10816921707579703], [-0.7712803522922779, 0.14099008733554486, 0.6206838272752205]], "T": [-0.10861765164833762, -0.09534342225635462, 0.17928092875977183], "aligned_model": [[0.026009080976944515, -0.14990654882599694, 0.08698506550432769, -0.5158150541254494, -0.5810557019001475, -0.5623912071548136, 0.5249754728097257, -0.30372073960265633, 0.28293466581934235, 0.6374659525584618, 0.1691928587366672, -0.09254964328451185], [-0.22472201095053995, -0.7121752608350492, -0.4130035872100164, -0.3475292503534113, 0.34327691636553753, -0.2649677442820198, -0.08008768608504722, 0.6391319636921075, 0.46248461585111666, -0.004120465897772624, 0.3718772966737594, -0.09727372556338294], [-0.6695194639493671, -0.051658747053888815, 0.5804924176948467, -0.3941962190980265, 0.4621944069873529, 0.7269872171264684, -0.28572557882895744, 0.07208699486851769, -0.05465894489727538, 0.36576575345920415, 0.5740669030471289, 0.1428743394481329]], "inverted": false, "swapped": false, "error_lsq": 0.04610308418426572, "error_max": 0.26035215445948784, "target": "986.xyz", "model": "23.xyz", "model_rescale": 4.410303926677745, "target_rescale": 3.935364180295095},
{"mapping": [13, 0, 3, 5, 8, 4, 7, 9, 11, 1, 10, 16], "R": [[0.6994028091183122, 0.28074685356774887, -0.6572799364115895], [0.6951839296819049, -0.053630585160385505, 0.7168284761694246], [0.1659970316283954, -0.9582822989845758, -0.23268008282489036]], "T": [-0.10776456686095784, 0.018476814507081146, -0.054326355204725965], "aligned_model": [[0.04335405559779065, 0.0995115301090907, 0.056932411369113756, -0.6168869402995478, -0.6129001383686513, -0.495544679578236, 0.4772412387604822, -0.28925172266923316, 0.3183340354545199, 0.6327396323157689, -0.027332444520857438, -0.06407277665834657], [-0.03925131664732397, -0.7047053735923737, -0.4467816627264602, -0.3467400570390282, 0.3351652772002404, -0.19405069417446855, -0.19709449315040042, 0.6038434152249857, 0.4860170723434565, -0.10873089642280688, 0.33038897667772416, -0.045169186288262705], [-0.7384442168694593, 0.012231540846120922, 0.6977776531333967, -0.10921787577268022, 0.5115827711124713, 0.47325588030528387, -0.2850385468772756, 0.07539773149073796, -0.0781501881846415, 0.3601698195085641, 0.5113815403222117, 0.037762969789406534]], "inverted": false, "swapped": false, "error_lsq": 0.039456213377454176, "error_max": 0.18932143635598736, "target": "986.xyz", "model": "24.xyz", "model_rescale": 4.28219845311461, "target_rescale": 3.935364180295095},
{"mapping": [11, 8, 0, 5, 3, 1, 14, 7, 13, 2, 4, 15], "R": [[0.25208439194074084, 0.9577938282853442, 0.13814645069045975], [0.9637159849916921, -0.26142301910147736, 0.05393983087998754], [0.08777789933326065, 0.11953655333149454, -0.9889418854544826]], "T": [-0.0084486639015166, -0.0027129648415216492, 0.015466026877394151], "aligned_model": [[-0.037867599882369866, -0.21963840345814284, 0.20904845841513806, -0.7033451591218512, -0.6525996850347291, -0.45925895525555294, 0.6147355166603456, -0.17480397031766245, 0.3426808269538015, 0.6195300765308421, -0.028892918429975566, 0.012536014452050631], [-0.1366585802540336, -0.6637204786414003, -0.3130209933208317, -0.4018681708701699, 0.22686143870006895, -0.2891307496971936, -0.24525945106226255, 0.7480273100414504, 0.46987691534013637, -0.00041572548709830487, 0.3035681276260126, -0.025368580969396558], [-0.5114781538155065, -0.004881393964857789, 0.7379327051962382, -0.2727607299389435, 0.3793484255605222, 0.368470747206075, -0.34916708189639933, 0.13488527761216823, -0.0638015121191954, 0.28826164385878184, 0.6791093782939372, 0.08278977281131653]], "inverted": false, "swapped": false, "error_lsq": 0.039018665231733696, "error_max": 0.2061332346068351, "target": "986.xyz", "model": "25.xyz", "model_rescale": 4.100010024507729, "target_rescale": 3.935364180295095},
{"mapping": [9, 5, 2, 4, 0, 6, 7, 10, 8, 3, 1, 11], "R": [[-0.9254514434497328, 0.2407172066604424, 0.29256597928398975], [0.37814961034418004, 0.6343579553299986, 0.674235015929971], [-0.023291586750388976, 0.7346054797829495, -0.678094603325754]], "T": [-0.02755741694578786, -0.020358901237084653, 0.1879803278823461], "aligned_model": [[-0.02598844850165493, -0.16279165365599724, 0.2708160240492483, -0.7390279422132772, -0.5894613321126361, -0.45563167984056063, 0.4689031349694949, -0.24225263622872487, 0.30596997905888823, 0.7595888209552806, 0.01153904137105869, -0.07953910633922578], [0.016291129537674105, -0.6853018249901316, -0.4224849389333838, -0.3395498061467203, 0.44754906636502684, -0.4199602944121228, -0.26567519063186107, 0.4377297955916106, 0.4836051444981823, 0.08533874676638482, 0.38778842535761104, -0.05243919159698869], [-0.6354061037043885, -0.1341202459974385, 0.7329805351301357, -0.20921790742442953, 0.38588333419725995, 0.46646424153382043, -0.20176713554096226, -0.21084679154326624, 0.08010287113027123, 0.35320875708408694, 0.7633356793816466, 0.07809184455740072]], "inverted": true, "swapped": false, "error_lsq": 0.04738311629950368, "error_max": 0.31796935227249007, "target": "986.xyz", "model": "26.xyz", "model_rescale": 3.6694154284099745, "target_rescale": 3.935364180295095},
{"mapping": [7, 9, 11, 8, 4, 10, 3, 0, 6, 12, 2, 13], "R": [[-0.745994207932702, 0.6659510795466739, -0.001342155535190348], [0.5286603637078169, 0.5934252179571988, 0.6069305813161584], [0.40498254477838874, 0.4520571538456957, -0.7947537153620293]], "T": [-0.11124850325851593, 0.028446621567644787, 0.010309872768170067], "aligned_model": [[-0.03211313743354656, 0.03930218750754036, 0.19605532076733878, -0.6423211594893028, -0.8144670856210674, -0.42267525981952864, 0.5245134592576599, -0.3132219813724054, 0.4699519217581442, 0.5913191917768461, 0.026934451796853054, -0.10115370761663771], [-0.1253182734638496, -0.6361568249499884, -0.3032347961072351, -0.28492089867803905, 0.23690400234570244, -0.28277610148841975, -0.2350082907494401, 0.6524695834142714, 0.392676517924322, -0.15807737102555489, 0.35870348631693116, 0.05763002786658114], [-0.5948533082418328, -0.012057153343936047, 0.7395061880039646, -0.1573797914604187, 0.3812003092963743, 0.42024219870025925, -0.41304512782485525, 0.09237935771771245, 0.03738532964057338, 0.3286497028825308, 0.588207372694775, 0.058474000738989465]], "inverted": true, "swapped": false, "error_lsq": 0.03692559974106516, "error_max": 0.22637741055986643, "target": "986.xyz", "model": "27.xyz", "model_rescale": 4.103607728864725, "target_rescale": 3.935364180295095},
{"mapping": [6, 8, 4, 11, 12, 13, 5, 3, 0, 1, 2, 14], "R": [[0.2165007206296556, -0.8301720993293144, 0.5137525897375109], [0.6000135072377001, 0.5282631443784256, 0.6007677100375262], [-0.7701371495384145, 0.17819185106670285, 0.6124838243694831]], "T": [-0.1676274948569384, 0.013263184202846886, -0.07325088248343155], "aligned_model": [[-0.12897499034979884, 0.03420036634019391, -0.03115073650642511, -0.4913965173255726, -0.623400436396549, -0.5615791359352863, 0.4266277217576939, -0.11531498429635245, 0.3979487715977271, 0.6501720714962583, 0.004743416846306081, -0.039751345716301234], [-0.1818095879636065, -0.7191041802871807, -0.3288829270223229, -0.5407957554931953, 0.3944993010803768, -0.31701780136326374, -0.06651127275754296, 0.7147643655860405, 0.44021282914570486, -0.03506939477991522, 0.2641621137161564, 0.04844337154403054], [-0.6746823917232535, 0.2352674065711104, 0.7549516411411626, -0.31871685750214995, 0.5466068964249313, 0.32119696960712846, -0.49234178422771935, 0.188837549774921, 0.013520244557858316, 0.28969355287309434, 0.5965690203260839, 0.007806830980968585]], "inverted": true, "swapped": false, "error_lsq": 0.057674112637250634, "error_max": 0.29594044657302343, "target": "986.xyz", "model": "28.xyz", "model_rescale": 4.137296879288765, "target_rescale": 3.935364180295095},
{"mapping": [1, 3, 4, 7, 10, 5, 2, 0, 8, 6, 11], "R": [[-0.002418348742248999, 0.8738484210913802, -0.4861924398275469], [-0.6473848080372351, -0.37192644781781026, -0.6652545585986], [-0.7621594727561637, 0.31314478180184896, 0.5666156401991734]], "T": [-0.05563290179394868, 0.007274105872902535, 0.11756356534956466], "aligned_model": [[0.4663312389511097, 0.1401216714765059, -0.14074267739602436, -0.571773901648062, -0.031094456704683235, 0.39769341134276487, 0.6450844732834057, -0.2626715467414907, -0.47671615482982066, 0.011563787583622878, 0.043623165392570065], [-0.26122619603383385, -0.7704471645916922, -0.09656858296542378, 0.1236297722468312, 0.6152787514548079, -0.05108939823523009, 0.3927151327189456, -0.5282290596182372, 0.41669498133631055, 0.023186778818297202, 0.05520280151717646], [0.3161016703887296, -0.13931337057469087, -0.7884021025870546, -0.2779286641259585, -0.36365136368029194, -0.4290580271320146, -0.030852685749525127, 0.5273045102014569, 0.2649032312014469, 0.7641036075557167, -0.03745278371481611]], "inverted": true, "swapped": true, "error_lsq": 0.04704889197454048, "error_max": 0.2731449795803922, "target": "986.xyz", "model": "29.xyz", "model_rescale": 3.607286011436655, "target_rescale": 3.935364180295095},
