[{"mapping": [1, 13, 7, 3, 4, 8, 11, 9, 10, 5, 0, 15], "R": [[0.06453684950865435, 0.9734610777295604, 0.21956439875603728], [-0.684863580083335, 0.20323395554072832, -0.6997555544550589], [-0.725807737442179, -0.1052116412801935, 0.6798041179694287]], "T": [-0.08190025954959991, -0.11466548825870052, -0.06841220717933005], "aligned_model": [[-0.18899983484573074, 0.3240845950028156, 0.41967424786869667, -0.10728529614171542, -0.21811398704754315, -0.577177930080402, 0.36024976289516086, -0.2795986613550573, 0.5142699436780562, 0.22832293441633467, -0.5899546176448554, -0.04782869428521135], [-0.27875660706589356, -0.6216630967039084, -0.3817981455670434, 0.5825765457568696, 0.4138043982775653, -0.6064910903301118, -0.2036375294923071, -0.3923765912011986, 0.04449610351755351, 0.36050324828739677, 0.21912374938626175, -0.08222594888812634], [-0.6407324665631629, 0.040555551205769536, -0.6266738615131453, 0.020242568109230807, -0.573098788100802, 0.0766997073067523, 0.5084875088807863, 0.5460382107439921, 0.06713984383343138, 0.5172337590638306, 0.33188115122669715, -0.08582143883981752]], "inverted": false, "swapped": true, "error_lsq": 0.038696792994975214, "error_max": 0.2356891582573646, "target": "988.xyz", "model": "0.xyz", "model_rescale": 3.751011558992144, "target_rescale": 4.178740719654042},
{"mapping": [11, 5, 12, 13, 0, 8, 3, 10, 9, 1, 2, 4, 7, 14, 15], "R": [[-0.036763953106685565, 0.8043996501360975, -0.5929499258899471], [0.946466690483465, 0.2184447345357471, 0.2376608965709002], [0.3207011312066838, -0.5524699999226486, -0.7693683666672438]], "T": [0.08683882840241201, 0.0006417197941389688, 0.05863833482213518], "aligned_model": [[0.05477764079364737, 0.3054322840557504, -0.5135558286049517, -0.005324471985371462, -0.22672689900540466, -0.5990916457113666, 0.4502939774965546, 0.5082126318069393, -0.49266772231798167, 0.18199138280676674, -0.23879606796855596, 0.5498869456894518, 0.5092514991889737, -0.08120567239993105, 0.13660815724451306], [-0.10309454186336706, -0.5853374837591484, 0.4559504932098789, 0.4636455841674931, -0.6415033061566143, 0.13840935986727165, -0.593200289761426, -0.0019646375655810212, -0.18687037540713825, 0.4059498542503598, -0.0901751212231946, -0.17397521032230823, 0.6759675450990802, 0.7886447045634897, -0.0036892252716894712], [-0.6655417651018142, -0.4646686784986426, -0.3034539905533762, -0.4005757733012453, 0.19682501642740605, 0.19563951560488144, 0.15814986956248805, -0.412066463063693, -0.2917454585894539, 0.4975210083638575, 0.6318003476900924, 0.6132900402106418, 0.04886679312107686, -0.0084810076617306, 0.05410695064148724]], "inverted": false, "swapped": true, "error_lsq": 0.047177218691158526, "error_max": 0.2667926881986972, "target": "988.xyz", "model": "1.xyz", "model_rescale": 3.9405287249114394, "target_rescale": 4.178740719654042},
{"mapping": [0, 9, 8, 10, 13, 2, 3, 5, 7, 1, 6, 4, 15], "R": [[0.3637327108985636, -0.7616681926692209, -0.5362462860462389], [0.8036723347166342, 0.5476628675127607, -0.23275773232873387], [0.4709663400217643, -0.3463047037273723, 0.8113345541407693]], "T": [-0.022610798867734445, -0.01858189408029414, -0.059491846109474555], "aligned_model": [[-0.21811172594991723, 0.14117691071846347, -0.3710414808011479, 0.5545206107646447, 0.3619057829117363, -0.6628705903334334, 0.024778132600908536, 0.5714406520976117, 0.0827545719274435, -0.4306833657503153, -0.15705901189153526, -0.39807320257262474, -0.0027540044379027705], [0.6647643905132633, 0.5013007442415609, 0.2259532756656917, -0.18457797985443364, -0.2882974337532846, 0.1581691179711979, 0.25841868618086566, 0.41507426586603835, -0.8062984159897973, -0.4641056893934447, -0.7766374927348482, -0.20320646438909412, -0.0417244107516979], [0.09730898798700313, -0.5029476606165466, -0.631373365438311, 0.13669764792736128, -0.5211678964500992, -0.09982739510561423, 0.585237159730699, 0.2927157128507121, -0.11420690381794413, -0.09002087440735843, 0.42546089271917714, 0.554906149443229, -0.019662105233663615]], "inverted": true, "swapped": true, "error_lsq": 0.04507804555116986, "error_max": 0.22685212124001417, "target": "988.xyz", "model": "2.xyz", "model_rescale": 3.932901565614263, "target_rescale": 4.178740719654042},
{"mapping": [1, 6, 7, 2, 14, 12, 13, 8, 0, 9, 10, 3, 11, 15], "R": [[-0.3393211901153042, 0.9160916690314524, -0.21362861201136385], [-0.45607710843428184, -0.3588428042136253, -0.8143865869636646], [-0.8227118578827937, -0.17890750625747937, 0.5395714068626803]], "T": [0.07137606669368733, 0.03204818013461702, 0.04669599227890882], "aligned_model": [[-0.11265181203248915, 0.5030683573950907, 0.3298042998019478, -0.45654519340750543, -0.18098532737553918, -0.3696773136063367, 0.11799711669270156, -0.6149325063749013, -0.15525831595308837, -0.24620954412553808, 0.6530559542291829, 0.4469726121065104, 0.3874092780684933, 0.1177623066341757], [0.0647555148993347, 0.18639759194388844, -0.36060845139954545, 0.4161545088301024, -0.6033902363627079, -0.6606890283327453, -0.624765958824959, -0.11665724806570577, 0.511462040506412, -0.1960499233794232, -0.19660230505791548, 0.5940877584797861, -0.3931198390716821, 0.04252221418564917], [-0.5286392697251837, -0.7392568032230382, -0.5964436005287794, -0.0819972427064296, -0.3848412714812321, 0.2031496631816696, 0.03381523056385745, 0.16964760740232487, 0.5452624029173425, 0.6305350675676342, 0.13885425889094344, 0.24083323937475926, 0.5522462999751255, 0.03073078084810394]], "inverted": false, "swapped": true, "error_lsq": 0.0494619613784742, "error_max": 0.28520389776634275, "target": "988.xyz", "model": "3.xyz", "model_rescale": 3.9243930471874484, "target_rescale": 4.178740719654042},
{"mapping": [6, 1, 7, 10, 13, 4, 3, 14, 8, 2, 9, 0, 15], "R": [[-0.2306510293609269, -0.554644085721497, -0.7994811072370062], [-0.3936929796184199, 0.804574201710333, -0.444596661864831], [0.8898347826725562, 0.21220342154721533, -0.4039353505571648]], "T": [0.03798125780469738, -0.0814823250260453, 0.02226852430379446], "aligned_model": [[-0.10955156976777256, -0.12285721926737789, 0.38846068239902387, 0.4202188982924673, 0.6756863082659966, -0.5414116969092341, -0.3740012345966838, 0.5182034454506222, 0.019761191710403386, -0.48404118892307535, 0.25674762616151736, -0.407727661638425, 0.03771830513389079], [-0.5844846053311052, 0.05346288252465248, -0.27027074742966317, -0.5798177724108182, 0.0388432275273817, -0.4359150828836971, -0.5746799491806283, 0.297049336496824, 0.6262174364525339, 0.323435545402686, 0.31787227194618667, 0.0459972794906634, -0.12988026892342924], [-0.7214562516251778, -0.5450651243135074, -0.6677430859568116, 0.09069257067042331, -0.08997353323901784, -0.2797651984524933, 0.30806049890321896, -0.5066861959777045, 0.1064049510155441, -0.05732142896643727, 0.5574457032018024, 0.5833939722138595, 0.009083437897265543]], "inverted": true, "swapped": true, "error_lsq": 0.04747833876678294, "error_max": 0.23675757675071252, "target": "988.xyz", "model": "4.xyz", "model_rescale": 3.8936222436046832, "target_rescale": 4.178740719654042},
{"mapping": [3, 4, 0, 5, 8, 1, 7, 13, 11, 10, 9, 15], "R": [[-0.569672433901008, 0.6284595733773339, 0.5296337250248342], [0.10140076896101241, -0.5857555001585109, 0.8041196292145645], [0.8155925466232619, 0.5117900533074404, 0.26996247744482954]], "T": [-0.1926943388716837, -0.01891973805437321, -0.01177179195985379], "aligned_model": [[-0.044854345610230634, -0.5660526483606927, -0.21159462548845387, 0.5060220044132229, -0.5048554941020607, -0.6957550727127666, -0.28020443244216964, 0.0903890719149743, 0.5079622750046455, 0.33876813270921685, 0.06440196116964042, -0.17667878428022915], [-0.485444542905705, -0.6330082654852808, 0.14104470526054852, -0.18281662402870805, 0.6198436002489502, -0.16020387781439935, -0.3109083877888017, 0.26302733472990303, 0.18520707414486462, -0.2967856983200755, 0.594752923019708, -0.06578533595119655], [-0.516894020844406, -0.20161909562780672, -0.7215769869055617, -0.39899038453594704, -0.06456073313099994, 0.293048455925234, 0.724215660203294, 0.5117870682921242, 0.04854821162232225, 0.18688326454201784, -0.23774698620788107, -0.0038097340568711904]], "inverted": false, "swapped": true, "error_lsq": 0.04907764865770963, "error_max": 0.2503379365431648, "target": "988.xyz", "model": "5.xyz", "model_rescale": 3.6523030999806103, "target_rescale": 4.178740719654042},
{"mapping": [0, 3, 4, 2, 1, 9, 10, 8, 11, 13, 7, 14, 15], "R": [[-0.6391363534687853, 0.6143941223544116, 0.4626279110591756], [-0.3116343527610604, -0.7568149959080348, 0.5745564307776185], [0.7031278346458909, 0.22304915239712006, 0.6751742913952717]], "T": [0.05204972965391746, -0.02308237984873416, 0.08541908863666531], "aligned_model": [[0.021125156343321044, -0.16105681141609082, 0.3757222025565632, 0.6145853425461859, 0.5702516116986401, -0.19000890802368992, -0.47524621211920054, 0.3920540355464934, -0.6295770120270813, -0.17193131052375493, 0.18406821577838386, 0.3168029525833787, 0.0342936417211457], [-0.507970309998705, 0.13792687407040724, 0.4234371370738367, -0.2869328618870527, 0.25174368052188023, -0.6707682098260676, 0.31301993281700147, -0.6049216735302673, -0.1764417592007471, -0.016529342149281402, 0.5905529942857034, 0.06607212496583015, 0.021638317020644837], [0.6273569307289093, 0.7360435160661893, 0.5838161159041473, 0.3236145644497329, -0.06251380015977642, -0.039753242300925695, -0.004691439368483014, -0.14719640914416252, -0.13387941717112745, -0.5338819696543871, -0.4051068176357195, -0.6732968460915527, 0.09959855385894478]], "inverted": true, "swapped": true, "error_lsq": 0.05276125098002408, "error_max": 0.36948819561316726, "target": "988.xyz", "model": "6.xyz", "model_rescale": 4.08911054899281, "target_rescale": 4.178740719654042},
{"mapping": [14, 7, 1, 12, 9, 0, 8, 2, 11, 13, 5, 10, 3, 4, 15], "R": [[0.4397530268672949, -0.15808213292713674, -0.884096892093994], [-0.797827499525086, -0.5207923040199762, -0.3037213477434757], [-0.4124179389437381, 0.8389191947516588, -0.3551422648948268]], "T": [0.07802574522281075, -0.005224319154642214, -0.001556669807258458], "aligned_model": [[0.08822912949350642, 0.3459050679529773, 0.5825571234516971, -0.4015310824541177, -0.49322194857868623, -0.026028475715163285, -0.03513312669745511, 0.45916422147573216, -0.6099455590410909, -0.29486820013748344, -0.4147020911686096, -0.18958550470390978, 0.20499501745633442, 0.7283763136816099, 0.09212265478421319], [-0.7294022921682042, -0.7318403416351035, -0.2900427725867045, -0.4040619644138656, 0.19960660570161678, 0.7014610261132513, 0.04520963897187497, 0.3006540094292724, -0.09317760375943618, -0.5435680754172795, 0.36146936847773364, -0.21603732192508748, 0.5038978831198779, 0.20936929262627105, -0.012778636365103641], [-0.3609378306131269, 0.18515900205868938, -0.17554871148794632, -0.5581934069713617, -0.35578512068199664, -0.14133435264594554, -0.7036260019095555, -0.453189692696483, 0.23335959845884932, -0.07141620794807144, 0.5348759678442221, 0.530484474111695, 0.46676363759148054, 0.2874707776521174, 0.045987899319513595]], "inverted": false, "swapped": true, "error_lsq": 0.045540502118599925, "error_max": 0.317743664388061, "target": "988.xyz", "model": "7.xyz", "model_rescale": 3.964800864290218, "target_rescale": 4.178740719654042},
{"mapping": [6, 4, 1, 10, 14, 5, 13, 2, 0, 9, 11, 12, 8, 15], "R": [[0.23218536821326607, -0.9188560915992096, -0.3190508387682055], [0.7981082594223535, -0.007518687453080062, 0.6024671572632028], [-0.5559794609780939, -0.3945211683420908, 0.7316009067110976]], "T": [0.03468241963402566, -0.09915484996353384, 0.02127156865326798], "aligned_model": [[-0.10239876142403895, 0.24500779768761352, 0.3217303634689198, -0.590040663351862, 0.028236081795202983, -0.48719399928899065, -0.32017163353571776, 0.6960329952568747, 0.36062960670054944, 0.07900816916572417, -0.5408306840080007, 0.044478723139868365, 0.5233168546709389, 0.003383039183790612], [-0.14657756484538215, -0.5503982760707645, 0.1377428377266398, -0.17118680745051482, 0.6872542984524693, -0.6041115331871556, 0.4457187603131635, -0.16934652459596775, -0.5801054630558852, 0.03146043789841184, -0.03230410955913292, 0.6186042707411771, 0.26585634002034964, -0.1216582002062061], [-0.8769843010448818, -0.530711901423841, -0.4556242869676359, -0.039211063004288345, -0.16637640071188495, 0.39230890839418003, 0.12584498418332776, -0.0008422794371875722, 0.4596939651394368, 0.710279772788248, 0.46909027628295774, 0.44977658903342915, 0.3903963193647937, -0.010825543871632252]], "inverted": false, "swapped": true, "error_lsq": 0.04382772399102872, "error_max": 0.2528973773097277, "target": "988.xyz", "model": "8.xyz", "model_rescale": 4.121658175737393, "target_rescale": 4.178740719654042},
{"mapping": [13, 14, 8, 9, 7, 10, 1, 3, 2, 6, 11, 0, 15], "R": [[-0.2259190077304446, -0.8977923426898649, -0.37806019541011715], [-0.7223202252228351, -0.10600991497177875, 0.683385242862113], [-0.6536161673184991, 0.42747024146146234, -0.6245439123750669]], "T": [0.020809547230385715, 0.013051249826681079, 0.024019880205848575], "aligned_model": [[-0.49353448212613577, -0.3386874469081043, 0.3857356505116527, 0.14799478779060563, -0.5305531219902826, -0.5205178587378015, 0.08518834973125156, 0.2107137915306373, 0.635142477914285, -0.26512593925039485, -0.42901079443388407, 0.5940276725483664, -0.004635590144998258], [0.12467641653046521, -0.2910658892003027, 0.16053224972721564, 0.6288517591232128, -0.5437349590387985, 0.14793641078921516, -0.5584570211393344, 0.09817325530250945, -0.18699401754274256, -0.7870466214029999, 0.5904970556533938, 0.4115326117452413, -0.004513811135365975], [-0.37187693853134474, -0.6332223440510942, -0.5703942475850619, -0.28962175955820973, -0.11944176065719897, 0.3204930070603525, -0.16354440106106968, 0.695839160550601, -0.13528303446357692, 0.3495779634397789, 0.045090011140371165, 0.22993938812492018, 0.06352038955062095]], "inverted": false, "swapped": true, "error_lsq": 0.04398914013595111, "error_max": 0.20999601101242651, "target": "988.xyz", "model": "9.xyz", "model_rescale": 3.833441315466971, "target_rescale": 4.178740719654042},
{"mapping": [14, 12, 10, 5, 11, 13, 9, 0, 4, 3, 1, 2, 8, 7, 15], "R": [[0.3999142648266223, -0.8348246520321658, -0.37833369020952334], [-0.8770126025434157, -0.22860799619750966, -0.4225958814926907], [0.2663033529045533, 0.5008055355464162, -0.8235753394789457]], "T": [-0.025280240888623802, 0.06536524216305604, 0.13448732868750493], "aligned_model": [[0.07694564798651196, -0.018429539929113788, -0.6346680397251768, -0.649292213075566, -0.6591649947967788, -0.33788551540817724, -0.08605305632214205, 0.17302287453772772, 0.23068436259403274, -0.16861869009578867, 0.36028000593689063, 0.6201797937813348, 0.42682312575882986, -0.15725978252228695, -0.05271896042576524], [-0.7352674260041691, -0.5020499464705989, 0.029505677273050077, 0.5724532125975477, 0.04066504111720361, -0.47584335836173475, 0.13225363175561994, 0.6874422423804206, 0.37676079775900034, 0.7004794297365948, -0.24791457125835947, 0.21972692308271952, -0.11425137704894407, -0.5566226815937396, 0.07376394433036806], [0.0872659066642407, -0.47942125327920615, 0.2972334017032995, -0.001438404159947143, -0.23130765171888637, -0.07315525491020469, -0.5623555797948253, -0.18717295630884231, 0.7590336241819244, 0.40044706433203137, 0.4796622816775459, 0.08596627707834356, -0.38665591215327344, 0.6143887155191435, 0.17563164899074873]], "inverted": false, "swapped": true, "error_lsq": 0.046351529248875874, "error_max": 0.27314806311150697, "target": "988.xyz", "model": "10.xyz", "model_rescale": 4.2482417240324, "target_rescale": 4.178740719654042},
{"mapping": [5, 10, 6, 7, 0, 2, 3, 1, 13, 8, 9, 15], "R": [[0.9356680307926362, 0.1142785484539694, -0.3338648671481984], [0.03065306029066625, -0.9688552938797628, -0.24572303395484804], [-0.3515476156190612, 0.21968120739929572, -0.9100299121831879]], "T": [-0.009907582517319225, 0.07536601389415398, -0.05627434967549901], "aligned_model": [[-0.6995307126458402, -0.1368501181824225, 0.6614560939402284, 0.6545180786005763, -0.5555326784700945, 0.11443583411322822, -0.36150782876303206, 0.5680134410863292, 0.1246325417628437, -0.00299432518396049, -0.4868453455933831, -0.0030293783014662254], [-0.3063371529665158, -0.5370480149049922, -0.2194314808262665, -0.3627160241988044, 0.5306329174867231, 0.7247437411696838, 0.060843233118652654, 0.2394789316278505, -0.3148581292911985, 0.5781486411520395, 0.2311837229724849, 0.04149100471098262], [0.15283707239991576, 0.03294634308091562, 0.482491854326002, -0.09113961233647119, 0.10118853449382614, 0.018877226494642997, 0.552673003501209, 0.01458420175641826, -0.5694685843435394, -0.5616570740595453, -0.5482180888873087, -0.019922586571708326]], "inverted": false, "swapped": true, "error_lsq": 0.050181231578849406, "error_max": 0.2728233759546812, "target": "988.xyz", "model": "11.xyz", "model_rescale": 3.6694154284099745, "target_rescale": 4.178740719654042},
{"mapping": [9, 5, 10, 3, 0, 12, 8, 14, 4, 1, 7, 2, 13, 15], "R": [[-0.4455030775702733, -0.6007005185635302, -0.6638417694548309], [-0.16987726307005674, 0.7847382554684268, -0.5960936049784434], [0.8790157696920127, -0.15278991263128514, -0.4516486679166479]], "T": [0.08682158124332161, 0.10936004540375842, -0.036050444803705894], "aligned_model": [[0.017319908347531374, 0.12106654444827149, -0.2715391532620438, 0.5518579751984174, 0.6628043712162758, -0.446160046773852, 0.1349924858987126, -0.5078320401979427, 0.5651257397942251, 0.09892842997368088, -0.4308519868421349, 0.5762576226761128, -0.5567904607879521, 0.08308546056650767], [-0.43002355627260025, 0.4181437438580878, 0.5411014115375027, 0.5444073386319782, -0.12128948445856265, -0.5346065450508316, -0.5924380272150871, -0.15843999070346043, 0.5747823742821497, 0.1376365266267029, 0.43974643424693177, -0.2182815392871239, -0.029130714244003722, 0.1593793161845709], [-0.4810136776302415, -0.7900297987027916, -0.32639964625045537, -0.3345894342413632, -0.41659463246188716, -0.047376961595454126, 0.07974631991057571, 0.44182283919378035, 0.2912878102033581, 0.568102316031378, 0.4713466667025492, 0.2736329914172087, -0.054163928927401794, -0.036675403996839544]], "inverted": false, "swapped": true, "error_lsq": 0.04530567260546881, "error_max": 0.271251861743581, "target": "988.xyz", "model": "12.xyz", "model_rescale": 3.9764082729961374, "target_rescale": 4.178740719654042},
{"mapping": [2, 12, 1, 0, 9, 7, 5, 6, 10, 8, 4, 3, 11, 14, 13, 15], "R": [[0.729445653120176, -0.27524266568211303, 0.6262192221037969], [0.4805772756660199, 0.8576849224143817, -0.1828170013331979], [-0.48677974614552955, 0.43430179466730345, 0.7579099088224491]], "T": [0.08958812556300318, 0.049277211751215313, -0.0015211239423884027], "aligned_model": [[-0.5869731141215317, 0.5387854292979585, -0.012315561637997394, -0.44120403981111317, 0.04946649968299359, -0.6252676298072931, 0.25854049487356984, 0.5136611419218337, 0.27720488106507823, -0.25392716509355634, -0.1965420416019762, -0.2885926599169957, 0.2835894457597184, 0.4026668640153355, 0.6739343525213591, 0.044754549178067836], [-0.3600960638424204, -0.3264702872851319, -0.5513169514038689, 0.16711182012135622, -0.07228259699774754, 0.2857684624061487, 0.4925481089684827, 0.679772782563019, -0.6812311137793858, -0.36474589991583106, 0.6862571085836865, 0.21534775095283043, -0.20790775210236484, 0.39436342261809015, 0.06368431671710227, 0.13250025700186646], [-0.10610565478888506, -0.254995253260243, -0.18103398693521183, -0.482647527032027, -0.588983969194139, 0.062407244569709586, -0.692744614876589, 0.07782758545009372, 0.2765156332384148, 0.45699271962094906, -0.16959807134643698, 0.7318568937378713, 0.7242640239347051, 0.647867242271319, 0.17962099858281133, 0.04998178802202523]], "inverted": false, "swapped": false, "error_lsq": 0.046014647073553655, "error_max": 0.2959549173182775, "target": "988.xyz", "model": "13.xyz", "model_rescale": 4.170626492500431, "target_rescale": 4.178740719654042},
{"mapping": [8, 9, 2, 0, 1, 6, 4, 12, 14, 11, 13, 10, 7, 15], "R": [[0.794992151217766, -0.10062246562222366, 0.5982161807526213], [0.5842348031057926, 0.39242157151800855, -0.7104048177252685], [-0.1632702494090218, 0.9142649668555832, 0.3707592157161773]], "T": [-0.163020417250111, -0.005091645130451489, 0.05960645240504893], "aligned_model": [[0.25556504509611055, -0.004793863784210428, -0.1766923644976144, -0.5982892046528496, 0.0807253970515241, -0.25380766509388786, -0.6136903695488181, 0.5676114326646574, 0.6127797456914893, -0.1302269345428442, 0.35259919482474766, -0.2907171925959725, 0.231377915937146, -0.18925811445783391], [-0.36024316887311125, -0.6889764657384647, 0.015670228792870083, -0.45967178197707115, 0.48037256397750394, 0.8906893905525901, 0.530964129512692, -0.40794835729855305, 0.21021670951300064, -0.4512616867875875, -0.09095849796381447, 0.05172881848104387, 0.6093564591298648, 0.026136126604702818], [-0.3952599756821498, 0.027616754370152694, -0.6053615917830912, -0.30599885476187544, -0.20658741169930178, 0.19089919125144533, -0.18956005028655154, 0.11227755225507129, 0.13355970785263888, 0.6393329657533842, 0.4602403859289648, 0.6757157369709165, 0.3781914485082368, 0.08880724244302537]], "inverted": false, "swapped": true, "error_lsq": 0.0421223050249836, "error_max": 0.275177221355776, "target": "988.xyz", "model": "14.xyz", "model_rescale": 3.9786697098870705, "target_rescale": 4.178740719654042},
{"mapping": [1, 2, 13, 7, 9, 11, 4, 3, 10, 6, 0, 15], "R": [[-0.16623303958025284, -0.8400611857005247, -0.5163949852887213], [0.7747405529430154, 0.2127079042979633, -0.5954262532629201], [0.610035779424011, -0.4990516523653609, 0.6154703860413937]], "T": [0.009449708588540946, 0.06471384587100079, -0.10352524817955609], "aligned_model": [[-0.12273957615948838, -0.6141674993055456, 0.561676685202223, 0.4839258696229107, -0.0049455486873951, 0.5349153237453179, -0.35141970912658316, -0.2141580750175237, 0.5417587919548567, 0.15317406221787006, -0.5138575643199668, 0.029191836640661252], [-0.49965028122229027, -0.05353465658103017, 0.08539705220792673, -0.5699182155404239, 0.678029228355369, 0.5733890925516016, -0.38008068200909984, 0.20494299135780905, 0.13477923992234728, -0.7527304786129618, 0.5485735918587921, 0.045477607936399524], [-0.27663162775355515, -0.30332351400782226, -0.4618014275974959, -0.18542419219487194, -0.4461539817033642, -0.06662904835139265, 0.37026187366168656, 0.5483841543674851, 0.2294365549888619, 0.26934451202768783, 0.044117913073695655, -0.06161472263708489]], "inverted": true, "swapped": true, "error_lsq": 0.053823245295447124, "error_max": 0.324290063880711, "target": "988.xyz", "model": "15.xyz", "model_rescale": 3.769337070930944, "target_rescale": 4.178740719654042},
{"mapping": [10, 11, 4, 3, 7, 13, 1, 12, 2, 0, 15], "R": [[-0.97072769785651, 0.18426509541442798, -0.15405879145998919], [-0.12265237550083123, 0.17117781554993777, 0.9775758539609881], [0.20650455539334672, 0.9678556349350164, -0.1435664951384305]], "T": [-0.021866865918942685, 0.059851629667380356, 0.03234499650568094], "aligned_model": [[-0.27890249172903125, -0.3213068402441507, -0.14572852941558856, -0.6360354210357138, 0.4769878728881287, 0.2919294153241425, 0.452137331822243, 0.45339383642174447, 0.15350444372376598, -0.4824888961575652, -0.04086459090680472], [-0.17247287635219075, -0.5798746605226003, 0.7806725831229537, 0.398250782830251, 0.13222207427937677, -0.45847360754447963, 0.4280646591900399, -0.5935646633542084, 0.4391896556335824, 0.1437768840010456, 0.07827366634157167], [-0.49593872746676987, -0.16081795096433377, -0.1003900285328712, -0.021817004074500136, -0.5845013264212231, -0.22575399963699988, -0.04305977134533501, 0.246972786488113, 0.5501751261350926, 0.589617959850434, -0.010269456807829418]], "inverted": true, "swapped": true, "error_lsq": 0.04117558606077887, "error_max": 0.21677030150422982, "target": "988.xyz", "model": "16.xyz", "model_rescale": 3.7852294659196426, "target_rescale": 4.178740719654042},
{"mapping": [11, 3, 0, 5, 10, 4, 1, 2, 9, 12, 14, 8, 15], "R": [[0.14315809818843694, 0.6586842466348091, -0.7386750450355042], [-0.989692521887271, 0.0981454271009683, -0.10428896039170266], [0.0038040824759004166, 0.7459909774081069, 0.6659451858690878]], "T": [-0.10782112605866848, 0.1083075543416242, 0.014978321307309791], "aligned_model": [[0.11508828074824626, -0.42092904558925837, 0.22609138774550494, -0.12640000190986306, -0.3953291141892824, -0.6742528917931622, -0.35135618427075666, 0.07158314402630869, 0.5571771480560971, 0.5134727894075659, -0.011078975415631298, 0.5038434156151319, -0.1541441022146178], [-0.19454265957268913, -0.485335838072528, -0.39952555491658437, -0.6337566898638841, -0.10595248020563355, 0.023733973185844234, 0.6003442265683359, 0.247636381338404, -0.06738787404945673, 0.5371895485640794, 0.8592906651000074, 0.39926376343427644, 0.09409816219270262], [-0.6133679949454904, 0.22521979350692145, 0.41544957495391205, -0.3226611889487309, -0.5051730762721994, 0.48884065324996745, 0.26902021196096537, 0.640439801483927, -0.12877787065315444, -0.3441104992435201, -0.26849652420001624, 0.2373762402601467, 0.0019955759904457075]], "inverted": true, "swapped": true, "error_lsq": 0.05299071204032091, "error_max": 0.3163090750982783, "target": "988.xyz", "model": "17.xyz", "model_rescale": 3.901054581598922, "target_rescale": 4.178740719654042},
{"mapping": [11, 5, 12, 13, 0, 8, 3, 10, 9, 1, 2, 4, 7, 14, 15], "R": [[-0.036763953106685565, 0.8043996501360975, -0.5929499258899471], [0.946466690483465, 0.2184447345357471, 0.2376608965709002], [0.3207011312066838, -0.5524699999226486, -0.7693683666672438]], "T": [0.08683882840241201, 0.0006417197941389688, 0.05863833482213518], "aligned_model": [[0.05477764079364737, 0.3054322840557504, -0.5135558286049517, -0.005324471985371462, -0.22672689900540466, -0.5990916457113666, 0.4502939774965546, 0.5082126318069393, -0.49266772231798167, 0.18199138280676674, -0.23879606796855596, 0.5498869456894518, 0.5092514991889737, -0.08120567239993105, 0.13660815724451306], [-0.10309454186336706, -0.5853374837591484, 0.4559504932098789, 0.4636455841674931, -0.6415033061566143, 0.13840935986727165, -0.593200289761426, -0.0019646375655810212, -0.18687037540713825, 0.4059498542503598, -0.0901751212231946, -0.17397521032230823, 0.6759675450990802, 0.7886447045634897, -0.0036892252716894712], [-0.6655417651018142, -0.4646686784986426, -0.3034539905533762, -0.4005757733012453, 0.19682501642740605, 0.19563951560488144, 0.15814986956248805, -0.412066463063693, -0.2917454585894539, 0.4975210083638575, 0.6318003476900924, 0.6132900402106418, 0.04886679312107686, -0.0084810076617306, 0.05410695064148724]], "inverted": false, "swapped": true, "error_lsq": 0.047177218691158526, "error_max": 0.2667926881986972, "target": "988.xyz", "model": "18.xyz", "model_rescale": 3.9405287249114394, "target_rescale": 4.178740719654042},
{"mapping": [11, 8, 9, 13, 7, 14, 4, 0, 5, 10, 12, 3, 2, 1, 6, 15], "R": [[0.31580724756634215, 0.15204282633294797, 0.9365622036710962], [0.6717255694100945, 0.6613026618645743, -0.3338615713308627], [-0.6701123351985511, 0.7345486834591138, 0.10671311935852706]], "T": [0.001751952122055575, 0.11752464930791193, -0.016628250570892865], "aligned_model": [[-0.44010373906760325, 0.6719102670111626, -0.03176027176655595, -0.5367305206243781, 0.1678555081428844, -0.7466587088447216, 0.2571446639346051, 0.6185780471004335, 0.3618598402914432, -0.38939324846639933, -0.2083013264422935, -0.29051619874258544, 0.23177405711735627, 0.32426588202326745, 0.6464196000981123, 0.0014375945607238722], [-0.4494743695654465, -0.1757643955897953, -0.5252317850023335, 0.01437299049169613, -0.058629160343405956, 0.18906782140108158, 0.5802645537706019, 0.41500577564129004, -0.6160467352836392, -0.16757088330713624, 0.6234301785037155, 0.556970329310456, -0.31442774889082503, 0.44777457936371867, -0.06296854982155733, 0.09653076392741092], [0.03326025170943108, -0.20934961592497084, -0.43466047894491877, -0.4048629826600197, -0.6776917822861928, 0.1691189409403229, -0.521911707837179, -0.07749536800798582, 0.13653171595262806, 0.6027504754813386, -0.025361972736997078, 0.6518741183039153, 0.7015863691055219, 0.45500632481268677, 0.31519893986601005, 0.017231824220776744]], "inverted": true, "swapped": false, "error_lsq": 0.04521179739419546, "error_max": 0.25634429254456337, "target": "988.xyz", "model": "19.xyz", "model_rescale": 4.410303926677745, "target_rescale": 4.178740719654042},
{"mapping": [6, 4, 1, 10, 14, 5, 13, 2, 0, 9, 11, 12, 8, 15], "R": [[0.23218536821326607, -0.9188560915992096, -0.3190508387682055], [0.7981082594223535, -0.007518687453080062, 0.6024671572632028], [-0.5559794609780939, -0.3945211683420908, 0.7316009067110976]], "T": [0.03468241963402566, -0.09915484996353384, 0.02127156865326798], "aligned_model": [[-0.10239876142403895, 0.24500779768761352, 0.3217303634689198, -0.590040663351862, 0.028236081795202983, -0.48719399928899065, -0.32017163353571776, 0.6960329952568747, 0.36062960670054944, 0.07900816916572417, -0.5408306840080007, 0.044478723139868365, 0.5233168546709389, 0.003383039183790612], [-0.14657756484538215, -0.5503982760707645, 0.1377428377266398, -0.17118680745051482, 0.6872542984524693, -0.6041115331871556, 0.4457187603131635, -0.16934652459596775, -0.5801054630558852, 0.03146043789841184, -0.03230410955913292, 0.6186042707411771, 0.26585634002034964, -0.1216582002062061], [-0.8769843010448818, -0.530711901423841, -0.4556242869676359, -0.039211063004288345, -0.16637640071188495, 0.39230890839418003, 0.12584498418332776, -0.0008422794371875722, 0.4596939651394368, 0.710279772788248, 0.46909027628295774, 0.44977658903342915, 0.3903963193647937, -0.010825543871632252]], "inverted": false, "swapped": true, "error_lsq": 0.04382772399102872, "error_max": 0.2528973773097277, "target": "988.xyz", "model": "20.xyz", "model_rescale": 4.121658175737393, "target_rescale": 4.178740719654042},
{"mapping": [0, 3, 4, 2, 1, 9, 10, 8, 11, 13, 7, 14, 15], "R": [[-0.6391363534687853, 0.6143941223544116, 0.4626279110591756], [-0.3116343527610604, -0.7568149959080348, 0.5745564307776185], [0.7031278346458909, 0.22304915239712006, 0.6751742913952717]], "T": [0.05204972965391746, -0.02308237984873416, 0.08541908863666531], "aligned_model": [[0.021125156343321044, -0.16105681141609082, 0.3757222025565632, 0.6145853425461859, 0.5702516116986401, -0.19000890802368992, -0.47524621211920054, 0.3920540355464934, -0.6295770120270813, -0.17193131052375493, 0.18406821577838386, 0.3168029525833787, 0.0342936417211457], [-0.507970309998705, 0.13792687407040724, 0.4234371370738367, -0.2869328618870527, 0.25174368052188023, -0.6707682098260676, 0.31301993281700147, -0.6049216735302673, -0.1764417592007471, -0.016529342149281402, 0.5905529942857034, 0.06607212496583015, 0.021638317020644837], [0.6273569307289093, 0.7360435160661893, 0.5838161159041473, 0.3236145644497329, -0.06251380015977642, -0.039753242300925695, -0.004691439368483014, -0.14719640914416252, -0.13387941717112745, -0.5338819696543871, -0.4051068176357195, -0.6732968460915527, 0.09959855385894478]], "inverted": true, "swapped": true, "error_lsq": 0.05276125098002408, "error_max": 0.36948819561316726, "target": "988.xyz", "model": "21.xyz", "model_rescale": 4.08911054899281, "target_rescale": 4.178740719654042},
{"mapping": [1, 7, 0, 8, 6, 11, 10, 12, 4, 2, 9, 15, 3, 14, 13, 16], "R": [[0.9202920199952659, -0.13063604411600016, -0.3687774693643249], [0.25024729227446274, 0.9211148062111673, 0.29820094984399936], [0.30073059478931097, -0.36671751765669214, 0.8803859219690993]], "T": [-0.01005433071828759, 0.07793586530782345, 0.01897247368301283], "aligned_model": [[-0.6498370193677449, 0.5540170475207317, 0.12044063823661591, -0.5277909002860741, 0.004415103338709488, -0.7353746663177794, 0.3401833423469083, 0.6184573693007853, 0.23031602659717307, -0.23785713349141757, 0.07917565754890368, -0.4593815571553808, 0.4824634419705742, 0.19260705871155578, 0.6065089855384185, 0.01943805183347223], [-0.39180956892392993, -0.025883862521381917, -0.6205679585486814, 0.03567460173915783, -0.12736800050107086, 0.3221022335284518, 0.5587297438056715, 0.4482150536953805, -0.5099980070653417, -0.354477434098032, 0.7834810347469745, 0.21316158973740829, -0.08427853158350657, 0.38364235057203333, -0.11807180671624248, 0.040751926738941104], [0.02293726736393445, -0.40155235599347205, -0.28947990402637325, -0.44029307934032613, -0.6974108641420391, 0.005326021607966386, -0.5262854725954528, 0.13226797942031926, 0.30680582635099585, 0.5503654082605258, 0.06130017900039286, 0.5769384806485057, 0.71567295188097, 0.5455600656834627, 0.15373387610402267, 0.015338671770934766]], "inverted": false, "swapped": false, "error_lsq": 0.04211585797637442, "error_max": 0.3135732275669848, "target": "988.xyz", "model": "22.xyz", "model_rescale": 4.204369325754507, "target_rescale": 4.178740719654042},
{"mapping": [11, 8, 9, 13, 7, 14, 4, 0, 5, 10, 12, 3, 2, 1, 6, 15], "R": [[0.31580724756634215, 0.15204282633294797, 0.9365622036710962], [0.6717255694100945, 0.6613026618645743, -0.3338615713308627], [-0.6701123351985511, 0.7345486834591138, 0.10671311935852706]], "T": [0.001751952122055575, 0.11752464930791193, -0.016628250570892865], "aligned_model": [[-0.44010373906760325, 0.6719102670111626, -0.03176027176655595, -0.5367305206243781, 0.1678555081428844, -0.7466587088447216, 0.2571446639346051, 0.6185780471004335, 0.3618598402914432, -0.38939324846639933, -0.2083013264422935, -0.29051619874258544, 0.23177405711735627, 0.32426588202326745, 0.6464196000981123, 0.0014375945607238722], [-0.4494743695654465, -0.1757643955897953, -0.5252317850023335, 0.01437299049169613, -0.058629160343405956, 0.18906782140108158, 0.5802645537706019, 0.41500577564129004, -0.6160467352836392, -0.16757088330713624, 0.6234301785037155, 0.556970329310456, -0.31442774889082503, 0.44777457936371867, -0.06296854982155733, 0.09653076392741092], [0.03326025170943108, -0.20934961592497084, -0.43466047894491877, -0.4048629826600197, -0.6776917822861928, 0.1691189409403229, -0.521911707837179, -0.07749536800798582, 0.13653171595262806, 0.6027504754813386, -0.025361972736997078, 0.6518741183039153, 0.7015863691055219, 0.45500632481268677, 0.31519893986601005, 0.017231824220776744]], "inverted": true, "swapped": false, "error_lsq": 0.04521179739419546, "error_max": 0.25634429254456337, "target": "988.xyz", "model": "23.xyz", "model_rescale": 4.410303926677745, "target_rescale": 4.178740719654042},
{"mapping": [11, 0, 7, 10, 1, 9, 3, 2, 13, 14, 8, 15, 6, 5, 12, 16], "R": [[-0.7425657131143013, 0.22028720495595855, -0.6325106394676226], [-0.44362321785380865, -0.8692791093786237, 0.21806483113729946], [-0.50179139319849, 0.4425238720460154, 0.7432213804656863]], "T": [-0.021615089148566302, 0.0076888655242471, 0.06219156878415655], "aligned_model": [[-0.49381474729720803, 0.6670245904263197, 0.2087045879551004, -0.43699045757363214, -0.005289441461069133, -0.6128165986399976, 0.28734139017257176, 0.647909540215253, 0.1567878968854498, -0.40660948457893664, -0.417255977371562, -0.275612676813314, 0.21049384350208128, 0.3683633550296646, 0.7177593751234914, 0.021786250751238925], [-0.35576952016809543, -0.013481488792485043, -0.541195102175083, 0.31956039122125873, -0.20178011228461462, 0.16449463036471199, 0.47482409188242897, 0.5602536581797332, -0.5764405782578278, -0.32273378277612635, 0.7277195877015107, 0.26189549709801063, -0.17051517998854665, 0.3624966630849275, -0.18520290455443247, 0.04917751407046164], [-0.15145994964008722, -0.24718363852772574, -0.2337985206171631, -0.330215619020519, -0.7697889418851931, 0.19751603411187946, -0.6417839697218619, -0.2194160869555618, 0.4102602276865739, 0.5102431048734852, 0.08922328980707778, 0.6787776574685827, 0.7638088799349353, 0.40516426929310106, 0.31177923154419607, -0.041900916357351756]], "inverted": false, "swapped": false, "error_lsq": 0.04525804589046157, "error_max": 0.28087829271790693, "target": "988.xyz", "model": "24.xyz", "model_rescale": 4.28219845311461, "target_rescale": 4.178740719654042},
{"mapping": [13, 11, 12, 7, 9, 4, 5, 8, 14, 2, 1, 0, 6, 6, 10, 15], "R": [[0.8220439510134283, -0.04244723501531028, -0.567839743978693], [0.49696843221689885, 0.5402792047799705, 0.6790587296119538], [0.2779678398342336, -0.8404145483759059, 0.46522818798522103]], "T": [-0.05307768849493661, 0.03906823419922015, -0.06633301057012309], "aligned_model": [[-0.3993523012020526, 0.3842726978992923, 0.11553762358235561, -0.6935753136822119, -0.07025537357931078, -0.7051299670168578, 0.4977721303406832, 0.48907460827992916, 0.30864124301212964, -0.2816838163823408, -0.013954290676631627, -0.28664836720838516, 0.33880012441980756, 0.33880012441980756, 0.6952262746569877, -0.07974395053775045], [-0.4411172527816968, -0.18597454504191593, -0.6369666690310687, -0.05214600800222942, 0.017965994337054203, 0.3133378502575538, 0.5379460997341395, 0.43059084739469433, -0.5345695116199867, -0.2706602926213485, 0.677194523299653, 0.4020203185777892, 0.15386615192334088, 0.15386615192334088, -0.08206890801006061, 0.0700186142665727], [-0.11565083315426648, -0.2999083908670167, -0.38092097343665693, -0.4987549802933333, -0.7417094289375482, 0.1187415063340076, -0.482224863438425, 0.12001877339544287, 0.2804288328548339, 0.4998714598765588, -0.03254547220562132, 0.6259564480571171, 0.7370662381178406, 0.7370662381178406, 0.16834078501935085, -0.00455028744575732]], "inverted": true, "swapped": false, "error_lsq": 0.04641117537640775, "error_max": 0.33737254441152004, "target": "988.xyz", "model": "25.xyz", "model_rescale": 4.100010024507729, "target_rescale": 4.178740719654042},
{"mapping": [5, 10, 6, 7, 0, 2, 3, 1, 13, 8, 9, 15], "R": [[0.9356680307926362, 0.1142785484539694, -0.3338648671481984], [0.03065306029066625, -0.9688552938797628, -0.24572303395484804], [-0.3515476156190612, 0.21968120739929572, -0.9100299121831879]], "T": [-0.009907582517319225, 0.07536601389415398, -0.05627434967549901], "aligned_model": [[-0.6995307126458402, -0.1368501181824225, 0.6614560939402284, 0.6545180786005763, -0.5555326784700945, 0.11443583411322822, -0.36150782876303206, 0.5680134410863292, 0.1246325417628437, -0.00299432518396049, -0.4868453455933831, -0.0030293783014662254], [-0.3063371529665158, -0.5370480149049922, -0.2194314808262665, -0.3627160241988044, 0.5306329174867231, 0.7247437411696838, 0.060843233118652654, 0.2394789316278505, -0.3148581292911985, 0.5781486411520395, 0.2311837229724849, 0.04149100471098262], [0.15283707239991576, 0.03294634308091562, 0.482491854326002, -0.09113961233647119, 0.10118853449382614, 0.018877226494642997, 0.552673003501209, 0.01458420175641826, -0.5694685843435394, -0.5616570740595453, -0.5482180888873087, -0.019922586571708326]], "inverted": false, "swapped": true, "error_lsq": 0.050181231578849406, "error_max": 0.2728233759546812, "target": "988.xyz", "model": "26.xyz", "model_rescale": 3.6694154284099745, "target_rescale": 4.178740719654042},
