[{"mapping": [10, 0, 2, 9, 3, 8, 4, 8, 7, 6, 1, 11], "R": [[-0.1421401015036288, -0.6400332143763847, -0.7550852111116807], [0.9369880388488216, 0.15894643896251773, -0.31111002008192246], [0.319138851597197, -0.7517270209565224, 0.5771108033688634]], "T": [0.09450712704928207, -0.07232317023667695, -0.031219916025789596], "aligned_model": [[-0.2017691397946291, 0.6871439439574677, 0.6780942093494997, -0.5103493403197126, -0.28997306106546705, -0.08491954838102012, 0.363904282360068, -0.08491954838102012, -0.007631573639684669, -0.2235481966672577, 0.5200121705492483, 0.15527444361665044], [-0.676094955562851, -0.20626242955504423, 0.4807451628347236, -0.021276194837503565, -0.06845223983059603, 0.5329324629578056, 0.09826657196311817, 0.5329324629578056, -0.6573848602046684, 0.10691107918122511, 0.02601135223066718, -0.10603595941694084], [-0.12838653021988813, -0.14798151955915326, 0.016652643048953763, -0.0012318415217192798, -0.6023525763000588, 0.03642014105272891, -0.7732932138274289, 0.03642014105272891, 0.7062580935578051, 0.5947755970141405, 0.5265939769225363, -0.029477225292852037]], "inverted": false, "swapped": false, "error_lsq": 0.05588829340145948, "error_max": 0.39023208964449985, "target": "989.xyz", "model": "0.xyz", "model_rescale": 3.751011558992144, "target_rescale": 3.873192247638882},
{"mapping": [1, 0, 13, 4, 8, 9, 2, 5, 6, 11, 12, 14], "R": [[0.3285377957964022, 0.7396912505278368, -0.5872987064738069], [-0.41313315673302176, 0.6717198448443946, 0.6149092980676345], [0.8493432236387422, 0.04061162314889061, 0.5262763385562403]], "T": [0.05833529648593988, -0.01581583572390295, 0.03193657996388545], "aligned_model": [[-0.04083868469488128, 0.5277048768952859, 0.5143416406417769, -0.669888068079652, -0.22554801345556613, 0.001975629965192016, 0.4816043722427498, -0.021789071321792725, -0.1784859092491597, -0.04210917334022357, 0.5757811002194269, 0.07856994176098675], [-0.6959670749122919, -0.5151645271884538, 0.5443721079825186, -0.2602636105660633, -0.027591374302089144, 0.5863618422916818, 0.2001923646642046, 0.522634046025099, -0.49579973599311916, 0.07421740760297534, 0.0979039955724481, 0.011397011540831083], [-0.08314757499708735, -0.2934057010548603, -0.0438913839819985, -0.15650435663242213, -0.5678049103198213, 0.2934614419248902, -0.6447626507591704, -0.2742298086608578, 0.5584884931373784, 0.8184071213728185, 0.5527942805364566, 0.07499273536246662]], "inverted": false, "swapped": false, "error_lsq": 0.0436993439634798, "error_max": 0.23614634660641656, "target": "989.xyz", "model": "1.xyz", "model_rescale": 3.9405287249114394, "target_rescale": 3.873192247638882},
{"mapping": [6, 3, 8, 0, 11, 2, 10, 9, 7, 1, 4, 12], "R": [[0.6136434555638404, -0.7845178046182741, -0.08929458931308504], [-0.6015622820913589, -0.3912673150769807, -0.6964428970974483], [0.5114337984614483, 0.48108388290336035, -0.7120349481604961]], "T": [0.031103081007682283, 0.0028069272249587065, 0.04708585987325739], "aligned_model": [[-0.21665255006705536, 0.4866767877423304, 0.651150728504539, -0.7885809348015135, -0.24288298034378403, -0.3097782233636039, 0.5676005149579915, 0.2499017726555233, 0.2503533930179712, -0.2144408808629188, 0.5476639338541579, 0.020307080290504802], [-0.4600269488780432, -0.3248175964417604, 0.44629507512090233, -0.1450795735608033, -0.039231689579186574, 0.535371835265561, 0.03710148545471012, 0.5224118770895907, -0.6871477021025861, -0.00476833168799881, 0.0871378275167943, 0.07504619452056106], [-0.09347602611171812, -0.06206746253655002, -0.09273169131114004, 0.14288609676300512, -0.6092514633984633, 0.30074741110924186, -0.602899913781005, -0.5295586889602725, 0.37081686442645456, 0.7999982788168927, 0.5137215919441099, 0.09621268896723796]], "inverted": false, "swapped": false, "error_lsq": 0.05895138148929318, "error_max": 0.3965189707695018, "target": "989.xyz", "model": "2.xyz", "model_rescale": 3.932901565614263, "target_rescale": 3.873192247638882},
{"mapping": [5, 6, 1, 7, 4, 3, 2, 0, 9, 8, 10, 13], "R": [[0.9816937078405973, -0.14453346808008613, -0.12404652591234841], [0.028702476023627143, 0.7561006182199889, -0.6538256824241947], [0.18829134833096636, 0.6382961160246031, 0.746407687803129]], "T": [0.09132121563269233, 0.06371869782251736, 0.15125907157831836], "aligned_model": [[0.011528889738515749, 0.5316461160469784, 0.6125382904917169, -0.5830812861552234, -0.18263961502838685, -0.13419059282563076, 0.4058239914962982, -0.041630689785603275, -0.22065581134661885, -0.2983949792191303, 0.7517583435207263, 0.14861598465050027], [-0.6163021721809395, -0.3302447148828194, 0.5431483873897401, -0.15006767955105793, -0.09778260747894292, 0.4985169509345699, 0.1544742325434193, 0.526119751953557, -0.5010919821964703, 0.1497082690534467, -0.09725514894713809, -0.036930833919623596], [-0.06784019072716274, -0.19166813965822388, -0.06610825473599188, 0.05524241792476729, -0.6624295643182336, 0.2954130913550249, -0.6149336522646514, -0.31506633532886996, 0.5026166810910255, 0.7673059907668216, 0.37721406945271063, 0.15465157237057617]], "inverted": false, "swapped": false, "error_lsq": 0.04348046534525904, "error_max": 0.2947720258588582, "target": "989.xyz", "model": "3.xyz", "model_rescale": 3.9243930471874484, "target_rescale": 3.873192247638882},
{"mapping": [1, 7, 4, 5, 0, 6, 2, 3, 9, 11, 8, 12], "R": [[-0.7865828578999847, -0.6169833390661023, 0.02487904686148229], [-0.47408256915027647, 0.5776039073330167, -0.6645445386590018], [0.39564267374205986, -0.534514064874326, -0.746834378671576]], "T": [0.12862405941341737, 0.05912940227188879, 0.1790526349044404], "aligned_model": [[-0.027194130189722387, 0.6397697396761363, 0.6388805583002891, -0.574973515658247, -0.22002108454462194, -0.41578890168652083, 0.39197155408268813, 0.0872063474942401, 0.10261083160493403, -0.30381162330560885, 0.6486037349756513, 0.03406513083492452], [-0.560146444326874, -0.34816374120953036, 0.23173860588152165, -0.06922938511461096, -0.010910331754048597, 0.53254368448464, 0.11491068811918981, 0.6031369124991374, -0.4425553700433914, 0.0994393551308021, -0.1376563636627185, 0.029184842713624242], [-0.14091364080390745, -0.285448331438971, -0.0703699735596614, -0.070141212990776, -0.5935166840648323, 0.2108325014883874, -0.7034160815463004, -0.21502067340304193, 0.6743536474037326, 0.8404969404958937, 0.47440474382521863, 0.11313645052205099]], "inverted": true, "swapped": false, "error_lsq": 0.046456471029295676, "error_max": 0.30180625488178764, "target": "989.xyz", "model": "4.xyz", "model_rescale": 3.8936222436046832, "target_rescale": 3.873192247638882},
{"mapping": [4, 1, 9, 10, 2, 8, 0, 3, 5, 7, 6, 11], "R": [[-0.166742634143308, -0.9633942837080893, 0.20992462475262047], [0.9860000081131852, -0.16271730543989563, 0.036428869199831515], [-0.0009369950638397351, 0.21305992731848308, 0.9770386836821218]], "T": [0.05001109769375454, 0.08009392878115222, 0.05633327681286361], "aligned_model": [[-0.30651485329109707, 0.6480060680065015, 0.5249967454688237, -0.5800196717926768, -0.1845525932062935, -0.15684925294943117, 0.47697488434523516, -0.0658298642397489, 0.21302597908578613, -0.2014212781219548, 0.5538847217901371, 0.07961775648886117], [-0.6247192916949988, -0.37099667579627066, 0.47542524475311526, 0.0684308873643127, -0.23101998820009573, 0.7680545296758841, 0.2362019702119144, 0.4524063919394805, -0.6147520669550571, 0.04606892660864202, -0.07842512747913712, -0.08438234771004842], [-0.025838308441616678, -0.2300721161246303, 0.06806906996166621, 0.007419041151772485, -0.5803349809918226, 0.22890741531328135, -0.7026466394338716, -0.3658590178071208, 0.4407627862173326, 0.6524637885356607, 0.6526483846627652, 0.08887826288437599]], "inverted": false, "swapped": false, "error_lsq": 0.04906829729200979, "error_max": 0.310680744934832, "target": "989.xyz", "model": "5.xyz", "model_rescale": 3.6523030999806103, "target_rescale": 3.873192247638882},
{"mapping": [3, 7, 9, 2, 4, 6, 11, 10, 0, 1, 5, 12], "R": [[0.21556397709960073, 0.7135292456284019, 0.6666394733362004], [0.6540736809469339, -0.6124188287792107, 0.44399414190868386], [0.7250653706180785, 0.3403221911507735, -0.5987161385337838]], "T": [0.11928457815189913, 0.1237565211498029, 0.07598399610725783], "aligned_model": [[0.01015114818575924, 0.6055758588577549, 0.6448458196145406, -0.6299113763894639, -0.19554456339980059, -0.19730039051171294, 0.43123018782143335, -0.0836463735961625, 0.07179016721351, -0.3150721141057321, 0.4992534440702932, 0.15994683382372354], [-0.5540246901954942, -0.31823050345909554, 0.5251963794497554, 0.03003181931741447, 0.0012973946277749088, 0.6483709854018405, -0.08501374039927606, 0.6933835244364919, -0.7468166153507574, -0.07913250278009856, -0.10244283182340222, 0.02967323349258766], [-0.03052059045645418, -0.11106230854486666, -0.21606787740325917, -0.002327792113952773, -0.38771631216113134, 0.29318916083847885, -0.7200523834895609, -0.4169836981854266, 0.5524401068161972, 0.5785227248170199, 0.5940197512766642, 0.10095690453408412]], "inverted": true, "swapped": false, "error_lsq": 0.051202914551065105, "error_max": 0.2562821256835002, "target": "989.xyz", "model": "6.xyz", "model_rescale": 4.08911054899281, "target_rescale": 3.873192247638882},
{"mapping": [9, 6, 7, 11, 1, 12, 2, 13, 8, 10, 4, 14], "R": [[-0.04483060407446138, -0.24432064801110365, 0.9686576474140663], [-0.6639847973582262, -0.7171757202831628, -0.21162035609430913], [0.7464009685252789, -0.6526610201258853, -0.13007377519225194]], "T": [0.14797893049212787, -0.01858412265614398, 0.05978817122366577], "aligned_model": [[-0.23993844088852043, 0.6006783836210593, 0.6556380806830486, -0.4361174722813842, -0.15020448525046445, -0.17541528958641725, 0.45280015491116965, -0.12473024910573685, 0.012765851937191847, -0.21570631220872835, 0.5891880644188502, 0.03236035533407425], [-0.6840727345861308, -0.12193695846098894, 0.5436102761796534, 0.030659407346757456, -0.20643060608401442, 0.5813183032731205, 0.15582952194141272, 0.5344931341857416, -0.5055790516831764, 0.08081497526410109, -0.23885384950503616, -0.12755996515369836], [-0.08582202169021642, -0.12330842328682383, -0.09992597868967022, 0.09040728252777265, -0.5834430532168603, 0.26843901784349194, -0.6660240944574315, -0.33471122507363926, 0.51772084725218, 0.6738954599576817, 0.5634400721193151, 0.013729802641992715]], "inverted": true, "swapped": false, "error_lsq": 0.048297186471079535, "error_max": 0.25877693395045587, "target": "989.xyz", "model": "7.xyz", "model_rescale": 3.964800864290218, "target_rescale": 3.873192247638882},
{"mapping": [3, 6, 12, 5, 10, 8, 11, 9, 0, 1, 2, 13], "R": [[0.40249606012811623, 0.87938517706191, -0.25431994012490905], [0.7646413142511105, -0.17021829451083192, 0.6215701028477467], [0.5033096284809964, -0.44464305074702026, -0.7409264304239014]], "T": [0.17187110547977869, -0.026355622314121772, 0.08912031481000972], "aligned_model": [[-0.12918301208728977, 0.4427745698994124, 0.5504521816607292, -0.6542082479866385, -0.3206399170102733, -0.31748952591091223, 0.5824156488377858, 0.07530911558882575, 0.1748194733983708, -0.13507594951903928, 0.6160430106968174, 0.11610129401635416], [-0.678908841415924, -0.4442095451762972, 0.6218299290528786, -0.02116696495180747, 0.041594505788082194, 0.5665110736895934, 0.09791422469551078, 0.5037833208481498, -0.609548632141876, 0.05925022026394972, -0.11844499997348065, 0.023688162038962082], [-0.008365121221204794, -0.20839478613895063, 0.004227458542237786, -0.03986302744651361, -0.5650583196805469, 0.09875538729668511, -0.6202057791248237, -0.33923142131312484, 0.505096988359627, 0.768513453071242, 0.5716548657929107, 0.06726798779025478]], "inverted": false, "swapped": false, "error_lsq": 0.04559627461360519, "error_max": 0.28910669221087126, "target": "989.xyz", "model": "8.xyz", "model_rescale": 4.121658175737393, "target_rescale": 3.873192247638882},
{"mapping": [6, 1, 0, 7, 9, 10, 4, 5, 8, 11, 2, 12], "R": [[-0.29004857177957677, -0.012116218884315189, -0.9569352241654476], [-0.6664785261750168, 0.720138035607254, 0.19289267435364987], [0.6867883226702429, 0.6937250225497658, -0.21695020841686627]], "T": [0.047192521735820385, 0.022391129141846447, 0.10705368574818849], "aligned_model": [[0.060552830556438085, 0.6657467922762323, 0.6536103967609252, -0.6222379731132555, -0.29924255354860385, -0.03954931278650554, 0.4206436986498538, -0.11824791016227526, -0.10509594395435529, -0.3145399805070566, 0.57548525170965, 0.12419334570309493], [-0.6253250979581045, -0.1787796622044025, 0.4885803729683488, -0.054517206175122374, -0.26184974617594986, 0.737446331107684, 0.09261922308740973, 0.5060219670982423, -0.5813038503901189, 0.11724757326500052, -0.19486276678521575, -0.002984685120030188], [-0.13884719142307242, -0.12065806805225471, -0.07665584833425526, 0.07301208123107672, -0.5946440272637576, 0.34716354160725527, -0.6952742715118222, -0.2400033446470227, 0.48509327710461225, 0.6200682336734127, 0.5020903764747556, 0.07305292706886547]], "inverted": false, "swapped": false, "error_lsq": 0.047131796673423286, "error_max": 0.21296084252215358, "target": "989.xyz", "model": "9.xyz", "model_rescale": 3.833441315466971, "target_rescale": 3.873192247638882},
{"mapping": [7, 8, 13, 6, 12, 5, 10, 0, 3, 4, 2, 14], "R": [[0.03668059292704005, -0.04233608050493842, -0.9984298625291615], [0.23479920341703503, 0.9714981525195491, -0.0325679862108324], [0.9713515677535333, -0.2332359233449739, 0.04557560624030006]], "T": [0.013952956960392587, -0.03231825587509245, -0.07351389662222897], "aligned_model": [[-0.0038489425312499513, 0.6908716010371594, 0.5494808341584863, -0.658527132492174, -0.37428091478242875, 0.03592837844231761, 0.46046911846307637, 0.12137997507939033, 0.06508562483747717, -0.4495578057089309, 0.5070595881146474, 0.05725831696637152], [-0.6946605507162251, -0.34476791216828734, 0.5329392588320736, -0.042131887095049295, -0.023431142143731494, 0.48571467774587235, 0.06235748651522123, 0.5888637550617303, -0.4707605244285071, -0.01215067311018932, 0.04914091415507016, -0.08882094993023663], [-0.0035156564951544372, -0.30092481096073626, 0.09789315173178821, 0.0208459993986035, -0.5341824730976352, 0.360760396885641, -0.7571906951459336, -0.3312255703396067, 0.6744671707645996, 0.5750719663021504, 0.4430715356707593, -0.010673328786682965]], "inverted": true, "swapped": false, "error_lsq": 0.05065052854908614, "error_max": 0.29105260046286713, "target": "989.xyz", "model": "10.xyz", "model_rescale": 4.2482417240324, "target_rescale": 3.873192247638882},
{"mapping": [5, 7, 8, 6, 2, 0, 3, 1, 4, 4, 9, 11], "R": [[0.4328810874051613, 0.09507440791573911, -0.8964233492755513], [-0.42840881343327647, -0.8532497089722172, -0.297373204427566], [-0.7931455432262211, 0.5127628994947845, -0.3286249475649777]], "T": [0.10135427549807066, 0.08988953567241525, -0.0477059679854553], "aligned_model": [[-0.023094249280485216, 0.5859686822618274, 0.5785340867587394, -0.5105355074253698, -0.22451000646034117, -0.21239119106403573, 0.5350150449499232, -0.10248575625241366, -0.2102191872245264, -0.2102191872245264, 0.6660087452493804, 0.12924716729597052], [-0.6307180675306521, -0.34530419748034924, 0.46585483967369795, -0.11108409982834327, -0.07832201423254467, 0.6534164023667532, 0.17208970490310405, 0.6935648266799104, -0.2894435643159689, -0.2894435643159689, -0.21900127820418436, 0.020683465002287016], [0.12382658638222697, -0.23293970702055733, -0.13606516030447724, 0.02767724984510382, -0.6905703631785454, 0.3495857745152418, -0.7283329551587665, -0.3529467553012717, 0.676771745137936, 0.676771745137936, 0.46713643220262663, 0.05348309367033964]], "inverted": false, "swapped": false, "error_lsq": 0.0544853548109538, "error_max": 0.3786904596312869, "target": "989.xyz", "model": "11.xyz", "model_rescale": 3.6694154284099745, "target_rescale": 3.873192247638882},
{"mapping": [2, 8, 11, 12, 10, 5, 9, 7, 1, 0, 4, 13], "R": [[0.9590492367797978, 0.019407254846157795, 0.282573742395545], [-0.1152910469631854, -0.8845135272160944, 0.45204401850027415], [0.2587132310536516, -0.4661106935386486, -0.8460545404681072]], "T": [0.09449232214421575, 0.059491162169339216, 0.05022316924475493], "aligned_model": [[0.001680630901660679, 0.5818506740293189, 0.7896034093953155, -0.5631984534823983, -0.1923520693400646, -0.4093723998226807, 0.4412540453990872, -0.11525292753172688, -0.07219010086361462, -0.1035467110060352, 0.5673128893759425, 0.07552965452933823], [-0.569766213500825, -0.384719310198379, 0.285030830183797, -0.11115975822087573, -0.06713797683582112, 0.6574910187468469, 0.19069902942076988, 0.587911412558399, -0.6166287826708168, 0.1416441366577543, -0.10572500872598092, 0.0346530753028731], [-0.09720382463937519, -0.32093278772990336, -0.05456749560472756, 0.04075705641401873, -0.5022387240449697, 0.2321223335286629, -0.6619755879478787, -0.4282580609897069, 0.531421968236549, 0.7319630716687497, 0.5950377962764167, 0.1682719407599573]], "inverted": false, "swapped": false, "error_lsq": 0.046486696358961986, "error_max": 0.25822549084311286, "target": "989.xyz", "model": "12.xyz", "model_rescale": 3.9764082729961374, "target_rescale": 3.873192247638882},
{"mapping": [6, 13, 10, 7, 3, 2, 11, 8, 5, 9, 12, 15], "R": [[0.32184817494430473, -0.6318406140179165, 0.7051178559379154], [-0.8441177449590531, -0.5287953504673268, -0.08854778353736545], [0.42881112967163443, -0.5667035519578112, -0.7035396927452902]], "T": [0.057255843250550595, -0.06528004639158196, 0.08769455326086555], "aligned_model": [[0.10058545617830507, 0.5653719724617876, 0.6225617349110101, -0.6660020309479369, -0.2742209865529514, -0.31749013084320216, 0.42995105336540035, 0.02626739324366663, -0.09931977112323796, 0.0251798434777835, 0.6069313113539523, -0.01849720394043472], [-0.8106517387557001, -0.3639079659742539, 0.48366345375774317, 0.11840809312062923, 0.07720881138406961, 0.6235201479063626, 0.13239065650395393, 0.5166445368726723, -0.6066629668757968, -0.008761614323110609, -0.013565071380616751, -0.10599388951821082], [-0.07417697161306987, -0.07698668752876946, -0.07116759281568145, -0.03142896975376687, -0.6727418241086169, 0.2339110405041237, -0.5850381368350175, -0.3123758555516882, 0.7083494623900619, 0.6854201789393378, 0.4076882658134556, 0.022944776487423962]], "inverted": false, "swapped": false, "error_lsq": 0.04412127545233042, "error_max": 0.23656517730104548, "target": "989.xyz", "model": "13.xyz", "model_rescale": 4.170626492500431, "target_rescale": 3.873192247638882},
{"mapping": [4, 10, 9, 2, 0, 3, 7, 1, 5, 6, 11, 13], "R": [[-0.24970665796799846, 0.0895644966228242, -0.9641705170306512], [0.5027040170664687, 0.8630098962631969, -0.050025895064672726], [0.8276081537730815, -0.49718419111681966, -0.26052374922802185]], "T": [0.05761681922837536, -0.07739301046710172, -0.05134699401617093], "aligned_model": [[-0.26635607500133573, 0.6044266859767141, 0.668910469566473, -0.59962385812357, -0.22555496441396028, -0.15194563804713945, 0.37827860443876143, 0.15215764384884872, 0.20915186259806617, -0.25901615261110567, 0.4098644639225283, 0.0810255994298621], [-0.7055547608591127, -0.16073409067343888, 0.4495839131461699, -0.047123271631987665, 0.08961536103690727, 0.4842440508120022, -0.01746783034840678, 0.5873738441249662, -0.540947178951532, -0.1128082557338061, 0.1001665290151139, -0.0840558572191343], [-0.11065559155387882, -0.16261935784265785, 0.01880878621107815, -0.05846051502579391, -0.5491223965063698, 0.2894183098636454, -0.7936507021991748, -0.4254613233477209, 0.7163603016817931, 0.7270992716803669, 0.5352140495909125, 0.047466853375593004]], "inverted": true, "swapped": false, "error_lsq": 0.04968399558889713, "error_max": 0.227460185070952, "target": "989.xyz", "model": "14.xyz", "model_rescale": 3.9786697098870705, "target_rescale": 3.873192247638882},
{"mapping": [1, 0, 8, 10, 4, 7, 2, 5, 6, 6, 9, 11], "R": [[0.661326499010402, -0.722718636985117, -0.2008109395949821], [0.6866652529851976, 0.47555678086580727, 0.5498514149434598], [-0.3018908611558475, -0.5015212058596578, 0.8107640766731439]], "T": [0.142505620845938, 0.01880172963495392, -0.005387239172940598], "aligned_model": [[-0.213574532454586, 0.5315640722273708, 0.4079629086777866, -0.677542687418327, -0.093206254028536, -0.26028992756011926, 0.6238552053185102, -0.005041136035022126, -0.02655535566531278, -0.02655535566531278, 0.5867375789411502, 0.1539641252465408], [-0.5538932913738291, -0.49907887927113953, 0.4641134402634208, -0.05920291751114803, -0.02692063103901509, 0.4122730243833012, 0.18169163183587322, 0.7002235374883028, -0.251517928190607, -0.251517928190607, -0.05128989001433832, -0.022587715662472634], [0.07142050021292229, -0.25884094777961764, -0.06419229623525649, -0.12267762937357078, -0.5686492633399416, 0.34075159393311116, -0.7093878595960266, -0.4035754635665456, 0.7196654207201529, 0.7196654207201529, 0.4249142833796261, 0.08530392685278601]], "inverted": false, "swapped": false, "error_lsq": 0.06102015814663172, "error_max": 0.35696134654819733, "target": "989.xyz", "model": "15.xyz", "model_rescale": 3.769337070930944, "target_rescale": 3.873192247638882},
{"mapping": [1, 0, 2, 10, 6, 4, 7, 3, 5, 9, 11], "R": [[0.4602507843814995, -0.5420483466356452, 0.7031022723514541], [-0.5864212938864215, -0.7802221254609473, -0.21763157173943604], [0.6665427829875513, -0.3121490426875688, -0.6769665380182722]], "T": [-0.02470043768993198, -0.036377492292793724, 0.045691452354430895], "aligned_model": [[-0.33129508554110415, -0.28224745859551087, -0.007538039017202139, -0.6566635002069983, 0.3415106133775482, 0.4908824281006792, 0.4913750825924473, 0.2424073223673907, 0.18154766969027702, -0.4279029763569517, -0.11944992571940444], [-0.016825211258482978, -0.6210327019793098, 0.655347443292703, 0.41402747263308787, 0.22313997760900425, -0.35864671930046654, 0.3210733870965459, -0.47966998463262456, 0.4520542390472314, 0.016838557689673773, -0.010241962572020227], [-0.5394165695685367, -0.16662496151386857, -0.26711789301182826, -0.025705615407415394, -0.710869620955751, -0.23086652320115303, -0.032782076004588295, 0.38078070481557447, 0.5876009899740386, 0.6632951604567379, 0.08592401164056664]], "inverted": true, "swapped": true, "error_lsq": 0.03800998529863518, "error_max": 0.17280239320254778, "target": "989.xyz", "model": "16.xyz", "model_rescale": 3.7852294659196426, "target_rescale": 3.873192247638882},
{"mapping": [9, 0, 1, 11, 8, 7, 3, 2, 10, 6, 4, 12], "R": [[-0.6788451350413387, -0.5060750593125599, -0.5320313120226061], [-0.2750521654716558, -0.49654945420657376, 0.8232769557059806], [-0.6808197917952001, 0.7052139206431925, 0.19788314034044835]], "T": [0.13958898288809415, 0.052937204314781584, 0.002109810590652985], "aligned_model": [[-0.18670090896080846, 0.5556726961927151, 0.5319746878964323, -0.5931240376583097, -0.157543273010028, -0.22604231674234607, 0.596920969554664, -0.0712155475761285, -0.009999309387734245, -0.25785119121848665, 0.7343425198259965, 0.08488435266817632], [-0.7358179963836363, -0.4442175212227692, 0.6186672325382626, 0.05309067854521058, -0.22564383574466376, 0.5562888544140547, 0.20108873390950716, 0.5312094715427927, -0.48937975046487675, 0.10381061607627709, -0.11079387984846473, -0.01601015064395294], [-0.13449884711548085, -0.21110059754422703, -0.013289797145856774, -0.030504302929407538, -0.5061331803858681, 0.32518545846482433, -0.6314467767895966, -0.31554426126520335, 0.5789726527391654, 0.7938461555211234, 0.3503152779058251, 0.028595904472494525]], "inverted": false, "swapped": false, "error_lsq": 0.04399901509071542, "error_max": 0.21923272691786636, "target": "989.xyz", "model": "17.xyz", "model_rescale": 3.901054581598922, "target_rescale": 3.873192247638882},
{"mapping": [1, 0, 13, 4, 8, 9, 2, 5, 6, 11, 12, 14], "R": [[0.3285377957964022, 0.7396912505278368, -0.5872987064738069], [-0.41313315673302176, 0.6717198448443946, 0.6149092980676345], [0.8493432236387422, 0.04061162314889061, 0.5262763385562403]], "T": [0.05833529648593988, -0.01581583572390295, 0.03193657996388545], "aligned_model": [[-0.04083868469488128, 0.5277048768952859, 0.5143416406417769, -0.669888068079652, -0.22554801345556613, 0.001975629965192016, 0.4816043722427498, -0.021789071321792725, -0.1784859092491597, -0.04210917334022357, 0.5757811002194269, 0.07856994176098675], [-0.6959670749122919, -0.5151645271884538, 0.5443721079825186, -0.2602636105660633, -0.027591374302089144, 0.5863618422916818, 0.2001923646642046, 0.522634046025099, -0.49579973599311916, 0.07421740760297534, 0.0979039955724481, 0.011397011540831083], [-0.08314757499708735, -0.2934057010548603, -0.0438913839819985, -0.15650435663242213, -0.5678049103198213, 0.2934614419248902, -0.6447626507591704, -0.2742298086608578, 0.5584884931373784, 0.8184071213728185, 0.5527942805364566, 0.07499273536246662]], "inverted": false, "swapped": false, "error_lsq": 0.0436993439634798, "error_max": 0.23614634660641656, "target": "989.xyz", "model": "18.xyz", "model_rescale": 3.9405287249114394, "target_rescale": 3.873192247638882},
{"mapping": [4, 12, 10, 7, 13, 5, 14, 11, 0, 8, 1, 15], "R": [[-0.3123578517378564, 0.9017905573981035, -0.29867434279718225], [-0.9483027025686825, -0.2774102216464162, 0.1541608031472944], [0.05616544096367395, 0.3313870237557645, 0.9418216836151376]], "T": [0.12660898102421475, -0.021304444442081478, 0.020002491796326932], "aligned_model": [[-0.134361453906662, 0.4159500533751989, 0.6025345190853659, -0.5543159515837, -0.11969346632654959, -0.18834120240160984, 0.49795960101086223, -0.0005947874764030137, 0.07132472364253642, -0.3395443895105862, 0.6054870925016071, 0.14491390317408206], [-0.7016020856995743, -0.42488855609209303, 0.5820142264532163, -0.19673600306889216, 0.0008792072383300396, 0.6159080188446817, 0.14720297427107873, 0.5825990005956816, -0.42964779317677093, 0.015844713526917836, -0.1615181617640182, 0.012236911589183715], [0.08127711955985403, -0.21138607940771126, -0.1455435758611714, -0.014501904039815161, -0.6046356717824869, 0.45131363395581514, -0.638361335392216, -0.35192899685525103, 0.5703420400625289, 0.614639465703261, 0.45189980806727625, 0.03128318191770899]], "inverted": true, "swapped": false, "error_lsq": 0.042397576578316505, "error_max": 0.21131922051901836, "target": "989.xyz", "model": "19.xyz", "model_rescale": 4.410303926677745, "target_rescale": 3.873192247638882},
{"mapping": [3, 6, 12, 5, 10, 8, 11, 9, 0, 1, 2, 13], "R": [[0.40249606012811623, 0.87938517706191, -0.25431994012490905], [0.7646413142511105, -0.17021829451083192, 0.6215701028477467], [0.5033096284809964, -0.44464305074702026, -0.7409264304239014]], "T": [0.17187110547977869, -0.026355622314121772, 0.08912031481000972], "aligned_model": [[-0.12918301208728977, 0.4427745698994124, 0.5504521816607292, -0.6542082479866385, -0.3206399170102733, -0.31748952591091223, 0.5824156488377858, 0.07530911558882575, 0.1748194733983708, -0.13507594951903928, 0.6160430106968174, 0.11610129401635416], [-0.678908841415924, -0.4442095451762972, 0.6218299290528786, -0.02116696495180747, 0.041594505788082194, 0.5665110736895934, 0.09791422469551078, 0.5037833208481498, -0.609548632141876, 0.05925022026394972, -0.11844499997348065, 0.023688162038962082], [-0.008365121221204794, -0.20839478613895063, 0.004227458542237786, -0.03986302744651361, -0.5650583196805469, 0.09875538729668511, -0.6202057791248237, -0.33923142131312484, 0.505096988359627, 0.768513453071242, 0.5716548657929107, 0.06726798779025478]], "inverted": false, "swapped": false, "error_lsq": 0.04559627461360519, "error_max": 0.28910669221087126, "target": "989.xyz", "model": "20.xyz", "model_rescale": 4.121658175737393, "target_rescale": 3.873192247638882},
{"mapping": [3, 7, 9, 2, 4, 6, 11, 10, 0, 1, 5, 12], "R": [[0.21556397709960073, 0.7135292456284019, 0.6666394733362004], [0.6540736809469339, -0.6124188287792107, 0.44399414190868386], [0.7250653706180785, 0.3403221911507735, -0.5987161385337838]], "T": [0.11928457815189913, 0.1237565211498029, 0.07598399610725783], "aligned_model": [[0.01015114818575924, 0.6055758588577549, 0.6448458196145406, -0.6299113763894639, -0.19554456339980059, -0.19730039051171294, 0.43123018782143335, -0.0836463735961625, 0.07179016721351, -0.3150721141057321, 0.4992534440702932, 0.15994683382372354], [-0.5540246901954942, -0.31823050345909554, 0.5251963794497554, 0.03003181931741447, 0.0012973946277749088, 0.6483709854018405, -0.08501374039927606, 0.6933835244364919, -0.7468166153507574, -0.07913250278009856, -0.10244283182340222, 0.02967323349258766], [-0.03052059045645418, -0.11106230854486666, -0.21606787740325917, -0.002327792113952773, -0.38771631216113134, 0.29318916083847885, -0.7200523834895609, -0.4169836981854266, 0.5524401068161972, 0.5785227248170199, 0.5940197512766642, 0.10095690453408412]], "inverted": true, "swapped": false, "error_lsq": 0.051202914551065105, "error_max": 0.2562821256835002, "target": "989.xyz", "model": "21.xyz", "model_rescale": 4.08911054899281, "target_rescale": 3.873192247638882},
{"mapping": [1, 8, 10, 4, 0, 12, 6, 7, 15, 14, 5, 16], "R": [[0.42864562017365415, -0.8625306050823222, 0.26889382217200003], [-0.8500346701257812, -0.2841773190715191, 0.4434910494130393], [-0.30611107769909, -0.4186695673459533, -0.8549922815372397]], "T": [0.03374348183164197, -0.040252573050663217, 0.116964368906018], "aligned_model": [[0.006914409685401569, 0.5325156869920276, 0.5545429051233844, -0.617510241539274, -0.23316936811760994, -0.07517347887762252, 0.39174487845494876, 0.027356469047563697, -0.08134683437838035, -0.22246821180735857, 0.7162956996239634, 0.0016167273770985244], [-0.7833351940282913, -0.4154100711997562, 0.5728823102051009, -0.09183412515750361, -0.08699182935003039, 0.6305196638391662, 0.07386814909954414, 0.5373080162226992, -0.5356482572626305, 0.12266133483329283, 0.04358199583992572, -0.025309540323775595], [-0.16071674416224638, -0.1851037641402087, 0.05396448915322924, -0.12696208957179203, -0.608743816683634, 0.40535855733871917, -0.5267557483367523, -0.2979803982562348, 0.6393094206419442, 0.6823290411377348, 0.27451845166454375, 0.08518028714249012]], "inverted": true, "swapped": false, "error_lsq": 0.040396881188954945, "error_max": 0.2537007789341487, "target": "989.xyz", "model": "22.xyz", "model_rescale": 4.204369325754507, "target_rescale": 3.873192247638882},
{"mapping": [4, 12, 10, 7, 13, 5, 14, 11, 0, 8, 1, 15], "R": [[-0.3123578517378564, 0.9017905573981035, -0.29867434279718225], [-0.9483027025686825, -0.2774102216464162, 0.1541608031472944], [0.05616544096367395, 0.3313870237557645, 0.9418216836151376]], "T": [0.12660898102421475, -0.021304444442081478, 0.020002491796326932], "aligned_model": [[-0.134361453906662, 0.4159500533751989, 0.6025345190853659, -0.5543159515837, -0.11969346632654959, -0.18834120240160984, 0.49795960101086223, -0.0005947874764030137, 0.07132472364253642, -0.3395443895105862, 0.6054870925016071, 0.14491390317408206], [-0.7016020856995743, -0.42488855609209303, 0.5820142264532163, -0.19673600306889216, 0.0008792072383300396, 0.6159080188446817, 0.14720297427107873, 0.5825990005956816, -0.42964779317677093, 0.015844713526917836, -0.1615181617640182, 0.012236911589183715], [0.08127711955985403, -0.21138607940771126, -0.1455435758611714, -0.014501904039815161, -0.6046356717824869, 0.45131363395581514, -0.638361335392216, -0.35192899685525103, 0.5703420400625289, 0.614639465703261, 0.45189980806727625, 0.03128318191770899]], "inverted": true, "swapped": false, "error_lsq": 0.042397576578316505, "error_max": 0.21131922051901836, "target": "989.xyz", "model": "23.xyz", "model_rescale": 4.410303926677745, "target_rescale": 3.873192247638882},
{"mapping": [7, 0, 4, 11, 1, 9, 3, 10, 13, 14, 5, 16], "R": [[-0.9334949755312102, -0.29204106032132265, -0.2080844774229521], [0.11434788534158338, -0.792420549148283, 0.5991612757892836], [-0.33987011015370794, 0.5355200205164429, 0.7731148788182615]], "T": [0.10501806745436963, 0.018828601295643295, 0.15852183517669072], "aligned_model": [[-0.11619194223708441, 0.5584334059941681, 0.5946840131536467, -0.5197908957280465, -0.16651104080470563, -0.22196906025672697, 0.5009052762622234, -0.0890974591446896, -0.0587675828222224, -0.31080082931970315, 0.6857786790813682, 0.1446460774059146], [-0.5612103578379751, -0.44863527119501634, 0.44668196582205594, 0.032927646224088836, -0.18363082577800216, 0.5218687861375086, 0.15445859569526516, 0.5091557296578222, -0.5311584543026381, 0.027307197265007306, 0.05539241502801617, 0.019135026001609136], [-0.0792844603282708, -0.22394106469602082, -0.06742756862206159, 0.057841831850396846, -0.6299053798072797, 0.3386605993944268, -0.6378002147224355, -0.2231618241550709, 0.5645700136813402, 0.6925375170724725, 0.39723135098180323, 0.04507688527849257]], "inverted": false, "swapped": false, "error_lsq": 0.038464098136622236, "error_max": 0.19367492877086145, "target": "989.xyz", "model": "24.xyz", "model_rescale": 4.28219845311461, "target_rescale": 3.873192247638882},
{"mapping": [2, 13, 9, 0, 4, 5, 7, 3, 14, 10, 11, 15], "R": [[-0.5979962670862313, 0.28011394695648784, -0.7509571500900641], [0.3602679158845682, 0.9308948954656717, 0.06034668491430337], [0.715966125829374, -0.23445867507177984, -0.6575877404183134]], "T": [0.07288626754771799, 0.010512993531495827, 0.05105078458863632], "aligned_model": [[-0.13160451734791495, 0.4515037285154434, 0.5952574084957302, -0.6670490025023668, -0.19573021472675212, 0.01562224418228561, 0.5068011324902879, -0.023130040393422147, 0.16078407732780647, -0.08156755014040401, 0.3621864644074002, 0.00824491127604858], [-0.6346113293681092, -0.3813867897377498, 0.4332139974941806, -0.2318662169564367, -0.05726093653347072, 0.7657219143271817, 0.08499354194659507, 0.5938437274814293, -0.5505929314213065, -0.06416552742246887, 0.09785720871661256, -0.013454205808716141], [-0.052767090962800536, -0.18554979668891655, -0.021928227685304835, -0.19246982335853732, -0.6256326368720571, 0.4404875554420835, -0.5906006345166928, -0.44950037992764846, 0.5585729426402357, 0.8258229804872572, 0.5039894729552183, 0.023973324414955362]], "inverted": true, "swapped": false, "error_lsq": 0.0461796948320471, "error_max": 0.26508688045555584, "target": "989.xyz", "model": "25.xyz", "model_rescale": 4.100010024507729, "target_rescale": 3.873192247638882},
{"mapping": [5, 7, 8, 6, 2, 0, 3, 1, 4, 4, 9, 11], "R": [[0.4328810874051613, 0.09507440791573911, -0.8964233492755513], [-0.42840881343327647, -0.8532497089722172, -0.297373204427566], [-0.7931455432262211, 0.5127628994947845, -0.3286249475649777]], "T": [0.10135427549807066, 0.08988953567241525, -0.0477059679854553], "aligned_model": [[-0.023094249280485216, 0.5859686822618274, 0.5785340867587394, -0.5105355074253698, -0.22451000646034117, -0.21239119106403573, 0.5350150449499232, -0.10248575625241366, -0.2102191872245264, -0.2102191872245264, 0.6660087452493804, 0.12924716729597052], [-0.6307180675306521, -0.34530419748034924, 0.46585483967369795, -0.11108409982834327, -0.07832201423254467, 0.6534164023667532, 0.17208970490310405, 0.6935648266799104, -0.2894435643159689, -0.2894435643159689, -0.21900127820418436, 0.020683465002287016], [0.12382658638222697, -0.23293970702055733, -0.13606516030447724, 0.02767724984510382, -0.6905703631785454, 0.3495857745152418, -0.7283329551587665, -0.3529467553012717, 0.676771745137936, 0.676771745137936, 0.46713643220262663, 0.05348309367033964]], "inverted": false, "swapped": false, "error_lsq": 0.0544853548109538, "error_max": 0.3786904596312869, "target": "989.xyz", "model": "26.xyz", "model_rescale": 3.6694154284099745, "target_rescale": 3.873192247638882},
{"mapping": [2, 6, 7, 4, 0, 8, 1, 5, 11, 10, 9, 13], "R": [[0.9501416505458715, -0.18354397867529867, -0.25207628168871554], [0.03586963532999018, 0.8673758722396281, -0.49635921016723195], [0.30974862898689437, 0.46256967491242473, 0.8307135984755236]], "T": [0.15686713546094477, 0.026887091365817243, 0.07698895470024728], "aligned_model": [[-0.09793087303238412, 0.5385130673584447, 0.5634547676965572, -0.6636479745153191, -0.20213136985314817, -0.1247543933848963, 0.46014362752985977, 0.04786052767883345, 0.12570413112751502, -0.2328685478300681, 0.452924211823512, 0.13405146698523648], [-0.5890490097935746, -0.40001522727046723, 0.5037848538884963, 0.06916151109233508, -0.07250556177753525, 0.5269680434775528, 0.060085803203616284, 0.5587584567627478, -0.6496787173022507, -0.05741413253491867, 0.11624502609827442, -0.024048593126534883], [-0.05654134283437148, -0.3015493192080124, 0.01882069761492125, 0.05466412936269757, -0.4690646294986974, 0.3579970475652047, -0.7516049558412395, -0.49851856901407576, 0.603736563092948, 0.5274222135868021, 0.6846310389129455, 0.06440481218867024]], "inverted": false, "swapped": false, "error_lsq": 0.04707870320123143, "error_max": 0.27484857526788303, "target": "989.xyz", "model": "27.xyz", "model_rescale": 4.103607728864725, "target_rescale": 3.873192247638882},
{"mapping": [2, 0, 6, 4, 1, 11, 5, 7, 12, 13, 10, 14], "R": [[0.97190909515887, 0.2049509133325901, -0.11570580742384287], [-0.01429743370974726, -0.43929730948403506, -0.8982279539567911], [-0.2349218894372801, 0.8746502140880233, -0.4240267784692298]], "T": [0.21171846281874052, 0.037782414573502066, 0.13194042866808917], "aligned_model": [[-0.15991715016473274, 0.39847380323349685, 0.5604900130420617, -0.6520421922527618, -0.11814849348493645, 0.06551103673530004, 0.47879949884220996, -0.02522985258685806, -0.027704400479637403, -0.294929836576896, 0.6083261186990576, 0.16769009657783834], [-0.5887601378540902, -0.40541157526285554, 0.5574663654682328, -0.22022871329277838, -0.23026730375842464, 0.6539877424889395, 0.29943414017974934, 0.49719230596121416, -0.596878041188865, 0.09129523528444322, 0.036947554032342234, -0.05248511934016642], [0.028731381622799507, -0.39568943324378725, 0.03419453469226061, 0.03729859974378996, -0.6568548373648604, 0.398352920616141, -0.49682543003113444, -0.3709306214878757, 0.6584158939523191, 0.5323357479373948, 0.4520606351698797, 0.013308294320865444]], "inverted": true, "swapped": false, "error_lsq": 0.05322425684835345, "error_max": 0.27215468225898864, "target": "989.xyz", "model": "28.xyz", "model_rescale": 4.137296879288765, "target_rescale": 3.873192247638882},
{"mapping": [10, 2, 7, 4, 3, 5, 9, 1, 0, 8, 11], "R": [[0.023544964008147123, 0.4680954049310586, 0.8833642094585246], [-0.9202375526973923, -0.33513100607936913, 0.2021139662906658], [0.39065135514339333, -0.8176636843144366, 0.4228683223864993]], "T": [-0.051850928322675474, 0.014456077797762545, -0.08142675989883881], "aligned_model": [[0.3924552458840227, 0.10896276527340586, -0.09999173848636735, -0.632402186533789, -0.16202381434792196, 0.5439169208084196, 0.5809228101872441, -0.35093676006273533, -0.4431019187607162, 0.2553970701781002, 0.028220616570235765], [-0.4357103573064247, -0.7095091486584687, -0.25535310276390566, 0.13135749128888566, 0.5930709437201931, 0.015076961832663532, 0.33265383109980096, -0.40867911617675606, 0.29435360266788485, 0.3506987549137463, 0.01118795603033244], [0.37385523004609494, -0.2446472482622561, -0.6516448207715887, -0.3903956193809165, -0.26365290643413464, -0.5502871542440574, 0.13114360744031017, 0.32874179079189864, 0.38954083966789277, 0.6948344713936305, -0.01173416846387522]], "inverted": false, "swapped": true, "error_lsq": 0.04441686602301456, "error_max": 0.24700227543605346, "target": "989.xyz", "model": "29.xyz", "model_rescale": 3.607286011436655, "target_rescale": 3.873192247638882},
