[{"mapping": [5, 6, 12, 8, 13, 2, 0, 3, 1, 10, 4, 14], "R": [[-0.2315966760413151, 0.9708013066939156, -0.06251241931008715], [-0.8570490285051189, -0.1732133830733845, 0.48524641849549494], [0.460249869511167, 0.16595766582372434, 0.8721399605391871]], "T": [-0.09828864095920875, -0.018308840626771114, -0.00475863100111967], "aligned_model": [[-0.23886987439158863, 0.1401693030300592, 0.3948701353185685, -0.18951799211499823, -0.0512936168776839, -0.6455179059918794, 0.5162686173730053, -0.24429269905180992, 0.603612925478209, 0.2067584428941957, -0.6428127360732571, -0.011732137132272086], [-0.37001992278213763, -0.6570418843748522, -0.28155061419323696, 0.6378844957086158, 0.16667519822364057, -0.48894204685587994, -0.2334307802133851, -0.42847668921981613, 0.18902430283184501, 0.29711736087277674, 0.11649426030771211, 0.10582135567177471], [-0.5771152198288235, -0.048805698379029094, -0.4892515359536061, 0.08010696200375783, -0.8111228735712107, -0.003973339015563012, 0.4556532077036735, 0.5365421791489513, 0.026051871840074004, 0.599574782475509, 0.42319808720047997, -0.008906678270651]], "inverted": true, "swapped": true, "error_lsq": 0.044009091427276846, "error_max": 0.28373906166905316, "target": "99.xyz", "model": "0.xyz", "model_rescale": 3.751011558992144, "target_rescale": 3.999879977983826},
{"mapping": [3, 13, 1, 7, 6, 8, 0, 5, 9, 10, 12, 4, 2, 8, 14], "R": [[0.6007114219713448, -0.3320613825772145, -0.7272420681685527], [-0.03518491960378556, 0.8977974785768246, -0.43900080739512476], [0.7986913101728603, 0.289300752957895, 0.5276336469486711]], "T": [0.068192870208902, 0.041537931912031575, -0.04528484738655639], "aligned_model": [[-0.22701510573544517, 0.41856696324311815, -0.5057773124328803, -0.5274347220136668, -0.3429371862844335, 0.23329205495273334, -0.5311455835647783, 0.6279684405152685, 0.6127802893982006, 0.5921137387488139, -0.08277019385001833, 0.1410512999736421, 0.1833656553046021, 0.23329205495273334, 0.08061164063958101], [-0.6604177195304547, -0.5853655782668713, 0.3424506425524059, -0.0017624206201632964, 0.542189821744019, 0.16944998098935127, -0.2851793960756821, -0.1414387698183176, -0.05780538618974225, 0.635472728441457, -0.35214758204691166, 0.7471690604211318, -0.5707766838582007, 0.16944998098935127, 0.02332070941052313], [-0.1045841210715813, -0.1536000455648328, 0.21102613452615357, -0.3334338967533331, -0.424818122773033, 0.5846350038942526, 0.2857041613738982, 0.16269804736126972, -0.40269926979220416, -0.25789277082497236, -0.6570012632738823, 0.3045012724080949, 0.49835487051084004, 0.5846350038942526, -0.09546172840449249]], "inverted": true, "swapped": false, "error_lsq": 0.04723053568846317, "error_max": 0.3133208204565535, "target": "99.xyz", "model": "1.xyz", "model_rescale": 3.9405287249114394, "target_rescale": 3.999879977983826},
{"mapping": [2, 11, 5, 8, 7, 6, 4, 9, 1, 0, 10, 3, 14], "R": [[-0.8473623149963433, -0.4181317793188678, 0.3273269348032262], [0.28676198452023793, -0.8791279958638748, -0.38065933736397684], [0.44692803823216626, -0.22869145592261375, 0.8648442325817653]], "T": [-0.08997526744666473, -0.02705398703671556, -0.05404646785111908], "aligned_model": [[-0.41480047217021454, 0.26933020599932744, -0.29484062120878013, 0.5445600747938507, 0.36204160821511766, -0.7487744921807565, 0.08998515129146947, 0.7611200732476947, -0.05834864766004813, -0.5174588194431788, 0.03673642081286299, -0.5432469364298124, 0.009679734016398989], [0.5939662220928985, 0.5073623895953048, 0.39474604195717067, -0.15721780379949626, -0.3273693991689277, -0.047794999988245004, 0.2753458755597667, 0.3255566048944162, -0.7243497780381254, -0.6771540066791858, -0.597194128846979, 0.03064968059770064, -0.13771410460428143], [0.11851826268819099, -0.24274066102227268, -0.5552158560298401, 0.1088551536656697, -0.4239953501189042, -0.23386756851334675, 0.5575039304190751, 0.14020657088513216, -0.27626362560823325, 0.12078176531831697, 0.41141099890519617, 0.46919009137123335, -0.08126336237157358]], "inverted": true, "swapped": true, "error_lsq": 0.0500862572300848, "error_max": 0.27259555919777206, "target": "99.xyz", "model": "2.xyz", "model_rescale": 3.932901565614263, "target_rescale": 3.999879977983826},
{"mapping": [5, 11, 13, 2, 12, 1, 7, 6, 3, 0, 8, 4, 10, 14], "R": [[-0.6746927215362954, -0.5290846169805861, 0.5146447314220299], [0.6803552793807472, -0.716154878026223, 0.15568842120720203], [0.2861929861556575, 0.455183104644441, 0.8431499960988884]], "T": [0.05873756047960953, -0.03399875486547225, 0.0299594802662556], "aligned_model": [[-0.23884834042963227, 0.3947366501642152, 0.1698164594239404, -0.16085213464175557, -0.3999265031105882, -0.02246531690537025, 0.3726855888088873, -0.6237696998370964, -0.23424370172932313, -0.3552389907915603, 0.7020102860106244, 0.41644081933996946, 0.26050247357990747, 0.13896232217048538], [0.03322669111078857, 0.18013233505169088, -0.41162789903166336, 0.618759308189713, -0.5183299071211112, -0.708763576555187, -0.5889613508425208, -0.009261695832777826, 0.42790082351068986, -0.32961644602845597, -0.17895038052595755, 0.5252333198936163, -0.2186135650540554, -0.1576310184142811], [-0.584840653331714, -0.5100028086570196, -0.6992240537627951, -0.18601129764163407, -0.2898620272112192, 0.30327368872148136, -0.12759663898316476, 0.011140503214668463, 0.4581792550997658, 0.6441017516895297, 0.1362792096001105, 0.26898496843965636, 0.7249232047187452, 0.06455126116068689]], "inverted": true, "swapped": true, "error_lsq": 0.04254904438235911, "error_max": 0.3124151098757282, "target": "99.xyz", "model": "3.xyz", "model_rescale": 3.9243930471874484, "target_rescale": 3.999879977983826},
{"mapping": [1, 12, 0, 10, 3, 7, 8, 6, 2, 11, 4, 9, 14], "R": [[-0.8366556443034205, -0.3108932501448045, -0.45094647117992726], [-0.5442303970101728, 0.5647647719426483, 0.620366043028403], [0.061811065557701717, 0.7644515284744802, -0.6417111911036406]], "T": [0.00451606308654726, 0.01621710686165488, -0.12986860072272916], "aligned_model": [[-0.028325013101713353, -0.21287562225960185, 0.5544805563366267, 0.3563036538599961, 0.6685589577601272, -0.5027100986206442, -0.2946097837201028, 0.3396373911468483, 0.22129637905445443, -0.48419998446953055, 0.24179245562321408, -0.5215982119087543, -0.06054479338956692], [-0.5805447242389924, 0.06526000236860889, -0.40723440264112376, -0.6211124473409829, 0.17565468811373786, -0.3834549000752325, -0.3978282780597515, 0.30931519182708667, 0.6788528317182985, 0.36832031935930776, 0.10755243998783635, -0.06663031822841774, -0.12032084910878811], [-0.5534236846082361, -0.8352556111376981, -0.5225071229589521, 0.036933128650478986, -0.002636105714195758, -0.24967964315703162, 0.3004856777930433, -0.6481054620521485, 0.056883349065634026, 0.1659129707235949, 0.52829785945488, 0.6465152124483413, -0.13635025313674654]], "inverted": false, "swapped": true, "error_lsq": 0.03956625429687433, "error_max": 0.21588029349625584, "target": "99.xyz", "model": "4.xyz", "model_rescale": 3.8936222436046832, "target_rescale": 3.999879977983826},
{"mapping": [0, 1, 10, 3, 8, 7, 13, 11, 2, 6, 4, 14], "R": [[0.9255955515057411, -0.2913029701490142, -0.24169289318295192], [-0.13490908595259138, -0.850485170738943, 0.508403887554558], [-0.3536557840050401, -0.43796980938817454, -0.8265047080956447]], "T": [-0.0295749049050594, -0.029388341864145042, 0.025493599402768567], "aligned_model": [[-0.06396759617875614, -0.5411155451215456, -0.3470772835331739, 0.4839213057296864, -0.535830249892043, -0.6494061025973826, -0.34589349100908506, -0.01935538853910325, 0.6391432499153631, 0.39750217763749596, 0.18838376738859525, -0.17875680158495433], [-0.5361898492625304, -0.49622695702617614, 0.02447743630706326, 0.012200958322999295, 0.40078848540126244, -0.10886425172513642, -0.167598598560009, 0.36643929224455757, 0.18306151267702217, -0.5625022741008894, 0.5919719984091995, -0.03863484757755521], [-0.5892474101008435, -0.2132322040403529, -0.6483439211552018, -0.44050359784392984, -0.04355769309288433, 0.2276411797925207, 0.7788138471345576, 0.5672710730563081, 0.19471885968088634, 0.012191825314831532, -0.2279440922348211, 0.0014768527644471383]], "inverted": true, "swapped": true, "error_lsq": 0.04136742811350685, "error_max": 0.22395415668601926, "target": "99.xyz", "model": "5.xyz", "model_rescale": 3.6523030999806103, "target_rescale": 3.999879977983826},
{"mapping": [9, 4, 2, 11, 5, 8, 3, 7, 10, 1, 6, 12, 14], "R": [[-0.23327815922740486, -0.33650910759662644, -0.9123282966849138], [0.9510550393725989, 0.11658926586546309, -0.28618395337428887], [0.2026711930972389, -0.9344348899679822, 0.29284095324777787]], "T": [0.052967769865062436, 0.018479934467498016, -0.005967077274262975], "aligned_model": [[0.13140583950220555, -0.264851936370737, 0.25703609896816615, 0.5292288649401081, 0.6969934424747104, -0.1297957422275102, -0.3589283137574587, 0.19988253552950072, -0.6504891263940421, -0.16617370864324776, 0.1616234259108039, 0.45977019529163565, 0.015381329440159963], [-0.660877707794598, 0.024515610247976383, 0.5259226882725516, -0.20153355241409704, 0.25489039231690624, -0.5950166287586458, 0.5433815346555195, -0.5498322856984705, -0.19061658950856486, -0.23970416667091937, 0.610305540477476, 0.13041574483570015, -0.11102367579765116], [0.6411437437476263, 0.6239372994221307, 0.46500433233039834, 0.4124540267649324, -0.025888465726814677, 0.18464804173952482, 0.18737547490854395, -0.30059913625317697, -0.14450705479284232, -0.6555208554524817, -0.32956966819723943, -0.613599652062501, -0.07476834694631117]], "inverted": true, "swapped": true, "error_lsq": 0.045049148003023926, "error_max": 0.28180055356717637, "target": "99.xyz", "model": "6.xyz", "model_rescale": 4.08911054899281, "target_rescale": 3.999879977983826},
{"mapping": [0, 3, 13, 1, 11, 7, 2, 4, 8, 10, 9, 12, 6, 5, 14], "R": [[-0.8360967015956311, 0.5108322920053949, -0.19998168672511304], [0.14623841008322042, 0.5588969360938607, 0.8162404928948496], [0.5287311537986372, 0.6532109799057347, -0.5419951870020174]], "T": [0.07909061228542055, 0.05316983503020551, 0.0232755437859723], "aligned_model": [[-0.2545086415097666, 0.3522424608276665, -0.49283476760841693, -0.5604339035314589, -0.06792355328653182, -0.05693776868751732, -0.5516122020979877, 0.7231229172967573, 0.5801864784931168, 0.5259192774983281, -0.011750517673899147, 0.043903719920636866, 0.059657591199515844, 0.588048259677377, 0.02888268332965073], [-0.8181953182316288, -0.6654594421257095, 0.4579645276427961, -0.1124363729024844, 0.4755057373975969, 0.04369306637067311, -0.2898363531105019, -0.19804620396001932, -0.020205871074893043, 0.5775152429571634, -0.19463078314152057, 0.7404027622947563, -0.37553345138279765, 0.31558223634954724, 0.038289611058917504], [-0.09542782875315525, -0.16490380130294613, 0.23525936160608643, -0.2953606695023726, -0.35692214643565495, 0.7853092930143813, 0.3902908814999213, 0.1609795072659725, -0.43352628623238537, -0.1881031108410895, -0.7148979118795744, 0.20894919377514787, 0.27818497155128813, 0.5258718772170767, -0.13364005547226654]], "inverted": false, "swapped": false, "error_lsq": 0.04764196232715164, "error_max": 0.3148687710995394, "target": "99.xyz", "model": "7.xyz", "model_rescale": 3.964800864290218, "target_rescale": 3.999879977983826},
{"mapping": [6, 5, 12, 3, 1, 2, 0, 13, 11, 8, 4, 10, 7, 14], "R": [[0.8583451251491796, -0.020058414004078234, 0.5126805108059797], [0.28745658807662167, -0.8088796890691861, -0.5129155472226247], [0.42498512456789206, 0.5876319499814301, -0.6885320146928793]], "T": [-0.02408685986634897, -0.04481465546914762, 0.1103516156571605], "aligned_model": [[-0.23620819141993282, 0.25083268635203115, 0.37852579567682193, -0.7129777626977858, 0.22598509110686307, -0.3892242282427415, -0.360462665298954, 0.7535180446793434, 0.29418293056697975, 0.1990869031320099, -0.4542176319479466, -0.3022024437014918, 0.5532868487404434, 0.06106251251523291], [-0.095966168545911, -0.5421118216388824, 0.04830462690436385, -0.06698282111421427, 0.618060337719103, -0.6602085137111002, 0.5894325673253628, -0.3028700443820691, -0.5714741368057649, 0.15157029195489982, -0.25105639575733407, 0.5887868492485039, 0.2371010193523673, 0.06836267563187737], [-0.5370820101159866, -0.27457773488055154, -0.5032174788759902, 0.023753044675309948, -0.07582811248526436, 0.015899503714459584, -0.23680672253574564, -0.013700580183767797, 0.37800982422366225, 0.7084662217100042, 0.6302335083083643, 0.3913625440065375, 0.24649099657955206, 0.16381203458443744]], "inverted": false, "swapped": true, "error_lsq": 0.04702736392466086, "error_max": 0.29317430110928366, "target": "99.xyz", "model": "8.xyz", "model_rescale": 4.121658175737393, "target_rescale": 3.999879977983826},
{"mapping": [10, 1, 7, 8, 0, 3, 12, 2, 13, 6, 4, 11, 14], "R": [[0.5530219293521141, 0.42742752020629143, 0.7151730284525316], [0.24387375422890528, 0.737740543515093, -0.6294954189288073], [-0.7966758046118666, 0.522536702466301, 0.3037483447225345]], "T": [-0.0212457405330786, 0.019887301449655746, 0.022483882111182095], "aligned_model": [[-0.6053557143329765, -0.1787974352535352, 0.3026578979575573, 0.05216642799273035, -0.6503209497980582, -0.5821192394892144, 0.2663046290086901, 0.0159447972300756, 0.7699459091511591, -0.16554681923211184, -0.26850562110518666, 0.5336865574408158, -0.01332294313474866], [0.19918418848508154, -0.32794508984279963, 0.02055974508764539, 0.5317848521384573, -0.403173466576588, 0.028668472262993343, -0.6462261317763899, 0.10041766275805308, -0.1476236421085104, -0.5708888275382494, 0.621646747787911, 0.34618488226568483, 0.03779804646842068], [-0.40697444114161213, -0.6026498791651894, -0.5488800640128663, -0.40022903364901335, -0.22494510068006282, 0.4322462831144053, -0.12188669651103878, 0.7387853722713078, -0.15808958180768304, 0.33384059149164896, 0.29556526016056933, 0.21192204831925743, -0.12762932443063452]], "inverted": false, "swapped": true, "error_lsq": 0.040958418867296356, "error_max": 0.28806606295628706, "target": "99.xyz", "model": "9.xyz", "model_rescale": 3.833441315466971, "target_rescale": 3.999879977983826},
{"mapping": [2, 3, 0, 13, 10, 1, 5, 7, 11, 11, 9, 12, 4, 6, 14], "R": [[0.29187863331091835, 0.821601097438178, -0.4896718289884894], [0.9159304511302961, -0.3875488274087683, -0.10429436737591002], [-0.2754601098322641, -0.41806404181951673, -0.8656466859110169]], "T": [0.0667879765611673, 0.04429894076821743, 0.03193520035182451], "aligned_model": [[-0.27026215245641244, 0.3779784626204699, -0.5135124376031291, -0.6929972206610232, -0.17676590597939495, -0.22032080990359637, -0.43088969262376214, 0.6548187812215376, 0.5173552822911704, 0.5173552822911704, 0.1788021688784246, 0.27145478820948243, 0.21931464409653445, 0.3814713937216581, 0.0921594497443413], [-0.5226715823714575, -0.7624031907924738, 0.3772696730796844, -0.11608552848077207, 0.6572472354498328, 0.34412995611506986, -0.3007745716823443, -0.12590930573830222, 0.40495233279064485, 0.40495233279064485, -0.44906299981644476, 0.5548465968084667, -0.5136541461059484, 0.054368699130215706, -0.03259611303492063], [-0.25370774345668456, -0.050003813977398226, 0.15923359958912048, -0.14886805603591824, -0.4587072742324575, 0.6429006984649599, 0.3330604401885055, -0.23105320694680453, -0.3317340379313906, -0.3317340379313906, -0.6020655432082785, 0.2778470634904156, 0.5808764983322044, 0.6336847454082734, -0.017666056242726713]], "inverted": false, "swapped": false, "error_lsq": 0.046624540222944204, "error_max": 0.30635834330334527, "target": "99.xyz", "model": "10.xyz", "model_rescale": 4.2482417240324, "target_rescale": 3.999879977983826},
{"mapping": [1, 10, 3, 4, 12, 5, 6, 11, 8, 13, 7, 14], "R": [[0.37321796179616173, -0.9089850080511903, 0.18561952518767155], [-0.037089786840881156, -0.21453534468818306, -0.976011748695486], [0.9270019960630165, 0.3573805269145207, -0.11378250426793601]], "T": [0.07066493034812223, 0.01327827728284265, 0.033510207310874306], "aligned_model": [[-0.6269053668584968, -0.14077246403550825, 0.3424471104023759, 0.673042583946449, -0.482392984078949, 0.1293169509458979, -0.12498111503975833, 0.4609318999250812, 0.12815449307654297, -0.13620464166576074, -0.3219299018515148, -0.023940962403352348], [-0.19580176512730005, -0.7029147490290222, -0.2897759663238943, -0.352589729906894, 0.4893454517478378, 0.6924444109158704, 0.27849399073653897, 0.38881897560576456, -0.31631443502845863, 0.6607734271983444, 0.05885705063763155, -0.04520527137577877], [-0.04575734437265749, 0.02219367415240043, 0.5964080560409823, 0.0002373565824765056, 0.15484517179352777, 0.1131916774561724, 0.631979493601492, -0.3626812385301582, -0.5445713199912156, -0.44041587302672985, -0.49104927576799917, -0.06918808808393465]], "inverted": true, "swapped": true, "error_lsq": 0.04292163339058771, "error_max": 0.1942816223876538, "target": "99.xyz", "model": "11.xyz", "model_rescale": 3.6694154284099745, "target_rescale": 3.999879977983826},
{"mapping": [11, 13, 12, 7, 8, 2, 4, 3, 1, 0, 6, 10, 5, 14], "R": [[0.6901951792926189, -0.17788336829617557, -0.7014186494275991], [0.32652861686770146, -0.788458124550677, 0.5212608254957352], [-0.6457628642525799, -0.5888049703540525, -0.4861059864254582]], "T": [0.04078468136035204, -0.017065010929157853, -0.02166625832243657], "aligned_model": [[-0.0739266736570333, -0.03989762927546117, -0.2108268346128732, 0.46664118408821376, 0.6331926148455657, -0.5410185095305243, 0.14353927463532126, -0.19579745978691773, 0.44020979037663943, 0.17334499542745238, -0.480178227575373, 0.608631437333185, -0.5019306790160992, 0.17628156700371425], [-0.26521838815239174, 0.38596063227154637, 0.6723197475216627, 0.34602556218740443, -0.20895569071488546, -0.4439112238792893, -0.7104393740040016, -0.3562432050835986, 0.5588055098223212, 0.32517324319015767, 0.2821865225256017, -0.07163423057048268, 0.17000939102592466, 0.046908791996284435], [-0.6345022819046322, -0.7411880538829292, -0.1148085406912488, -0.3654427161211702, -0.26321431853922284, -0.03789763400399519, 0.058948907909852716, 0.5364990031981849, 0.19148827258367987, 0.6863152911770105, 0.3036465198005162, 0.460348833353208, -0.397856421701758, -0.04324140152508037]], "inverted": false, "swapped": true, "error_lsq": 0.042878796601005784, "error_max": 0.22370681121507716, "target": "99.xyz", "model": "12.xyz", "model_rescale": 3.9764082729961374, "target_rescale": 3.999879977983826},
{"mapping": [7, 2, 14, 4, 6, 11, 3, 1, 9, 12, 0, 13, 8, 10, 15], "R": [[-0.05167769993586725, -0.9893887730050189, -0.13579127800032761], [0.8181259576277026, -0.11991982284135749, 0.5623959046307614], [-0.5727122600268773, -0.08203104254683848, 0.8156418180019865]], "T": [0.08058301370833171, 0.07225625430100864, -0.08454860253308472], "aligned_model": [[-0.2594786879354764, 0.37983933637542855, -0.4949568855753635, -0.4174652321573924, -0.43128023491484263, -0.04045401033195807, -0.4890723261281849, 0.6660945038351127, 0.4758471976828961, 0.595262652444646, 0.145337738698621, 0.06384854761037197, 0.14785856852180226, 0.5874625423457529, -0.02288167662394279], [-0.5869062407154729, -0.6663459583891652, 0.42875542414769674, -0.0852306268864977, 0.60499198439384, 0.19705714000755253, -0.2856285720948561, -0.13610041866806405, 0.024213086136618725, 0.44900426892696116, -0.41528352971246363, 0.6444048221722322, -0.3537383164930999, 0.11282094951371112, 0.04259537580290242], [-0.22910496926162022, -0.05031501290147983, 0.34026924761707766, -0.5775085895737527, -0.27909284503493864, 0.6902542604506184, 0.42127220777918006, 0.04616623985205215, -0.5350563220865593, -0.06507200390991069, -0.6186082603408901, 0.13189196694090105, 0.47550091494463975, 0.5380062528080908, -0.0865398117729784]], "inverted": false, "swapped": false, "error_lsq": 0.051675354596238475, "error_max": 0.3723983035111334, "target": "99.xyz", "model": "13.xyz", "model_rescale": 4.170626492500431, "target_rescale": 3.999879977983826},
{"mapping": [0, 3, 6, 2, 12, 13, 5, 10, 1, 4, 8, 11, 7, 14], "R": [[-0.4017460463407251, 0.7336778165092235, 0.548011839116505], [-0.6903829595262443, 0.15050598289526984, -0.7076152332366178], [-0.6016406597341808, -0.662619657627954, 0.44605347872159107]], "T": [-0.04031348505326631, -0.026855326145993768, 0.10689782121785368], "aligned_model": [[0.5205765888244112, -0.1265318406345913, -0.18332977696686006, -0.6893122117030313, 0.011778640612921838, -0.24918163115741784, -0.5560508813033506, 0.5979665723274274, 0.613835326451406, -0.21751718221152228, 0.24158956234835743, -0.5054077920424375, 0.30008913083480454, 0.08467851671152601], [-0.27836036185300406, -0.661688316069589, -0.04522112856222264, -0.3238299702556772, 0.528205408243258, 0.7644369541806385, 0.36653187804462906, -0.39980111295132953, 0.23702220282953754, -0.5770092890472501, 0.009814732938584942, 0.22513706316103757, 0.4760136189587976, 0.03482278830825508], [-0.40112252868887216, -0.16164432842275395, -0.5609279598963266, -0.0006327026351471005, -0.3793420131256058, 0.2368268143331847, -0.11741731194757107, 0.21308772214285038, -0.09073848753600716, 0.511564085752837, 0.7112988773649731, 0.5198068992663446, 0.35713702934502983, 0.1659770051679305]], "inverted": true, "swapped": true, "error_lsq": 0.049383441968675605, "error_max": 0.27764554503986466, "target": "99.xyz", "model": "14.xyz", "model_rescale": 3.9786697098870705, "target_rescale": 3.999879977983826},
{"mapping": [12, 0, 5, 13, 6, 2, 10, 4, 11, 7, 3, 14], "R": [[-0.29268660831770366, -0.7274376609533076, -0.6206198504223497], [0.9123920954227417, -0.4066801977429585, 0.04638837110577315], [-0.28613845166558416, -0.5526713907834644, 0.7827382195139658]], "T": [0.016433372512587044, -0.020305080490575035, 0.06008731961128495], "aligned_model": [[0.08679707790695225, -0.7351587239073566, 0.5301018783296242, 0.6446873658351083, -0.13980645082784854, 0.30831035773681925, -0.6240739777474162, 0.012189327210795478, 0.6595776036188934, 0.12181908236769462, -0.35832247851619625, -0.02276646523973385], [-0.3296223177304133, -0.06546346370024336, 0.08276862994670706, -0.4931974655132068, 0.25726029388975546, 0.6375450840758234, -0.1859763155547196, 0.3865774133416553, -0.012149394342809074, -0.6667896281548661, 0.5638977274680445, -0.16017607350128832], [-0.6081992810541788, -0.20260484796286637, -0.3832819504414977, -0.20129483485872218, -0.5443370486264023, 0.005341667057258123, 0.4065980160398998, 0.6365020514906414, 0.25141365908234586, 0.1082781893688991, 0.088837056323726, 0.1027138174547273]], "inverted": true, "swapped": true, "error_lsq": 0.051951755561500175, "error_max": 0.23939901607668346, "target": "99.xyz", "model": "15.xyz", "model_rescale": 3.769337070930944, "target_rescale": 3.999879977983826},
{"mapping": [1, 13, 10, 8, 0, 6, 3, 5, 4, 9, 14], "R": [[0.9834089145594564, 0.0864619959531372, -0.15947172169632978], [0.158374058492343, 0.019454009070448985, 0.9871875197386519], [0.08845656765699135, -0.9960651910326386, 0.005437908739353187]], "T": [0.04284779179170289, -0.01896144631105213, 0.020566383278588368], "aligned_model": [[-0.23489374034046206, -0.4008291213698863, -0.09481569334626591, -0.5307803864856429, 0.31273070080196613, 0.5938246903006262, 0.6234569837786004, 0.2029157005567914, 0.12998374118169523, -0.5927838592118189, -0.08618288517443268], [0.0245841279759152, -0.7154495597925201, 0.6303195745598781, 0.29087467538901035, 0.2904986050294304, -0.29631723360785817, 0.3604654784607521, -0.6636873414862029, 0.4711857800646768, 0.19112555803039477, 0.012464833001865828], [-0.6558695358726311, 0.08916684333462552, -0.32185033272792374, 0.16571096228662396, -0.6630525353656713, -0.27316897539368235, 0.05916160327551999, 0.193084840125749, 0.5205547247779615, 0.682584212646735, -0.05210419986352993]], "inverted": true, "swapped": true, "error_lsq": 0.04506239371352821, "error_max": 0.22932441682846633, "target": "99.xyz", "model": "16.xyz", "model_rescale": 3.7852294659196426, "target_rescale": 3.999879977983826},
{"mapping": [6, 1, 10, 0, 12, 7, 9, 8, 3, 2, 11, 4, 14], "R": [[-0.8014220945236236, 0.2992364305327088, -0.5178611638763924], [0.17570480522991988, 0.9454312478787154, 0.2743858176976559], [0.5717083590682266, 0.12890816179179143, -0.8102667696474892]], "T": [-0.01993436762406072, 0.10711200167332036, -0.07570160271709134], "aligned_model": [[0.06996644469244392, -0.4326474532365401, 0.1697604644404986, 0.1050309088369514, -0.5431468063268038, -0.6060518596098808, -0.0729934473124437, -0.15993330306708523, 0.628958728155938, 0.4395242224361246, -0.16502719565943944, 0.5351023520665734, -0.11477720520005394], [-0.19268472489502053, -0.4736390121533136, -0.38637690377918765, -0.6800262331983331, -0.13355731656643632, 0.08351102344676185, 0.7866244924518826, 0.2639854593607151, -0.09989121519245014, 0.4920632446814504, 0.762247162756325, 0.39565273216764574, 0.057146914622835276], [-0.683008776275589, 0.09458726166523454, 0.45179328587188583, -0.10279796339530525, -0.5399883763433185, 0.2197303819314315, 0.5738207298400537, 0.5582587070715919, -0.21226233837837202, -0.4777792625336901, -0.06843679971217517, 0.250647605150908, 0.031190242250518363]], "inverted": false, "swapped": true, "error_lsq": 0.04329955925733948, "error_max": 0.271621761465068, "target": "99.xyz", "model": "17.xyz", "model_rescale": 3.901054581598922, "target_rescale": 3.999879977983826},
{"mapping": [3, 13, 1, 7, 6, 8, 0, 5, 9, 10, 12, 4, 2, 8, 14], "R": [[0.6007114219713448, -0.3320613825772145, -0.7272420681685527], [-0.03518491960378556, 0.8977974785768246, -0.43900080739512476], [0.7986913101728603, 0.289300752957895, 0.5276336469486711]], "T": [0.068192870208902, 0.041537931912031575, -0.04528484738655639], "aligned_model": [[-0.22701510573544517, 0.41856696324311815, -0.5057773124328803, -0.5274347220136668, -0.3429371862844335, 0.23329205495273334, -0.5311455835647783, 0.6279684405152685, 0.6127802893982006, 0.5921137387488139, -0.08277019385001833, 0.1410512999736421, 0.1833656553046021, 0.23329205495273334, 0.08061164063958101], [-0.6604177195304547, -0.5853655782668713, 0.3424506425524059, -0.0017624206201632964, 0.542189821744019, 0.16944998098935127, -0.2851793960756821, -0.1414387698183176, -0.05780538618974225, 0.635472728441457, -0.35214758204691166, 0.7471690604211318, -0.5707766838582007, 0.16944998098935127, 0.02332070941052313], [-0.1045841210715813, -0.1536000455648328, 0.21102613452615357, -0.3334338967533331, -0.424818122773033, 0.5846350038942526, 0.2857041613738982, 0.16269804736126972, -0.40269926979220416, -0.25789277082497236, -0.6570012632738823, 0.3045012724080949, 0.49835487051084004, 0.5846350038942526, -0.09546172840449249]], "inverted": true, "swapped": false, "error_lsq": 0.04723053568846317, "error_max": 0.3133208204565535, "target": "99.xyz", "model": "18.xyz", "model_rescale": 3.9405287249114394, "target_rescale": 3.999879977983826},
{"mapping": [5, 2, 13, 9, 7, 14, 11, 1, 0, 0, 8, 12, 10, 3, 15], "R": [[0.18964501661965638, 0.9322349341189224, 0.30817656510451663], [0.8745450031897535, -0.017703945641716512, -0.4846210970485593], [-0.4463247753230424, 0.36142025111634685, -0.8186388684980895]], "T": [0.06208757606053841, 0.1148878434267076, 0.015308906886923828], "aligned_model": [[-0.14112673207076573, 0.322139792646006, -0.4973084050602392, -0.6132222002388323, -0.359799416582665, -0.149270172774042, -0.48851356438702276, 0.7104250771287599, 0.5192271424797846, 0.5192271424797846, 0.08882575224851633, 0.2782301356684205, 0.053371764382889694, 0.5952822275237903, 0.06847349040308541], [-0.5907803722351694, -0.7125750908077011, 0.388590452812493, -0.08108762000837821, 0.385200610239159, 0.18177630626117414, -0.2560611064329488, -0.006636773869612103, 0.262638759266969, 0.262638759266969, -0.09689387763889765, 0.5315882890801875, -0.4278957363341695, 0.05668102428447119, 0.07742576425734964], [-0.37456152945592786, 0.07011055038613251, 0.26728680927779164, -0.29219746820541787, -0.479229183130431, 0.7573283120397851, 0.2953954339382606, 0.0355493633796836, -0.47649119644606514, -0.47649119644606514, -0.7104360401107026, 0.29776632797501806, 0.5838280860843308, 0.6769311742950643, 0.027273831928972703]], "inverted": true, "swapped": false, "error_lsq": 0.0482412833293981, "error_max": 0.47699240667605264, "target": "99.xyz", "model": "19.xyz", "model_rescale": 4.410303926677745, "target_rescale": 3.999879977983826},
{"mapping": [6, 5, 12, 3, 1, 2, 0, 13, 11, 8, 4, 10, 7, 14], "R": [[0.8583451251491796, -0.020058414004078234, 0.5126805108059797], [0.28745658807662167, -0.8088796890691861, -0.5129155472226247], [0.42498512456789206, 0.5876319499814301, -0.6885320146928793]], "T": [-0.02408685986634897, -0.04481465546914762, 0.1103516156571605], "aligned_model": [[-0.23620819141993282, 0.25083268635203115, 0.37852579567682193, -0.7129777626977858, 0.22598509110686307, -0.3892242282427415, -0.360462665298954, 0.7535180446793434, 0.29418293056697975, 0.1990869031320099, -0.4542176319479466, -0.3022024437014918, 0.5532868487404434, 0.06106251251523291], [-0.095966168545911, -0.5421118216388824, 0.04830462690436385, -0.06698282111421427, 0.618060337719103, -0.6602085137111002, 0.5894325673253628, -0.3028700443820691, -0.5714741368057649, 0.15157029195489982, -0.25105639575733407, 0.5887868492485039, 0.2371010193523673, 0.06836267563187737], [-0.5370820101159866, -0.27457773488055154, -0.5032174788759902, 0.023753044675309948, -0.07582811248526436, 0.015899503714459584, -0.23680672253574564, -0.013700580183767797, 0.37800982422366225, 0.7084662217100042, 0.6302335083083643, 0.3913625440065375, 0.24649099657955206, 0.16381203458443744]], "inverted": false, "swapped": true, "error_lsq": 0.04702736392466086, "error_max": 0.29317430110928366, "target": "99.xyz", "model": "20.xyz", "model_rescale": 4.121658175737393, "target_rescale": 3.999879977983826},
{"mapping": [9, 4, 2, 11, 5, 8, 3, 7, 10, 1, 6, 12, 14], "R": [[-0.23327815922740486, -0.33650910759662644, -0.9123282966849138], [0.9510550393725989, 0.11658926586546309, -0.28618395337428887], [0.2026711930972389, -0.9344348899679822, 0.29284095324777787]], "T": [0.052967769865062436, 0.018479934467498016, -0.005967077274262975], "aligned_model": [[0.13140583950220555, -0.264851936370737, 0.25703609896816615, 0.5292288649401081, 0.6969934424747104, -0.1297957422275102, -0.3589283137574587, 0.19988253552950072, -0.6504891263940421, -0.16617370864324776, 0.1616234259108039, 0.45977019529163565, 0.015381329440159963], [-0.660877707794598, 0.024515610247976383, 0.5259226882725516, -0.20153355241409704, 0.25489039231690624, -0.5950166287586458, 0.5433815346555195, -0.5498322856984705, -0.19061658950856486, -0.23970416667091937, 0.610305540477476, 0.13041574483570015, -0.11102367579765116], [0.6411437437476263, 0.6239372994221307, 0.46500433233039834, 0.4124540267649324, -0.025888465726814677, 0.18464804173952482, 0.18737547490854395, -0.30059913625317697, -0.14450705479284232, -0.6555208554524817, -0.32956966819723943, -0.613599652062501, -0.07476834694631117]], "inverted": true, "swapped": true, "error_lsq": 0.045049148003023926, "error_max": 0.28180055356717637, "target": "99.xyz", "model": "21.xyz", "model_rescale": 4.08911054899281, "target_rescale": 3.999879977983826},
{"mapping": [6, 7, 11, 8, 1, 9, 5, 13, 4, 2, 0, 15, 10, 14, 16], "R": [[-0.8088303421911951, 0.5623532373647806, -0.17190786478874492], [0.357458484051312, 0.2380660941871539, -0.9030769441073176], [-0.46692280917793316, -0.791885958471183, -0.393573016155279]], "T": [0.11179163717612159, 0.013949268644972493, 0.05212573446449803], "aligned_model": [[-0.253436381116515, 0.3121290586969768, -0.5081475809469571, -0.5435641335035216, -0.24433254865852352, 0.018049600485645217, -0.4245490807511255, 0.7097192367949924, 0.6214703230227434, 0.3734930653318065, 0.20954876419406124, 0.07229518610401064, -0.07865975256169663, 0.5002594829273233, 0.14168679382825117], [-0.5421793281042631, -0.6636770650148106, 0.4513500903580514, -0.013610347173976203, 0.4391878626771507, -0.03737519651613967, -0.1633816673665155, -0.26288890698455847, 0.10851876280514279, 0.5864803425221987, -0.27983809705686824, 0.7244425128053369, -0.6484776593335247, 0.28206470263107686, -0.006006618106405563], [-0.28387070462843134, -0.02839542721744237, 0.1533626706889651, -0.17262145566894088, -0.5156295681749286, 0.7564877446521328, 0.4747620170701714, 0.001399250687614123, -0.41432515666522124, -0.30139139569968193, -0.6579530823230793, 0.2107018936100728, 0.47171391643682353, 0.4869008864947482, 0.020921686247627296]], "inverted": true, "swapped": false, "error_lsq": 0.04538939769115644, "error_max": 0.29999033318815305, "target": "99.xyz", "model": "22.xyz", "model_rescale": 4.204369325754507, "target_rescale": 3.999879977983826},
{"mapping": [5, 2, 13, 9, 7, 14, 11, 1, 0, 0, 8, 12, 10, 3, 15], "R": [[0.18964501661965638, 0.9322349341189224, 0.30817656510451663], [0.8745450031897535, -0.017703945641716512, -0.4846210970485593], [-0.4463247753230424, 0.36142025111634685, -0.8186388684980895]], "T": [0.06208757606053841, 0.1148878434267076, 0.015308906886923828], "aligned_model": [[-0.14112673207076573, 0.322139792646006, -0.4973084050602392, -0.6132222002388323, -0.359799416582665, -0.149270172774042, -0.48851356438702276, 0.7104250771287599, 0.5192271424797846, 0.5192271424797846, 0.08882575224851633, 0.2782301356684205, 0.053371764382889694, 0.5952822275237903, 0.06847349040308541], [-0.5907803722351694, -0.7125750908077011, 0.388590452812493, -0.08108762000837821, 0.385200610239159, 0.18177630626117414, -0.2560611064329488, -0.006636773869612103, 0.262638759266969, 0.262638759266969, -0.09689387763889765, 0.5315882890801875, -0.4278957363341695, 0.05668102428447119, 0.07742576425734964], [-0.37456152945592786, 0.07011055038613251, 0.26728680927779164, -0.29219746820541787, -0.479229183130431, 0.7573283120397851, 0.2953954339382606, 0.0355493633796836, -0.47649119644606514, -0.47649119644606514, -0.7104360401107026, 0.29776632797501806, 0.5838280860843308, 0.6769311742950643, 0.027273831928972703]], "inverted": true, "swapped": false, "error_lsq": 0.0482412833293981, "error_max": 0.47699240667605264, "target": "99.xyz", "model": "23.xyz", "model_rescale": 4.410303926677745, "target_rescale": 3.999879977983826},
{"mapping": [3, 2, 11, 1, 7, 9, 10, 5, 12, 13, 0, 14, 8, 15, 16], "R": [[0.8830055173386873, -0.3037912476928732, -0.3577878340226851], [-0.41693336714119306, -0.8577720875222774, -0.3006553063426313], [-0.21556396664040176, 0.41465398067892917, -0.884078193709908]], "T": [0.08147588634036994, 0.07431835908401058, 0.05903841064813929], "aligned_model": [[-0.2628720996542314, 0.2898897464081052, -0.4078310208246023, -0.6552231692916728, -0.1667486967909788, -0.06555458320099082, -0.3915069735699239, 0.6372707888555391, 0.6192723316699933, 0.3434577199747982, 0.157960273740665, 0.2003472688008725, 0.05600020697743334, 0.5277465486611392, 0.023753692091324996], [-0.7030435478666486, -0.7226737850519127, 0.4513493119273808, -0.07721062415686653, 0.360971982032021, 0.1757212822201792, -0.22089967514735936, -0.2187442879879582, 0.10966526945145665, 0.6612432514289017, -0.2432453239260865, 0.6562624444062763, -0.41492304892226833, 0.17619104135736807, -0.01605490162258799], [-0.23487299572724657, -0.3337225042806119, 0.1974143399473932, -0.35405821030049456, -0.48698828600903477, 0.6594711477921688, 0.39507036265755735, 0.030607007987407356, -0.5373686769204061, -0.2256918361129268, -0.6219089124270244, 0.38363148821603144, 0.7191145439142076, 0.6065588608533918, 0.004806945920017236]], "inverted": true, "swapped": false, "error_lsq": 0.03702755062634821, "error_max": 0.26279921439451565, "target": "99.xyz", "model": "24.xyz", "model_rescale": 4.28219845311461, "target_rescale": 3.999879977983826},
{"mapping": [7, 13, 5, 3, 1, 11, 9, 2, 0, 6, 4, 10, 12, 14, 15], "R": [[0.06563676986464538, 0.9963483253203002, -0.05460612669993484], [-0.9933020054077003, 0.0600249193112017, -0.09873264462539608], [-0.09509437677789684, 0.060720867031997174, 0.9936146314402311]], "T": [0.036289594627598794, -0.02372345390856271, 0.016892250193577513], "aligned_model": [[-0.25286760966778193, 0.26576112099738086, -0.6047622249383452, -0.5650861209490824, -0.2775065931718, -0.059490488176525226, -0.5220708622830819, 0.6895541061208631, 0.4371382330150617, 0.6367579572357567, 0.07399263272508963, 0.26720990934274913, 0.12432118893863056, 0.6199301806315797, 0.07308060402697636], [-0.7216919719675068, -0.5599688544997058, 0.5052079177342268, -0.10885182620856082, 0.3558071595302631, 0.10410102386527362, -0.2995453663807599, -0.1508677234408133, 0.24765574347979472, 0.6351844829296508, -0.3074316202206347, 0.5706697435910966, -0.3693643336542585, 0.0784125715178173, -0.0047075581339874745], [-0.16958580415305557, 0.12958717406937345, 0.20280849380185179, -0.4638839490967078, -0.39221148338995293, 0.5374344193484653, 0.27962701499935116, -0.14391769084396103, -0.6397871787240446, -0.11530158944847416, -0.6559648894072243, 0.4892029041554221, 0.6930599223612904, 0.49551164342128695, -0.04451571158319076]], "inverted": false, "swapped": false, "error_lsq": 0.04472290116088483, "error_max": 0.25723873238964345, "target": "99.xyz", "model": "25.xyz", "model_rescale": 4.100010024507729, "target_rescale": 3.999879977983826},
{"mapping": [1, 10, 3, 4, 12, 5, 6, 11, 8, 13, 7, 14], "R": [[0.37321796179616173, -0.9089850080511903, 0.18561952518767155], [-0.037089786840881156, -0.21453534468818306, -0.976011748695486], [0.9270019960630165, 0.3573805269145207, -0.11378250426793601]], "T": [0.07066493034812223, 0.01327827728284265, 0.033510207310874306], "aligned_model": [[-0.6269053668584968, -0.14077246403550825, 0.3424471104023759, 0.673042583946449, -0.482392984078949, 0.1293169509458979, -0.12498111503975833, 0.4609318999250812, 0.12815449307654297, -0.13620464166576074, -0.3219299018515148, -0.023940962403352348], [-0.19580176512730005, -0.7029147490290222, -0.2897759663238943, -0.352589729906894, 0.4893454517478378, 0.6924444109158704, 0.27849399073653897, 0.38881897560576456, -0.31631443502845863, 0.6607734271983444, 0.05885705063763155, -0.04520527137577877], [-0.04575734437265749, 0.02219367415240043, 0.5964080560409823, 0.0002373565824765056, 0.15484517179352777, 0.1131916774561724, 0.631979493601492, -0.3626812385301582, -0.5445713199912156, -0.44041587302672985, -0.49104927576799917, -0.06918808808393465]], "inverted": true, "swapped": true, "error_lsq": 0.04292163339058771, "error_max": 0.1942816223876538, "target": "99.xyz", "model": "26.xyz", "model_rescale": 3.6694154284099745, "target_rescale": 3.999879977983826},
