[{"mapping": [8, 1, 0, 6, 10, 7, 3, 9, 4, 2, 12, 13], "R": [[-0.46933315148701665, 0.10430765284085126, -0.8768388144203573], [0.32557481503924757, 0.9434793214185824, -0.062030717130236585], [0.820809011114903, -0.31458970678387455, -0.47676606806505334]], "T": [-0.03127056143386174, -0.03662287377561728, -0.05913724386921353], "aligned_model": [[-0.22258830123846457, 0.17465160517572337, 0.4128639937476014, 0.040006574562193864, -0.3100647644782415, -0.5454192099295787, 0.386730841358874, -0.2655643494007138, 0.6485662697767152, 0.01815120244727754, -0.41155021305554096, -0.08814118650529698], [-0.31883045201908883, -0.7030699665802278, -0.3983671290358963, 0.6904938691196839, 0.3553487087575808, -0.6174304692510802, -0.19589918396616313, -0.510322336351068, 0.20784318443936683, 0.31377051509716614, 0.21105231379132883, 0.018965981975455057], [-0.5666704413784539, 0.018443649215790434, -0.49106768053108396, -0.0033704889051429654, -0.7282100081755691, -0.10458306373582808, 0.5741747497814915, 0.5910634074157859, -0.1009073127676856, 0.6595077581785411, 0.3817042074698459, -0.0481330312141289]], "inverted": false, "swapped": true, "error_lsq": 0.04077313685460471, "error_max": 0.24433833079202216, "target": "990.xyz", "model": "0.xyz", "model_rescale": 3.751011558992144, "target_rescale": 4.2529277711859725},
{"mapping": [6, 11, 5, 10, 4, 1, 8, 12, 7, 9, 0, 3, 13, 14], "R": [[0.6579467351966726, -0.7150582717590338, -0.23621549829133492], [0.6305157708986776, 0.35156041169112634, 0.691993597932533], [-0.4117717283788265, -0.6042325255400854, 0.6821635425521979]], "T": [0.04865226521828276, 0.05170143783053262, -0.01992094503830058], "aligned_model": [[-0.6367950640017536, -0.20692235819147325, 0.6420480482015403, 0.0954317353087056, -0.22104062664709795, -0.5323049100843705, 0.23185613881865008, 0.029564573259150254, -0.462098598722177, 0.47319174266026337, -0.1858562926276639, 0.19376192918046498, 0.6614650227419376, 0.05913637839176099], [-0.22260332662038534, -0.6971316101567427, 0.12038903737610425, -0.2871422288217293, 0.36626653259752323, 0.43577542060889196, 0.6218347395204853, -0.5014288544228979, -0.08379215075485945, -0.425481002547438, 0.5208534279171435, 0.07262766607625055, -0.13144687458965548, 0.0002017383067470374], [-0.15646617686565625, -0.12317629375072423, -0.20226541411256202, -0.7652063929551178, -0.693633432039492, 0.00579841834742309, -0.30593250274498984, 0.4757176772305044, 0.38064373916834615, -0.18194801691984894, 0.5281727193971426, 0.7296863974477278, 0.32420028094822617, -0.004374988544955157]], "inverted": true, "swapped": false, "error_lsq": 0.04251965913161045, "error_max": 0.28863395298411426, "target": "990.xyz", "model": "1.xyz", "model_rescale": 3.9405287249114394, "target_rescale": 4.2529277711859725},
{"mapping": [9, 3, 1, 6, 4, 7, 12, 2, 5, 8, 10, 11, 13], "R": [[-0.3030498287072403, -0.6669372533855772, 0.6807022119598368], [-0.7041662466141599, 0.6380051852532169, 0.3116075748747685], [-0.6421142409648289, -0.3848948994680375, -0.6629820645489972]], "T": [-0.046249048229782, -0.08458545370339515, -0.039156221692703844], "aligned_model": [[-0.2975484660483905, 0.28039422046903767, -0.42335780743044377, 0.5713594762233815, 0.48321120470913453, -0.779582848763691, 0.10538294236733602, 0.5107128524245422, 0.17362705654117744, -0.5483481552012116, -0.1337117507000446, -0.4169051561454353, -0.029250289161461402], [0.7147117137067807, 0.5071888116734076, 0.1973509444133575, -0.29863139335268885, -0.29386995153865036, 0.14216229657440496, 0.28375299299315687, 0.45185251808808885, -0.7231939516810166, -0.4317940254786985, -0.808978601356328, -0.19473540336885545, -0.08698335710094193], [-0.03487981786913249, -0.4190056535442418, -0.5596130521136896, 0.2919527711119786, -0.48587576331708465, 0.08150285585125648, 0.4524038715871338, 0.16988066576703448, -0.21470367878422475, -0.07345251624747136, 0.3437682309234135, 0.521871788634727, 0.03927064758894497]], "inverted": true, "swapped": true, "error_lsq": 0.04411367498930812, "error_max": 0.2910869950510779, "target": "990.xyz", "model": "2.xyz", "model_rescale": 3.932901565614263, "target_rescale": 4.2529277711859725},
{"mapping": [6, 5, 8, 9, 12, 10, 11, 4, 2, 7, 1, 0, 3, 13], "R": [[-0.6515977178794069, 0.7456833550556762, 0.13920038810024798], [0.754158099353316, 0.6565627587296755, 0.013073065022105347], [-0.08164542384079577, 0.11349747945301991, -0.9901779370010567]], "T": [0.09870133949513223, 0.024787251588567052, 0.02921262822426763], "aligned_model": [[-0.5736965283291533, -0.24924256391710453, 0.7174122662188461, 0.24142826123384925, -0.38207785742867645, -0.3761397115733938, 0.3174794624905675, -0.13713401723387947, -0.4508767815897789, 0.47344942616392666, -0.1815480956131844, 0.19715286153444872, 0.5344973223503368, 0.010733673981132827], [-0.08820754055149142, -0.49814510411028384, 0.1693528279094933, -0.2632911765986224, 0.006941369904900473, 0.4969639127092607, 0.8157810850024027, -0.6983741729146327, -0.16385645779497143, -0.573156865097719, 0.4805650690472157, -0.09140396372114472, 0.18342488078492825, 0.01232864992010196], [-0.01327907657017783, -0.32046790754541676, -0.33832554506878054, -0.6314179678073073, -0.5637989218080782, -0.2251898427037552, -0.32317009945589, 0.4589167626758439, 0.6263535604279625, -0.0792735561748397, 0.5415557321558555, 0.6817133779832247, 0.24275756965684572, -0.045158071159463596]], "inverted": false, "swapped": false, "error_lsq": 0.0492331954126125, "error_max": 0.3274258474724554, "target": "990.xyz", "model": "3.xyz", "model_rescale": 3.9243930471874484, "target_rescale": 4.2529277711859725},
{"mapping": [7, 1, 8, 11, 5, 9, 12, 0, 4, 3, 6, 2, 13], "R": [[0.6418307025108458, -0.6188764418698083, -0.45281927853504633], [0.43058889883757445, -0.19776781252645115, 0.8806140428850473], [-0.6345443637069667, -0.7601840843026564, 0.13954787157335155]], "T": [0.09733815975648354, -0.07694028414884328, -0.0754872882221416], "aligned_model": [[-0.04543667898421845, -0.21297765298933402, 0.48119963658834713, 0.3103603802237785, 0.6862662984361116, -0.6691360764535967, -0.21811358744195974, 0.3628761485663481, 0.2000310840619151, -0.5646417398988048, 0.29503039631204386, -0.45633378361377797, 0.10808146150449947], [-0.6473214496731545, 0.0609238232579853, -0.2979194272597266, -0.722533817374046, 0.29180488086947437, -0.35515849114221676, -0.4283978189481527, 0.32655836939775057, 0.6239343368352045, 0.3254876324622637, 0.06766350727150781, 0.010645310352061135, -0.12785730236736373], [-0.5834560763312192, -0.6897120397826682, -0.49697527888187654, -0.029640657338048854, -0.010881749939844476, -0.2682501512926272, 0.3455407317655993, -0.6059179854106262, 0.07255134965142115, -0.04366620384623332, 0.6150897472968612, 0.49674065538041856, -0.014352025900192363]], "inverted": true, "swapped": true, "error_lsq": 0.04509345423986955, "error_max": 0.25313725202112525, "target": "990.xyz", "model": "4.xyz", "model_rescale": 3.8936222436046832, "target_rescale": 4.2529277711859725},
{"mapping": [7, 9, 11, 8, 6, 2, 3, 4, 0, 1, 5, 13], "R": [[-0.9592449647592328, -0.2798699731115333, 0.039011482086788236], [-0.28114338735388567, 0.9591267646003384, -0.03215968243733158], [-0.028416427137153817, -0.041816833665841324, -0.9987211117679059]], "T": [-0.11313227028626188, 0.031633197701357016, -0.0879398739901534], "aligned_model": [[0.05677633335068272, -0.3963788542867868, -0.26176758029560143, 0.34056443955165366, -0.5464362348827297, -0.8127393266806913, -0.31392355289145274, 0.038328558791252354, 0.5781191656429581, 0.29654796736673095, 0.22366093429176176, -0.17520380774268038], [-0.5522194724323563, -0.7518327421579051, -2.589286387578299e-05, 0.014225609142690377, 0.6142134253905596, -0.04146173185196829, -0.3170021712463141, 0.4294562043422083, 0.07561440518722276, -0.4983155829591566, 0.6398000502024327, 0.05647080435626968], [-0.5716740409074668, 0.0014924500769377957, -0.7521511632057536, -0.4974393400444607, 0.010736726297219168, 0.29530387950859543, 0.5748681203603401, 0.4972805818961549, 0.09891680142937928, 0.12156156737431956, -0.02722215253435961, -0.13238871097538712]], "inverted": false, "swapped": true, "error_lsq": 0.04910201409884182, "error_max": 0.29478880034428073, "target": "990.xyz", "model": "5.xyz", "model_rescale": 3.6523030999806103, "target_rescale": 4.2529277711859725},
{"mapping": [10, 5, 6, 11, 12, 8, 4, 7, 0, 1, 3, 9, 13], "R": [[0.8967318416971262, -0.0026796790695041983, 0.44256617969131423], [0.4207013128132703, 0.31564182083925485, -0.8505178694974438], [-0.1374132798665077, 0.9488746283136482, 0.284173415820278]], "T": [0.09064997144797733, 0.01732691379697241, 0.037023228206534226], "aligned_model": [[0.06707991644941667, -0.3849090082989906, 0.2527837543412177, 0.5347722342473781, 0.6950913570278723, -0.09537104468633735, -0.41740020878169176, 0.33064650897019293, -0.590659851595749, -0.20977508308845655, 0.04372648036431133, 0.4980781724756477, 0.15701967723948318], [-0.3895337240386169, 0.019352819854815052, 0.4495799664398165, -0.4588279450688327, 0.2042566045173386, -0.5621253981423456, 0.5044470997525838, -0.5942873222552926, -0.18229400406640192, -0.1373499516852786, 0.5952477097516625, 0.0738190968705206, 0.01854195223321469], [0.7532181506882988, 0.5477313418257039, 0.606021518010084, 0.2377801862001867, 0.03485543716472478, 0.09588527965291845, 0.20520601016879306, -0.37780361095754667, -0.06615974330753982, -0.5781144109216008, -0.47774267646670543, -0.692947004826639, 0.08217926225111144]], "inverted": false, "swapped": true, "error_lsq": 0.054835730844494605, "error_max": 0.32299179796670596, "target": "990.xyz", "model": "6.xyz", "model_rescale": 4.08911054899281, "target_rescale": 4.2529277711859725},
{"mapping": [10, 8, 6, 4, 5, 12, 7, 9, 11, 3, 13, 1, 6, 14], "R": [[0.22209884244817418, -0.4237656274597964, -0.8781200357392982], [0.8589702989496061, 0.5111788887745022, -0.029430752516540204], [0.46134816538662626, -0.7477424935463213, 0.47753432718446953]], "T": [0.0215799286194197, 0.015434973317376213, 0.03682510452461816], "aligned_model": [[-0.6295525524390584, -0.1689660191948331, 0.5015633544673522, 0.15065841733602578, -0.1763418501689228, -0.5446947553447022, 0.3023566138508471, 0.036739402728649666, -0.45448901230285477, 0.5620675265918523, -0.1546025958397198, 0.2181473243556732, 0.5015633544673522, -0.003011490219724404], [-0.15304127558797054, -0.6063412986191696, 0.06312397797359448, -0.2617088467608736, 0.29153699341844513, 0.44675338977215273, 0.6858295740702302, -0.6330591854003199, -0.060358765016108804, -0.5374201508501918, 0.6006826558231979, -0.016359073594709755, 0.06312397797359448, -0.09383945871243307], [-0.22185837807022693, -0.1686876267434048, -0.09156740382246917, -0.5982965660593154, -0.645154274606962, 0.0007789682618376328, -0.22967911091919882, 0.4770328104562042, 0.3717052855979922, -0.13251421278068654, 0.4397387311847165, 0.7427262706731198, -0.09156740382246917, 0.1585589252568859]], "inverted": false, "swapped": false, "error_lsq": 0.043730992648081266, "error_max": 0.3663503387254926, "target": "990.xyz", "model": "7.xyz", "model_rescale": 3.964800864290218, "target_rescale": 4.2529277711859725},
{"mapping": [0, 1, 10, 5, 3, 6, 11, 7, 2, 8, 4, 12, 9, 13], "R": [[-0.10883334507718123, 0.155358949333133, -0.9818446414079044], [0.4582890368811595, -0.8686395709956942, -0.18824572870308556], [-0.8821147667247445, -0.47045604742900426, 0.023337646917118704]], "T": [-0.05832350100099908, -0.0071247722159154935, -0.007774638325302202], "aligned_model": [[-0.730293623824203, -0.30165105081062865, 0.5541653363978105, 0.3062158741982097, -0.366167853906294, -0.27236058611364955, 0.31868785253655113, -0.004785134333218546, -0.568026796016201, 0.5303090293555422, -0.2795468913658707, 0.32990888456651074, 0.614984586968824, 0.009998090634554542], [-0.09783257513606122, -0.7167912954934875, 0.19998319969389952, -0.3506334406601547, 0.15539345088834683, 0.5212200593138402, 0.700227044007658, -0.5296714663206884, -0.1008961217416867, -0.5005711044944448, 0.47322617132195005, 0.01117640308344517, 0.06341260824669241, -0.03932041821987105], [-0.2388322524502459, -0.02465718597546908, -0.5148226883565489, -0.6772397693078029, -0.6439997378347136, -0.1152255032395163, 0.2035288682302598, 0.4727789598678982, 0.40455800992469226, -0.04063864255795283, 0.4563552762585308, 0.640002807305365, 0.11687456311822371, -0.027466690376696426]], "inverted": true, "swapped": false, "error_lsq": 0.04569526912274748, "error_max": 0.34567954795868344, "target": "990.xyz", "model": "8.xyz", "model_rescale": 4.121658175737393, "target_rescale": 4.2529277711859725},
{"mapping": [6, 12, 11, 10, 2, 4, 9, 1, 7, 3, 5, 8, 13], "R": [[-0.2197700798485749, -0.6734171920216031, 0.7058402067699816], [-0.7187351265721048, 0.600996356375449, 0.3496043441589577], [-0.6596369682141319, -0.4304795757212806, -0.6160896079728133]], "T": [-0.03839855544117307, 0.027103018605914, 0.0036296318394290206], "aligned_model": [[-0.64301921246093, -0.1359631101050562, 0.3627471459594549, 0.03483415275499871, -0.5496266875919174, -0.6075625191892726, 0.25615047658182144, 0.31755870681610054, 0.7127657428677284, -0.3569803901990731, -0.30440096238484393, 0.44039319560479895, -0.050159042218612795], [0.20740710515740737, -0.34822975814230167, 0.1583514201981878, 0.7558169526956571, -0.5388024950804204, 0.20625955166549853, -0.7571661850731346, -0.23450860385318043, -0.1588040369402526, -0.5823336459970285, 0.652381114149868, 0.4013281761011543, 0.028687844530255188], [-0.3689470936165815, -0.4962736203647031, -0.5312791206087912, -0.3740465069554153, -0.24145285051326978, 0.41307050471122164, 0.01806329909734687, 0.5489994583071173, -0.06667244422920632, 0.3617787117298722, 0.16254233606059137, 0.07106502302191595, -0.0757722626810093]], "inverted": false, "swapped": true, "error_lsq": 0.04055223226727741, "error_max": 0.20730576922058383, "target": "990.xyz", "model": "9.xyz", "model_rescale": 3.833441315466971, "target_rescale": 4.2529277711859725},
{"mapping": [11, 12, 13, 0, 8, 9, 2, 6, 7, 1, 3, 4, 5, 14], "R": [[-0.593273752724086, -0.8039564161922474, -0.04099189178359702], [-0.5882937598050237, 0.3982426970739624, 0.7037849148722395], [-0.5494876763887877, 0.4416523916957478, -0.7092294821891406]], "T": [-0.02717182382699415, -0.1155501978065185, -0.046584874515323914], "aligned_model": [[-0.6703980927596512, -0.17830243797672926, 0.5307701347619869, 0.43731268393113276, -0.4391634156430648, -0.3452433155334689, 0.22325125259279374, 0.03644703043158423, -0.607578462772192, 0.4650744150332998, -0.14063695311338706, 0.26938190972013576, 0.6173774589564343, -0.056854489340937016], [-0.25406498130404537, -0.6965420297380406, 0.26205366372648414, -0.3391599122008011, 0.31291034790548994, 0.6305292155395676, 0.5581143697323728, -0.5520626080996355, 0.0650963758473047, -0.6660206125385109, 0.49427350280037735, -0.05355356793884554, 0.05831304931707605, -0.030964298559355938], [-0.2266146019249294, -0.09784973583719495, -0.4729680777678813, -0.49164194881576045, -0.550810866921277, -0.0568883534177407, -0.05728946076245391, 0.46978623727137814, 0.22619512049400362, -0.029706019503566904, 0.5613317055857334, 0.6910633350632985, 0.06187246654565969, -0.015263785403245196]], "inverted": false, "swapped": false, "error_lsq": 0.0460562643412199, "error_max": 0.33590013314202627, "target": "990.xyz", "model": "10.xyz", "model_rescale": 4.2482417240324, "target_rescale": 4.2529277711859725},
{"mapping": [0, 1, 7, 9, 10, 11, 8, 12, 3, 6, 4, 13], "R": [[0.8927479534486454, -0.4097558988510715, 0.18735312906382434], [0.2656714031263288, 0.8145859958937279, 0.5156242438585596], [-0.3638953107339296, -0.41054811977474004, 0.8360804053291064]], "T": [-0.04218234749408746, 0.09039159781068212, -0.09903171107519587], "aligned_model": [[-0.6149120834799703, -0.03948852362435671, 0.30705482471714857, 0.6576280319078902, -0.4265769766965327, 0.21730314370689136, -0.28405658267832584, 0.5097251739710305, 0.20241727438453233, -0.12194094316920223, -0.5263272280742194, -0.004060508601879079], [-0.3031076397796032, -0.5814478289995595, -0.12185900935556848, -0.36892924403325483, 0.7401632708006576, 0.5070060214747134, 0.09636974072961582, 0.3560681798134963, -0.4261694082620254, 0.6379534741121105, -0.030906294242079857, 0.16099012779213695], [0.07934236486738377, 0.1039436299813338, 0.5618273476951048, -0.06248798405397278, 0.23121643066280384, 0.3735897991946116, 0.4624793373621621, -0.2574957092517164, -0.6229724987682606, -0.579347937025233, -0.6230327276171488, -0.1018697631927126]], "inverted": false, "swapped": true, "error_lsq": 0.04318435025944717, "error_max": 0.23321798195344556, "target": "990.xyz", "model": "11.xyz", "model_rescale": 3.6694154284099745, "target_rescale": 4.2529277711859725},
{"mapping": [11, 6, 10, 7, 9, 8, 2, 0, 4, 5, 3, 1, 12, 13], "R": [[-0.964992904133201, 0.14139482914861962, -0.22089861308438188], [0.12607232221955345, 0.9886211916735606, 0.08206039814745153], [0.229987966082445, 0.051338500796009344, -0.9718384093012986]], "T": [0.038262708460187804, -0.06996826272185626, -0.036760456239842663], "aligned_model": [[-0.6586801192405373, -0.20789673270350037, 0.4063266198295283, 0.24639601948431478, -0.22662568408171518, -0.3436108254176565, 0.220191191596935, 0.13630383551929576, -0.4788589564626626, 0.44326845556048555, -0.36416370441113854, 0.21740662299319022, 0.7068032351037499, 0.044577760517648], [-0.09645670544093125, -0.5773372364410241, 0.2659834977019917, -0.3162708544125129, 0.22928073876268718, 0.5727214347008142, 0.5242967584789, -0.5115360779142649, -0.12312786929872183, -0.7521870911593636, 0.4721358550119625, 0.23934109622248412, -0.027272575490255843, -0.11064845623232784], [-0.2788300871849699, -0.0796217148168974, -0.4307073551032074, -0.7062235819145463, -0.7331586480074257, -0.15389460267670768, 0.16340119091850783, 0.5165420527158289, 0.48996327556489044, -0.1597182027130379, 0.49749136487345563, 0.7305130754662859, 0.07725332710874619, 0.07820592037510093]], "inverted": false, "swapped": false, "error_lsq": 0.048449774358979056, "error_max": 0.33523149451197576, "target": "990.xyz", "model": "12.xyz", "model_rescale": 3.9764082729961374, "target_rescale": 4.2529277711859725},
{"mapping": [12, 10, 7, 2, 9, 5, 4, 11, 13, 8, 6, 14, 3, 15], "R": [[0.7305680382630302, -0.6713336233968271, 0.12482590903091675], [-0.6126610785645766, -0.563717194871524, 0.5539578747687137], [-0.3015240359914899, -0.48117989390982163, -0.8231337469793929]], "T": [-0.059435106863633076, 0.016603688896070626, -0.0687828311950024], "aligned_model": [[-0.6500015715095296, -0.2359281256266209, 0.603349913057312, 0.319892512750882, -0.38221273012948737, -0.4661358536727263, 0.2330721705305296, 0.12356397089203577, -0.4208299620818664, 0.36484148683068335, -0.19703095632226786, 0.13565326423978807, 0.6878988083871905, 0.025304790942014273], [-0.21856881070490602, -0.7675871364776014, 0.23369913341767007, -0.2565042462254609, 0.18996310799133503, 0.7241338352916644, 0.6719589118690182, -0.5636958463897227, -0.08868625880118157, -0.5454522402613038, 0.5099904537875024, -0.004594010258418199, -0.1636060550492019, 0.06787167630004426], [-0.12480676550297216, -0.06231269317854994, -0.359676771075763, -0.7151435096689936, -0.5455010333306254, -0.26066691162137234, -0.09729153465132535, 0.4414215255455858, 0.41369860028459443, -0.12990026889274353, 0.4980466741599634, 0.7060069626109297, 0.27394142329636767, -0.026599683369071384]], "inverted": true, "swapped": false, "error_lsq": 0.04240806099294745, "error_max": 0.3079390282213277, "target": "990.xyz", "model": "13.xyz", "model_rescale": 4.170626492500431, "target_rescale": 4.2529277711859725},
{"mapping": [2, 0, 9, 1, 3, 6, 11, 8, 4, 7, 5, 12, 10, 13], "R": [[-0.3218963202932568, 0.3730514933895258, -0.8701812123124157], [0.8072692016729884, -0.3720656068766773, -0.45813057113638], [-0.49467079458152463, -0.849941037636926, -0.18138643149019879]], "T": [-0.039200062406248834, -0.06643278730302973, -0.02828160489673187], "aligned_model": [[-0.6576490862145036, -0.16290444225571915, 0.6347641760404411, 0.2705062081442603, -0.2012193347841385, -0.5233867836139043, 0.20050176228677963, 0.15432441288188292, -0.4624563990430422, 0.4456785357658314, -0.1620953644045982, 0.1559975924661522, 0.4898802451789763, -0.0405038041604813], [-0.20601706310735288, -0.5910768080750504, 0.18493581133787326, -0.33912977181907866, 0.2820559863128138, 0.6212652876850797, 0.595924914911894, -0.5259271449605264, -0.2587233517171833, -0.7155128915501319, 0.6615601691148598, 0.11630826813672021, -0.07052282287528608, 0.03378193109480658], [-0.2042622917210073, -0.28382863462337127, -0.4009644075267434, -0.6767666475252374, -0.6008014163196624, -0.017153096734544317, -0.08731516049475183, 0.5221450528427904, 0.5073876427991837, -0.06018091827581791, 0.5028895807947569, 0.6530477599300413, 0.16764084075299554, -0.010622289292608278]], "inverted": true, "swapped": false, "error_lsq": 0.032799830906991304, "error_max": 0.19128226547999702, "target": "990.xyz", "model": "14.xyz", "model_rescale": 3.9786697098870705, "target_rescale": 4.2529277711859725},
{"mapping": [6, 2, 5, 10, 4, 0, 9, 1, 8, 11, 3, 13], "R": [[-0.8305253623408568, 0.2490680047921918, 0.49818947349118636], [-0.5559869975260852, -0.31731952471324043, -0.7682361471694055], [-0.03325779743936169, -0.91502647405668, 0.4020204854045157]], "T": [0.02452464468665957, -0.0519445091385666, 0.015039052789112935], "aligned_model": [[-0.08082361082602962, -0.7166545147563318, 0.5240441405952503, 0.6718553389399705, 0.03566604463124737, 0.4700428549028142, -0.5877550744025829, -0.013012224345248045, 0.5535703240410225, 0.22085640485986768, -0.6054936930607491, 0.01105860618810545], [-0.3018043898266912, -0.15202757917616797, 0.12083776863549442, -0.4794048602800782, 0.4547053754282244, 0.5007648646397524, -0.051830628016536005, 0.422844090183466, -0.10722736867417729, -0.6649828559349912, 0.3999600781882132, -0.12716000494206958], [-0.6656671275535101, -0.27185031504860124, -0.44060311220905496, -0.26293021454233295, -0.5015538943376606, 0.1185000789696828, 0.5870173561177032, 0.5305400039015947, 0.31651544648186464, 0.23844275782292962, 0.021149296765038735, -0.009593782493823876]], "inverted": false, "swapped": true, "error_lsq": 0.054007868317110096, "error_max": 0.3453958893307934, "target": "990.xyz", "model": "15.xyz", "model_rescale": 3.769337070930944, "target_rescale": 4.2529277711859725},
{"mapping": [11, 7, 6, 12, 10, 8, 5, 1, 4, 2, 13], "R": [[-0.977769376627411, 0.15644788939706003, -0.13961054413205934], [0.1937828500846042, 0.9285385871790486, -0.3166453838801769], [0.08009527540830505, -0.3366602887522406, -0.9382135134576384]], "T": [-0.0033393720959529367, 0.0007051717172593952, 0.08203862506758096], "aligned_model": [[-0.25574734267282134, -0.18079495477778798, -0.12237570160936516, -0.6169049325524124, 0.2918836773599535, 0.3265842447421291, 0.5668898885353993, 0.1668210526142087, 0.3961319699210846, -0.594884494117574, -0.054977276751643475], [-0.1385990682542045, -0.702769098100428, 0.7190669542536484, 0.13824254387890736, 0.2854838049058923, -0.333213872886609, 0.3776116557459467, -0.5784977598615075, 0.42711736418542257, 0.36354741624435305, 0.038074557513920665], [-0.5353396505736012, -0.1961431251153386, 0.0003329305242364272, 0.011913226864254542, -0.6326436639605215, -0.30972918889785794, -0.05854344152249781, 0.44001048861804126, 0.5089833502569135, 0.4821492983544357, 0.033227382675712715]], "inverted": false, "swapped": true, "error_lsq": 0.05524727874388708, "error_max": 0.31482406889260073, "target": "990.xyz", "model": "16.xyz", "model_rescale": 3.7852294659196426, "target_rescale": 4.2529277711859725},
{"mapping": [8, 5, 6, 10, 0, 4, 3, 2, 11, 7, 1, 12, 13], "R": [[0.6662656369066285, -0.07512250349555846, 0.7419209597699504], [0.30990998673244086, -0.8770321721162199, -0.36711084047819076], [0.6782668362826706, 0.47452205274535453, -0.5610551846810009]], "T": [0.004342013369393041, 0.10940683234871963, 0.012283040825296042], "aligned_model": [[0.05187394518922311, -0.41227659846195597, 0.019942471867975965, 0.1692330658716225, -0.5567676651740678, -0.640438443703484, -0.2802086514811173, 0.14718891061261186, 0.603527303487154, 0.4356773014486224, -0.24546530776598438, 0.49396587736996905, 0.0675136409557137], [-0.06620070744691968, -0.44630681503150493, -0.3569423574830201, -0.6620493234035292, 0.09709081170365078, -0.034344648834659944, 0.7036995756565673, 0.37386855148414266, -0.11378337975949203, 0.44243594201043834, 0.6506606700116423, 0.2137140331827946, 0.07321327161276406], [-0.5714431353740743, -0.05549969459361553, 0.5772292132272411, -0.22581910880369715, -0.43457550023136576, 0.30771523808867746, 0.42097027014767835, 0.7547946163168946, -0.2231622977227964, -0.5416060271574916, -0.35814245330691746, 0.3991748562567695, 0.046118720295871364]], "inverted": false, "swapped": true, "error_lsq": 0.050006119315971924, "error_max": 0.3427161009635177, "target": "990.xyz", "model": "17.xyz", "model_rescale": 3.901054581598922, "target_rescale": 4.2529277711859725},
{"mapping": [6, 11, 5, 10, 4, 1, 8, 12, 7, 9, 0, 3, 13, 14], "R": [[0.6579467351966726, -0.7150582717590338, -0.23621549829133492], [0.6305157708986776, 0.35156041169112634, 0.691993597932533], [-0.4117717283788265, -0.6042325255400854, 0.6821635425521979]], "T": [0.04865226521828276, 0.05170143783053262, -0.01992094503830058], "aligned_model": [[-0.6367950640017536, -0.20692235819147325, 0.6420480482015403, 0.0954317353087056, -0.22104062664709795, -0.5323049100843705, 0.23185613881865008, 0.029564573259150254, -0.462098598722177, 0.47319174266026337, -0.1858562926276639, 0.19376192918046498, 0.6614650227419376, 0.05913637839176099], [-0.22260332662038534, -0.6971316101567427, 0.12038903737610425, -0.2871422288217293, 0.36626653259752323, 0.43577542060889196, 0.6218347395204853, -0.5014288544228979, -0.08379215075485945, -0.425481002547438, 0.5208534279171435, 0.07262766607625055, -0.13144687458965548, 0.0002017383067470374], [-0.15646617686565625, -0.12317629375072423, -0.20226541411256202, -0.7652063929551178, -0.693633432039492, 0.00579841834742309, -0.30593250274498984, 0.4757176772305044, 0.38064373916834615, -0.18194801691984894, 0.5281727193971426, 0.7296863974477278, 0.32420028094822617, -0.004374988544955157]], "inverted": true, "swapped": false, "error_lsq": 0.04251965913161045, "error_max": 0.28863395298411426, "target": "990.xyz", "model": "18.xyz", "model_rescale": 3.9405287249114394, "target_rescale": 4.2529277711859725},
{"mapping": [9, 5, 0, 8, 7, 13, 12, 2, 11, 6, 14, 10, 1, 15], "R": [[0.3064578626320805, 0.891667866350805, 0.3331846253181261], [0.5483598527830997, 0.12073413169964906, -0.8274809612906082], [-0.7780649396333665, 0.4362931188548991, -0.4519549359761335]], "T": [0.06501472556368236, 0.14909803647149, -0.03189837163508933], "aligned_model": [[-0.595870613854563, -0.16660229317238612, 0.574845495071488, 0.13565581218097916, -0.2858233507889333, -0.4870794142966679, 0.2926053242588812, 0.2431168874248711, -0.5393141741885904, 0.45345651659712466, -0.20334704185560598, -0.042508176532707206, 0.6953970567116877, 0.0669056907323588], [-0.14354452326146971, -0.6486687981147765, 0.027062308637277876, -0.38363883390012543, 0.1672326028610291, 0.5310630384052264, 0.6413654677869995, -0.5616814434476948, -0.022176596396168535, -0.4796025114647854, 0.569407169998384, -0.056586832662760184, 0.027048483532395903, 0.12164298251590565], [-0.2899695775676903, -0.06631169790401817, -0.47670633643675986, -0.5643205907095202, -0.6419879803192583, -0.006905504620926768, 0.04565391821494596, 0.4354317406829921, 0.3211806322154263, -0.14204396435480968, 0.5606057685509966, 0.7191253277782667, 0.12055308681386237, -0.0030888077374833026]], "inverted": true, "swapped": false, "error_lsq": 0.04435634728970522, "error_max": 0.241068267196984, "target": "990.xyz", "model": "19.xyz", "model_rescale": 4.410303926677745, "target_rescale": 4.2529277711859725},
{"mapping": [0, 1, 10, 5, 3, 6, 11, 7, 2, 8, 4, 12, 9, 13], "R": [[-0.10883334507718123, 0.155358949333133, -0.9818446414079044], [0.4582890368811595, -0.8686395709956942, -0.18824572870308556], [-0.8821147667247445, -0.47045604742900426, 0.023337646917118704]], "T": [-0.05832350100099908, -0.0071247722159154935, -0.007774638325302202], "aligned_model": [[-0.730293623824203, -0.30165105081062865, 0.5541653363978105, 0.3062158741982097, -0.366167853906294, -0.27236058611364955, 0.31868785253655113, -0.004785134333218546, -0.568026796016201, 0.5303090293555422, -0.2795468913658707, 0.32990888456651074, 0.614984586968824, 0.009998090634554542], [-0.09783257513606122, -0.7167912954934875, 0.19998319969389952, -0.3506334406601547, 0.15539345088834683, 0.5212200593138402, 0.700227044007658, -0.5296714663206884, -0.1008961217416867, -0.5005711044944448, 0.47322617132195005, 0.01117640308344517, 0.06341260824669241, -0.03932041821987105], [-0.2388322524502459, -0.02465718597546908, -0.5148226883565489, -0.6772397693078029, -0.6439997378347136, -0.1152255032395163, 0.2035288682302598, 0.4727789598678982, 0.40455800992469226, -0.04063864255795283, 0.4563552762585308, 0.640002807305365, 0.11687456311822371, -0.027466690376696426]], "inverted": true, "swapped": false, "error_lsq": 0.04569526912274748, "error_max": 0.34567954795868344, "target": "990.xyz", "model": "20.xyz", "model_rescale": 4.121658175737393, "target_rescale": 4.2529277711859725},
{"mapping": [10, 5, 6, 11, 12, 8, 4, 7, 0, 1, 3, 9, 13], "R": [[0.8967318416971262, -0.0026796790695041983, 0.44256617969131423], [0.4207013128132703, 0.31564182083925485, -0.8505178694974438], [-0.1374132798665077, 0.9488746283136482, 0.284173415820278]], "T": [0.09064997144797733, 0.01732691379697241, 0.037023228206534226], "aligned_model": [[0.06707991644941667, -0.3849090082989906, 0.2527837543412177, 0.5347722342473781, 0.6950913570278723, -0.09537104468633735, -0.41740020878169176, 0.33064650897019293, -0.590659851595749, -0.20977508308845655, 0.04372648036431133, 0.4980781724756477, 0.15701967723948318], [-0.3895337240386169, 0.019352819854815052, 0.4495799664398165, -0.4588279450688327, 0.2042566045173386, -0.5621253981423456, 0.5044470997525838, -0.5942873222552926, -0.18229400406640192, -0.1373499516852786, 0.5952477097516625, 0.0738190968705206, 0.01854195223321469], [0.7532181506882988, 0.5477313418257039, 0.606021518010084, 0.2377801862001867, 0.03485543716472478, 0.09588527965291845, 0.20520601016879306, -0.37780361095754667, -0.06615974330753982, -0.5781144109216008, -0.47774267646670543, -0.692947004826639, 0.08217926225111144]], "inverted": false, "swapped": true, "error_lsq": 0.054835730844494605, "error_max": 0.32299179796670596, "target": "990.xyz", "model": "21.xyz", "model_rescale": 4.08911054899281, "target_rescale": 4.2529277711859725},
{"mapping": [4, 7, 9, 12, 3, 2, 15, 6, 0, 10, 1, 8, 5, 16], "R": [[0.06717097371828626, -0.986125913104774, -0.15180165938820522], [0.4067234843794766, 0.16599315435471865, -0.898344187915516], [0.9110785188686839, -0.0013986460045090077, 0.412230489223443]], "T": [0.041020852288592466, 0.04033856403234616, -0.014678347522933621], "aligned_model": [[-0.6404683209460273, -0.09098054950725316, 0.6694596073638269, 0.20477301418323363, -0.40531726675796576, -0.4397641914742243, 0.14003382858500485, 0.022921401510612338, -0.5689621133917839, 0.5403745209191086, -0.24223330741356613, 0.24309903921882242, 0.7086864632958402, -0.0001844072976916883], [0.0781418460174115, -0.6535569287301657, 0.019507305809224593, -0.3019726954992204, 0.20956574093293084, 0.578047570021319, 0.7564304877991932, -0.49483301146779846, -0.2831331160868441, -0.590579573145248, 0.4745798005426412, 0.058854682990268706, -0.07915630568959395, 0.017026710995319137], [-0.15763150244758337, -0.09762931531256236, -0.34960879009698415, -0.6479063768353043, -0.740228669264104, -0.04580062162990728, -0.1091018887348329, 0.5038078366802686, 0.33655697518808747, -0.07569987667892572, 0.5863208295076785, 0.6483326461761152, 0.17941611900463827, -0.019611350950560304]], "inverted": true, "swapped": false, "error_lsq": 0.04014290784642611, "error_max": 0.24065336426634046, "target": "990.xyz", "model": "22.xyz", "model_rescale": 4.204369325754507, "target_rescale": 4.2529277711859725},
{"mapping": [9, 5, 0, 8, 7, 13, 12, 2, 11, 6, 14, 10, 1, 15], "R": [[0.3064578626320805, 0.891667866350805, 0.3331846253181261], [0.5483598527830997, 0.12073413169964906, -0.8274809612906082], [-0.7780649396333665, 0.4362931188548991, -0.4519549359761335]], "T": [0.06501472556368236, 0.14909803647149, -0.03189837163508933], "aligned_model": [[-0.595870613854563, -0.16660229317238612, 0.574845495071488, 0.13565581218097916, -0.2858233507889333, -0.4870794142966679, 0.2926053242588812, 0.2431168874248711, -0.5393141741885904, 0.45345651659712466, -0.20334704185560598, -0.042508176532707206, 0.6953970567116877, 0.0669056907323588], [-0.14354452326146971, -0.6486687981147765, 0.027062308637277876, -0.38363883390012543, 0.1672326028610291, 0.5310630384052264, 0.6413654677869995, -0.5616814434476948, -0.022176596396168535, -0.4796025114647854, 0.569407169998384, -0.056586832662760184, 0.027048483532395903, 0.12164298251590565], [-0.2899695775676903, -0.06631169790401817, -0.47670633643675986, -0.5643205907095202, -0.6419879803192583, -0.006905504620926768, 0.04565391821494596, 0.4354317406829921, 0.3211806322154263, -0.14204396435480968, 0.5606057685509966, 0.7191253277782667, 0.12055308681386237, -0.0030888077374833026]], "inverted": true, "swapped": false, "error_lsq": 0.04435634728970522, "error_max": 0.241068267196984, "target": "990.xyz", "model": "23.xyz", "model_rescale": 4.410303926677745, "target_rescale": 4.2529277711859725},
{"mapping": [13, 7, 2, 0, 12, 6, 5, 11, 14, 1, 15, 9, 4, 16], "R": [[0.059518067790455265, 0.9466630440880186, 0.31668072338634223], [0.8196280762258528, 0.1347399343165389, -0.5568257957051583], [-0.5697959426573681, 0.2927016075432129, -0.7678921491152391]], "T": [0.05913488683908421, -0.061615578605645316, 0.11005189257645166], "aligned_model": [[-0.6075635718644379, -0.17603319274597506, 0.6901985313200869, 0.26056134135400233, -0.22062882114365603, -0.5096669730525443, 0.13584335382706292, -0.10803078941064101, -0.49229830134563113, 0.41578613032793416, -0.13666010559052016, 0.07572418886996374, 0.6561409046147038, 0.15806502312758844], [-0.10645347986643813, -0.5664861190917714, 0.20735732929272582, -0.15504298180323106, 0.18094473687396723, 0.4207969934316598, 0.5030072885488608, -0.5510953898873278, -0.004894389613194466, -0.8209292756734208, 0.5058608108271139, 0.002343408518471257, 0.2799882792266287, -0.10647469629460653], [-0.10832702490875866, -0.25289797775803424, -0.49186687487429726, -0.6118099465863296, -0.6034413420332932, -0.03705570166658377, -0.15625406380926582, 0.4749993376180403, 0.4984513463638618, -0.07044173482756765, 0.4959910836553052, 0.7329917184445441, 0.08221321363950276, 0.05866398134889966]], "inverted": true, "swapped": false, "error_lsq": 0.04143321521551328, "error_max": 0.2288462386243186, "target": "990.xyz", "model": "24.xyz", "model_rescale": 4.28219845311461, "target_rescale": 4.2529277711859725},
{"mapping": [8, 11, 7, 9, 3, 1, 4, 14, 6, 12, 0, 2, 13, 15], "R": [[0.9721803520281246, 0.11552071520140067, 0.20376537362817226], [0.2179596590782844, -0.12755796529910157, -0.9675859406291677], [-0.08578432342188058, 0.985080671746284, -0.14918820331024873]], "T": [0.0003202394560627448, -0.06183205366342513, -0.05097303142291675], "aligned_model": [[-0.6852700485595702, -0.07995237575830243, 0.6131896088346974, 0.2073738423495665, -0.07351730326416468, -0.47171136069098324, 0.2056103158837212, 0.054281731495787355, -0.5593760433751708, 0.43255382178554247, -0.2749156754515025, 0.21556275867026395, 0.5769156390055286, -0.019307192637476808], [-0.16534238843674368, -0.5878054930208116, 0.22986930394648308, -0.25295688109028946, 0.4610805145426218, 0.3131266915202031, 0.6384469968447346, -0.583734018614616, -0.05172550063504945, -0.691976451625754, 0.5292648603258205, 0.07454113598317381, -0.1181691783138319, -0.005697076936503009], [-0.016366319608862596, -0.16666797334261596, -0.43156133891041165, -0.665361987824918, -0.6176791352871854, -0.26654090175523076, -0.0049968531843081546, 0.5011602144983568, 0.6553095349284027, -0.07360195663696581, 0.4393368720597602, 0.5845212922778196, 0.08048163962958255, -0.006817072237399878]], "inverted": false, "swapped": false, "error_lsq": 0.04379670631717564, "error_max": 0.27823195275453344, "target": "990.xyz", "model": "25.xyz", "model_rescale": 4.100010024507729, "target_rescale": 4.2529277711859725},
{"mapping": [0, 1, 7, 9, 10, 11, 8, 12, 3, 6, 4, 13], "R": [[0.8927479534486454, -0.4097558988510715, 0.18735312906382434], [0.2656714031263288, 0.8145859958937279, 0.5156242438585596], [-0.3638953107339296, -0.41054811977474004, 0.8360804053291064]], "T": [-0.04218234749408746, 0.09039159781068212, -0.09903171107519587], "aligned_model": [[-0.6149120834799703, -0.03948852362435671, 0.30705482471714857, 0.6576280319078902, -0.4265769766965327, 0.21730314370689136, -0.28405658267832584, 0.5097251739710305, 0.20241727438453233, -0.12194094316920223, -0.5263272280742194, -0.004060508601879079], [-0.3031076397796032, -0.5814478289995595, -0.12185900935556848, -0.36892924403325483, 0.7401632708006576, 0.5070060214747134, 0.09636974072961582, 0.3560681798134963, -0.4261694082620254, 0.6379534741121105, -0.030906294242079857, 0.16099012779213695], [0.07934236486738377, 0.1039436299813338, 0.5618273476951048, -0.06248798405397278, 0.23121643066280384, 0.3735897991946116, 0.4624793373621621, -0.2574957092517164, -0.6229724987682606, -0.579347937025233, -0.6230327276171488, -0.1018697631927126]], "inverted": false, "swapped": true, "error_lsq": 0.04318435025944717, "error_max": 0.23321798195344556, "target": "990.xyz", "model": "26.xyz", "model_rescale": 3.6694154284099745, "target_rescale": 4.2529277711859725},
{"mapping": [3, 7, 0, 1, 6, 12, 2, 8, 9, 5, 11, 10, 0, 13], "R": [[-0.9603913427434906, -0.03356933335184707, -0.27662532176514076], [-0.14663556781573395, -0.7832681238176092, 0.604143241675846], [-0.23695248265150626, 0.6207770502117124, 0.7473214669041247]], "T": [0.03033959339102573, -0.06816378853301512, 0.09910685836684613], "aligned_model": [[-0.6724256529254516, -0.24307784723846262, 0.6197545463934384, 0.22882625852654098, -0.11495863515765792, -0.5286410141029751, 0.2705696822469661, 0.15029180535915104, -0.5405880405241502, 0.4731441699473795, -0.279399469826665, 0.10568506814394377, 0.6197545463934384, 0.052502301052441545], [-0.2301619270041736, -0.6032688498640255, 0.03136630247715887, -0.22368684329704835, 0.2600701450643159, 0.47373238739176177, 0.5633397644370683, -0.4924130783128405, -0.1427110168974121, -0.6298596195885916, 0.6521207786027139, 0.11485605527243391, 0.03136630247715887, -0.0158278862690822], [-0.26518537602082587, -0.08806686098498867, -0.18305819491546882, -0.747097772260991, -0.4859925702948376, -0.054587735946650395, 0.024124105698576925, 0.5616878776438122, 0.46427515250744905, -0.23912442356414781, 0.4475710951377302, 0.6671891729131829, -0.18305819491546882, 0.09253973960865158]], "inverted": false, "swapped": false, "error_lsq": 0.04381139828351131, "error_max": 0.2919477827590075, "target": "990.xyz", "model": "27.xyz", "model_rescale": 4.103607728864725, "target_rescale": 4.2529277711859725},
