[{"mapping": [1, 11, 10, 3, 0, 2, 13, 8, 6, 5, 4, 14], "R": [[0.5933947429348634, -0.267939456959567, -0.7590066708939256], [0.5964625748590395, -0.48680347475712654, 0.6381651618169958], [-0.5404767116627618, -0.8314029254029601, -0.1290507643588672]], "T": [-0.0318606820822854, -0.08347197001808462, -0.0559402201125896], "aligned_model": [[-0.2570706080224544, 0.2948674552807854, 0.25653594145464587, -0.13939753647630662, -0.04651778890839328, -0.6899665077383942, 0.4985893715621095, -0.15836830032406587, 0.6192245695761797, 0.07237712039288174, -0.6419642144159772, 0.02933296007953825], [-0.11566592408256111, -0.6665804151692132, -0.38305029326782924, 0.5742108765877116, 0.16760950242030234, -0.40419677610083193, -0.2992197604529083, -0.7409273513584889, 0.2824362100313643, 0.4146861683191271, 0.26063100319350596, -0.03637820414312086], [-0.40485746749667995, -0.026909261035017618, -0.659556277742174, -0.13309992012517505, -0.7632093546513958, 0.08154630392456656, 0.6150185554670207, 0.40641552191379915, 0.2073596488040934, 0.41363106371914526, 0.37630506806650155, 0.0693078645088784]], "inverted": true, "swapped": true, "error_lsq": 0.056973725007277626, "error_max": 0.3497320497572875, "target": "991.xyz", "model": "0.xyz", "model_rescale": 3.751011558992144, "target_rescale": 4.191273524073827},
{"mapping": [13, 9, 10, 12, 11, 7, 0, 3, 4, 6, 2, 8, 5, 1, 14], "R": [[0.12413035442331312, 0.7492603479253216, -0.6505386891934782], [-0.7823965752094512, 0.4771330930465826, 0.40024943550281633], [0.6102845682231074, 0.4592961381795273, 0.6454454301039773]], "T": [0.06891380787804267, 0.031108646546014713, 0.07240332700591172], "aligned_model": [[-0.4214154222446801, 0.14668075982654005, 0.7978652997500159, -0.3350158371218539, 0.32478396542739396, -0.14252414115659318, -0.43091454151531833, -0.6872901645441174, 0.7542286004056931, 0.43399241299502694, -0.49561870575030387, 0.22304826643875303, 0.05598230899809624, 0.17740756785549988, 0.056619843571911674], [-0.4368549220930524, -0.3989502235617783, -0.2256184584279303, 0.22824881574000197, 0.27873727358853445, 0.6460971096661463, 0.39941951635318873, 0.12222335129994154, 0.0653969828880671, 0.6540506106824906, -0.39622385022365053, -0.25851446743507117, -0.5922138750877753, 0.5725340385657064, 0.028417646474154387], [-0.18853640322776866, -0.42074096299503966, -0.20177665803709338, -0.5191638286557552, -0.6416985666138875, -0.05705789396164153, 0.5083198818923675, 0.015310839029604714, 0.46577581593146666, -0.13347689708996274, 0.4995193302757181, 0.6492735660302251, 0.10965728460012679, 0.49757764226744466, 0.019060760479540736]], "inverted": true, "swapped": false, "error_lsq": 0.0489383550503899, "error_max": 0.29941497325403826, "target": "991.xyz", "model": "1.xyz", "model_rescale": 3.9405287249114394, "target_rescale": 4.191273524073827},
{"mapping": [0, 3, 7, 9, 5, 10, 1, 4, 13, 11, 8, 12, 14], "R": [[-0.39227633602015066, -0.6975354547284814, 0.5996361943673317], [0.5130602532539986, 0.37514577992276155, 0.7720329140244514], [-0.7634713175552496, 0.6104997405428388, 0.21071690503511498]], "T": [-0.03766700793042743, 0.013123298381820338, 0.018329137298556217], "aligned_model": [[-0.4131231115640689, 0.2821884594668126, -0.3775422159195661, 0.5331321344520553, 0.4888752850049142, -0.7597481532442956, -0.18987869127676238, 0.7448745548457372, 0.07067967078966059, -0.4653185621041931, 0.03509400189499157, -0.49741633431118365, 0.04416624124982951], [0.6605954191620507, 0.5125445890950431, 0.24477178746510933, -0.47595569052819287, -0.04324630711291529, 0.13416325795661013, 0.31967318509772036, 0.16046609072375614, -0.7846260778543241, -0.4909430372294805, -0.6620748049788072, -0.04901982721878855, -0.06751599100576403], [-0.03910719536821077, -0.2952555808190973, -0.5906450989617881, 0.14452774044401212, -0.4278770058489725, 0.053261601071646486, 0.25572748891397185, 0.22662692788897293, -0.3421801925963971, 0.1214834326644315, 0.4664786043057521, 0.6136754146497415, -0.07359578675541856]], "inverted": true, "swapped": true, "error_lsq": 0.04781379805162014, "error_max": 0.3090535542405844, "target": "991.xyz", "model": "2.xyz", "model_rescale": 3.932901565614263, "target_rescale": 4.191273524073827},
{"mapping": [7, 3, 0, 6, 10, 12, 1, 11, 13, 8, 4, 9, 2, 14], "R": [[0.20088731957411887, 0.21139393591854813, -0.9565337885779002], [-0.14484582186326841, 0.972116143717451, 0.1844177079693453], [0.9688467230285092, 0.10150274371058737, 0.22590533481116082]], "T": [0.07482494377039049, -0.10171645340966566, -0.03646269771958878], "aligned_model": [[-0.20574796089652042, 0.5375550962232555, 0.12161269785903438, -0.17907555425790883, -0.42751628358173965, -0.1929816153116356, 0.17717727590323284, -0.5242376037491241, -0.3635778298525327, -0.1412343110925614, 0.8297124609306188, 0.2878932390967828, 0.42555994134020714, 0.07467035944159496], [0.07689053251891427, 0.07847398986602079, -0.5309762648266309, 0.575132896075687, -0.5488023574406719, -0.7519060339223701, -0.4884753806298418, -0.17861289085744653, 0.5666684619276665, -0.10530881111746718, 0.07940248247048416, 0.3076724026232373, -0.4599262240546435, 0.04326383571755053], [-0.6917520915551532, -0.4875466491538606, -0.6504930598542512, -0.359784700262017, -0.32807822367121936, 0.23776632595997238, -0.15239690002779227, 0.25132287037502743, 0.33659850375461353, 0.7479670833734053, 0.23705134761161295, 0.5701167874729617, 0.5144828032016161, -0.011357734167818156]], "inverted": false, "swapped": true, "error_lsq": 0.05119767775418873, "error_max": 0.4273296109030297, "target": "991.xyz", "model": "3.xyz", "model_rescale": 3.9243930471874484, "target_rescale": 4.191273524073827},
{"mapping": [7, 11, 0, 3, 1, 6, 5, 10, 2, 8, 4, 9, 14], "R": [[0.24879683331973837, 0.6350340396409309, 0.7313220249844733], [-0.8141465607242961, 0.5461295923442794, -0.19725071869747698], [-0.524657520093699, -0.5463279572410619, 0.6528860924739766]], "T": [0.04506716261528456, -0.0305343600701323, -0.13513405310170296], "aligned_model": [[0.08102714977646266, -0.34403125750688335, 0.665627680115213, 0.3668037394090637, 0.42936293768133094, -0.4183101419425721, -0.21809973575978545, 0.24365643531207326, 0.22300261998725013, -0.4329394982325957, 0.17561304401263225, -0.4238485006051085, -0.07065858593572863], [-0.6102370194704718, 0.32464451832263963, -0.2518711544691412, -0.5568423334110512, 0.10176200012404427, -0.6608946827757997, -0.5122293961922312, 0.08704914674281018, 0.5681330715672617, 0.6122534690809818, -0.034808930487420855, 0.16064736736472707, -0.09977650271476193], [-0.5853312387177865, -0.5475172667978442, -0.4948576036499036, 0.128589312244054, -0.2263132025171908, -0.25783270551855497, 0.2870475625932577, -0.8308412824390468, 0.2708296184228061, 0.007547504892646051, 0.6775212652160123, 0.434518168569805, -0.07628981692729035]], "inverted": true, "swapped": true, "error_lsq": 0.05047107340315225, "error_max": 0.3298478599206113, "target": "991.xyz", "model": "4.xyz", "model_rescale": 3.8936222436046832, "target_rescale": 4.191273524073827},
{"mapping": [8, 11, 13, 9, 6, 7, 0, 3, 4, 2, 5, 14], "R": [[-0.6901909473382668, -0.15779142166000742, 0.7062140776441799], [0.4687881756060011, -0.8409515289762894, 0.27025575354548576], [0.5512477688157142, 0.5175928836092658, 0.6543878851359812]], "T": [-0.12446846409935444, -0.1618684761500509, 0.1046107488497155], "aligned_model": [[0.10464940393724012, -0.4751457830612227, -0.35144974911902005, 0.34321976927113973, -0.5614479478050224, -0.7201180887157043, -0.37430887218630626, 0.016969898576301046, 0.6450447253978292, 0.48964391356449777, 0.03304303338242484, -0.12255226102705973], [-0.5759940437559523, -0.5547764964415525, 0.08625904902606596, -0.007660132519119206, 0.4558104635935318, 0.17307716824241576, -0.24057869585869196, 0.3409063195501358, 0.1301431069589531, -0.5780258326315038, 0.4913350112697645, -0.051573012324239595], [-0.5572273015167566, -0.308012852865699, -0.7108782299335277, -0.4771310400008653, -0.12916110647803933, 0.37486755251248643, 0.808081314725769, 0.525653757877014, 0.1115282637340475, 0.03716250545106797, -0.06283946177861055, 0.007241317548631526]], "inverted": true, "swapped": true, "error_lsq": 0.03759443942697211, "error_max": 0.20811889835010208, "target": "991.xyz", "model": "5.xyz", "model_rescale": 3.6523030999806103, "target_rescale": 4.191273524073827},
{"mapping": [7, 6, 13, 10, 11, 3, 9, 1, 4, 2, 8, 12, 14], "R": [[-0.21093492734312103, -0.6905384873484686, 0.691854792508689], [0.666865417100613, 0.4158363391736025, 0.6183612653602442], [-0.7147006169732736, 0.5918080233599283, 0.3727818283994495]], "T": [0.05622905046068904, -0.15650725091413262, 0.03572627420620748], "aligned_model": [[0.28053265611249295, -0.03703640740007517, 0.0418727092474867, 0.7471610596441076, 0.5709649569419961, -0.3763150237532663, -0.4066554314739565, 0.1813765741158552, -0.710783447843149, -0.1232307616583182, 0.1490620018449443, 0.5851352189393864, -0.021001200053209358], [-0.5200608874409255, -0.04495219220048316, 0.5962713232387192, -0.4008195270931594, 0.27077174595286413, -0.6250478384147075, 0.43961488565454043, -0.45342096214661387, -0.13268166702485631, 0.018981980663330233, 0.5713363150917593, -0.10463887578856414, -0.07452739632872037], [0.6336748052595458, 0.8141764302028682, 0.4953221410060615, 0.049747673954443995, 0.04516748977794963, 0.24414859260206642, -0.07063330670015994, -0.22824257309874793, -0.261920050296834, -0.6656066914568264, -0.31591327799540775, -0.5002180678013405, 0.13040657402817038]], "inverted": false, "swapped": true, "error_lsq": 0.04939036887493042, "error_max": 0.3448267471720899, "target": "991.xyz", "model": "6.xyz", "model_rescale": 4.08911054899281, "target_rescale": 4.191273524073827},
{"mapping": [7, 6, 0, 4, 3, 8, 10, 5, 1, 9, 7, 13, 2, 11, 14], "R": [[-0.15354576287508792, 0.9867749354496287, -0.05195118354271583], [0.8191245296080085, 0.0977006169758981, -0.5652341058685224], [-0.5526831856475882, -0.1293437907706069, -0.8232930705960809]], "T": [-0.01818892938591021, 0.1111108805199805, 0.11146839905765801], "aligned_model": [[-0.3769092620931655, 0.052140040787600955, 0.6905288809818092, -0.3914064943591157, 0.267251817889367, -0.03438893681489652, -0.43556132919627205, -0.7703802321247359, 0.6620055138432144, 0.5974620205979728, -0.3769092620931655, 0.027080458065173677, 0.3370718092836734, 0.09569414572083862, 0.11415104244776483], [-0.5747237513748893, -0.22681981692592937, -0.2177110768775178, 0.2645394920906167, 0.19860513000961824, 0.7185221365160481, 0.664588789057762, 0.0483324367602537, -0.014245109885258206, 0.585538859951614, -0.5747237513748893, -0.24150398535057652, -0.6113134922594263, 0.460982108544431, 0.2066815795471164], [0.1269456447259157, -0.24908623776113228, -0.4122217466437408, -0.4664743317117781, -0.62155259134231, -0.19827036043744353, 0.3082865464403778, 0.00769778343597359, 0.35553284531138474, 0.009246542176898243, 0.1269456447259157, 0.7513964897666972, 0.15655028528125295, 0.5687996050364873, 0.13824779092084688]], "inverted": true, "swapped": false, "error_lsq": 0.04631598030768437, "error_max": 0.42922200848620395, "target": "991.xyz", "model": "7.xyz", "model_rescale": 3.964800864290218, "target_rescale": 4.191273524073827},
{"mapping": [3, 0, 7, 4, 6, 2, 5, 10, 12, 11, 8, 13, 11, 14], "R": [[0.6059947890406643, 0.5497695948779286, -0.5749119134296305], [0.2805158116763023, -0.8239972588290934, -0.4922797952808195], [-0.7443663043523303, 0.13704710865209274, -0.6535571091763561]], "T": [-0.020601189541410384, -0.08346682341696932, -0.0016668216401328345], "aligned_model": [[-0.21513017295841724, 0.40378322491852675, 0.4758070993078755, -0.8173809164221348, 0.11475744443113753, -0.45757572136095515, -0.42260660258061955, 0.6770889235928241, 0.2711867700082282, 0.32993408483349224, -0.25159592206807785, -0.09426896502955184, 0.32993408483349224, -0.08274544204494688], [-0.044113648804590566, -0.4530056101652474, 0.23253984013730783, -0.20213644122992075, 0.662164884111432, -0.5836851630265047, 0.40285011464625586, -0.30056281500926274, -0.6162764763230463, 0.03418945350470673, -0.07088389996547687, 0.6658372666669712, 0.03418945350470673, 0.04984150813387142], [-0.6425055871164186, -0.49848199764195283, -0.4418308811453568, -0.1705713927213684, -0.23153421615961567, 0.33553503860164147, -0.2869942204223322, 0.05638458425335478, 0.4462640452967762, 0.5559096780943104, 0.7784022084423236, 0.4579270060536763, 0.5559096780943104, 0.002401095095672833]], "inverted": true, "swapped": true, "error_lsq": 0.05063559181305811, "error_max": 0.40211950327808, "target": "991.xyz", "model": "8.xyz", "model_rescale": 4.121658175737393, "target_rescale": 4.191273524073827},
{"mapping": [8, 9, 4, 2, 13, 11, 5, 7, 3, 6, 12, 1, 14], "R": [[-0.4289272634235248, -0.031306665735736317, -0.9027963753651855], [0.38358021171253986, -0.9111376303434052, -0.15064673828120995], [-0.8178555030533017, -0.4109113179905308, 0.40282038785631935]], "T": [0.04377487055844493, 0.07272641350309786, 0.07532734700067639], "aligned_model": [[-0.610728929265222, -0.22489301217880542, 0.4308919068300455, 0.019329196661199928, -0.6165307495698049, -0.5868007550597416, 0.22907763828001185, 0.2114831783947203, 0.657029801526943, -0.04183253572051945, -0.2457584710144609, 0.2469900034683513, 0.008480224082479573], [0.26231596250187306, -0.16923714039996293, -0.014199488078802475, 0.5649154560804307, -0.49605930253506425, 0.20068452024298503, -0.5428940453353579, -0.26898778264840295, -0.19924991512648746, -0.6696894952532957, 0.7623808777762504, 0.42202873292307075, -0.06162094073552654], [-0.3693131449006564, -0.5956474760305359, -0.6458199703725467, -0.4832624655502346, -0.061015398586106884, 0.2586593802955924, -0.18196349191530287, 0.7039219155107195, 0.07876062335000741, 0.3372769844148475, 0.17639942597714026, 0.1762763754586505, 0.026802676307514317]], "inverted": false, "swapped": true, "error_lsq": 0.044417124144675406, "error_max": 0.23937249870769106, "target": "991.xyz", "model": "9.xyz", "model_rescale": 3.833441315466971, "target_rescale": 4.191273524073827},
{"mapping": [13, 5, 4, 2, 3, 9, 8, 10, 6, 7, 0, 12, 1, 11, 14], "R": [[-0.22306847919302272, 0.38034268351247214, -0.8975410278583613], [0.22533172623923206, 0.9159231915903809, 0.3321299749449582], [0.9484018487648367, -0.12815674077247063, -0.2900168668440131]], "T": [0.0709203131355411, 0.025007859631127158, 0.1161623522211837], "aligned_model": [[-0.5324019655718881, 0.02272311271749028, 0.6926467682492966, -0.208317146376148, 0.4372189525038992, -0.15553369959679852, -0.4897811374822613, -0.5879179988606595, 0.6932954741143622, 0.3400876854156387, -0.32713425668570184, 0.24679631716244926, 0.2114070022769462, 0.040245068624949705, 0.07449603644448961], [-0.31132974077176573, -0.45864736743880813, -0.17485572358444845, 0.11712731529768296, 0.43686291904555447, 0.6532429861927107, 0.5659442737368121, 0.11240928441000857, -0.21128880663027044, 0.6343768510450689, -0.5097215374235203, -0.1144695593748503, -0.6656983970428398, 0.5207332583115185, 0.09206379265612027], [-0.28204084714460986, -0.35414590059477785, -0.34146560060310893, -0.5397268930182775, -0.5550474261486344, -0.3442172003268062, 0.13984866781300345, 0.5999466152067512, 0.2504851446104571, 0.12766603792615888, 0.2555897278461478, 0.6752989527990128, 0.33706343886257495, 0.5837652173973429, 0.049023975300111156]], "inverted": false, "swapped": false, "error_lsq": 0.05341652829655059, "error_max": 0.46943944752861944, "target": "991.xyz", "model": "10.xyz", "model_rescale": 4.2482417240324, "target_rescale": 4.191273524073827},
{"mapping": [4, 3, 7, 10, 9, 13, 5, 11, 1, 8, 2, 14], "R": [[-0.5346840809135788, -0.46313783228554883, 0.7068353994555203], [0.570060770396784, 0.4197769395966193, 0.7062705140649168], [-0.6238137956732179, 0.780570733046493, 0.039568662335663224]], "T": [0.06659031051505832, -0.0639850497306177, -0.05937164572775988], "aligned_model": [[-0.7535673834445245, -0.20210452438748144, 0.5362237369489293, 0.7359610854933036, -0.4663420219416821, 0.13975445683540133, -0.30917471934626767, 0.49660578296270963, 0.1171287389192473, -0.06007370749939939, -0.37904918188026054, 0.021403339703030905], [-0.13162958893192833, -0.5407427669838547, -0.3444558967484881, -0.2504932381952646, 0.4795985593139015, 0.7291554634617475, 0.02760065452347707, 0.401038624320331, -0.3760606850655993, 0.6282469583220057, 0.022769905964735326, 0.021103400069576117], [-0.04405045624155167, 0.3286614531371128, 0.4313485889051326, -0.2926731470036237, -0.021477124038776614, 0.31968663612650455, 0.5150297313296343, -0.274892427008945, -0.33057981674602926, -0.46777789161450345, -0.6499215960038429, 0.05183833901324489]], "inverted": false, "swapped": true, "error_lsq": 0.05193924587436503, "error_max": 0.28764021670808126, "target": "991.xyz", "model": "11.xyz", "model_rescale": 3.6694154284099745, "target_rescale": 4.191273524073827},
{"mapping": [9, 8, 12, 11, 13, 4, 5, 3, 10, 0, 1, 7, 2, 14], "R": [[0.518623896956715, -0.25627494450195204, -0.8156913670782303], [-0.11573738913518941, 0.9241986944901981, -0.3639527852054214], [0.8471328763904756, 0.2831606009372336, 0.44965093552139346]], "T": [0.05679877685180956, 0.04422456786059831, 0.04210158499892599], "aligned_model": [[-0.10300642278001182, 0.00527702683080189, -0.10961185874751658, 0.43358051752266524, 0.6290452802775212, -0.563887570621176, 0.13536202204229925, -0.11004874852436569, 0.3468499563932379, -0.006395816570912316, -0.1778903298746139, 0.5659901226451381, -0.5654100175123454, 0.11841068917508776], [-0.3528298730764011, 0.2385447273941627, 0.762531612278057, 0.4500369671551982, -0.25702612556044185, -0.47461037741155426, -0.6435487724963875, -0.3946797180984878, 0.6554110597289233, 0.3221910284598132, 0.30731909641800875, -0.0271624290390092, 0.2209348984028096, -0.07612480601843662], [-0.588569545525156, -0.7463207466134276, -0.11917733929860949, -0.3333466106447239, -0.5578084132895917, -0.1096479557490341, 0.02421612567675587, 0.5212565204019622, 0.3242248110212241, 0.7365275748622767, 0.2639156944903647, 0.5671290794903431, -0.3273573417936354, -0.015946393376333357]], "inverted": true, "swapped": true, "error_lsq": 0.048784324804054945, "error_max": 0.3185151208081752, "target": "991.xyz", "model": "12.xyz", "model_rescale": 3.9764082729961374, "target_rescale": 4.191273524073827},
{"mapping": [5, 4, 3, 6, 14, 13, 12, 9, 8, 11, 0, 2, 7, 10, 15], "R": [[0.7936583862720947, -0.4060233590159836, -0.4530467943086596], [-0.22241709502359847, 0.4994898771521921, -0.8372816124003633], [0.566248180342541, 0.7652809252528554, 0.30611779383579685]], "T": [-0.04195508550802392, 0.07617016804302773, 0.06116725559534114], "aligned_model": [[-0.7884116341795099, -0.15167977383285958, 0.757163981411882, -0.2157873065331043, 0.37897211614142956, -0.11732053553738979, -0.41084096973158396, -0.543791745880994, 0.5613074498915881, 0.5665155199261303, -0.2755232887969913, 0.18611991715954324, 0.2794653077989006, 0.21833989452736985, 0.01330128057165262], [-0.2088309072882673, -0.5139159279288983, -0.08738482430600628, 0.15095024437049667, 0.37129986657891395, 0.6069026700421174, 0.5462313736575121, -0.08095437335038044, 0.13144591173223075, 0.5826402329625331, -0.5660025525257766, -0.31942039222555446, -0.6053591677778463, 0.6634842187514709, 0.01566317573642851], [-0.1926060957246461, -0.3333230660753646, -0.14644278432657093, -0.6790010393330335, -0.550818685034627, -0.23399982666580238, 0.28517440357309665, 0.35266506230276357, 0.42540857970805984, -0.00044682081935870643, 0.3064589694217265, 0.7151928022605294, 0.11809171523239675, 0.5443397177318747, -0.00864902232569835]], "inverted": true, "swapped": false, "error_lsq": 0.048003642437358024, "error_max": 0.37847041731167547, "target": "991.xyz", "model": "13.xyz", "model_rescale": 4.170626492500431, "target_rescale": 4.191273524073827},
{"mapping": [11, 8, 13, 9, 7, 3, 5, 12, 10, 2, 1, 4, 0, 14], "R": [[-0.3246820434334975, -0.86182791307129, 0.38965910604403164], [-0.9179791120334622, 0.18791129351988467, -0.34929027418171893], [0.22780676140559356, -0.4711072001348198, -0.8521514451311024]], "T": [0.008677781650354816, 0.09188858058290814, 0.07932236385575013], "aligned_model": [[0.3450868534049234, -0.10108025365054868, -0.31711023736829247, -0.6082430071874657, 0.2600412745513787, -0.26616732983788566, -0.5961295508675623, 0.5560664913508107, 0.7331819671703109, -0.12431162555879599, 0.2596554511176719, -0.6755484132318007, 0.481078675010997, -0.10333727281209797], [-0.314074551658571, -0.6945318271177883, -0.17735619529134886, -0.34067824348164055, 0.7056220844319765, 0.65298233196949, 0.374874304299049, -0.3824833780965996, 0.16122252519741737, -0.4546301868370147, 0.1241603814319962, 0.02075767856754998, 0.5757580313548911, 0.10445151315625865], [-0.33254218042815525, -0.09821834739153874, -0.6949382281573439, -0.035702367363731946, -0.23717942226692446, 0.3236551040369341, -0.10412084686965696, 0.29146676381465597, -0.007617952138441866, 0.5676882898980067, 0.41018177091724434, 0.5312560697327275, 0.4051967504148954, -0.01525230307780466]], "inverted": false, "swapped": true, "error_lsq": 0.04503409303979914, "error_max": 0.258875693660734, "target": "991.xyz", "model": "14.xyz", "model_rescale": 3.9786697098870705, "target_rescale": 4.191273524073827},
{"mapping": [7, 6, 10, 0, 11, 12, 5, 9, 1, 3, 13, 14], "R": [[-0.10608067196622276, 0.930162466047491, 0.3514892285570712], [-0.7452647708374687, 0.1596363755245274, -0.6473767442208341], [-0.6582760153490098, -0.33062669941467593, 0.6762829831146039]], "T": [0.12432331821228823, 0.028545914580995105, 0.09249341954479373], "aligned_model": [[-0.05008849593029405, -0.5598564108958377, 0.5043347645754294, 0.598041196850309, 0.08319270695029188, 0.7018085746384245, -0.43888962357055694, -0.2874955614153667, 0.5297571849094834, 0.05343636764028434, -0.6306807064951381, -0.020205400489692438], [-0.41428958868365584, -0.2164672918696512, 0.09714317683967803, -0.4565055484202186, 0.5863085637896873, 0.4904545978322975, -0.27070254377022485, 0.37932726689141355, -0.0661562518810243, -0.6145977268143237, 0.47098475923264715, 0.02917507707781419], [-0.46741999881998975, -0.22214009594285045, -0.5305297305070479, -0.22969102289879761, -0.27468314711106984, -0.05856798542144606, 0.3622447554795093, 0.62942326508067, 0.08008026745785421, 0.2697102862642691, -0.018532876597331827, 0.12007277689006135]], "inverted": true, "swapped": true, "error_lsq": 0.052323831610451954, "error_max": 0.28952896010096546, "target": "991.xyz", "model": "15.xyz", "model_rescale": 3.769337070930944, "target_rescale": 4.191273524073827},
{"mapping": [13, 11, 5, 6, 9, 8, 4, 12, 3, 7, 14], "R": [[-0.7059773152360769, 0.25435103165510153, 0.6609853122937351], [0.3225112812712079, -0.7154493404279375, 0.6197731155302182], [0.6305414370403145, 0.6507209801268243, 0.423059927430997]], "T": [0.0631890233701306, -0.01958526028765483, 0.1910665927936307], "aligned_model": [[-0.3778513519238657, -0.18563206768755008, -0.06137867447877368, -0.6032951312457255, 0.3323280389219669, 0.30840746143039804, 0.6607354773454566, 0.31633462462054956, 0.08202071276986611, -0.556549464963715, 0.007506505902563604], [-0.039405077339161314, -0.5841218353559242, 0.5975751573935206, 0.35576384280855683, 0.1517999381133483, -0.4665760134845817, 0.5030324142172424, -0.7139349751171253, 0.5792320868256703, 0.15088984055905935, 0.06180911900473724], [-0.5726091297671402, -0.06776936141545087, -0.09723905813269662, -0.013968878714755661, -0.5011236338424583, -0.4430404741147612, -0.026368839297684354, 0.34424681085942266, 0.49294019771630004, 0.5472803572639036, 0.08186961666909717]], "inverted": true, "swapped": true, "error_lsq": 0.04427684768226796, "error_max": 0.22397530640758945, "target": "991.xyz", "model": "16.xyz", "model_rescale": 3.7852294659196426, "target_rescale": 4.191273524073827},
{"mapping": [5, 2, 8, 9, 3, 1, 10, 12, 13, 6, 7, 11, 14], "R": [[0.1572010601991624, 0.46933060650618463, 0.8689169168964297], [-0.8730361431187244, -0.3452314138235674, 0.34441713621387016], [0.4616229191457484, -0.8127386127814515, 0.35547183828461043]], "T": [-0.14671936089446092, 0.08852876680825728, -0.00481549774891086], "aligned_model": [[-0.007938361303691494, -0.38672992054034316, 0.31328455091076224, 0.18746660445140506, -0.5425477883614588, -0.4939651123694695, -0.17589321157899823, -0.23652953962407314, 0.7049700491207935, 0.3048470038619954, -0.10382521990527097, 0.34121307563076403, -0.05058628007613207], [-0.10914667007523038, -0.5044120275864705, -0.41606276095979666, -0.5813328081309274, 0.15717179538798404, 0.17881730904973195, 0.6780850661140326, 0.11773221533504406, -0.055093129027273535, 0.3963147921978049, 0.7508812870005995, 0.21475750457025355, 0.04734304982712205], [-0.6538058649049585, 0.3768733400393636, 0.4376869082784814, -0.14813757127399646, -0.5420980227903486, 0.20676799443523536, 0.42974679426689233, 0.7440167207844435, -0.18400240274092208, -0.577950039476552, -0.32021212359128287, 0.4351819730231866, -0.10831300890636877]], "inverted": false, "swapped": true, "error_lsq": 0.04412072625576847, "error_max": 0.24720712491818922, "target": "991.xyz", "model": "17.xyz", "model_rescale": 3.901054581598922, "target_rescale": 4.191273524073827},
{"mapping": [13, 9, 10, 12, 11, 7, 0, 3, 4, 6, 2, 8, 5, 1, 14], "R": [[0.12413035442331312, 0.7492603479253216, -0.6505386891934782], [-0.7823965752094512, 0.4771330930465826, 0.40024943550281633], [0.6102845682231074, 0.4592961381795273, 0.6454454301039773]], "T": [0.06891380787804267, 0.031108646546014713, 0.07240332700591172], "aligned_model": [[-0.4214154222446801, 0.14668075982654005, 0.7978652997500159, -0.3350158371218539, 0.32478396542739396, -0.14252414115659318, -0.43091454151531833, -0.6872901645441174, 0.7542286004056931, 0.43399241299502694, -0.49561870575030387, 0.22304826643875303, 0.05598230899809624, 0.17740756785549988, 0.056619843571911674], [-0.4368549220930524, -0.3989502235617783, -0.2256184584279303, 0.22824881574000197, 0.27873727358853445, 0.6460971096661463, 0.39941951635318873, 0.12222335129994154, 0.0653969828880671, 0.6540506106824906, -0.39622385022365053, -0.25851446743507117, -0.5922138750877753, 0.5725340385657064, 0.028417646474154387], [-0.18853640322776866, -0.42074096299503966, -0.20177665803709338, -0.5191638286557552, -0.6416985666138875, -0.05705789396164153, 0.5083198818923675, 0.015310839029604714, 0.46577581593146666, -0.13347689708996274, 0.4995193302757181, 0.6492735660302251, 0.10965728460012679, 0.49757764226744466, 0.019060760479540736]], "inverted": true, "swapped": false, "error_lsq": 0.0489383550503899, "error_max": 0.29941497325403826, "target": "991.xyz", "model": "18.xyz", "model_rescale": 3.9405287249114394, "target_rescale": 4.191273524073827},
{"mapping": [4, 12, 3, 13, 14, 11, 9, 7, 2, 10, 0, 6, 1, 5, 15], "R": [[-0.699092670815825, 0.7121131276702842, -0.06453162799156571], [-0.6945200216231596, -0.6977291092941914, -0.17554495039191634], [-0.1700334589901717, -0.0779036805496364, 0.9823541313501246]], "T": [-0.04671510248826004, -0.010880123321440123, -0.0032647533346065252], "aligned_model": [[-0.577837196225021, -0.007417987424288668, 0.672132163278354, -0.33822787059944304, 0.2672536044598557, 0.06585859460723019, -0.46724035238974054, -0.730397003051733, 0.6108272029941394, 0.6242928640942793, -0.20652275087391947, 0.16440437408098174, 0.3694626768115479, 0.025041863382521887, -0.013799970208699941], [-0.5049828121289418, -0.34721359088984355, -0.2937578858021572, 0.3681187367275311, 0.28128768480364347, 0.6951771880527633, 0.5918263690622442, 0.10441946232285437, 0.20466842846018202, 0.38777415583790203, -0.5676201749649855, -0.19159665852781305, -0.4870059873097193, 0.4403596085858154, 0.005295024199497653], [-0.09511726050754415, -0.4339323717486864, -0.3619671019019542, -0.4751863733963525, -0.6480907647740476, -0.09283839720991224, 0.21789863692333877, 0.11884426899181297, 0.5225700318772343, -0.09668376337665965, 0.36710842113857134, 0.6903154915602095, 0.18546691236549157, 0.6913547719856621, 0.012301407998182023]], "inverted": true, "swapped": false, "error_lsq": 0.042642198157094566, "error_max": 0.24711609067883927, "target": "991.xyz", "model": "19.xyz", "model_rescale": 4.410303926677745, "target_rescale": 4.191273524073827},
{"mapping": [3, 0, 7, 4, 6, 2, 5, 10, 12, 11, 8, 13, 11, 14], "R": [[0.6059947890406643, 0.5497695948779286, -0.5749119134296305], [0.2805158116763023, -0.8239972588290934, -0.4922797952808195], [-0.7443663043523303, 0.13704710865209274, -0.6535571091763561]], "T": [-0.020601189541410384, -0.08346682341696932, -0.0016668216401328345], "aligned_model": [[-0.21513017295841724, 0.40378322491852675, 0.4758070993078755, -0.8173809164221348, 0.11475744443113753, -0.45757572136095515, -0.42260660258061955, 0.6770889235928241, 0.2711867700082282, 0.32993408483349224, -0.25159592206807785, -0.09426896502955184, 0.32993408483349224, -0.08274544204494688], [-0.044113648804590566, -0.4530056101652474, 0.23253984013730783, -0.20213644122992075, 0.662164884111432, -0.5836851630265047, 0.40285011464625586, -0.30056281500926274, -0.6162764763230463, 0.03418945350470673, -0.07088389996547687, 0.6658372666669712, 0.03418945350470673, 0.04984150813387142], [-0.6425055871164186, -0.49848199764195283, -0.4418308811453568, -0.1705713927213684, -0.23153421615961567, 0.33553503860164147, -0.2869942204223322, 0.05638458425335478, 0.4462640452967762, 0.5559096780943104, 0.7784022084423236, 0.4579270060536763, 0.5559096780943104, 0.002401095095672833]], "inverted": true, "swapped": true, "error_lsq": 0.05063559181305811, "error_max": 0.40211950327808, "target": "991.xyz", "model": "20.xyz", "model_rescale": 4.121658175737393, "target_rescale": 4.191273524073827},
{"mapping": [7, 6, 13, 10, 11, 3, 9, 1, 4, 2, 8, 12, 14], "R": [[-0.21093492734312103, -0.6905384873484686, 0.691854792508689], [0.666865417100613, 0.4158363391736025, 0.6183612653602442], [-0.7147006169732736, 0.5918080233599283, 0.3727818283994495]], "T": [0.05622905046068904, -0.15650725091413262, 0.03572627420620748], "aligned_model": [[0.28053265611249295, -0.03703640740007517, 0.0418727092474867, 0.7471610596441076, 0.5709649569419961, -0.3763150237532663, -0.4066554314739565, 0.1813765741158552, -0.710783447843149, -0.1232307616583182, 0.1490620018449443, 0.5851352189393864, -0.021001200053209358], [-0.5200608874409255, -0.04495219220048316, 0.5962713232387192, -0.4008195270931594, 0.27077174595286413, -0.6250478384147075, 0.43961488565454043, -0.45342096214661387, -0.13268166702485631, 0.018981980663330233, 0.5713363150917593, -0.10463887578856414, -0.07452739632872037], [0.6336748052595458, 0.8141764302028682, 0.4953221410060615, 0.049747673954443995, 0.04516748977794963, 0.24414859260206642, -0.07063330670015994, -0.22824257309874793, -0.261920050296834, -0.6656066914568264, -0.31591327799540775, -0.5002180678013405, 0.13040657402817038]], "inverted": false, "swapped": true, "error_lsq": 0.04939036887493042, "error_max": 0.3448267471720899, "target": "991.xyz", "model": "21.xyz", "model_rescale": 4.08911054899281, "target_rescale": 4.191273524073827},
{"mapping": [9, 9, 15, 12, 3, 13, 7, 10, 1, 4, 5, 8, 11, 0, 16], "R": [[0.4997928947807992, 0.6644171711425163, -0.5556589646695224], [-0.45815774788178704, 0.7472310744357452, 0.48139090088356573], [0.7350500257686671, 0.013983707969579817, 0.6778686565470509]], "T": [0.10073666417040336, 0.05691502122920242, 0.06994173188048838], "aligned_model": [[-0.32932019540322544, -0.32932019540322544, 0.6082557572289192, -0.40815882189432373, 0.3145703701249691, -0.06518292469397505, -0.4109920058254254, -0.6940786329528107, 0.7412898276441994, 0.4653934778973623, -0.3113617238067746, 0.15663068211761694, 0.37256380223123486, 0.24472364141703865, 0.10281715425448416], [-0.3874251936849815, -0.3874251936849815, -0.3598474784846898, 0.22793116656388013, 0.5080654261462381, 0.6254799987041347, 0.5294551291680863, -0.0373181538957896, -0.05202662739975314, 0.6426017464590571, -0.4879841062557938, -0.2680110595830588, -0.6234223454810326, 0.6525001529360541, 0.10417608692160427], [-0.28383854245119855, -0.28383854245119855, -0.24666592265026185, -0.4367617004464486, -0.6407039475093246, -0.2232041745351455, 0.213593403304255, 0.17252906725740663, 0.5258164331129181, -0.031491270440205485, 0.24597841396939008, 0.6799096972899626, 0.2916264285329374, 0.5438884582668869, 0.07520610867537161]], "inverted": true, "swapped": false, "error_lsq": 0.03941189829696583, "error_max": 0.3073458193166837, "target": "991.xyz", "model": "22.xyz", "model_rescale": 4.204369325754507, "target_rescale": 4.191273524073827},
{"mapping": [4, 12, 3, 13, 14, 11, 9, 7, 2, 10, 0, 6, 1, 5, 15], "R": [[-0.699092670815825, 0.7121131276702842, -0.06453162799156571], [-0.6945200216231596, -0.6977291092941914, -0.17554495039191634], [-0.1700334589901717, -0.0779036805496364, 0.9823541313501246]], "T": [-0.04671510248826004, -0.010880123321440123, -0.0032647533346065252], "aligned_model": [[-0.577837196225021, -0.007417987424288668, 0.672132163278354, -0.33822787059944304, 0.2672536044598557, 0.06585859460723019, -0.46724035238974054, -0.730397003051733, 0.6108272029941394, 0.6242928640942793, -0.20652275087391947, 0.16440437408098174, 0.3694626768115479, 0.025041863382521887, -0.013799970208699941], [-0.5049828121289418, -0.34721359088984355, -0.2937578858021572, 0.3681187367275311, 0.28128768480364347, 0.6951771880527633, 0.5918263690622442, 0.10441946232285437, 0.20466842846018202, 0.38777415583790203, -0.5676201749649855, -0.19159665852781305, -0.4870059873097193, 0.4403596085858154, 0.005295024199497653], [-0.09511726050754415, -0.4339323717486864, -0.3619671019019542, -0.4751863733963525, -0.6480907647740476, -0.09283839720991224, 0.21789863692333877, 0.11884426899181297, 0.5225700318772343, -0.09668376337665965, 0.36710842113857134, 0.6903154915602095, 0.18546691236549157, 0.6913547719856621, 0.012301407998182023]], "inverted": true, "swapped": false, "error_lsq": 0.042642198157094566, "error_max": 0.24711609067883927, "target": "991.xyz", "model": "23.xyz", "model_rescale": 4.410303926677745, "target_rescale": 4.191273524073827},
{"mapping": [9, 10, 3, 11, 1, 7, 13, 14, 2, 0, 15, 5, 4, 12, 16], "R": [[0.4024716676800487, 0.5360330472522701, 0.7420816188050248], [-0.07262649863940006, -0.7893829946190593, 0.6095899273295349], [0.9125469568248101, -0.2992374643317445, -0.27877408690566313]], "T": [-0.08587745660617037, 0.02403350051626954, 0.043299837875569167], "aligned_model": [[-0.47396796639682254, 0.024857559109826552, 0.7535516999038019, -0.44294998998079504, 0.31181975215400043, -0.027391178637823324, -0.456079352903952, -0.7585822893968026, 0.7813748727654489, 0.5331620639144373, -0.49011453977354436, 0.13767974671961347, 0.38575325849549763, 0.15527089171580966, 0.02344568524736773], [-0.4273041192710483, -0.39645343846827774, -0.11878583683460389, 0.1246989711050001, 0.32724597702208924, 0.6492490129876851, 0.562723438331092, 0.04789998836726847, -0.06844526940293363, 0.43355599769195585, -0.4072225166503497, -0.1289615057084458, -0.4637373396159916, 0.527040970188649, 0.02524521868688403], [-0.1518926128071718, -0.4411714581920085, -0.2468937401265553, -0.4696203855036028, -0.654005313264098, -0.1749106452291896, 0.302047457581966, 0.11435325941472638, 0.31202837281763873, 0.18282477266062303, 0.44320585068941426, 0.6109412196822394, 0.1596116991817484, 0.6220975524003147, -0.0065721193806990985]], "inverted": true, "swapped": false, "error_lsq": 0.03841251831853185, "error_max": 0.2614293451949835, "target": "991.xyz", "model": "24.xyz", "model_rescale": 4.28219845311461, "target_rescale": 4.191273524073827},
{"mapping": [10, 11, 9, 8, 5, 1, 0, 6, 7, 3, 14, 13, 12, 4, 15], "R": [[0.6279774617115014, -0.7608473125389714, 0.16357161912937263], [-0.15337694066399127, -0.3270609518540778, -0.9324734032908709], [0.762967772356693, 0.5604841663905674, -0.3220833394799184]], "T": [0.06475450634957784, 0.02963451570198581, 0.11148317180991349], "aligned_model": [[-0.48361616588454565, 0.07610298332082062, 0.6739773859180247, -0.3528728611394528, 0.17791303003944775, 0.009139899578485947, -0.4494046505255131, -0.8302798438279754, 0.7425839861625566, 0.5323686573239841, -0.4017701881823995, 0.272232800934567, 0.2761093024942546, 0.19380711744500279, 0.021538759278806135], [-0.34266746392409436, -0.3993716373491948, -0.11803904798155132, 0.1879021708735904, 0.15800338540499576, 0.5855834636266283, 0.5882776887963165, 0.1297808978135653, 0.1289159563930243, 0.6298842633656517, -0.5597277180080071, -0.26131575549175184, -0.7031986830109993, 0.5820795149697773, 0.08064251295102276], [-0.32484888136504575, -0.2236317397700617, -0.14132838939369022, -0.42000980855717296, -0.7227813322423938, -0.20109510904442077, 0.41000007014633844, 0.07859929866169882, 0.48058532241459795, -0.03371528237612431, 0.2345745677839687, 0.5860536659468746, 0.16348849118938286, 0.5727840707676056, 0.1433689657637882]], "inverted": false, "swapped": false, "error_lsq": 0.038223838619488755, "error_max": 0.31071063089080464, "target": "991.xyz", "model": "25.xyz", "model_rescale": 4.100010024507729, "target_rescale": 4.191273524073827},
{"mapping": [4, 3, 7, 10, 9, 13, 5, 11, 1, 8, 2, 14], "R": [[-0.5346840809135788, -0.46313783228554883, 0.7068353994555203], [0.570060770396784, 0.4197769395966193, 0.7062705140649168], [-0.6238137956732179, 0.780570733046493, 0.039568662335663224]], "T": [0.06659031051505832, -0.0639850497306177, -0.05937164572775988], "aligned_model": [[-0.7535673834445245, -0.20210452438748144, 0.5362237369489293, 0.7359610854933036, -0.4663420219416821, 0.13975445683540133, -0.30917471934626767, 0.49660578296270963, 0.1171287389192473, -0.06007370749939939, -0.37904918188026054, 0.021403339703030905], [-0.13162958893192833, -0.5407427669838547, -0.3444558967484881, -0.2504932381952646, 0.4795985593139015, 0.7291554634617475, 0.02760065452347707, 0.401038624320331, -0.3760606850655993, 0.6282469583220057, 0.022769905964735326, 0.021103400069576117], [-0.04405045624155167, 0.3286614531371128, 0.4313485889051326, -0.2926731470036237, -0.021477124038776614, 0.31968663612650455, 0.5150297313296343, -0.274892427008945, -0.33057981674602926, -0.46777789161450345, -0.6499215960038429, 0.05183833901324489]], "inverted": false, "swapped": true, "error_lsq": 0.05193924587436503, "error_max": 0.28764021670808126, "target": "991.xyz", "model": "26.xyz", "model_rescale": 3.6694154284099745, "target_rescale": 4.191273524073827},
