[{"mapping": [8, 4, 0, 9, 5, 3, 7, 6, 10, 1, 11], "R": [[-0.13130391771013242, 0.11677433828143602, -0.9844404680390297], [0.9910757661193826, -0.007557210077100696, -0.1330853650358661], [-0.02298057886237692, -0.9931297208797971, -0.11473992548527634]], "T": [-0.055033842450885745, 0.008210167267296536, 0.0692603889626574], "aligned_model": [[-0.006661092849191967, -0.7924368617296126, -0.5167791312884022, 0.37128507309968006, -0.07090785566226024, -0.190123493230113, 0.6478527895430464, 0.5642144000580316, 0.20262166826896397, 0.021941914674520363, -0.08877750085078098], [-0.6011397513883205, 0.034444984934865724, 0.18766514141958088, -0.07009669850914413, 0.6126657928663529, 0.13081668295745627, 0.3905994878089999, -0.33021541816988953, 0.6064530572931719, -0.20869246486093354, 0.042604760603797594], [0.24088860465452663, 0.3977371586802487, -0.3013857960842993, 0.49526114183056646, -0.4991300973371463, 0.733151150571516, -0.4370321153921809, -0.09552500094212696, 0.26285901575026305, -0.6007459845217827, 0.019154168239974276]], "inverted": true, "swapped": false, "error_lsq": 0.05297140482707227, "error_max": 0.29772251329830157, "target": "992.xyz", "model": "0.xyz", "model_rescale": 3.751011558992144, "target_rescale": 3.7083806765704024},
{"mapping": [0, 3, 13, 7, 9, 12, 10, 4, 11, 5, 14], "R": [[-0.09120638636285855, 0.9252008965028793, -0.3683540364878572], [-0.44604151948599774, -0.36867079645253287, -0.8155542941691114], [-0.8903529401205184, 0.08991743408996805, 0.446303144807904]], "T": [0.09443002980509844, -0.0695595198299678, -0.014051300353702133], "aligned_model": [[-0.1742689817204428, -0.5766482547353466, -0.5627203016696912, 0.10725572911084576, -0.055898276356956, -0.2835784917523107, 0.6363134591773538, 0.7902306610564482, 0.3267728295842245, -0.14033012224903907, 0.07510165958879497], [-0.6474211845982932, -0.1787181468830614, 0.15722345343773844, -0.08062294312726423, 0.48919405194713195, 0.3924464978392038, 0.38022456495892565, -0.3192327364788715, 0.6345785114060372, -0.012605977899986867, -0.01996051564562197], [0.3975082410201576, 0.3340064817327097, -0.22434900167022095, 0.648813788408338, -0.3293059081345798, 0.4282552690579061, -0.4341826776290041, -0.295296276038995, 0.28080026447944534, -0.5900113788875954, -0.0010065568886029712]], "inverted": true, "swapped": false, "error_lsq": 0.04250343594155135, "error_max": 0.21093284947492524, "target": "992.xyz", "model": "1.xyz", "model_rescale": 3.9405287249114394, "target_rescale": 3.7083806765704024},
{"mapping": [11, 10, 8, 6, 4, 3, 1, 0, 7, 2, 12], "R": [[-0.07662792256027312, -0.9964303527550904, -0.035421936599555726], [-0.9466208596572355, 0.06154914351626478, 0.3164184744830974], [-0.31310878228803024, 0.057777634433926084, -0.9479581401166017]], "T": [0.007952106198592124, 0.01751925336070901, -0.012352023139792181], "aligned_model": [[-0.09431473210175322, -0.7243649587409834, -0.722818787339771, 0.33461466149752805, -0.18183464310615396, -0.23113001091716634, 0.5640562271111331, 0.7281461370007362, 0.32370258370508564, 0.13929546382176378, 0.00687796910346211], [-0.5951386453907442, -0.08279413694912141, 0.18597040491661357, -0.09049794205400971, 0.6469438653812262, 0.3492998727580639, 0.3704020089873207, -0.408173678876265, 0.6059774957133915, -0.20722505674713845, 0.020341387216600653], [0.3366552574700648, 0.3940173401680284, -0.20802491550456081, 0.40833735615297273, -0.2562810485836068, 0.38709890055002166, -0.4521796028158796, -0.0674526013248366, 0.4153492582678673, -0.6419618586760791, -0.10032584025443292]], "inverted": true, "swapped": false, "error_lsq": 0.03960662010594138, "error_max": 0.17722667485823052, "target": "992.xyz", "model": "2.xyz", "model_rescale": 3.932901565614263, "target_rescale": 3.7083806765704024},
{"mapping": [6, 4, 0, 5, 3, 7, 11, 10, 8, 1, 13], "R": [[0.5574790872934523, 0.21733619182209565, 0.8012378217200737], [-0.6180546933793671, 0.753018532265864, 0.22576865605282925], [-0.5542792285682334, -0.6210701005429529, 0.5541177374794735]], "T": [0.03251961670402293, 0.1064530362088894, 0.02754251889490306], "aligned_model": [[0.06258777769293969, -0.7110117673644974, -0.5742309092065134, 0.04847801838759289, -0.08942966624054857, -0.25572623203716727, 0.753532365209495, 0.553069471989097, 0.3592267882870649, -0.09807997614632463, 0.09381403946274292], [-0.5628361407509834, -0.18860684621011015, 0.14367250069656176, -0.22568030499446573, 0.5266040528082313, 0.47039958991637476, 0.3798738220134886, -0.3292841732556636, 0.7592029964731517, -0.20323416766907842, 0.024994245928430872], [0.16110959560499316, 0.37872217552354653, -0.2542709653700364, 0.6649061974422992, -0.2356816701931505, 0.5699443847425951, -0.42311299116794837, -0.20116334625062626, 0.10478654094918036, -0.6326136770267309, 0.0826060011954374]], "inverted": false, "swapped": false, "error_lsq": 0.054913666385014936, "error_max": 0.29679964170345435, "target": "992.xyz", "model": "3.xyz", "model_rescale": 3.9243930471874484, "target_rescale": 3.7083806765704024},
{"mapping": [7, 2, 3, 1, 6, 0, 11, 9, 5, 10, 12], "R": [[0.8369438285808535, -0.5360336540717745, -0.11042168945856899], [0.5104813036910036, 0.8373433719703156, -0.19561420193665685], [0.1973166652423373, 0.1073498911030803, 0.9744445261264494]], "T": [0.06207315252365271, -0.04735633159823152, -0.11134958030167735], "aligned_model": [[-0.1741645207679628, -0.6780633804997945, -0.5445063323978393, 0.28154556959422966, -0.035509569842562635, -0.31930334812147665, 0.6424980699948605, 0.7350084615801212, 0.2012946878715049, -0.03268679406948796, 0.06611706669228867], [-0.6243004753270247, -0.18188702907754437, 0.23226178785398852, -0.10183673699976759, 0.6279285778939258, 0.3253041365003745, 0.3009534170641591, -0.25907841100635065, 0.5791799225255789, -0.13877492143311237, 0.03535530696171006], [0.39287851852561945, 0.42279824028110785, -0.19398375066149576, 0.5661635513459444, -0.34795984644513495, 0.5512200338769353, -0.5211316145013261, -0.11573394947547241, 0.2907608350555649, -0.8040189916900968, -0.02576078086208705]], "inverted": true, "swapped": false, "error_lsq": 0.04428532322882321, "error_max": 0.23728555642921814, "target": "992.xyz", "model": "4.xyz", "model_rescale": 3.8936222436046832, "target_rescale": 3.7083806765704024},
{"mapping": [1, 0, 9, 2, 8, 3, 7, 5, 10, 6, 11], "R": [[-0.5749518986461528, 0.7758526955939231, 0.25977472737513835], [0.8008948467022492, 0.59861113775257, -0.015236478738684722], [-0.16732530821416328, 0.19929199807874148, -0.9655490359027956]], "T": [0.0544667180562257, 0.1385411219083431, 0.010873982806577757], "aligned_model": [[-0.11435328565170848, -0.6256878388032993, -0.4944801609919913, 0.1400375618959539, -0.21995388459735504, -0.3080882505486721, 0.4780139963217154, 0.5935202751169367, 0.4180734416108506, 0.11225064125485763, 0.162897414426593], [-0.6321719474924157, -0.14302069370548887, 0.07444017158264057, 0.01943863679403672, 0.7813133016194189, 0.4314792163785193, 0.3610960399674642, -0.4153823457903604, 0.5744892699682971, -0.2638644867500318, 0.0072884123838577175], [0.15443560081070298, 0.5016193666345734, -0.26586476759137734, 0.742755594577413, -0.22870916384514672, 0.34706321503936693, -0.4259606986344097, -0.23358646716376252, 0.2887350313074997, -0.674209495645335, 0.008954029960034533]], "inverted": false, "swapped": false, "error_lsq": 0.05195476076886319, "error_max": 0.23007917866487412, "target": "992.xyz", "model": "5.xyz", "model_rescale": 3.6523030999806103, "target_rescale": 3.7083806765704024},
{"mapping": [1, 5, 8, 3, 9, 7, 10, 2, 11, 6, 12], "R": [[-0.7364913898316972, -0.6735939729536506, -0.06206119805717597], [-0.21387783716222714, 0.14484121893753632, 0.9660627785333088], [-0.641745045539569, 0.7247704332388328, -0.2507411327010618]], "T": [0.010283621231022912, 0.03963257748025066, 0.010435418215526036], "aligned_model": [[-0.039279071944077426, -0.6026381789582421, -0.5513785153309234, 0.22748632568283503, -0.1742842998764706, -0.14218997236544664, 0.4512554890299124, 0.5862373478213407, 0.39611301135429033, 0.017335155580727124, -0.026427380960064552], [-0.6494361881030888, -0.09365505111392246, 0.06420770878808085, -0.09981046934085712, 0.6884243552261577, 0.42007876076240086, 0.3487178435037168, -0.4509449130509509, 0.7611965834068244, -0.22588667943732688, 0.03221362431490306], [0.08186819595884445, 0.27588749468741364, -0.3605562392922453, 0.6554310188362162, -0.24969298624658834, 0.5570893897359085, -0.5540848664547018, -0.05139228447471147, 0.3345497039378339, -0.5829230418584515, 0.10905586062004038]], "inverted": true, "swapped": false, "error_lsq": 0.048021106802491074, "error_max": 0.2350922719904751, "target": "992.xyz", "model": "6.xyz", "model_rescale": 4.08911054899281, "target_rescale": 3.7083806765704024},
{"mapping": [7, 5, 10, 6, 8, 4, 9, 1, 3, 11, 14], "R": [[0.28370744530909336, -0.9368079180276658, -0.20469736245701373], [-0.9527631572335382, -0.25125751839834015, -0.17062246530480144], [0.1084087251773039, 0.24343496907588694, -0.9638396983609121]], "T": [0.025480702809897633, -0.0783231941210645, 0.005814151491768782], "aligned_model": [[-0.14403327327090823, -0.6647293568023027, -0.5422497092812767, 0.2274279581168341, -0.10470696423906263, -0.29437628829605617, 0.506734235080459, 0.6763894359792262, 0.37371370037030055, -0.01603657012608264, 0.12409674250275077], [-0.6083714857752793, -0.11999836200659537, 0.13743049773793706, -0.05901004231354175, 0.5672246334049823, 0.4000586410309006, 0.38645484551183074, -0.2747702825886753, 0.5229350721187173, -0.13978499603248118, -0.017062946131856868], [0.5439617009288866, 0.3257742795939492, -0.3820098061719882, 0.46187037027924466, -0.1715784836702759, 0.4128667460536249, -0.40276107959780816, -0.2692720556722651, 0.38485730596656137, -0.576448526267091, -0.1120282059932795]], "inverted": false, "swapped": false, "error_lsq": 0.04519712684251071, "error_max": 0.2784092628756497, "target": "992.xyz", "model": "7.xyz", "model_rescale": 3.964800864290218, "target_rescale": 3.7083806765704024},
{"mapping": [4, 12, 9, 2, 8, 7, 5, 3, 1, 10, 13], "R": [[0.630176761812592, 0.3789927284211836, 0.6776737863273617], [-0.43469237284763595, 0.8953910448725617, -0.09652677219359404], [-0.643365984381742, -0.23375069746610194, 0.7289998776231881]], "T": [0.09992172860963634, -0.07382430990111219, 0.06875656605613625], "aligned_model": [[-0.16484060057852895, -0.6305836580686311, -0.45600452912027145, 0.16355232907083916, -0.19095437295904616, -0.19366272980291988, 0.3924562319737883, 0.7374873123198835, 0.39551960774212, 0.015906506872792228, 0.07335381258385504], [-0.6151850773295072, -0.008145654235740471, 0.04287930230207375, -0.14375085757651748, 0.5661338298768711, 0.42301195567961136, 0.38485186293979334, -0.29073380498980084, 0.5388700996628537, -0.07987143923936432, -0.022954642134334804], [0.43196838241958957, 0.24965192672797312, -0.3200660022880414, 0.724248863775368, -0.24253470313622236, 0.48566789469103866, -0.5661532352368422, -0.2003588238995274, 0.38553305747214306, -0.7485798932741123, 0.015854778198192254]], "inverted": true, "swapped": false, "error_lsq": 0.04907250387882423, "error_max": 0.27905914368868634, "target": "992.xyz", "model": "8.xyz", "model_rescale": 4.121658175737393, "target_rescale": 3.7083806765704024},
{"mapping": [4, 9, 6, 5, 8, 7, 3, 0, 11, 1, 12], "R": [[0.30793724693105484, -0.9208128094878048, 0.23932910779029512], [-0.8760448378657899, -0.3725483958362679, -0.3061913369259906], [0.371106580379848, -0.11537531210358466, -0.9213948357548873]], "T": [0.0804414863841629, 0.149245386360079, 0.022835177821206164], "aligned_model": [[-0.13159682243150486, -0.5959463147419793, -0.5658364900559898, 0.26093456283178496, -0.2815191530184421, -0.20474199580170374, 0.7429339422456926, 0.5619760497622115, 0.2931625308148505, -0.0040736365543815045, 0.06693723698334278], [-0.7115582866712747, -0.14366348621969383, 0.11286025993713622, -0.15900521251528565, 0.688148471294648, 0.5112233897636189, 0.4509274829686766, -0.4506546835012917, 0.7316170310563564, -0.321083751458302, 0.08629436030134921], [0.0695760572421861, 0.40999632241959666, -0.22451669671703336, 0.5269400517544269, -0.3074999524609992, 0.5156365747891283, -0.28175577736693136, -0.14169024141519262, 0.15930898213388098, -0.4737324528467945, -0.037030622082708874]], "inverted": true, "swapped": false, "error_lsq": 0.05178511074820899, "error_max": 0.22067016156912062, "target": "992.xyz", "model": "9.xyz", "model_rescale": 3.833441315466971, "target_rescale": 3.7083806765704024},
{"mapping": [3, 4, 5, 7, 1, 6, 10, 8, 12, 13, 14], "R": [[0.8137292037077657, 0.3244804559947782, 0.48224186536482516], [0.5729615940500772, -0.5873559639243064, -0.5716012450879924], [0.09777420302267781, 0.7414346939009324, -0.6638635401219972]], "T": [0.08299396252501136, 0.09233662591947199, 0.021076684350852012], "aligned_model": [[-0.22916401443090118, -0.6204288269026562, -0.4808571932485767, 0.3480788293510856, -0.2981309731215933, -0.2946625756280272, 0.7480190035732653, 0.7188357632901852, 0.23734164850277667, -0.07137292771117447, 0.08457117635949721], [-0.6214957113312681, -0.04637314304102859, 0.005176125725185041, -0.21991696837698876, 0.7018907735314928, 0.4398978528954873, 0.3128912981911102, -0.30368606051375324, 0.6429175603594258, -0.11629781952041908, 0.0001016670366943001], [0.404903001147355, 0.37017346090280245, -0.3421176476612007, 0.5465685330131882, -0.14861850553730915, 0.4658308869595566, -0.40886688733942017, -0.19440092146156712, 0.21096476658696567, -0.7327993484220788, 0.04359490726126694]], "inverted": false, "swapped": false, "error_lsq": 0.0457949157629134, "error_max": 0.2088165731122957, "target": "992.xyz", "model": "10.xyz", "model_rescale": 4.2482417240324, "target_rescale": 3.7083806765704024},
{"mapping": [0, 4, 9, 6, 7, 5, 3, 1, 2, 8, 11], "R": [[0.3343643099337298, -0.8433427648525194, 0.42068217125693524], [0.8730739066454629, 0.4452664503339394, 0.19869509742780123], [-0.3548837299417525, 0.3008500775767261, 0.885181771753524]], "T": [0.048889980268369895, 0.025556120860432976, 0.00457634703631947], "aligned_model": [[0.06914695009993992, -0.6304744842364823, -0.6973228024836734, 0.08643761973408497, -0.14411854012200725, -0.38075984793420026, 0.5193645129089788, 0.6401461933997791, 0.6121935443972237, 0.14325511305821131, -0.07563834878797335], [-0.7189384861164542, -0.1250573412379059, 0.14084607488086026, 0.0008716519922500332, 0.5948121958504778, 0.49048617528902283, 0.4240984837061135, -0.3530074693229396, 0.42377698026384764, -0.11778569214421684, 0.035003001794881944], [0.14298484131837413, 0.5352542998806353, -0.3258561142902363, 0.6514635009590303, -0.30727534662430167, 0.4088376980656513, -0.5225757425979037, -0.07449483848143418, 0.2726556788775002, -0.5848353726579109, 0.019073641000154518]], "inverted": false, "swapped": false, "error_lsq": 0.061120585439873504, "error_max": 0.3311707539884838, "target": "992.xyz", "model": "11.xyz", "model_rescale": 3.6694154284099745, "target_rescale": 3.7083806765704024},
{"mapping": [8, 3, 1, 11, 0, 4, 5, 7, 6, 12, 13], "R": [[-0.31154797151499997, -0.5928637267768299, 0.7425971067255633], [0.14788003215666892, -0.8022204502054974, -0.5784235864497853], [0.9386529483969205, -0.07039141101283614, 0.33760286094965286]], "T": [0.09857958060741023, -0.041530569331431386, -0.023479388457489196], "aligned_model": [[-0.18785277677924683, -0.6687556203269341, -0.6986175833219117, 0.27616051421648563, -0.10279596553725295, -0.33260620991446155, 0.6063265697323577, 0.8000770695998137, 0.4072846448719286, 0.015840417337037588, 0.027168850156064947], [-0.5857538514990019, -0.13894974842001256, 0.10705493689770208, -0.06463871846829485, 0.6158765485649718, 0.36085047381578134, 0.39897159761760453, -0.2373322812984875, 0.3832939561854695, -0.09916354944407911, 0.05489621100428442], [0.41740083915514625, 0.35461463894320566, -0.2661159958835744, 0.6927326432545395, -0.2184194694555794, 0.4235630702844985, -0.46248010420227725, -0.1708845477894041, 0.1864733187659463, -0.6954921641776706, -0.04615998344527157]], "inverted": false, "swapped": false, "error_lsq": 0.04347974006778216, "error_max": 0.3126107665125115, "target": "992.xyz", "model": "12.xyz", "model_rescale": 3.9764082729961374, "target_rescale": 3.7083806765704024},
{"mapping": [2, 10, 12, 3, 13, 11, 6, 4, 14, 9, 15], "R": [[-0.18468013420738588, -0.9435522465331402, 0.274958917097457], [-0.49540786323745445, -0.15225090200494845, -0.8552138398559622], [0.8488016830047179, -0.29415781631794846, -0.43932548529241333]], "T": [0.01805303974918084, -0.0520120418032573, -0.07867277865193603], "aligned_model": [[-0.180754439789832, -0.699437141419677, -0.5000164216902026, 0.3696896569101846, -0.12174244661952498, -0.20256513633817982, 0.49876862394969695, 0.6883867600358378, 0.3246583124805318, -0.15079627377725455, 0.11603841629230056], [-0.7668849884294779, 0.08485535211826228, 0.1323526205425011, 0.006889002287697232, 0.5363798744661716, 0.402658257282765, 0.48198675623783177, -0.24094118769370182, 0.5961976945390972, -0.3900801915182868, -0.04830761487692197], [0.2140587880903768, 0.25691931804534385, -0.4024431283603518, 0.6837744679101934, -0.17212180778881542, 0.5338198647800679, -0.33831987857153867, -0.25423531183878906, 0.2743504274116009, -0.546325386885366, -0.034245107343162814]], "inverted": true, "swapped": false, "error_lsq": 0.04924518242451921, "error_max": 0.2573365239644478, "target": "992.xyz", "model": "13.xyz", "model_rescale": 4.170626492500431, "target_rescale": 3.7083806765704024},
{"mapping": [3, 1, 9, 2, 10, 0, 5, 6, 4, 11, 13], "R": [[-0.28135656640619766, 0.8840127913842115, -0.373309345194049], [0.9223111748626942, 0.35651801149379536, 0.14912077053149536], [0.2649161740315449, -0.3023512727765584, -0.9156435597910814]], "T": [-0.017826786276834594, 0.21512342739194437, 0.10006663686653303], "aligned_model": [[-0.07463444475578213, -0.7066902691961119, -0.6261949298606804, 0.2934814893692735, -0.30699719308062223, -0.26677629124101965, 0.6432489058253024, 0.6138219965524097, 0.5152013690848016, 0.026425259122148714, 0.03134401821416159], [-0.4720652172036641, -0.055605125609429124, -0.016650861385614252, -0.028983443441648937, 0.5267671532824623, 0.2630492558842984, 0.20097071126384897, -0.2921328807994089, 0.6165617969632126, -0.12095648879068596, 0.17415067479256696], [0.10433993850265887, 0.30740120317290537, -0.3820903079117005, 0.6258338480564498, -0.2708605378144775, 0.6400533639897941, -0.5244319286194935, -0.1262077982349616, 0.34046495553942646, -0.5202169253433873, 0.020946434112344856]], "inverted": false, "swapped": false, "error_lsq": 0.04472899781253432, "error_max": 0.2764728219200433, "target": "992.xyz", "model": "14.xyz", "model_rescale": 3.9786697098870705, "target_rescale": 3.7083806765704024},
{"mapping": [7, 6, 9, 10, 0, 1, 2, 5, 4, 8, 11], "R": [[0.39337336112483146, 0.8297706585466198, -0.3959015698029783], [-0.21140942164239818, -0.33744008485018867, -0.9173005208638687], [-0.8947421165890092, 0.4445389109531438, 0.042681394663405675]], "T": [-0.03651031576126054, 0.07305455123895961, -0.019479450268475383], "aligned_model": [[-0.052128151592590294, -0.733951551652602, -0.5516512041385416, 0.24225263140570794, -0.15226311146763438, -0.26566642517576844, 0.5136803678319013, 0.6472789520592036, 0.4864332934965302, 0.1438588226079613, -0.13561371334028666], [-0.5385360302408427, -0.12697056048981353, 0.038150640583607995, -0.040258256658683975, 0.7341285730720796, 0.39507918930913155, 0.43937201945389287, -0.31810445173076335, 0.32977688943010847, -0.18110411315026465, 0.06357167537748545], [0.2306985848182194, 0.2982017861307908, -0.3670795800038563, 0.7562604644903469, -0.20220332397491197, 0.5322992204738096, -0.582461812723041, -0.17467757957174251, 0.1690367365730061, -0.43792714504265484, -0.0069151057204073375]], "inverted": false, "swapped": false, "error_lsq": 0.05686604333571581, "error_max": 0.38018581096155657, "target": "992.xyz", "model": "15.xyz", "model_rescale": 3.769337070930944, "target_rescale": 3.7083806765704024},
{"mapping": [7, 9, 8, 1, 2, 3, 4, 5, 0, 6, 10], "R": [[-0.27304639748669246, 0.4841657404352002, 0.8312816614170997], [0.5231462173739019, -0.6504429009913362, 0.5506741938727047], [0.8073188342079711, 0.5852414615684787, -0.07568838480423157]], "T": [0.02175666933817386, 0.020551731267381065, 0.047360752493720445], "aligned_model": [[0.05575087521838892, -0.6894330770958779, -0.6274553676888925, 0.3468855110904848, -0.20739639129040793, -0.3579435513920394, 0.5567025565221064, 0.5955054869970191, 0.43226580253079044, 0.023576848590999972, 0.01377121655130946], [-0.683425367537448, 0.0021254135622171683, -0.023703719780623647, -0.18160027773200882, 0.6552892376835275, 0.5060407067794241, 0.2904971223144514, -0.3118056441913709, 0.48719996270558585, -0.02639760903859291, 0.08088575019077558], [0.16734883651929267, 0.4406155023635538, -0.3242020252146182, 0.7506062629086263, -0.2545051630692367, 0.36291048827302447, -0.4516331434358022, -0.054628417184305625, 0.22397274043025478, -0.6801688866906718, 0.03491605054944129]], "inverted": true, "swapped": false, "error_lsq": 0.05417564580037204, "error_max": 0.26332335356332254, "target": "992.xyz", "model": "16.xyz", "model_rescale": 3.7852294659196426, "target_rescale": 3.7083806765704024},
{"mapping": [10, 6, 11, 5, 2, 7, 3, 0, 1, 8, 12], "R": [[-0.40827684277369175, -0.6391736328939291, -0.6517415796678337], [-0.023144160572104888, -0.7064797766466862, 0.7073547009956612], [-0.9125647196150853, 0.30388055581498696, 0.2736461954996192]], "T": [0.09059419848723314, 0.03400192949889111, -0.022369272747703506], "aligned_model": [[-0.16723024841975476, -0.530281950687013, -0.5937334816925841, 0.16658452219940556, -0.0643813489219406, -0.40708725034269183, 0.6992051671810152, 0.602257649564285, 0.4065089080312341, -0.007757541074055685, 0.03814548419598121], [-0.6726205463134206, -0.18813368851368348, 0.04758145813637141, 0.11352456539795289, 0.5927914888709489, 0.39738992381403304, 0.3887648620229891, -0.3613475506134687, 0.5695758418911514, -0.0527434520141961, -0.03967732772274003], [0.26653608638072235, 0.571399883152732, -0.28589023391581864, 0.6257901456380571, -0.21685276580631124, 0.3118302877765238, -0.3914645472434288, -0.24064995706386064, 0.27362504291671363, -0.6603411258602737, -0.03875057052549705]], "inverted": false, "swapped": false, "error_lsq": 0.050299348844652064, "error_max": 0.33198212571892693, "target": "992.xyz", "model": "17.xyz", "model_rescale": 3.901054581598922, "target_rescale": 3.7083806765704024},
{"mapping": [0, 3, 13, 7, 9, 12, 10, 4, 11, 5, 14], "R": [[-0.09120638636285855, 0.9252008965028793, -0.3683540364878572], [-0.44604151948599774, -0.36867079645253287, -0.8155542941691114], [-0.8903529401205184, 0.08991743408996805, 0.446303144807904]], "T": [0.09443002980509844, -0.0695595198299678, -0.014051300353702133], "aligned_model": [[-0.1742689817204428, -0.5766482547353466, -0.5627203016696912, 0.10725572911084576, -0.055898276356956, -0.2835784917523107, 0.6363134591773538, 0.7902306610564482, 0.3267728295842245, -0.14033012224903907, 0.07510165958879497], [-0.6474211845982932, -0.1787181468830614, 0.15722345343773844, -0.08062294312726423, 0.48919405194713195, 0.3924464978392038, 0.38022456495892565, -0.3192327364788715, 0.6345785114060372, -0.012605977899986867, -0.01996051564562197], [0.3975082410201576, 0.3340064817327097, -0.22434900167022095, 0.648813788408338, -0.3293059081345798, 0.4282552690579061, -0.4341826776290041, -0.295296276038995, 0.28080026447944534, -0.5900113788875954, -0.0010065568886029712]], "inverted": true, "swapped": false, "error_lsq": 0.04250343594155135, "error_max": 0.21093284947492524, "target": "992.xyz", "model": "18.xyz", "model_rescale": 3.9405287249114394, "target_rescale": 3.7083806765704024},
{"mapping": [12, 4, 0, 13, 8, 7, 2, 10, 9, 1, 15], "R": [[0.9487309228783033, 0.14194597714625634, 0.282419856855848], [0.11477090967508718, 0.6778123509805084, -0.726221767196928], [-0.29451192550869004, 0.7214026312887074, 0.6267702683622551]], "T": [0.06802436190751414, -0.01834357622306393, 0.04868872996000077], "aligned_model": [[-0.13552024303528593, -0.6295882889465994, -0.5132235044113985, 0.2544660384761515, -0.23432370188400042, -0.2485018711406048, 0.5684746669779336, 0.7892135634707359, 0.2874214890862734, -0.09474285328908517, 0.09855461472976076], [-0.5173808276061114, -0.061947644070629, 0.10776994240578727, -0.09703218975153888, 0.6354920243050649, 0.43380454668603036, 0.1910211914798759, -0.22374438258735074, 0.6006195300029801, -0.2594717026182354, -0.01402491328993553], [0.14702731719881262, 0.26339854168624705, -0.29615986910154823, 0.6892958238258187, -0.18230220349735432, 0.48572278776727656, -0.6303113946443066, -0.1871092370372353, 0.4458781314717347, -0.5436654582565905, 0.02345780603670448]], "inverted": false, "swapped": false, "error_lsq": 0.04625233893902691, "error_max": 0.2629306832161848, "target": "992.xyz", "model": "19.xyz", "model_rescale": 4.410303926677745, "target_rescale": 3.7083806765704024},
{"mapping": [4, 12, 9, 2, 8, 7, 5, 3, 1, 10, 13], "R": [[0.630176761812592, 0.3789927284211836, 0.6776737863273617], [-0.43469237284763595, 0.8953910448725617, -0.09652677219359404], [-0.643365984381742, -0.23375069746610194, 0.7289998776231881]], "T": [0.09992172860963634, -0.07382430990111219, 0.06875656605613625], "aligned_model": [[-0.16484060057852895, -0.6305836580686311, -0.45600452912027145, 0.16355232907083916, -0.19095437295904616, -0.19366272980291988, 0.3924562319737883, 0.7374873123198835, 0.39551960774212, 0.015906506872792228, 0.07335381258385504], [-0.6151850773295072, -0.008145654235740471, 0.04287930230207375, -0.14375085757651748, 0.5661338298768711, 0.42301195567961136, 0.38485186293979334, -0.29073380498980084, 0.5388700996628537, -0.07987143923936432, -0.022954642134334804], [0.43196838241958957, 0.24965192672797312, -0.3200660022880414, 0.724248863775368, -0.24253470313622236, 0.48566789469103866, -0.5661532352368422, -0.2003588238995274, 0.38553305747214306, -0.7485798932741123, 0.015854778198192254]], "inverted": true, "swapped": false, "error_lsq": 0.04907250387882423, "error_max": 0.27905914368868634, "target": "992.xyz", "model": "20.xyz", "model_rescale": 4.121658175737393, "target_rescale": 3.7083806765704024},
{"mapping": [1, 5, 8, 3, 9, 7, 10, 2, 11, 6, 12], "R": [[-0.7364913898316972, -0.6735939729536506, -0.06206119805717597], [-0.21387783716222714, 0.14484121893753632, 0.9660627785333088], [-0.641745045539569, 0.7247704332388328, -0.2507411327010618]], "T": [0.010283621231022912, 0.03963257748025066, 0.010435418215526036], "aligned_model": [[-0.039279071944077426, -0.6026381789582421, -0.5513785153309234, 0.22748632568283503, -0.1742842998764706, -0.14218997236544664, 0.4512554890299124, 0.5862373478213407, 0.39611301135429033, 0.017335155580727124, -0.026427380960064552], [-0.6494361881030888, -0.09365505111392246, 0.06420770878808085, -0.09981046934085712, 0.6884243552261577, 0.42007876076240086, 0.3487178435037168, -0.4509449130509509, 0.7611965834068244, -0.22588667943732688, 0.03221362431490306], [0.08186819595884445, 0.27588749468741364, -0.3605562392922453, 0.6554310188362162, -0.24969298624658834, 0.5570893897359085, -0.5540848664547018, -0.05139228447471147, 0.3345497039378339, -0.5829230418584515, 0.10905586062004038]], "inverted": true, "swapped": false, "error_lsq": 0.048021106802491074, "error_max": 0.2350922719904751, "target": "992.xyz", "model": "21.xyz", "model_rescale": 4.08911054899281, "target_rescale": 3.7083806765704024},
{"mapping": [7, 6, 0, 5, 1, 8, 15, 14, 11, 4, 16], "R": [[-0.3055078261596272, -0.43068074153088914, -0.849222625128195], [0.9340863920966616, 0.03752734109037334, -0.3550694449970722], [0.1847906389811483, -0.9017237922696122, 0.39082812360403224]], "T": [0.11877077364792817, -0.05972665746562836, -0.004658636420464615], "aligned_model": [[-0.29306172777749867, -0.5199121764464069, -0.6103763490259029, 0.28507518745900573, -0.16326886489823983, -0.17924852470949498, 0.6369641884225155, 0.6818564489219292, 0.35086296291059615, -0.13334134990925423, 0.08668011508663191], [-0.6179650607654075, -0.07320056496554991, -0.08890827320363401, 0.04594568277766857, 0.647373363628814, 0.43658190006099373, 0.3865571373823401, -0.2852080981559225, 0.6149188451767795, -0.18806780506874712, -0.08292155191139777], [0.15205787151798683, 0.3793552586755977, -0.2646053713079547, 0.6727668225066609, -0.2292951956066877, 0.37694892586370465, -0.25727173432815925, -0.21421824167041564, 0.27261323684850286, -0.6420440871919437, -0.03107523985773311]], "inverted": true, "swapped": false, "error_lsq": 0.04693218053856027, "error_max": 0.21587423770272784, "target": "992.xyz", "model": "22.xyz", "model_rescale": 4.204369325754507, "target_rescale": 3.7083806765704024},
{"mapping": [12, 4, 0, 13, 8, 7, 2, 10, 9, 1, 15], "R": [[0.9487309228783033, 0.14194597714625634, 0.282419856855848], [0.11477090967508718, 0.6778123509805084, -0.726221767196928], [-0.29451192550869004, 0.7214026312887074, 0.6267702683622551]], "T": [0.06802436190751414, -0.01834357622306393, 0.04868872996000077], "aligned_model": [[-0.13552024303528593, -0.6295882889465994, -0.5132235044113985, 0.2544660384761515, -0.23432370188400042, -0.2485018711406048, 0.5684746669779336, 0.7892135634707359, 0.2874214890862734, -0.09474285328908517, 0.09855461472976076], [-0.5173808276061114, -0.061947644070629, 0.10776994240578727, -0.09703218975153888, 0.6354920243050649, 0.43380454668603036, 0.1910211914798759, -0.22374438258735074, 0.6006195300029801, -0.2594717026182354, -0.01402491328993553], [0.14702731719881262, 0.26339854168624705, -0.29615986910154823, 0.6892958238258187, -0.18230220349735432, 0.48572278776727656, -0.6303113946443066, -0.1871092370372353, 0.4458781314717347, -0.5436654582565905, 0.02345780603670448]], "inverted": false, "swapped": false, "error_lsq": 0.04625233893902691, "error_max": 0.2629306832161848, "target": "992.xyz", "model": "23.xyz", "model_rescale": 4.410303926677745, "target_rescale": 3.7083806765704024},
{"mapping": [15, 8, 10, 5, 1, 4, 7, 13, 0, 11, 16], "R": [[-0.3478833753711007, 0.8749919379311439, -0.3366990729062248], [0.003332985372640207, -0.35797468875239014, -0.9337253415331166], [-0.9375318919103051, -0.3259497365670523, 0.12161710769029815]], "T": [0.06946242557168272, -0.012093321044749555, 0.006920201160711487], "aligned_model": [[-0.07990443836739958, -0.6742471237412465, -0.540590531988416, 0.19410508847481, -0.0365045125334956, -0.33610321964522316, 0.5032744711061983, 0.6933983437795576, 0.4447584180003752, -0.06361155095983564, 0.037654965908556305], [-0.6410704447509856, -0.16027633222655394, 0.14459420738510245, -0.06876784273082441, 0.6845508711076604, 0.22155948974279796, 0.2997588511456655, -0.28047735436672616, 0.6005784291294817, -0.10865510657951197, 0.1033108070998318], [0.30923048653979524, 0.3241654827841062, -0.1576044282487961, 0.620804749430176, -0.48276666525421164, 0.5117045555359474, -0.38866320158967815, -0.17435474045301855, 0.23966911241826086, -0.6043805635657775, 0.01742745785275486]], "inverted": false, "swapped": false, "error_lsq": 0.041027061343274045, "error_max": 0.25989223099494313, "target": "992.xyz", "model": "24.xyz", "model_rescale": 4.28219845311461, "target_rescale": 3.7083806765704024},
{"mapping": [0, 6, 14, 1, 11, 8, 9, 7, 5, 13, 15], "R": [[0.4206038609390013, -0.8870321592244725, -0.19043723549971836], [-0.5201020453455055, -0.4077405336245073, 0.7504941836330404], [-0.7433614562180548, -0.21661395555497343, -0.6328444830036848]], "T": [0.05913674534102825, 0.009391095976551453, -0.06680510062218642], "aligned_model": [[-0.21672855442067357, -0.7092869663292805, -0.6161750217395334, 0.2687158951710622, -0.06501445910648189, -0.19512546983368495, 0.5817503140555034, 0.6721313897335597, 0.3095031181650828, 0.07565645477456791, 0.03680320956375949], [-0.5760243734380729, -0.10604589052497256, 0.13987049513874739, 0.003930051001890242, 0.5099602505667797, 0.3487830009980889, 0.3652750055524768, -0.28686278088613293, 0.6823225727645109, -0.23842439515300778, -0.047678361064370116], [0.42992544664992133, 0.38969948473407784, -0.3940263843606228, 0.5381115513150669, -0.24143061753094477, 0.4828401646800115, -0.3057515058668453, -0.4436568116971506, 0.39119117427646827, -0.6064633614627404, -0.02520689528768321]], "inverted": false, "swapped": false, "error_lsq": 0.043919892343096886, "error_max": 0.256484792983909, "target": "992.xyz", "model": "25.xyz", "model_rescale": 4.100010024507729, "target_rescale": 3.7083806765704024},
{"mapping": [0, 4, 9, 6, 7, 5, 3, 1, 2, 8, 11], "R": [[0.3343643099337298, -0.8433427648525194, 0.42068217125693524], [0.8730739066454629, 0.4452664503339394, 0.19869509742780123], [-0.3548837299417525, 0.3008500775767261, 0.885181771753524]], "T": [0.048889980268369895, 0.025556120860432976, 0.00457634703631947], "aligned_model": [[0.06914695009993992, -0.6304744842364823, -0.6973228024836734, 0.08643761973408497, -0.14411854012200725, -0.38075984793420026, 0.5193645129089788, 0.6401461933997791, 0.6121935443972237, 0.14325511305821131, -0.07563834878797335], [-0.7189384861164542, -0.1250573412379059, 0.14084607488086026, 0.0008716519922500332, 0.5948121958504778, 0.49048617528902283, 0.4240984837061135, -0.3530074693229396, 0.42377698026384764, -0.11778569214421684, 0.035003001794881944], [0.14298484131837413, 0.5352542998806353, -0.3258561142902363, 0.6514635009590303, -0.30727534662430167, 0.4088376980656513, -0.5225757425979037, -0.07449483848143418, 0.2726556788775002, -0.5848353726579109, 0.019073641000154518]], "inverted": false, "swapped": false, "error_lsq": 0.061120585439873504, "error_max": 0.3311707539884838, "target": "992.xyz", "model": "26.xyz", "model_rescale": 3.6694154284099745, "target_rescale": 3.7083806765704024},
{"mapping": [12, 11, 9, 2, 8, 10, 5, 1, 4, 7, 13], "R": [[0.5172455773121307, 0.34190818035640724, 0.7845736478855323], [0.6810966693265046, -0.7195554060511077, -0.13545237042949004], [0.5182319362827639, 0.60443263795728, -0.6050593742672045]], "T": [0.04686332210824232, 0.0473765326691154, -0.031253541705191665], "aligned_model": [[-0.3252801070338823, -0.5072314232819166, -0.6043551657021194, 0.18947240633065698, -0.12355302137107718, -0.30637830705236047, 0.6698778448516595, 0.7831376608026375, 0.26114356347935397, 0.04484133971693918, 0.06055511929398989], [-0.5997814639177279, -0.16405352702089623, -0.0034126369495334832, -0.10464415907274469, 0.6085756078901416, 0.4250625672991074, 0.28434051692027956, -0.37583784753334976, 0.7320213171849523, -0.04302754229191104, 0.03586274244761968], [0.23787209616213079, 0.5887882409479492, -0.22669784797627918, 0.6158028735963285, -0.28496806686339554, 0.27609695945931323, -0.4574922944480134, -0.27298963802868936, 0.3698400474758464, -0.654111101293332, 0.02309097641769993]], "inverted": true, "swapped": false, "error_lsq": 0.050754458732905405, "error_max": 0.34837862887800636, "target": "992.xyz", "model": "27.xyz", "model_rescale": 4.103607728864725, "target_rescale": 3.7083806765704024},
{"mapping": [10, 6, 11, 0, 8, 5, 4, 12, 1, 13, 14], "R": [[-0.293774078856605, 0.2798919824463915, 0.9139788119831785], [-0.3763588446622133, -0.912804551327115, 0.15856188419992015], [0.8786642195039455, -0.297402638251132, 0.37349813938598014]], "T": [-0.03310698070552337, -0.08366923235852669, 0.07807686180430752], "aligned_model": [[-0.18835625088972396, -0.6307143625946592, -0.5829879622808385, 0.3599125021525794, -0.12150099065635858, -0.32180774734164425, 0.5047468990109318, 0.6044229108984722, 0.387087656268254, 0.05626004598619547, 0.07516720948067274], [-0.5592359226383248, -0.06975366385615425, -0.04456385888946443, 0.10274927943638859, 0.5872398290895804, 0.3215127085718132, 0.4151765870784477, -0.523604578019675, 0.6470587642329697, -0.09132931235434283, 0.00985574230469917], [0.17559231447384124, 0.2876932660210049, -0.33199984971062424, 0.6441824752155909, -0.38489992711523646, 0.6143788965473315, -0.45434716060520786, -0.2924715777742984, 0.38194178924859584, -0.5636609278484762, 0.13882294699703784]], "inverted": true, "swapped": false, "error_lsq": 0.0447232613988, "error_max": 0.23851860921945695, "target": "992.xyz", "model": "28.xyz", "model_rescale": 4.137296879288765, "target_rescale": 3.7083806765704024},
{"mapping": [3, 7, 1, 8, 0, 7, 6, 4, 9, 5, 10], "R": [[-0.1980113568746974, -0.9751148353136938, -0.09971238889821821], [-0.579727130440755, 0.19853117877880389, -0.7902542788771392], [0.7903846891100369, -0.0986733449511411, -0.6046119534185409]], "T": [0.03327861893978176, 0.0016045960486881644, -0.026014550150809036], "aligned_model": [[0.0764968028970972, -0.49093186538199485, -0.6593203252329162, 0.16302246446104549, -0.19131511283503055, -0.49093186538199485, 0.5496507570881122, 0.7184688841875001, 0.3890302719103328, -0.03726902787852651, 0.11532892620025607], [-0.6118064589318093, 0.1838126780671563, 0.09279187555434519, -0.10368594658388448, 0.6126219808699636, 0.1838126780671563, 0.2506939710355445, -0.332841250013258, 0.599083844088021, -0.09072711978229443, 0.011349322584996872], [0.27017422608109526, 0.4278750924476427, -0.30699595251947825, 0.6742956055354271, -0.2843471912568368, 0.4278750924476427, -0.4589835111281117, -0.16125596111612436, 0.3307115714326127, -0.6891103435410161, -0.015006382933294893]], "inverted": true, "swapped": false, "error_lsq": 0.05309508465282117, "error_max": 0.33417206696571766, "target": "992.xyz", "model": "29.xyz", "model_rescale": 3.607286011436655, "target_rescale": 3.7083806765704024},
{"mapping": [7, 5, 10, 6, 8, 4, 9, 1, 3, 11, 14], "R": [[0.28370744530909336, -0.9368079180276658, -0.20469736245701373], [-0.9527631572335382, -0.25125751839834015, -0.17062246530480144], [0.1084087251773039, 0.24343496907588694, -0.9638396983609121]], "T": [0.025480702809897633, -0.0783231941210645, 0.005814151491768782], "aligned_model": [[-0.14403327327090823, -0.6647293568023027, -0.5422497092812767, 0.2274279581168341, -0.10470696423906263, -0.29437628829605617, 0.506734235080459, 0.6763894359792262, 0.37371370037030055, -0.01603657012608264, 0.12409674250275077], [-0.6083714857752793, -0.11999836200659537, 0.13743049773793706, -0.05901004231354175, 0.5672246334049823, 0.4000586410309006, 0.38645484551183074, -0.2747702825886753, 0.5229350721187173, -0.13978499603248118, -0.017062946131856868], [0.5439617009288866, 0.3257742795939492, -0.3820098061719882, 0.46187037027924466, -0.1715784836702759, 0.4128667460536249, -0.40276107959780816, -0.2692720556722651, 0.38485730596656137, -0.576448526267091, -0.1120282059932795]], "inverted": false, "swapped": false, "error_lsq": 0.04519712684251071, "error_max": 0.2784092628756497, "target": "992.xyz", "model": "30.xyz", "model_rescale": 3.964800864290218, "target_rescale": 3.7083806765704024},
