[{"mapping": [4, 5, 3, 10, 0, 7, 9, 12, 8, 11, 13, 14], "R": [[0.9070308297095716, -0.27962933555685016, -0.3148055092472189], [0.052661273348082106, -0.6664367768486957, 0.7436994102141539], [-0.41775814084913404, -0.6911363520750131, -0.589753065778143]], "T": [-0.08377312697938939, -0.05517318898042845, -0.016598946489822505], "aligned_model": [[-0.3012788256867895, 0.1590767565786581, 0.43907413638392795, 0.09092906999285964, -0.08490130359100222, -0.6263299943403782, 0.5382829612734429, -0.2078998981384248, 0.5340586787102951, 0.06898805417341271, -0.6306379527652832, -0.14171922013016983], [-0.24180743991634718, -0.7215668082605589, -0.271674894500739, 0.6395525648828374, 0.3417246059576484, -0.5742295839841245, -0.16764941649555276, -0.4943170125184059, 0.19114117661862903, 0.333268481427748, 0.06993413076371141, -0.05082076799778885], [-0.5714241620172359, 0.14976409676003027, -0.5182696618747241, -0.03944649186433018, -0.6518348565638462, -0.09913182216107515, 0.47162534048432925, 0.5800476615827395, -0.06471060613420561, 0.4572636443924605, 0.42140427399114305, 0.046664328758276766]], "inverted": true, "swapped": true, "error_lsq": 0.04022254834421713, "error_max": 0.21799891458636125, "target": "993.xyz", "model": "0.xyz", "model_rescale": 3.751011558992144, "target_rescale": 4.146845871215719},
{"mapping": [11, 10, 4, 12, 9, 3, 13, 5, 7, 0, 6, 1, 2, 8, 14], "R": [[0.9495245339219559, 0.27143482903880956, -0.15724596358878334], [-0.13195364645330415, 0.8003762675794036, 0.5847957468068143], [0.2845898709862478, -0.534528730640679, 0.7957937179016278]], "T": [0.05056633864556221, 0.007958944479059517, -0.030463867746538514], "aligned_model": [[-0.4389002733493821, 0.3676992754756562, 0.5546987528081068, -0.6103552428095775, 0.07716974626769144, -0.36574319751905526, 0.0021367662954355424, 0.4891135505760668, -0.5329417532413657, -0.1475212088330703, -0.34020049056632634, -0.013432381396951333, 0.3578895483148135, 0.6593829578756977, 0.015032237994697904], [-0.23658353806387464, -0.21099008582006257, 0.43306388255732137, -0.32532500828075556, -0.6132692060347963, -0.11786967811205465, -0.6014765202603051, -0.4181955315728252, 0.32132503253726397, 0.46112156936962845, 0.39322487959679264, 0.7019007312964187, -0.1300727351398744, 0.2142853910606595, -0.03191853705839141], [-0.6112843209854077, -0.7543020890622235, -0.4671677382605634, 0.033407675814279156, -0.24854060893256888, 0.5974369344093426, 0.3616396761554229, 0.09663747939244784, 0.0011118405561808715, 0.5447834507484505, -0.5429062446980221, -0.02458936542828664, 0.7246770477177699, 0.13442995788095866, -0.042749086528961394]], "inverted": true, "swapped": false, "error_lsq": 0.045563708333694976, "error_max": 0.29727131487326186, "target": "993.xyz", "model": "1.xyz", "model_rescale": 3.9405287249114394, "target_rescale": 4.146845871215719},
{"mapping": [0, 1, 4, 11, 13, 3, 10, 2, 12, 5, 9, 8, 14], "R": [[0.7639993134534574, 0.6075805042146718, -0.21714276396161933], [-0.11398556411500398, -0.2041519908863492, -0.9722804409173955], [-0.6350687680999835, 0.7675727297887711, -0.08671657435913933]], "T": [-0.08230416058045598, -0.07473569420665782, -0.06816421554763974], "aligned_model": [[-0.260947783411908, 0.12719243227949095, -0.3908791245742989, 0.32127732824301936, 0.5745884461929722, -0.8119835676980872, 0.1659546960195587, 0.6867481830627865, 0.12461146382966642, -0.47491700337914766, -0.2110708487209604, -0.34750361759658743, -0.0070873249625736795], [0.645057112631908, 0.49843628895858094, 0.2939309809351713, -0.24520151785734795, -0.19229097414231355, 0.043381272199486454, 0.30928819027848453, 0.3566002707876239, -0.7576336281684177, -0.6598045412125992, -0.6751198699765304, -0.05249528010243576, -0.10531571075959359], [0.03690036031816399, -0.52940822319434, -0.4667096541286306, 0.3866237016846485, -0.3156165536104588, 0.09162345935247398, 0.4837233973791677, 0.09242535312083183, -0.3028518039713664, -0.25332032226154066, 0.44264456921464856, 0.5432899941809394, -0.09620392849589345]], "inverted": false, "swapped": true, "error_lsq": 0.04546556221175645, "error_max": 0.28260154068689713, "target": "993.xyz", "model": "2.xyz", "model_rescale": 3.932901565614263, "target_rescale": 4.146845871215719},
{"mapping": [12, 7, 5, 13, 9, 8, 3, 11, 2, 10, 4, 1, 0, 14], "R": [[0.0682672543623091, 0.9679041382995741, 0.2418701326009279], [-0.9588893728575478, -0.003277822234936804, 0.2837612138793017], [0.27544646050129307, -0.2512982987287316, 0.927889224236037]], "T": [0.05553085224925426, -0.12093340439554164, -0.019114520806794124], "aligned_model": [[-0.20766411127002316, 0.519012006730491, 0.15417384618920615, -0.21440047533274842, -0.4799272691641282, -0.1937472685281446, 0.4279775230533672, -0.5653812200976103, -0.31540690846226144, -0.29570978636663675, 0.6697562276032553, 0.4979194520498299, 0.40632708369061615, 0.016880811957490603], [0.06705172004153188, 0.295022326138805, -0.4228791119343577, 0.5265554586509739, -0.6202850436735365, -0.6841619312323917, -0.7752752247294762, -0.09249990303204267, 0.46951842380378, -0.1806592422671086, -0.07355998256596306, 0.40934141095927307, -0.20486695645735092, -0.049805305351648135], [-0.697076121609435, -0.4466250127923673, -0.6747299060489552, -0.13934368077908973, -0.33833258677847294, 0.23649393694619084, 0.05185036870568124, 0.09236820982220226, 0.5439601170346225, 0.6027774144301039, 0.08313536698306986, 0.30991728048662387, 0.6373540288599617, -0.04785305220303872]], "inverted": true, "swapped": true, "error_lsq": 0.040619611770598994, "error_max": 0.2669696952162745, "target": "993.xyz", "model": "3.xyz", "model_rescale": 3.9243930471874484, "target_rescale": 4.146845871215719},
{"mapping": [10, 0, 2, 11, 13, 8, 9, 1, 7, 6, 12, 5, 14], "R": [[-0.9078426828124471, -0.38256298306069164, 0.1716602087136204], [-0.38785819645059166, 0.9217144616043529, 0.0029104493626230504], [-0.15933512704357758, -0.06393758879644346, -0.985151918248604]], "T": [-0.05428390474164656, -0.036723471673933146, -0.10870767334344936], "aligned_model": [[0.03131486940507934, -0.26509715401639783, 0.6371751596811399, 0.21510157375957117, 0.646549096654764, -0.47395499767293736, -0.30641444615963803, 0.26272958871720725, 0.14520602390552645, -0.4852267848983719, 0.21796275163952422, -0.374276443566965, 0.026136648862850137], [-0.5719107559637132, 0.015744499069514188, -0.3288448400309956, -0.6015740477944744, 0.009175723356950993, -0.5467457565508319, -0.5780603312420192, 0.43211973845686286, 0.6621434134038754, 0.4804242587070256, 0.032388741600945174, 0.1572305839991605, -0.0342616733307136], [-0.5776790601428595, -0.8255470415655318, -0.5984328002285216, -0.02418575048715027, 0.006557969136482378, -0.20065918938740906, 0.4217187849305526, -0.6233429505784555, 0.09717582864579702, 0.08575306596787324, 0.5879609624224619, 0.516368148701258, -0.07861765204353316]], "inverted": true, "swapped": true, "error_lsq": 0.03791712513538994, "error_max": 0.2290767642799025, "target": "993.xyz", "model": "4.xyz", "model_rescale": 3.8936222436046832, "target_rescale": 4.146845871215719},
{"mapping": [12, 5, 7, 13, 4, 3, 8, 0, 2, 11, 1, 14], "R": [[0.564821657562641, 0.73325251971923, -0.3785726317017528], [0.18106423909832098, -0.5576980953118624, -0.8100546745777515], [-0.8051038668817438, 0.3889904585088446, -0.4477657721634628]], "T": [-0.10745197080002183, -0.09849972509667039, 0.0158369515575343], "aligned_model": [[-0.06974839416179571, -0.6180361283667051, -0.3032967784584935, 0.44592586949934515, -0.44110953188327584, -0.7513355127632555, -0.213530543501493, -0.14306859099302516, 0.7347307909666265, 0.3611896056084422, 0.07248188450057799, -0.046654628231851174], [-0.5941368624518434, -0.5166286762204202, 0.16373915165293412, -0.10121481929899265, 0.4222629879236409, -0.052048829778583626, -0.3614877387288025, 0.4902270455872696, 0.1865677544195966, -0.47361488051133055, 0.6192867780089986, -0.11402900549265951], [-0.5473363755607428, -0.29271641853401753, -0.6649528500080377, -0.4317402981057795, -0.07048176621182314, 0.4097557943253574, 0.6193982820910794, 0.4775576893448193, 0.12873495610668945, 0.21187867633567592, -0.1779859649706368, -0.042827005537065664]], "inverted": false, "swapped": true, "error_lsq": 0.039293718855673745, "error_max": 0.22420086731297242, "target": "993.xyz", "model": "5.xyz", "model_rescale": 3.6523030999806103, "target_rescale": 4.146845871215719},
{"mapping": [2, 1, 0, 10, 8, 13, 4, 11, 7, 5, 3, 9, 14], "R": [[0.6300380490728501, -0.7577441739876735, 0.16992887779366841], [0.7279569483779108, 0.6524902265136792, 0.21055922115273695], [-0.27042695507067455, -0.008959413589407383, 0.962698805898988]], "T": [0.023711546126657587, -0.04238276711528459, -0.05016935926334007], "aligned_model": [[0.23151031283834939, -0.38537363061551977, 0.18482511625485676, 0.6092323038903541, 0.6306153061126284, -0.22207697373738372, -0.3479931362648687, 0.4692946544768303, -0.7304414938431294, -0.21522464905159916, 0.181030224492146, 0.48123315691256857, -0.005548286800938284], [-0.5615224790755655, 0.018231561896294546, 0.4204606326944716, -0.1170729167398553, 0.19508639135908384, -0.682567328332157, 0.4007104064180754, -0.48935137012581864, -0.06856941375813044, 0.07116328000735374, 0.6658240645496252, -0.18866779625804736, -0.12289812847214694], [0.6502554143881448, 0.5933647894683225, 0.516286463047491, 0.3563691565187931, -0.19151242950148678, 0.1403864891635707, 0.18536441970264325, -0.07122704883682734, -0.08432522147322369, -0.7289550203798244, -0.26373357207765546, -0.6883247470745181, -0.04383895346364067]], "inverted": true, "swapped": true, "error_lsq": 0.05005348180265406, "error_max": 0.2622668304155495, "target": "993.xyz", "model": "6.xyz", "model_rescale": 4.08911054899281, "target_rescale": 4.146845871215719},
{"mapping": [6, 2, 0, 5, 7, 10, 12, 13, 4, 8, 3, 9, 11, 1, 14], "R": [[-0.6278460031793369, 0.6604363775224094, -0.4118654969001531], [0.6880559001606283, 0.7183153443588809, 0.10296671458646309], [0.3638522702222426, -0.21873924500112094, -0.9054085642131182]], "T": [-0.01265712211837506, -0.04621589781935886, 0.030266114741086727], "aligned_model": [[-0.10179354916626074, 0.44453192652195633, 0.28948235935434646, -0.6401806813399639, -0.130598835763087, -0.33568653264694354, 0.0011362334239386693, 0.4830614574029163, -0.6802850420546175, -0.3429546403769316, -0.2522907988783869, 0.29675547712433487, 0.2737703171096313, 0.6845513442633657, 0.08452925291813856], [0.00249534046356633, -0.274803554639722, 0.4804015041123407, -0.4741241245688703, -0.6640558916501105, -0.0869725835161032, -0.6013849156957802, -0.5791653747229433, 0.14144669392642453, 0.46653637012286464, 0.5837811735358994, 0.6519397122382158, -0.03192633761887822, 0.15208619284669725, 0.07296644124154336], [-0.45843100934658026, -0.5933246166236275, -0.6880945389851532, 0.09034907143669305, -0.42101257824498445, 0.6731236347302099, 0.47703117933791733, 0.10851231169156073, -0.09584971250956706, 0.335450705501054, -0.3846204086747133, 0.20746627129518402, 0.5424049567397389, -0.08163872920450624, 0.09121807163559333]], "inverted": true, "swapped": false, "error_lsq": 0.05316214736285683, "error_max": 0.33156500210886686, "target": "993.xyz", "model": "7.xyz", "model_rescale": 3.964800864290218, "target_rescale": 4.146845871215719},
{"mapping": [3, 5, 8, 4, 10, 7, 0, 9, 12, 13, 1, 2, 11, 14], "R": [[0.14150421322037077, -0.7862787062916115, -0.6014502088064096], [0.22468732155386673, -0.5661973074831905, 0.7930549896014366], [-0.9641017400533168, -0.2473588588087666, 0.09654755198860038]], "T": [0.014541207848294314, -0.05483313325519123, 0.037936994002098996], "aligned_model": [[-0.14353101048397088, 0.22858525061816687, 0.3270227796763093, -0.5835955288594825, 0.14775095504734564, -0.39004270746993736, -0.48563745165103317, 0.7490939327454126, 0.41145592668431175, 0.09859283496127903, -0.6490906449930777, -0.013182693285621949, 0.5269289137193001, 0.0368373327518709], [-0.12256717946767443, -0.7082182500131171, 0.2639751092396085, -0.1675426865888696, 0.6488145051860988, -0.6099369975695311, 0.44173787066631776, -0.17810428425529118, -0.6002783441618, -0.06843230732433059, 0.1097417829566818, 0.6076785283151678, 0.26194064407552703, -0.06785992487758576], [-0.6985010745072048, -0.20290781261565155, -0.4574600290019248, -0.10170932054125359, 0.009268104860483427, 0.3522150975512102, -0.21562234915564849, -0.2505143030260087, 0.3683763316493978, 0.7445558351968359, 0.3809659142751141, 0.6409219980569565, 0.22736211821280047, 0.11986452776991505]], "inverted": true, "swapped": true, "error_lsq": 0.05022555820154539, "error_max": 0.41609861999437114, "target": "993.xyz", "model": "8.xyz", "model_rescale": 4.121658175737393, "target_rescale": 4.146845871215719},
{"mapping": [11, 10, 8, 9, 2, 13, 0, 7, 3, 1, 12, 5, 14], "R": [[0.7404241903790767, 0.6439833820942895, -0.1925030438405832], [-0.014873111736179445, -0.2706353564689843, -0.9625670337052838], [-0.6719753037491574, 0.7155710358974199, -0.1908069279033694]], "T": [0.02886234690747739, -0.022859809320044708, 0.002194255458252699], "aligned_model": [[-0.397654538997725, -0.230570040923295, 0.2694369396102202, 0.11940783561133259, -0.7334017643126434, -0.6204966750541859, 0.22365843910308786, 0.05904014201417155, 0.7545084436291537, -0.1451147419300807, -0.1878260091350661, 0.41174469107911343, -0.045995224258886296], [0.18519463084357918, -0.3490117913727666, 0.03407372656626431, 0.6361469710186125, -0.45821217254084756, 0.043620073603583095, -0.7194951095018278, -0.0054476844674579555, -0.09754480970840083, -0.6518403683542959, 0.6213231115675567, 0.5497978971337377, 0.0017829646239728159], [-0.41441750719409154, -0.5809064749348405, -0.617147392142949, -0.4399360545442684, -0.17864538651689488, 0.28587204107169956, -0.19224734210436797, 0.7567704873076169, -0.1972440783798012, 0.4012887407772775, 0.32206368004696445, 0.2392542598485073, 0.03637046072423658]], "inverted": true, "swapped": true, "error_lsq": 0.03894963276741091, "error_max": 0.2186864944955315, "target": "993.xyz", "model": "9.xyz", "model_rescale": 3.833441315466971, "target_rescale": 4.146845871215719},
{"mapping": [13, 5, 1, 8, 2, 7, 9, 3, 10, 11, 0, 12, 7, 6, 14], "R": [[0.5447311816215176, -0.0835242595953416, 0.8344409133235711], [-0.7431051986122353, 0.41308616303217277, 0.5264546378434021], [-0.3886677289982996, -0.9068536375680518, 0.16295360218447807]], "T": [0.07398569290694486, 0.0684094806082248, -0.038471302488564334], "aligned_model": [[-0.24796203389343713, 0.32109973873627257, 0.3610723305451296, -0.6135829868073686, -0.02059706897422063, 0.11649140865524005, -0.2021310130425596, 0.46279508935045754, -0.6867356047093287, -0.24742046581192656, -0.15200731675398543, 0.11823413987157096, 0.11649140865524005, 0.6735974825848174, 0.07468317948653572], [-0.2546411523536699, -0.18038765826410438, 0.5569838481545675, -0.20260096212124976, -0.6060212184489153, -0.11591139206315731, -0.6269469159563043, -0.6467143393598521, 0.37653569744782067, 0.29828523957230146, 0.3420560366368798, 0.6575604081626252, -0.11591139206315731, 0.3749791218647741, -0.0180446751334139], [-0.6924395671357418, -0.6168049721895551, -0.5122700812756334, 0.20924226795970594, -0.2683573356699273, 0.6003816201847231, 0.2748163815737092, 0.26442641143336165, -0.08446570833320105, 0.5175793225644428, -0.6197351699891318, 0.07969517674214269, 0.6003816201847231, 0.04933715259433092, 0.0007974901348700783]], "inverted": true, "swapped": false, "error_lsq": 0.045413235628846575, "error_max": 0.3375843179640241, "target": "993.xyz", "model": "10.xyz", "model_rescale": 4.2482417240324, "target_rescale": 4.146845871215719},
{"mapping": [12, 13, 2, 1, 9, 8, 11, 0, 7, 3, 6, 14], "R": [[-0.02554372540912969, -0.14267452850592743, -0.9894399916153758], [-0.9874722023597573, 0.15776921536070548, 0.0027430368641724323], [0.1557118096323907, 0.9771145550037001, -0.1449171443995757]], "T": [-0.01849667520129818, 0.087743367719475, -0.05739835740646083], "aligned_model": [[-0.6730939256124028, -0.062129150288873114, 0.4926269419723861, 0.5774823304571878, -0.6331261179268839, -0.029781878194445416, -0.1475066785834698, 0.6768186016479008, -0.11653599412582925, 0.018442625689501554, -0.1859185374979275, -0.04051261517413759], [-0.27723734670992956, -0.5394779106352975, -0.26556619507547435, -0.35082338267326213, 0.5080549798740253, 0.7216335580254024, 0.14864365891401446, 0.3399995156583707, -0.47820592923937977, 0.6974159691453098, 0.1468799917328402, 0.014814481034019458], [-0.00706501017782387, 0.276142457762887, 0.5885166775097181, -0.25138085548235767, 0.23162833669418403, 0.149380532820027, 0.5577571012981792, -0.1755393556411971, -0.5479988632133355, -0.5033249916131052, -0.7352193513679102, -0.017704388734909024]], "inverted": false, "swapped": true, "error_lsq": 0.052355780517573745, "error_max": 0.30756066966980705, "target": "993.xyz", "model": "11.xyz", "model_rescale": 3.6694154284099745, "target_rescale": 4.146845871215719},
{"mapping": [13, 7, 4, 6, 12, 2, 11, 10, 3, 8, 0, 9, 1, 14], "R": [[0.2623005088393209, -0.028094963151255245, -0.9645771695972092], [0.460179394678155, 0.8822393965973723, 0.0994412982877419], [0.8481941804659359, -0.4699620411661291, 0.24434056578203586]], "T": [0.10586049786662638, 0.05861631133719211, -0.032798810028946954], "aligned_model": [[-0.07060372885683691, 0.12371717015558406, -0.15142764904443856, 0.384756908855783, 0.6240118207595684, -0.5735268308853374, 0.15061791629429158, -0.2848522094580817, 0.3012397422321249, 0.2536009003556851, -0.47065091215261373, 0.758373284576954, -0.5483186387339927, 0.10132707615711949], [-0.45584791076570674, 0.3082365552538433, 0.5972085567769051, 0.6608432176717582, -0.25710336553200575, -0.5258096837693799, -0.5181603276673115, -0.23762305261096092, 0.6692893985049806, 0.06550686946749353, 0.41077859630771385, -0.21977056827809885, 0.23947833439427094, -0.006039331617247484], [-0.4918704178964397, -0.7455189824410413, -0.21635614436600054, -0.25753880503099813, -0.47561053098529077, -0.02013605753187743, 0.2203694087678108, 0.489955970551819, 0.36822623589043413, 0.617452627721869, 0.2907287977863935, 0.3342099657754644, -0.38564376910822507, -0.08917283948150262]], "inverted": true, "swapped": true, "error_lsq": 0.044272406684340196, "error_max": 0.2797089284627877, "target": "993.xyz", "model": "12.xyz", "model_rescale": 3.9764082729961374, "target_rescale": 4.146845871215719},
{"mapping": [10, 8, 2, 13, 11, 6, 14, 3, 12, 5, 1, 9, 4, 7, 15], "R": [[0.6735384589465656, -0.5813051614235036, 0.4565416230994497], [-0.17198115709800826, 0.4774562063956708, 0.8616600562736356], [-0.7188660695311164, -0.6588777430424018, 0.22161158318155486]], "T": [-0.024850370999353825, 0.05814553048741173, 0.031931352152276646], "aligned_model": [[-0.3242680834822719, 0.29756379153666024, 0.47895815466738545, -0.5263370648682838, -0.1030556066873547, -0.24081110383682564, -0.07695747273187128, 0.5443246170966999, -0.6023070858985142, -0.23063311226789318, -0.12657256627933147, -0.15630155533365506, 0.36849584908550886, 0.7211931202944123, 0.050736406597771226], [-0.13370518586050306, -0.20752894659341908, 0.41748515074798953, -0.2805240155271108, -0.6383945333900379, -0.2434270911559181, -0.701914087138355, -0.555465556754254, 0.23408813550270094, 0.5879299983327332, 0.35813969267313867, 0.6447183869418293, 0.18986806813968804, 0.15984776640766934, 0.00810286374899341], [-0.6889633940115125, -0.5382607353696187, -0.47136927439473025, 0.1230059406038649, -0.3412449858891284, 0.6998188587330652, 0.2735969624047071, -0.05731389339934537, -0.17495382640474755, 0.6482152046590361, -0.5185036357462958, 0.04426004736454575, 0.6182688368815266, 0.09603644734773403, 0.08999205599971774]], "inverted": true, "swapped": false, "error_lsq": 0.04046341258376837, "error_max": 0.23159795753390705, "target": "993.xyz", "model": "13.xyz", "model_rescale": 4.170626492500431, "target_rescale": 4.146845871215719},
{"mapping": [6, 5, 7, 12, 1, 2, 13, 3, 0, 9, 8, 11, 10, 14], "R": [[0.728771185900573, 0.46344788983021645, 0.5040918686241547], [-0.42012873039932097, -0.27869512908822713, 0.863609214237291], [0.5407258163747382, -0.84115698798406, -0.008397206169727306]], "T": [0.009579995392844003, 0.018020707578849, 0.05097500983361236], "aligned_model": [[0.2843873936273236, -0.12287561003008844, -0.17074579093486955, -0.6326734624574529, 0.17008571765295852, -0.23871997562648176, -0.5850509754263318, 0.644420463594824, 0.6363168441504113, -0.22046780841245475, 0.3099458975402814, -0.32984565963429474, 0.16830161060327647, -0.06989562255545782], [-0.4524143841796413, -0.6821373393188148, -0.07664646836381497, -0.34873913942021023, 0.5710943414703737, 0.8598258763102944, 0.3714520531623746, -0.3862636439235584, 0.4282064297180521, -0.49923898200517214, -0.13194602646983758, 0.17631334325838202, 0.4806527635895228, 0.045915644097715605], [-0.38963846981406425, -0.10057500130882963, -0.6764312780589941, -0.08032479406181883, -0.45252121449311533, 0.23261314959137994, -0.11653646078484586, 0.1247821845382491, 0.05252084919220368, 0.6144357933631046, 0.6271624291009075, 0.5594062549527414, 0.5748698186013478, 0.03410984030260024]], "inverted": true, "swapped": true, "error_lsq": 0.039717358081232466, "error_max": 0.23434000125689392, "target": "993.xyz", "model": "14.xyz", "model_rescale": 3.9786697098870705, "target_rescale": 4.146845871215719},
{"mapping": [12, 11, 7, 6, 13, 1, 8, 10, 4, 3, 2, 14], "R": [[-0.10878325189073541, 0.9853894268522537, 0.13104915702080644], [-0.660405882596217, -0.1701731261300247, 0.7313721196323023], [0.7429873985071274, -0.0069845966899940715, 0.6692689601861793]], "T": [0.011177842388719494, -0.08874591578901023, -0.019551580817151304], "aligned_model": [[-0.11448695321388452, -0.6095536085834685, 0.5886790521431073, 0.5791069301325178, -0.14454229675510313, 0.4658422864676142, -0.3503735487845083, -0.43761515773344545, 0.6025106603838937, 0.2738986412274008, -0.3578059308817329, -0.012305477635054168], [-0.28767969590553233, 0.01574735836890248, 0.015332627304955715, -0.49435787006270293, 0.40003604892525635, 0.5203558358885279, -0.4165186362366676, 0.20806354745194763, -0.013932504672243565, -0.6132437740672199, 0.7240065441462937, -0.04313499091707846], [-0.7329067786457804, -0.06997267009619179, -0.49521867099790495, -0.0820336900503519, -0.5129107091630103, 0.06668227963958884, 0.4349231422280635, 0.45392041055025256, 0.16672924014036566, 0.45772772367200076, 0.06147708977572802, -0.08845087317892991]], "inverted": true, "swapped": true, "error_lsq": 0.058279042423540976, "error_max": 0.3717610874411676, "target": "993.xyz", "model": "15.xyz", "model_rescale": 3.769337070930944, "target_rescale": 4.146845871215719},
{"mapping": [13, 7, 11, 12, 2, 1, 10, 4, 8, 5, 14], "R": [[0.40711465800463514, -0.05648208559872221, 0.9116289975884859], [0.3419256349082331, -0.9160869914022193, -0.20945520852018001], [0.8469619326925921, 0.3969816093851817, -0.35363976922792534]], "T": [0.015147939559099892, 0.06369826071988019, 0.12815379022902584], "aligned_model": [[-0.23915533715744822, -0.3654501300381501, -0.0004257160878154819, -0.7196629409784051, 0.41311227386187255, 0.35095980935638377, 0.55961298994253, 0.22725345748305198, 0.28946026262354363, -0.563448929350117, -0.029629608964275245], [0.045950615719173526, -0.5753716183068479, 0.634784185851483, 0.14385278114975508, 0.2490484560451205, -0.5016436068938616, 0.48855810621737905, -0.5026144724720385, 0.5412285560499296, 0.004318822728528154, 0.06795267153672091], [-0.5363570560596194, -0.003504746224100297, -0.14089451803686182, -0.005525492731231679, -0.6532237915083081, -0.2627169558261715, -0.06351952985560189, 0.2839524740121608, 0.5042112393946596, 0.566825569071776, 0.054970414987075236]], "inverted": true, "swapped": true, "error_lsq": 0.03978006029783895, "error_max": 0.21636729291411771, "target": "993.xyz", "model": "16.xyz", "model_rescale": 3.7852294659196426, "target_rescale": 4.146845871215719},
{"mapping": [8, 5, 12, 9, 3, 6, 4, 7, 11, 10, 0, 13, 14], "R": [[-0.5350699171613723, -0.8264627500660683, 0.1750985622503899], [-0.17779732426843015, 0.31278711686281746, 0.9330339388294688], [-0.8258863694431027, 0.4681063365068643, -0.3143058422782074]], "T": [0.05293868685156991, 0.1391901828840303, 0.02016321231340901], "aligned_model": [[-0.010650108183911752, -0.34219212497647544, 0.21721021848594121, 0.12467109630780257, -0.5970261829307434, -0.5986474914077486, -0.3852587440836833, -0.1751479963174399, 0.586927352903617, 0.4366341334942728, -0.12684851467584504, 0.6066446471460705, 0.11744956445442623], [-0.045389965669410726, -0.42495271962775105, -0.41552050475381774, -0.5897261138199743, 0.09973339525195211, 0.061212234592973064, 0.5523533924517305, 0.24351685748549798, -0.08673604796473053, 0.390981745121229, 0.7684437263435727, 0.19223254002203685, 0.12890708426956615], [-0.6174795344671878, 0.25753972970818767, 0.49927994642865436, -0.29843234150489434, -0.3644204403983641, 0.26577146138332397, 0.185242787546407, 0.7326880055725126, -0.23000094890236394, -0.530350688009972, -0.3442134253395811, 0.46418575472616175, 0.07594439040028982]], "inverted": true, "swapped": true, "error_lsq": 0.03939912980607991, "error_max": 0.3066002788502295, "target": "993.xyz", "model": "17.xyz", "model_rescale": 3.901054581598922, "target_rescale": 4.146845871215719},
{"mapping": [11, 10, 4, 12, 9, 3, 13, 5, 7, 0, 6, 1, 2, 8, 14], "R": [[0.9495245339219559, 0.27143482903880956, -0.15724596358878334], [-0.13195364645330415, 0.8003762675794036, 0.5847957468068143], [0.2845898709862478, -0.534528730640679, 0.7957937179016278]], "T": [0.05056633864556221, 0.007958944479059517, -0.030463867746538514], "aligned_model": [[-0.4389002733493821, 0.3676992754756562, 0.5546987528081068, -0.6103552428095775, 0.07716974626769144, -0.36574319751905526, 0.0021367662954355424, 0.4891135505760668, -0.5329417532413657, -0.1475212088330703, -0.34020049056632634, -0.013432381396951333, 0.3578895483148135, 0.6593829578756977, 0.015032237994697904], [-0.23658353806387464, -0.21099008582006257, 0.43306388255732137, -0.32532500828075556, -0.6132692060347963, -0.11786967811205465, -0.6014765202603051, -0.4181955315728252, 0.32132503253726397, 0.46112156936962845, 0.39322487959679264, 0.7019007312964187, -0.1300727351398744, 0.2142853910606595, -0.03191853705839141], [-0.6112843209854077, -0.7543020890622235, -0.4671677382605634, 0.033407675814279156, -0.24854060893256888, 0.5974369344093426, 0.3616396761554229, 0.09663747939244784, 0.0011118405561808715, 0.5447834507484505, -0.5429062446980221, -0.02458936542828664, 0.7246770477177699, 0.13442995788095866, -0.042749086528961394]], "inverted": true, "swapped": false, "error_lsq": 0.045563708333694976, "error_max": 0.29727131487326186, "target": "993.xyz", "model": "18.xyz", "model_rescale": 3.9405287249114394, "target_rescale": 4.146845871215719},
{"mapping": [8, 0, 4, 5, 6, 10, 2, 1, 9, 11, 7, 13, 14, 12, 15], "R": [[0.5104138649572718, 0.7385707221412218, -0.44044406552384596], [0.37601661713718626, -0.6523149318355146, -0.6581008534724253], [-0.773362263170428, 0.17028951259611408, -0.6106654499836153]], "T": [0.12514725456439868, 0.04755186242760435, -0.0022175996484508666], "aligned_model": [[-0.2845265086327084, 0.3210893284508446, 0.46480200375536845, -0.619077252072496, -0.09012407922503585, -0.004330493349821107, -0.21918724294728453, 0.47579063846660025, -0.5631778918094651, -0.3604794622416176, -0.17173968077612983, 0.039503026256178436, 0.3276896368680666, 0.6479472787053661, 0.10984898644457078], [-0.20994911076054446, -0.2596113212594757, 0.3189848016167096, -0.32010609774305343, -0.6104728540378701, -0.22702878159938866, -0.6829430440895402, -0.5093546287011717, 0.3762454178591922, 0.24806556337814553, 0.47096517825458606, 0.6758038013068677, 0.3482681841916554, 0.20060713463443716, 0.019746403024594558], [-0.5837094844508389, -0.5852542539200728, -0.5901154134658363, -0.04933607588749367, -0.28318945048278227, 0.7228651678114505, 0.3189306969201768, -0.05144971765779846, -0.08694590922485866, 0.4909093105431774, -0.4799255235369416, 0.2198058514190045, 0.6820960998137474, 0.056034272572868526, 0.02186903832501631]], "inverted": true, "swapped": false, "error_lsq": 0.037565215587533694, "error_max": 0.27279718151005194, "target": "993.xyz", "model": "19.xyz", "model_rescale": 4.410303926677745, "target_rescale": 4.146845871215719},
{"mapping": [3, 5, 8, 4, 10, 7, 0, 9, 12, 13, 1, 2, 11, 14], "R": [[0.14150421322037077, -0.7862787062916115, -0.6014502088064096], [0.22468732155386673, -0.5661973074831905, 0.7930549896014366], [-0.9641017400533168, -0.2473588588087666, 0.09654755198860038]], "T": [0.014541207848294314, -0.05483313325519123, 0.037936994002098996], "aligned_model": [[-0.14353101048397088, 0.22858525061816687, 0.3270227796763093, -0.5835955288594825, 0.14775095504734564, -0.39004270746993736, -0.48563745165103317, 0.7490939327454126, 0.41145592668431175, 0.09859283496127903, -0.6490906449930777, -0.013182693285621949, 0.5269289137193001, 0.0368373327518709], [-0.12256717946767443, -0.7082182500131171, 0.2639751092396085, -0.1675426865888696, 0.6488145051860988, -0.6099369975695311, 0.44173787066631776, -0.17810428425529118, -0.6002783441618, -0.06843230732433059, 0.1097417829566818, 0.6076785283151678, 0.26194064407552703, -0.06785992487758576], [-0.6985010745072048, -0.20290781261565155, -0.4574600290019248, -0.10170932054125359, 0.009268104860483427, 0.3522150975512102, -0.21562234915564849, -0.2505143030260087, 0.3683763316493978, 0.7445558351968359, 0.3809659142751141, 0.6409219980569565, 0.22736211821280047, 0.11986452776991505]], "inverted": true, "swapped": true, "error_lsq": 0.05022555820154539, "error_max": 0.41609861999437114, "target": "993.xyz", "model": "20.xyz", "model_rescale": 4.121658175737393, "target_rescale": 4.146845871215719},
{"mapping": [2, 1, 0, 10, 8, 13, 4, 11, 7, 5, 3, 9, 14], "R": [[0.6300380490728501, -0.7577441739876735, 0.16992887779366841], [0.7279569483779108, 0.6524902265136792, 0.21055922115273695], [-0.27042695507067455, -0.008959413589407383, 0.962698805898988]], "T": [0.023711546126657587, -0.04238276711528459, -0.05016935926334007], "aligned_model": [[0.23151031283834939, -0.38537363061551977, 0.18482511625485676, 0.6092323038903541, 0.6306153061126284, -0.22207697373738372, -0.3479931362648687, 0.4692946544768303, -0.7304414938431294, -0.21522464905159916, 0.181030224492146, 0.48123315691256857, -0.005548286800938284], [-0.5615224790755655, 0.018231561896294546, 0.4204606326944716, -0.1170729167398553, 0.19508639135908384, -0.682567328332157, 0.4007104064180754, -0.48935137012581864, -0.06856941375813044, 0.07116328000735374, 0.6658240645496252, -0.18866779625804736, -0.12289812847214694], [0.6502554143881448, 0.5933647894683225, 0.516286463047491, 0.3563691565187931, -0.19151242950148678, 0.1403864891635707, 0.18536441970264325, -0.07122704883682734, -0.08432522147322369, -0.7289550203798244, -0.26373357207765546, -0.6883247470745181, -0.04383895346364067]], "inverted": true, "swapped": true, "error_lsq": 0.05005348180265406, "error_max": 0.2622668304155495, "target": "993.xyz", "model": "21.xyz", "model_rescale": 4.08911054899281, "target_rescale": 4.146845871215719},
{"mapping": [12, 13, 3, 10, 7, 8, 6, 0, 9, 11, 14, 15, 1, 2, 16], "R": [[-0.12411508818520842, -0.9896107220599004, 0.07256764891369202], [-0.07805906981439525, 0.08264413962636719, 0.9935173515370175], [-0.9891927145427678, 0.11764593052673111, -0.08750547712006512]], "T": [-0.004751823888015389, 0.0008281435721356877, 0.02282031120367335], "aligned_model": [[-0.30899721909213274, 0.22103322471810113, 0.4102210787559221, -0.6640070311266143, -0.07952151449251361, -0.138640901072825, -0.09485330792233586, 0.5168853031311096, -0.6390931319400319, -0.22644574866600498, -0.08357878465166417, 0.09328021780065326, 0.4368997655684181, 0.6031135151503204, 0.027732821732034948], [-0.05772625938577144, -0.2345590304845843, 0.29435821238108506, -0.4343840153770057, -0.634292526780183, -0.15861955636355446, -0.6661889877406475, -0.5574473400205789, 0.2444663542506207, 0.40146551263629227, 0.4499743165546587, 0.7083332721865235, 0.12560455421806252, 0.3867543186283098, -0.028518178628082952], [-0.6472361247966225, -0.5519352508779504, -0.6813930173202594, -0.14182584771464574, -0.28835072772437786, 0.6841917379042011, 0.3430296141001501, 0.1505019086005907, -0.1911870222191827, 0.6361999102158425, -0.42870666639454663, 0.16887930504131152, 0.6704105382322818, 0.07587260969839708, 0.004133642033628995]], "inverted": false, "swapped": false, "error_lsq": 0.038032515483750126, "error_max": 0.22488018534692134, "target": "993.xyz", "model": "22.xyz", "model_rescale": 4.204369325754507, "target_rescale": 4.146845871215719},
{"mapping": [8, 0, 4, 5, 6, 10, 2, 1, 9, 11, 7, 13, 14, 12, 15], "R": [[0.5104138649572718, 0.7385707221412218, -0.44044406552384596], [0.37601661713718626, -0.6523149318355146, -0.6581008534724253], [-0.773362263170428, 0.17028951259611408, -0.6106654499836153]], "T": [0.12514725456439868, 0.04755186242760435, -0.0022175996484508666], "aligned_model": [[-0.2845265086327084, 0.3210893284508446, 0.46480200375536845, -0.619077252072496, -0.09012407922503585, -0.004330493349821107, -0.21918724294728453, 0.47579063846660025, -0.5631778918094651, -0.3604794622416176, -0.17173968077612983, 0.039503026256178436, 0.3276896368680666, 0.6479472787053661, 0.10984898644457078], [-0.20994911076054446, -0.2596113212594757, 0.3189848016167096, -0.32010609774305343, -0.6104728540378701, -0.22702878159938866, -0.6829430440895402, -0.5093546287011717, 0.3762454178591922, 0.24806556337814553, 0.47096517825458606, 0.6758038013068677, 0.3482681841916554, 0.20060713463443716, 0.019746403024594558], [-0.5837094844508389, -0.5852542539200728, -0.5901154134658363, -0.04933607588749367, -0.28318945048278227, 0.7228651678114505, 0.3189306969201768, -0.05144971765779846, -0.08694590922485866, 0.4909093105431774, -0.4799255235369416, 0.2198058514190045, 0.6820960998137474, 0.056034272572868526, 0.02186903832501631]], "inverted": true, "swapped": false, "error_lsq": 0.037565215587533694, "error_max": 0.27279718151005194, "target": "993.xyz", "model": "23.xyz", "model_rescale": 4.410303926677745, "target_rescale": 4.146845871215719},
{"mapping": [8, 10, 3, 15, 9, 13, 14, 11, 5, 12, 4, 0, 7, 1, 16], "R": [[0.7804527259382974, -0.09358998982365746, -0.6181702487019967], [-0.6240413945569983, -0.17715655829067706, -0.7610439486218641], [-0.03828681829086128, 0.9797226483344199, -0.1966663466019363]], "T": [-0.020473688420281848, -0.05367641997124213, 0.040349903667089446], "aligned_model": [[-0.2496250298678999, 0.2919722997212117, 0.35648795282539425, -0.6192374932818017, -0.08026600259806932, -0.1349706553257851, -0.2077654211514824, 0.41423261373115605, -0.5499418836806707, -0.32077534597089236, -0.2101621786749191, 0.12006563114615498, 0.4148920886814905, 0.8023546534825514, 0.04676705885599856], [-0.23024411115641474, -0.2174472704196821, 0.5828238943721878, -0.42041336949043495, -0.5923897364272973, -0.16198480806717874, -0.6381538535924843, -0.5069439041631743, 0.2800390814760577, 0.4823234918422061, 0.275344370223211, 0.66680743651277, 0.10748094746236199, 0.1809129636738599, 0.031065513829155914], [-0.7290785727988836, -0.5067703384308383, -0.4715272842443684, -0.08732196747084754, -0.27370873013648384, 0.7254384829520144, 0.32575825402269204, 0.11972562574192804, -0.022095494317201037, 0.5587115957239283, -0.5337998758119975, 0.21793797558605538, 0.5161816383514607, -0.0248934133299981, -0.011973287058641348]], "inverted": false, "swapped": false, "error_lsq": 0.03380030199817051, "error_max": 0.22843670088643953, "target": "993.xyz", "model": "24.xyz", "model_rescale": 4.28219845311461, "target_rescale": 4.146845871215719},
{"mapping": [12, 9, 7, 14, 11, 8, 10, 5, 2, 0, 13, 4, 1, 3, 15], "R": [[0.01568090702622546, 0.9780949476668458, 0.20756777809531252], [-0.6262733304904374, -0.15221985701937965, 0.7645984767480347], [0.7794458446045178, -0.14198376131653104, 0.6101678349857194]], "T": [-0.012912553840309409, 0.012553759728652823, -0.02738884535246569], "aligned_model": [[-0.26857300338295764, 0.4623141254189419, 0.330957062574727, -0.7044052194408764, -0.06095072159844481, 0.03842618419679178, -0.3737845074828931, 0.5441176263350679, -0.5974467126557503, -0.23210558484760008, -0.25179974700207397, 0.1348866082653639, 0.38912410878907217, 0.695865285185494, -0.03259721646242522], [-0.32875092654886395, -0.1829761554586983, 0.4709161556084672, -0.29315787254446163, -0.5002620998126233, -0.3915305007641945, -0.6353323725770796, -0.5726591917318316, 0.36435326665689954, 0.49263773808698025, 0.26328935504178447, 0.7189085092982451, 0.06636817682365367, 0.3067124066375032, 0.06070415735936313], [-0.6618718994190663, -0.4664803386268417, -0.5538901337650552, -0.11970848686043145, -0.20399377135957872, 0.534773321043967, 0.25495812464718204, 0.24191369962406614, 0.030377481265094333, 0.5947268680942243, -0.5100699275623112, 0.09036916272788217, 0.46793723841581836, 0.07820476342425442, 0.025338507129615093]], "inverted": true, "swapped": false, "error_lsq": 0.04147764244585772, "error_max": 0.2430197240680346, "target": "993.xyz", "model": "25.xyz", "model_rescale": 4.100010024507729, "target_rescale": 4.146845871215719},
{"mapping": [12, 13, 2, 1, 9, 8, 11, 0, 7, 3, 6, 14], "R": [[-0.02554372540912969, -0.14267452850592743, -0.9894399916153758], [-0.9874722023597573, 0.15776921536070548, 0.0027430368641724323], [0.1557118096323907, 0.9771145550037001, -0.1449171443995757]], "T": [-0.01849667520129818, 0.087743367719475, -0.05739835740646083], "aligned_model": [[-0.6730939256124028, -0.062129150288873114, 0.4926269419723861, 0.5774823304571878, -0.6331261179268839, -0.029781878194445416, -0.1475066785834698, 0.6768186016479008, -0.11653599412582925, 0.018442625689501554, -0.1859185374979275, -0.04051261517413759], [-0.27723734670992956, -0.5394779106352975, -0.26556619507547435, -0.35082338267326213, 0.5080549798740253, 0.7216335580254024, 0.14864365891401446, 0.3399995156583707, -0.47820592923937977, 0.6974159691453098, 0.1468799917328402, 0.014814481034019458], [-0.00706501017782387, 0.276142457762887, 0.5885166775097181, -0.25138085548235767, 0.23162833669418403, 0.149380532820027, 0.5577571012981792, -0.1755393556411971, -0.5479988632133355, -0.5033249916131052, -0.7352193513679102, -0.017704388734909024]], "inverted": false, "swapped": true, "error_lsq": 0.052355780517573745, "error_max": 0.30756066966980705, "target": "993.xyz", "model": "26.xyz", "model_rescale": 3.6694154284099745, "target_rescale": 4.146845871215719},
