[{"mapping": [6, 7, 8, 2, 1, 0, 9, 3, 4, 10, 5, 11], "R": [[-0.04882593793129164, 0.21828449998791544, -0.9746629698773599], [-0.8652542930397618, -0.49671400947745276, -0.06789846217032589], [-0.49894993352178324, 0.8400161128537111, 0.21312412811493073]], "T": [0.023926483515863482, -0.1095347534337278, 0.04475542527948113], "aligned_model": [[-0.5801415428773955, -0.7559491103578614, 0.042339033862441665, 0.5019999357375681, -0.10467255666897249, 0.4289181630545761, -0.3482548975042865, 0.21701748675297208, 0.7870024325526808, -0.25907565039324376, -0.06751116164473364, 0.04943703448869359], [-0.3853948064078441, 0.3911837348901888, -0.7196159680829353, -0.2999036886222618, 0.04687005157045, 0.2916969425474663, -0.4498228004742873, -0.33529337142746174, -0.16820678350056503, 0.26341629997290855, 0.6991362613994881, -0.050244127575639674], [-0.24534376140918818, -0.1493537280253777, -0.1300741494871824, -0.5748861552995083, -0.6341262900097869, -0.19563230245629296, 0.38393309124706954, 0.6658684791250523, 0.3028661682425224, 0.5372781658008065, -0.11765356260607313, 0.018946718172746978]], "inverted": false, "swapped": false, "error_lsq": 0.059490545249862296, "error_max": 0.4268183846457091, "target": "994.xyz", "model": "0.xyz", "model_rescale": 3.751011558992144, "target_rescale": 3.8320396886071157},
{"mapping": [10, 5, 6, 12, 9, 13, 4, 1, 0, 8, 2, 14], "R": [[-0.6184524692263478, -0.33301776407668104, 0.7117694234210976], [0.7017899967165341, -0.6415917278535221, 0.3095978928522272], [0.35356377616554663, 0.6909842426273556, 0.6305025238841311]], "T": [0.041279312785749256, -0.10922726269012276, -0.027198943676559686], "aligned_model": [[-0.6712048448974447, -0.33130138869369186, 0.14764008773195736, 0.5223259026149412, -0.2473800619563915, 0.16143110880459657, -0.506662128836214, 0.25566257533672665, 0.6294837200894378, -0.29795823108524044, 0.1959442838459705, 0.053128144047791995], [-0.4466429917729732, 0.3667163208465961, -0.850650690633441, -0.2103023969355679, -0.0054370965262977855, 0.43773187088289, -0.41090589279362366, -0.4279493353287681, 0.06418731281894491, 0.20320978933338588, 0.6815957001471186, -0.11773084574875688], [-0.25296585654649084, -0.18451192206974326, 0.02480520346347194, -0.5842923826328822, -0.610373864361131, -0.48969375490700284, 0.45687145471806223, 0.5543005030873739, 0.41939648703115784, 0.4500004166447955, 0.15831625829992624, -0.08002986943274949]], "inverted": true, "swapped": false, "error_lsq": 0.042950830616891394, "error_max": 0.2886472861713485, "target": "994.xyz", "model": "1.xyz", "model_rescale": 3.9405287249114394, "target_rescale": 3.8320396886071157},
{"mapping": [7, 0, 3, 10, 6, 11, 4, 8, 9, 2, 5, 12], "R": [[-0.4578520807917422, -0.8478244341588872, 0.2675167302391297], [-0.8837732610884041, 0.46672037259506627, -0.03342030505382096], [-0.09652095679094728, -0.2517256892887292, -0.9629734587475788]], "T": [-0.1272666062973368, -0.06992369739637616, 0.009371469106189285], "aligned_model": [[-0.6081471483052905, -0.5645808540277587, -0.010135333841002792, 0.6215835701733111, -0.294289864345059, 0.302739924814002, -0.2941482611607893, 0.39916799568072625, 0.6503020211775655, -0.23713357147116948, 0.0874045315586259, -0.1416538432507215], [-0.5912596946675395, 0.5977199649065834, -0.582186709529736, -0.41056915159163904, 0.010726783879316817, 0.29618798003312313, -0.6013028893858635, -0.43777960257875, 0.04285100987929527, 0.3853565485131642, 0.6173356678175108, -0.04325816298595875], [-0.345413727066875, -0.24741283180519028, -0.2157208452488519, -0.17683059062557982, -0.5014655151956005, -0.4249911810935421, 0.4353789684221585, 0.44323597903113954, 0.19116806438713208, 0.5041631173478014, 0.10769312427014922, 0.0920181108720467]], "inverted": false, "swapped": false, "error_lsq": 0.05413020241001391, "error_max": 0.32731417363234183, "target": "994.xyz", "model": "2.xyz", "model_rescale": 3.932901565614263, "target_rescale": 3.8320396886071157},
{"mapping": [2, 4, 1, 10, 6, 12, 0, 3, 8, 7, 9, 13], "R": [[-0.4256027828211481, -0.576855553363701, -0.6972086788102637], [0.4966874859705029, 0.4951220568074782, -0.712850398150295], [0.7564151059670848, -0.6496859390630146, 0.07579160935494661]], "T": [0.08125971512512149, -0.08394374859478718, 0.06269692703452757], "aligned_model": [[-0.5836822564627768, -0.773717440240657, -0.0036619468607639732, 0.4651113218471022, -0.13882485862680072, 0.3396448893985365, -0.4069126700306177, 0.16174165720190772, 0.5807782728689788, -0.17737583277008256, 0.34850311380277327, 0.0995049168748399], [-0.4140407444398213, 0.09259976860734306, -0.7832764948543467, -0.25183960193787736, -0.01136583655432008, 0.3304277111443288, -0.4692226288909197, -0.3241415171368702, 0.11463573433487365, 0.42722406735787555, 0.5992273280439708, -0.026406041384729198], [-0.31557281922227004, 0.029942463608637226, -0.16641143651157037, -0.5183489977841409, -0.5799440985482152, -0.5243833104363879, 0.3120926686022658, 0.5059949837279578, 0.5625310244716616, 0.4887927667775068, 0.10333170642734935, -0.03620227781800596]], "inverted": true, "swapped": false, "error_lsq": 0.05308451692239965, "error_max": 0.41928049104461346, "target": "994.xyz", "model": "3.xyz", "model_rescale": 3.9243930471874484, "target_rescale": 3.8320396886071157},
{"mapping": [2, 3, 7, 8, 4, 10, 0, 1, 9, 5, 11, 12], "R": [[0.37323237426481354, -0.9038071669728294, -0.2093566328760528], [0.32923075312487926, 0.3400102038677982, -0.8809087197108467], [0.8673550057487851, 0.25985701105478465, 0.4244639299259697]], "T": [0.05631915180038226, 0.060803027096596914, -0.037249849734776685], "aligned_model": [[-0.601351648043114, -0.5691516469058757, 0.051036834609303236, 0.5335639152214596, -0.10456443771083847, 0.1841457834218566, -0.6028183179392802, 0.11084148323430108, 0.7203191405401128, -0.2500875328348472, 0.44245191445158427, -0.0032763210422229877], [-0.5686473413596169, 0.1825469370484545, -0.7265241166222718, -0.13835888406232383, -0.23281036439841007, 0.5099055125593277, -0.28044809430353906, -0.44426163588837053, 0.06001242440928706, 0.17460372971445326, 0.6993128048610938, 0.0484907723314226], [-0.18716930476690458, -0.2538556454099241, -0.18892985764866482, -0.3962879227116036, -0.527428303362495, -0.5655443029693512, 0.3779703586955657, 0.4648430715072737, 0.20105831562659582, 0.6459685951782776, 0.22607662955281987, 0.06512103960319801]], "inverted": true, "swapped": false, "error_lsq": 0.049291251261559706, "error_max": 0.2695047186839973, "target": "994.xyz", "model": "4.xyz", "model_rescale": 3.8936222436046832, "target_rescale": 3.8320396886071157},
{"mapping": [8, 10, 9, 6, 7, 5, 3, 0, 1, 2, 4, 11], "R": [[-0.6852890704553003, -0.6860679257859889, 0.2443147378326188], [-0.7258990605544767, 0.6705282889796914, -0.15317430451644135], [-0.058731965748121444, -0.2823165154320205, -0.9575217706734835]], "T": [-0.0741190460814921, -0.10486662155729853, -0.054441920272670204], "aligned_model": [[-0.6109396179350444, -0.5929274916785637, 0.10008204259058855, 0.4859009488834092, -0.20749717495504627, 0.48218333524444745, -0.41589262211506484, 0.12138844548642573, 0.643870861757202, -0.15459058966911415, 0.01483697468079706, 0.04469405471240265], [-0.5619782360370014, 0.2561077669561835, -0.697845033489869, -0.2575827534866588, 0.059816513968860174, 0.37898337343406724, -0.34692704093530025, -0.4677231270885731, -0.06166233762413921, 0.2880577419721618, 0.6795494715650158, 0.01502540505476016], [-0.27520303975118793, -0.056081157757760215, -0.04628548056859443, -0.6000278588705793, -0.6666814706118471, -0.39146966382623477, 0.3391055462633986, 0.7283928554696146, 0.30014607903449003, 0.5750763400992719, 0.031597710873183825, -0.07674718705896731]], "inverted": false, "swapped": false, "error_lsq": 0.04961935615110876, "error_max": 0.27456336607580395, "target": "994.xyz", "model": "5.xyz", "model_rescale": 3.6523030999806103, "target_rescale": 3.8320396886071157},
{"mapping": [10, 2, 9, 7, 4, 3, 6, 8, 5, 1, 0, 12], "R": [[-0.02632999470169642, -0.9745553952150219, -0.2225949528545091], [0.41049848589034954, -0.21357255384665172, 0.8864974660568126], [-0.9114810609446251, -0.06803341752926656, 0.40567687836324784]], "T": [-0.01988071924511303, -0.14552897541886653, -0.028368701070259565], "aligned_model": [[-0.5733375593449176, -0.6282480131232394, 0.17003025703266367, 0.5650153567715623, -0.32927966232446937, 0.19012006540032442, -0.4937883180678708, 0.14102389219733563, 0.524296766842555, -0.18200161709535914, 0.4619537032145884, 0.06532429549926609], [-0.64097447313698, 0.29971706904406525, -0.8301473809140444, -0.10859171887056196, -0.024296459470114273, 0.41682972945277685, -0.3282056544617371, -0.5211868209492261, -0.008030327861979547, 0.3979567374698193, 0.7154772600847957, -0.08472621609730677], [-0.2668898250919765, -0.11700746143296092, -0.16213841037361323, -0.379581284894023, -0.49602944672359134, -0.37807294818683107, 0.3774209991243431, 0.5070694295989467, 0.35746612828302365, 0.3725240032279723, 0.08853973427738665, -0.04147824451388838]], "inverted": false, "swapped": false, "error_lsq": 0.050010709885286754, "error_max": 0.2510323054777638, "target": "994.xyz", "model": "6.xyz", "model_rescale": 4.08911054899281, "target_rescale": 3.8320396886071157},
{"mapping": [7, 5, 2, 0, 6, 3, 13, 1, 9, 11, 8, 14], "R": [[0.31623425759609614, 0.9430788414744511, 0.10294752588504939], [0.940366118907946, -0.2972754063240939, -0.16534477676918488], [-0.12532939293179637, 0.1490960480966946, -0.9808480574020093]], "T": [-0.14270901179038525, 0.056917961038363794, 0.043667182253966576], "aligned_model": [[-0.6640439773857343, -0.7809596802897831, -0.06011028298351287, 0.5820807794616214, -0.042503247249343096, 0.4128302555494308, -0.45047417588917626, 0.3237771115986151, 0.575032844121226, -0.11483901732793095, 0.13922080130032882, -0.008902243903302326], [-0.36694184972560445, 0.36313126016223257, -0.7141011259269237, -0.34093854350453057, -0.1308869071322092, 0.2604533882118481, -0.4777027224596023, -0.4238545155235842, 0.22399799813603635, 0.14223401962069257, 0.6777763619325753, 0.07065438049857632], [-0.3408346760045859, -0.23806092990929598, -0.17734539844215033, -0.40471451161150684, -0.4078093981991664, -0.4820712399624629, 0.43781924795327903, 0.3423218010385896, 0.31103995084453645, 0.6237322618043529, 0.05778808217929902, 0.13995748360389962]], "inverted": true, "swapped": false, "error_lsq": 0.04784455942701587, "error_max": 0.22604176853346855, "target": "994.xyz", "model": "7.xyz", "model_rescale": 3.964800864290218, "target_rescale": 3.8320396886071157},
{"mapping": [11, 10, 4, 0, 6, 3, 12, 7, 1, 8, 5, 13], "R": [[-0.07929350109827726, 0.44086590253832764, 0.8940636424006086], [0.5945273498075208, 0.7408317882644427, -0.3125787769951019], [-0.8001560916561362, 0.5067598222787336, -0.32084998287299804]], "T": [0.03723210603296744, -0.11620872079851499, -0.03284540356929764], "aligned_model": [[-0.7049192106846167, -0.5157692313767426, -0.12200084934251593, 0.6555250243879438, -0.08931159110661041, 0.2624125685783398, -0.35991163079748817, 0.24537910800785728, 0.6510328181617766, -0.14031225956484034, 0.025243972419624998, 0.003740448319710654], [-0.3883492917718555, 0.4843057334940889, -0.7537776870563809, -0.12458807121499657, -0.26305162039462543, 0.28310732955654927, -0.553425126791065, -0.356950597774899, 0.03327701000526609, 0.2770936250348147, 0.7105922615690898, -0.06441182036647926], [-0.2824135450023349, -0.12615094475501692, -0.2843291489706804, -0.3945124135680361, -0.5795900228670022, -0.5948090562365236, 0.4381042794286514, 0.6039994277675558, 0.37215162512180416, 0.6034319293711055, 0.09095743636910089, 0.01498310663616468]], "inverted": true, "swapped": false, "error_lsq": 0.04885131838623873, "error_max": 0.23588769461532866, "target": "994.xyz", "model": "8.xyz", "model_rescale": 4.121658175737393, "target_rescale": 3.8320396886071157},
{"mapping": [9, 5, 6, 8, 7, 11, 4, 1, 2, 0, 3, 12], "R": [[-0.8075364623438377, -0.16638534216353848, 0.5658628631553074], [0.13850961742664988, -0.9860532355439542, -0.09227189471135046], [0.5733235978620826, 0.003864529262623345, 0.8193199116023335]], "T": [-0.014365848800432297, 0.01664631659974377, -0.07416874869940274], "aligned_model": [[-0.5264723809248735, -0.5951453681386638, 0.13645680292990547, 0.5573268913190392, -0.20512788470723176, 0.23188995873532908, -0.5734991608819671, 0.10004571891537223, 0.5746901959593553, -0.2208306665260884, 0.4362051693323918, -0.004430109010129649], [-0.5948783330999659, 0.22581938870790297, -0.655311580085259, -0.25429177137098175, -0.025587517513747063, 0.40803416170218587, -0.40463376833190534, -0.3150587205069201, 0.03145636554500156, 0.25807656084374997, 0.6383327553018262, -0.028135796902380307], [-0.31286168868731534, -0.048484471449219, -0.15102681855331834, -0.43515808525764144, -0.719952814177928, -0.5091465717139569, 0.47174419956198477, 0.5189699174187399, 0.2934453008703599, 0.6454894752708854, 0.10797328659913683, 0.0008309434130606141]], "inverted": true, "swapped": false, "error_lsq": 0.0410043956946598, "error_max": 0.24024079387100059, "target": "994.xyz", "model": "9.xyz", "model_rescale": 3.833441315466971, "target_rescale": 3.8320396886071157},
{"mapping": [10, 8, 0, 12, 11, 7, 13, 5, 4, 2, 3, 14], "R": [[0.26124611311481877, -0.04172639549423385, 0.9643699374728861], [0.3168360177982485, -0.9400064055200708, -0.12650255099002766], [0.9117924139891423, 0.33859543041850904, -0.23235259475968273]], "T": [0.1016861007538466, -0.11150764507035299, -0.07863591932745102], "aligned_model": [[-0.5343743885623553, -0.6090096041789166, -0.08635096146334753, 0.3293683759637247, -0.08373068907770531, 0.14716907198274154, -0.3611680024362985, 0.20879870135338163, 0.7419106727232492, -0.2095499584948854, 0.2876459493830099, 0.08039999980984061], [-0.46753561258622606, 0.1510628653745955, -0.7452460611695009, -0.42804087792528683, 0.0770876366124848, 0.4746724858362969, -0.3988103615368696, -0.3136452799655871, 0.1273493970843777, 0.1773975044628066, 0.6534236607755359, -0.02389361267312025], [-0.4586691860255396, -0.26174163854873056, 0.08519522818893781, -0.5379697318912883, -0.7074359788210105, -0.39206554498570073, 0.5035236547462403, 0.5578406857561736, 0.3324265953219965, 0.5012918217956799, 0.28827126482455456, -0.048844497066525584]], "inverted": true, "swapped": false, "error_lsq": 0.04982622536097434, "error_max": 0.2730227074716951, "target": "994.xyz", "model": "10.xyz", "model_rescale": 4.2482417240324, "target_rescale": 3.8320396886071157},
{"mapping": [3, 1, 7, 9, 8, 10, 2, 5, 4, 6, 0, 11], "R": [[-0.4564567359324904, 0.827528227698574, -0.3268704339396789], [-0.8830821482003255, -0.4662359157525773, 0.052820359637686026], [-0.10868839750293285, 0.3127636539376226, 0.9435919292913817]], "T": [-0.0698758597846806, -0.040955272836084446, 0.004197323552557837], "aligned_model": [[-0.636682879990118, -0.6277029865850451, 0.028818122121242268, 0.6162617425315547, -0.22117261354363088, 0.3176968297649234, -0.6316603151636957, 0.35962289641638356, 0.6801950410184455, -0.025960011466722402, -0.0023330503097473837, 0.054026392208849056], [-0.48616866308842527, 0.37918312229209966, -0.6838112780453739, -0.3148775385564725, -0.020448298653832703, 0.2431902259209057, -0.29984888719437197, -0.4537858544894867, 0.13991608990595766, 0.12969050965751702, 0.7126570454827413, -0.06187472894175137], [-0.3680747079480578, -0.10285023271551237, -0.18435479443411276, -0.3611691844489868, -0.5904005113465496, -0.42481445762124637, 0.410558749531554, 0.46167726802551773, 0.4171365129503065, 0.6282434382962016, -0.032489438367924665, 0.00836003137359881]], "inverted": false, "swapped": false, "error_lsq": 0.05084248555193982, "error_max": 0.3211667561379779, "target": "994.xyz", "model": "11.xyz", "model_rescale": 3.6694154284099745, "target_rescale": 3.8320396886071157},
{"mapping": [1, 4, 12, 5, 0, 6, 2, 10, 7, 8, 11, 13], "R": [[-0.5101027476129827, -0.5350577404859099, 0.6734303239562341], [0.8591078446133319, -0.35480272980205013, 0.3688478470166916], [0.04158002166330721, 0.7666995743256455, 0.640658149505142]], "T": [0.029054638456653133, -0.028840698217622918, 0.027998152638501257], "aligned_model": [[-0.7026237108129753, -0.5018309478911357, 0.09401395926834957, 0.6028476151486623, -0.149343897759057, 0.2703556646503699, -0.4019236778663492, 0.2617486701744479, 0.7523840598012691, -0.32538152289424105, 0.05011740789595088, -0.039254452712852224], [-0.40398392727621824, 0.38489513164913747, -0.7005713864003793, -0.2511416322225318, -0.1284228367853203, 0.3229729806812521, -0.3655584872379745, -0.3831642311460361, -0.05663251563332705, 0.22262354480555913, 0.6896701396376509, -0.046865035782305324], [-0.17296912082442828, -0.279673436954883, -0.051542211075103116, -0.48767103115683696, -0.6568341073929856, -0.34329120022684617, 0.38463858053325495, 0.5011124188834413, 0.19588943166019243, 0.6474645305144201, 0.19630496930120706, -0.07160614996664466]], "inverted": false, "swapped": false, "error_lsq": 0.04060973450158594, "error_max": 0.2124648761153998, "target": "994.xyz", "model": "12.xyz", "model_rescale": 3.9764082729961374, "target_rescale": 3.8320396886071157},
{"mapping": [2, 1, 7, 3, 8, 11, 0, 4, 6, 5, 13, 15], "R": [[0.21486569723416926, 0.8041889536116673, 0.5541776421338611], [0.4990346228377015, -0.5781661713659748, 0.6455139994587595], [0.83952199337558, 0.13785501505923464, -0.5255462086836046]], "T": [-0.04165889073414882, 0.0925693540383136, 0.031668491217565146], "aligned_model": [[-0.5854090073285004, -0.6051816193859313, -0.0374799769059762, 0.4538687289489474, -0.12028245895580644, 0.31765850048975613, -0.4298593927275222, 0.2064041313017528, 0.56695647730821, -0.14678413724379172, 0.2537412818390577, 0.03747663966224327], [-0.3812312250634008, 0.2235873010823788, -0.6591490562563548, -0.3237764646075171, -0.07331904677367451, 0.36522203169523115, -0.4414609628290027, -0.4102568626330295, 0.2496206026264762, 0.08674115069753177, 0.6282303713209242, 0.019613905029944256], [-0.3090782414925645, -0.23024563613375498, -0.04537479029525316, -0.5064318569898572, -0.6509384305497756, -0.6218575055721347, 0.3336948550021658, 0.4805496054400586, 0.4659276820227739, 0.8633767456113901, 0.04859653878299546, 0.03360370746874427]], "inverted": false, "swapped": false, "error_lsq": 0.048208515255316386, "error_max": 0.34366509964167513, "target": "994.xyz", "model": "13.xyz", "model_rescale": 4.170626492500431, "target_rescale": 3.8320396886071157},
{"mapping": [1, 11, 0, 8, 10, 12, 3, 2, 4, 6, 5, 13], "R": [[-0.6507897263277669, -0.6248631398453095, 0.4312989549823786], [0.33805339147361124, -0.7471098517102128, -0.5723170222793774], [0.6798475098280642, -0.22665596383110095, 0.697448519562824]], "T": [-0.029755210057540102, -0.16969414661656348, -0.05797264661574559], "aligned_model": [[-0.5219984562391627, -0.49597996356577484, 0.078916978295455, 0.5448738422905797, -0.08701482243124607, 0.33063556941821515, -0.5796259439382406, 0.1490737835576596, 0.6484370362472478, -0.16526842049467033, 0.07376406110600923, -0.06470449724363256], [-0.7278602660078557, 0.36159116078303644, -0.7560013970149001, -0.20729700681591037, -0.0025747780918446705, 0.38989213282514423, -0.23149365506019753, -0.4521068005409249, -0.06662544305931908, 0.3423150991698469, 0.7122455306256531, -0.07826283252322122], [-0.2502267483862679, -0.05249063159898155, -0.040867964894186044, -0.5269542772871972, -0.5938091500657638, -0.3624193629974755, 0.3534840354390104, 0.5087684328749845, 0.1222917425245264, 0.5954582747954932, 0.13871490906556677, -0.030126586174921442]], "inverted": true, "swapped": false, "error_lsq": 0.04887756270550168, "error_max": 0.296567815443483, "target": "994.xyz", "model": "14.xyz", "model_rescale": 3.9786697098870705, "target_rescale": 3.8320396886071157},
{"mapping": [2, 5, 0, 1, 4, 10, 3, 9, 6, 8, 7, 11], "R": [[0.9056690874136891, 0.3157356918878016, -0.2829743397755122], [0.028484510806044888, -0.7112182722280098, -0.7023939079271296], [-0.4230273475171506, 0.6280760639581292, -0.6531219802881144]], "T": [0.03747687506463701, -0.03950078657207087, -0.009279123894977304], "aligned_model": [[-0.734227267119735, -0.5827730337424674, 0.02278972685878003, 0.5935502634821946, -0.20597357958963008, 0.35864745213575866, -0.39659920131898996, 0.17525002797661485, 0.7557970691631075, -0.3894197471665074, 0.1960117617941953, 0.11805569452911802], [-0.4049176212887695, 0.45209699957595595, -0.722839002808426, -0.18621547904060248, -0.037581167537234256, 0.43217707833470076, -0.612370339480992, -0.2930113904197915, 0.04440155483215358, 0.08248020878502464, 0.5859204662611557, -0.05631956292366786], [-0.16672965615239665, -0.1444873152484791, -0.13827042587785948, -0.36973616322147246, -0.571100199756803, -0.6148288251397875, 0.5639116537384264, 0.5422326167984384, 0.3137258089793377, 0.26477933103996254, 0.1342163519391404, 0.04810949619628076]], "inverted": true, "swapped": false, "error_lsq": 0.052696872024859315, "error_max": 0.3946715509193529, "target": "994.xyz", "model": "15.xyz", "model_rescale": 3.769337070930944, "target_rescale": 3.8320396886071157},
{"mapping": [2, 3, 6, 7, 0, 4, 1, 5, 9, 8, 11], "R": [[-0.6908447779800861, 0.5692526163102914, -0.4457409018269851], [-0.5926259617053141, -0.09268854384891934, 0.8001270545057321], [0.41415934403378774, 0.8169212279424837, 0.40138727569075683]], "T": [0.0342745798320293, 0.04628264420354475, 0.10803479849379327], "aligned_model": [[-0.342410648898131, -0.31429031537373064, -0.1377554125158603, -0.5862614205660037, 0.28064473907622506, 0.37955283013081265, 0.7788650135330223, 0.29308548207995455, 0.08128956910799351, -0.5152521483473561, 0.005158442464244607], [0.04775388262363428, -0.6452108140420788, 0.6811317364901951, 0.34334550820793186, 0.22412247551300732, -0.3122300385496689, 0.18983754257869936, -0.5242379142202703, 0.6183993115861769, -0.06535531737565617, 0.038508124813371625], [-0.5232995107222281, -0.09827537082530158, -0.2665866730263029, 0.07252711425604358, -0.7194655113472654, -0.2324029929308028, 0.06897889019153876, 0.3454707597895554, 0.4583154912152833, 0.524579305223081, 0.11437610540017565]], "inverted": false, "swapped": true, "error_lsq": 0.04417366094950976, "error_max": 0.281920532880918, "target": "994.xyz", "model": "16.xyz", "model_rescale": 3.7852294659196426, "target_rescale": 3.8320396886071157},
{"mapping": [7, 11, 1, 3, 2, 8, 5, 4, 0, 10, 9, 12], "R": [[-0.06967371091827429, 0.5670360509187223, 0.8207409402274124], [-0.7745971705252747, -0.5491906262274878, 0.3136700168618264], [0.6286054385869688, -0.6138890559558461, 0.4774886695582679]], "T": [-0.023041048983244303, -0.08318391900392604, -0.024048005085974072], "aligned_model": [[-0.6753498533128159, -0.4987708999024548, 0.0179128148381579, 0.6113300885461427, -0.1696006450307562, 0.2010282509889137, -0.26991997614247487, 0.2345650993762541, 0.5938409132162916, -0.25180127633682026, 0.16556720462490127, -0.04769255386290022], [-0.2901146778973365, 0.38994527486515124, -0.7508728497299183, -0.3566100614908692, -0.24054862783852454, 0.4160493771227473, -0.5739084506368121, -0.41054068916095643, 0.06479667178891128, 0.29896189358288855, 0.739064916374828, -0.0024010326906018925], [-0.1760344847292084, -0.32029443845936734, -0.18765860092606196, -0.4181378116490686, -0.5966243355870359, -0.37726886531502934, 0.3371295688839151, 0.5488946643403269, 0.22755792727686716, 0.6474342445548065, 0.1646198642002656, 0.012204940704378622]], "inverted": true, "swapped": false, "error_lsq": 0.04203289567810863, "error_max": 0.2953786464315745, "target": "994.xyz", "model": "17.xyz", "model_rescale": 3.901054581598922, "target_rescale": 3.8320396886071157},
{"mapping": [10, 5, 6, 12, 9, 13, 4, 1, 0, 8, 2, 14], "R": [[-0.6184524692263478, -0.33301776407668104, 0.7117694234210976], [0.7017899967165341, -0.6415917278535221, 0.3095978928522272], [0.35356377616554663, 0.6909842426273556, 0.6305025238841311]], "T": [0.041279312785749256, -0.10922726269012276, -0.027198943676559686], "aligned_model": [[-0.6712048448974447, -0.33130138869369186, 0.14764008773195736, 0.5223259026149412, -0.2473800619563915, 0.16143110880459657, -0.506662128836214, 0.25566257533672665, 0.6294837200894378, -0.29795823108524044, 0.1959442838459705, 0.053128144047791995], [-0.4466429917729732, 0.3667163208465961, -0.850650690633441, -0.2103023969355679, -0.0054370965262977855, 0.43773187088289, -0.41090589279362366, -0.4279493353287681, 0.06418731281894491, 0.20320978933338588, 0.6815957001471186, -0.11773084574875688], [-0.25296585654649084, -0.18451192206974326, 0.02480520346347194, -0.5842923826328822, -0.610373864361131, -0.48969375490700284, 0.45687145471806223, 0.5543005030873739, 0.41939648703115784, 0.4500004166447955, 0.15831625829992624, -0.08002986943274949]], "inverted": true, "swapped": false, "error_lsq": 0.042950830616891394, "error_max": 0.2886472861713485, "target": "994.xyz", "model": "18.xyz", "model_rescale": 3.9405287249114394, "target_rescale": 3.8320396886071157},
{"mapping": [3, 2, 12, 0, 1, 6, 14, 13, 7, 11, 5, 15], "R": [[0.773519804898146, -0.5084959589002234, 0.3782842465824827], [-0.5836766580906416, -0.3389819216056874, 0.7378433543948579], [-0.24695884319148087, -0.7915321323905038, -0.5590064518079085]], "T": [0.09657275657408339, -0.13218563633833005, 0.030417726155245774], "aligned_model": [[-0.5999375798044275, -0.4197145938554204, 0.02336891812633944, 0.4868903592738971, -0.11807416837703745, 0.13976850603483315, -0.44762362252821275, 0.14058142642217275, 0.7360000370303252, -0.2085624024396175, 0.11203223933460003, 0.06638004778498692], [-0.49662191291732616, 0.5037358384649551, -0.6661068178322178, -0.12147086299340307, -0.16608525920097603, 0.39022521823496703, -0.49352353231538226, -0.3740573634819486, -0.050642036710274466, 0.16679567143783522, 0.6983140660752634, -0.10674126447198491], [-0.297436123151265, -0.26005866304625924, -0.06811365056344348, -0.5354547158409945, -0.5927170402943858, -0.5020336630294775, 0.44637948879577083, 0.6556306098666514, 0.31345295949091495, 0.6106900021033161, 0.06638842871410097, 0.02509504024985921]], "inverted": true, "swapped": false, "error_lsq": 0.041356264189726356, "error_max": 0.2340598524494493, "target": "994.xyz", "model": "19.xyz", "model_rescale": 4.410303926677745, "target_rescale": 3.8320396886071157},
{"mapping": [11, 10, 4, 0, 6, 3, 12, 7, 1, 8, 5, 13], "R": [[-0.07929350109827726, 0.44086590253832764, 0.8940636424006086], [0.5945273498075208, 0.7408317882644427, -0.3125787769951019], [-0.8001560916561362, 0.5067598222787336, -0.32084998287299804]], "T": [0.03723210603296744, -0.11620872079851499, -0.03284540356929764], "aligned_model": [[-0.7049192106846167, -0.5157692313767426, -0.12200084934251593, 0.6555250243879438, -0.08931159110661041, 0.2624125685783398, -0.35991163079748817, 0.24537910800785728, 0.6510328181617766, -0.14031225956484034, 0.025243972419624998, 0.003740448319710654], [-0.3883492917718555, 0.4843057334940889, -0.7537776870563809, -0.12458807121499657, -0.26305162039462543, 0.28310732955654927, -0.553425126791065, -0.356950597774899, 0.03327701000526609, 0.2770936250348147, 0.7105922615690898, -0.06441182036647926], [-0.2824135450023349, -0.12615094475501692, -0.2843291489706804, -0.3945124135680361, -0.5795900228670022, -0.5948090562365236, 0.4381042794286514, 0.6039994277675558, 0.37215162512180416, 0.6034319293711055, 0.09095743636910089, 0.01498310663616468]], "inverted": true, "swapped": false, "error_lsq": 0.04885131838623873, "error_max": 0.23588769461532866, "target": "994.xyz", "model": "20.xyz", "model_rescale": 4.121658175737393, "target_rescale": 3.8320396886071157},
{"mapping": [10, 2, 9, 7, 4, 3, 6, 8, 5, 1, 0, 12], "R": [[-0.02632999470169642, -0.9745553952150219, -0.2225949528545091], [0.41049848589034954, -0.21357255384665172, 0.8864974660568126], [-0.9114810609446251, -0.06803341752926656, 0.40567687836324784]], "T": [-0.01988071924511303, -0.14552897541886653, -0.028368701070259565], "aligned_model": [[-0.5733375593449176, -0.6282480131232394, 0.17003025703266367, 0.5650153567715623, -0.32927966232446937, 0.19012006540032442, -0.4937883180678708, 0.14102389219733563, 0.524296766842555, -0.18200161709535914, 0.4619537032145884, 0.06532429549926609], [-0.64097447313698, 0.29971706904406525, -0.8301473809140444, -0.10859171887056196, -0.024296459470114273, 0.41682972945277685, -0.3282056544617371, -0.5211868209492261, -0.008030327861979547, 0.3979567374698193, 0.7154772600847957, -0.08472621609730677], [-0.2668898250919765, -0.11700746143296092, -0.16213841037361323, -0.379581284894023, -0.49602944672359134, -0.37807294818683107, 0.3774209991243431, 0.5070694295989467, 0.35746612828302365, 0.3725240032279723, 0.08853973427738665, -0.04147824451388838]], "inverted": false, "swapped": false, "error_lsq": 0.050010709885286754, "error_max": 0.2510323054777638, "target": "994.xyz", "model": "21.xyz", "model_rescale": 4.08911054899281, "target_rescale": 3.8320396886071157},
{"mapping": [3, 15, 13, 0, 2, 1, 12, 7, 6, 5, 8, 16], "R": [[-0.40298348455397526, -0.2674842031218302, -0.8752465436989831], [-0.8701776798472967, 0.4082663276976688, 0.2758793416764575], [0.2835403263599586, 0.8727948251155822, -0.39728337063001895]], "T": [-0.08844038989005429, -0.0034922048196416797, 0.04712457301578896], "aligned_model": [[-0.5491911507335934, -0.607612115682988, -0.08428342784151907, 0.5794979664560924, -0.24418071063680677, 0.20253750910396676, -0.41183588142398486, 0.3010400230510979, 0.6048008577658072, -0.1249049825684816, 0.30856893066380087, -0.06332785115095224], [-0.6307215610688366, 0.36451372944467847, -0.6627230262214777, -0.24428611767654212, 0.020683238892120794, 0.49439573214851873, -0.5342962632594724, -0.4967882163299961, 0.054017122824113646, 0.40040465417767024, 0.5586390010815748, -0.04001654972284465], [-0.3383243786442174, -0.3085991531785785, 0.001000720091020972, -0.26264314936978483, -0.6574421944294908, -0.49825405306397763, 0.44541079375838144, 0.37993118498826717, 0.31484341496359936, 0.6244171459119504, 0.13170663261168483, 0.029775709655932882]], "inverted": false, "swapped": false, "error_lsq": 0.03971366246834419, "error_max": 0.22626614011096896, "target": "994.xyz", "model": "22.xyz", "model_rescale": 4.204369325754507, "target_rescale": 3.8320396886071157},
{"mapping": [3, 2, 12, 0, 1, 6, 14, 13, 7, 11, 5, 15], "R": [[0.773519804898146, -0.5084959589002234, 0.3782842465824827], [-0.5836766580906416, -0.3389819216056874, 0.7378433543948579], [-0.24695884319148087, -0.7915321323905038, -0.5590064518079085]], "T": [0.09657275657408339, -0.13218563633833005, 0.030417726155245774], "aligned_model": [[-0.5999375798044275, -0.4197145938554204, 0.02336891812633944, 0.4868903592738971, -0.11807416837703745, 0.13976850603483315, -0.44762362252821275, 0.14058142642217275, 0.7360000370303252, -0.2085624024396175, 0.11203223933460003, 0.06638004778498692], [-0.49662191291732616, 0.5037358384649551, -0.6661068178322178, -0.12147086299340307, -0.16608525920097603, 0.39022521823496703, -0.49352353231538226, -0.3740573634819486, -0.050642036710274466, 0.16679567143783522, 0.6983140660752634, -0.10674126447198491], [-0.297436123151265, -0.26005866304625924, -0.06811365056344348, -0.5354547158409945, -0.5927170402943858, -0.5020336630294775, 0.44637948879577083, 0.6556306098666514, 0.31345295949091495, 0.6106900021033161, 0.06638842871410097, 0.02509504024985921]], "inverted": true, "swapped": false, "error_lsq": 0.041356264189726356, "error_max": 0.2340598524494493, "target": "994.xyz", "model": "23.xyz", "model_rescale": 4.410303926677745, "target_rescale": 3.8320396886071157},
{"mapping": [6, 15, 12, 2, 5, 4, 13, 7, 1, 11, 10, 16], "R": [[-0.07895664231862855, 0.5135279113165527, 0.8544325209942722], [-0.48453189950197956, 0.7292846125514604, -0.4830867336831662], [-0.8712030113577272, -0.45214271883391594, 0.19123879001578803]], "T": [-0.05319579701862794, 0.03828950904615972, 0.049116867705452295], "aligned_model": [[-0.6405150496732293, -0.6457306098719778, -0.04911424816093154, 0.5719839652472531, -0.13889482591742333, 0.24759827617411787, -0.43280346606781683, 0.1751463697347552, 0.656045878698564, -0.11639205142887832, 0.2177612496798014, 0.0660236785882041], [-0.3919826802839353, 0.25386352254780375, -0.7252001842234196, -0.16676473796527913, -0.16872633852461036, 0.3077439078109289, -0.48734607205866726, -0.3785449031544063, 0.08703980274092157, 0.28193856617521484, 0.626078361222839, 0.045722500002116875], [-0.1695610422674693, -0.28516524532841625, -0.20236407394568703, -0.5833362703325592, -0.5385923705478626, -0.5083789847540833, 0.3207634714110196, 0.5139177114762835, 0.5296738402496881, 0.6299463237417317, 0.11890576637065606, 0.03601354722148698]], "inverted": true, "swapped": false, "error_lsq": 0.04027976849274848, "error_max": 0.21595513391479393, "target": "994.xyz", "model": "24.xyz", "model_rescale": 4.28219845311461, "target_rescale": 3.8320396886071157},
{"mapping": [5, 8, 9, 12, 11, 14, 3, 7, 13, 4, 2, 15], "R": [[-0.7821007388188883, -0.41380573702143253, -0.4659219316013124], [0.2602211828994254, -0.8962515875816366, 0.35919079571701135], [-0.5662184828397716, 0.15968063052714027, 0.8086400471934854]], "T": [-0.06704030486046345, 0.029121426742769053, -0.001730633376815182], "aligned_model": [[-0.6931279321157029, -0.6423239037957127, 0.017099646417606612, 0.5270947976557221, 0.004331292808336051, 0.30520119335718854, -0.461517914849506, 0.2861052905681768, 0.5080704298245615, -0.10247410567876827, 0.2541489806873303, -0.09149860787679309], [-0.41265289751081247, 0.19666950630505964, -0.6397810886210444, -0.2000305275046015, -0.1567716627833286, 0.4543685236865093, -0.4054944603750883, -0.42074311385446966, 0.01684356651505644, 0.15110137798608522, 0.6145768359286817, 0.08573568451745944], [-0.37338963076869497, -0.35233365498375935, -0.05034727062947554, -0.4247114391537639, -0.5085115777317107, -0.5123633765888305, 0.5037807816692894, 0.5259587537561944, 0.14663834564266853, 0.7183484666392586, 0.1494627232635237, 0.039290552180088645]], "inverted": true, "swapped": false, "error_lsq": 0.04557360822211406, "error_max": 0.2194041576954684, "target": "994.xyz", "model": "25.xyz", "model_rescale": 4.100010024507729, "target_rescale": 3.8320396886071157},
{"mapping": [3, 1, 7, 9, 8, 10, 2, 5, 4, 6, 0, 11], "R": [[-0.4564567359324904, 0.827528227698574, -0.3268704339396789], [-0.8830821482003255, -0.4662359157525773, 0.052820359637686026], [-0.10868839750293285, 0.3127636539376226, 0.9435919292913817]], "T": [-0.0698758597846806, -0.040955272836084446, 0.004197323552557837], "aligned_model": [[-0.636682879990118, -0.6277029865850451, 0.028818122121242268, 0.6162617425315547, -0.22117261354363088, 0.3176968297649234, -0.6316603151636957, 0.35962289641638356, 0.6801950410184455, -0.025960011466722402, -0.0023330503097473837, 0.054026392208849056], [-0.48616866308842527, 0.37918312229209966, -0.6838112780453739, -0.3148775385564725, -0.020448298653832703, 0.2431902259209057, -0.29984888719437197, -0.4537858544894867, 0.13991608990595766, 0.12969050965751702, 0.7126570454827413, -0.06187472894175137], [-0.3680747079480578, -0.10285023271551237, -0.18435479443411276, -0.3611691844489868, -0.5904005113465496, -0.42481445762124637, 0.410558749531554, 0.46167726802551773, 0.4171365129503065, 0.6282434382962016, -0.032489438367924665, 0.00836003137359881]], "inverted": false, "swapped": false, "error_lsq": 0.05084248555193982, "error_max": 0.3211667561379779, "target": "994.xyz", "model": "26.xyz", "model_rescale": 3.6694154284099745, "target_rescale": 3.8320396886071157},
{"mapping": [11, 6, 10, 4, 2, 0, 9, 8, 5, 7, 1, 13], "R": [[0.7697983304827271, -0.4566209760206643, 0.44599082349746], [-0.15917675337058282, 0.539319881368132, 0.8269200848615693], [-0.6181207742605059, -0.7075530720864692, 0.3424840997894543]], "T": [-0.06808141862363523, -0.07817918936787904, 0.06069726420262895], "aligned_model": [[-0.6547285986372461, -0.43754911788563156, -0.023040699095149636, 0.5423929849480896, -0.1991935552769519, 0.3427742154763137, -0.46511497655066236, 0.31304034260267866, 0.5511262110990459, -0.04941386839341763, 0.06790075037078477, -0.07708452165541498], [-0.5248179524637625, 0.45471751381867287, -0.6521691506696037, -0.436908442574943, -0.044790738819532244, 0.2466939683791458, -0.4860392386472946, -0.4824563572294862, 0.354893268962124, 0.13528994860229113, 0.794259687981981, -0.07485076305008534], [-0.37809012249786583, -0.1644807869909603, -0.1136517472710176, -0.3566334147153911, -0.6055042557562087, -0.3425252828318186, 0.43603453859987246, 0.3763923181638841, 0.29523650793462625, 0.6524835215803401, 0.05826648246867656, 0.004294914610650714]], "inverted": true, "swapped": false, "error_lsq": 0.05216230114593248, "error_max": 0.3252925856662309, "target": "994.xyz", "model": "27.xyz", "model_rescale": 4.103607728864725, "target_rescale": 3.8320396886071157},
{"mapping": [9, 3, 6, 11, 10, 13, 5, 7, 8, 1, 4, 14], "R": [[0.7589165776487752, 0.17321883645810804, 0.6277267421943804], [0.6387169485926889, -0.3857616337518744, -0.665754174981674], [0.12683173006119264, 0.9061915893568999, -0.4033987055364715]], "T": [-0.06608381918756359, -0.01011266251469476, -0.17231441305472203], "aligned_model": [[-0.6579226497052575, -0.6878750869286357, -0.0008185043910188816, 0.5153944535184484, -0.2506577395200488, 0.44092944439561876, -0.26708490013502145, 0.2515510513838267, 0.5935643331466655, -0.24054598971623384, 0.3433167105860303, -0.1287419556319341], [-0.5749293547109314, 0.3922871663111165, -0.6400588249716814, -0.3322787723972045, -0.1892032051625677, 0.3449367182039791, -0.5027821660896394, -0.3150548033418123, 0.1036515339321529, 0.2354337818241838, 0.7005756329167379, 0.0612440377751737], [-0.20117318920586016, -0.29471069440639147, -0.1855633353540357, -0.3459613234023901, -0.6123534133409922, -0.36401736231664095, 0.3296972761389061, 0.39882447137554866, 0.301185322463114, 0.6715639708382584, 0.2135905494585669, -0.04925959895329572]], "inverted": false, "swapped": false, "error_lsq": 0.04174565499038924, "error_max": 0.22063850510545108, "target": "994.xyz", "model": "28.xyz", "model_rescale": 4.137296879288765, "target_rescale": 3.8320396886071157},
{"mapping": [3, 8, 10, 9, 1, 5, 4, 7, 6, 2, 11], "R": [[-0.3418816599879893, 0.0018715022413640647, 0.939741149489165], [0.9395136618721591, -0.02141123263352379, 0.3418415397120121], [0.020760773574769964, 0.9997690016181107, 0.005561805831152233]], "T": [0.01744314631122413, 0.043205685433694456, -0.03147795706531904], "aligned_model": [[0.6629818483020178, -0.07460276609165126, -0.05870203150677338, -0.6030792955335015, 0.024942413092250128, 0.5526205623148421, 0.5030308601135673, -0.37034476781932774, -0.5308325510895477, 0.09733407589659368, 0.018070663031428853], [-0.3299196063307226, -0.6472507279315681, -0.23096604194707554, 0.0641497654093455, 0.7092705128299179, -0.027510246207846457, 0.39651290308131976, -0.36004952761611764, 0.27242631659891486, 0.058381676175495764, 0.014102792586288444], [0.2622598100136312, -0.08391341060721674, -0.7676916880653029, -0.2898143631100492, -0.3959634759590517, -0.42826129446094185, 0.02352100489451682, 0.370489498586044, 0.4373723357320686, 0.6991820628853028, -0.021426458126002287]], "inverted": true, "swapped": true, "error_lsq": 0.04436386001017926, "error_max": 0.23972579808885844, "target": "994.xyz", "model": "29.xyz", "model_rescale": 3.607286011436655, "target_rescale": 3.8320396886071157},
