[{"mapping": [6, 0, 3, 1, 4, 5, 10, 7, 8, 9, 11, 12], "R": [[-0.457974709416608, -0.08980551568392103, 0.8844173985667166], [-0.36158316285541553, 0.9276861037637502, -0.09303821377856886], [-0.8121063858105338, -0.36239958917799237, -0.45732893620388254]], "T": [-0.10972913757742996, -0.012163812121888079, 0.026372711604821287], "aligned_model": [[-0.2292593047556119, 0.16565736421124544, 0.3606795921364292, 0.01508636834009204, -0.029620081171363263, -0.6867392717023814, 0.5178887634916415, -0.17196800094557324, 0.6093502164090189, -0.04602643078540393, -0.642191175176494, -0.02521557759105046], [-0.40434202898804317, -0.8037911256171281, -0.2303205086530783, 0.7304197749924418, 0.4062513135462046, -0.5680797252715815, -0.31327983673128357, -0.45494655057132294, 0.21772955717917644, 0.4820802260381404, 0.14087634522362785, -0.14904240517009631], [-0.4370822416905777, -0.08976162698280678, -0.4968704612298889, -0.082210453778449, -0.666084144976103, -0.0166898082023892, 0.5119826345565608, 0.5621343490876406, -0.012033532843816652, 0.4678632186472886, 0.4428596860579593, -0.0021558732918554382]], "inverted": true, "swapped": true, "error_lsq": 0.040610957068322316, "error_max": 0.2189329830565786, "target": "995.xyz", "model": "0.xyz", "model_rescale": 3.751011558992144, "target_rescale": 3.877057091576356},
{"mapping": [10, 0, 7, 4, 1, 11, 6, 9, 8, 3, 5, 12, 14], "R": [[-0.5948586834080127, 0.7538031427623019, -0.27914864989063226], [-0.2113809105722811, 0.18835797748256716, 0.9590825735901525], [0.7755393332512022, 0.6295252928043114, 0.04729321621466659]], "T": [0.09817909903938264, 0.036547158496647775, -0.10855390277950303], "aligned_model": [[-0.2629526149310348, 0.25747566828936347, -0.223822893040789, -0.3096999766393611, -0.27725992951101075, -0.39122341373083575, -0.6322875003189353, 0.2555153977262383, 0.31475588995512427, 0.5305220711069148, 0.55886241443447, 0.11268014529883869, 0.09785913213315531], [0.7297638337360646, -0.7046036791360509, -0.38949707631258, 0.13668131989154697, -0.4993984257808942, 0.4202383055043586, -0.057057192760164605, 0.6353153365522526, -0.03247928752874499, -0.373700855201345, 0.40686879527638087, 0.04600222882345151, 0.0627634480329721], [-0.35652219604228774, -0.07983879523973597, 0.2844830558890997, -0.7787641528167599, -0.348331749901328, 0.3914433703418405, 0.03767372086878981, 0.11708204160389088, -0.7320505711953138, 0.36913010498445775, -0.31034293926312917, 0.6341946585652547, -0.06042474085563382]], "inverted": false, "swapped": false, "error_lsq": 0.04298626987860052, "error_max": 0.307768445920941, "target": "995.xyz", "model": "1.xyz", "model_rescale": 3.9405287249114394, "target_rescale": 3.877057091576356},
{"mapping": [0, 10, 8, 5, 9, 1, 2, 7, 11, 3, 6, 4, 12], "R": [[-0.5171077869959596, 0.11057950691221077, -0.8487471409549454], [-0.20038174625112073, -0.9797021392602473, -0.005556446548529326], [-0.832133818804099, 0.1672001524519267, 0.5287697198427305]], "T": [0.010400212582587148, 0.07780360156411315, -0.034117499369734405], "aligned_model": [[-0.1693228982148878, 0.4125565999034272, -0.112007327610674, -0.4231334962141512, -0.13740473576576454, -0.3596479132317705, -0.6586373272142219, 0.5477367789977777, 0.21454869874919644, 0.48426215403038664, 0.3818496250854153, -0.07587454097556108, -0.07450122676703415], [0.7371022922805118, -0.656645326313805, -0.6276756443421195, 0.045854518118824475, -0.6559886758372716, 0.6693454406524942, 0.17220080197944115, 0.4709320809255859, -0.09783226675731443, -0.112408104365561, 0.39278479014451095, -0.03286843017803642, 0.07609527478998679], [-0.5198693168041111, -0.13581377161408748, 0.2625392008902982, -0.61644391967084, -0.33425696355245316, 0.3405409711704139, -0.12156786482347276, 0.3967296501673267, -0.6937308151783546, 0.22293122352835104, -0.27529767720615494, 0.6529080388538135, -0.01093694882158442]], "inverted": true, "swapped": false, "error_lsq": 0.05976042612426467, "error_max": 0.3553068517735529, "target": "995.xyz", "model": "2.xyz", "model_rescale": 3.932901565614263, "target_rescale": 3.877057091576356},
{"mapping": [1, 9, 5, 10, 12, 2, 6, 0, 8, 7, 3, 4, 13], "R": [[-0.787441470396196, 0.6110067243577166, 0.08128169221866628], [0.2367708178318697, 0.4215855178993731, -0.8753314977314279], [-0.5691006154657577, -0.6700271889163683, -0.4766424819393725]], "T": [0.0926405605577056, 0.08278536402007268, -0.17522032684624272], "aligned_model": [[-0.2421176962671966, 0.25260477373179013, -0.1667325347573807, -0.47672188032549173, -0.4066380318374156, -0.3780701025571086, -0.5469331797935868, 0.24607518757733843, 0.6517544912896253, 0.568720334159602, 0.500683983895384, 0.022934956464818634, 0.004864089191759874], [0.7330710092607022, -0.6310696718043032, -0.47571169124598106, 0.04647868197737211, -0.4744179228558582, 0.5126168412380135, -0.031130522903325922, 0.6191235965476912, -0.15841702126575397, -0.2654427751962036, 0.3610500660732309, 0.13743605559392352, 0.007310105677739556], [-0.29283882026323976, -0.24315689815080732, 0.19573293481954263, -0.6084104422133991, -0.3281098112136792, 0.3613206557459114, 0.03611083990696359, 0.1959257962690379, -0.5850980492535949, 0.22705788480867528, -0.30466065419191274, 0.6939061514101275, -0.18004778073448002]], "inverted": false, "swapped": false, "error_lsq": 0.0495246063990949, "error_max": 0.28182466787526467, "target": "995.xyz", "model": "3.xyz", "model_rescale": 3.9243930471874484, "target_rescale": 3.877057091576356},
{"mapping": [8, 0, 3, 7, 2, 10, 4, 11, 1, 5, 9, 6, 12], "R": [[0.974166686765551, 0.10095891944519, 0.20200634391198857], [0.20453931582293292, -0.7736053660500364, -0.5997486189240254], [0.09572321912114878, 0.625573364365083, -0.7742706446185568]], "T": [-0.002507980481122511, 0.1415203764627584, -0.03170799268248466], "aligned_model": [[-0.2715627089678978, 0.18275518128801574, -0.33211344785525504, -0.28830840744135405, -0.40874628246744477, -0.39910315914535116, -0.5605848212156517, 0.4513892818303968, 0.40105283192375835, 0.6009477387651821, 0.3781500526740017, 0.19698516685700151, 0.07956296452673636], [0.6051953913842403, -0.681444011098868, -0.3213330522199646, -0.08293276212826811, -0.6187699890283325, 0.5530555801471398, 0.03524747186766197, 0.6285946673369119, -0.1170273416068141, -0.2867913643102944, 0.6732875509719398, -0.06143074004298507, 0.05524534982488011], [-0.36178586611949426, -0.1400109522782931, 0.3289584873214119, -0.7464510678068004, -0.36055977153470703, 0.3811827433575185, -0.20382300953100033, 0.39592501799731095, -0.5612852279887374, 0.1295785455027133, -0.29630301471779963, 0.6320162295747056, -0.02971030683768347]], "inverted": true, "swapped": false, "error_lsq": 0.04411280590694004, "error_max": 0.2612213542023203, "target": "995.xyz", "model": "4.xyz", "model_rescale": 3.8936222436046832, "target_rescale": 3.877057091576356},
{"mapping": [4, 8, 1, 2, 9, 10, 0, 7, 5, 6, 11, 12], "R": [[-0.8417873912430495, 0.031084607573566514, 0.5389134764655817], [0.5394931092579122, 0.08260608753636389, 0.8379280514251599], [-0.018470869158007663, 0.9960973754979643, -0.0863066945179562]], "T": [-0.05248377858121121, -0.03322798076646298, -0.05941396512360145], "aligned_model": [[0.05514632100423071, -0.7191444360892493, -0.3237045988957022, 0.19336585881599488, -0.4351626949554113, -0.7134083426408553, -0.015587577106844205, -0.10183707824494777, 0.6190751105942008, 0.3586329143235352, 0.18438622177506198, -0.0742136563649163], [-0.5795002176796599, -0.3706649653271488, -0.04055283277192098, 0.15070622714420545, 0.4086720092137364, 0.015629178254734713, -0.4215632042991743, 0.36617303003863055, 0.1016978763375981, -0.44661526760203774, 0.6104604195849811, -0.12551934778413762], [-0.651856014081245, -0.17387342245393628, -0.7701777876024303, -0.5005891258059629, -0.3780521890330144, 0.4708536898611756, 0.6914742675174776, 0.5106858911828023, 0.3584870392330759, 0.14789190619168083, -0.15919551310635482, 0.07363597737225006]], "inverted": false, "swapped": true, "error_lsq": 0.05580381200486001, "error_max": 0.2829009453631555, "target": "995.xyz", "model": "5.xyz", "model_rescale": 3.6523030999806103, "target_rescale": 3.877057091576356},
{"mapping": [2, 9, 7, 4, 11, 0, 3, 1, 10, 8, 6, 5, 12], "R": [[0.9152364586530644, -0.35001625979768963, 0.19957665852858203], [0.08041811156889127, -0.3266751013317893, -0.9417092467962492], [0.394810273528807, 0.8779362141107417, -0.27083731624170104]], "T": [0.08241591560892546, 0.01947818677215036, -0.07598244833887968], "aligned_model": [[-0.09574693694862076, 0.3625877978701963, -0.3563830757967095, -0.25043731380649603, -0.41898530902028075, -0.5038270120958301, -0.5827306951258534, 0.07806415115723099, 0.3701265752143945, 0.6648083204382113, 0.6222060021726209, 0.12926096887356212, 0.011480917839712973], [0.6269466291752517, -0.6394954368384653, -0.41317044709734413, 0.06838176965228904, -0.6158530708395031, 0.44702491292281993, 0.16925808193082792, 0.676214993994743, -0.15546978854569302, -0.10823285172782715, 0.31071196971703574, 0.0010757592173783817, 0.013504229535734429], [-0.4948520266828153, -0.17558342703042237, 0.21912543777981008, -0.5406853310242874, -0.42169910715489023, 0.6027566452550419, 0.05738423484051064, 0.14996598422632948, -0.7797500406224167, 0.23740561797652654, -0.29146796569742317, 0.6032600868659389, 0.0018716982072425614]], "inverted": true, "swapped": false, "error_lsq": 0.05120259015398549, "error_max": 0.2776824236860757, "target": "995.xyz", "model": "6.xyz", "model_rescale": 4.08911054899281, "target_rescale": 3.877057091576356},
{"mapping": [3, 10, 12, 4, 5, 2, 6, 1, 8, 11, 9, 13, 14], "R": [[-0.3367123534015717, -0.44795190230392773, 0.8282293669564413], [0.1346278689018267, -0.8934566053180453, -0.42849811123096826], [0.931933542685168, -0.03277785282545298, 0.3611446862165152]], "T": [-0.05360012356506198, 0.022993221602496547, -0.03646601288232724], "aligned_model": [[-0.1819285462363362, 0.28768915216997737, 0.03833912947820535, -0.34752383815977494, -0.4744522554020361, -0.4489743183790335, -0.44718225100167364, 0.2492812798172393, 0.28223216113736377, 0.4715895806136868, 0.5421535563355673, -0.031557113575088266, 0.09075785397404097], [0.5397566764502909, -0.5686250029042248, -0.5820303070474483, -0.11847220236701587, -0.5814465496221952, 0.5094593552278391, 0.3165367626760827, 0.5586961754311014, -0.030324213225625056, -0.14972455588646727, 0.47925405587764713, -0.09574908835664027, 0.10356564484390256], [-0.6220757668433142, -0.26621458241378315, 0.32890451348920774, -0.6613226952681577, -0.23149748642812307, 0.47065279982537395, -0.12628953379932337, 0.36257190461408106, -0.6276706314196673, 0.1607024605637786, -0.26331598951709057, 0.6855512250613203, -0.042264410925157536]], "inverted": false, "swapped": false, "error_lsq": 0.05101230989473803, "error_max": 0.3163261754148873, "target": "995.xyz", "model": "7.xyz", "model_rescale": 3.964800864290218, "target_rescale": 3.877057091576356},
{"mapping": [2, 9, 10, 4, 11, 3, 6, 1, 12, 8, 7, 5, 13], "R": [[-0.7324609557015673, 0.613427199976816, -0.29531003826715685], [-0.17329874931080647, 0.2514818235383244, 0.9522207915799512], [0.6583832408711939, 0.7486414113301788, -0.07789445026124181]], "T": [-0.06671689521243458, 0.13696758901794645, -0.054490260751661614], "aligned_model": [[-0.08290453310230562, 0.23271229722039538, -0.12808305247712015, -0.3973335185723763, -0.39236067871030655, -0.5650519085222055, -0.6334227000507918, 0.39113729761586824, 0.32605202006134604, 0.5965939819216519, 0.5514707773731815, 0.14729577249988124, -0.0156813644850802], [0.6521312529348394, -0.4801021896721973, -0.5277923560280315, 0.12814989204333307, -0.5191655546014946, 0.2932817770873466, 0.06649383423899397, 0.6880035123183931, -0.17546358930041508, -0.14569765243473895, 0.36661776051381034, -0.0568523742752845, 0.09129243827269332], [-0.4703665494642556, -0.11300328267784654, 0.4245321011608752, -0.6755444384141069, -0.4425350373006324, 0.4486904074184911, -0.15639121181888377, 0.16877827826438993, -0.6191089597847588, 0.2122992123491044, -0.32274007931042953, 0.7301772630162389, -0.017055896499041337]], "inverted": true, "swapped": false, "error_lsq": 0.04259856390030457, "error_max": 0.23799492991676183, "target": "995.xyz", "model": "8.xyz", "model_rescale": 4.121658175737393, "target_rescale": 3.877057091576356},
{"mapping": [7, 1, 0, 9, 4, 10, 5, 11, 6, 2, 8, 3, 12], "R": [[-0.8288212083602856, 0.12430195237878572, 0.5455313274295239], [-0.5499961132289345, -0.3600698620178363, -0.7535608601165016], [0.10276030364523756, -0.9246073323856343, 0.36679912880684457]], "T": [0.009402977980634301, 0.09080147338099406, -0.06958296329245901], "aligned_model": [[-0.14315334107192534, 0.19791212033786526, -0.2776717740711764, -0.2982857814097043, -0.41980286102482395, -0.40501122837311837, -0.6074798861076193, 0.1446088554258309, 0.3492457912586214, 0.5588587856801597, 0.6446576259763563, 0.25682772122794556, 0.02971836292372617], [0.6645192037635929, -0.5699473511059467, -0.5133644994689832, 0.06095473445454855, -0.6093347906197053, 0.3062277594400846, 0.09459340688627743, 0.6526041618074425, -0.059804275036383275, -0.20170164223358714, 0.37800178790944516, 0.17223655574063654, 0.005911699559825401], [-0.39018465648040607, -0.1225641854414234, 0.34441680374480654, -0.8426461020820655, -0.406806149496327, 0.5290264347646891, -0.03553800022387135, 0.19334133101028028, -0.6543964556991563, 0.23845387476414587, -0.2805826060928433, 0.6752883781216824, -0.08007685995036672]], "inverted": true, "swapped": false, "error_lsq": 0.04334997930071409, "error_max": 0.2367143693393958, "target": "995.xyz", "model": "9.xyz", "model_rescale": 3.833441315466971, "target_rescale": 3.877057091576356},
{"mapping": [7, 13, 0, 8, 10, 12, 11, 6, 2, 5, 3, 1, 14], "R": [[-0.9909310900949181, -0.10089800749443373, -0.08874213636683909], [-0.01723487433757901, 0.7504094025364013, -0.6607485813011854], [0.13326114883890702, -0.6532268523787234, -0.745342971752951]], "T": [0.004029031735692202, 0.10277395701552278, -0.03395593924225734], "aligned_model": [[-0.14606964232485375, 0.32069609990227516, -0.041454793153815186, -0.3511171435306764, -0.6349201430388832, -0.4055475590044311, -0.5965032268991559, 0.1278115089563977, 0.49002582719967824, 0.5821430894728403, 0.5628029367084127, 0.0802359524700511, 0.04232148401429833], [0.6239067567574168, -0.617097674762594, -0.48550503537046946, -0.13907919375297007, -0.39969729646975277, 0.23747056745722545, 0.3427086602608262, 0.5528892903648351, -0.15274658599102586, -0.20136411618022837, 0.5639526311377611, -0.07627117089884311, 0.13172991854506663], [-0.42100240913993914, -0.16507932813434953, 0.30616464304350893, -0.684292475224792, -0.15651504741335592, 0.3869049603005566, -0.251049065713564, 0.459302261968689, -0.49781650215746104, 0.14131348235339944, -0.5129212860096655, 0.6786058337403665, -0.11588326067424834]], "inverted": false, "swapped": false, "error_lsq": 0.05347392852196902, "error_max": 0.3983803705586059, "target": "995.xyz", "model": "10.xyz", "model_rescale": 4.2482417240324, "target_rescale": 3.877057091576356},
{"mapping": [5, 2, 4, 1, 0, 3, 6, 8, 9, 10, 7, 12], "R": [[-0.3620752524247879, 0.766073046555489, 0.5310683561677514], [-0.06858539862668928, -0.5900748368563316, 0.8044300653283616], [0.929622264512175, 0.2548406840560693, 0.26619292077944223]], "T": [-0.04660643020783855, -0.06553088431860854, -0.07001029870639927], "aligned_model": [[-0.8042408586293668, 0.06406637554734063, 0.48706428378428474, 0.6369811284764, -0.4913591887614535, 0.1656485737182547, -0.320072273174365, 0.5517184464091476, 0.2810504895064527, -0.03943733916609287, -0.5539693745940004, -0.10068466075359447], [-0.18838113443893223, -0.5793872148279288, -0.18365538677703586, -0.39917184036166997, 0.6380140517144819, 0.490642852885121, 0.11922616244375844, 0.3731794233628575, -0.3535372880281227, 0.5661039939315872, 0.09678466379065578, 0.08631310635586736], [0.1639458230426505, 0.042295360603106485, 0.5318429620458685, -0.08384360042644731, 0.08236496234153248, 0.3639006627865249, 0.45340442671337444, -0.214722862591207, -0.5729440182993812, -0.6369124701607015, -0.5207954662598631, -0.04334348994110059]], "inverted": true, "swapped": true, "error_lsq": 0.04429976976366051, "error_max": 0.2434720995134527, "target": "995.xyz", "model": "11.xyz", "model_rescale": 3.6694154284099745, "target_rescale": 3.877057091576356},
{"mapping": [0, 9, 8, 6, 11, 1, 4, 12, 7, 10, 5, 2, 13], "R": [[0.8764359681194699, -0.060725102921484045, -0.4776740056373834], [0.4691587021752216, 0.33101126048846463, 0.818731737263861], [0.10839790569817087, -0.9416708593266614, 0.31859988502075376]], "T": [0.0016372581286392546, 0.0372614588424201, -0.07951759876653063], "aligned_model": [[-0.28663356535530005, 0.2613975947429703, -0.21393474637001847, -0.14857556252150173, -0.3595380883288415, -0.37615141579092626, -0.7340429379154891, 0.42622107411044685, 0.6039020825430992, 0.534526953612217, 0.39407906778157364, -0.0014650803582926808, -0.06936098537779907], [0.6662208596733172, -0.7210350445342415, -0.5568987278867006, 0.09419896598320135, -0.5220574015930861, 0.5167571437485423, 0.11124857358080731, 0.4866655694949455, -0.17795368441166842, -0.1633952218547901, 0.5018759523406074, 0.008733863136481446, 0.13653590341983135], [-0.2585367844975267, -0.12639240414028213, 0.33653556453539285, -0.6217805075539491, -0.3984900589876598, 0.5068552349460033, -0.1108098622106125, 0.20249840929228197, -0.45783603851892507, 0.20207475952367582, -0.6036297918554098, 0.5727784422849752, -0.07553515587881923]], "inverted": true, "swapped": false, "error_lsq": 0.049950218161804, "error_max": 0.301572990217134, "target": "995.xyz", "model": "12.xyz", "model_rescale": 3.9764082729961374, "target_rescale": 3.877057091576356},
{"mapping": [0, 11, 13, 1, 10, 5, 9, 4, 8, 14, 7, 6, 15], "R": [[0.47329344760925646, -0.8396174887479575, -0.26652539285913773], [-0.0684362719966804, -0.3366903904581555, 0.9391251554762716], [-0.8782424432497786, -0.42624177829221344, -0.216813646509972]], "T": [-0.04007013694305651, 0.02302222040714892, -0.07419045857539258], "aligned_model": [[-0.153908369527286, 0.34480110075404286, -0.12854975944497304, -0.40805825701124787, -0.2195887486250833, -0.4633886320846292, -0.5458400315092187, 0.22590406494164378, 0.28222665090380084, 0.5025321245417695, 0.40856151011054154, 0.12944981323296195, 0.05628292448981571], [0.704133461524621, -0.6608898769864211, -0.4469832379581284, -0.10149263977645678, -0.6222380580565536, 0.5490733738972171, 0.34016947727734576, 0.6184366675631939, -0.23911601996037662, -0.3931275412865491, 0.5523775142261066, 0.01903304548795058, 0.06152058514529818], [-0.29832494393580494, -0.19536418585008372, 0.3075774967268602, -0.5765880813236806, -0.5186667122211504, 0.42269538487112923, -0.1456996029407437, 0.22681299959226053, -0.6460830709854186, 0.33958508595195147, -0.3734333650757992, 0.6707295899365371, -0.04550878780691249]], "inverted": true, "swapped": false, "error_lsq": 0.040898148143308694, "error_max": 0.2301575407767996, "target": "995.xyz", "model": "13.xyz", "model_rescale": 4.170626492500431, "target_rescale": 3.877057091576356},
{"mapping": [1, 12, 4, 7, 8, 2, 0, 3, 10, 5, 9, 6, 13], "R": [[0.5229971936703042, -0.22170212741006187, -0.8229958092936069], [0.5440732289920678, 0.8301013620265667, 0.12213128287127634], [0.6560931770008978, -0.5116443056103444, 0.5547628751361948]], "T": [-0.02045204773612429, 0.0637434331198277, -0.03573277231043923], "aligned_model": [[-0.1680844116780168, 0.2852885103172801, -0.34453635078168854, -0.3697672850613355, -0.29210751124210554, -0.44506976723173414, -0.5607683137561283, 0.16623441759751406, 0.23749439183465637, 0.6062443474680115, 0.48520311116362314, 0.36159453327273355, 0.06869871886932796], [0.6986318349091772, -0.5963105479180374, -0.49649532609704056, 0.06094613179170051, -0.5136587376143512, 0.21130264388161402, 0.27594551950843504, 0.6557991193595692, -0.1169104488175328, -0.4150459513728208, 0.4729935728287455, 0.0901387289881333, 0.05356021164965511], [-0.4430850428155147, -0.11671162426223788, 0.25437932289352705, -0.7674436735320345, -0.4156884739175242, 0.44474432271704556, -0.17316280445190618, 0.2644202428040261, -0.5038738987120287, 0.4172928140437083, -0.5185718986146161, 0.7131550466087592, 0.012277474177940721]], "inverted": true, "swapped": false, "error_lsq": 0.051740293638715046, "error_max": 0.26707936660631504, "target": "995.xyz", "model": "14.xyz", "model_rescale": 3.9786697098870705, "target_rescale": 3.877057091576356},
{"mapping": [10, 9, 3, 0, 8, 4, 11, 2, 6, 7, 1, 12], "R": [[-0.814769176794823, 0.35001594296101673, -0.46221210306329835], [-0.20789901357754148, -0.9205734094549848, -0.3306396799507141], [-0.5412293309666172, -0.17330157955868639, 0.8228228082788497]], "T": [0.029313318556550325, -0.029778524521920806, 0.0817870804522203], "aligned_model": [[-0.09152373822883118, -0.6232064682863047, 0.5958086631093066, 0.6587538423329776, -0.046054676990136725, 0.27428700615209367, -0.4185535295204735, -0.1854567583296986, 0.6268788011496799, -0.0813940600215284, -0.3731120796243172, 0.1469275950245693], [-0.5005725581184628, 0.058660308402877025, 0.20292976334897392, -0.5145147705370927, 0.24966435021662142, 0.7450332855714574, -0.24852337823828421, 0.26709336038420717, -0.033902208588827636, -0.7183463385124437, 0.6109976104917334, -0.10384493419631996], [-0.6140171096224387, -0.01642479524228127, -0.32759051115092763, -0.209475880230144, -0.6165197741582346, 0.10707992247748768, 0.5634139967471624, 0.4750430498636554, 0.24234921056688383, 0.05751768315657754, 0.0026710778382315475, -0.0040803763721421055]], "inverted": false, "swapped": true, "error_lsq": 0.060715320747155826, "error_max": 0.2959436547042167, "target": "995.xyz", "model": "15.xyz", "model_rescale": 3.769337070930944, "target_rescale": 3.877057091576356},
{"mapping": [6, 4, 0, 3, 5, 11, 7, 9, 10, 8, 12], "R": [[-0.44191015056498834, -0.342418632541703, -0.8291350305685434], [0.020197098075201425, -0.9278447205078294, 0.3724194568696547], [-0.8968319218543517, 0.1478298167286223, 0.4169398628447656]], "T": [0.030489022672868175, -0.10985125978376792, -0.03454059886673533], "aligned_model": [[-0.27763734648762256, -0.6403640099131671, -0.1434693852468411, -0.6383005124414782, 0.32684183746093504, 0.6435316192857116, 0.5592751245241131, 0.3393619877254101, 0.15955651272489396, -0.38084171073260975, -0.02532798620817387], [0.12664339410853936, -0.5587781193672399, 0.6984904841745583, 0.19862476585462646, 0.1527405747428494, -0.4005452139280016, 0.34485133337973367, -0.4642887542200779, 0.48779223350532647, -0.03300647681887961, 0.043540276193908045], [-0.5162148951420631, -0.1315254427687198, -0.21432049409068069, -0.01959956548814973, -0.7324360893201652, -0.17622444020296127, -0.01001363330303802, 0.436862228782123, 0.554149408886909, 0.594985433381339, -0.041444903510816034]], "inverted": true, "swapped": true, "error_lsq": 0.04825748736388046, "error_max": 0.30350072520646504, "target": "995.xyz", "model": "16.xyz", "model_rescale": 3.7852294659196426, "target_rescale": 3.877057091576356},
{"mapping": [1, 9, 11, 3, 8, 7, 2, 5, 0, 10, 4, 6, 12], "R": [[-0.5151127918681904, 0.5322997361622712, -0.6718004186775524], [-0.8531107792880146, -0.39414681917950395, 0.3418337069296644], [-0.08283000613518471, 0.7492030938352134, 0.657140711165721]], "T": [-0.03433588633712682, 0.043716233017229725, -0.12022303530144869], "aligned_model": [[-0.25398453040254687, 0.274780804654297, -0.3745055094447748, -0.3100527371001138, -0.2776186815882852, -0.3428666164147956, -0.6381963513652592, 0.21268774231013937, 0.3572575620593667, 0.6087987015975488, 0.5431690371362586, 0.2269375960140883, 0.00401737331621492], [0.6748390584014128, -0.7630306421476579, -0.4054911720292863, 0.18734038367345585, -0.5201864569192118, 0.303511206528826, 0.14065970562867408, 0.6029423823347148, -0.14085622035375256, -0.2178344119749825, 0.41109299005879896, 0.13610042875185885, -0.028190500855603054], [-0.28663399253196803, -0.14968718765720246, 0.34927606927645083, -0.8522392186718536, -0.3370943083407743, 0.4531375541292088, -0.11377920691215344, 0.12155051860769615, -0.6477974247180321, 0.2887075666170095, -0.3027307525059912, 0.7227446768326042, -0.07772248718584962]], "inverted": false, "swapped": false, "error_lsq": 0.04437324811114139, "error_max": 0.2762536260458594, "target": "995.xyz", "model": "17.xyz", "model_rescale": 3.901054581598922, "target_rescale": 3.877057091576356},
{"mapping": [10, 0, 7, 4, 1, 11, 6, 9, 8, 3, 5, 12, 14], "R": [[-0.5948586834080127, 0.7538031427623019, -0.27914864989063226], [-0.2113809105722811, 0.18835797748256716, 0.9590825735901525], [0.7755393332512022, 0.6295252928043114, 0.04729321621466659]], "T": [0.09817909903938264, 0.036547158496647775, -0.10855390277950303], "aligned_model": [[-0.2629526149310348, 0.25747566828936347, -0.223822893040789, -0.3096999766393611, -0.27725992951101075, -0.39122341373083575, -0.6322875003189353, 0.2555153977262383, 0.31475588995512427, 0.5305220711069148, 0.55886241443447, 0.11268014529883869, 0.09785913213315531], [0.7297638337360646, -0.7046036791360509, -0.38949707631258, 0.13668131989154697, -0.4993984257808942, 0.4202383055043586, -0.057057192760164605, 0.6353153365522526, -0.03247928752874499, -0.373700855201345, 0.40686879527638087, 0.04600222882345151, 0.0627634480329721], [-0.35652219604228774, -0.07983879523973597, 0.2844830558890997, -0.7787641528167599, -0.348331749901328, 0.3914433703418405, 0.03767372086878981, 0.11708204160389088, -0.7320505711953138, 0.36913010498445775, -0.31034293926312917, 0.6341946585652547, -0.06042474085563382]], "inverted": false, "swapped": false, "error_lsq": 0.04298626987860052, "error_max": 0.307768445920941, "target": "995.xyz", "model": "18.xyz", "model_rescale": 3.9405287249114394, "target_rescale": 3.877057091576356},
{"mapping": [13, 6, 2, 9, 5, 14, 11, 12, 8, 1, 4, 3, 15], "R": [[0.7813892677031793, 0.5156132994993325, 0.35153056438622965], [0.5144823076570997, -0.2134584772663079, -0.8305079371029362], [-0.35318375872357877, 0.8298062447719714, -0.4320680834212639]], "T": [0.06743141912498689, 0.13319794786213274, -0.08438682872892625], "aligned_model": [[-0.32047465855447715, 0.3185742863657854, -0.1824662628548876, -0.39071647778962093, -0.2624328975504316, -0.3887167130325421, -0.65146725125123, 0.30957827557087764, 0.30714521079820545, 0.47503644630745423, 0.6351650069861424, 0.13332280311341438, 0.04787662266344807], [0.6614676063652183, -0.5672008372501389, -0.6477617898408894, 0.09200358975804768, -0.5438372415007273, 0.5428562486944015, 0.11686247276163658, 0.5181221350400357, -0.328468535730243, -0.19499408527890566, 0.48886821072578535, 0.13967387669568682, 0.10330510065734007], [-0.23200081240369183, -0.15259428902136477, 0.20367274781898045, -0.6987266177460868, -0.43663039177518415, 0.3887388629900941, -0.13055018957240244, 0.22112476229209668, -0.6336349616752809, 0.3176922122291548, -0.3773753369419245, 0.7647568474153394, -0.06674102667058532]], "inverted": true, "swapped": false, "error_lsq": 0.04495145021372714, "error_max": 0.2737602969785713, "target": "995.xyz", "model": "19.xyz", "model_rescale": 4.410303926677745, "target_rescale": 3.877057091576356},
{"mapping": [2, 9, 10, 4, 11, 3, 6, 1, 12, 8, 7, 5, 13], "R": [[-0.7324609557015673, 0.613427199976816, -0.29531003826715685], [-0.17329874931080647, 0.2514818235383244, 0.9522207915799512], [0.6583832408711939, 0.7486414113301788, -0.07789445026124181]], "T": [-0.06671689521243458, 0.13696758901794645, -0.054490260751661614], "aligned_model": [[-0.08290453310230562, 0.23271229722039538, -0.12808305247712015, -0.3973335185723763, -0.39236067871030655, -0.5650519085222055, -0.6334227000507918, 0.39113729761586824, 0.32605202006134604, 0.5965939819216519, 0.5514707773731815, 0.14729577249988124, -0.0156813644850802], [0.6521312529348394, -0.4801021896721973, -0.5277923560280315, 0.12814989204333307, -0.5191655546014946, 0.2932817770873466, 0.06649383423899397, 0.6880035123183931, -0.17546358930041508, -0.14569765243473895, 0.36661776051381034, -0.0568523742752845, 0.09129243827269332], [-0.4703665494642556, -0.11300328267784654, 0.4245321011608752, -0.6755444384141069, -0.4425350373006324, 0.4486904074184911, -0.15639121181888377, 0.16877827826438993, -0.6191089597847588, 0.2122992123491044, -0.32274007931042953, 0.7301772630162389, -0.017055896499041337]], "inverted": true, "swapped": false, "error_lsq": 0.04259856390030457, "error_max": 0.23799492991676183, "target": "995.xyz", "model": "20.xyz", "model_rescale": 4.121658175737393, "target_rescale": 3.877057091576356},
{"mapping": [2, 9, 7, 4, 11, 0, 3, 1, 10, 8, 6, 5, 12], "R": [[0.9152364586530644, -0.35001625979768963, 0.19957665852858203], [0.08041811156889127, -0.3266751013317893, -0.9417092467962492], [0.394810273528807, 0.8779362141107417, -0.27083731624170104]], "T": [0.08241591560892546, 0.01947818677215036, -0.07598244833887968], "aligned_model": [[-0.09574693694862076, 0.3625877978701963, -0.3563830757967095, -0.25043731380649603, -0.41898530902028075, -0.5038270120958301, -0.5827306951258534, 0.07806415115723099, 0.3701265752143945, 0.6648083204382113, 0.6222060021726209, 0.12926096887356212, 0.011480917839712973], [0.6269466291752517, -0.6394954368384653, -0.41317044709734413, 0.06838176965228904, -0.6158530708395031, 0.44702491292281993, 0.16925808193082792, 0.676214993994743, -0.15546978854569302, -0.10823285172782715, 0.31071196971703574, 0.0010757592173783817, 0.013504229535734429], [-0.4948520266828153, -0.17558342703042237, 0.21912543777981008, -0.5406853310242874, -0.42169910715489023, 0.6027566452550419, 0.05738423484051064, 0.14996598422632948, -0.7797500406224167, 0.23740561797652654, -0.29146796569742317, 0.6032600868659389, 0.0018716982072425614]], "inverted": true, "swapped": false, "error_lsq": 0.05120259015398549, "error_max": 0.2776824236860757, "target": "995.xyz", "model": "21.xyz", "model_rescale": 4.08911054899281, "target_rescale": 3.877057091576356},
{"mapping": [1, 10, 9, 8, 5, 15, 11, 2, 6, 12, 0, 14, 16], "R": [[-0.6604128128007436, 0.5063700883633537, 0.5544765552297948], [0.41312307035080953, 0.8616313514322179, -0.2948232402186268], [-0.6270440538212052, 0.03436201158226043, -0.7782255500351363]], "T": [0.1198450713758643, 0.07003291500452412, -0.014779209362027042], "aligned_model": [[-0.2234145402723604, 0.2598283290052124, -0.13531059410430385, -0.2675246001237588, -0.29034848058869844, -0.3958738871358949, -0.6297645945711355, 0.06627894490969734, 0.3027281052468607, 0.4874278800166667, 0.5923602486056931, 0.1005625306826987, 0.16347504910146127], [0.6926935575694232, -0.6968775517365159, -0.5153234037578521, 0.09181778277590218, -0.4684445097734683, 0.38153304357794365, 0.139292611299733, 0.7454607714356931, -0.09259578588706195, -0.4149859388751748, 0.4468959781288937, -0.01594966769199245, 0.08737986403172421], [-0.3675751057069483, -0.2230781119070297, 0.3011340350910197, -0.5894375210556203, -0.21355638833216156, 0.3957188340248603, -0.1532764058909475, 0.2345833985515483, -0.718817439943168, 0.40308332330517405, -0.4993233633039102, 0.6208761729358945, -0.022599620829566437]], "inverted": true, "swapped": false, "error_lsq": 0.04421336035443331, "error_max": 0.25674698561113274, "target": "995.xyz", "model": "22.xyz", "model_rescale": 4.204369325754507, "target_rescale": 3.877057091576356},
{"mapping": [13, 6, 2, 9, 5, 14, 11, 12, 8, 1, 4, 3, 15], "R": [[0.7813892677031793, 0.5156132994993325, 0.35153056438622965], [0.5144823076570997, -0.2134584772663079, -0.8305079371029362], [-0.35318375872357877, 0.8298062447719714, -0.4320680834212639]], "T": [0.06743141912498689, 0.13319794786213274, -0.08438682872892625], "aligned_model": [[-0.32047465855447715, 0.3185742863657854, -0.1824662628548876, -0.39071647778962093, -0.2624328975504316, -0.3887167130325421, -0.65146725125123, 0.30957827557087764, 0.30714521079820545, 0.47503644630745423, 0.6351650069861424, 0.13332280311341438, 0.04787662266344807], [0.6614676063652183, -0.5672008372501389, -0.6477617898408894, 0.09200358975804768, -0.5438372415007273, 0.5428562486944015, 0.11686247276163658, 0.5181221350400357, -0.328468535730243, -0.19499408527890566, 0.48886821072578535, 0.13967387669568682, 0.10330510065734007], [-0.23200081240369183, -0.15259428902136477, 0.20367274781898045, -0.6987266177460868, -0.43663039177518415, 0.3887388629900941, -0.13055018957240244, 0.22112476229209668, -0.6336349616752809, 0.3176922122291548, -0.3773753369419245, 0.7647568474153394, -0.06674102667058532]], "inverted": true, "swapped": false, "error_lsq": 0.04495145021372714, "error_max": 0.2737602969785713, "target": "995.xyz", "model": "23.xyz", "model_rescale": 4.410303926677745, "target_rescale": 3.877057091576356},
{"mapping": [1, 6, 5, 7, 12, 3, 0, 10, 13, 15, 11, 4, 16], "R": [[-0.42534763639524165, -0.09256084415543292, -0.9002843319430898], [-0.8062429476888874, 0.4906755076954245, 0.3304691444745965], [0.41115896866651913, 0.8664121630477446, -0.2833341952677319]], "T": [0.1499373693680423, 0.05142509092608893, -0.05302536405922746], "aligned_model": [[-0.2621167670513774, 0.3106141233632976, -0.04286431761575299, -0.1562868165662345, -0.35154286944562124, -0.5009212531754497, -0.5977703911155903, 0.2915963496135467, 0.2110451511786588, 0.6573225873974196, 0.4787075330918774, -0.06504076348095367, 0.057681824578317525], [0.7655564225701703, -0.672059789233878, -0.4412870538521035, 0.19525418378947512, -0.5324543362032309, 0.506714596852565, -0.0229542595505454, 0.5975218812321907, -0.3373920463909675, -0.35773305382038256, 0.4729287669570604, 0.08683137403761348, 0.11997006470928023], [-0.29085551226217243, -0.22229053668863757, 0.2870691600251935, -0.625276040491578, -0.2849266780663414, 0.3692843610100339, -0.12909525443243935, 0.2717745362005977, -0.6354974205219323, 0.23760162014502012, -0.39209219692281405, 0.5999793606588534, -0.01794359171463851]], "inverted": true, "swapped": false, "error_lsq": 0.04321591941103288, "error_max": 0.2600769952449616, "target": "995.xyz", "model": "24.xyz", "model_rescale": 4.28219845311461, "target_rescale": 3.877057091576356},
{"mapping": [14, 3, 1, 11, 5, 6, 10, 2, 9, 4, 13, 0, 15], "R": [[-0.9399489203369706, 0.11761977069214039, 0.3204085153358001], [-0.23478120108112246, -0.9041834124789976, -0.35683349648924534], [0.24773739075131332, -0.4106311558322907, 0.8775011333802185]], "T": [0.08280670442748078, 0.02922661227428081, -0.1551410137497306], "aligned_model": [[-0.23079423443925884, 0.3825150989543214, -0.08056013573057921, -0.24572316975671488, -0.4508087332816407, -0.48416369785291363, -0.6622742747442272, 0.2402857505370616, 0.24576187680504824, 0.6184476604241622, 0.5148204030680148, 0.09331864540147586, 0.08959920138738825], [0.7160538649560032, -0.6779830539910043, -0.491847425615631, 0.11747294071487309, -0.5869781116766168, 0.3754384034728008, 0.2918648258787232, 0.5800539740607391, -0.3107301223071183, -0.1366844837446362, 0.3934915881350362, 0.07636883178842185, 0.034375519425656684], [-0.25547745284443696, -0.05476815361855791, 0.17903038152602413, -0.5802971950923828, -0.40177228454328184, 0.4538574210053528, -0.22984256700717237, 0.2197851015472782, -0.716165713996537, 0.3141252725978767, -0.3384212595076781, 0.659242975699992, -0.08156471882733196]], "inverted": true, "swapped": false, "error_lsq": 0.040176076343189954, "error_max": 0.21761939288773227, "target": "995.xyz", "model": "25.xyz", "model_rescale": 4.100010024507729, "target_rescale": 3.877057091576356},
{"mapping": [5, 2, 4, 1, 0, 3, 6, 8, 9, 10, 7, 12], "R": [[-0.3620752524247879, 0.766073046555489, 0.5310683561677514], [-0.06858539862668928, -0.5900748368563316, 0.8044300653283616], [0.929622264512175, 0.2548406840560693, 0.26619292077944223]], "T": [-0.04660643020783855, -0.06553088431860854, -0.07001029870639927], "aligned_model": [[-0.8042408586293668, 0.06406637554734063, 0.48706428378428474, 0.6369811284764, -0.4913591887614535, 0.1656485737182547, -0.320072273174365, 0.5517184464091476, 0.2810504895064527, -0.03943733916609287, -0.5539693745940004, -0.10068466075359447], [-0.18838113443893223, -0.5793872148279288, -0.18365538677703586, -0.39917184036166997, 0.6380140517144819, 0.490642852885121, 0.11922616244375844, 0.3731794233628575, -0.3535372880281227, 0.5661039939315872, 0.09678466379065578, 0.08631310635586736], [0.1639458230426505, 0.042295360603106485, 0.5318429620458685, -0.08384360042644731, 0.08236496234153248, 0.3639006627865249, 0.45340442671337444, -0.214722862591207, -0.5729440182993812, -0.6369124701607015, -0.5207954662598631, -0.04334348994110059]], "inverted": true, "swapped": true, "error_lsq": 0.04429976976366051, "error_max": 0.2434720995134527, "target": "995.xyz", "model": "26.xyz", "model_rescale": 3.6694154284099745, "target_rescale": 3.877057091576356},
{"mapping": [1, 11, 10, 6, 2, 5, 0, 7, 12, 9, 3, 8, 13], "R": [[0.8770667981732806, 0.3194996003793319, 0.35871135596676823], [0.32253721756868614, 0.16169959000050527, -0.932643010951521], [-0.35598254848393945, 0.9336879821177501, 0.03877082954701852]], "T": [-0.03179719265078266, 0.005327624376291026, 0.046893087792126906], "aligned_model": [[-0.4144122788729185, 0.23647592903277556, 0.013675066324451583, -0.09795495938403262, -0.3823517439309148, -0.4498551752923931, -0.6821892621239599, 0.26693963818837124, 0.37289766411296127, 0.6184023812994127, 0.5694996325953388, 0.04238426732109477, -0.06308676849804878], [0.6781790575123168, -0.7426207471862841, -0.5162775526964786, 0.16538866239790734, -0.42361764657747386, 0.6218346377398425, 0.08812691895127645, 0.5415262887083457, -0.258852924603309, -0.15281518141308195, 0.4101612125556101, -2.3351689221597777e-05, -0.03011262260220263], [-0.3779872464406699, -0.2768015752844258, 0.34312109593317136, -0.6173313063795288, -0.3471210075223293, 0.3135860298515877, -0.03717697773314886, 0.18609015308857252, -0.5825221358935252, 0.17764056379989546, -0.3100146231981732, 0.6815785772131757, 0.014670259504543239]], "inverted": false, "swapped": false, "error_lsq": 0.04671828919920293, "error_max": 0.22769187703166244, "target": "995.xyz", "model": "27.xyz", "model_rescale": 4.103607728864725, "target_rescale": 3.877057091576356},
{"mapping": [3, 8, 7, 2, 1, 9, 0, 10, 4, 11, 12, 6, 14], "R": [[-0.6136109184728236, 0.4925913207338098, -0.6171186526662913], [0.5065389934698845, 0.8451073289269719, 0.17091474684308344], [0.6057226170661405, -0.20771950638213993, -0.7680837961074989]], "T": [0.10009499384967142, 0.1034575238665466, 0.046518736012396755], "aligned_model": [[-0.23284671029452647, 0.3336080270971054, -0.06089945658468064, -0.045896173284164885, -0.5129297481361965, -0.4330987755230567, -0.5741959559144368, 0.19947399678952116, 0.2977060596473846, 0.5986219117906971, 0.42206801992790355, 0.050600681403093775, -0.011787486146505877], [0.6401637866025334, -0.6646292914242863, -0.569387154889844, 0.1402803814717081, -0.39897002723087793, 0.4374065757126052, 0.17085425085868333, 0.5353379771704518, -0.3688765310492855, -0.17287034987972355, 0.5748548237862445, -0.0013428595295576495, 0.058075169498596174], [-0.35922386927861305, -0.12019744282633688, 0.250091992512198, -0.6736558001305937, -0.3713664799097193, 0.5702613838139785, -0.17816134151698923, 0.29826933508705034, -0.7014516473421696, 0.4301527435487133, -0.59489499414247, 0.669282299114269, -0.051374371990173084]], "inverted": true, "swapped": false, "error_lsq": 0.05146781490012468, "error_max": 0.28539404572105936, "target": "995.xyz", "model": "28.xyz", "model_rescale": 4.137296879288765, "target_rescale": 3.877057091576356},
