[{"mapping": [12, 13, 11, 2, 4, 6, 5, 10, 3, 1, 8, 14], "R": [[0.10221613460473675, -0.9479615538830327, -0.30153068531433547], [0.7995586073963815, -0.10204504674258283, 0.5918554230330779], [-0.5918258993697605, -0.3015886284244991, 0.7475201696544409]], "T": [0.032169159764408164, -0.0807323359200741, 0.028469269070829816], "aligned_model": [[-0.33498482642875715, 0.20054353837219813, 0.3941490007068198, 0.11773151288983635, -0.140468353292718, -0.38466876109223225, 0.2864523978976746, -0.3015250046418825, 0.5461978482207901, 0.15413117276565513, -0.7031991674985004, 0.003283104561664897], [-0.2887149272772551, -0.791910036871969, -0.2901734009696376, 0.7366201736487642, 0.35345109723883483, -0.5874127245957499, -0.3313796249640886, -0.49809914521890913, 0.24543325005971928, 0.48659926443134105, 0.04126307175006623, -0.02212196125405938], [-0.5815759595521487, -0.008636687026205837, -0.5192329579283411, -0.07841568366377343, -0.5953671150826897, -0.0003380324513789397, 0.5713071058117194, 0.6328804963032361, -0.16825707107675253, 0.4880185097376684, 0.40076180806567674, 0.0408073322165521]], "inverted": true, "swapped": true, "error_lsq": 0.045977193471528795, "error_max": 0.2520713117782336, "target": "996.xyz", "model": "0.xyz", "model_rescale": 3.751011558992144, "target_rescale": 4.236797927970153},
{"mapping": [9, 5, 13, 3, 12, 8, 6, 2, 10, 11, 4, 0, 7, 1, 14], "R": [[-0.34502372825737426, -0.9382850411861781, -0.024079211482816776], [-0.7132277351350857, 0.2787704315708117, -0.6431121553165511], [0.6101350873154714, -0.20471499204522378, -0.7653933284648271]], "T": [0.0029660922154561703, -0.048982063294971095, -0.07985634053590152], "aligned_model": [[-0.3448568545813394, -0.09879601113211049, -0.6142025065869167, -0.5696412893405246, -0.6437288632662881, 0.440278729509138, 0.25099204019763427, -0.20868050752769407, 0.3069775672857935, -0.23300570741102977, 0.7682638116327805, -0.006565184829751384, -0.12124950176170277, 0.4630012293312749, -0.04156400084270391], [-0.2606000063256604, 0.25518654629864024, 0.22960225301730677, 0.2776411336460206, -0.34417359112260126, 0.4102636704326581, -0.6644934182201899, 0.748958771458216, -0.5283964754785325, -0.8100164980341471, -0.14889122083960654, 0.3754423867146117, -0.2952710361100272, -0.03509290900248266, -0.07972310760527032], [-0.5979554287452397, -0.615777956311743, -0.3425270424760216, 0.3059466704948896, 0.1360665635999621, -0.2754816595927379, 0.27136246072024417, -0.12712412066844003, -0.6716270668692587, -0.12315631569682306, -0.2528058441581208, 0.5488546896611487, 0.523127284349427, 0.4434603068657512, -0.0885667624723701]], "inverted": false, "swapped": false, "error_lsq": 0.046690645194918626, "error_max": 0.30340953666201215, "target": "996.xyz", "model": "1.xyz", "model_rescale": 3.9405287249114394, "target_rescale": 4.236797927970153},
{"mapping": [13, 6, 10, 4, 9, 5, 11, 12, 0, 1, 2, 7, 14], "R": [[-0.5046971855958273, -0.7605581045473436, 0.4084508788814183], [0.6525670807032732, -0.026349168163679604, 0.7572726896696395], [-0.5651875405863606, 0.6487349928471827, 0.5096135330046752]], "T": [-0.08682385905614781, 0.0014405650029415823, 0.04404378013049828], "aligned_model": [[-0.20773820402021137, 0.1222215179964547, -0.4433961866470408, 0.5639270426916685, 0.5208394256823061, -0.6992184542437432, 0.1542723812609164, 0.60462705341363, 0.11871714313389739, -0.4886708749760603, 0.024321246537439056, -0.697524767728773, -0.07639404381655193], [0.7231470117520346, 0.4427088406950776, 0.24827110558843452, -0.3272936166434319, -0.1904880414786106, 0.1780288713536543, 0.35748954084356027, 0.2681365588933592, -0.6352798741025106, -0.6200186070672585, -0.7617898800201081, -0.16224760845091613, -0.06183170779126791], [0.04851944582032933, -0.3951498768754247, -0.6362433944497462, 0.3196302464702597, -0.392862529083965, -0.08223517909624622, 0.5825365137355706, 0.012693001219037964, -0.20919820785720836, 0.028784185897195308, 0.34725408270022406, 0.4629450549829589, 0.026447006125658312]], "inverted": false, "swapped": true, "error_lsq": 0.043001689384141464, "error_max": 0.24461123423512152, "target": "996.xyz", "model": "2.xyz", "model_rescale": 3.932901565614263, "target_rescale": 4.236797927970153},
{"mapping": [1, 3, 2, 5, 0, 9, 4, 8, 10, 6, 11, 13, 12, 14], "R": [[0.37232677050147883, -0.3816880997574901, -0.8459828428942608], [-0.7455928059884918, -0.6658242249021643, -0.027739307699356175], [-0.552688107006245, 0.6410868085033014, -0.5324880846900755]], "T": [0.10014215210328431, 0.015391466939583792, -0.007213740634423701], "aligned_model": [[-0.25202537048830986, 0.5284197837565099, 0.10093545585042885, -0.09260264414610797, -0.3218567194250647, -0.214978869698139, 0.37599992682357736, -0.6761319421687326, -0.49577957721283933, -0.06850394780101532, 0.7755897970377521, 0.35446418711418, 0.34377339982388233, 0.06250643258658206], [0.06064865027510554, 0.005090470543946988, -0.4479652004285497, 0.6324253293473665, -0.4819605072101566, -0.6189360484116203, -0.7059331275574512, -0.23398669215702586, 0.43025695520473195, 0.0386236076458886, -0.006933551837571154, 0.47450718066885433, -0.45720526520371085, -0.025135162529320042], [-0.6567175553717322, -0.4823799164512148, -0.694316646876697, -0.07260182715709014, -0.30106658114145296, 0.3015025134301736, -0.11249487017813341, 0.16442615901897067, 0.34438788001469456, 0.6270791647167897, 0.1274887720619669, 0.5027211273589666, 0.5100000766137478, -0.044131932981892094]], "inverted": true, "swapped": true, "error_lsq": 0.045623763061140674, "error_max": 0.27509616073160503, "target": "996.xyz", "model": "3.xyz", "model_rescale": 3.9243930471874484, "target_rescale": 4.236797927970153},
{"mapping": [10, 1, 8, 6, 9, 5, 13, 0, 4, 3, 12, 11, 14], "R": [[0.07361750887199903, 0.98355890159417, 0.1649010293550367], [0.9939068583138627, -0.08595936258592546, 0.06899380392824031], [0.08203425738158554, 0.1588171120461864, -0.983894051987896]], "T": [-0.11405395788552981, -0.049045903056332184, -0.08906468739820873], "aligned_model": [[0.056628619450623516, -0.3007832881463959, 0.5286975244499182, 0.2700140080709339, 0.6476866361311955, -0.4936899438209851, -0.3099889656725612, 0.2994225404301328, 0.2138782898965655, -0.5540414158143752, 0.36443698630228827, -0.3597637788060389, -0.08529132615994925], [-0.764261814202277, 0.21503805964028525, -0.25551617937485005, -0.529762723705082, 0.07943367055483563, -0.49664040922562763, -0.6032142886885743, 0.33503300671406105, 0.608123655789537, 0.41022007158190515, 0.027338721535378273, 0.11258818111593921, -0.010550398053943456], [-0.4210186581610984, -0.7548853838599977, -0.5774208563751348, 0.1405259592427946, -0.07414331922297639, -0.3677986500365298, 0.34683367090325085, -0.5287374089151314, 0.17185562712109326, -0.01980765637250846, 0.47256312023516933, 0.5341317512747371, -0.13502788046270406]], "inverted": true, "swapped": true, "error_lsq": 0.043793275294709395, "error_max": 0.26868511323972427, "target": "996.xyz", "model": "4.xyz", "model_rescale": 3.8936222436046832, "target_rescale": 4.236797927970153},
{"mapping": [9, 4, 12, 6, 11, 3, 1, 5, 10, 8, 13, 14], "R": [[-0.8323834653160553, 0.40397378069476203, 0.37939814335288435], [-0.5494998997005661, -0.5126338563680939, -0.6597396376861442], [-0.07202518238438016, -0.7576356075425423, 0.6486914977754371]], "T": [-0.1567602224646999, 0.0007483349399857349, 0.06695216752001712], "aligned_model": [[0.03386007443031369, -0.6738179756414557, -0.24183840548544627, 0.31149759480794686, -0.6250107772829305, -0.7421677602729171, -0.20064140321289686, 0.17123506642732117, 0.6343816937890339, 0.45634421744821607, 0.06383041292437996, -0.16012469571646729], [-0.5595688772948323, -0.43704526096643426, -0.06023164964218379, 0.13301041895866209, 0.3984915695730147, 0.07295751048213213, -0.3698187051695454, 0.3482538243748333, 0.10738472685383364, -0.5614189912914239, 0.6600565750719494, -0.06314823584019853], [-0.42972368726008103, -0.3183773615860127, -0.6673891244587794, -0.37412615528411386, -0.2451606833107601, 0.314731473731082, 0.7062329295727221, 0.5071975206760369, 0.1834979899833392, 0.018764680532428385, -0.16141797447186473, 0.08505511115152158]], "inverted": true, "swapped": true, "error_lsq": 0.044363396795348724, "error_max": 0.23376160352657577, "target": "996.xyz", "model": "5.xyz", "model_rescale": 3.6523030999806103, "target_rescale": 4.236797927970153},
{"mapping": [10, 8, 9, 6, 12, 5, 0, 13, 1, 3, 4, 11, 14], "R": [[0.25448393092689925, -0.4635551725891026, 0.848737021029412], [-0.8153596920129845, -0.5747742660878866, -0.06944865501665476], [0.5200254816261259, -0.6743523893403349, -0.5242350173829455]], "T": [0.024958368963090262, -0.10733108892018808, -0.0794737286816314], "aligned_model": [[0.03226223888585198, -0.14501642124364658, 0.21948709124496393, 0.5118465941496729, 0.6389686096112337, -0.1780915985848808, -0.37742706342023674, 0.5484141555705966, -0.7144512715373138, -0.20569459425498904, 0.12319302418957812, 0.44841589040604773, -0.02082375035258357], [-0.5761584846221405, 0.09998934761115896, 0.47747338797918193, -0.21025075646513164, 0.3063234168776515, -0.7168826601372672, 0.41058886222555524, -0.6173098599707966, -0.08382962409673536, -0.029598701345911152, 0.6281825978657228, -0.08403514927681602, -0.0636654724812888], [0.5770377388428605, 0.709435643880204, 0.3865098339494104, 0.34907746704731507, -0.033698592819515746, 0.017348471271374122, 0.2062471379815639, -0.11710613792532552, -0.05404841341717144, -0.6711388547642103, -0.3179278496379977, -0.6226253844529822, -0.05900132047373571]], "inverted": false, "swapped": true, "error_lsq": 0.045773995434434236, "error_max": 0.26705366869877367, "target": "996.xyz", "model": "6.xyz", "model_rescale": 4.08911054899281, "target_rescale": 4.236797927970153},
{"mapping": [6, 7, 2, 13, 1, 5, 8, 12, 3, 3, 4, 11, 9, 10, 14], "R": [[0.7808065673071588, -0.6237569774128835, 0.035613727392048405], [-0.5649915511757944, -0.7292795950304747, -0.38592203794569313], [0.26669392859602437, 0.28120900661417436, -0.9218437194281297]], "T": [-0.05543307059029787, -0.009971938867617942, -0.04250781237156623], "aligned_model": [[-0.15894364215068402, -0.17989450208582164, -0.7379659333416015, -0.5290333559173379, -0.7197052546442938, 0.5035074301588502, 0.4135098569946688, 0.0538482570836121, 0.061672545586272415, 0.061672545586272415, 0.5251338037811573, -0.11785602754729013, -0.20548645287891049, 0.48656821624014523, -0.10980453618847959], [-0.2074706417130351, 0.4377385910595172, 0.03318925686844534, 0.5371913414727556, -0.21043657859776255, 0.395666026483165, -0.4162820239105066, 0.6547103408440124, -0.7434790993824256, -0.7434790993824256, -0.2483349774111049, 0.14096007377409825, -0.6111825605776935, 0.21351547994934847, -0.10186963064745216], [-0.48907560162992203, -0.6616633647167744, -0.4696208486259025, 0.06798941264757849, 0.1951946330626211, -0.364291260161686, 0.2406063320039227, 0.19042345747079512, -0.31582988685363855, -0.31582988685363855, -0.3634044560765607, 0.5212775767277107, 0.4376870217473803, 0.37649442772585484, 0.08383822223292722]], "inverted": true, "swapped": false, "error_lsq": 0.053871720843761434, "error_max": 0.37157132007176574, "target": "996.xyz", "model": "7.xyz", "model_rescale": 3.964800864290218, "target_rescale": 4.236797927970153},
{"mapping": [2, 7, 1, 4, 8, 11, 0, 5, 13, 6, 12, 9, 10, 14], "R": [[-0.8366760801081494, -0.3862047630698931, 0.38835424287239256], [-0.016396977163772808, 0.7264111826386874, 0.6870647224806076], [-0.5474525332069916, 0.5684827831338354, -0.6141034515174593]], "T": [0.04164384182866583, -0.13015248419759148, 0.06294676112169131], "aligned_model": [[-0.36747765014518124, 0.3601688047577442, 0.24930144251049746, -0.7227935516066525, 0.20844642442922034, -0.3094587561938165, -0.1856120762647651, 0.6730113522106903, 0.3199690421356563, 0.15004070675466075, -0.48547389447134054, -0.3526178759939867, 0.6990615182640513, 0.024622403074094874], [0.021609552450523928, -0.558795072954802, 0.08140573392782557, -0.02632142239163411, 0.6820344450409701, -0.6885333716301228, 0.4466609242566574, -0.2732760359091515, -0.5197040877498788, 0.07334108305718717, -0.0526673492128478, 0.48705940635300804, 0.2198891440983939, -0.081754483154927], [-0.6416086471532193, -0.47560228506611246, -0.6153207548281331, -0.048163008295795395, 0.14529043869988892, 0.2624723099858963, -0.294030220145725, 0.0077411320821234725, 0.6163770970489626, 0.6778851457699033, 0.5790445568786525, 0.3090881039695923, 0.372999398004334, 0.020641771774653088]], "inverted": true, "swapped": true, "error_lsq": 0.04926134111253257, "error_max": 0.360001394040411, "target": "996.xyz", "model": "8.xyz", "model_rescale": 4.121658175737393, "target_rescale": 4.236797927970153},
{"mapping": [1, 7, 5, 10, 2, 0, 11, 12, 13, 4, 8, 6, 14], "R": [[-0.6425942302474059, 0.013450286087839325, -0.7660886013098612], [-0.6824466988901027, 0.4445090499425021, 0.580239784652187], [0.34833770744314474, 0.8956733747987431, -0.2764598474460344]], "T": [0.011427434886174904, -0.07249127334778005, -0.06802723755848317], "aligned_model": [[-0.6097345852243898, -0.14376580748687665, 0.1863699068661115, 0.24605157555054583, -0.7461940929673008, -0.6301096550128458, 0.3770922733005533, 0.2766844209039452, 0.7332349154606728, -0.31291812195895957, -0.2920517824967056, 0.44425017716363224, -0.052171727663185126], [0.02912614335767788, -0.3330058455448833, 0.20211713177378943, 0.678366453194054, -0.40705998661282883, 0.11183660658407657, -0.6470947042048243, -0.20564644720923084, -0.034665059644640395, -0.5039149301184553, 0.6490623108900497, 0.3103472937923258, -0.059081526845400634], [-0.4575872808950061, -0.763207006575064, -0.630292567302652, -0.24697965463525762, -0.0382979434354913, 0.18935364867749327, 0.03681940107309632, 0.6117686287819474, -0.18232353769211648, 0.49425773189329014, 0.2174757931005571, 0.2440750444439792, -0.05398682347568685]], "inverted": true, "swapped": true, "error_lsq": 0.0434050548357542, "error_max": 0.22915999608566842, "target": "996.xyz", "model": "9.xyz", "model_rescale": 3.833441315466971, "target_rescale": 4.236797927970153},
{"mapping": [6, 5, 1, 0, 12, 2, 7, 13, 4, 6, 3, 10, 11, 8, 14], "R": [[-0.4814408172690676, 0.7259183539760525, 0.4911794812774566], [-0.24158366419783422, -0.6485977530534894, 0.7217744023770263], [0.8425271940181165, 0.2288307192984888, 0.487631448170948]], "T": [-0.04124502684225039, -0.0723549671294101, -0.005476805953939554], "aligned_model": [[-0.3399319921419249, -0.06099676221184966, -0.6991737407570537, -0.49966455184862424, -0.5386605736726345, 0.4949843749466867, 0.37381711651472577, 0.026944115990023144, 0.09599804871648898, -0.3399319921419249, 0.6986199524955472, -0.2753822714401743, -0.006411749069278112, 0.3637486905759475, 0.05326428472060497], [-0.5466719192252806, 0.33298021052439825, 0.013404024418863278, 0.431302946514691, -0.3618587784158936, 0.35777413287790333, -0.5518078787761688, 0.7137895056538811, -0.35068599501802084, -0.5466719192252806, -0.31013516634482213, 0.27385136013755434, -0.4153609939594469, 0.16944303603324878, -0.07891606636669096], [-0.3889335750420215, -0.5465391537228966, -0.33010603398010085, -0.003686046263641843, 0.17280772599654387, -0.21547023659312015, 0.19888145653420825, -0.11955419252435494, -0.7400574735568153, -0.3889335750420215, -0.39326829497631577, 0.7023897585709586, 0.5831407178774818, 0.6150658411663693, -0.011941139743605469]], "inverted": false, "swapped": false, "error_lsq": 0.05084202706517354, "error_max": 0.36609535319754966, "target": "996.xyz", "model": "10.xyz", "model_rescale": 4.2482417240324, "target_rescale": 4.236797927970153},
{"mapping": [13, 11, 3, 4, 10, 1, 5, 0, 12, 8, 6, 14], "R": [[0.9555945224183562, 0.02163289139250482, 0.29388965060722105], [-0.2946386026117436, 0.08779066303501545, 0.951567597879873], [-0.005215608788374959, -0.9959040202217646, 0.0902661616060756]], "T": [0.006160253912135438, 0.024456810556039946, 0.04521586904727925], "aligned_model": [[-0.6482021094035633, -0.0009752777797850283, 0.37482035683504306, 0.6342676994939511, -0.5935695225084762, 0.37372883443021077, -0.4225887451990614, 0.5271014420863357, 0.03070424500169004, -0.002449497319888711, -0.4530618201948693, 0.05698999692142015], [-0.30143715059626686, -0.6577634105919643, -0.2463883496241861, -0.3040982977613665, 0.544347450307285, 0.551271542641787, 0.30922081231451637, 0.44205039793997075, -0.41901729927032644, 0.6775525635379902, 0.00509692750975578, 0.06529620364344459], [0.07843527965327374, 0.14215579107057205, 0.49247794284899493, -0.2788572343432482, -0.09934449357405029, 0.4130269056454647, 0.4417517498472735, -0.2117421039276134, -0.5488735983445852, -0.47212637787050693, -0.4238779496445757, 0.03216637849335721]], "inverted": true, "swapped": true, "error_lsq": 0.0529663272937391, "error_max": 0.3242183664167164, "target": "996.xyz", "model": "11.xyz", "model_rescale": 3.6694154284099745, "target_rescale": 4.236797927970153},
{"mapping": [3, 11, 12, 13, 5, 2, 1, 0, 6, 8, 9, 10, 4, 14], "R": [[0.9358272749019876, 0.3519027755855233, -0.01979262702938614], [0.26658649271968443, -0.6699725485033778, 0.6928697035888539], [0.23056225503958194, -0.6536828135931781, -0.7207911110467228]], "T": [0.12347754355826474, 0.021872810946148152, -0.1271523219689246], "aligned_model": [[-0.11855052268220237, -0.015390238282845747, -0.22761334205578693, 0.6357650203759779, 0.7243639348127935, -0.5014550658936929, 0.06437314244030937, -0.3249805557851846, 0.3623397999921122, 0.11863705671150282, -0.3078767512386152, 0.7463291970288233, -0.6417153178420045, 0.08403849267462256], [-0.3261787610807041, 0.31051470725437735, 0.675172009022565, 0.45823617787636006, -0.22527421866966837, -0.5221107077519187, -0.6841609242609225, -0.2401628801070785, 0.5774971112852123, 0.06163434778130697, 0.38569555201669325, 0.12202119869561942, 0.1506043504306627, -0.012500674356250713], [-0.6063112239034804, -0.7372951653259203, -0.1393726608468909, -0.4146398152233739, -0.13044416877122186, -0.10840134011854854, 0.08720349551248074, 0.3647970203249872, 0.12884609302161396, 0.7051017141888305, 0.400621176870003, 0.3757252960136801, -0.20062935472037863, -0.08610560736936582]], "inverted": false, "swapped": true, "error_lsq": 0.04645566810205094, "error_max": 0.31951955079036587, "target": "996.xyz", "model": "12.xyz", "model_rescale": 3.9764082729961374, "target_rescale": 4.236797927970153},
{"mapping": [7, 4, 0, 9, 2, 6, 11, 5, 3, 8, 14, 12, 10, 13, 15], "R": [[-0.3942780861479796, -0.41873735121727507, -0.8180487891800996], [-0.9025052414982654, 0.008577183841678049, 0.43059345209315936], [-0.1732890067247323, 0.9080668822354918, -0.381294449914327]], "T": [-0.0596012583401773, -0.00422880501108823, 0.001174401339407792], "aligned_model": [[-0.41564189023884607, -0.10380945301279046, -0.6694296335304006, -0.49389737692424934, -0.749953817339865, 0.5307423414775672, 0.41326672295566114, -0.1886387096056216, 0.195075724979315, -0.180341177235924, 0.6885429745998639, -0.05662253811628618, -0.05309394219937517, 0.4566936280494967, -0.02566990318198544], [-0.21350616899486408, 0.33492997125481483, 0.21790251233644664, 0.3706760299615419, -0.3950956049951505, 0.41900645902358447, -0.6166837984540101, 0.8175547443233567, -0.6324930246643723, -0.7004551703801063, -0.2071406543591925, 0.1766640895343049, -0.5137533703518907, 0.09218251104232723, -0.019352026447854706], [-0.6316539737230485, -0.6303956120279397, -0.324209931670899, 0.18098644936338396, -0.08186777384237098, -0.2355219254824494, 0.17961053002819005, -0.10296512069194291, -0.49769146418392546, 0.01970968657174422, -0.19354341419825422, 0.6131240911645478, 0.6228570141806995, 0.3152205677092919, -0.09986334449635934]], "inverted": true, "swapped": false, "error_lsq": 0.038647440688386055, "error_max": 0.2598120870593742, "target": "996.xyz", "model": "13.xyz", "model_rescale": 4.170626492500431, "target_rescale": 4.236797927970153},
{"mapping": [5, 10, 7, 1, 11, 4, 2, 10, 13, 8, 6, 0, 12, 14], "R": [[0.7099496648639216, -0.10852730732632088, 0.6958399937658828], [-0.7033871391155276, -0.06030679199672208, 0.7082440422382229], [-0.034899941066983964, -0.9922625229260463, -0.11915149898326353]], "T": [0.005686493540660127, 0.11539682676758727, 0.00918550155333181], "aligned_model": [[0.19066199412698617, 0.3274271317806616, -0.21106259162399765, -0.6130871315930836, 0.29828105321052184, -0.34753606114409324, -0.7868220361534836, 0.3274271317806616, 0.7208605684490456, -0.18984101732463718, 0.49707958283512527, -0.5952556153973669, 0.28005075400231244, -0.055000740857008575], [-0.38414921484325176, -0.6005785975091634, -0.01765626477228667, -0.22195664861875714, 0.6972530608957022, 0.7368125255724607, 0.34998783793410454, -0.6005785975091634, 0.09212161760757352, -0.3946078925705169, -0.021443522049906336, 0.02483274459011091, 0.5910939514141453, 0.10494346778461452], [-0.36282896347721205, 0.19552372630694773, -0.7053383993535678, -0.217170888799762, -0.21599096456932593, 0.3199380636968654, -0.051705566213740006, 0.19552372630694773, -0.14406205274411793, 0.6384035635739351, 0.422847537378183, 0.38662192581622873, 0.5078341624711857, 0.034277230728299]], "inverted": false, "swapped": true, "error_lsq": 0.05456809753525134, "error_max": 0.40538937460006214, "target": "996.xyz", "model": "14.xyz", "model_rescale": 3.9786697098870705, "target_rescale": 4.236797927970153},
{"mapping": [0, 6, 1, 2, 5, 7, 12, 11, 3, 4, 13, 14], "R": [[0.6114636423506279, -0.6930283278318944, 0.38186902323418676], [-0.6730079974673456, -0.7093072221880077, -0.20962704953542066], [0.41613993971775504, -0.12882158737750754, -0.9001291847269716]], "T": [-0.0622420482010188, 0.04031094467969366, -0.09308233684065313], "aligned_model": [[0.15851775568347343, -0.7160296338980889, 0.5181051496677991, 0.6174323661848679, -0.033518375812598304, 0.5336624952481893, -0.5284009447109591, -0.08065059981888059, 0.4785594239055489, 0.09182726593077517, -0.5241338648373475, -0.032016440775442453], [-0.5388574004449305, 0.04807431756857861, -0.0036388488727502263, -0.43339547262259964, 0.604975877786337, 0.5082644422053041, -0.359733581427361, 0.15572092489128658, 0.10108712983682872, -0.6150572709279994, 0.5551329756347712, -0.007898603403026339], [-0.4503226797897362, -0.1548095754261924, -0.5504562840026997, -0.1144213838611791, -0.41321576162221907, -0.12692011610269646, 0.32269915527661014, 0.5860453066348077, 0.24329655373767556, 0.2996592412384831, 0.1459045495115867, -0.12749251172061027]], "inverted": true, "swapped": true, "error_lsq": 0.04991585288604527, "error_max": 0.2561948580792589, "target": "996.xyz", "model": "15.xyz", "model_rescale": 3.769337070930944, "target_rescale": 4.236797927970153},
{"mapping": [3, 11, 1, 5, 2, 4, 0, 12, 8, 10, 14], "R": [[-0.6741722710595219, -0.6970580576268135, -0.24413482593022434], [0.1477691188395529, 0.19656340881619871, -0.9692920683838997], [0.7236408200563517, -0.6895454231681117, -0.029513944773293443]], "T": [-0.15186926813759216, -0.03128613199215278, 0.034210311854599135], "aligned_model": [[-0.21025705723408492, -0.287307773084338, -0.08169835222634927, -0.7062289209305179, 0.33734807176898624, 0.49511784402039416, 0.4422102608104461, 0.22541766328055984, 0.2533537282369, -0.44331152160320625, -0.10201781234761934], [-0.10979168684926022, -0.6519215418396669, 0.6241734956489132, 0.29170478187705573, 0.2539522952271776, -0.34744581723929074, 0.36449517201488457, -0.6172921945417545, 0.4401219444433963, 0.33723317186816565, 0.010834877015720897], [-0.5980384357776866, -0.2328866627797818, -0.30250039641422677, 0.136773417362488, -0.5708647812240129, -0.2640203520011546, -0.012887440950176889, 0.288110794105083, 0.5890255419140265, 0.6900416286159117, 0.021464294373307498]], "inverted": false, "swapped": true, "error_lsq": 0.04483115723959431, "error_max": 0.24932222551113783, "target": "996.xyz", "model": "16.xyz", "model_rescale": 3.7852294659196426, "target_rescale": 4.236797927970153},
{"mapping": [5, 8, 6, 10, 1, 0, 4, 9, 13, 11, 3, 12, 14], "R": [[0.4288084169247288, -0.05635610404302127, 0.9016359193774395], [-0.8653368129154544, 0.26101433057183754, 0.42785946226472515], [-0.2594523882870077, -0.9636884915641712, 0.06315813042625772]], "T": [0.0003967707087291026, 0.1202942384694625, -0.11804506904496863], "aligned_model": [[0.02859869815713926, -0.39840964504458526, 0.38722179114469557, 0.046095592829014966, -0.6797513086859326, -0.6191675720454594, -0.14005941735695246, -0.14520946770623108, 0.6734546772898702, 0.4878425011143583, -0.11159362095295737, 0.38649391512903875, -0.061750293655715695], [-0.28700369824327643, -0.4452387523810105, -0.2875472230138636, -0.6843048282340334, 0.09481616459088235, 0.14085138525070476, 0.7119583971294365, 0.0358323732556952, -0.10438455708475572, 0.6036789688090336, 0.6592089347157287, 0.3123458620229087, 0.12484259688542382], [-0.6234854589386951, 0.34604228247303465, 0.22157306211629713, -0.1553511005193506, -0.4090344843460629, 0.2390388910255989, 0.36949608955519153, 0.6360394071881252, -0.29696683657920464, -0.17811633356889367, -0.4441429642955346, 0.48549379284530697, -0.09483164981263899]], "inverted": false, "swapped": true, "error_lsq": 0.050792440470952695, "error_max": 0.35754386675841443, "target": "996.xyz", "model": "17.xyz", "model_rescale": 3.901054581598922, "target_rescale": 4.236797927970153},
{"mapping": [9, 5, 13, 3, 12, 8, 6, 2, 10, 11, 4, 0, 7, 1, 14], "R": [[-0.34502372825737426, -0.9382850411861781, -0.024079211482816776], [-0.7132277351350857, 0.2787704315708117, -0.6431121553165511], [0.6101350873154714, -0.20471499204522378, -0.7653933284648271]], "T": [0.0029660922154561703, -0.048982063294971095, -0.07985634053590152], "aligned_model": [[-0.3448568545813394, -0.09879601113211049, -0.6142025065869167, -0.5696412893405246, -0.6437288632662881, 0.440278729509138, 0.25099204019763427, -0.20868050752769407, 0.3069775672857935, -0.23300570741102977, 0.7682638116327805, -0.006565184829751384, -0.12124950176170277, 0.4630012293312749, -0.04156400084270391], [-0.2606000063256604, 0.25518654629864024, 0.22960225301730677, 0.2776411336460206, -0.34417359112260126, 0.4102636704326581, -0.6644934182201899, 0.748958771458216, -0.5283964754785325, -0.8100164980341471, -0.14889122083960654, 0.3754423867146117, -0.2952710361100272, -0.03509290900248266, -0.07972310760527032], [-0.5979554287452397, -0.615777956311743, -0.3425270424760216, 0.3059466704948896, 0.1360665635999621, -0.2754816595927379, 0.27136246072024417, -0.12712412066844003, -0.6716270668692587, -0.12315631569682306, -0.2528058441581208, 0.5488546896611487, 0.523127284349427, 0.4434603068657512, -0.0885667624723701]], "inverted": false, "swapped": false, "error_lsq": 0.046690645194918626, "error_max": 0.30340953666201215, "target": "996.xyz", "model": "18.xyz", "model_rescale": 3.9405287249114394, "target_rescale": 4.236797927970153},
{"mapping": [6, 1, 2, 10, 5, 12, 7, 3, 0, 8, 4, 11, 9, 13, 15], "R": [[-0.8526994135778583, 0.08355297235919276, 0.5156768473510526], [0.3692917912981578, -0.6017877890395645, 0.7081490166925818], [0.3694959850441878, 0.7942734779487582, 0.4822886679815409]], "T": [0.07849886184800131, 0.007161785655591314, -0.031500449906273875], "aligned_model": [[-0.4201577601754826, -0.09113481576336538, -0.7654802860467604, -0.455595492930659, -0.6143038755430736, 0.4809759406026817, 0.3740894507613733, -0.012057272824844062, 0.18589763091018646, -0.14293407662465013, 0.6873687597395779, -0.24684228784427165, -0.06969219754594924, 0.39628771658369594, 0.04080151737810074], [-0.30260401585709523, 0.2022977049752758, 0.12289252979584894, 0.5465300670151833, -0.43008534531313775, 0.3418345152294199, -0.5810824678333267, 0.7885350328382708, -0.33987681412392545, -0.6857681030996859, -0.30008468823720497, 0.12289728056884064, -0.47472973401551866, 0.0996247469081882, 0.02005578997780312], [-0.49374516552512354, -0.6386790170434407, -0.2036366628093721, 0.17277660265541955, 0.11028091798780465, -0.19319592716551756, 0.21793982535907747, -0.35812566316188577, -0.615198978791649, -0.23907640844897926, -0.29520877426867, 0.6009326559902403, 0.547144363551258, 0.5531282270966109, -0.03154021672510499]], "inverted": false, "swapped": false, "error_lsq": 0.03676846434753001, "error_max": 0.23673944234634708, "target": "996.xyz", "model": "19.xyz", "model_rescale": 4.410303926677745, "target_rescale": 4.236797927970153},
{"mapping": [2, 7, 1, 4, 8, 11, 0, 5, 13, 6, 12, 9, 10, 14], "R": [[-0.8366760801081494, -0.3862047630698931, 0.38835424287239256], [-0.016396977163772808, 0.7264111826386874, 0.6870647224806076], [-0.5474525332069916, 0.5684827831338354, -0.6141034515174593]], "T": [0.04164384182866583, -0.13015248419759148, 0.06294676112169131], "aligned_model": [[-0.36747765014518124, 0.3601688047577442, 0.24930144251049746, -0.7227935516066525, 0.20844642442922034, -0.3094587561938165, -0.1856120762647651, 0.6730113522106903, 0.3199690421356563, 0.15004070675466075, -0.48547389447134054, -0.3526178759939867, 0.6990615182640513, 0.024622403074094874], [0.021609552450523928, -0.558795072954802, 0.08140573392782557, -0.02632142239163411, 0.6820344450409701, -0.6885333716301228, 0.4466609242566574, -0.2732760359091515, -0.5197040877498788, 0.07334108305718717, -0.0526673492128478, 0.48705940635300804, 0.2198891440983939, -0.081754483154927], [-0.6416086471532193, -0.47560228506611246, -0.6153207548281331, -0.048163008295795395, 0.14529043869988892, 0.2624723099858963, -0.294030220145725, 0.0077411320821234725, 0.6163770970489626, 0.6778851457699033, 0.5790445568786525, 0.3090881039695923, 0.372999398004334, 0.020641771774653088]], "inverted": true, "swapped": true, "error_lsq": 0.04926134111253257, "error_max": 0.360001394040411, "target": "996.xyz", "model": "20.xyz", "model_rescale": 4.121658175737393, "target_rescale": 4.236797927970153},
{"mapping": [10, 8, 9, 6, 12, 5, 0, 13, 1, 3, 4, 11, 14], "R": [[0.25448393092689925, -0.4635551725891026, 0.848737021029412], [-0.8153596920129845, -0.5747742660878866, -0.06944865501665476], [0.5200254816261259, -0.6743523893403349, -0.5242350173829455]], "T": [0.024958368963090262, -0.10733108892018808, -0.0794737286816314], "aligned_model": [[0.03226223888585198, -0.14501642124364658, 0.21948709124496393, 0.5118465941496729, 0.6389686096112337, -0.1780915985848808, -0.37742706342023674, 0.5484141555705966, -0.7144512715373138, -0.20569459425498904, 0.12319302418957812, 0.44841589040604773, -0.02082375035258357], [-0.5761584846221405, 0.09998934761115896, 0.47747338797918193, -0.21025075646513164, 0.3063234168776515, -0.7168826601372672, 0.41058886222555524, -0.6173098599707966, -0.08382962409673536, -0.029598701345911152, 0.6281825978657228, -0.08403514927681602, -0.0636654724812888], [0.5770377388428605, 0.709435643880204, 0.3865098339494104, 0.34907746704731507, -0.033698592819515746, 0.017348471271374122, 0.2062471379815639, -0.11710613792532552, -0.05404841341717144, -0.6711388547642103, -0.3179278496379977, -0.6226253844529822, -0.05900132047373571]], "inverted": false, "swapped": true, "error_lsq": 0.045773995434434236, "error_max": 0.26705366869877367, "target": "996.xyz", "model": "21.xyz", "model_rescale": 4.08911054899281, "target_rescale": 4.236797927970153},
{"mapping": [12, 7, 10, 5, 9, 0, 2, 6, 3, 14, 4, 11, 15, 1, 16], "R": [[0.2779098314727795, 0.9598605101768198, 0.03786722294896139], [0.4840715609675349, -0.17398522298751645, 0.8575569170873956], [0.8297233571698615, -0.21999305258366506, -0.5129933794716023]], "T": [-0.03917845181358803, -0.02747206876198571, -0.030135181755210034], "aligned_model": [[-0.44301603779103654, -0.10351172352793357, -0.6720843729099202, -0.6390946755920323, -0.7204513150802092, 0.5471617691820393, 0.529530168365161, -0.011158789533757301, 0.2238085777617716, -0.23397685150555192, 0.5678515288324545, -0.19357397585264835, 0.013802509681026365, 0.48952003347548845, -0.007583894828292477], [-0.31244654499783897, 0.31483164696270843, 0.34098696661124117, 0.24811782680621497, -0.23467348000651583, 0.4014528367239039, -0.4116457689874891, 0.7056493110189871, -0.7390530466072628, -0.6323064547767835, -0.21422822029199148, 0.04302688567064472, -0.5265585588992393, 0.167678685267181, -0.020395585664824675], [-0.5784729044043936, -0.6502041975599263, -0.3689617502352675, 0.21862130128852397, -0.008169924704738572, -0.2990365928262451, 0.1939962590617378, -0.16171051981343207, -0.45294620046021694, -0.11986552733916507, -0.318109014473264, 0.7162460545034846, 0.4986490000957191, 0.5287856320645323, -0.06502583649668045]], "inverted": true, "swapped": false, "error_lsq": 0.04062426892825236, "error_max": 0.31820494746906586, "target": "996.xyz", "model": "22.xyz", "model_rescale": 4.204369325754507, "target_rescale": 4.236797927970153},
{"mapping": [6, 1, 2, 10, 5, 12, 7, 3, 0, 8, 4, 11, 9, 13, 15], "R": [[-0.8526994135778583, 0.08355297235919276, 0.5156768473510526], [0.3692917912981578, -0.6017877890395645, 0.7081490166925818], [0.3694959850441878, 0.7942734779487582, 0.4822886679815409]], "T": [0.07849886184800131, 0.007161785655591314, -0.031500449906273875], "aligned_model": [[-0.4201577601754826, -0.09113481576336538, -0.7654802860467604, -0.455595492930659, -0.6143038755430736, 0.4809759406026817, 0.3740894507613733, -0.012057272824844062, 0.18589763091018646, -0.14293407662465013, 0.6873687597395779, -0.24684228784427165, -0.06969219754594924, 0.39628771658369594, 0.04080151737810074], [-0.30260401585709523, 0.2022977049752758, 0.12289252979584894, 0.5465300670151833, -0.43008534531313775, 0.3418345152294199, -0.5810824678333267, 0.7885350328382708, -0.33987681412392545, -0.6857681030996859, -0.30008468823720497, 0.12289728056884064, -0.47472973401551866, 0.0996247469081882, 0.02005578997780312], [-0.49374516552512354, -0.6386790170434407, -0.2036366628093721, 0.17277660265541955, 0.11028091798780465, -0.19319592716551756, 0.21793982535907747, -0.35812566316188577, -0.615198978791649, -0.23907640844897926, -0.29520877426867, 0.6009326559902403, 0.547144363551258, 0.5531282270966109, -0.03154021672510499]], "inverted": false, "swapped": false, "error_lsq": 0.03676846434753001, "error_max": 0.23673944234634708, "target": "996.xyz", "model": "23.xyz", "model_rescale": 4.410303926677745, "target_rescale": 4.236797927970153},
{"mapping": [6, 5, 12, 0, 13, 4, 9, 2, 15, 14, 8, 1, 11, 10, 16], "R": [[0.18120214168238225, -0.881074079578394, 0.43689157710443915], [-0.47564926078942205, -0.46734634986930634, -0.7452148481976943], [0.8607691703123403, -0.07277262918791766, -0.5037663941559457]], "T": [-0.0754175204983596, -0.09955508319510345, 0.023411481019551608], "aligned_model": [[-0.46451116536407133, -0.08786231573873945, -0.7122973087916359, -0.4602638442008704, -0.6937660852350193, 0.3870250150946398, 0.38355435177280983, -0.0050709904749348805, 0.18046892088975786, -0.17043905259370995, 0.7219070358027547, -0.11895988801656583, -0.04017353584684617, 0.48064230715370393, -0.05303049377471329], [-0.3793440896364991, 0.16417781395290484, 0.2159799022826878, 0.5492368057782864, -0.41814605133846516, 0.35496779877013107, -0.5255000150963983, 0.7818595728895102, -0.4890936143757455, -0.7615126610486941, -0.07172266501308575, 0.2512573690455112, -0.4940582758585791, -0.05263205362415358, 0.004966662101525493], [-0.5666921854319031, -0.5474581358469233, -0.35208504757524034, 0.06012936523379388, -0.07823236451339577, -0.20775993597546855, 0.04173411947264506, -0.20253878105439593, -0.5170476318410818, -0.08114980997809855, -0.17459249790972786, 0.8053130318264121, 0.517219722278212, 0.3586422129685426, 0.07831371704729675]], "inverted": false, "swapped": false, "error_lsq": 0.039449901075817674, "error_max": 0.26027925291996745, "target": "996.xyz", "model": "24.xyz", "model_rescale": 4.28219845311461, "target_rescale": 4.236797927970153},
{"mapping": [14, 11, 10, 8, 6, 9, 4, 5, 13, 2, 7, 1, 0, 3, 15], "R": [[0.7753929883995465, -0.6161576426121801, -0.13825871759647448], [-0.5326615914815559, -0.7557824421212502, 0.3808733767823308], [-0.33917155320155734, -0.22168143727394077, -0.914231916893631]], "T": [0.02437795203896334, -0.06979026812235506, -0.13486650231195796], "aligned_model": [[-0.4998103936533065, -0.1532204709370222, -0.6929418457965576, -0.4863903448387954, -0.7991724421147035, 0.488104629777633, 0.3957890798987037, -0.08547075577116556, 0.29443609929571857, -0.1976281453194292, 0.7852001611866447, -0.0008174658990711819, -0.25042609779667424, 0.5454573926413016, 0.0041135500032835615], [-0.31285519799000194, 0.2641736786814594, 0.18960880516100737, 0.30592278863182604, -0.3121415198127735, 0.35943211581204265, -0.4846933748059849, 0.7558936799359532, -0.45142951272037407, -0.716484195160827, -0.21876389474342234, 0.19655051370237836, -0.5245624708760349, 0.19437954737164193, -0.11459446435795391], [-0.6311432829530296, -0.5265346700767846, -0.35365692084261074, 0.14780203647127338, 0.13941028134726674, -0.3748652468128367, 0.33900875468289726, 0.04250305602720994, -0.5013859984099236, -0.17064752878095346, -0.20196665424348145, 0.44677357342095503, 0.48418046669144854, 0.37379435722339727, -0.07947644504416021]], "inverted": false, "swapped": false, "error_lsq": 0.040513230268771544, "error_max": 0.27769256268249487, "target": "996.xyz", "model": "25.xyz", "model_rescale": 4.100010024507729, "target_rescale": 4.236797927970153},
{"mapping": [13, 11, 3, 4, 10, 1, 5, 0, 12, 8, 6, 14], "R": [[0.9555945224183562, 0.02163289139250482, 0.29388965060722105], [-0.2946386026117436, 0.08779066303501545, 0.951567597879873], [-0.005215608788374959, -0.9959040202217646, 0.0902661616060756]], "T": [0.006160253912135438, 0.024456810556039946, 0.04521586904727925], "aligned_model": [[-0.6482021094035633, -0.0009752777797850283, 0.37482035683504306, 0.6342676994939511, -0.5935695225084762, 0.37372883443021077, -0.4225887451990614, 0.5271014420863357, 0.03070424500169004, -0.002449497319888711, -0.4530618201948693, 0.05698999692142015], [-0.30143715059626686, -0.6577634105919643, -0.2463883496241861, -0.3040982977613665, 0.544347450307285, 0.551271542641787, 0.30922081231451637, 0.44205039793997075, -0.41901729927032644, 0.6775525635379902, 0.00509692750975578, 0.06529620364344459], [0.07843527965327374, 0.14215579107057205, 0.49247794284899493, -0.2788572343432482, -0.09934449357405029, 0.4130269056454647, 0.4417517498472735, -0.2117421039276134, -0.5488735983445852, -0.47212637787050693, -0.4238779496445757, 0.03216637849335721]], "inverted": true, "swapped": true, "error_lsq": 0.0529663272937391, "error_max": 0.3242183664167164, "target": "996.xyz", "model": "26.xyz", "model_rescale": 3.6694154284099745, "target_rescale": 4.236797927970153},
