[{"mapping": [6, 3, 1, 9, 11, 12, 2, 4, 5, 0, 8, 13], "R": [[-0.208518894841052, 0.8062062974138549, 0.5536707293188882], [-0.5284546290975196, -0.569234824719879, 0.6298471396390808], [0.8229553909414954, -0.1612548304280273, 0.5447396664315522]], "T": [-0.05463674463869807, -0.023581593811183986, 0.015805798778441408], "aligned_model": [[-0.3558570013676659, 0.369176219678281, 0.3001778292145688, -0.2540353094970164, 0.02635749011715599, -0.595510367129367, 0.3416520293654382, -0.1943413382558971, 0.6175999766721969, 0.30237192784508615, -0.6327883546585736, -0.0871606395236581], [-0.31446534630288914, -0.5888420627929591, -0.502895597763166, 0.7336373260753776, 0.5248225374377813, -0.4877392464277073, -0.15052942801728894, -0.548406385572461, 0.034811451443779624, 0.4070095279201793, -0.037593126283089855, -0.016254613740499302], [-0.553309382896815, 0.1126209143493514, -0.5410560569652206, 0.05117676865767434, -0.5786261609070662, -0.04448070335657067, 0.5418949506347948, 0.610503133671701, -0.021318337593306227, 0.3666833394913943, 0.27238904564842287, -0.03452576538079728]], "inverted": true, "swapped": true, "error_lsq": 0.04913354807128556, "error_max": 0.23962492656708684, "target": "997.xyz", "model": "0.xyz", "model_rescale": 3.751011558992144, "target_rescale": 4.197520165757014},
{"mapping": [5, 11, 13, 12, 3, 9, 6, 2, 0, 8, 1, 4, 7, 14], "R": [[-0.18215710974803345, -0.758237354522951, 0.6260150969220151], [-0.423355714173936, -0.5141515741474847, -0.7459343792036537], [0.8874619578576424, -0.4009043190185166, -0.22734775201831225]], "T": [0.060207063047297955, 0.017017601194222944, -0.04031441067217157], "aligned_model": [[0.06887500835642546, 0.2682721870196828, -0.4289284901573337, -0.3818273875635712, -0.7004788344511568, 0.12397518514454187, 0.39364927472744626, -0.4661594293617273, -0.42600357838077857, 0.2550331840401879, 0.17507352936272713, 0.7648400398415787, -0.17722023389441072, 0.04506893117513111], [-0.07855688547343109, -0.6394181057542425, -0.3138857884235915, -0.4992397701569637, 0.01657236760813844, -0.5594214628169348, -0.06878189988701938, 0.3698023805867508, 0.5445104682682896, 0.5111238722768585, 0.5419587204526669, 0.37569572887777397, 0.0314797000923357, -0.03503200433285311], [-0.6574662811367702, 0.36283823505410984, -0.46310461352840937, 0.2597838650241763, 0.028697592825765623, -0.35311027608670226, 0.6269040560643254, -0.5715575914153163, 0.20637366331513057, -0.43820890371718685, 0.40345136725998787, -0.06071878876269912, 0.5786332043645609, -0.03222194681595636]], "inverted": false, "swapped": false, "error_lsq": 0.042915929478599464, "error_max": 0.2729391275723723, "target": "997.xyz", "model": "1.xyz", "model_rescale": 3.9405287249114394, "target_rescale": 4.197520165757014},
{"mapping": [10, 9, 11, 2, 0, 6, 8, 7, 5, 1, 3, 12, 13], "R": [[0.5094231459399219, -0.1098843399221697, 0.8534714349177376], [-0.08425432774015096, -0.9934171025910136, -0.07761229629852989], [0.8563814959687815, -0.032371161850397547, -0.515327896821749]], "T": [-0.041760842028701006, -0.06441525737200554, 0.03608876592925539], "aligned_model": [[-0.3005882345883013, 0.1853239714240656, -0.3739011173462167, 0.5007577011209352, 0.5163194887530953, -0.7349403884338261, 0.02443880999975559, 0.669319486011734, 0.1307793800733651, -0.6040414666565636, -0.02378557248204382, -0.3999370121444519, -0.09376176644761611], [0.622090662335119, 0.5269634105341097, 0.14750824460745773, -0.4375475846119639, -0.10075075526868416, -0.006385472958566701, 0.4179145102777578, 0.17540820183293593, -0.588923310702234, -0.6536067883654264, -0.7270934687122208, 0.11912923065524841, -0.035874286051515256], [-0.11382903758929203, -0.4255335303873723, -0.674845674614271, 0.1640584397568772, -0.3149169760556283, 0.16007969748191267, 0.44015085409809607, 0.29353868458661525, -0.35354097172307253, -0.013148024778107503, 0.2988519121642399, 0.6273943691534768, 0.024860607495169783]], "inverted": true, "swapped": true, "error_lsq": 0.04879415414650811, "error_max": 0.26259214052253405, "target": "997.xyz", "model": "2.xyz", "model_rescale": 3.932901565614263, "target_rescale": 4.197520165757014},
{"mapping": [12, 8, 5, 7, 4, 9, 3, 6, 2, 10, 1, 11, 0, 13], "R": [[0.4246722607866689, 0.7832253495122299, 0.45410518913549636], [0.7961367798774426, -0.08425029379427901, -0.5992229265656934], [-0.43106809049698436, 0.6160031979438283, -0.6593332704166087]], "T": [0.02039568753981707, -0.008703427603405351, 0.0739699695020509], "aligned_model": [[0.06174271286096477, 0.5164816149314352, -0.4097525105655267, -0.300387385207273, -0.8446805303187686, 0.09239613875244895, 0.2307582732046813, -0.30691423882895075, -0.5779096331114335, 0.3418851498896569, 0.09701658288392664, 0.9055862084883217, -0.2987908186828297, 0.006737821562088891], [-0.006213734381117926, -0.5331438301098727, -0.2396795911309796, -0.6354432975959319, -0.01748259425866848, -0.6011086002617936, -0.1024946068949166, 0.3556875451045061, 0.5651942716857119, 0.42877040246683495, 0.6883248776422782, 0.087974991552238, 0.2019018348826028, 0.0045196526168864454], [-0.6885351354541628, 0.20681477517679922, -0.45368732951263735, 0.1924516260900157, 0.19559426011087458, -0.3545915614612496, 0.5296412055052896, -0.4022439443971678, 0.1568676607205756, -0.39336996448916917, 0.3128201338209198, 0.004689934427660275, 0.6241660498239548, -0.04032412791668645]], "inverted": false, "swapped": false, "error_lsq": 0.04821585720546432, "error_max": 0.3325063545054463, "target": "997.xyz", "model": "3.xyz", "model_rescale": 3.9243930471874484, "target_rescale": 4.197520165757014},
{"mapping": [12, 8, 4, 3, 2, 6, 1, 7, 0, 9, 5, 11, 13], "R": [[-0.700795586478207, -0.5458199098816192, -0.45931053977618147], [0.11174740787991094, 0.5519224197677793, -0.8263741037749188], [0.7045552233890449, -0.6304460869372579, -0.3257908357531144]], "T": [-0.05181993530131074, -0.060486394143142955, -0.07933209898403185], "aligned_model": [[-0.2110542231227212, -0.173693484286557, 0.5166165071657123, 0.47349794433774023, 0.6038984908859932, -0.5235296694124001, -0.08100716221282891, 0.37441147379112044, 0.23448638211251993, -0.43163357274398506, 0.2664079027957194, -0.6614835878768122, -0.10971111512214893], [-0.5216765738594653, 0.020991715775321843, -0.2685969272075374, -0.5071683054245152, 0.07554086820725418, -0.5857668006574562, -0.7251536075121763, 0.4323702172966993, 0.4940593445297292, 0.6249163413553531, -0.0007833198822661674, 0.16670968545831416, -0.07761308439766805], [-0.6023704570836735, -0.6947983656851263, -0.6105508604724121, 0.10239953993776393, -0.04111861748651885, -0.10778402014560509, 0.392998319095188, -0.5319358236603928, 0.13627558002570808, -0.0982020962195658, 0.5138430393167981, 0.4078523466545769, -0.07953826890577652]], "inverted": false, "swapped": true, "error_lsq": 0.04146077912389946, "error_max": 0.21976586900543682, "target": "997.xyz", "model": "4.xyz", "model_rescale": 3.8936222436046832, "target_rescale": 4.197520165757014},
{"mapping": [4, 8, 2, 3, 0, 9, 10, 11, 1, 12, 5, 13], "R": [[0.11855811400837718, -0.7272072966905608, 0.6761017092440929], [0.5845311319181333, -0.4993036889376085, -0.6395460749874101], [0.802662649823251, 0.4710258738682017, 0.3658788005957909]], "T": [-0.06848164631696754, -0.040517348001092926, -0.005982413782166539], "aligned_model": [[-0.0404700150719388, -0.3440420067755138, -0.1828185640199095, 0.414649533378215, -0.5232287586786207, -0.7247628969909148, -0.36936244439730914, -0.1288670399038585, 0.7127084545836129, 0.19938406066053246, 0.06688065254491118, -0.05252293311410879], [-0.5143833890784159, -0.6091245011467046, 0.1412155767843663, 0.0695297528233447, 0.38240145049332713, 0.1004719154715477, -0.30442738008266373, 0.39179358680776727, 0.18500012162250862, -0.7012615561105675, 0.5829362277703013, -0.055228900245004015], [-0.6565895758107271, 0.02631252267429072, -0.6414590490815083, -0.5188019648194955, -0.23031187818230214, 0.39875000820945933, 0.6269311546118072, 0.6796686431091777, 0.061946370506531935, 0.05134226505306289, -0.22885647153453947, 0.05035269453976071]], "inverted": false, "swapped": true, "error_lsq": 0.04577640114583315, "error_max": 0.2845285496669822, "target": "997.xyz", "model": "5.xyz", "model_rescale": 3.6523030999806103, "target_rescale": 4.197520165757014},
{"mapping": [4, 3, 1, 12, 6, 2, 5, 8, 0, 9, 11, 10, 13], "R": [[-0.0019469827660030248, -0.352046057333059, -0.9359806529914803], [-0.8761030397851346, 0.45185718967017763, -0.16813251863520112], [0.4821199777413875, 0.8196881441497237, -0.30930837913484704]], "T": [0.04632393678489003, -0.049408045295702675, 0.015018864324803765], "aligned_model": [[0.09159255896627824, -0.11806657610690888, 0.20111584509394329, 0.6874616460143426, 0.6594621565230923, -0.4613011922379832, -0.49835045940899175, 0.3985636191966254, -0.5665244180236547, -0.10378905176566147, 0.03884815378840338, 0.45963208736019373, 0.09243853526461551], [-0.6918045989506829, 0.0007767259541953606, 0.556838806437104, -0.28787697682394087, 0.28874323627304616, -0.34804086987627025, 0.29441265859903476, -0.5404118918088645, -0.1550475496775834, -0.09560746915230087, 0.5684607050949196, -0.030743392617245582, -0.01887247928822839], [0.4986517574908529, 0.7070934564934638, 0.5386930401932853, 0.22405491582818648, 0.10964615853985477, 0.33605703211767307, 0.2194871611790491, -0.17241912176362692, -0.20687332580745, -0.7529154360653182, -0.5130330572600836, -0.609148860050918, -0.009183981413178803]], "inverted": true, "swapped": true, "error_lsq": 0.04923630820406506, "error_max": 0.33403888864490494, "target": "997.xyz", "model": "6.xyz", "model_rescale": 4.08911054899281, "target_rescale": 4.197520165757014},
{"mapping": [1, 10, 9, 8, 3, 11, 5, 0, 6, 2, 7, 13, 4, 14], "R": [[0.6430877768178754, 0.5057513058245198, 0.5750249802958436], [0.6522692968100834, 0.031665229711746234, -0.7573256087484311], [-0.4012267136499287, 0.8620979816030748, -0.3095225264331867]], "T": [0.05818167462353006, -0.028596385139900954, 0.03755858895846155], "aligned_model": [[0.05594592856767976, 0.2497908918138428, -0.3804522025785458, -0.36535798598579455, -0.7250402783478617, 0.3370914791459017, 0.25979801457421864, -0.5900858107239324, -0.20542491083912598, 0.1483336369142592, 0.37716128156904105, 0.7022317065444776, -0.35892349140486834, 0.009101126609450505], [0.04934697531954679, -0.6262477682457832, -0.441966465574665, -0.5353068333778638, 0.08515496265062986, -0.48141900662220316, 0.03664312339631448, 0.445403374807104, 0.3930879457776869, 0.6676985275811129, 0.6189305601526729, 0.14749200825590852, -0.03812395496824908, -0.12388612783443426], [-0.6917327745275306, 0.39163997884124624, -0.46372257593786814, 0.20787491472438646, 0.04624418193130199, -0.2108202695869965, 0.7694027578729713, -0.4520633857478906, 0.08041718917803296, -0.35890775451248313, 0.3172902997286321, -0.26258630346107015, 0.6056976525580726, -0.088440328615789]], "inverted": false, "swapped": false, "error_lsq": 0.045755799589634515, "error_max": 0.2261212132372636, "target": "997.xyz", "model": "7.xyz", "model_rescale": 3.964800864290218, "target_rescale": 4.197520165757014},
{"mapping": [3, 2, 6, 4, 11, 0, 7, 10, 9, 5, 8, 1, 12, 13], "R": [[-0.24708205775178932, 0.7611424426729274, 0.5996771120353278], [0.036989911654269014, 0.6258230268696294, -0.7790874697205346], [-0.9682882851573446, -0.17031653179191053, -0.18278423297818747]], "T": [-0.010319114776987291, -0.044723090969766906, -0.035570880229369994], "aligned_model": [[0.06230624313681082, 0.2470022606763321, -0.3705984561811777, -0.3969221700054944, -0.831851517093088, 0.39742707221073004, 0.36895965791452984, -0.4018556330457888, -0.3873403252578899, 0.21718437235461008, 0.17050521482295786, 0.7294352872418353, -0.28050311945671685, -0.009579501458907624], [-0.1510090290988358, -0.5888398209405641, -0.3920746034756237, -0.5773325991044214, -0.06293760538991983, -0.5071323707480957, 0.03388643273174826, 0.57722919162541, 0.4632349347021596, 0.6297604095880466, 0.659265268716388, 0.021970360500311696, 0.05784726590601557, 0.03293948630515863], [-0.749287597454295, 0.24071053726878616, -0.3289163184004707, 0.2133439336053787, 0.0734523645528996, -0.4003723022312698, 0.5617743468635987, -0.4030059439397152, 0.23588883647203635, -0.4741879042795338, 0.21494964319816928, 0.07136507909759057, 0.6623939203115798, -0.027815012619738518]], "inverted": true, "swapped": false, "error_lsq": 0.04490087392213098, "error_max": 0.30387411375308987, "target": "997.xyz", "model": "8.xyz", "model_rescale": 4.121658175737393, "target_rescale": 4.197520165757014},
{"mapping": [11, 10, 6, 1, 9, 0, 8, 2, 12, 7, 5, 3, 13], "R": [[0.6228066462837976, 0.2644387885523821, -0.7363314528482925], [-0.42473821182663896, 0.9046638760306833, -0.03436164750778725], [0.6570459137374174, 0.33414876703960583, 0.6757479328321125]], "T": [-0.008589064293919285, -0.00576826043685227, -0.03155074972985035], "aligned_model": [[-0.593132384510071, -0.2332282650749426, 0.3243928402773141, 0.29021494101651957, -0.6558613062875976, -0.5064832979637605, 0.20980967191464867, 0.018827277655477898, 0.6006013080054364, -0.0795957932311899, -0.2842792138265353, 0.3938861851532922, -0.00841446669339423], [0.19337181561032882, -0.45074935766015056, 0.1369963817074705, 0.7136131384346895, -0.41961957667067695, -0.03536974455337817, -0.5951918454867862, 0.07996523096512963, -0.2619806280588789, -0.5541011591541162, 0.532132053789243, 0.4594819615465769, -0.008160831057741695], [-0.5600475319648721, -0.5903766594104634, -0.6381646291641232, -0.27432017110225826, -0.18697635446707883, 0.4011200710284925, -0.10347014345999166, 0.6331510280309729, -0.3051624770070675, 0.5374132752820564, 0.27068814935574, 0.3290957498322897, -0.09187487299460775]], "inverted": true, "swapped": true, "error_lsq": 0.044233550990184306, "error_max": 0.28845121253431355, "target": "997.xyz", "model": "9.xyz", "model_rescale": 3.833441315466971, "target_rescale": 4.197520165757014},
{"mapping": [7, 10, 9, 8, 2, 11, 0, 3, 5, 6, 1, 12, 13, 14], "R": [[-0.784923410783217, 0.2528119869683755, 0.5656689300726558], [0.6195774125466176, 0.3266982501853648, 0.7137170890400896], [-0.004366814225454152, 0.9106889439160457, -0.41306970157904055]], "T": [0.04078161513809756, 0.07962969129843656, -0.045329972690157906], "aligned_model": [[-0.03255726544991263, 0.31897046552336333, -0.5983137963227189, -0.20072993214560989, -0.66470328510896, 0.3532392389826517, 0.20754581974691763, -0.6040281109521474, -0.295799740240397, 0.37164916849856183, 0.44938254896096835, 0.6422803267836783, -0.394958973574442, -0.03780707884321081], [-0.15995108702355734, -0.5745625470104959, -0.3372567828013947, -0.6610086014704225, 0.056777175910049216, -0.43390363759359685, 0.13327262408702745, 0.26839163145672895, 0.5342961176473697, 0.6012081351087044, 0.563593757428124, 0.09961147511922774, 0.046948086259348876, 0.05939097420066472], [-0.6626924561911731, 0.36746249620619076, -0.320416957651379, -0.019129701893860075, 0.09038691274219093, -0.3678060717456574, 0.6128000277859582, -0.5957036610462898, 0.32538101100155337, -0.3276633875220459, 0.3347134359990633, -0.0739671079312812, 0.6215647667216725, -0.09463572402992704]], "inverted": true, "swapped": false, "error_lsq": 0.043096639837523244, "error_max": 0.2116735922053952, "target": "997.xyz", "model": "10.xyz", "model_rescale": 4.2482417240324, "target_rescale": 4.197520165757014},
{"mapping": [9, 11, 6, 1, 7, 4, 8, 3, 5, 2, 0, 13], "R": [[0.03169035624765093, 0.7638363544358504, -0.6446314799659159], [0.9910105602573804, 0.05985816482154238, 0.11964559984617212], [0.12997611618774527, -0.6426282158031555, -0.7550729669869017]], "T": [-0.0006331345860671536, 0.0022459949639470553, 0.049880137748997404], "aligned_model": [[-0.716161074494088, -0.18403987806654404, 0.42793057207064367, 0.7495396276946535, -0.5245319549856545, 0.14762183433422346, -0.2494911894857382, 0.5476420990170955, 0.135528982170969, -0.02760662799805836, -0.4371059436978896, 0.0074391558033943435], [-0.31386684246337443, -0.7875758246510403, -0.3254163607546073, -0.2842888320225328, 0.5947732644679183, 0.7863335532755309, 0.28578227817193796, 0.3202211584828993, -0.12020336654652253, 0.48523929703487795, 0.06726778135234268, -0.04213471629679048], [0.09971814570032911, -0.006688154041800835, 0.5061800616175087, -0.09458107587380338, -0.012348842685260604, 0.15874023487178415, 0.5577850642867085, -0.27691652184553245, -0.6006244283689045, -0.4147920494109734, -0.44128440608552455, 0.09000426168982573]], "inverted": true, "swapped": true, "error_lsq": 0.044904499710808864, "error_max": 0.22074558187038743, "target": "997.xyz", "model": "11.xyz", "model_rescale": 3.6694154284099745, "target_rescale": 4.197520165757014},
{"mapping": [11, 5, 4, 0, 1, 6, 12, 3, 2, 9, 10, 7, 12, 13], "R": [[-0.3718305359206205, -0.4379392280247875, 0.8185055192935704], [-0.04658893496699171, 0.8894171753544808, 0.45471591056735416], [-0.9271308018265954, 0.13094396030940034, -0.3511155871830025]], "T": [0.013675001607698141, 0.021809178385854222, -0.06136138087137019], "aligned_model": [[0.1624004315607971, 0.4533057187174286, -0.5002888225432685, -0.292607410814789, -0.7863677294725281, 0.23319710900017107, -0.029343022352229846, -0.7394212290519443, -0.39127623176907095, 0.48859969951066223, 0.2736787358099083, 0.7443066415997738, -0.029343022352229846, -0.07267148198393794], [0.04722399980419931, -0.5210134552961978, -0.27730140769845996, -0.5986278167815682, 0.0038446776533269666, -0.440125502034094, 0.06127315604538544, 0.26982352025662026, 0.494354176512672, 0.5591414073757968, 0.5139593158491831, 0.08456528831687324, 0.06127315604538544, -0.061583194731344604], [-0.7840393743405321, 0.3344153407947059, -0.5018755060781614, 0.1174873912623503, 0.21446900045143755, -0.3027764360045533, 0.6156619158831506, -0.39689655666665113, 0.13619695665017353, -0.4224803002048314, 0.2447678201274486, 0.0586569334742324, 0.6156619158831506, -0.03895551878690429]], "inverted": false, "swapped": false, "error_lsq": 0.048785367925115446, "error_max": 0.29690849201608, "target": "997.xyz", "model": "12.xyz", "model_rescale": 3.9764082729961374, "target_rescale": 4.197520165757014},
{"mapping": [7, 6, 0, 5, 9, 4, 13, 2, 1, 3, 11, 14, 12, 15], "R": [[0.06488288051740623, 0.7438463864626682, 0.6651937801589809], [-0.791931456446879, -0.3671993329760877, 0.48786188429907223], [0.6071530121029534, -0.5584417634886802, 0.56525040175657]], "T": [-0.05950873398938443, 0.05640327741663976, 0.05462010651819071], "aligned_model": [[-0.06440584903944678, 0.45875377711965953, -0.5153380314563641, -0.32296463664443403, -0.6038685991132814, 0.0813984530380333, 0.2439333871230665, -0.5422038603841857, -0.5576024502634365, 0.5169154347842999, 0.4273967703496332, 0.727250626199589, -0.3505149818734949, 0.015419346019104593], [0.03121924369737287, -0.46363816144098213, -0.23189186838682319, -0.7321592411169933, -0.19133875466350692, -0.49462565146797843, 0.053040106757559914, 0.4310909285498413, 0.4381841183369423, 0.42771870244909255, 0.6574333450352494, 0.1189333325572639, 0.12338937311219683, 0.029451847898542483], [-0.7006119648564321, 0.265853809200963, -0.4313978910695332, 0.1622493198146972, 0.11622651284670682, -0.3839867857618082, 0.5860258972325876, -0.458092379139327, 0.15192692835245994, -0.43354326787623, 0.23414889644378095, 0.1807459997131122, 0.6185720208017982, -0.017823513257759237]], "inverted": false, "swapped": false, "error_lsq": 0.04622125996786004, "error_max": 0.294958567744346, "target": "997.xyz", "model": "13.xyz", "model_rescale": 4.170626492500431, "target_rescale": 4.197520165757014},
{"mapping": [0, 6, 1, 3, 9, 2, 5, 7, 10, 8, 12, 4, 11, 13], "R": [[-0.12059734135626016, -0.802292533788627, 0.5846220757761607], [-0.8029672607536725, -0.2674399850157833, -0.5326532010346898], [0.5836950054742165, -0.5336689466717948, -0.6119620870141154]], "T": [-0.011836315315883798, -0.02194418218590522, -0.07182841918767996], "aligned_model": [[-0.04410189543008513, 0.3218169566855627, -0.6440013258391543, -0.27429334567941643, -0.7838594060501639, 0.3613464502238958, 0.3717181205066748, -0.3617970715451803, -0.29402251290675974, 0.2197483771322839, 0.258826232732846, 0.666982162769909, -0.2779000926495623, -0.006293264092107488], [-0.12334739702741965, -0.5247124114628989, -0.21379808477538653, -0.6417922174076782, 0.052062380991995554, -0.49112427277971193, 0.06282668762274188, 0.4545099597042568, 0.44978534671406895, 0.635395909028589, 0.5351578764540638, 0.15957601506254268, -0.11717822884356377, -0.04055424196382164], [-0.6587992250098966, 0.5141654960900235, -0.46473292339531247, 0.07776544724522916, 0.16228654070075507, -0.34300517580744205, 0.7484884237144704, -0.6267596966121338, 0.05533488694990382, -0.3283997104708858, 0.31815260923428146, -0.16836350293029345, 0.5760914785460503, 0.02806893419026682]], "inverted": true, "swapped": false, "error_lsq": 0.04878084372821402, "error_max": 0.293984955267979, "target": "997.xyz", "model": "14.xyz", "model_rescale": 3.9786697098870705, "target_rescale": 4.197520165757014},
{"mapping": [8, 6, 7, 4, 9, 0, 1, 5, 2, 3, 11, 13], "R": [[-0.7343751108331105, -0.033805050839581796, -0.6779014789234423], [0.6386878246382637, 0.3036107427846147, -0.7070349210078788], [0.2297195230007661, -0.9521962693707156, -0.20137329850005603]], "T": [-0.04438110713590645, -0.01174318675940636, -0.08320059968420415], "aligned_model": [[0.05954010705801727, -0.6762473650051969, 0.6665887134729634, 0.48623514640083604, -0.0449994113065287, 0.39285209214789985, -0.5044335606611785, 0.08851720486134715, 0.561334139795599, 0.14397120093423724, -0.5889228639062029, -0.10108080702445657], [-0.21041903115522026, -0.3219581169156286, 0.04970238349086123, -0.606816748226997, 0.6528639009552087, 0.4675683962400231, -0.31955140438504526, 0.2355970787577872, -0.07029238209919528, -0.44219039279884575, 0.5894088194660327, -0.009238013104541542], [-0.6748245172865932, -0.1444445366511451, -0.4298666366820745, -0.1970303127606633, -0.49875856492055515, 0.03954503472250723, 0.5162460315957923, 0.5314952522917816, 0.19895427280965847, 0.4532214393644728, -0.030788268360165225, -0.10378270024918583]], "inverted": false, "swapped": true, "error_lsq": 0.055776926411707874, "error_max": 0.2720177314241229, "target": "997.xyz", "model": "15.xyz", "model_rescale": 3.769337070930944, "target_rescale": 4.197520165757014},
{"mapping": [12, 1, 8, 10, 4, 3, 7, 5, 9, 11, 13], "R": [[-0.6166186055407261, -0.27109054493307333, -0.7391152898898113], [-0.26298984848560963, 0.955839447319327, -0.13117656247134962], [0.7420362759963469, 0.1134939090708094, -0.660682448464692]], "T": [0.00795668126624598, 0.006159893114689334, 0.013039299291956637], "aligned_model": [[-0.3074848215010159, -0.2903443181869076, -0.058160687369128286, -0.5095833789475087, 0.4611208435714026, 0.3116780374033837, 0.6035262287474661, 0.310522738810234, -0.07202532269713742, -0.47463125138393775, -0.05199193775567977], [0.16030075067166874, -0.7408738834481876, 0.5479811052846408, 0.5167218223420985, 0.11822126135293365, -0.5457982289635364, 0.5242343210217261, -0.48783796521365447, 0.5412305096415785, -0.05008563371535831, 0.011970438651432427], [-0.6101447174253088, -0.12366283304286363, -0.30688074914600205, 0.1925835758408946, -0.6432440597877921, -0.3210348877051034, -0.06650179945334261, 0.36104799961942824, 0.5802197821926484, 0.6646540934013323, 0.017181202729886727]], "inverted": false, "swapped": true, "error_lsq": 0.04860922306274768, "error_max": 0.2564830888589201, "target": "997.xyz", "model": "16.xyz", "model_rescale": 3.7852294659196426, "target_rescale": 4.197520165757014},
{"mapping": [1, 2, 4, 3, 5, 0, 9, 7, 12, 6, 11, 8, 13], "R": [[-0.3247870293505271, 0.31852187325092396, 0.890537591472916], [0.6988963255383426, 0.7152223955898594, -0.000922494284985087], [-0.6372262641437992, 0.6220938362557735, -0.45490872400725835]], "T": [0.000743784588652532, 0.13537091066826995, -0.021145650159176316], "aligned_model": [[0.06755949403483462, -0.3408527847870958, 0.305265003444477, -0.050289521431221534, -0.5748735095609875, -0.5869006981910639, -0.25951651050431346, -0.1188624003276131, 0.7088432586194193, 0.5020949717015265, -0.26881850635125476, 0.43844275807895894, 0.03167429549061676], [-0.1339999624490042, -0.37547115928229763, -0.4854760681235117, -0.5307294376531766, -0.09151549627962671, 0.1551461421775298, 0.7933334642331742, -0.025101308454814925, 0.03516775421735417, 0.300386825457847, 0.7996855666695903, 0.2554490494539111, 0.17818025373589924], [-0.7884170599436618, 0.24770840703840094, 0.39169719142323534, -0.270576844604417, -0.29294971144678544, 0.2792904611799771, 0.31610980601076977, 0.746561333362067, -0.007897003324149904, -0.490885818323931, -0.4041322309361638, 0.4196393529618869, -0.05039318625405431]], "inverted": false, "swapped": true, "error_lsq": 0.0460780736870038, "error_max": 0.2577825393813892, "target": "997.xyz", "model": "17.xyz", "model_rescale": 3.901054581598922, "target_rescale": 4.197520165757014},
{"mapping": [5, 11, 13, 12, 3, 9, 6, 2, 0, 8, 1, 4, 7, 14], "R": [[-0.18215710974803345, -0.758237354522951, 0.6260150969220151], [-0.423355714173936, -0.5141515741474847, -0.7459343792036537], [0.8874619578576424, -0.4009043190185166, -0.22734775201831225]], "T": [0.060207063047297955, 0.017017601194222944, -0.04031441067217157], "aligned_model": [[0.06887500835642546, 0.2682721870196828, -0.4289284901573337, -0.3818273875635712, -0.7004788344511568, 0.12397518514454187, 0.39364927472744626, -0.4661594293617273, -0.42600357838077857, 0.2550331840401879, 0.17507352936272713, 0.7648400398415787, -0.17722023389441072, 0.04506893117513111], [-0.07855688547343109, -0.6394181057542425, -0.3138857884235915, -0.4992397701569637, 0.01657236760813844, -0.5594214628169348, -0.06878189988701938, 0.3698023805867508, 0.5445104682682896, 0.5111238722768585, 0.5419587204526669, 0.37569572887777397, 0.0314797000923357, -0.03503200433285311], [-0.6574662811367702, 0.36283823505410984, -0.46310461352840937, 0.2597838650241763, 0.028697592825765623, -0.35311027608670226, 0.6269040560643254, -0.5715575914153163, 0.20637366331513057, -0.43820890371718685, 0.40345136725998787, -0.06071878876269912, 0.5786332043645609, -0.03222194681595636]], "inverted": false, "swapped": false, "error_lsq": 0.042915929478599464, "error_max": 0.2729391275723723, "target": "997.xyz", "model": "18.xyz", "model_rescale": 3.9405287249114394, "target_rescale": 4.197520165757014},
{"mapping": [1, 7, 6, 8, 5, 0, 13, 2, 10, 3, 14, 12, 11, 15], "R": [[-0.7385206971332483, -0.2321480013201117, 0.6330043328358017], [0.6640110360298233, -0.41327574326783895, 0.6231312093427963], [0.11694667133536424, 0.8805171579869939, 0.45936152489524584]], "T": [0.0985885290671428, -0.056377358862678015, 0.05193839638859284], "aligned_model": [[0.09347355164596674, 0.15214238640360697, -0.39593353059575553, -0.2957311995852877, -0.7097885543964888, 0.17850673177279666, 0.3365786248785789, -0.6293782828337612, -0.26275013142972203, 0.3097154046478482, 0.33011076002168294, 0.6056900582918542, -0.265812094888196, 0.06734566192561968], [0.041369704908313834, -0.6347993086547074, -0.3073387748887758, -0.6877027191253304, -0.2408628341832652, -0.5379577815543901, 0.06853290746281225, 0.2501975620313788, 0.6417138645953414, 0.6285729489316385, 0.6195228396095239, 0.10896436001258018, 0.28038968989346846, -0.033795137720810775], [-0.6007014526166369, 0.4496639063882852, -0.4488107980842096, -0.08301491635571362, 0.11321027481122156, -0.43217691561085325, 0.6676396104804001, -0.3105549437746205, 0.04928262762175257, -0.40816714925714853, 0.35076165578326574, -0.07315843517291035, 0.5744451829788257, 0.04187493525335813]], "inverted": false, "swapped": false, "error_lsq": 0.03682615190344002, "error_max": 0.2135876177417144, "target": "997.xyz", "model": "19.xyz", "model_rescale": 4.410303926677745, "target_rescale": 4.197520165757014},
{"mapping": [3, 2, 6, 4, 11, 0, 7, 10, 9, 5, 8, 1, 12, 13], "R": [[-0.24708205775178932, 0.7611424426729274, 0.5996771120353278], [0.036989911654269014, 0.6258230268696294, -0.7790874697205346], [-0.9682882851573446, -0.17031653179191053, -0.18278423297818747]], "T": [-0.010319114776987291, -0.044723090969766906, -0.035570880229369994], "aligned_model": [[0.06230624313681082, 0.2470022606763321, -0.3705984561811777, -0.3969221700054944, -0.831851517093088, 0.39742707221073004, 0.36895965791452984, -0.4018556330457888, -0.3873403252578899, 0.21718437235461008, 0.17050521482295786, 0.7294352872418353, -0.28050311945671685, -0.009579501458907624], [-0.1510090290988358, -0.5888398209405641, -0.3920746034756237, -0.5773325991044214, -0.06293760538991983, -0.5071323707480957, 0.03388643273174826, 0.57722919162541, 0.4632349347021596, 0.6297604095880466, 0.659265268716388, 0.021970360500311696, 0.05784726590601557, 0.03293948630515863], [-0.749287597454295, 0.24071053726878616, -0.3289163184004707, 0.2133439336053787, 0.0734523645528996, -0.4003723022312698, 0.5617743468635987, -0.4030059439397152, 0.23588883647203635, -0.4741879042795338, 0.21494964319816928, 0.07136507909759057, 0.6623939203115798, -0.027815012619738518]], "inverted": true, "swapped": false, "error_lsq": 0.04490087392213098, "error_max": 0.30387411375308987, "target": "997.xyz", "model": "20.xyz", "model_rescale": 4.121658175737393, "target_rescale": 4.197520165757014},
{"mapping": [4, 3, 1, 12, 6, 2, 5, 8, 0, 9, 11, 10, 13], "R": [[-0.0019469827660030248, -0.352046057333059, -0.9359806529914803], [-0.8761030397851346, 0.45185718967017763, -0.16813251863520112], [0.4821199777413875, 0.8196881441497237, -0.30930837913484704]], "T": [0.04632393678489003, -0.049408045295702675, 0.015018864324803765], "aligned_model": [[0.09159255896627824, -0.11806657610690888, 0.20111584509394329, 0.6874616460143426, 0.6594621565230923, -0.4613011922379832, -0.49835045940899175, 0.3985636191966254, -0.5665244180236547, -0.10378905176566147, 0.03884815378840338, 0.45963208736019373, 0.09243853526461551], [-0.6918045989506829, 0.0007767259541953606, 0.556838806437104, -0.28787697682394087, 0.28874323627304616, -0.34804086987627025, 0.29441265859903476, -0.5404118918088645, -0.1550475496775834, -0.09560746915230087, 0.5684607050949196, -0.030743392617245582, -0.01887247928822839], [0.4986517574908529, 0.7070934564934638, 0.5386930401932853, 0.22405491582818648, 0.10964615853985477, 0.33605703211767307, 0.2194871611790491, -0.17241912176362692, -0.20687332580745, -0.7529154360653182, -0.5130330572600836, -0.609148860050918, -0.009183981413178803]], "inverted": true, "swapped": true, "error_lsq": 0.04923630820406506, "error_max": 0.33403888864490494, "target": "997.xyz", "model": "21.xyz", "model_rescale": 4.08911054899281, "target_rescale": 4.197520165757014},
{"mapping": [5, 0, 10, 7, 12, 6, 4, 9, 14, 11, 15, 1, 3, 16], "R": [[0.9044447025730522, 0.42606271681962216, 0.02122124699035227], [0.11505045873550626, -0.19572159678367101, -0.9738872873681018], [-0.4107836071854531, 0.883268712164499, -0.22603807241032384]], "T": [0.02667291597653195, 0.030521152431357265, 0.0030169239229342615], "aligned_model": [[-0.10404656920685168, 0.40445120054366807, -0.46986514769476584, -0.28559210325360146, -0.7032676556826318, 0.24019164530811413, 0.17069236433468452, -0.4886707682145844, -0.3910393473765106, 0.43355093267608225, 0.212605876667394, 0.8116937194186158, -0.3442646882030478, 0.027729926542177118], [0.09947260548180978, -0.5738263736249, -0.3383399973835475, -0.6079122677684424, -0.029108388365580537, -0.60532263207752, -0.1310451193874072, 0.3303183689519227, 0.4616688967572376, 0.4840099775408285, 0.7297614958559522, 0.13979072620543967, 0.2404485626885372, -0.0031085335565520303], [-0.6868288322166466, 0.3065412781986131, -0.5151788042510071, 0.02927551769000733, 0.09575626694586212, -0.32206239328661046, 0.6659248543121833, -0.3869704190683052, 0.2298443331005892, -0.46033088850949677, 0.0924534609218488, 0.045453696613784345, 0.7597299471508319, 0.03668556484336224]], "inverted": true, "swapped": false, "error_lsq": 0.034140459351557524, "error_max": 0.17834513113359604, "target": "997.xyz", "model": "22.xyz", "model_rescale": 4.204369325754507, "target_rescale": 4.197520165757014},
{"mapping": [1, 7, 6, 8, 5, 0, 13, 2, 10, 3, 14, 12, 11, 15], "R": [[-0.7385206971332483, -0.2321480013201117, 0.6330043328358017], [0.6640110360298233, -0.41327574326783895, 0.6231312093427963], [0.11694667133536424, 0.8805171579869939, 0.45936152489524584]], "T": [0.0985885290671428, -0.056377358862678015, 0.05193839638859284], "aligned_model": [[0.09347355164596674, 0.15214238640360697, -0.39593353059575553, -0.2957311995852877, -0.7097885543964888, 0.17850673177279666, 0.3365786248785789, -0.6293782828337612, -0.26275013142972203, 0.3097154046478482, 0.33011076002168294, 0.6056900582918542, -0.265812094888196, 0.06734566192561968], [0.041369704908313834, -0.6347993086547074, -0.3073387748887758, -0.6877027191253304, -0.2408628341832652, -0.5379577815543901, 0.06853290746281225, 0.2501975620313788, 0.6417138645953414, 0.6285729489316385, 0.6195228396095239, 0.10896436001258018, 0.28038968989346846, -0.033795137720810775], [-0.6007014526166369, 0.4496639063882852, -0.4488107980842096, -0.08301491635571362, 0.11321027481122156, -0.43217691561085325, 0.6676396104804001, -0.3105549437746205, 0.04928262762175257, -0.40816714925714853, 0.35076165578326574, -0.07315843517291035, 0.5744451829788257, 0.04187493525335813]], "inverted": false, "swapped": false, "error_lsq": 0.03682615190344002, "error_max": 0.2135876177417144, "target": "997.xyz", "model": "23.xyz", "model_rescale": 4.410303926677745, "target_rescale": 4.197520165757014},
{"mapping": [14, 1, 9, 10, 8, 11, 0, 15, 5, 6, 12, 13, 2, 16], "R": [[-0.21185136622544004, -0.8385517177896786, 0.5019462274192266], [0.905067496280541, -0.36212573993968306, -0.2229748318748329], [0.3687435773066257, 0.4070576925512114, 0.8356627364732714]], "T": [-0.0058549697070040645, -0.05129809076144641, -0.010317362732344569], "aligned_model": [[0.12092358735834118, 0.2851687145968677, -0.37061246686900096, -0.3974057974623658, -0.8165748890338771, 0.19329993770458748, 0.28489223865962543, -0.39723916209561655, -0.2393052858968617, 0.16437777074942572, 0.40197278728367614, 0.562612729220258, -0.25964322343790647, -0.018297554918410546], [0.018358741177817633, -0.7187244934173344, -0.2856172481889295, -0.5689299039565126, -0.17441979112430933, -0.5555887148365841, 0.12511347306200915, 0.30897655126103474, 0.5024867694209504, 0.6137060689739279, 0.5689217502811649, 0.2501507539339985, 0.21275131786547485, -0.10037795313493067], [-0.6715473629949231, 0.4437559372780811, -0.46249706634029547, 0.039973804763490016, -0.06759673564127056, -0.3370432048914111, 0.6640199653628323, -0.4860639203642792, 0.17522323102425405, -0.3369492218201253, 0.29819471837425665, -0.29344223471865094, 0.8256033172668836, 0.09866235514617444]], "inverted": true, "swapped": false, "error_lsq": 0.04350132888844947, "error_max": 0.3402530257624589, "target": "997.xyz", "model": "24.xyz", "model_rescale": 4.28219845311461, "target_rescale": 4.197520165757014},
{"mapping": [0, 5, 6, 10, 14, 8, 9, 2, 13, 4, 7, 3, 12, 15], "R": [[-0.0299000998547228, -0.8783712259113401, -0.47704294724865914], [0.9604406949062463, 0.10695236234194211, -0.2571281076768638], [0.2768748013031964, -0.4658596158506201, 0.8404255842862164]], "T": [0.0013831228233224663, 0.03523197537652171, 0.03876404728288248], "aligned_model": [[0.011184838102841141, 0.46219064178171004, -0.4244638858642185, -0.4285592878634124, -0.7439114622042019, 0.07142795258444196, 0.33214873488968727, -0.4733131369957224, -0.2659323218332601, 0.3153707180375904, 0.3284799332221882, 0.7633123515035686, -0.4365024529095346, 0.0027367634070652597], [0.08206290694105631, -0.6335454324939569, -0.4171530348429096, -0.6312500227132188, -0.11466248382964342, -0.6213552178946672, 0.09764123642308958, 0.3271794293167031, 0.5335459272410039, 0.5327815823118285, 0.6892606021354281, 0.16691904626344226, 0.1400322446103942, 0.04535053784922809], [-0.7756467595352633, 0.2950332223851571, -0.6140753377741619, 0.06437827268721859, 0.08579868901182787, -0.1755558920247381, 0.6249149475541811, -0.35899237245107335, 0.2208138079590794, -0.39540729184004336, 0.3048471879682191, -0.007794632936522369, 0.6565771471493682, -0.03459740570823275]], "inverted": false, "swapped": false, "error_lsq": 0.03925282832886971, "error_max": 0.27160123418889015, "target": "997.xyz", "model": "25.xyz", "model_rescale": 4.100010024507729, "target_rescale": 4.197520165757014},
{"mapping": [9, 11, 6, 1, 7, 4, 8, 3, 5, 2, 0, 13], "R": [[0.03169035624765093, 0.7638363544358504, -0.6446314799659159], [0.9910105602573804, 0.05985816482154238, 0.11964559984617212], [0.12997611618774527, -0.6426282158031555, -0.7550729669869017]], "T": [-0.0006331345860671536, 0.0022459949639470553, 0.049880137748997404], "aligned_model": [[-0.716161074494088, -0.18403987806654404, 0.42793057207064367, 0.7495396276946535, -0.5245319549856545, 0.14762183433422346, -0.2494911894857382, 0.5476420990170955, 0.135528982170969, -0.02760662799805836, -0.4371059436978896, 0.0074391558033943435], [-0.31386684246337443, -0.7875758246510403, -0.3254163607546073, -0.2842888320225328, 0.5947732644679183, 0.7863335532755309, 0.28578227817193796, 0.3202211584828993, -0.12020336654652253, 0.48523929703487795, 0.06726778135234268, -0.04213471629679048], [0.09971814570032911, -0.006688154041800835, 0.5061800616175087, -0.09458107587380338, -0.012348842685260604, 0.15874023487178415, 0.5577850642867085, -0.27691652184553245, -0.6006244283689045, -0.4147920494109734, -0.44128440608552455, 0.09000426168982573]], "inverted": true, "swapped": true, "error_lsq": 0.044904499710808864, "error_max": 0.22074558187038743, "target": "997.xyz", "model": "26.xyz", "model_rescale": 3.6694154284099745, "target_rescale": 4.197520165757014},
{"mapping": [7, 4, 9, 10, 12, 8, 0, 3, 6, 1, 1, 5, 2, 13], "R": [[-0.6040133263268634, 0.37730933341851874, -0.7020011171891618], [0.365381147545442, -0.6517095690682904, -0.6646587504902041], [-0.7082827956670514, -0.657960716532603, 0.2557795473879206]], "T": [-0.07966054662716146, -0.1136369028609195, -0.021106704381150962], "aligned_model": [[0.07735720036084723, 0.3438069501520463, -0.5212219284277192, -0.2214385958528135, -0.8247296303586621, 0.21130365869940512, 0.3479908726448211, -0.4590134881316077, -0.31129220885161923, 0.29427943793550415, 0.29427943793550415, 0.6618696734828614, -0.28418022985620117, -0.09484176387362463], [0.08134540372982112, -0.6269770067293875, -0.3956149591712436, -0.675631848469798, 0.14932531936018484, -0.6114911705311675, 0.08504438929162401, 0.3392881577683558, 0.5036145038640469, 0.684872778310029, 0.684872778310029, 0.12512345256819946, -0.03949367392136617, -0.10747080306154963], [-0.5985630680709173, 0.4612705204344372, -0.4574270652768885, 0.13998763369588724, 0.052756300631441266, -0.2964939804329866, 0.4421139243438618, -0.5722704328316306, 0.1700422055178497, 0.025774322882470932, 0.025774322882470932, -0.1593272710855742, 0.6229461870630169, 0.033709982691577614]], "inverted": false, "swapped": false, "error_lsq": 0.052106533205760246, "error_max": 0.42221519424510134, "target": "997.xyz", "model": "27.xyz", "model_rescale": 4.103607728864725, "target_rescale": 4.197520165757014},
