[{"mapping": [12, 2, 3, 10, 13, 9, 0, 4, 1, 7, 6, 14], "R": [[0.20862159730000188, -0.42820266118777234, 0.8792721479108193], [0.8377738304356719, -0.38561563376488117, -0.3865690003521376], [0.5045909612519212, 0.8172778376707757, 0.2782892342061462]], "T": [-0.13766457560751205, -0.048547655097843936, 0.05779142468153669], "aligned_model": [[-0.18601142283706626, 0.4170210571852995, 0.3933078156423631, -0.2499828480336164, -0.11620756581443431, -0.6536700121525061, 0.36347196900561046, -0.34793843992969803, 0.6564547248245589, 0.3719205520277738, -0.7331723021725114, -0.0775510652852249], [-0.4809265167493039, -0.5543605217808423, -0.15787535541800152, 0.6823594038629782, 0.36710039127269, -0.5432908795260729, -0.36537850934121124, -0.3622129914489133, -0.026376392823809783, 0.3500720276478944, 0.16525704584046208, -0.020812665558812702], [-0.4647395427244239, -0.1011786449776145, -0.6062454288942953, -0.026619079447146483, -0.5616927620869757, 0.013590756164818453, 0.5362969032491505, 0.690273812865074, -0.016160381083570298, 0.4456752909952132, 0.2718487219369356, 0.0009020993563970056]], "inverted": true, "swapped": true, "error_lsq": 0.05012644025301608, "error_max": 0.2507323038770139, "target": "998.xyz", "model": "0.xyz", "model_rescale": 3.751011558992144, "target_rescale": 4.1649473768273655},
{"mapping": [7, 1, 6, 4, 12, 3, 13, 0, 5, 9, 2, 11, 10, 8, 14], "R": [[-0.1449013962175223, 0.29937861653386355, -0.943067351431743], [0.6772374144053329, 0.7248851772465517, 0.12605936830642578], [0.7213550234827456, -0.620414316219819, -0.30778727447005083]], "T": [0.03615784535900564, 0.08066219142266971, -0.054713547387010814], "aligned_model": [[-0.1393012998578399, -0.1784815847451921, 0.3751446435007016, 0.3736989315543846, 0.01215867671378832, -0.5628961505475757, -0.16305910189128997, -0.6622226622278633, 0.08028479775187868, 0.42803372571415255, -0.6138734429598018, 0.6155328080713931, 0.8183384786101486, -0.12519380440456773, 0.05625708815969519], [-0.22388373875817913, 0.41938426370983684, 0.026118347900195744, 0.7752663793043929, -0.6554685964702024, -0.39102863039474944, -0.3401201390847513, 0.11974417560803163, 0.18768625459888977, -0.2276381227962182, 0.1834401510564953, -0.4039077525742024, 0.2854481827283474, 0.6807953636342906, 0.030172270383188003], [-0.6169793996022239, -0.6246984789649155, -0.7224250607590492, -0.22549120171281453, -0.15223588891842038, -0.009459065682537543, 0.502742313252731, -0.34838306169574473, 0.5590329059382935, 0.37606926562055054, 0.4459201682257189, -0.3120996598398078, 0.08207059957692966, 0.17814708232454685, -0.04760012657608434]], "inverted": true, "swapped": false, "error_lsq": 0.03411813296948855, "error_max": 0.2137982479604448, "target": "998.xyz", "model": "1.xyz", "model_rescale": 3.9405287249114394, "target_rescale": 4.1649473768273655},
{"mapping": [8, 12, 9, 1, 2, 6, 13, 3, 0, 5, 7, 10, 14], "R": [[-0.37026551882699443, -0.6096555839448317, 0.7008733940824572], [-0.5669294372474107, -0.44937976576926764, -0.690397595085247], [0.7358630706524898, -0.6529761826299982, -0.1792418649976738]], "T": [-0.13325788415426854, -0.055077646934605456, -0.07137457792468739], "aligned_model": [[-0.4437870292835605, 0.23374626874722831, -0.3532357092119267, 0.5306600541851316, 0.5634639979129367, -0.7885884138346351, 0.04365273938877057, 0.6547967657022159, 0.14283353810151422, -0.5324228043556571, -0.0535742422835839, -0.43467983607616956, -0.06688204970833306], [0.5746250744820055, 0.42750830966440156, 0.27447886007688216, -0.41650773254857754, -0.19866892492619828, 0.07385052384958321, 0.4427826106694439, 0.22719292429869023, -0.7156702788037557, -0.5730567842881868, -0.6684415869180804, 0.05071823093348926, -0.03997863291768022], [0.17348147390115692, -0.37918337537001023, -0.6680222402248471, 0.18390401916034732, -0.359045317329554, -0.08042182597656138, 0.45571379659441524, 0.11334781565280665, -0.3319086847966126, 0.060675725434625585, 0.36043989829398076, 0.6008736615616743, -0.016734597312777037]], "inverted": true, "swapped": true, "error_lsq": 0.03962687648086422, "error_max": 0.2005212532083438, "target": "998.xyz", "model": "2.xyz", "model_rescale": 3.932901565614263, "target_rescale": 4.1649473768273655},
{"mapping": [4, 6, 9, 5, 11, 2, 12, 0, 7, 1, 13, 10, 3, 14], "R": [[-0.12520755495543529, -0.5482407485404702, -0.8268948843848696], [0.9435710087088437, 0.1917525959962057, -0.2700086914395373], [0.30658900780402587, -0.8140411682270751, 0.4932952024145806]], "T": [0.11459864398586872, -0.04444782539291364, -0.04833178881045311], "aligned_model": [[-0.3789599218326008, 0.35574979962774267, 0.2040361552057646, -0.21139859367169822, -0.19588363434047917, -0.2706727214847975, 0.3427809596467374, -0.6349721326062435, -0.2672678550322275, -0.23282190103114353, 0.7398705230183592, 0.5468942883181639, 0.28502568980634785, 0.13742925642877796], [0.07657871371087994, 0.32350103223631144, -0.4119505676507466, 0.5239186868497749, -0.5603152727921201, -0.6163865198347454, -0.6848826397569909, -0.09916094783781093, 0.4366008688374759, -0.16490428358495757, -0.05134205431449576, 0.5222812173811124, -0.5696614493684673, -0.060780145524731696], [-0.5816117636335651, -0.5509471361210536, -0.6565495407535541, -0.17386111475043134, -0.34556167138771754, 0.28818922854925255, -0.058509652454320396, 0.07671718030969105, 0.38961647095630214, 0.6597466703629471, 0.35906470881305674, 0.16592115594075446, 0.6073620730467142, 0.034319754179021486]], "inverted": true, "swapped": true, "error_lsq": 0.04208762880174034, "error_max": 0.26453874744352124, "target": "998.xyz", "model": "3.xyz", "model_rescale": 3.9243930471874484, "target_rescale": 4.1649473768273655},
{"mapping": [1, 10, 3, 2, 12, 7, 0, 13, 9, 6, 11, 4, 14], "R": [[0.8567868903588232, 0.5067970090223168, -0.09525238136284044], [0.2181924417659487, -0.18892286547814705, 0.9574446246419369], [0.4672347192423433, -0.8411093523113152, -0.27244591130895857]], "T": [-0.06571690289889674, 0.043092341203956025, -0.11540690450891453], "aligned_model": [[0.07942539396427865, -0.4189175811740437, 0.6047260612071721, 0.4151672575834826, 0.5986464545980157, -0.5445097363334898, -0.2197813387387027, 0.21246174584585392, 0.18421875056273562, -0.43346744569959017, 0.2610982794936399, -0.4346210903995602, -0.027240864598439676], [-0.706864837337959, 0.2542655975536151, -0.33603736498916814, -0.5165807665341643, 0.15648648785902158, -0.49085927201643, -0.5847078719213652, 0.20750918566904059, 0.4959107377224822, 0.5966286923662439, -0.018907591193893708, 0.07028804642278376, 0.0006985100813796732], [-0.34580621392671285, -0.7355849378472936, -0.49169943299756236, 0.09509422861910871, -0.025459107103648765, -0.3492479721528412, 0.28785251766959696, -0.7881387233013931, 0.38004625842584105, -0.04817986187014797, 0.46786997355002435, 0.5216214360456418, -0.18129784973964952]], "inverted": false, "swapped": true, "error_lsq": 0.05204441781128759, "error_max": 0.3184832043147865, "target": "998.xyz", "model": "4.xyz", "model_rescale": 3.8936222436046832, "target_rescale": 4.1649473768273655},
{"mapping": [5, 7, 10, 6, 13, 3, 2, 12, 9, 4, 8, 14], "R": [[-0.3640222835270187, 0.83351248230882, -0.41562569570608104], [-0.41878363459989515, -0.5450655910402894, -0.726308315287111], [-0.8319303122780635, -0.09033517199457336, 0.5474774079481587]], "T": [-0.05888850030950082, -0.1004043962739489, -0.005054943059485808], "aligned_model": [[0.04750561729407391, -0.5032162672939443, -0.3418528026714684, 0.39867598382986696, -0.5061507400770048, -0.6854221418702194, -0.32683589214784287, -0.018463563378062528, 0.5665713750321002, 0.4965754502558259, 0.04167898676772098, -0.14151796352594823], [-0.5778416001731149, -0.6287284684250798, 0.12982951848371294, 0.039037813137898864, 0.4793418101382283, 0.19307217786038058, -0.3079655816854572, 0.311637214778277, 0.1224222424153793, -0.5840166915093337, 0.5694016592306713, -0.07726718914175554], [-0.4587137476059539, -0.30915206208249546, -0.6538146863011336, -0.47126631372609157, -0.14939892251825018, 0.5010638825742166, 0.683361239125295, 0.534310466263206, 0.2635235393009599, -0.01968231900628827, -0.3119008033904826, 0.010954446642536631]], "inverted": true, "swapped": true, "error_lsq": 0.04330706283514704, "error_max": 0.24467370552202752, "target": "998.xyz", "model": "5.xyz", "model_rescale": 3.6523030999806103, "target_rescale": 4.1649473768273655},
{"mapping": [3, 13, 10, 1, 7, 12, 6, 2, 9, 4, 5, 0, 14], "R": [[-0.5426398781704355, 0.3066162145738268, -0.7820028513884028], [-0.8363444621452057, -0.28358105772246267, 0.4691585279413093], [-0.0779095838663118, 0.9086078805851436, 0.41031916367670646]], "T": [-0.038525493523987556, 0.006882792124438132, 0.03300633922875727], "aligned_model": [[0.266883177126738, -0.05527178864435571, 0.03419867034320394, 0.6898555924699363, 0.6377203911984255, -0.32641646759637577, -0.4841958112296959, 0.30336015309126124, -0.6639878151332832, -0.16705248773790338, 0.17657331937674808, 0.45810784127733367, 0.011308130122261874], [-0.6158938560310712, -0.003792084648368131, 0.5678474880391767, -0.30013967312932505, 0.3346534100612783, -0.5832227870424583, 0.4981489052779221, -0.6665144211506489, -0.21303224629671022, 0.17103189063977953, 0.5425083181826338, -0.16770675307156815, -0.023061286667457513], [0.5366966802492515, 0.7790559139774962, 0.5167371138275055, 0.1415609207132803, -0.03246482189683013, 0.20970297762918844, -0.045721057739389656, -0.10280488331227776, -0.23795570217610573, -0.6735139349477893, -0.30152332970032775, -0.5177757783449289, 0.09811564120271636]], "inverted": false, "swapped": true, "error_lsq": 0.049571539429987564, "error_max": 0.2546013711528626, "target": "998.xyz", "model": "6.xyz", "model_rescale": 4.08911054899281, "target_rescale": 4.1649473768273655},
{"mapping": [4, 5, 10, 12, 3, 6, 0, 7, 1, 9, 2, 8, 11, 13, 14], "R": [[0.5626225289857744, 0.21818029071044615, -0.7974040698561531], [-0.6659539125386844, -0.4519196741271173, -0.593526742877908], [-0.489858424702556, 0.8649658772936336, -0.10896217171837663]], "T": [0.040643684286781966, 0.07172677080410467, -0.09864077134678201], "aligned_model": [[-0.06319043254210968, -0.17897368840910047, 0.5483432140744257, 0.17863978236363956, -0.06171942549980856, -0.3770435874073228, -0.31157462132840624, -0.6553579516740234, 0.11700684844111559, 0.5556627066740015, -0.5584837505949464, 0.5062469146451493, 0.5315571505438844, -0.07753267881438383, 0.16084062296989785], [-0.3794182118080452, 0.22804257746012696, 0.24174603092300395, 0.7212759418084058, -0.7106452301952781, -0.1943494795631744, -0.5456825285749969, 0.3724370038553118, 0.11414513932273337, -0.3350172404714469, 0.1854580781569414, -0.3610518157012134, 0.3657027216895458, 0.7328255593647859, 0.030539862578665512], [-0.6301820872842185, -0.8112660640378029, -0.5809368807484759, -0.35757101170967326, -0.03645329613823808, -0.03632112349235714, 0.5173171860932215, -0.2549866795619381, 0.6295868084852037, 0.33016224144414635, 0.428854299522235, -0.3457547131373979, 0.032176551304287676, 0.19269625225201248, 0.0072889081961678565]], "inverted": true, "swapped": false, "error_lsq": 0.04781826902392184, "error_max": 0.3504079888276409, "target": "998.xyz", "model": "7.xyz", "model_rescale": 3.964800864290218, "target_rescale": 4.1649473768273655},
{"mapping": [0, 11, 4, 1, 5, 3, 7, 9, 12, 8, 13, 10, 6, 14], "R": [[-0.3904952305374086, 0.7194771143876588, -0.5743397572865249], [0.920300211668496, 0.2890303353585858, -0.2636455682264073], [-0.023685339990337062, -0.6315173371451583, -0.7749999080997564]], "T": [0.047143167733625174, -0.007090587200105706, 0.06766659934046759], "aligned_model": [[-0.16933740816578258, 0.33976372701424473, 0.5014330185267476, -0.6888104069104652, 0.08621736293709886, -0.539497719529195, -0.4715486449643058, 0.6877907468517306, 0.13502770056209948, 0.28876947666078556, -0.27425156340951373, -0.15151374613606552, 0.547536500521415, -0.030391154497920736], [-0.030195174322099852, -0.47835487638658375, 0.1851694605158422, -0.1664984523367801, 0.5870146991300605, -0.5936987159251014, 0.45637402805385413, -0.3271335559254522, -0.6561672862236743, 0.04628736349845215, -0.08265383373337781, 0.5148996625361104, 0.3873924904029886, -0.03148734310303629], [-0.6624631547983199, -0.31068145412571346, -0.4794090975481712, -0.1960517471328469, -0.23330585603374077, 0.2834733229128484, -0.2242030657045032, 0.05629359188713362, 0.2501583997383161, 0.7688626308918549, 0.7369796665548531, 0.5596292667440982, 0.2680463464122169, 0.09948618892699598]], "inverted": true, "swapped": true, "error_lsq": 0.04420752557349907, "error_max": 0.2932790573705018, "target": "998.xyz", "model": "8.xyz", "model_rescale": 4.121658175737393, "target_rescale": 4.1649473768273655},
{"mapping": [2, 12, 9, 4, 3, 1, 8, 10, 6, 13, 0, 5, 14], "R": [[0.2581803598981735, 0.5696976159365017, -0.7802483759413508], [0.2579199162753888, 0.7376709764640816, 0.623954202863499], [0.931031803190066, -0.3623343164520775, 0.043515796785302624]], "T": [0.015512150633371573, 0.020466253335657797, -0.03614236830257192], "aligned_model": [[-0.6815255437650143, -0.2689832487516233, 0.30331337256520224, 0.3457428901347689, -0.7337948743108158, -0.7016397936103347, 0.39837042937378714, 0.2999283606677642, 0.6820930840636613, -0.11395208994566575, -0.33681003674270577, 0.3344252356837681, -0.0504302889275954], [0.19187419921692297, -0.33329311496063907, -0.014313049921780285, 0.6307648930858069, -0.3955919085211069, 0.1741161420673328, -0.6169597629147895, -0.31452625585381955, -0.02229401796518879, -0.6637266537175658, 0.6960014082656084, 0.4808089658170501, -0.022473405186121675], [-0.3073471968967867, -0.5423480444952008, -0.6910828422988182, -0.2833634062727322, -0.05238298268309456, 0.27797655555538636, -0.03214666348791717, 0.5645681232184371, -0.03418088016852291, 0.23237846092022588, -0.03904930877099608, 0.3264198113565042, 0.001633807982603673]], "inverted": true, "swapped": true, "error_lsq": 0.047684532449404064, "error_max": 0.2648178053801337, "target": "998.xyz", "model": "9.xyz", "model_rescale": 3.833441315466971, "target_rescale": 4.1649473768273655},
{"mapping": [13, 10, 8, 11, 2, 5, 4, 0, 6, 3, 1, 9, 7, 12, 14], "R": [[0.06179706525672185, 0.9830764502165539, 0.172458156534494], [0.9449369751260759, -0.0019917443168501747, -0.3272463078388488], [-0.321364646103517, 0.18318495021206266, -0.9290683711388338]], "T": [0.00014544143661827588, 0.10762713151992288, -0.021670099481885176], "aligned_model": [[-0.4037835177455088, -0.10700806170034058, 0.4078222671512503, 0.420612108506728, 0.10931275824561544, -0.4244710260020255, -0.012663101830007479, -0.6175131993785822, -0.11742140216823324, 0.5543243649607222, -0.6680488519930035, 0.6181028881183185, 0.6461425077423181, -0.16490128786517488, 0.07391465739993591], [-0.3711506737933709, 0.5420345642031359, 0.14043162370811024, 0.6194289478693901, -0.5560954327090157, -0.41210177064988407, -0.3154175088955369, 0.15837517830769615, 0.26773036556451213, -0.4854925142073865, 0.2674236264817221, -0.30303650200006804, 0.203556229384036, 0.6620911069501763, 0.04823116863184853], [-0.5149243447632453, -0.7112804624513867, -0.6852082170337384, -0.1847767017636762, -0.275057371462388, 0.062102958814354285, 0.6541862118191045, -0.3040623813828102, 0.6277716298350502, 0.287225766987073, 0.24960540501462727, -0.3493804910283039, 0.11023659211949949, 0.14670250638864477, -0.02853070990563196]], "inverted": false, "swapped": false, "error_lsq": 0.04853049244555339, "error_max": 0.3776420895865098, "target": "998.xyz", "model": "10.xyz", "model_rescale": 4.2482417240324, "target_rescale": 4.1649473768273655},
{"mapping": [10, 6, 9, 4, 3, 2, 12, 0, 5, 1, 7, 14], "R": [[0.33272821938149166, -0.8521014918631189, -0.40399873711667666], [0.3551641299139906, 0.5100941904749291, -0.7833660432174508], [0.8735847828629231, 0.11716212872927154, 0.4723586166695445]], "T": [-0.07053467513222417, -0.040261646939339556, 0.049153740905703076], "aligned_model": [[-0.673810142312657, -0.049496506772888554, 0.3196719611245203, 0.5909595008456958, -0.4546497348910797, 0.16991283384074207, -0.07149882560628844, 0.4384411277914821, 0.10436907179003935, -0.19764564829739079, -0.16656213002569897, -0.13292590512346936], [-0.39696748024117934, -0.7036332753145398, -0.25373028324806474, -0.3279681913021133, 0.6973066197646094, 0.6861473310115668, 0.2915672200210023, 0.32421890316072655, -0.388004576987266, 0.6403467840217748, 0.07671421782949928, 0.020134121334623695], [-0.20141624044376522, 0.12437280224748137, 0.6105413878063505, -0.10012925238452336, 0.25718701240711284, 0.10668010492503982, 0.6426317800983415, -0.3851096356338172, -0.49265419257669213, -0.34733189814206944, -0.6898482364218911, 0.0402686579727891]], "inverted": false, "swapped": true, "error_lsq": 0.053322946375044665, "error_max": 0.2946983503464018, "target": "998.xyz", "model": "11.xyz", "model_rescale": 3.6694154284099745, "target_rescale": 4.1649473768273655},
{"mapping": [0, 2, 12, 3, 1, 4, 5, 6, 13, 8, 9, 10, 11, 14], "R": [[0.5889998513459775, -0.799274838441876, 0.11932689448791314], [-0.7714920640179792, -0.6000883750343994, -0.21140940685279902], [0.24058090171851676, 0.03246035708810415, -0.9700861585168702]], "T": [0.054871659394698624, -0.010027555530409071, 0.027086098569579775], "aligned_model": [[-0.053301791559043785, 0.04023038279850484, -0.13068266480366666, 0.4893152058113176, 0.5481838982871792, -0.5061565605693095, 0.06695232357677011, -0.19216281930249265, 0.5811200268996041, 0.1380167114452439, -0.5988037840734713, 0.5703185555507777, -0.48322365414417046, 0.12845902033856693], [-0.39860355235111017, 0.25786288836058674, 0.6288164053276504, 0.6019174860820478, -0.01937996398869793, -0.48023552666867275, -0.6709992743488449, -0.2286522153365647, 0.43096963120417375, 0.33702872333923634, 0.24268680929275582, -0.16425257104927088, 0.1651063060265608, 0.028722142246403605], [-0.6192840111741644, -0.6918121094319348, -0.11353927604230765, -0.3871737718700699, -0.5999238416868594, -0.05529601653813024, 0.11676746422237556, 0.6078955798193854, 0.31960703178249106, 0.67942588201577, 0.17483599595591015, 0.5413766761597911, -0.3343632555886998, 0.0005791120288580441]], "inverted": true, "swapped": true, "error_lsq": 0.04601627619167779, "error_max": 0.2769081153803611, "target": "998.xyz", "model": "12.xyz", "model_rescale": 3.9764082729961374, "target_rescale": 4.1649473768273655},
{"mapping": [10, 8, 11, 3, 12, 9, 5, 1, 4, 6, 0, 13, 14, 7, 15], "R": [[-0.3068292395618684, -0.5915382918754547, -0.7456126789392432], [0.7714513624437339, -0.6133866250404422, 0.16917341282010748], [-0.5574213963722527, -0.5232965674133221, 0.6445479729235385]], "T": [-0.019443185920413133, -0.007201928699559813, -0.041299791948933594], "aligned_model": [[-0.11214158886021472, -0.10703874523787221, 0.4378263677406817, 0.360326965350805, -0.1476298726615883, -0.4988124244268053, -0.1653705469010482, -0.5053968339884105, 0.04671917280671031, 0.5847165876899365, -0.5621918221523139, 0.4183585749962296, 0.7615768919083744, -0.23120476596595316, 0.034683143143480824], [-0.15758059425197746, 0.4389094128218571, 0.15525212813638248, 0.7171993645472517, -0.5836095717063183, -0.2980257292086107, -0.42121209317551067, -0.12595145152675644, 0.26474632160367356, -0.20415445755494666, 0.2121310447793977, -0.4008557698007268, 0.12846930663353184, 0.668384357720985, 0.07230613982713277], [-0.825480996771741, -0.5825617669687683, -0.6698361341452603, -0.23994733373939803, -0.28324180436922614, 0.17578493056487107, 0.6729303494358595, -0.43254163661628725, 0.6201610256539697, 0.38279863415966514, 0.38814740866547476, -0.20817344988056422, -0.14332426698593995, 0.2228477080205035, 0.007047724164014051]], "inverted": true, "swapped": false, "error_lsq": 0.04463173355368996, "error_max": 0.2612992927302339, "target": "998.xyz", "model": "13.xyz", "model_rescale": 4.170626492500431, "target_rescale": 4.1649473768273655},
{"mapping": [5, 6, 10, 8, 7, 3, 13, 4, 0, 9, 11, 12, 2, 14], "R": [[-0.2431924567843107, -0.6754364815430687, -0.696163047255405], [-0.013554629905316362, 0.7200064762511185, -0.6938349559978781], [0.9698833440014016, -0.15929919509265378, -0.18425543539198933]], "T": [-0.012685490814892238, 0.010744152612175775, 0.03715086411963105], "aligned_model": [[0.41937177675960474, -0.11894715508679277, -0.3661125929517165, -0.6836987774257276, 0.38469042634763356, -0.3553704186975598, -0.678102027872714, 0.5602428366481039, 0.6933535017439861, -0.08266253281743416, 0.24144183985620343, -0.3436663860350721, 0.22131139039568265, -0.048668858772553746], [-0.22509220961447984, -0.6165623744227242, -0.04473614182932152, -0.29064015002363985, 0.33776275859059307, 0.7555976300263851, 0.2798316758586443, -0.4352128298307833, 0.2799000251391687, -0.45771439280296, -0.04906494338060087, 0.160232348982902, 0.5729728848859511, 0.0888001863465309], [-0.4131601735620862, -0.16621434651335054, -0.6155181766434908, -0.07155527538685462, -0.514374075777926, 0.28732981331361584, -0.16729251782315724, 0.1616920782151654, 0.1348809865858418, 0.5743993844331498, 0.6557834233826378, 0.6119833924992759, 0.5039898112585963, 0.021928777139449004]], "inverted": false, "swapped": true, "error_lsq": 0.044835687813348325, "error_max": 0.2752768844049962, "target": "998.xyz", "model": "14.xyz", "model_rescale": 3.9786697098870705, "target_rescale": 4.1649473768273655},
{"mapping": [7, 13, 4, 0, 6, 9, 3, 12, 11, 2, 8, 14], "R": [[-0.2908994426774135, 0.8677490531857077, 0.4029753031455877], [-0.3126991363121554, 0.31182828665329354, -0.8972080972620029], [-0.9042105752531335, -0.38700736470793345, 0.18063370466836548]], "T": [-0.006827432767865051, 0.009304047057022754, -0.15848364681419586], "aligned_model": [[-0.07752291143061885, -0.7315016823858771, 0.6664644334187778, 0.5094789900510361, 0.027021426254522522, 0.3667647074042633, -0.41587756344547405, -0.03812229248381989, 0.5223024075710594, 0.21402847147901408, -0.4894339145560389, -0.07024747510950785], [-0.5672914661457364, 0.06794917207039239, 0.13155185189912022, -0.5474620844456902, 0.5572238624229401, 0.543189542348981, -0.4098991210012692, 0.15210097516313778, 0.051768394392473466, -0.4963726051814436, 0.574282160890058, -0.04236619218852451], [-0.6396990985371438, 0.010016622116997637, -0.43118962354694373, -0.2211436191572886, -0.539010334081305, 0.13880637736661144, 0.46743636701849683, 0.5055624198235604, 0.25271273304105757, 0.37472183263670084, -0.13021585461773563, -0.12803132818917787]], "inverted": true, "swapped": true, "error_lsq": 0.050301706889793685, "error_max": 0.24004487409375358, "target": "998.xyz", "model": "15.xyz", "model_rescale": 3.769337070930944, "target_rescale": 4.1649473768273655},
{"mapping": [10, 7, 8, 13, 6, 5, 9, 0, 12, 3, 14], "R": [[-0.3651505165029846, 0.9309419454917653, -0.0034920512038639218], [-0.6308913695353724, -0.2502142413145334, -0.7344173971858066], [-0.6845737214817598, -0.26596978694468154, 0.6786890984016282]], "T": [0.08612504856874031, 0.008760634549824252, 0.02913298309970129], "aligned_model": [[-0.3937811025986761, -0.19862794804520856, -0.12489893352014134, -0.5565160973020182, 0.3520511795240234, 0.25222770071050576, 0.6355580289006781, 0.33230937608686506, 0.09535725743926175, -0.4773014292730486, 0.006248098768929358], [0.037136880717088004, -0.6739107268049828, 0.6225711276972047, 0.3832988008364079, 0.2205442328925337, -0.4684009701118447, 0.46004393058311477, -0.6281524354577337, 0.485216477191882, 0.15198447965021128, 0.005732700431460579], [-0.5390663930808203, -0.11886732376207816, -0.3336533327054516, -0.03184142961373783, -0.5458395635478637, -0.4065263044845307, 0.11546347947178039, 0.36710064087863636, 0.5141403086834262, 0.6591065567480346, 0.06420096863638136]], "inverted": true, "swapped": true, "error_lsq": 0.04067555460041899, "error_max": 0.19485861139549981, "target": "998.xyz", "model": "16.xyz", "model_rescale": 3.7852294659196426, "target_rescale": 4.1649473768273655},
{"mapping": [13, 6, 9, 8, 10, 5, 0, 4, 12, 3, 1, 11, 14], "R": [[-0.9694198918961319, -0.22196695982220627, 0.1046696801532278], [0.13324216512710885, -0.11789017665965867, 0.9840469661959202], [-0.2060863863245998, 0.9679011183971437, 0.14386044062641495]], "T": [-0.056234128861747834, 0.08041157041880917, 0.017615844794449487], "aligned_model": [[0.02199143717570927, -0.3485032112785956, 0.35942093257207575, -0.012887201738843668, -0.5610091630908257, -0.6592618186844826, -0.1277487772392938, -0.2181574970785663, 0.6113159767209004, 0.4455124224553322, -0.03784468594071985, 0.4228652395158134, -0.041927803172220716], [-0.14377216575744212, -0.4768225767032701, -0.30678533435155153, -0.583105038467498, -0.20944387413822754, 0.1595284327964421, 0.7411048724922934, 0.10684905936913797, 0.0034710658364510427, 0.4432988115643093, 0.8066318760308739, 0.21708679308860548, 0.11701370194275076], [-0.6899198593430332, 0.24173928800055722, 0.45384467763296327, -0.3152131008983374, -0.4462285714126208, 0.29178810864475563, 0.3902512366042652, 0.735750159954843, -0.0862327220202488, -0.5751677731379459, -0.31231110753172725, 0.46777998182245684, -0.06032562117275396]], "inverted": true, "swapped": true, "error_lsq": 0.04032215124299126, "error_max": 0.246304124063234, "target": "998.xyz", "model": "17.xyz", "model_rescale": 3.901054581598922, "target_rescale": 4.1649473768273655},
{"mapping": [7, 1, 6, 4, 12, 3, 13, 0, 5, 9, 2, 11, 10, 8, 14], "R": [[-0.1449013962175223, 0.29937861653386355, -0.943067351431743], [0.6772374144053329, 0.7248851772465517, 0.12605936830642578], [0.7213550234827456, -0.620414316219819, -0.30778727447005083]], "T": [0.03615784535900564, 0.08066219142266971, -0.054713547387010814], "aligned_model": [[-0.1393012998578399, -0.1784815847451921, 0.3751446435007016, 0.3736989315543846, 0.01215867671378832, -0.5628961505475757, -0.16305910189128997, -0.6622226622278633, 0.08028479775187868, 0.42803372571415255, -0.6138734429598018, 0.6155328080713931, 0.8183384786101486, -0.12519380440456773, 0.05625708815969519], [-0.22388373875817913, 0.41938426370983684, 0.026118347900195744, 0.7752663793043929, -0.6554685964702024, -0.39102863039474944, -0.3401201390847513, 0.11974417560803163, 0.18768625459888977, -0.2276381227962182, 0.1834401510564953, -0.4039077525742024, 0.2854481827283474, 0.6807953636342906, 0.030172270383188003], [-0.6169793996022239, -0.6246984789649155, -0.7224250607590492, -0.22549120171281453, -0.15223588891842038, -0.009459065682537543, 0.502742313252731, -0.34838306169574473, 0.5590329059382935, 0.37606926562055054, 0.4459201682257189, -0.3120996598398078, 0.08207059957692966, 0.17814708232454685, -0.04760012657608434]], "inverted": true, "swapped": false, "error_lsq": 0.03411813296948855, "error_max": 0.2137982479604448, "target": "998.xyz", "model": "18.xyz", "model_rescale": 3.9405287249114394, "target_rescale": 4.1649473768273655},
{"mapping": [11, 10, 14, 3, 9, 5, 8, 2, 0, 7, 6, 13, 12, 1, 15], "R": [[0.6472014269216774, -0.09630076443972474, -0.7562119251630917], [-0.008118561216756838, 0.9910618036674358, -0.13315626262109764], [0.7622758043873061, 0.09231827597921011, 0.6406347898498115]], "T": [0.16622395529617456, 0.041326544782548026, -0.0008300622316107717], "aligned_model": [[0.012590795446050157, -0.1711549405312014, 0.49019008642315104, 0.2006060481132967, 0.027427604439558717, -0.5675097164544178, -0.2513530004663234, -0.64262574872417, 0.06750865768050335, 0.35707411665946076, -0.4747356429983412, 0.6082729866625006, 0.5956911729922654, -0.07104534239674817, 0.1334840265964278], [-0.32685793530962676, 0.2796666878920561, 0.20707677507709374, 0.8204290501161575, -0.706438912986369, -0.34947590661793726, -0.2852505907522293, 0.2633163316226638, 0.21855961057725193, -0.5525511335208667, 0.16974007412820982, -0.32213151745719665, 0.3814254375893224, 0.6174066448442181, 0.05109379364261765], [-0.6008719296988211, -0.6696151501181201, -0.6844321168775205, -0.34324173368918975, -0.10374867139955585, -0.013906211421361357, 0.5388448548230745, -0.22844371265251026, 0.6560702257585916, 0.32553027246287414, 0.3610597199222154, -0.35271176995878106, 0.004621015219452747, 0.21678065134812527, -0.021325052531301236]], "inverted": true, "swapped": false, "error_lsq": 0.03841812500954464, "error_max": 0.2712357897475273, "target": "998.xyz", "model": "19.xyz", "model_rescale": 4.410303926677745, "target_rescale": 4.1649473768273655},
{"mapping": [0, 11, 4, 1, 5, 3, 7, 9, 12, 8, 13, 10, 6, 14], "R": [[-0.3904952305374086, 0.7194771143876588, -0.5743397572865249], [0.920300211668496, 0.2890303353585858, -0.2636455682264073], [-0.023685339990337062, -0.6315173371451583, -0.7749999080997564]], "T": [0.047143167733625174, -0.007090587200105706, 0.06766659934046759], "aligned_model": [[-0.16933740816578258, 0.33976372701424473, 0.5014330185267476, -0.6888104069104652, 0.08621736293709886, -0.539497719529195, -0.4715486449643058, 0.6877907468517306, 0.13502770056209948, 0.28876947666078556, -0.27425156340951373, -0.15151374613606552, 0.547536500521415, -0.030391154497920736], [-0.030195174322099852, -0.47835487638658375, 0.1851694605158422, -0.1664984523367801, 0.5870146991300605, -0.5936987159251014, 0.45637402805385413, -0.3271335559254522, -0.6561672862236743, 0.04628736349845215, -0.08265383373337781, 0.5148996625361104, 0.3873924904029886, -0.03148734310303629], [-0.6624631547983199, -0.31068145412571346, -0.4794090975481712, -0.1960517471328469, -0.23330585603374077, 0.2834733229128484, -0.2242030657045032, 0.05629359188713362, 0.2501583997383161, 0.7688626308918549, 0.7369796665548531, 0.5596292667440982, 0.2680463464122169, 0.09948618892699598]], "inverted": true, "swapped": true, "error_lsq": 0.04420752557349907, "error_max": 0.2932790573705018, "target": "998.xyz", "model": "20.xyz", "model_rescale": 4.121658175737393, "target_rescale": 4.1649473768273655},
{"mapping": [3, 13, 10, 1, 7, 12, 6, 2, 9, 4, 5, 0, 14], "R": [[-0.5426398781704355, 0.3066162145738268, -0.7820028513884028], [-0.8363444621452057, -0.28358105772246267, 0.4691585279413093], [-0.0779095838663118, 0.9086078805851436, 0.41031916367670646]], "T": [-0.038525493523987556, 0.006882792124438132, 0.03300633922875727], "aligned_model": [[0.266883177126738, -0.05527178864435571, 0.03419867034320394, 0.6898555924699363, 0.6377203911984255, -0.32641646759637577, -0.4841958112296959, 0.30336015309126124, -0.6639878151332832, -0.16705248773790338, 0.17657331937674808, 0.45810784127733367, 0.011308130122261874], [-0.6158938560310712, -0.003792084648368131, 0.5678474880391767, -0.30013967312932505, 0.3346534100612783, -0.5832227870424583, 0.4981489052779221, -0.6665144211506489, -0.21303224629671022, 0.17103189063977953, 0.5425083181826338, -0.16770675307156815, -0.023061286667457513], [0.5366966802492515, 0.7790559139774962, 0.5167371138275055, 0.1415609207132803, -0.03246482189683013, 0.20970297762918844, -0.045721057739389656, -0.10280488331227776, -0.23795570217610573, -0.6735139349477893, -0.30152332970032775, -0.5177757783449289, 0.09811564120271636]], "inverted": false, "swapped": true, "error_lsq": 0.049571539429987564, "error_max": 0.2546013711528626, "target": "998.xyz", "model": "21.xyz", "model_rescale": 4.08911054899281, "target_rescale": 4.1649473768273655},
{"mapping": [12, 10, 7, 6, 3, 14, 15, 9, 1, 4, 11, 13, 0, 8, 16], "R": [[-0.0600879834261549, 0.7861494782723968, 0.6151084717834872], [0.6565125612722886, -0.4330623067038885, 0.6176150058118789], [0.7519180082558723, 0.44093767850382914, -0.49009516681576887]], "T": [-0.022544444431114707, 0.05535204533230646, -0.010514963596933803], "aligned_model": [[-0.1377965981506057, -0.18865285139906468, 0.38608595882842167, 0.33473260228390245, 0.14793276206885303, -0.3412395198007343, -0.4473694643008462, -0.627874926839741, 0.14957029632890026, 0.5270141242106348, -0.5163887839821506, 0.3579811930423716, 0.7236435124324821, -0.07606456363292961, 0.02284736235251852], [-0.30007866309226144, 0.41867425557286975, 0.18434189740947005, 0.6834660120580127, -0.7931064688397369, -0.4909011746917031, -0.2454323022122859, 0.014206727310539555, 0.3051138729482478, -0.337425679123954, 0.3940080566513899, -0.34278542981683086, 0.24122092522927574, 0.6907294204939689, 0.04397695894836308], [-0.6471902800698703, -0.7116143701687971, -0.578123102723298, -0.1932445048486502, -0.08355259148430405, -0.11943444989583837, 0.49993532453995193, -0.3839178042855742, 0.7229657292267404, 0.16269942573360854, 0.46626895449311434, -0.3757775487812163, 0.08294995333370628, 0.26186933483704866, -0.019223678719448783]], "inverted": true, "swapped": false, "error_lsq": 0.03764101060594513, "error_max": 0.305824633821116, "target": "998.xyz", "model": "22.xyz", "model_rescale": 4.204369325754507, "target_rescale": 4.1649473768273655},
{"mapping": [11, 10, 14, 3, 9, 5, 8, 2, 0, 7, 6, 13, 12, 1, 15], "R": [[0.6472014269216774, -0.09630076443972474, -0.7562119251630917], [-0.008118561216756838, 0.9910618036674358, -0.13315626262109764], [0.7622758043873061, 0.09231827597921011, 0.6406347898498115]], "T": [0.16622395529617456, 0.041326544782548026, -0.0008300622316107717], "aligned_model": [[0.012590795446050157, -0.1711549405312014, 0.49019008642315104, 0.2006060481132967, 0.027427604439558717, -0.5675097164544178, -0.2513530004663234, -0.64262574872417, 0.06750865768050335, 0.35707411665946076, -0.4747356429983412, 0.6082729866625006, 0.5956911729922654, -0.07104534239674817, 0.1334840265964278], [-0.32685793530962676, 0.2796666878920561, 0.20707677507709374, 0.8204290501161575, -0.706438912986369, -0.34947590661793726, -0.2852505907522293, 0.2633163316226638, 0.21855961057725193, -0.5525511335208667, 0.16974007412820982, -0.32213151745719665, 0.3814254375893224, 0.6174066448442181, 0.05109379364261765], [-0.6008719296988211, -0.6696151501181201, -0.6844321168775205, -0.34324173368918975, -0.10374867139955585, -0.013906211421361357, 0.5388448548230745, -0.22844371265251026, 0.6560702257585916, 0.32553027246287414, 0.3610597199222154, -0.35271176995878106, 0.004621015219452747, 0.21678065134812527, -0.021325052531301236]], "inverted": true, "swapped": false, "error_lsq": 0.03841812500954464, "error_max": 0.2712357897475273, "target": "998.xyz", "model": "23.xyz", "model_rescale": 4.410303926677745, "target_rescale": 4.1649473768273655},
{"mapping": [12, 6, 5, 15, 0, 7, 1, 13, 10, 3, 11, 2, 4, 9, 16], "R": [[0.5643992637791551, 0.8247488781283641, -0.03525278813871413], [-0.1454959124062908, 0.05734930243293086, -0.9876952956167795], [-0.8125788641840305, 0.5625836342593531, 0.15236549460074528]], "T": [-0.05530019721214571, 0.15175048479601078, -0.02987368609278868], "aligned_model": [[-0.0981803561341643, -0.21809947286131817, 0.3554774783562614, 0.10365415100335812, 0.08939043835006208, -0.5244723394312777, -0.20979682509875963, -0.6057891302877534, 0.1812208640323802, 0.5057356799746777, -0.49938506063874877, 0.643130197308979, 0.6283781210094775, -0.03711411267793281, 0.000271470536770492], [-0.2794312863199186, 0.3889831796621162, 0.1502900161244031, 0.7840541938819932, -0.562477620198752, -0.31824269259333615, -0.43133780137982153, 0.12280391754160508, 0.2745119537086279, -0.432306962567994, 0.29497076599362515, -0.4154354875425434, 0.1181449624729442, 0.7099263685850867, 0.061554901477329504], [-0.7069404531193875, -0.7335178675470715, -0.5061735934135946, -0.3201144921388081, -0.2281881966621418, 0.00037215420425631626, 0.5804329516447778, -0.4661197802123836, 0.5640718969481113, 0.36174682833657024, 0.397909052852829, -0.18280833870564414, 0.043194768483704765, 0.25390251571769185, 0.02684294479826262]], "inverted": true, "swapped": false, "error_lsq": 0.033549513650898026, "error_max": 0.22618592018062808, "target": "998.xyz", "model": "24.xyz", "model_rescale": 4.28219845311461, "target_rescale": 4.1649473768273655},
{"mapping": [14, 6, 2, 0, 12, 11, 9, 10, 3, 7, 5, 13, 4, 1, 15], "R": [[-0.8120419478261905, -0.19410462557366223, 0.5503737541903272], [0.5635070447259637, -0.015460928587058498, 0.825966567260102], [-0.15181464196465727, 0.9808589878357308, 0.12193424648969076]], "T": [0.028510919682682517, 0.013730480783476197, -0.03418028133842247], "aligned_model": [[-0.17866575659111467, -0.21236341831682165, 0.4019289844498217, 0.3405396404457348, -0.10515392982771435, -0.41138925593558795, -0.08260888600569964, -0.6369896122487935, 0.21950393769217427, 0.5795900053099203, -0.6544680430748144, 0.420164359572724, 0.6610491437642256, -0.08892519290241999, 0.06220912711037717], [-0.2736516859581782, 0.5522940595356634, 0.0706495290791975, 0.7005675570569112, -0.7242307699204844, -0.30525448019926477, -0.377836989294919, 0.039018463604257404, 0.3132704771231086, -0.2984400261835969, 0.19589498172438616, -0.41159786689558614, 0.3479380367347148, 0.5635303152349911, 0.0738568072041645], [-0.7084457631344603, -0.7154481874487564, -0.6052312381142546, -0.34473958342248284, -0.18239229400215062, -0.06901562842221609, 0.5054501375957319, -0.4656595725583564, 0.6541821250466906, 0.4179341087382404, 0.440831836340468, -0.17063480350570234, 0.1169794938882531, 0.2720978607883985, -0.061298100602229996]], "inverted": true, "swapped": false, "error_lsq": 0.03386479591508028, "error_max": 0.173774101755858, "target": "998.xyz", "model": "25.xyz", "model_rescale": 4.100010024507729, "target_rescale": 4.1649473768273655},
{"mapping": [10, 6, 9, 4, 3, 2, 12, 0, 5, 1, 7, 14], "R": [[0.33272821938149166, -0.8521014918631189, -0.40399873711667666], [0.3551641299139906, 0.5100941904749291, -0.7833660432174508], [0.8735847828629231, 0.11716212872927154, 0.4723586166695445]], "T": [-0.07053467513222417, -0.040261646939339556, 0.049153740905703076], "aligned_model": [[-0.673810142312657, -0.049496506772888554, 0.3196719611245203, 0.5909595008456958, -0.4546497348910797, 0.16991283384074207, -0.07149882560628844, 0.4384411277914821, 0.10436907179003935, -0.19764564829739079, -0.16656213002569897, -0.13292590512346936], [-0.39696748024117934, -0.7036332753145398, -0.25373028324806474, -0.3279681913021133, 0.6973066197646094, 0.6861473310115668, 0.2915672200210023, 0.32421890316072655, -0.388004576987266, 0.6403467840217748, 0.07671421782949928, 0.020134121334623695], [-0.20141624044376522, 0.12437280224748137, 0.6105413878063505, -0.10012925238452336, 0.25718701240711284, 0.10668010492503982, 0.6426317800983415, -0.3851096356338172, -0.49265419257669213, -0.34733189814206944, -0.6898482364218911, 0.0402686579727891]], "inverted": false, "swapped": true, "error_lsq": 0.053322946375044665, "error_max": 0.2946983503464018, "target": "998.xyz", "model": "26.xyz", "model_rescale": 3.6694154284099745, "target_rescale": 4.1649473768273655},
